3400	3400	3400	3400	3400	
5.7106e+06	5.7106e+06	5.7106e+06	5.7106e+06	5.7106e+06	
434400	427400	418400	424800	423800	
412800	413200	396200	407200	395600	
417400	403200	402600	395200	402200	
415800	420400	395600	403600	411200	
419800	412200	397200	406800	421400	
413200	393200	410200	404200	395200	
414800	415200	419800	410200	409200	
424400	408200	420800	419400	420800	
415200	421800	408200	416200	411200	
418400	426800	415200	416800	411200	
424400	417400	422800	422800	426400	
408800	424400	417400	422800	425400	
422800	429000	425800	428400	448000	
435400	427400	437000	443000	430400	
436000	434000	438400	427800	437400	
442000	431400	440000	431000	434000	
452000	443000	450600	458200	445600	
440000	447000	455600	457200	456600	
455600	464600	441000	436000	435000	
462600	458600	451000	451600	447600	
451600	458600	467800	470200	454600	
507000	517600	503600	528200	534200	
670400	672800	653200	644600	668800	
678400	668800	679000	655200	656800	
663800	681000	690000	675400	681400	
670400	680000	684400	690600	675000	
704200	692000	706200	687600	686600	
685000	701200	690600	682000	692000	
706200	692000	695000	685400	695000	
717800	713200	723800	725800	699600	
735400	724800	729400	717200	715200	
747000	748000	741000	771200	743400	
745400	752600	745400	740000	728800	
727800	727800	754600	735000	721200	
749000	731400	769200	739000	724800	
748600	739400	741400	741400	737400	
742400	740000	746400	724400	737400	
748600	750000	743400	747000	751600	
761200	750000	747000	758600	766600	
763600	778800	790800	776800	770600	
791400	782800	782800	780800	782800	
788400	771200	783200	789400	791800	
799400	821600	795800	809000	793800	
811000	803400	806000	821600	808600	
814000	783200	772200	784400	792400	
790800	785400	794400	765200	793400	
800400	785800	788800	781800	787800	
787800	780800	770600	759000	761600	
764200	742400	746400	757600	745000	
742400	767600	754000	753000	755000	
762200	753600	753000	750600	737400	
724800	722200	724800	723400	728400	
749600	708600	722800	736400	746400	
744000	749000	751000	740400	743400	
780200	782800	776200	789800	778800	
842800	813000	815000	819600	826200	
864400	842800	844200	844200	831600	
837200	833200	844200	826600	833800	
809600	814000	806000	806400	810000	
812600	800400	807400	814000	807400	
806400	814600	829600	829200	811000	
797000	815600	810000	834200	829200	
832600	837800	843200	838800	839200	
837200	851400	824200	846800	859400	
855800	861000	881600	866400	865400	
859000	850800	863400	869000	841800	
852800	864400	837200	861400	844800	
891200	862400	873000	873000	860000	
880000	884200	899800	880000	885200	
882600	899200	896200	895800	873000	
900200	925400	920400	896200	908800	
938600	951200	938600	962800	976800	
967800	966200	955800	965800	995600	
972400	993600	996000	987400	975800	
990400	995000	968400	961800	982000	
963200	976800	985400	1.0056e+06	955200	
976400	967200	982400	991400	961200	
951600	955800	949600	953600	1.0066e+06	
961800	954200	948600	950200	936600	
948600	949200	957800	967800	965800	
992600	990400	978400	962200	993600	
1.0222e+06	1.0096e+06	1.0212e+06	1.0116e+06	1.0036e+06	
1.0354e+06	1.0212e+06	1.0334e+06	1.0434e+06	1.0282e+06	
1.0324e+06	1.0272e+06	1.042e+06	1.0344e+06	1.0168e+06	
1.0056e+06	1.0106e+06	1.004e+06	1.004e+06	1.0282e+06	
987000	993000	991000	1.003e+06	997600	
1.0222e+06	1.0248e+06	1.0288e+06	1.0258e+06	995600	
1.058e+06	1.0248e+06	1.042e+06	1.0198e+06	1.0182e+06	
1.0072e+06	1.0168e+06	994600	1.0272e+06	1.0092e+06	
990400	986000	968800	965800	947600	
970400	934000	979400	940000	964200	
971800	990000	961800	963200	951200	
928000	931600	924000	934000	944600	
908800	922400	923400	894800	895800	
917400	926400	895800	908400	905200	
941600	953600	911800	940600	945600	
923400	940600	945600	934000	922000	
977800	977800	963800	982000	949200	
1.0198e+06	1.0298e+06	1.0192e+06	1.0178e+06	1.0242e+06	
1.0374e+06	1.047e+06	1.0172e+06	1.0258e+06	1.0334e+06	
1.0324e+06	1.0122e+06	1.0334e+06	1.0208e+06	1.0556e+06	
1.0464e+06	1.044e+06	1.0434e+06	1.0606e+06	1.0546e+06	
1.0776e+06	1.0978e+06	1.112e+06	1.0878e+06	1.0772e+06	
1.1286e+06	1.1216e+06	1.1326e+06	1.1114e+06	1.122e+06	
1.177e+06	1.1584e+06	1.1458e+06	1.172e+06	1.1428e+06	
1.2128e+06	1.1916e+06	1.182e+06	1.1886e+06	1.1538e+06	
1.1372e+06	1.1518e+06	1.1336e+06	1.119e+06	1.1352e+06	
1.0944e+06	1.1004e+06	1.0822e+06	1.0924e+06	1.0848e+06	
1.0782e+06	1.0766e+06	1.061e+06	1.0788e+06	1.0692e+06	
1.0782e+06	1.0662e+06	1.0746e+06	1.0808e+06	1.0702e+06	
1.0924e+06	1.0888e+06	1.105e+06	1.1226e+06	1.1018e+06	
1.1524e+06	1.124e+06	1.1674e+06	1.1332e+06	1.1492e+06	
1.1962e+06	1.169e+06	1.1912e+06	1.182e+06	1.1826e+06	
1.1438e+06	1.1362e+06	1.1544e+06	1.1482e+06	1.1564e+06	
1.1004e+06	1.0782e+06	1.0948e+06	1.0918e+06	1.0892e+06	
1.0408e+06	1.0202e+06	1.0344e+06	1.0388e+06	1.0258e+06	
979400	992600	991000	972800	990000	
944600	941000	969400	939600	958200	
937600	949200	953200	956200	933000	
947200	962200	950600	944200	919400	
1.004e+06	998000	994000	995000	985400	
1.043e+06	1.0626e+06	1.053e+06	1.051e+06	1.0384e+06	
1.1528e+06	1.177e+06	1.1518e+06	1.1664e+06	1.1664e+06	
1.1856e+06	1.177e+06	1.171e+06	1.1714e+06	1.185e+06	
1.169e+06	1.1856e+06	1.177e+06	1.1886e+06	1.1714e+06	
1.123e+06	1.1502e+06	1.1644e+06	1.1588e+06	1.1448e+06	
1.1714e+06	1.1544e+06	1.1534e+06	1.1502e+06	1.1674e+06	
1.1892e+06	1.1902e+06	1.1996e+06	1.1932e+06	1.1932e+06	
1.2158e+06	1.1912e+06	1.2446e+06	1.2128e+06	1.2062e+06	
1.2214e+06	1.2088e+06	1.2042e+06	1.2002e+06	1.1956e+06	
1.2028e+06	1.2032e+06	1.2254e+06	1.2042e+06	1.177e+06	
1.2238e+06	1.2062e+06	1.2048e+06	1.2134e+06	1.1976e+06	
1.2072e+06	1.228e+06	1.2158e+06	1.2194e+06	1.2102e+06	
1.237e+06	1.2546e+06	1.2552e+06	1.2254e+06	1.2532e+06	
1.303e+06	1.3162e+06	1.2944e+06	1.2996e+06	1.3136e+06	
1.3858e+06	1.3836e+06	1.3816e+06	1.3802e+06	1.3544e+06	
1.4346e+06	1.4226e+06	1.427e+06	1.424e+06	1.4286e+06	
1.4492e+06	1.4316e+06	1.4518e+06	1.4654e+06	1.4326e+06	
1.4826e+06	1.4678e+06	1.4956e+06	1.4714e+06	1.4804e+06	
1.5496e+06	1.5218e+06	1.5022e+06	1.5088e+06	1.4754e+06	
1.5596e+06	1.5606e+06	1.5404e+06	1.548e+06	1.5804e+06	
1.54e+06	1.554e+06	1.548e+06	1.5688e+06	1.5258e+06	
1.4886e+06	1.4678e+06	1.4436e+06	1.4562e+06	1.4522e+06	
1.348e+06	1.3388e+06	1.3574e+06	1.3484e+06	1.3408e+06	
1.2154e+06	1.1942e+06	1.1714e+06	1.1856e+06	1.1922e+06	
1.046e+06	1.0746e+06	1.0424e+06	1.043e+06	1.0338e+06	
1.0126e+06	1.0278e+06	1.0046e+06	1.0202e+06	1.0298e+06	
1.119e+06	1.1422e+06	1.1312e+06	1.1442e+06	1.1462e+06	
1.3162e+06	1.3216e+06	1.3146e+06	1.3434e+06	1.3428e+06	
1.4896e+06	1.4608e+06	1.4478e+06	1.4548e+06	1.4578e+06	
1.5662e+06	1.5798e+06	1.5546e+06	1.5636e+06	1.5672e+06	
1.6574e+06	1.6508e+06	1.6544e+06	1.6454e+06	1.5904e+06	
1.5778e+06	1.5854e+06	1.5868e+06	1.5672e+06	1.548e+06	
1.4392e+06	1.4078e+06	1.4074e+06	1.4306e+06	1.4528e+06	
1.2496e+06	1.2828e+06	1.2672e+06	1.2828e+06	1.2692e+06	
1.1588e+06	1.168e+06	1.1886e+06	1.18e+06	1.1524e+06	
1.2672e+06	1.2668e+06	1.2606e+06	1.2732e+06	1.2848e+06	
1.4826e+06	1.5132e+06	1.4952e+06	1.5294e+06	1.4784e+06	
1.7658e+06	1.738e+06	1.721e+06	1.7568e+06	1.7538e+06	
1.908e+06	1.8894e+06	1.903e+06	1.9126e+06	1.8848e+06	
2.042e+06	2.0032e+06	1.9826e+06	1.981e+06	2.0148e+06	
2.1208e+06	2.104e+06	2.1212e+06	2.1086e+06	2.106e+06	
2.1324e+06	2.1308e+06	2.1268e+06	2.155e+06	2.0738e+06	
2.1238e+06	2.095e+06	2.1308e+06	2.1414e+06	2.156e+06	
2.1354e+06	2.1716e+06	2.147e+06	2.1912e+06	2.1702e+06	
2.1954e+06	2.1732e+06	2.1626e+06	2.1872e+06	2.1756e+06	
2.2396e+06	2.2164e+06	2.2624e+06	2.2216e+06	2.2004e+06	
2.3556e+06	2.3264e+06	2.274e+06	2.3164e+06	2.2912e+06	
2.3026e+06	2.3128e+06	2.286e+06	2.2624e+06	2.3148e+06	
2.345e+06	2.4016e+06	2.3364e+06	2.3456e+06	2.3552e+06	
2.405e+06	2.412e+06	2.4332e+06	2.3868e+06	2.4016e+06	
2.3858e+06	2.3864e+06	2.3722e+06	2.3394e+06	2.347e+06	
2.335e+06	2.3042e+06	2.3022e+06	2.3204e+06	2.3088e+06	
2.3632e+06	2.346e+06	2.3496e+06	2.3258e+06	2.345e+06	
2.4246e+06	2.4056e+06	2.399e+06	2.4156e+06	2.3834e+06	
2.3606e+06	2.347e+06	2.397e+06	2.3728e+06	2.341e+06	
2.329e+06	2.3616e+06	2.3384e+06	2.3642e+06	2.3602e+06	
2.3864e+06	2.3566e+06	2.3758e+06	2.4132e+06	2.3804e+06	
2.4268e+06	2.4132e+06	2.4026e+06	2.395e+06	2.4196e+06	
2.3858e+06	2.4076e+06	2.3668e+06	2.3732e+06	2.3228e+06	
2.3648e+06	2.3682e+06	2.3708e+06	2.3466e+06	2.3662e+06	
2.343e+06	2.4086e+06	2.3738e+06	2.3566e+06	2.3436e+06	
2.3738e+06	2.401e+06	2.3794e+06	2.3648e+06	2.3506e+06	
2.4434e+06	2.408e+06	2.4524e+06	2.4524e+06	2.4448e+06	
2.47e+06	2.4802e+06	2.4918e+06	2.461e+06	2.459e+06	
2.5432e+06	2.535e+06	2.5492e+06	2.5412e+06	2.512e+06	
2.6032e+06	2.5856e+06	2.5708e+06	2.6108e+06	2.6052e+06	
2.7634e+06	2.651e+06	2.699e+06	2.6672e+06	2.7086e+06	
2.6762e+06	2.6606e+06	2.712e+06	2.7e+06	2.6752e+06	
2.588e+06	2.585e+06	2.6128e+06	2.643e+06	2.647e+06	
2.5204e+06	2.464e+06	2.467e+06	2.4822e+06	2.4836e+06	
2.466e+06	2.453e+06	2.452e+06	2.4766e+06	2.4488e+06	
2.5412e+06	2.5068e+06	2.518e+06	2.5382e+06	2.4912e+06	
2.6466e+06	2.7368e+06	2.6686e+06	2.6566e+06	2.6208e+06	
2.7862e+06	2.7866e+06	2.77e+06	2.7892e+06	2.7842e+06	
2.7806e+06	2.7786e+06	2.7892e+06	2.8098e+06	2.8002e+06	
2.8148e+06	2.9042e+06	2.838e+06	2.8764e+06	2.891e+06	
2.829e+06	2.8492e+06	2.8506e+06	2.8588e+06	2.7922e+06	
2.7962e+06	2.827e+06	2.775e+06	2.7822e+06	2.8316e+06	
2.7136e+06	2.7766e+06	2.7972e+06	2.7826e+06	2.7226e+06	
2.8664e+06	2.9076e+06	2.8622e+06	2.8548e+06	2.8688e+06	
2.9348e+06	2.9126e+06	2.9454e+06	2.9304e+06	2.9102e+06	
2.8684e+06	2.8542e+06	2.8536e+06	2.7962e+06	2.8548e+06	
2.9344e+06	2.8664e+06	2.9358e+06	2.8406e+06	2.8904e+06	
2.8748e+06	2.8754e+06	2.8916e+06	2.8694e+06	2.8432e+06	
2.9112e+06	2.8572e+06	2.8638e+06	2.8436e+06	2.8728e+06	
2.9556e+06	2.9868e+06	2.9808e+06	2.943e+06	2.9076e+06	
3.0482e+06	3.0594e+06	3.074e+06	3.0594e+06	3.018e+06	
3.0952e+06	3.0422e+06	3.0618e+06	3.1098e+06	3.0694e+06	
2.9464e+06	2.9742e+06	3.0518e+06	2.955e+06	2.954e+06	
2.9514e+06	2.8894e+06	2.9692e+06	2.8966e+06	2.9232e+06	
2.9182e+06	2.9348e+06	2.8956e+06	2.9092e+06	2.8714e+06	
2.9262e+06	2.9258e+06	2.9232e+06	2.958e+06	2.9404e+06	
2.9328e+06	2.9596e+06	2.891e+06	2.8844e+06	2.9066e+06	
3.0246e+06	2.949e+06	2.9294e+06	3.0422e+06	2.9974e+06	
2.9988e+06	3.0114e+06	3.0482e+06	3.0492e+06	3.0282e+06	
3.0932e+06	3.0534e+06	3.083e+06	3.0422e+06	3.0074e+06	
3.0014e+06	3.0074e+06	3.0734e+06	2.957e+06	2.9832e+06	
3.0856e+06	3.0786e+06	3.0342e+06	3.0684e+06	3.0604e+06	
3.1658e+06	3.1834e+06	3.1734e+06	3.1744e+06	3.1228e+06	
3.2222e+06	3.2076e+06	3.2722e+06	3.2152e+06	3.2046e+06	
3.2302e+06	3.2858e+06	3.2826e+06	3.263e+06	3.2954e+06	
3.2712e+06	3.3164e+06	3.2332e+06	3.254e+06	3.2782e+06	
3.1828e+06	3.1824e+06	3.1986e+06	3.1682e+06	3.1734e+06	
3.076e+06	3.0956e+06	3.0926e+06	3.1092e+06	3.0816e+06	
3.0892e+06	3.0472e+06	3.0594e+06	3.0806e+06	3.0478e+06	
3.1062e+06	3.0392e+06	3.0468e+06	3.0398e+06	3.066e+06	
3.2192e+06	3.1764e+06	3.145e+06	3.1098e+06	3.145e+06	
3.2852e+06	3.206e+06	3.2252e+06	3.2272e+06	3.2046e+06	
3.264e+06	3.2898e+06	3.2328e+06	3.2938e+06	3.2586e+06	
3.3008e+06	3.2968e+06	3.2626e+06	3.264e+06	3.259e+06	
3.259e+06	3.2736e+06	3.2928e+06	3.2358e+06	3.254e+06	
3.1874e+06	3.1728e+06	3.1934e+06	3.2444e+06	3.2116e+06	
3.2596e+06	3.3038e+06	3.3174e+06	3.2812e+06	3.2696e+06	
3.373e+06	3.3386e+06	3.3482e+06	3.2872e+06	3.3522e+06	
3.3058e+06	3.2928e+06	3.3038e+06	3.2964e+06	3.3018e+06	
3.2816e+06	3.268e+06	3.2826e+06	3.2842e+06	3.3094e+06	
3.1712e+06	3.1884e+06	3.1976e+06	3.1748e+06	3.1844e+06	
3.2126e+06	3.2046e+06	3.1798e+06	3.2454e+06	3.1734e+06	
3.2812e+06	3.2762e+06	3.3276e+06	3.2716e+06	3.2458e+06	
3.3628e+06	3.3402e+06	3.3184e+06	3.3194e+06	3.266e+06	
3.2984e+06	3.3034e+06	3.2464e+06	3.2932e+06	3.2776e+06	
3.2228e+06	3.2212e+06	3.1542e+06	3.1914e+06	3.186e+06	
3.078e+06	3.0438e+06	3.071e+06	3.003e+06	3.0312e+06	
2.8884e+06	2.8708e+06	2.8946e+06	2.8214e+06	2.8466e+06	
2.6762e+06	2.6662e+06	2.7004e+06	2.6898e+06	2.6622e+06	
2.5956e+06	2.6454e+06	2.6254e+06	2.6162e+06	2.5784e+06	
2.699e+06	2.6964e+06	2.6656e+06	2.6914e+06	2.6928e+06	
3.0584e+06	3.0482e+06	3.0962e+06	3.0608e+06	3.0618e+06	
3.3548e+06	3.389e+06	3.3528e+06	3.3322e+06	3.386e+06	
3.5862e+06	3.5902e+06	3.6014e+06	3.6064e+06	3.573e+06	
3.5216e+06	3.569e+06	3.5802e+06	3.5382e+06	3.5212e+06	
3.5696e+06	3.556e+06	3.5206e+06	3.5514e+06	3.5494e+06	
3.6774e+06	3.622e+06	3.5998e+06	3.5802e+06	3.6864e+06	
3.6068e+06	3.5968e+06	3.616e+06	3.5392e+06	3.6254e+06	
3.4788e+06	3.4244e+06	3.439e+06	3.3942e+06	3.438e+06	
3.4022e+06	3.4288e+06	3.4586e+06	3.4284e+06	3.439e+06	
3.558e+06	3.5918e+06	3.5318e+06	3.5812e+06	3.5902e+06	
3.7138e+06	3.7616e+06	3.6548e+06	3.7188e+06	3.688e+06	
3.7642e+06	3.7894e+06	3.7496e+06	3.813e+06	3.8312e+06	
3.8392e+06	3.8442e+06	3.864e+06	3.8664e+06	3.8262e+06	
4.055e+06	4.0122e+06	3.9976e+06	4.0076e+06	3.9526e+06	
3.982e+06	4.0328e+06	4.0262e+06	4.0248e+06	4.0514e+06	
4.0556e+06	4.0504e+06	4.0202e+06	4.0228e+06	4.0156e+06	
3.9536e+06	4.0318e+06	3.99e+06	3.9512e+06	4.0268e+06	
3.933e+06	3.9072e+06	3.9038e+06	3.988e+06	3.8922e+06	
3.8362e+06	3.7652e+06	3.7812e+06	3.7702e+06	3.8302e+06	
3.6714e+06	3.7706e+06	3.7056e+06	3.682e+06	3.6708e+06	
3.6658e+06	3.5898e+06	3.615e+06	3.6234e+06	3.5938e+06	
3.754e+06	3.7894e+06	3.7832e+06	3.7672e+06	3.7716e+06	
3.9326e+06	3.9608e+06	3.93e+06	3.988e+06	3.9642e+06	
3.985e+06	3.9682e+06	4.0006e+06	4.0082e+06	3.983e+06	
4.0384e+06	3.9582e+06	3.9658e+06	3.9774e+06	4.0334e+06	
3.9914e+06	4.061e+06	3.9396e+06	3.926e+06	3.9582e+06	
4.12e+06	4.0742e+06	4.0832e+06	4.0812e+06	4.0988e+06	
4.2072e+06	4.2042e+06	4.2072e+06	4.2198e+06	4.292e+06	
4.3928e+06	4.3836e+06	4.3656e+06	4.3318e+06	4.3928e+06	
4.371e+06	4.3836e+06	4.366e+06	4.3732e+06	4.3584e+06	
4.5052e+06	4.4824e+06	4.4194e+06	4.4502e+06	4.416e+06	
4.4836e+06	4.5172e+06	4.4744e+06	4.5036e+06	4.4446e+06	
4.5294e+06	4.4886e+06	4.4336e+06	4.4578e+06	4.4194e+06	
4.3984e+06	4.3898e+06	4.3878e+06	4.429e+06	4.3822e+06	
4.493e+06	4.5066e+06	4.4582e+06	4.5032e+06	4.4578e+06	
4.426e+06	4.4392e+06	4.5446e+06	4.5148e+06	4.419e+06	
4.5646e+06	4.5036e+06	4.538e+06	4.5182e+06	4.4654e+06	
4.5218e+06	4.5762e+06	4.612e+06	4.596e+06	4.4618e+06	
4.4724e+06	4.538e+06	4.5198e+06	4.486e+06	4.5098e+06	
4.4452e+06	4.3938e+06	4.4018e+06	4.3898e+06	4.4034e+06	
4.2728e+06	4.243e+06	4.3196e+06	4.301e+06	4.3006e+06	
4.4538e+06	4.4164e+06	4.4456e+06	4.3478e+06	4.4426e+06	
4.4668e+06	4.5254e+06	4.553e+06	4.4966e+06	4.5042e+06	
4.5964e+06	4.5928e+06	4.5626e+06	4.5536e+06	4.609e+06	
4.7592e+06	4.7558e+06	4.7164e+06	4.781e+06	4.7854e+06	
4.778e+06	4.7598e+06	4.8294e+06	4.7506e+06	4.7784e+06	
4.7422e+06	4.6972e+06	4.6886e+06	4.7184e+06	4.7386e+06	
4.8334e+06	4.796e+06	4.8252e+06	4.7708e+06	4.7684e+06	
4.7724e+06	4.7532e+06	4.72e+06	4.7506e+06	4.7814e+06	
4.7758e+06	4.7684e+06	4.78e+06	4.8264e+06	4.8938e+06	
4.861e+06	4.8792e+06	4.8636e+06	4.8284e+06	4.7896e+06	
4.8884e+06	4.8924e+06	4.8546e+06	4.8474e+06	4.8484e+06	
5.0612e+06	5.0324e+06	5.0098e+06	5.043e+06	5.0214e+06	
5.2462e+06	5.0966e+06	5.1334e+06	5.168e+06	5.1842e+06	
5.106e+06	5.1192e+06	5.0778e+06	5.101e+06	5.0038e+06	
5.0022e+06	4.984e+06	5.0208e+06	5.0214e+06	5.044e+06	
5.027e+06	5.0784e+06	5.085e+06	5.035e+06	5.0718e+06	
4.8788e+06	4.9388e+06	4.8832e+06	4.906e+06	4.8606e+06	
4.7754e+06	4.7532e+06	4.7654e+06	4.8404e+06	4.7648e+06	
4.674e+06	4.6322e+06	4.671e+06	4.6634e+06	4.6918e+06	
4.6958e+06	4.6676e+06	4.7516e+06	4.7326e+06	4.7582e+06	
4.7436e+06	4.7088e+06	4.8358e+06	4.8052e+06	4.7436e+06	
4.9448e+06	4.92e+06	4.845e+06	4.8908e+06	4.855e+06	
4.8414e+06	4.8374e+06	4.9816e+06	4.9084e+06	4.9e+06	
4.9604e+06	4.8444e+06	4.8712e+06	4.857e+06	4.9114e+06	
4.862e+06	4.8924e+06	4.9286e+06	4.9252e+06	4.861e+06	
4.967e+06	4.9746e+06	4.9886e+06	4.9594e+06	5.0082e+06	
5.0774e+06	4.9886e+06	5.0002e+06	4.976e+06	5.0082e+06	
5.0744e+06	4.9836e+06	5.0134e+06	5.034e+06	5.029e+06	
5.0642e+06	5.1092e+06	5.0526e+06	5.0506e+06	5.0798e+06	
5.0966e+06	5.1338e+06	5.0652e+06	5.0586e+06	5.0376e+06	
5.2316e+06	5.2498e+06	5.162e+06	5.215e+06	5.2564e+06	
5.1902e+06	5.159e+06	5.1756e+06	5.213e+06	5.1424e+06	
5.1302e+06	5.0668e+06	5.0702e+06	5.0748e+06	5.025e+06	
5.0556e+06	5.0506e+06	5.093e+06	5.09e+06	5.0642e+06	
5.099e+06	5.0542e+06	5.0472e+06	5.0456e+06	5.0038e+06	
5.1252e+06	5.104e+06	5.0532e+06	5.1218e+06	5.0608e+06	
5.0592e+06	5.0668e+06	5.1142e+06	5.155e+06	5.0834e+06	
5.1358e+06	5.0728e+06	5.1394e+06	5.0788e+06	5.0724e+06	
5.2024e+06	5.1666e+06	5.1646e+06	5.1096e+06	5.2402e+06	
5.1868e+06	5.1484e+06	5.1932e+06	5.168e+06	5.1302e+06	
5.3088e+06	5.392e+06	5.3304e+06	5.3334e+06	5.3258e+06	
5.2658e+06	5.344e+06	5.3364e+06	5.2684e+06	5.2498e+06	
5.273e+06	5.347e+06	5.3592e+06	5.3078e+06	5.2734e+06	
5.4574e+06	5.4454e+06	5.4776e+06	5.397e+06	5.3652e+06	
5.396e+06	5.3878e+06	5.4116e+06	5.3646e+06	5.39e+06	
5.3864e+06	5.3394e+06	5.3218e+06	5.3032e+06	5.3344e+06	
5.4398e+06	5.4414e+06	5.5174e+06	5.3874e+06	5.4176e+06	
5.405e+06	5.4236e+06	5.3804e+06	5.412e+06	5.396e+06	
5.329e+06	5.348e+06	5.4358e+06	5.3088e+06	5.349e+06	
5.2428e+06	5.289e+06	5.2806e+06	5.2624e+06	5.2186e+06	
5.3616e+06	5.3174e+06	5.2326e+06	5.276e+06	5.332e+06	
5.2614e+06	5.2342e+06	5.2246e+06	5.2764e+06	5.2352e+06	
5.4014e+06	5.4056e+06	5.407e+06	5.3596e+06	5.3456e+06	
5.4992e+06	5.4152e+06	5.3732e+06	5.3702e+06	5.456e+06	
5.5492e+06	5.5896e+06	5.5436e+06	5.5728e+06	5.4574e+06	
5.3112e+06	5.3244e+06	5.4686e+06	5.3068e+06	5.3142e+06	
5.3838e+06	5.347e+06	5.3334e+06	5.4358e+06	5.3012e+06	
5.4206e+06	5.4246e+06	5.4066e+06	5.4382e+06	5.3658e+06	
5.4272e+06	5.454e+06	5.5356e+06	5.5008e+06	5.5054e+06	
5.4866e+06	5.5664e+06	5.533e+06	5.473e+06	5.5366e+06	
5.5976e+06	5.5184e+06	5.5402e+06	5.458e+06	5.4176e+06	
5.645e+06	5.6686e+06	5.7024e+06	5.697e+06	5.645e+06	
5.6622e+06	5.654e+06	5.6672e+06	5.7106e+06	5.6884e+06	
5.701e+06	5.708e+06	5.7508e+06	5.7024e+06	5.6712e+06	
5.6208e+06	5.701e+06	5.6812e+06	5.653e+06	5.6718e+06	
5.6934e+06	5.7594e+06	5.698e+06	5.715e+06	5.7412e+06	
5.5074e+06	5.5684e+06	5.5764e+06	5.5038e+06	5.5276e+06	
5.7034e+06	5.6298e+06	5.6768e+06	5.6792e+06	5.642e+06	
5.774e+06	5.7564e+06	5.7488e+06	5.7338e+06	5.718e+06	
5.8946e+06	5.8658e+06	5.8966e+06	5.9106e+06	5.942e+06	
6.1586e+06	6.0906e+06	6.08e+06	6.126e+06	6.1208e+06	
6.0776e+06	6.1304e+06	6.1426e+06	6.1254e+06	6.0876e+06	
6.0216e+06	6.0836e+06	6.0886e+06	6.07e+06	6.0322e+06	
6.0418e+06	6.0156e+06	6.0332e+06	6.0146e+06	6.0014e+06	
6.1964e+06	6.0654e+06	6.1208e+06	6.1622e+06	6.073e+06	
6.2438e+06	6.2132e+06	6.136e+06	6.1178e+06	6.066e+06	
6.2762e+06	6.2348e+06	6.258e+06	6.2826e+06	6.1884e+06	
6.4364e+06	6.4738e+06	6.5176e+06	6.4062e+06	6.3966e+06	
6.4072e+06	6.4898e+06	6.4224e+06	6.3644e+06	6.3194e+06	
6.4698e+06	6.4194e+06	6.432e+06	6.509e+06	6.455e+06	
6.4712e+06	6.4394e+06	6.391e+06	6.4908e+06	6.394e+06	
6.4562e+06	6.508e+06	6.444e+06	6.5116e+06	6.4748e+06	
6.5342e+06	6.5116e+06	6.5876e+06	6.5272e+06	6.4404e+06	
6.5126e+06	6.6244e+06	6.4778e+06	6.4436e+06	6.4404e+06	
6.682e+06	6.7132e+06	6.7212e+06	6.6694e+06	6.5676e+06	
6.8206e+06	6.7666e+06	6.8544e+06	6.8236e+06	6.7702e+06	
6.9522e+06	6.9642e+06	6.9914e+06	6.9748e+06	6.9536e+06	
6.943e+06	6.867e+06	7e+06	6.9174e+06	6.9012e+06	
6.94e+06	6.9416e+06	7.0056e+06	7.0056e+06	6.9324e+06	
6.9884e+06	7.0646e+06	7.0292e+06	6.9884e+06	6.9304e+06	
7.2042e+06	7.2536e+06	7.233e+06	7.231e+06	7.2334e+06	
7.2808e+06	7.2738e+06	7.1906e+06	7.2188e+06	7.2314e+06	
7.2652e+06	7.187e+06	7.2324e+06	7.1286e+06	7.169e+06	
7.4372e+06	7.3362e+06	7.4598e+06	7.361e+06	7.4084e+06	
7.4058e+06	7.4664e+06	7.3842e+06	7.293e+06	7.373e+06	
7.4058e+06	7.4044e+06	7.3792e+06	7.3962e+06	7.4104e+06	
7.4542e+06	7.492e+06	7.4568e+06	7.5132e+06	7.4164e+06	
7.6242e+06	7.6816e+06	7.6044e+06	7.6614e+06	7.5918e+06	
7.6826e+06	7.6594e+06	7.6206e+06	7.6156e+06	7.6474e+06	
7.7548e+06	7.79e+06	7.7492e+06	7.6842e+06	7.7356e+06	
7.6358e+06	7.5496e+06	7.6922e+06	7.605e+06	7.5708e+06	
7.8172e+06	7.7114e+06	7.7784e+06	7.735e+06	7.7158e+06	
7.738e+06	7.6418e+06	7.6928e+06	7.7002e+06	7.6696e+06	
7.6876e+06	7.7526e+06	7.6886e+06	7.7568e+06	7.7588e+06	
7.7284e+06	7.6444e+06	7.6584e+06	7.6458e+06	7.5788e+06	
7.8566e+06	7.8096e+06	7.787e+06	7.8324e+06	7.7486e+06	
7.791e+06	7.7432e+06	7.6146e+06	7.741e+06	7.6418e+06	
7.5874e+06	7.4432e+06	7.5022e+06	7.5168e+06	7.544e+06	
7.0812e+06	7.1004e+06	6.987e+06	7.0238e+06	6.929e+06	
6.8846e+06	6.8216e+06	6.878e+06	6.8674e+06	6.7616e+06	
6.8892e+06	6.7904e+06	6.7828e+06	6.7642e+06	6.7496e+06	
7.045e+06	6.9516e+06	7.0162e+06	6.991e+06	6.9894e+06	
7.411e+06	7.3782e+06	7.3846e+06	7.4452e+06	7.2712e+06	
7.5812e+06	7.6e+06	7.6534e+06	7.5708e+06	7.5908e+06	
7.9104e+06	7.9892e+06	7.8178e+06	7.8828e+06	7.8732e+06	
8.0118e+06	8.027e+06	7.9956e+06	7.9776e+06	7.9902e+06	
7.9966e+06	7.9372e+06	7.918e+06	7.9588e+06	8.0072e+06	
8.0294e+06	8.0608e+06	7.9054e+06	7.9458e+06	8.0426e+06	
8.284e+06	8.3058e+06	8.288e+06	8.169e+06	8.1984e+06	
8.4932e+06	8.4822e+06	8.4358e+06	8.4438e+06	8.401e+06	
8.6264e+06	8.641e+06	8.7232e+06	8.6364e+06	8.5622e+06	
8.5612e+06	8.5436e+06	8.5512e+06	8.5254e+06	8.4518e+06	
8.6686e+06	8.6812e+06	8.6832e+06	8.6076e+06	8.6046e+06	
8.5234e+06	8.5396e+06	8.5738e+06	8.5114e+06	8.4948e+06	
8.4076e+06	8.4594e+06	8.4766e+06	8.4504e+06	8.3582e+06	
8.2704e+06	8.2976e+06	8.2836e+06	8.2664e+06	8.2422e+06	
8.281e+06	8.3228e+06	8.3646e+06	8.2876e+06	8.1036e+06	
8.5254e+06	8.5014e+06	8.3904e+06	8.415e+06	8.3874e+06	
8.7382e+06	8.719e+06	8.714e+06	8.6768e+06	8.6822e+06	
8.7932e+06	8.6798e+06	8.764e+06	8.6622e+06	8.6566e+06	
8.6914e+06	8.6314e+06	8.713e+06	8.638e+06	8.6812e+06	
8.7458e+06	8.8396e+06	8.835e+06	8.7534e+06	8.764e+06	
8.956e+06	8.953e+06	8.946e+06	8.8814e+06	9.0352e+06	
9.1138e+06	9.072e+06	9.0744e+06	9.0124e+06	8.9828e+06	
8.9786e+06	9.011e+06	9.0568e+06	9.0624e+06	8.9882e+06	
9.0024e+06	8.9878e+06	9.075e+06	9.0976e+06	8.9408e+06	
9.0498e+06	9.008e+06	9.0664e+06	8.944e+06	8.947e+06	
9.0856e+06	9.1022e+06	9.0816e+06	9.0512e+06	9.0422e+06	
9.0896e+06	9.0568e+06	9.0952e+06	9.0604e+06	9.0704e+06	
9.1924e+06	9.143e+06	9.1652e+06	9.1648e+06	9.15e+06	
9.265e+06	9.211e+06	9.2226e+06	9.1038e+06	9.1374e+06	
9.1808e+06	9.1668e+06	9.0528e+06	9.1188e+06	9.0508e+06	
8.9424e+06	8.9268e+06	8.9918e+06	8.9092e+06	8.9188e+06	
8.8748e+06	8.9464e+06	8.891e+06	8.8088e+06	8.8512e+06	
8.8154e+06	8.8542e+06	8.7856e+06	8.8512e+06	8.8072e+06	
9.019e+06	9.0084e+06	9.0876e+06	9.0008e+06	8.9292e+06	
9.1476e+06	9.0266e+06	8.9726e+06	9.0478e+06	9.0806e+06	
9.1248e+06	8.966e+06	8.9902e+06	9.0286e+06	8.951e+06	
8.961e+06	8.8768e+06	8.823e+06	8.8698e+06	8.8638e+06	
8.7862e+06	8.7564e+06	8.7876e+06	8.7336e+06	8.7136e+06	
8.6944e+06	8.7488e+06	8.7518e+06	8.764e+06	8.6798e+06	
8.7286e+06	8.7064e+06	8.7326e+06	8.709e+06	8.59e+06	
8.6274e+06	8.6812e+06	8.7408e+06	8.6812e+06	8.6586e+06	
8.6384e+06	8.6808e+06	8.7468e+06	8.6742e+06	8.5582e+06	
8.7846e+06	8.7196e+06	8.8522e+06	8.72e+06	8.82e+06	
8.9152e+06	8.9776e+06	8.8834e+06	9.0448e+06	8.9556e+06	
8.9938e+06	9.0332e+06	9.0332e+06	9.0266e+06	8.8764e+06	
8.9706e+06	8.9882e+06	8.9726e+06	8.9318e+06	9.0154e+06	
8.8562e+06	8.9156e+06	8.8778e+06	8.9e+06	8.8864e+06	
8.8032e+06	8.7756e+06	8.841e+06	8.8264e+06	8.7776e+06	
9.0024e+06	8.9166e+06	8.9102e+06	9.004e+06	8.9116e+06	
9.0902e+06	9.0694e+06	9.0956e+06	9.0322e+06	9.0478e+06	
9.2066e+06	9.1622e+06	9.2328e+06	9.2166e+06	9.1648e+06	
9.4148e+06	9.4092e+06	9.394e+06	9.384e+06	9.3038e+06	
9.39e+06	9.3694e+06	9.388e+06	9.3594e+06	9.3482e+06	
9.4434e+06	9.4592e+06	9.502e+06	9.444e+06	9.386e+06	
9.2756e+06	9.267e+06	9.3608e+06	9.2656e+06	9.2e+06	
9.2146e+06	9.3668e+06	9.2742e+06	9.3124e+06	9.2302e+06	
9.1728e+06	9.1314e+06	9.2156e+06	9.1168e+06	9.195e+06	
9.1088e+06	9.0724e+06	9.0724e+06	9.0492e+06	8.9812e+06	
9.0942e+06	9.0176e+06	8.9722e+06	9.0996e+06	9.022e+06	
9.086e+06	9.0694e+06	9.07e+06	9.0326e+06	8.9766e+06	
9.3124e+06	9.3068e+06	9.4128e+06	9.3824e+06	9.2298e+06	
9.3562e+06	9.3488e+06	9.3654e+06	9.31e+06	9.2332e+06	
9.314e+06	9.332e+06	9.32e+06	9.259e+06	9.3552e+06	
9.2756e+06	9.2474e+06	9.4132e+06	9.258e+06	9.2212e+06	
9.1838e+06	9.1774e+06	9.314e+06	9.1894e+06	9.2146e+06	
9.2132e+06	9.2448e+06	9.2302e+06	9.1748e+06	9.206e+06	
9.3452e+06	9.3038e+06	9.376e+06	9.2666e+06	9.1596e+06	
9.571e+06	9.4814e+06	9.5236e+06	9.5434e+06	9.5614e+06	
9.3774e+06	9.3966e+06	9.3734e+06	9.4602e+06	9.2746e+06	
9.3104e+06	9.3018e+06	9.3068e+06	9.3422e+06	9.3296e+06	
9.3512e+06	9.389e+06	9.4828e+06	9.3824e+06	9.4072e+06	
9.2952e+06	9.2302e+06	9.255e+06	9.2782e+06	9.2268e+06	
9.128e+06	9.1466e+06	9.1698e+06	9.1088e+06	9.0776e+06	
9.25e+06	9.2302e+06	9.259e+06	9.1108e+06	9.2478e+06	
9.1102e+06	9.0992e+06	9.0312e+06	9.0902e+06	9.0352e+06	
9.0544e+06	8.9732e+06	8.9756e+06	9.0024e+06	8.9368e+06	
9.0352e+06	9.0806e+06	9.0502e+06	9.088e+06	8.9818e+06	
9.0674e+06	9.0962e+06	9.1128e+06	9.1144e+06	9.02e+06	
9.2384e+06	9.1834e+06	9.1078e+06	9.193e+06	9.195e+06	
9.3452e+06	9.1874e+06	9.2006e+06	9.2374e+06	9.2096e+06	
9.1184e+06	9.0508e+06	9.1364e+06	9.0684e+06	9.0638e+06	
8.7408e+06	8.6738e+06	8.708e+06	8.7574e+06	8.699e+06	
8.3878e+06	8.3804e+06	8.3854e+06	8.3058e+06	8.3188e+06	
8.1802e+06	8.214e+06	8.1338e+06	8.1706e+06	8.1898e+06	
8.3536e+06	8.2916e+06	8.3414e+06	8.3026e+06	8.2584e+06	
8.4056e+06	8.395e+06	8.4014e+06	8.4116e+06	8.3954e+06	
8.4474e+06	8.3112e+06	8.4938e+06	8.4156e+06	8.3642e+06	
8.5674e+06	8.5034e+06	8.514e+06	8.3662e+06	8.392e+06	
8.657e+06	8.6984e+06	8.6188e+06	8.699e+06	8.6692e+06	
8.8336e+06	8.8068e+06	8.8476e+06	8.8062e+06	8.7408e+06	
8.9676e+06	8.963e+06	9.019e+06	9.006e+06	8.9766e+06	
9.2152e+06	9.146e+06	9.1374e+06	9.147e+06	9.1758e+06	
9.1844e+06	9.2424e+06	9.3342e+06	9.2616e+06	9.3124e+06	
9.315e+06	9.1834e+06	9.2706e+06	9.2394e+06	9.198e+06	
9.2962e+06	9.3698e+06	9.3316e+06	9.3614e+06	9.3698e+06	
9.4088e+06	9.3342e+06	9.3598e+06	9.3432e+06	9.3396e+06	
9.4632e+06	9.4424e+06	9.4424e+06	9.4782e+06	9.3658e+06	
9.4858e+06	9.3518e+06	9.443e+06	9.435e+06	9.3784e+06	
9.4214e+06	9.3442e+06	9.387e+06	9.3856e+06	9.392e+06	
9.2716e+06	9.3246e+06	9.2882e+06	9.2408e+06	9.2298e+06	
9.2918e+06	9.2484e+06	9.266e+06	9.3064e+06	9.2226e+06	
9.4622e+06	9.4364e+06	9.4394e+06	9.5192e+06	9.4526e+06	
9.6446e+06	9.627e+06	9.6578e+06	9.6598e+06	9.5328e+06	
9.7404e+06	9.691e+06	9.678e+06	9.751e+06	9.7248e+06	
9.815e+06	9.7464e+06	9.7788e+06	9.7712e+06	9.7474e+06	
9.7232e+06	9.6844e+06	9.8624e+06	9.7746e+06	9.7722e+06	
9.7288e+06	9.8326e+06	9.7324e+06	9.6874e+06	9.7036e+06	
9.801e+06	9.7162e+06	9.7106e+06	9.7258e+06	9.7026e+06	
9.506e+06	9.5004e+06	9.4778e+06	9.512e+06	9.3568e+06	
9.267e+06	9.3316e+06	9.2922e+06	9.141e+06	9.198e+06	
8.9712e+06	8.883e+06	8.8662e+06	8.885e+06	8.9188e+06	
9.0442e+06	8.9862e+06	8.9394e+06	8.949e+06	8.9974e+06	
9.1774e+06	9.0916e+06	9.1814e+06	9.1374e+06	9.1218e+06	
9.323e+06	9.265e+06	9.3382e+06	9.3372e+06	9.197e+06	
9.509e+06	9.4486e+06	9.5318e+06	9.5024e+06	9.5444e+06	
9.695e+06	9.7082e+06	9.696e+06	9.7222e+06	9.6496e+06	
9.9218e+06	9.8478e+06	9.8896e+06	9.8422e+06	9.7928e+06	
9.9814e+06	9.992e+06	9.9754e+06	1.00142e+07	9.9234e+06	
9.869e+06	9.9718e+06	9.9218e+06	9.8448e+06	9.8614e+06	
9.9022e+06	9.9546e+06	9.9492e+06	9.885e+06	9.9108e+06	
9.8472e+06	9.9526e+06	9.9456e+06	9.9366e+06	9.9406e+06	
9.9728e+06	1.00666e+07	1.00606e+07	1.0063e+07	1.0004e+07	
1.00388e+07	1.00408e+07	1.00712e+07	9.9924e+06	1.00298e+07	
1.006e+07	1.00196e+07	1.00676e+07	9.9844e+06	1.00696e+07	
1.00676e+07	1.00092e+07	1.01024e+07	1.00268e+07	9.9492e+06	
9.9376e+06	9.8548e+06	9.7716e+06	9.7862e+06	9.8196e+06	
9.6502e+06	9.6336e+06	9.5922e+06	9.5958e+06	9.5338e+06	
9.515e+06	9.5182e+06	9.4616e+06	9.4466e+06	9.5116e+06	
9.561e+06	9.5286e+06	9.5372e+06	9.5342e+06	9.4758e+06	
9.6582e+06	9.6844e+06	9.6698e+06	9.6996e+06	9.572e+06	
9.7022e+06	9.696e+06	9.7102e+06	9.7474e+06	9.6138e+06	
9.7188e+06	9.7378e+06	9.6728e+06	9.6582e+06	9.695e+06	
9.7964e+06	9.6768e+06	9.7616e+06	9.6864e+06	9.6588e+06	
9.8982e+06	9.8196e+06	9.8598e+06	9.813e+06	9.8674e+06	
9.9174e+06	9.9224e+06	9.9728e+06	9.9188e+06	9.938e+06	
1.00928e+07	9.9718e+06	9.999e+06	9.9008e+06	9.985e+06	
9.9638e+06	9.8836e+06	9.9582e+06	9.9274e+06	9.8978e+06	
9.9038e+06	9.7908e+06	9.7978e+06	9.8156e+06	9.8654e+06	
9.622e+06	9.739e+06	9.6572e+06	9.6976e+06	9.5524e+06	
9.6588e+06	9.6774e+06	9.747e+06	9.6506e+06	9.6442e+06	
9.688e+06	9.6184e+06	9.757e+06	9.6366e+06	9.5554e+06	
9.7022e+06	9.745e+06	9.6896e+06	9.7686e+06	9.7096e+06	
9.8568e+06	9.7904e+06	9.815e+06	9.7682e+06	9.7258e+06	
9.7702e+06	9.739e+06	9.7636e+06	9.8282e+06	9.7656e+06	
9.803e+06	9.7182e+06	9.8548e+06	9.7192e+06	9.6804e+06	
9.7076e+06	9.7798e+06	9.7762e+06	9.698e+06	9.6864e+06	
9.5736e+06	9.6412e+06	9.6134e+06	9.6138e+06	9.5508e+06	
9.4026e+06	9.453e+06	9.4718e+06	9.437e+06	9.4712e+06	
9.316e+06	9.3426e+06	9.2676e+06	9.3028e+06	9.3462e+06	
9.3256e+06	9.3184e+06	9.3794e+06	9.3412e+06	9.2248e+06	
9.3724e+06	9.4046e+06	9.3542e+06	9.267e+06	9.3226e+06	
9.3982e+06	9.3936e+06	9.379e+06	9.3326e+06	9.3336e+06	
9.5044e+06	9.4732e+06	9.445e+06	9.5378e+06	9.439e+06	
9.4762e+06	9.4088e+06	9.5116e+06	9.4274e+06	9.4702e+06	
9.4434e+06	9.3522e+06	9.3508e+06	9.4516e+06	9.3558e+06	
9.6578e+06	9.4964e+06	9.5066e+06	9.5504e+06	9.5066e+06	
9.5464e+06	9.5242e+06	9.4572e+06	9.4248e+06	9.377e+06	
9.5836e+06	9.4884e+06	9.5358e+06	9.5842e+06	9.5076e+06	
9.5484e+06	9.5812e+06	9.688e+06	9.566e+06	9.497e+06	
9.6426e+06	9.6174e+06	9.6104e+06	9.6286e+06	9.5312e+06	
9.6814e+06	9.6108e+06	9.5222e+06	9.4984e+06	9.51e+06	
9.6032e+06	9.6688e+06	9.692e+06	9.6054e+06	9.6516e+06	
9.6844e+06	9.76e+06	9.685e+06	9.5922e+06	9.6516e+06	
9.5428e+06	9.6804e+06	9.5574e+06	9.5922e+06	9.5272e+06	
9.686e+06	9.7006e+06	9.68e+06	9.6558e+06	9.633e+06	
9.564e+06	9.572e+06	9.5318e+06	9.616e+06	9.56e+06	
9.5594e+06	9.5892e+06	9.509e+06	9.5726e+06	9.6128e+06	
9.5896e+06	9.569e+06	9.3724e+06	9.6144e+06	9.619e+06	
9.4516e+06	9.4516e+06	9.377e+06	9.437e+06	9.3004e+06	
9.3548e+06	9.2782e+06	9.3174e+06	9.3154e+06	9.205e+06	
9.319e+06	9.323e+06	9.3432e+06	9.3356e+06	9.3402e+06	
9.4888e+06	9.4102e+06	9.4022e+06	9.442e+06	9.3028e+06	
9.4868e+06	9.4404e+06	9.4682e+06	9.453e+06	9.5086e+06	
9.4772e+06	9.4974e+06	9.448e+06	9.3986e+06	9.3946e+06	
9.5004e+06	9.561e+06	9.4656e+06	9.5402e+06	9.4228e+06	
9.4898e+06	9.4686e+06	9.5232e+06	9.4838e+06	9.4308e+06	
9.516e+06	9.51e+06	9.4204e+06	9.4344e+06	9.4506e+06	
9.4888e+06	9.5564e+06	9.5664e+06	9.4884e+06	9.4496e+06	
9.3784e+06	9.3694e+06	9.4686e+06	9.3714e+06	9.3038e+06	
9.5202e+06	9.4072e+06	9.3976e+06	9.3774e+06	9.3362e+06	
9.4108e+06	9.384e+06	9.4122e+06	9.3976e+06	9.3552e+06	
9.446e+06	9.57e+06	9.5332e+06	9.4788e+06	9.4758e+06	
9.5362e+06	9.4288e+06	9.5126e+06	9.4012e+06	9.3734e+06	
9.4228e+06	9.371e+06	9.39e+06	9.4354e+06	9.3916e+06	
9.439e+06	9.4752e+06	9.4486e+06	9.3982e+06	9.4722e+06	
9.3846e+06	9.3468e+06	9.4254e+06	9.4214e+06	9.3366e+06	
9.4686e+06	9.3986e+06	9.3658e+06	9.4304e+06	9.4128e+06	
9.453e+06	9.4078e+06	9.4344e+06	9.437e+06	9.375e+06	
9.557e+06	9.4864e+06	9.4808e+06	9.4298e+06	9.4616e+06	
9.557e+06	9.6638e+06	9.617e+06	9.4918e+06	9.4888e+06	
9.5932e+06	9.5448e+06	9.557e+06	9.564e+06	9.4118e+06	
9.5262e+06	9.5256e+06	9.503e+06	9.5362e+06	9.4964e+06	
9.4118e+06	9.3598e+06	9.3608e+06	9.3522e+06	9.3654e+06	
9.4718e+06	9.4152e+06	9.4132e+06	9.2984e+06	9.3382e+06	
9.2984e+06	9.2842e+06	9.2202e+06	9.2554e+06	9.2116e+06	
9.1754e+06	9.127e+06	9.1542e+06	9.1546e+06	9.0694e+06	
9.1576e+06	9.1658e+06	9.1512e+06	9.1324e+06	9.0946e+06	
9.2096e+06	9.146e+06	9.2686e+06	9.1758e+06	9.145e+06	
9.1576e+06	9.079e+06	9.1274e+06	9.1184e+06	9.1122e+06	
9.1012e+06	9.084e+06	9.1864e+06	9.1688e+06	9.0912e+06	
8.9802e+06	8.9178e+06	8.9968e+06	8.9208e+06	8.886e+06	
8.9786e+06	8.9242e+06	8.9156e+06	8.9016e+06	8.9288e+06	
9.0154e+06	8.881e+06	8.8446e+06	8.9162e+06	8.826e+06	
8.9616e+06	8.9092e+06	8.9484e+06	8.946e+06	8.8894e+06	
9.0352e+06	9.0024e+06	8.9344e+06	8.943e+06	8.9314e+06	
9.1884e+06	9.1228e+06	9.126e+06	9.0538e+06	9.0694e+06	
9.1228e+06	9.0654e+06	9.1884e+06	9.1542e+06	9.1748e+06	
9.2826e+06	9.2242e+06	9.2252e+06	9.3194e+06	9.1748e+06	
9.1244e+06	9.2404e+06	9.2268e+06	9.1592e+06	9.1854e+06	
9.0956e+06	9.0684e+06	9.128e+06	9.0618e+06	8.9892e+06	
9.1128e+06	9.0176e+06	9.0544e+06	9.0316e+06	9.1098e+06	
9.1374e+06	9.139e+06	9.1612e+06	9.139e+06	9.1224e+06	
9.1954e+06	9.2448e+06	9.192e+06	9.128e+06	9.0276e+06	
9.2212e+06	9.1974e+06	9.1582e+06	9.1688e+06	9.1868e+06	
9.1824e+06	9.196e+06	9.1542e+06	9.2202e+06	9.1052e+06	
9.1526e+06	9.0216e+06	9.0356e+06	9.1536e+06	9.0704e+06	
9.15e+06	9.1194e+06	9.0386e+06	9.1254e+06	9.08e+06	
9.1446e+06	9.143e+06	9.1088e+06	9.1138e+06	9.0952e+06	
9.0538e+06	9.0518e+06	9.0492e+06	8.9682e+06	8.95e+06	
9.0776e+06	9.02e+06	9.013e+06	9.0462e+06	8.9686e+06	
8.9974e+06	8.8864e+06	9.0528e+06	8.9484e+06	8.9026e+06	
8.9766e+06	8.895e+06	8.9858e+06	8.8578e+06	8.8098e+06	
8.949e+06	8.952e+06	8.9418e+06	8.9556e+06	8.9092e+06	
8.954e+06	8.952e+06	9.0412e+06	8.9534e+06	8.9848e+06	
9.1248e+06	9.0568e+06	9.0522e+06	9.1002e+06	9.0846e+06	
9.0902e+06	9.1324e+06	9.0936e+06	9.0986e+06	9.0386e+06	
8.9848e+06	9.0992e+06	8.9742e+06	9.0604e+06	9.0488e+06	
9.0236e+06	8.9222e+06	8.9596e+06	8.9228e+06	9.0418e+06	
8.9546e+06	8.8748e+06	8.888e+06	8.9258e+06	8.893e+06	
8.9902e+06	8.9262e+06	8.9146e+06	8.8744e+06	8.8632e+06	
8.9328e+06	8.8662e+06	8.9122e+06	8.8754e+06	8.891e+06	
8.8708e+06	8.8668e+06	8.9282e+06	8.8442e+06	8.777e+06	
8.8622e+06	8.901e+06	8.8168e+06	8.83e+06	8.8038e+06	
8.8346e+06	8.7958e+06	8.8326e+06	8.8072e+06	8.7988e+06	
8.7156e+06	8.7034e+06	8.6454e+06	8.6948e+06	8.6198e+06	
8.702e+06	8.6616e+06	8.5926e+06	8.5552e+06	8.6546e+06	
8.704e+06	8.6424e+06	8.6612e+06	8.6486e+06	8.6752e+06	
8.7684e+06	8.7574e+06	8.7034e+06	8.698e+06	8.7282e+06	
8.836e+06	8.83e+06	8.8088e+06	8.8124e+06	8.7388e+06	
8.965e+06	8.9146e+06	8.9272e+06	8.9136e+06	8.9566e+06	
8.8718e+06	8.9102e+06	8.8864e+06	8.8436e+06	8.8038e+06	
9.0492e+06	8.951e+06	9.0084e+06	9.0074e+06	8.9712e+06	
8.9646e+06	8.9116e+06	8.8804e+06	8.9746e+06	8.895e+06	
8.945e+06	8.8894e+06	8.901e+06	8.7988e+06	8.9292e+06	
8.9832e+06	8.955e+06	8.964e+06	8.9102e+06	8.8748e+06	
8.8486e+06	8.8486e+06	8.8734e+06	8.8104e+06	8.7978e+06	
8.8648e+06	8.836e+06	8.7468e+06	8.9106e+06	8.827e+06	
8.7548e+06	8.7942e+06	8.6958e+06	8.652e+06	8.6264e+06	
8.7464e+06	8.7348e+06	8.6212e+06	8.6842e+06	8.6636e+06	
8.7302e+06	8.6212e+06	8.7106e+06	8.66e+06	8.7684e+06	
8.699e+06	8.6798e+06	8.7306e+06	8.7372e+06	8.596e+06	
8.7826e+06	8.6778e+06	8.7478e+06	8.6696e+06	8.7408e+06	
8.7044e+06	8.7514e+06	8.766e+06	8.653e+06	8.7242e+06	
8.6692e+06	8.66e+06	8.64e+06	8.6248e+06	8.526e+06	
8.6914e+06	8.641e+06	8.7096e+06	8.7246e+06	8.649e+06	
8.5688e+06	8.517e+06	8.5744e+06	8.5466e+06	8.4832e+06	
8.535e+06	8.5956e+06	8.591e+06	8.5068e+06	8.4806e+06	
8.5078e+06	8.465e+06	8.3824e+06	8.463e+06	8.4464e+06	
8.469e+06	8.4806e+06	8.5088e+06	8.3984e+06	8.3984e+06	
8.5598e+06	8.5548e+06	8.6304e+06	8.4958e+06	8.5204e+06	
8.5542e+06	8.5824e+06	8.6042e+06	8.518e+06	8.5578e+06	
8.6228e+06	8.5128e+06	8.6056e+06	8.4958e+06	8.4938e+06	
8.5648e+06	8.588e+06	8.5144e+06	8.5728e+06	8.5058e+06	
8.6042e+06	8.5854e+06	8.515e+06	8.585e+06	8.475e+06	
8.6404e+06	8.639e+06	8.702e+06	8.6334e+06	8.6066e+06	
8.6324e+06	8.6454e+06	8.6274e+06	8.6152e+06	8.5708e+06	
8.6202e+06	8.5512e+06	8.6682e+06	8.6162e+06	8.474e+06	
8.6712e+06	8.699e+06	8.6732e+06	8.6106e+06	8.5608e+06	
8.7664e+06	8.649e+06	8.7014e+06	8.6792e+06	8.6928e+06	
8.582e+06	8.5548e+06	8.654e+06	8.5956e+06	8.597e+06	
8.6122e+06	8.6974e+06	8.6056e+06	8.655e+06	8.6128e+06	
8.6526e+06	8.5442e+06	8.5392e+06	8.58e+06	8.5876e+06	
8.6444e+06	8.6264e+06	8.5668e+06	8.578e+06	8.6178e+06	
8.5612e+06	8.5568e+06	8.5194e+06	8.5628e+06	8.587e+06	
8.4962e+06	8.516e+06	8.532e+06	8.5744e+06	8.5694e+06	
8.4438e+06	8.458e+06	8.4866e+06	8.4438e+06	8.4458e+06	
8.346e+06	8.3258e+06	8.269e+06	8.2764e+06	8.3264e+06	
8.2604e+06	8.2432e+06	8.3254e+06	8.3238e+06	8.2114e+06	
8.1832e+06	8.2448e+06	8.2322e+06	8.2416e+06	8.2074e+06	
8.269e+06	8.212e+06	8.2724e+06	8.2392e+06	8.2196e+06	
8.3224e+06	8.3092e+06	8.3162e+06	8.2396e+06	8.3414e+06	
8.217e+06	8.222e+06	8.3204e+06	8.2618e+06	8.1736e+06	
8.1862e+06	8.1898e+06	8.2448e+06	8.22e+06	8.1282e+06	
8.2018e+06	8.0692e+06	8.1862e+06	8.1252e+06	8.1514e+06	
8.0178e+06	7.9694e+06	8.0764e+06	8.104e+06	8.0496e+06	
7.7462e+06	7.7698e+06	7.856e+06	7.8218e+06	7.7486e+06	
7.6212e+06	7.5138e+06	7.494e+06	7.5696e+06	7.4058e+06	
7.4452e+06	7.3746e+06	7.412e+06	7.3656e+06	7.2612e+06	
7.2708e+06	7.2224e+06	7.2284e+06	7.2576e+06	7.2374e+06	
7.4154e+06	7.3166e+06	7.3318e+06	7.366e+06	7.2834e+06	
7.3766e+06	7.4266e+06	7.4326e+06	7.3782e+06	7.302e+06	
7.5228e+06	7.5102e+06	7.4986e+06	7.5234e+06	7.4906e+06	
7.4598e+06	7.5142e+06	7.4694e+06	7.5168e+06	7.4688e+06	
7.7094e+06	7.6478e+06	7.6368e+06	7.6614e+06	7.6604e+06	
7.5752e+06	7.6106e+06	7.5182e+06	7.5878e+06	7.613e+06	
7.6202e+06	7.6202e+06	7.6322e+06	7.6322e+06	7.5758e+06	
7.6348e+06	7.6942e+06	7.5782e+06	7.6272e+06	7.68e+06	
7.6448e+06	7.5258e+06	7.6494e+06	7.6186e+06	7.607e+06	
7.6866e+06	7.7214e+06	7.6422e+06	7.5854e+06	7.4972e+06	
7.67e+06	7.7622e+06	7.6872e+06	7.6896e+06	7.6024e+06	
7.5738e+06	7.5506e+06	7.601e+06	7.5918e+06	7.5294e+06	
7.602e+06	7.544e+06	7.6432e+06	7.5098e+06	7.5046e+06	
7.5434e+06	7.5314e+06	7.6448e+06	7.5102e+06	7.4956e+06	
7.476e+06	7.5002e+06	7.608e+06	7.543e+06	7.4508e+06	
7.4704e+06	7.4362e+06	7.4518e+06	7.4694e+06	7.4376e+06	
7.5596e+06	7.422e+06	7.4774e+06	7.5092e+06	7.5022e+06	
7.611e+06	7.5676e+06	7.535e+06	7.5022e+06	7.4634e+06	
7.5848e+06	7.4004e+06	7.6e+06	7.5904e+06	7.4992e+06	
7.5108e+06	7.5722e+06	7.5748e+06	7.4856e+06	7.4678e+06	
7.6014e+06	7.5894e+06	7.554e+06	7.602e+06	7.5148e+06	
7.478e+06	7.5602e+06	7.5878e+06	7.5788e+06	7.4976e+06	
7.5046e+06	7.5434e+06	7.4674e+06	7.557e+06	7.481e+06	
7.3454e+06	7.4436e+06	7.4124e+06	7.4628e+06	7.3308e+06	
7.5128e+06	7.5202e+06	7.4562e+06	7.4618e+06	7.4834e+06	
7.4582e+06	7.4038e+06	7.4214e+06	7.485e+06	7.4442e+06	
7.5148e+06	7.4528e+06	7.5404e+06	7.4654e+06	7.4618e+06	
7.428e+06	7.4446e+06	7.484e+06	7.3594e+06	7.4154e+06	
7.4834e+06	7.4452e+06	7.4356e+06	7.4164e+06	7.428e+06	
7.4966e+06	7.4362e+06	7.4986e+06	7.4362e+06	7.368e+06	
7.4694e+06	7.428e+06	7.4784e+06	7.4416e+06	7.3998e+06	
7.4664e+06	7.4598e+06	7.4704e+06	7.4688e+06	7.42e+06	
7.3626e+06	7.3408e+06	7.3394e+06	7.2648e+06	7.3162e+06	
7.373e+06	7.3922e+06	7.4078e+06	7.365e+06	7.304e+06	
7.3574e+06	7.3272e+06	7.4048e+06	7.3746e+06	7.3258e+06	
7.3298e+06	7.3302e+06	7.2284e+06	7.3352e+06	7.2728e+06	
7.3504e+06	7.2648e+06	7.2838e+06	7.2572e+06	7.2506e+06	
7.3298e+06	7.3868e+06	7.3816e+06	7.3656e+06	7.3448e+06	
7.3958e+06	7.483e+06	7.3958e+06	7.308e+06	7.3762e+06	
7.5128e+06	7.4532e+06	7.4972e+06	7.4578e+06	7.476e+06	
7.5324e+06	7.487e+06	7.5238e+06	7.412e+06	7.3464e+06	
7.475e+06	7.4088e+06	7.4426e+06	7.5444e+06	7.412e+06	
7.4376e+06	7.477e+06	7.546e+06	7.4936e+06	7.417e+06	
7.4946e+06	7.4436e+06	7.4442e+06	7.5234e+06	7.4558e+06	
7.414e+06	7.4256e+06	7.4386e+06	7.4472e+06	7.423e+06	
7.4058e+06	7.4436e+06	7.4316e+06	7.4058e+06	7.4396e+06	
7.4296e+06	7.3358e+06	7.4224e+06	7.3938e+06	7.3372e+06	
7.3796e+06	7.362e+06	7.368e+06	7.3982e+06	7.3156e+06	
7.3574e+06	7.3504e+06	7.419e+06	7.3994e+06	7.3836e+06	
7.3776e+06	7.4552e+06	7.3994e+06	7.4014e+06	7.36e+06	
7.3524e+06	7.3524e+06	7.3656e+06	7.3594e+06	7.303e+06	
7.3192e+06	7.4004e+06	7.3428e+06	7.3282e+06	7.4008e+06	
7.2738e+06	7.3036e+06	7.2824e+06	7.2742e+06	7.2682e+06	
7.3504e+06	7.2712e+06	7.228e+06	7.297e+06	7.2446e+06	
7.3484e+06	7.236e+06	7.2566e+06	7.2728e+06	7.25e+06	
7.233e+06	7.237e+06	7.303e+06	7.2768e+06	7.2154e+06	
7.2708e+06	7.242e+06	7.2294e+06	7.248e+06	7.1806e+06	
7.2198e+06	7.2208e+06	7.2142e+06	7.2788e+06	7.1992e+06	
7.1764e+06	7.229e+06	7.2234e+06	7.2132e+06	7.2072e+06	
7.2752e+06	7.185e+06	7.1266e+06	7.1548e+06	7.2496e+06	
7.1382e+06	7.1372e+06	7.1216e+06	7.0984e+06	7.0998e+06	
7.1568e+06	7.1508e+06	7.2522e+06	7.2334e+06	7.0888e+06	
7.1448e+06	7.1452e+06	7.1528e+06	7.1558e+06	7.1826e+06	
7.126e+06	7.121e+06	7.124e+06	7.0796e+06	7.0918e+06	
7.1876e+06	7.0364e+06	7.1956e+06	7.118e+06	7.0998e+06	
7.242e+06	7.1568e+06	7.1206e+06	7.1826e+06	7.1544e+06	
7.1038e+06	7.0838e+06	7.2446e+06	7.0818e+06	7.0076e+06	
7.1372e+06	7.0156e+06	7.106e+06	7.1326e+06	7.0314e+06	
7.0586e+06	7.062e+06	7.0716e+06	7.0576e+06	7.0404e+06	
7.0228e+06	7.0238e+06	6.9764e+06	7.0868e+06	7.0222e+06	
6.9784e+06	6.991e+06	6.9648e+06	6.994e+06	6.8992e+06	
7.0324e+06	6.998e+06	7.0016e+06	6.99e+06	6.9304e+06	
6.9874e+06	7.0988e+06	7.0314e+06	7.0112e+06	6.9566e+06	
7.0046e+06	7.0384e+06	7.0898e+06	7.0212e+06	6.8866e+06	
6.9976e+06	6.9638e+06	6.934e+06	6.9462e+06	6.8766e+06	
6.803e+06	6.8568e+06	6.9114e+06	6.8736e+06	6.8452e+06	
6.8382e+06	6.8242e+06	6.8064e+06	6.8442e+06	6.7672e+06	
6.746e+06	6.7948e+06	6.7864e+06	6.8024e+06	6.7348e+06	
6.8342e+06	6.7414e+06	6.8378e+06	6.7944e+06	6.757e+06	
6.864e+06	6.8684e+06	6.8312e+06	6.7748e+06	6.6886e+06	
6.8232e+06	6.7526e+06	6.929e+06	6.8968e+06	6.8372e+06	
6.8498e+06	6.9284e+06	6.9058e+06	6.878e+06	6.8306e+06	
6.8644e+06	6.9572e+06	6.8674e+06	6.8946e+06	6.9336e+06	
6.9052e+06	6.8912e+06	6.8558e+06	6.8352e+06	6.7832e+06	
6.99e+06	6.9224e+06	6.8756e+06	6.9188e+06	6.9456e+06	
6.9058e+06	6.8978e+06	6.9526e+06	6.871e+06	6.8856e+06	
6.9224e+06	6.9406e+06	6.8554e+06	6.871e+06	6.802e+06	
6.9768e+06	6.9346e+06	6.9662e+06	6.9668e+06	6.8714e+06	
6.9542e+06	6.9008e+06	6.8578e+06	6.94e+06	6.8912e+06	
6.9682e+06	6.9546e+06	6.9048e+06	6.883e+06	6.8654e+06	
6.9824e+06	6.9138e+06	6.9496e+06	6.9562e+06	6.9774e+06	
6.7368e+06	6.8044e+06	6.8432e+06	6.8442e+06	6.8538e+06	
6.9134e+06	6.8368e+06	6.8292e+06	6.8358e+06	6.7696e+06	
6.803e+06	6.8236e+06	6.7622e+06	6.7958e+06	6.7778e+06	
6.8262e+06	6.7106e+06	6.8378e+06	6.808e+06	6.7676e+06	
6.69e+06	6.6668e+06	6.7344e+06	6.691e+06	6.7046e+06	
6.761e+06	6.68e+06	6.689e+06	6.6694e+06	6.74e+06	
6.7274e+06	6.7142e+06	6.7172e+06	6.7368e+06	6.7168e+06	
6.691e+06	6.6542e+06	6.6286e+06	6.5866e+06	6.6088e+06	
6.5978e+06	6.6532e+06	6.6088e+06	6.5544e+06	6.5524e+06	
6.56e+06	6.4324e+06	6.5156e+06	6.5444e+06	6.5372e+06	
6.5644e+06	6.5126e+06	6.5826e+06	6.5498e+06	6.4884e+06	
6.4878e+06	6.4984e+06	6.4446e+06	6.511e+06	6.4666e+06	
6.4012e+06	6.4798e+06	6.497e+06	6.4612e+06	6.3966e+06	
6.4838e+06	6.4298e+06	6.4562e+06	6.4572e+06	6.3966e+06	
6.4536e+06	6.4194e+06	6.506e+06	6.3826e+06	6.4022e+06	
6.4672e+06	6.446e+06	6.446e+06	6.4294e+06	6.4824e+06	
6.4308e+06	6.5014e+06	6.4586e+06	6.4102e+06	6.4152e+06	
6.4248e+06	6.3482e+06	6.4606e+06	6.3266e+06	6.3226e+06	
6.3462e+06	6.3572e+06	6.331e+06	6.2822e+06	6.3226e+06	
6.325e+06	6.2554e+06	6.208e+06	6.25e+06	6.248e+06	
6.3356e+06	6.2726e+06	6.3362e+06	6.2686e+06	6.2554e+06	
6.2106e+06	6.2732e+06	6.2882e+06	6.2126e+06	6.1466e+06	
6.2448e+06	6.2086e+06	6.1904e+06	6.2676e+06	6.2636e+06	
6.2096e+06	6.2574e+06	6.2332e+06	6.2394e+06	6.193e+06	
6.2e+06	6.1844e+06	6.2262e+06	6.1506e+06	6.1596e+06	
6.2278e+06	6.1022e+06	6.2186e+06	6.1536e+06	6.1048e+06	
6.129e+06	6.14e+06	6.2746e+06	6.2176e+06	6.139e+06	
6.1784e+06	6.257e+06	6.1722e+06	6.1986e+06	6.144e+06	
6.1154e+06	6.0916e+06	6.0906e+06	6.1168e+06	6.1188e+06	
6.1184e+06	6.1188e+06	6.1506e+06	6.0956e+06	6.0902e+06	
6.0448e+06	6.0402e+06	6.0008e+06	6.081e+06	6.0528e+06	
6.0528e+06	6.0534e+06	6.1072e+06	6.0176e+06	6.0992e+06	
6.0654e+06	6.0514e+06	5.9908e+06	6.0412e+06	6.012e+06	
6.1406e+06	6.1532e+06	6.0882e+06	6.1284e+06	6.0618e+06	
6.1098e+06	6.0982e+06	6.137e+06	6.0796e+06	6.1028e+06	
6.0408e+06	6.0064e+06	6.0826e+06	5.9398e+06	6.0114e+06	
5.9904e+06	6.0342e+06	6.0216e+06	6.0342e+06	5.944e+06	
6.017e+06	6.0644e+06	6.023e+06	5.9928e+06	6.0134e+06	
6.0472e+06	5.9792e+06	6.019e+06	6.026e+06	6.0452e+06	
6.0896e+06	6.007e+06	6.066e+06	6.0372e+06	6.0942e+06	
6.0346e+06	6.0084e+06	6.0912e+06	6.0206e+06	5.9858e+06	
5.9892e+06	5.9904e+06	5.9344e+06	5.949e+06	5.964e+06	
5.9818e+06	5.9388e+06	5.9536e+06	5.9818e+06	5.902e+06	
5.883e+06	5.9324e+06	5.9556e+06	5.9348e+06	5.8336e+06	
6.003e+06	5.9716e+06	5.882e+06	5.9364e+06	5.8738e+06	
5.9368e+06	5.9892e+06	5.9682e+06	6.0034e+06	5.9378e+06	
5.9484e+06	5.8996e+06	5.903e+06	5.9556e+06	5.8904e+06	
6.0074e+06	5.9656e+06	5.962e+06	5.9812e+06	5.9586e+06	
5.9218e+06	5.9052e+06	5.9248e+06	5.898e+06	5.9262e+06	
5.9424e+06	5.9722e+06	5.9504e+06	5.9294e+06	5.8416e+06	
5.9192e+06	5.881e+06	5.9732e+06	5.897e+06	5.8834e+06	
5.8598e+06	5.8482e+06	5.8038e+06	5.842e+06	5.8496e+06	
5.8274e+06	5.842e+06	5.7988e+06	5.781e+06	5.8194e+06	
5.8794e+06	5.7402e+06	5.8688e+06	5.8558e+06	5.7196e+06	
5.7316e+06	5.7412e+06	5.7216e+06	5.7766e+06	5.7206e+06	
5.7474e+06	5.7382e+06	5.7276e+06	5.7412e+06	5.7272e+06	
5.7568e+06	5.7096e+06	5.657e+06	5.6712e+06	5.6328e+06	
5.7024e+06	5.6118e+06	5.6728e+06	5.6802e+06	5.5996e+06	
5.5538e+06	5.6496e+06	5.6496e+06	5.7206e+06	5.59e+06	
5.6192e+06	5.5876e+06	5.6464e+06	5.6112e+06	5.6178e+06	
5.5674e+06	5.592e+06	5.58e+06	5.5986e+06	5.6248e+06	
5.6782e+06	5.6284e+06	5.6476e+06	5.6244e+06	5.582e+06	
5.6118e+06	5.5644e+06	5.5654e+06	5.5734e+06	5.5512e+06	
5.6612e+06	5.6082e+06	5.6676e+06	5.6016e+06	5.5432e+06	
5.58e+06	5.532e+06	5.5592e+06	5.588e+06	5.5442e+06	
5.635e+06	5.525e+06	5.6066e+06	5.5094e+06	5.455e+06	
5.5784e+06	5.6046e+06	5.5688e+06	5.4756e+06	5.5654e+06	
5.5532e+06	5.458e+06	5.5582e+06	5.5088e+06	5.4826e+06	
5.4428e+06	5.521e+06	5.4418e+06	5.527e+06	5.413e+06	
5.4878e+06	5.4216e+06	5.4666e+06	5.4414e+06	5.5326e+06	
5.4428e+06	5.4584e+06	5.457e+06	5.4272e+06	5.3132e+06	
5.345e+06	5.2946e+06	5.4146e+06	5.3148e+06	5.3344e+06	
5.41e+06	5.3108e+06	5.3218e+06	5.3636e+06	5.3636e+06	
5.3052e+06	5.3436e+06	5.3148e+06	5.3082e+06	5.2846e+06	
5.2482e+06	5.2876e+06	5.2568e+06	5.2372e+06	5.2522e+06	
5.2154e+06	5.2578e+06	5.279e+06	5.1484e+06	5.2114e+06	
5.1828e+06	5.1434e+06	5.2044e+06	5.1988e+06	5.1374e+06	
5.1328e+06	5.1364e+06	5.1268e+06	5.151e+06	5.1408e+06	
5.1418e+06	5.1892e+06	5.1776e+06	5.1606e+06	5.1132e+06	
5.1464e+06	5.1208e+06	5.0874e+06	5.0834e+06	5.0506e+06	
5.091e+06	5.095e+06	5.046e+06	5.0482e+06	5.0244e+06	
5.0976e+06	5.0314e+06	5.0734e+06	5.0966e+06	5.0052e+06	
4.964e+06	5.046e+06	5.0042e+06	4.9448e+06	4.967e+06	
5.0098e+06	5.0254e+06	5.0144e+06	4.9976e+06	4.9578e+06	
5.0552e+06	5.0618e+06	5.1006e+06	5.0492e+06	5.0466e+06	
5.086e+06	5.0204e+06	5.0214e+06	5.0154e+06	4.981e+06	
5.0702e+06	5.0612e+06	5.0774e+06	5.107e+06	5.0652e+06	
5.0678e+06	5.0678e+06	5.0356e+06	5.0702e+06	5.042e+06	
4.9902e+06	4.9806e+06	4.9942e+06	4.9528e+06	5.0346e+06	
4.9534e+06	4.9916e+06	4.9872e+06	4.9816e+06	4.969e+06	
5.1016e+06	4.976e+06	5.026e+06	4.9694e+06	4.9906e+06	
5.091e+06	5.0642e+06	5.0714e+06	5.0184e+06	4.9926e+06	
4.9776e+06	5.025e+06	5.0754e+06	5.0818e+06	4.964e+06	
5.0456e+06	5.027e+06	5.0678e+06	4.9504e+06	5.0446e+06	
5.0072e+06	5.0184e+06	5.0078e+06	4.9608e+06	4.9766e+06	
4.8848e+06	5.0062e+06	4.965e+06	4.964e+06	4.9604e+06	
4.972e+06	4.9044e+06	4.9554e+06	4.9306e+06	4.919e+06	
4.9266e+06	4.9272e+06	4.8626e+06	4.8586e+06	4.9408e+06	
4.8988e+06	4.8232e+06	4.8636e+06	4.8172e+06	4.8652e+06	
4.7558e+06	4.8126e+06	4.7592e+06	4.7526e+06	4.7234e+06	
4.594e+06	4.6392e+06	4.6076e+06	4.595e+06	4.544e+06	
4.4396e+06	4.3766e+06	4.4316e+06	4.4634e+06	4.4376e+06	
4.306e+06	4.2592e+06	4.2622e+06	4.2844e+06	4.2838e+06	
4.3468e+06	4.3616e+06	4.3374e+06	4.3514e+06	4.2652e+06	
4.4608e+06	4.355e+06	4.3816e+06	4.413e+06	4.4246e+06	
4.4976e+06	4.4548e+06	4.429e+06	4.4456e+06	4.4154e+06	
4.5586e+06	4.5908e+06	4.5878e+06	4.5576e+06	4.5172e+06	
4.6826e+06	4.671e+06	4.6544e+06	4.6412e+06	4.6434e+06	
4.6876e+06	4.6528e+06	4.676e+06	4.661e+06	4.678e+06	
4.7396e+06	4.728e+06	4.7064e+06	4.7068e+06	4.7114e+06	
4.7874e+06	4.7506e+06	4.7916e+06	4.7804e+06	4.735e+06	
4.7582e+06	4.7492e+06	4.8022e+06	4.7174e+06	4.7376e+06	
4.7758e+06	4.735e+06	4.7748e+06	4.7642e+06	4.7874e+06	
4.8208e+06	4.7734e+06	4.787e+06	4.7794e+06	4.8092e+06	
4.855e+06	4.8158e+06	4.8828e+06	4.7064e+06	4.7936e+06	
4.8022e+06	4.793e+06	4.8696e+06	4.7854e+06	4.8314e+06	
4.7896e+06	4.796e+06	4.7834e+06	4.7734e+06	4.7582e+06	
4.7986e+06	4.8252e+06	4.79e+06	4.8076e+06	4.7648e+06	
4.8198e+06	4.8526e+06	4.779e+06	4.782e+06	4.7254e+06	
4.8368e+06	4.8162e+06	4.7522e+06	4.7568e+06	4.8022e+06	
4.8168e+06	4.8636e+06	4.8142e+06	4.7526e+06	4.7568e+06	
4.7738e+06	4.7654e+06	4.7608e+06	4.7214e+06	4.6998e+06	
4.7704e+06	4.7114e+06	4.7632e+06	4.778e+06	4.7084e+06	
4.7718e+06	4.7532e+06	4.7144e+06	4.7632e+06	4.6816e+06	
4.74e+06	4.6948e+06	4.6604e+06	4.7446e+06	4.7158e+06	
4.737e+06	4.7588e+06	4.7158e+06	4.6802e+06	4.7124e+06	
4.7412e+06	4.6992e+06	4.7286e+06	4.72e+06	4.7472e+06	
4.72e+06	4.73e+06	4.7094e+06	4.7946e+06	4.6308e+06	
4.724e+06	4.7526e+06	4.7054e+06	4.6852e+06	4.6474e+06	
4.6654e+06	4.6832e+06	4.7032e+06	4.6508e+06	4.6584e+06	
4.7134e+06	4.7306e+06	4.739e+06	4.665e+06	4.7648e+06	
4.7154e+06	4.6958e+06	4.7214e+06	4.7704e+06	4.6822e+06	
4.6776e+06	4.735e+06	4.6696e+06	4.6514e+06	4.6706e+06	
4.6978e+06	4.67e+06	4.6968e+06	4.5848e+06	4.6726e+06	
4.6876e+06	4.6544e+06	4.6514e+06	4.6928e+06	4.66e+06	
4.6664e+06	4.6106e+06	4.667e+06	4.604e+06	4.5984e+06	
4.6514e+06	4.6614e+06	4.6232e+06	4.6564e+06	4.553e+06	
4.6554e+06	4.5864e+06	4.6634e+06	4.6564e+06	4.5884e+06	
4.608e+06	4.5914e+06	4.6186e+06	4.6514e+06	4.6458e+06	
4.6554e+06	4.6832e+06	4.6816e+06	4.5964e+06	4.6286e+06	
4.6498e+06	4.598e+06	4.6392e+06	4.6034e+06	4.6202e+06	
4.6282e+06	4.6614e+06	4.6766e+06	4.6044e+06	4.6106e+06	
4.5666e+06	4.5728e+06	4.6474e+06	4.5924e+06	4.601e+06	
4.6378e+06	4.5592e+06	4.5364e+06	4.5788e+06	4.5984e+06	
4.6192e+06	4.5586e+06	4.5576e+06	4.5636e+06	4.5698e+06	
4.5722e+06	4.4956e+06	4.5092e+06	4.4996e+06	4.553e+06	
4.5298e+06	4.5142e+06	4.4856e+06	4.5314e+06	4.5808e+06	
4.5616e+06	4.5214e+06	4.495e+06	4.4972e+06	4.474e+06	
4.5026e+06	4.543e+06	4.5122e+06	4.4468e+06	4.4628e+06	
4.48e+06	4.5012e+06	4.551e+06	4.4784e+06	4.417e+06	
4.4708e+06	4.4962e+06	4.4654e+06	4.5072e+06	4.4624e+06	
4.5214e+06	4.5062e+06	4.477e+06	4.5036e+06	4.486e+06	
4.5138e+06	4.4946e+06	4.4704e+06	4.4836e+06	4.4972e+06	
4.5138e+06	4.5066e+06	4.5224e+06	4.546e+06	4.4562e+06	
4.5042e+06	4.4704e+06	4.4774e+06	4.4996e+06	4.4376e+06	
4.5218e+06	4.5264e+06	4.5344e+06	4.5138e+06	4.552e+06	
4.4734e+06	4.4386e+06	4.4794e+06	4.4668e+06	4.4114e+06	
4.4266e+06	4.3776e+06	4.433e+06	4.477e+06	4.3796e+06	
4.4174e+06	4.4784e+06	4.4246e+06	4.3882e+06	4.3826e+06	
4.4194e+06	4.3594e+06	4.4396e+06	4.4518e+06	4.4204e+06	
4.4518e+06	4.5092e+06	4.4436e+06	4.4064e+06	4.4084e+06	
4.4114e+06	4.4008e+06	4.4658e+06	4.4382e+06	4.354e+06	
4.3918e+06	4.3514e+06	4.4094e+06	4.421e+06	4.3836e+06	
4.369e+06	4.412e+06	4.4018e+06	4.3706e+06	4.4266e+06	
4.4416e+06	4.3826e+06	4.3892e+06	4.3994e+06	4.419e+06	
4.3206e+06	4.3424e+06	4.357e+06	4.2828e+06	4.3836e+06	
4.3842e+06	4.3752e+06	4.3308e+06	4.3898e+06	4.3676e+06	
4.3666e+06	4.306e+06	4.366e+06	4.3288e+06	4.2606e+06	
4.4104e+06	4.3494e+06	4.3524e+06	4.36e+06	4.3364e+06	
4.3984e+06	4.3398e+06	4.3732e+06	4.3146e+06	4.2974e+06	
4.2974e+06	4.37e+06	4.2672e+06	4.3252e+06	4.3e+06	
4.3364e+06	4.3076e+06	4.3902e+06	4.3162e+06	4.2516e+06	
4.371e+06	4.3478e+06	4.3292e+06	4.3146e+06	4.305e+06	
4.296e+06	4.2828e+06	4.2592e+06	4.2626e+06	4.2612e+06	
4.2194e+06	4.2596e+06	4.2522e+06	4.2188e+06	4.188e+06	
4.3394e+06	4.2648e+06	4.2596e+06	4.3252e+06	4.248e+06	
4.2592e+06	4.2406e+06	4.2426e+06	4.2884e+06	4.234e+06	
4.2924e+06	4.2768e+06	4.2224e+06	4.1896e+06	4.2546e+06	
4.2522e+06	4.2294e+06	4.2314e+06	4.2224e+06	4.301e+06	
4.2148e+06	4.3026e+06	4.234e+06	4.2264e+06	4.184e+06	
4.2294e+06	4.1558e+06	4.2208e+06	4.2284e+06	4.234e+06	
4.1932e+06	4.1588e+06	4.2274e+06	4.1584e+06	4.1604e+06	
4.2188e+06	4.1428e+06	4.1952e+06	4.1836e+06	4.1528e+06	
4.1332e+06	4.1502e+06	4.0918e+06	4.1346e+06	4.0994e+06	
4.1154e+06	4.125e+06	4.121e+06	4.0924e+06	4.0802e+06	
4.0868e+06	4.0842e+06	4.1418e+06	4.1376e+06	4.0968e+06	
4.0666e+06	4.0404e+06	4.0142e+06	4.053e+06	4.0812e+06	
4.0672e+06	4.0676e+06	4.0766e+06	4.0636e+06	4.0968e+06	
4.0394e+06	4.0328e+06	4.0408e+06	4.0494e+06	4.0338e+06	
4.0418e+06	4.0404e+06	4.0434e+06	4e+06	4.0374e+06	
3.985e+06	4.0172e+06	3.9572e+06	3.9492e+06	3.9748e+06	
3.8368e+06	3.7914e+06	3.8326e+06	3.7908e+06	3.8e+06	
3.553e+06	3.6174e+06	3.5342e+06	3.571e+06	3.5736e+06	
3.3392e+06	3.328e+06	3.3754e+06	3.3452e+06	3.3628e+06	
3.263e+06	3.2338e+06	3.2626e+06	3.2358e+06	3.2332e+06	
3.3008e+06	3.3058e+06	3.2722e+06	3.262e+06	3.2102e+06	
3.2964e+06	3.2302e+06	3.255e+06	3.2706e+06	3.2772e+06	
3.3552e+06	3.3564e+06	3.3054e+06	3.2988e+06	3.2766e+06	
3.2888e+06	3.3124e+06	3.316e+06	3.2848e+06	3.3194e+06	
3.2998e+06	3.2772e+06	3.2726e+06	3.3436e+06	3.3286e+06	
3.3936e+06	3.3356e+06	3.2942e+06	3.3972e+06	3.2726e+06	
3.3468e+06	3.3694e+06	3.3956e+06	3.3594e+06	3.3856e+06	
3.3382e+06	3.377e+06	3.3502e+06	3.3714e+06	3.325e+06	
3.3946e+06	3.4092e+06	3.3972e+06	3.3804e+06	3.4108e+06	
3.4132e+06	3.441e+06	3.3946e+06	3.3876e+06	3.4062e+06	
3.4772e+06	3.435e+06	3.494e+06	3.4728e+06	3.4824e+06	
3.4888e+06	3.4934e+06	3.3906e+06	3.4742e+06	3.4622e+06	
3.509e+06	3.5e+06	3.4908e+06	3.4884e+06	3.5156e+06	
3.5202e+06	3.5232e+06	3.5272e+06	3.4768e+06	3.5222e+06	
3.5464e+06	3.5252e+06	3.514e+06	3.5086e+06	3.5196e+06	
3.4828e+06	3.5252e+06	3.5382e+06	3.5014e+06	3.4592e+06	
3.4712e+06	3.5e+06	3.5232e+06	3.4682e+06	3.4834e+06	
3.4572e+06	3.4476e+06	3.439e+06	3.452e+06	3.4324e+06	
3.4002e+06	3.4188e+06	3.3654e+06	3.3724e+06	3.4194e+06	
3.3618e+06	3.3936e+06	3.4002e+06	3.4198e+06	3.383e+06	
3.3886e+06	3.3794e+06	3.392e+06	3.392e+06	3.4122e+06	
3.4082e+06	3.376e+06	3.3754e+06	3.4016e+06	3.2984e+06	
3.4112e+06	3.386e+06	3.4012e+06	3.4158e+06	3.3604e+06	
3.3754e+06	3.3658e+06	3.3644e+06	3.3548e+06	3.3458e+06	
3.3522e+06	3.3866e+06	3.4148e+06	3.3976e+06	3.3518e+06	
3.375e+06	3.3644e+06	3.4228e+06	3.4178e+06	3.322e+06	
3.439e+06	3.4006e+06	3.4752e+06	3.4088e+06	3.374e+06	
3.4294e+06	3.436e+06	3.4264e+06	3.4278e+06	3.4678e+06	
3.4238e+06	3.438e+06	3.4808e+06	3.3488e+06	3.4248e+06	
3.4656e+06	3.4546e+06	3.4848e+06	3.4632e+06	3.4582e+06	
3.378e+06	3.374e+06	3.4234e+06	3.445e+06	3.382e+06	
3.4152e+06	3.38e+06	3.4526e+06	3.4172e+06	3.3564e+06	
3.373e+06	3.3966e+06	3.3664e+06	3.3542e+06	3.3024e+06	
3.3614e+06	3.3442e+06	3.2958e+06	3.3538e+06	3.3276e+06	
3.3436e+06	3.3382e+06	3.3754e+06	3.2862e+06	3.2806e+06	
3.3382e+06	3.2868e+06	3.3054e+06	3.2922e+06	3.2586e+06	
3.2832e+06	3.2766e+06	3.2776e+06	3.2742e+06	3.2872e+06	
3.2378e+06	3.2186e+06	3.2348e+06	3.2166e+06	3.1652e+06	
3.2374e+06	3.1986e+06	3.266e+06	3.209e+06	3.203e+06	
3.1546e+06	3.1824e+06	3.1788e+06	3.1854e+06	3.1576e+06	
3.1996e+06	3.1154e+06	3.1596e+06	3.1632e+06	3.1244e+06	
3.19e+06	3.1556e+06	3.131e+06	3.1754e+06	3.1728e+06	
3.1148e+06	3.1456e+06	3.1396e+06	3.1688e+06	3.1028e+06	
3.141e+06	3.1658e+06	3.1672e+06	3.1502e+06	3.125e+06	
3.1542e+06	3.08e+06	3.132e+06	3.0966e+06	3.1124e+06	
3.1218e+06	3.1728e+06	3.1456e+06	3.0936e+06	3.0806e+06	
3.1596e+06	3.1576e+06	3.126e+06	3.131e+06	3.14e+06	
3.127e+06	3.1314e+06	3.1426e+06	3.1088e+06	3.1028e+06	
3.1542e+06	3.1536e+06	3.1532e+06	3.1648e+06	3.1148e+06	
3.1426e+06	3.1662e+06	3.1536e+06	3.1612e+06	3.1824e+06	
3.0992e+06	3.1824e+06	3.1416e+06	3.1416e+06	3.1592e+06	
3.1688e+06	3.194e+06	3.1738e+06	3.1612e+06	3.1586e+06	
3.2046e+06	3.1042e+06	3.1784e+06	3.138e+06	3.1622e+06	
3.1314e+06	3.1324e+06	3.133e+06	3.1188e+06	3.0946e+06	
3.1208e+06	3.0588e+06	3.0892e+06	3.141e+06	3.075e+06	
3.1304e+06	3.085e+06	3.1102e+06	3.1072e+06	3.0946e+06	
3.0836e+06	3.1214e+06	3.0942e+06	3.0644e+06	3.0896e+06	
3.1102e+06	3.0734e+06	3.071e+06	3.1304e+06	3.069e+06	
3.1304e+06	3.0554e+06	3.0986e+06	3.0514e+06	3.0846e+06	
3.0614e+06	3.0992e+06	3.082e+06	3.0574e+06	3.0892e+06	
3.0886e+06	3.0316e+06	3.0432e+06	3.078e+06	3.011e+06	
3.075e+06	3.0276e+06	3.0482e+06	3.004e+06	3.064e+06	
3.1008e+06	3.084e+06	3.0316e+06	3.0372e+06	3.0156e+06	
3.013e+06	3.0316e+06	3.006e+06	3.0356e+06	3.02e+06	
3.0458e+06	3.068e+06	3.023e+06	3.0336e+06	2.9964e+06	
3.0262e+06	3.014e+06	3.0286e+06	3.017e+06	3.0034e+06	
3.0094e+06	2.9868e+06	3.0008e+06	3.0282e+06	2.9898e+06	
3.015e+06	3.005e+06	2.9838e+06	3.0024e+06	3.016e+06	
2.9964e+06	2.9474e+06	3.0472e+06	2.9526e+06	2.9726e+06	
2.9808e+06	3.0008e+06	2.9944e+06	2.9978e+06	3.0094e+06	
3.004e+06	2.9686e+06	3.0064e+06	3.0186e+06	3.0504e+06	
2.9706e+06	2.9712e+06	2.9772e+06	2.9918e+06	2.9656e+06	
2.9198e+06	2.955e+06	3.003e+06	2.958e+06	2.897e+06	
2.944e+06	2.9798e+06	2.9358e+06	2.949e+06	2.949e+06	
2.9964e+06	2.948e+06	2.943e+06	2.9566e+06	2.9596e+06	
2.9132e+06	2.9238e+06	2.9136e+06	2.8874e+06	2.885e+06	
2.9026e+06	2.9454e+06	2.891e+06	2.899e+06	2.8476e+06	
2.8794e+06	2.884e+06	2.9298e+06	2.8642e+06	2.8558e+06	
2.963e+06	2.9142e+06	2.8946e+06	2.8568e+06	2.9042e+06	
2.8864e+06	2.8482e+06	2.901e+06	2.8582e+06	2.887e+06	
2.8466e+06	2.8844e+06	2.8542e+06	2.84e+06	2.881e+06	
2.8204e+06	2.776e+06	2.7842e+06	2.8154e+06	2.8562e+06	
2.8804e+06	2.831e+06	2.8058e+06	2.8144e+06	2.7594e+06	
2.8316e+06	2.8532e+06	2.8648e+06	2.8134e+06	2.8118e+06	
2.777e+06	2.8012e+06	2.768e+06	2.766e+06	2.773e+06	
2.771e+06	2.7116e+06	2.7146e+06	2.7216e+06	2.6924e+06	
2.7106e+06	2.655e+06	2.642e+06	2.6848e+06	2.6682e+06	
2.5542e+06	2.5518e+06	2.6056e+06	2.6046e+06	2.5824e+06	
2.47e+06	2.4762e+06	2.4846e+06	2.455e+06	2.4594e+06	
2.4278e+06	2.3774e+06	2.404e+06	2.3416e+06	2.3814e+06	
2.3168e+06	2.3344e+06	2.3058e+06	2.3142e+06	2.2846e+06	
2.3048e+06	2.3122e+06	2.2916e+06	2.29e+06	2.2816e+06	
2.2428e+06	2.2376e+06	2.2522e+06	2.2176e+06	2.2034e+06	
2.1908e+06	2.1566e+06	2.1394e+06	2.1902e+06	2.1722e+06	
2.1162e+06	2.1474e+06	2.1202e+06	2.1596e+06	2.1222e+06	
2.1152e+06	2.1156e+06	2.151e+06	2.1156e+06	2.1102e+06	
2.098e+06	2.1076e+06	2.0924e+06	2.0894e+06	2.0682e+06	
2.093e+06	2.0934e+06	2.1524e+06	2.1046e+06	2.0884e+06	
2.158e+06	2.1006e+06	2.1292e+06	2.1182e+06	2.0688e+06	
2.1288e+06	2.1302e+06	2.1722e+06	2.1554e+06	2.1762e+06	
2.2312e+06	2.2352e+06	2.1882e+06	2.2342e+06	2.2468e+06	
2.3002e+06	2.336e+06	2.282e+06	2.3118e+06	2.3092e+06	
2.3814e+06	2.3732e+06	2.396e+06	2.3384e+06	2.3556e+06	
2.3884e+06	2.4342e+06	2.4026e+06	2.4222e+06	2.4076e+06	
2.4172e+06	2.4404e+06	2.4348e+06	2.4448e+06	2.4368e+06	
2.4322e+06	2.4342e+06	2.3784e+06	2.4236e+06	2.4166e+06	
2.402e+06	2.404e+06	2.3708e+06	2.41e+06	2.3874e+06	
2.3552e+06	2.3248e+06	2.351e+06	2.3142e+06	2.3248e+06	
2.2658e+06	2.2322e+06	2.283e+06	2.2544e+06	2.2442e+06	
2.277e+06	2.2018e+06	2.2186e+06	2.2216e+06	2.2366e+06	
2.229e+06	2.2462e+06	2.2134e+06	2.2352e+06	2.2124e+06	
2.1988e+06	2.2322e+06	2.2276e+06	2.1756e+06	2.1948e+06	
2.1756e+06	2.1686e+06	2.1938e+06	2.165e+06	2.1696e+06	
2.2014e+06	2.1696e+06	2.1796e+06	2.1746e+06	2.205e+06	
2.1968e+06	2.1696e+06	2.1242e+06	2.1944e+06	2.1636e+06	
2.1842e+06	2.1586e+06	2.2004e+06	2.156e+06	2.1726e+06	
2.16e+06	2.206e+06	2.1732e+06	2.1736e+06	2.157e+06	
2.1646e+06	2.1964e+06	2.1716e+06	2.1822e+06	2.1646e+06	
2.2134e+06	2.208e+06	2.1796e+06	2.2216e+06	2.2164e+06	
2.1762e+06	2.1606e+06	2.1732e+06	2.1818e+06	2.1606e+06	
2.1726e+06	2.1358e+06	2.1374e+06	2.1756e+06	2.152e+06	
2.1968e+06	2.1656e+06	2.164e+06	2.1424e+06	2.1056e+06	
2.15e+06	2.1636e+06	2.1252e+06	2.1858e+06	2.16e+06	
2.1822e+06	2.1686e+06	2.1576e+06	2.149e+06	2.1424e+06	
2.1838e+06	2.148e+06	2.1308e+06	2.1796e+06	2.1328e+06	
2.1006e+06	2.099e+06	2.089e+06	2.1424e+06	2.1302e+06	
2.145e+06	2.1494e+06	2.1666e+06	2.157e+06	2.1212e+06	
2.1626e+06	2.1868e+06	2.1838e+06	2.1938e+06	2.1796e+06	
2.1696e+06	2.163e+06	2.1606e+06	2.1872e+06	2.1872e+06	
2.1716e+06	2.1464e+06	2.1762e+06	2.1344e+06	2.2104e+06	
2.1822e+06	2.1848e+06	2.1676e+06	2.159e+06	2.1782e+06	
2.1872e+06	2.207e+06	2.1944e+06	2.16e+06	2.1606e+06	
2.2024e+06	2.167e+06	2.2018e+06	2.1444e+06	2.1646e+06	
2.209e+06	2.1852e+06	2.1842e+06	2.2034e+06	2.1862e+06	
2.1928e+06	2.2326e+06	2.2594e+06	2.2396e+06	2.221e+06	
2.2532e+06	2.2598e+06	2.2362e+06	2.2114e+06	2.2422e+06	
2.2982e+06	2.2558e+06	2.2714e+06	2.2996e+06	2.267e+06	
2.2634e+06	2.3002e+06	2.3118e+06	2.2912e+06	2.279e+06	
2.3556e+06	2.3384e+06	2.331e+06	2.3436e+06	2.3158e+06	
2.3848e+06	2.35e+06	2.3012e+06	2.3526e+06	2.3194e+06	
2.3194e+06	2.3616e+06	2.3602e+06	2.3194e+06	2.3652e+06	
2.3486e+06	2.3354e+06	2.3284e+06	2.3606e+06	2.336e+06	
2.3668e+06	2.3446e+06	2.3184e+06	2.3602e+06	2.3652e+06	
2.3702e+06	2.3526e+06	2.3542e+06	2.3542e+06	2.3244e+06	
2.3304e+06	2.3294e+06	2.341e+06	2.3526e+06	2.331e+06	
2.3532e+06	2.345e+06	2.3002e+06	2.3248e+06	2.3088e+06	
2.3012e+06	2.3562e+06	2.2932e+06	2.3174e+06	2.3254e+06	
2.281e+06	2.3022e+06	2.3184e+06	2.3092e+06	2.2604e+06	
2.2932e+06	2.269e+06	2.3254e+06	2.3446e+06	2.3012e+06	
2.3738e+06	2.329e+06	2.3208e+06	2.3042e+06	2.2644e+06	
2.3572e+06	2.349e+06	2.2952e+06	2.342e+06	2.2836e+06	
2.3228e+06	2.3294e+06	2.3228e+06	2.3138e+06	2.3522e+06	
2.343e+06	2.3526e+06	2.3446e+06	2.3026e+06	2.3178e+06	
2.2966e+06	2.2896e+06	2.3006e+06	2.3092e+06	2.2512e+06	
2.2614e+06	2.2896e+06	2.2774e+06	2.3284e+06	2.2704e+06	
2.2786e+06	2.2976e+06	2.3016e+06	2.2922e+06	2.2598e+06	
2.2896e+06	2.3208e+06	2.3048e+06	2.3132e+06	2.3244e+06	
2.329e+06	2.3164e+06	2.278e+06	2.3198e+06	2.3174e+06	
2.3542e+06	2.2942e+06	2.3026e+06	2.2796e+06	2.3142e+06	
2.3122e+06	2.289e+06	2.3566e+06	2.2992e+06	2.2966e+06	
2.2986e+06	2.3284e+06	2.274e+06	2.2932e+06	2.281e+06	
2.2942e+06	2.2976e+06	2.2866e+06	2.2574e+06	2.28e+06	
2.2926e+06	2.2932e+06	2.3142e+06	2.3002e+06	2.2392e+06	
2.3154e+06	2.2992e+06	2.2886e+06	2.3052e+06	2.2478e+06	
2.3122e+06	2.3016e+06	2.3092e+06	2.2532e+06	2.2694e+06	
2.331e+06	2.2932e+06	2.2922e+06	2.2382e+06	2.2926e+06	
2.268e+06	2.29e+06	2.2866e+06	2.274e+06	2.2366e+06	
2.3228e+06	2.2846e+06	2.2942e+06	2.2952e+06	2.3184e+06	
2.3048e+06	2.3238e+06	2.3268e+06	2.3088e+06	2.3174e+06	
2.3092e+06	2.3194e+06	2.3168e+06	2.3052e+06	2.284e+06	
2.2956e+06	2.348e+06	2.287e+06	2.337e+06	2.2916e+06	
2.3002e+06	2.3112e+06	2.2876e+06	2.2972e+06	2.3038e+06	
2.2734e+06	2.2664e+06	2.2992e+06	2.3026e+06	2.3032e+06	
2.2996e+06	2.3042e+06	2.2774e+06	2.2856e+06	2.2522e+06	
2.3138e+06	2.2866e+06	2.2946e+06	2.2462e+06	2.3112e+06	
2.3244e+06	2.3012e+06	2.33e+06	2.2966e+06	2.28e+06	
2.287e+06	2.2926e+06	2.273e+06	2.2774e+06	2.271e+06	
2.2518e+06	2.2734e+06	2.332e+06	2.2704e+06	2.2472e+06	
2.2548e+06	2.2648e+06	2.268e+06	2.2478e+06	2.2614e+06	
2.267e+06	2.2654e+06	2.2856e+06	2.2574e+06	2.2896e+06	
2.2992e+06	2.3016e+06	2.2992e+06	2.2694e+06	2.272e+06	
2.2392e+06	2.2392e+06	2.2382e+06	2.274e+06	2.2926e+06	
2.2498e+06	2.2336e+06	2.2578e+06	2.22e+06	2.2418e+06	
2.2796e+06	2.2976e+06	2.28e+06	2.2256e+06	2.2458e+06	
2.2544e+06	2.3002e+06	2.276e+06	2.283e+06	2.2468e+06	
2.2674e+06	2.267e+06	2.2644e+06	2.2438e+06	2.2266e+06	
2.2498e+06	2.2458e+06	2.2594e+06	2.2376e+06	2.1908e+06	
2.2074e+06	2.2054e+06	2.2618e+06	2.2322e+06	2.2186e+06	
2.2266e+06	2.2084e+06	2.2296e+06	2.1944e+06	2.2024e+06	
2.2422e+06	2.2164e+06	2.1842e+06	2.2342e+06	2.2028e+06	
2.2034e+06	2.222e+06	2.206e+06	2.2094e+06	2.1786e+06	
2.162e+06	2.2064e+06	2.165e+06	2.1964e+06	2.1842e+06	
2.1902e+06	2.2084e+06	2.1902e+06	2.1848e+06	2.1626e+06	
2.2342e+06	2.2422e+06	2.1964e+06	2.207e+06	2.1756e+06	
2.2018e+06	2.1706e+06	2.221e+06	2.1586e+06	2.2104e+06	
2.2094e+06	2.1808e+06	2.1818e+06	2.162e+06	2.1944e+06	
2.1646e+06	2.1808e+06	2.1318e+06	2.2008e+06	2.1616e+06	
2.1626e+06	2.213e+06	2.1534e+06	2.1994e+06	2.158e+06	
2.1878e+06	2.1696e+06	2.1776e+06	2.153e+06	2.1666e+06	
2.1424e+06	2.2164e+06	2.15e+06	2.161e+06	2.1736e+06	
2.152e+06	2.1752e+06	2.1424e+06	2.1414e+06	2.1464e+06	
2.1428e+06	2.148e+06	2.1554e+06	2.163e+06	2.1978e+06	
2.156e+06	2.163e+06	2.1616e+06	2.1318e+06	2.1504e+06	
2.1616e+06	2.1072e+06	2.1818e+06	2.157e+06	2.1318e+06	
2.1136e+06	2.1262e+06	2.1484e+06	2.154e+06	2.1364e+06	
2.1534e+06	2.1308e+06	2.0794e+06	2.1384e+06	2.1408e+06	
2.1378e+06	2.094e+06	2.099e+06	2.1258e+06	2.1182e+06	
2.1324e+06	2.1298e+06	2.1112e+06	2.1354e+06	2.1198e+06	
2.1202e+06	2.1364e+06	2.1102e+06	2.0944e+06	2.1302e+06	
2.1292e+06	2.163e+06	2.1046e+06	2.1324e+06	2.0966e+06	
2.093e+06	2.1046e+06	2.1252e+06	2.1036e+06	2.0884e+06	
2.091e+06	2.0996e+06	2.1232e+06	2.101e+06	2.0944e+06	
2.0662e+06	2.0708e+06	2.0546e+06	2.095e+06	2.0768e+06	
2.0502e+06	2.0642e+06	2.0662e+06	2.0744e+06	2.1086e+06	
2.084e+06	2.0724e+06	2.0602e+06	2.0934e+06	2.0662e+06	
2.0082e+06	2.0642e+06	2.0254e+06	2.0618e+06	2.031e+06	
1.975e+06	1.962e+06	1.9528e+06	1.9296e+06	1.911e+06	
1.7648e+06	1.8066e+06	1.7854e+06	1.8046e+06	1.7764e+06	
1.537e+06	1.545e+06	1.552e+06	1.5582e+06	1.536e+06	
1.3192e+06	1.3162e+06	1.3232e+06	1.3096e+06	1.3142e+06	
1.1372e+06	1.1114e+06	1.1428e+06	1.1134e+06	1.1614e+06	
999600	986000	997600	1.001e+06	983400	
935600	920400	950200	937600	935600	
967800	958800	943000	953200	970400	
1.0364e+06	1.0188e+06	1.0374e+06	1.045e+06	1.0308e+06	
1.0978e+06	1.103e+06	1.0994e+06	1.123e+06	1.1008e+06	
1.1538e+06	1.1654e+06	1.1618e+06	1.1458e+06	1.1518e+06	
1.1544e+06	1.1548e+06	1.1402e+06	1.1472e+06	1.1442e+06	
1.1684e+06	1.1578e+06	1.1568e+06	1.1376e+06	1.1352e+06	
1.1452e+06	1.1372e+06	1.1134e+06	1.1442e+06	1.103e+06	
1.1498e+06	1.1302e+06	1.1292e+06	1.12e+06	1.1502e+06	
1.1502e+06	1.1402e+06	1.1412e+06	1.123e+06	1.1462e+06	
1.188e+06	1.184e+06	1.167e+06	1.1846e+06	1.1942e+06	
1.2204e+06	1.23e+06	1.2164e+06	1.2178e+06	1.1986e+06	
1.2622e+06	1.2582e+06	1.2502e+06	1.2566e+06	1.2784e+06	
1.3186e+06	1.3384e+06	1.3248e+06	1.301e+06	1.3282e+06	
1.3776e+06	1.3514e+06	1.363e+06	1.362e+06	1.3848e+06	
1.4416e+06	1.4376e+06	1.428e+06	1.4382e+06	1.4266e+06	
1.4992e+06	1.4678e+06	1.4668e+06	1.4478e+06	1.5056e+06	
1.5586e+06	1.5506e+06	1.5294e+06	1.5274e+06	1.5182e+06	
1.604e+06	1.5652e+06	1.606e+06	1.5818e+06	1.6216e+06	
1.6494e+06	1.6352e+06	1.6634e+06	1.6498e+06	1.6246e+06	
1.7108e+06	1.725e+06	1.7128e+06	1.6826e+06	1.6892e+06	
1.7446e+06	1.7028e+06	1.7738e+06	1.731e+06	1.7416e+06	
1.7674e+06	1.7452e+06	1.784e+06	1.7506e+06	1.7442e+06	
1.8082e+06	1.8046e+06	1.794e+06	1.7648e+06	1.7896e+06	
1.7946e+06	1.7976e+06	1.8138e+06	1.7864e+06	1.8152e+06	
1.8052e+06	1.8012e+06	1.8042e+06	1.794e+06	1.784e+06	
1.8278e+06	1.8092e+06	1.8132e+06	1.791e+06	1.8182e+06	
1.8212e+06	1.787e+06	1.8242e+06	1.8016e+06	1.8288e+06	
1.8284e+06	1.7936e+06	1.8192e+06	1.8076e+06	1.8142e+06	
1.84e+06	1.8182e+06	1.8162e+06	1.8066e+06	1.7754e+06	
1.8368e+06	1.856e+06	1.8354e+06	1.8072e+06	1.8344e+06	
1.8264e+06	1.8188e+06	1.8288e+06	1.7936e+06	1.8354e+06	
1.85e+06	1.8096e+06	1.8294e+06	1.796e+06	1.8258e+06	
1.8566e+06	1.8374e+06	1.7976e+06	1.8254e+06	1.8082e+06	
1.7608e+06	1.793e+06	1.8142e+06	1.7814e+06	1.8132e+06	
1.8218e+06	1.8232e+06	1.8126e+06	1.8066e+06	1.789e+06	
1.794e+06	1.7814e+06	1.7774e+06	1.8454e+06	1.8158e+06	
1.8102e+06	1.8264e+06	1.8116e+06	1.792e+06	1.8152e+06	
1.787e+06	1.8026e+06	1.793e+06	1.7936e+06	1.7758e+06	
1.7814e+06	1.7632e+06	1.795e+06	1.786e+06	1.7986e+06	
1.8152e+06	1.7834e+06	1.7906e+06	1.7864e+06	1.7562e+06	
1.781e+06	1.79e+06	1.791e+06	1.7612e+06	1.7678e+06	
1.7286e+06	1.7406e+06	1.778e+06	1.7618e+06	1.7744e+06	
1.7482e+06	1.7562e+06	1.7956e+06	1.7356e+06	1.7346e+06	
1.7648e+06	1.7204e+06	1.7562e+06	1.78e+06	1.7744e+06	
1.7432e+06	1.7346e+06	1.7592e+06	1.716e+06	1.7674e+06	
1.7996e+06	1.7538e+06	1.7694e+06	1.789e+06	1.7548e+06	
1.7442e+06	1.7644e+06	1.7496e+06	1.7648e+06	1.7442e+06	
1.7654e+06	1.7572e+06	1.7608e+06	1.7234e+06	1.7492e+06	
1.7552e+06	1.7562e+06	1.7452e+06	1.7708e+06	1.7552e+06	
1.7406e+06	1.7562e+06	1.7346e+06	1.721e+06	1.7094e+06	
1.7276e+06	1.7366e+06	1.7406e+06	1.7128e+06	1.715e+06	
1.7612e+06	1.718e+06	1.7306e+06	1.7582e+06	1.7138e+06	
1.671e+06	1.7184e+06	1.7028e+06	1.7094e+06	1.6962e+06	
1.7012e+06	1.721e+06	1.7264e+06	1.6938e+06	1.7214e+06	
1.736e+06	1.6654e+06	1.7038e+06	1.7174e+06	1.7012e+06	
1.6982e+06	1.6886e+06	1.716e+06	1.7054e+06	1.7538e+06	
1.7296e+06	1.724e+06	1.717e+06	1.724e+06	1.6938e+06	
1.7034e+06	1.724e+06	1.7094e+06	1.6912e+06	1.7512e+06	
1.6982e+06	1.7104e+06	1.6786e+06	1.7108e+06	1.7254e+06	
1.7118e+06	1.7048e+06	1.6686e+06	1.7164e+06	1.7204e+06	
1.6886e+06	1.7234e+06	1.6736e+06	1.6802e+06	1.664e+06	
1.7326e+06	1.6846e+06	1.6862e+06	1.6938e+06	1.6866e+06	
1.6792e+06	1.6876e+06	1.7012e+06	1.675e+06	1.661e+06	
1.7098e+06	1.6816e+06	1.6922e+06	1.667e+06	1.6952e+06	
1.6928e+06	1.6802e+06	1.664e+06	1.7058e+06	1.6564e+06	
1.7012e+06	1.7084e+06	1.6726e+06	1.7128e+06	1.6876e+06	
1.6776e+06	1.671e+06	1.717e+06	1.6654e+06	1.7002e+06	
1.676e+06	1.6272e+06	1.6508e+06	1.6458e+06	1.6408e+06	
1.6908e+06	1.6726e+06	1.6756e+06	1.6358e+06	1.6528e+06	
1.6832e+06	1.6676e+06	1.6696e+06	1.6474e+06	1.6528e+06	
1.6368e+06	1.6272e+06	1.6792e+06	1.6368e+06	1.6594e+06	
1.6584e+06	1.661e+06	1.6498e+06	1.6676e+06	1.6434e+06	
1.6484e+06	1.6454e+06	1.6508e+06	1.6484e+06	1.663e+06	
1.659e+06	1.669e+06	1.6696e+06	1.6826e+06	1.6498e+06	
1.664e+06	1.6342e+06	1.6272e+06	1.6666e+06	1.66e+06	
1.6368e+06	1.6192e+06	1.6266e+06	1.6478e+06	1.6746e+06	
1.6196e+06	1.6812e+06	1.6604e+06	1.6474e+06	1.6434e+06	
1.6518e+06	1.6272e+06	1.6298e+06	1.6206e+06	1.6398e+06	
1.6024e+06	1.6116e+06	1.6292e+06	1.6408e+06	1.6192e+06	
1.601e+06	1.6146e+06	1.5868e+06	1.6286e+06	1.608e+06	
1.6166e+06	1.6392e+06	1.6014e+06	1.6222e+06	1.5884e+06	
1.603e+06	1.6136e+06	1.5944e+06	1.5798e+06	1.5778e+06	
1.602e+06	1.5708e+06	1.5728e+06	1.6056e+06	1.5908e+06	
1.5722e+06	1.597e+06	1.5868e+06	1.5874e+06	1.6e+06	
1.6172e+06	1.6216e+06	1.5798e+06	1.5854e+06	1.5854e+06	
1.5772e+06	1.5666e+06	1.5576e+06	1.5712e+06	1.5814e+06	
1.607e+06	1.5666e+06	1.5884e+06	1.5722e+06	1.552e+06	
1.5782e+06	1.5394e+06	1.5698e+06	1.5516e+06	1.5768e+06	
1.544e+06	1.5204e+06	1.5546e+06	1.5204e+06	1.535e+06	
1.5506e+06	1.5394e+06	1.545e+06	1.5636e+06	1.5334e+06	
1.5354e+06	1.5384e+06	1.549e+06	1.5466e+06	1.5244e+06	
1.5364e+06	1.5728e+06	1.5288e+06	1.542e+06	1.5188e+06	
1.5268e+06	1.542e+06	1.5198e+06	1.5248e+06	1.5324e+06	
1.55e+06	1.5314e+06	1.5314e+06	1.5072e+06	1.5304e+06	
1.5294e+06	1.544e+06	1.5304e+06	1.5148e+06	1.5098e+06	
1.4996e+06	1.4982e+06	1.5042e+06	1.5152e+06	1.5314e+06	
1.486e+06	1.485e+06	1.5032e+06	1.4724e+06	1.493e+06	
1.489e+06	1.4996e+06	1.4774e+06	1.49e+06	1.473e+06	
1.4966e+06	1.5036e+06	1.4926e+06	1.5026e+06	1.4668e+06	
1.5098e+06	1.5208e+06	1.493e+06	1.479e+06	1.4836e+06	
1.4976e+06	1.489e+06	1.478e+06	1.4502e+06	1.4684e+06	
1.489e+06	1.4876e+06	1.4886e+06	1.4658e+06	1.4624e+06	
1.4986e+06	1.4674e+06	1.4814e+06	1.483e+06	1.4604e+06	
1.5182e+06	1.4936e+06	1.4458e+06	1.5032e+06	1.4764e+06	
1.4906e+06	1.486e+06	1.4432e+06	1.4804e+06	1.4644e+06	
1.4774e+06	1.431e+06	1.487e+06	1.4498e+06	1.4528e+06	
1.4734e+06	1.4532e+06	1.477e+06	1.4578e+06	1.47e+06	
1.4436e+06	1.4492e+06	1.4764e+06	1.425e+06	1.4184e+06	
1.4436e+06	1.4332e+06	1.4638e+06	1.4482e+06	1.4144e+06	
1.476e+06	1.4436e+06	1.427e+06	1.4276e+06	1.4346e+06	
1.4342e+06	1.4392e+06	1.424e+06	1.4084e+06	1.4352e+06	
1.4492e+06	1.4078e+06	1.416e+06	1.4164e+06	1.4446e+06	
1.4406e+06	1.4482e+06	1.4356e+06	1.4342e+06	1.4452e+06	
1.4376e+06	1.409e+06	1.4406e+06	1.4336e+06	1.427e+06	
1.4528e+06	1.4366e+06	1.432e+06	1.4134e+06	1.41e+06	
1.4064e+06	1.414e+06	1.4114e+06	1.424e+06	1.423e+06	
1.4704e+06	1.4356e+06	1.4446e+06	1.42e+06	1.432e+06	
1.414e+06	1.4174e+06	1.4014e+06	1.3974e+06	1.3918e+06	
1.4074e+06	1.413e+06	1.421e+06	1.3952e+06	1.412e+06	
1.4028e+06	1.3786e+06	1.4296e+06	1.4024e+06	1.4326e+06	
1.3796e+06	1.3732e+06	1.3802e+06	1.3772e+06	1.3968e+06	
1.3772e+06	1.3752e+06	1.3786e+06	1.3772e+06	1.3782e+06	
1.3922e+06	1.3822e+06	1.353e+06	1.3378e+06	1.357e+06	
1.3792e+06	1.3626e+06	1.3826e+06	1.3762e+06	1.355e+06	
1.3756e+06	1.3434e+06	1.366e+06	1.3646e+06	1.3292e+06	
1.357e+06	1.3378e+06	1.3646e+06	1.351e+06	1.3504e+06	
1.367e+06	1.3408e+06	1.3676e+06	1.364e+06	1.3746e+06	
1.3292e+06	1.3564e+06	1.354e+06	1.3374e+06	1.351e+06	
1.359e+06	1.3686e+06	1.3292e+06	1.3414e+06	1.36e+06	
1.352e+06	1.3206e+06	1.3374e+06	1.3192e+06	1.3166e+06	
1.3448e+06	1.3706e+06	1.3434e+06	1.364e+06	1.3242e+06	
1.355e+06	1.3146e+06	1.3278e+06	1.3122e+06	1.307e+06	
1.3278e+06	1.308e+06	1.3444e+06	1.3116e+06	1.3278e+06	
1.3368e+06	1.305e+06	1.3238e+06	1.3146e+06	1.3504e+06	
1.289e+06	1.3116e+06	1.3046e+06	1.3176e+06	1.2874e+06	
1.3258e+06	1.308e+06	1.2904e+06	1.297e+06	1.302e+06	
1.3196e+06	1.2844e+06	1.306e+06	1.3172e+06	1.2924e+06	
1.3e+06	1.304e+06	1.302e+06	1.296e+06	1.2718e+06	
1.3156e+06	1.2804e+06	1.3182e+06	1.3136e+06	1.307e+06	
1.3106e+06	1.293e+06	1.3358e+06	1.3222e+06	1.308e+06	
1.3232e+06	1.301e+06	1.3166e+06	1.3076e+06	1.3152e+06	
1.2828e+06	1.2986e+06	1.2828e+06	1.2944e+06	1.3106e+06	
1.3202e+06	1.296e+06	1.3272e+06	1.298e+06	1.3112e+06	
1.2798e+06	1.2904e+06	1.292e+06	1.296e+06	1.2804e+06	
1.2754e+06	1.2914e+06	1.2758e+06	1.2838e+06	1.297e+06	
1.2794e+06	1.2884e+06	1.2794e+06	1.2808e+06	1.244e+06	
1.2732e+06	1.2914e+06	1.2894e+06	1.2562e+06	1.2662e+06	
1.2788e+06	1.2618e+06	1.2784e+06	1.2344e+06	1.2562e+06	
1.2576e+06	1.246e+06	1.2628e+06	1.2618e+06	1.24e+06	
1.2476e+06	1.2586e+06	1.2334e+06	1.2344e+06	1.2532e+06	
1.2576e+06	1.233e+06	1.2688e+06	1.241e+06	1.247e+06	
1.2062e+06	1.2516e+06	1.2516e+06	1.236e+06	1.234e+06	
1.247e+06	1.2274e+06	1.2218e+06	1.2622e+06	1.2198e+06	
1.2194e+06	1.232e+06	1.226e+06	1.186e+06	1.236e+06	
1.2294e+06	1.2118e+06	1.1962e+06	1.226e+06	1.2082e+06	
1.2174e+06	1.2102e+06	1.1916e+06	1.2062e+06	1.2134e+06	
1.1766e+06	1.2284e+06	1.1962e+06	1.1946e+06	1.1936e+06	
1.1972e+06	1.185e+06	1.2018e+06	1.2118e+06	1.1866e+06	
1.1902e+06	1.1986e+06	1.2048e+06	1.1886e+06	1.1796e+06	
1.184e+06	1.1906e+06	1.1896e+06	1.1664e+06	1.1886e+06	
1.177e+06	1.1754e+06	1.1554e+06	1.1876e+06	1.176e+06	
1.1558e+06	1.1624e+06	1.1624e+06	1.168e+06	1.125e+06	
1.1296e+06	1.1478e+06	1.1292e+06	1.1422e+06	1.1398e+06	
1.1292e+06	1.0924e+06	1.0914e+06	1.1376e+06	1.0776e+06	
1.1332e+06	1.1054e+06	1.111e+06	1.1124e+06	1.1054e+06	
1.0994e+06	1.0958e+06	1.0848e+06	1.0858e+06	1.0958e+06	
1.0646e+06	1.0872e+06	1.057e+06	1.0706e+06	1.0656e+06	
1.0596e+06	1.0646e+06	1.0626e+06	1.057e+06	1.0656e+06	
1.0212e+06	1.045e+06	1.0474e+06	1.0546e+06	1.064e+06	
1.0566e+06	1.0314e+06	1.0444e+06	1.0248e+06	1.0636e+06	
1.0434e+06	1.0398e+06	1.0282e+06	1.0188e+06	1.0218e+06	
1.0394e+06	1.0162e+06	1.0052e+06	1.0052e+06	1.0126e+06	
1.0106e+06	1.0334e+06	1.0052e+06	1.0162e+06	1.0026e+06	
1.0066e+06	1e+06	988400	986000	985400	
1.003e+06	1.0066e+06	1.0162e+06	989000	1.0268e+06	
1.0198e+06	1.0228e+06	1.0192e+06	1e+06	1.0188e+06	
990400	990000	1.0046e+06	1.0036e+06	1.0212e+06	
981000	976400	991400	978800	998000	
1.0112e+06	983000	1.0072e+06	1e+06	989400	
1.0016e+06	1.004e+06	987000	985400	988000	
1.0146e+06	984000	1.0066e+06	1.0082e+06	1.0122e+06	
1.0202e+06	980000	1.0052e+06	987400	1.0106e+06	
1.0096e+06	1e+06	981400	975400	990000	
997600	999600	1.0238e+06	986000	1.0016e+06	
1.0218e+06	998000	1.0096e+06	1.0156e+06	1.0142e+06	
1.0344e+06	1.0344e+06	1.0314e+06	1.0232e+06	1.0282e+06	
1.0616e+06	1.0464e+06	1.0348e+06	1.051e+06	1.0192e+06	
1.0278e+06	1.0344e+06	1.0298e+06	1.064e+06	1.0626e+06	
1.0358e+06	1.051e+06	1.048e+06	1.0494e+06	1.0278e+06	
1.0328e+06	1.0192e+06	1.0298e+06	1.0168e+06	1.0282e+06	
1.0364e+06	986000	1.0388e+06	1.0188e+06	1.0314e+06	
997600	969800	960800	960800	985400	
931000	947600	939000	947200	934600	
925000	926400	921000	924000	903800	
922400	939000	924000	920400	939600	
953600	939600	938600	958800	965200	
975400	968800	970400	957200	973400	
1.0006e+06	998000	999600	979400	995600	
1.0076e+06	985400	991400	990000	1.0052e+06	
1.0056e+06	1.0096e+06	1.0062e+06	999600	995000	
1.0092e+06	992000	1.0116e+06	1.0198e+06	1.0188e+06	
1.0308e+06	1.0156e+06	1.0242e+06	995600	1.0126e+06	
1.0102e+06	997000	984400	1.0006e+06	1.0136e+06	
1.0168e+06	1.0248e+06	1.0278e+06	1.0282e+06	1.0106e+06	
1.0298e+06	1.0178e+06	1.0132e+06	1.0198e+06	1.0016e+06	
1.0086e+06	1.0324e+06	976400	997600	996000	
1.004e+06	1.0136e+06	1.0232e+06	1.0016e+06	1.0152e+06	
1.004e+06	997600	1.0092e+06	1.003e+06	979400	
991000	961800	990400	974800	968800	
993600	975400	977400	957200	967200	
984000	952600	978800	963200	953600	
949600	956200	964200	953200	950200	
959800	973400	956200	970400	964200	
959200	958800	960800	953200	971400	
964200	958200	957200	962200	960200	
955800	956200	960200	953200	955800	
985000	961800	977800	963200	941600	
965800	977400	958800	962800	964800	
967200	955200	966200	954200	966200	
929400	969800	962200	993000	957800	
951600	965800	962800	988400	952600	
941000	960800	954600	965200	938600	
955800	967200	965200	959200	990400	
940000	959200	949600	949600	945600	
955800	958800	958800	952200	930400	
945600	976800	937000	943600	947200	
978400	953200	930000	939000	934000	
948600	944200	937000	962200	933600	
968800	958200	960800	955800	959800	
933600	959200	949200	970800	937000	
967800	947200	961200	946600	956200	
957800	977400	976800	965200	946600	
971400	962800	975400	966800	955800	
950200	960800	947200	960800	957800	
973800	975400	952200	948200	974400	
971800	963200	947200	969400	953600	
944600	967200	962200	974400	943000	
979400	944200	967200	962200	956800	
954600	964200	946200	967200	951600	
944600	948200	978800	971800	969800	
961800	962200	963200	958200	950600	
962200	961200	956800	952600	989400	
969400	961800	971400	937600	963200	
993600	958800	973800	950200	945600	
959200	967800	956200	956800	948600	
954600	973800	936000	952600	958200	
967800	947200	955200	954200	979400	
995600	966800	955200	945600	946200	
969400	941000	962800	941600	946600	
942000	953600	942600	951200	944200	
950200	949600	934600	951200	961800	
950600	945200	962200	966800	944200	
944200	964200	949200	965800	952600	
952200	972400	955200	955800	944200	
961800	944600	959200	945200	937600	
924400	946600	951200	925000	966800	
945200	943000	931600	948200	955800	
949600	926400	957200	944600	953200	
917400	940600	924000	939600	949600	
929400	930000	934000	912800	943600	
924000	930000	932000	945200	945200	
945200	924000	947600	942600	941600	
917400	939000	935000	931000	935000	
923400	924000	921400	934600	919400	
932600	928400	912400	931000	909400	
929400	931600	943600	951200	932000	
930000	927400	927400	935000	942600	
928400	941000	913800	920000	911800	
889200	914400	929400	916800	927400	
941000	932000	911800	930000	933600	
928400	907400	923400	942000	897200	
910400	913400	914400	901800	920000	
917800	924000	934600	915400	922400	
914400	919000	919400	917800	905200	
902800	902200	908400	907400	895200	
894800	910400	908400	897200	906200	
917800	918400	922000	912400	896200	
899200	873000	884600	919400	872600	
883600	881600	897200	896200	888200	
868400	902800	870600	878000	887200	
883600	894800	885600	895200	891600	
895200	891600	892200	877600	882600	
886200	879000	873600	864000	892600	
903200	901200	888200	893600	858400	
892600	895800	891600	870600	861000	
876000	894800	888200	855800	885200	
912400	891200	885600	892200	878600	
880600	889200	891200	888600	855400	
868000	884200	854400	878000	883600	
868400	864000	867000	865400	870000	
848400	889600	856400	850400	864000	
849400	845800	855800	857400	855400	
826200	832600	831600	836200	817600	
811000	813000	805000	827200	827600	
827200	822200	844800	797400	813000	
826200	820600	838200	818000	834200	
855800	843200	846400	829600	831600	
855400	852800	832200	862400	816000	
838800	862000	843800	830600	857400	
848800	873600	837800	872600	848800	
867400	856800	865400	855400	850400	
853400	866000	879600	848400	855400	
849800	863000	855400	872600	867400	
864000	840200	839200	850800	855800	
862000	871000	895800	864400	854800	
862000	859000	848800	841800	867400	
850800	850400	844800	867400	863000	
860400	856800	856800	854400	844800	
843200	856400	846800	875000	852400	
856400	860000	843800	858400	858000	
872600	833800	860000	852400	843800	
864000	853400	860000	832600	841800	
858400	872000	863000	836200	824600	
830600	834200	843800	854800	836200	
856400	857400	851400	829200	826200	
811000	842200	839200	807000	818000	
828200	855800	833200	826600	836200	
830200	822200	833800	832200	845800	
852800	850400	843200	818600	854400	
838200	832600	852800	813600	849400	
861000	839200	839800	836800	825200	
823200	854400	847800	835800	821200	
828200	820000	809000	847400	830200	
845800	830200	828600	832600	828200	
823200	815600	822600	834200	821600	
844800	844800	834200	833800	805400	
824600	819000	840200	822200	833800	
816000	830200	799400	819600	822200	
799000	818000	823600	813600	794800	
823600	812000	799400	820000	812000	
816600	802400	810000	803000	778800	
786400	791400	792800	784800	770600	
785800	778800	758600	789800	774800	
780200	766600	768600	781800	761200	
771800	789800	780800	789800	768600	
782200	767200	791800	780200	797400	
799400	773800	798400	767200	793400	
792800	795400	775200	788800	798400	
798400	789400	786400	793800	785800	
793800	797000	776200	792800	789400	
795400	789800	771800	787400	765600	
793800	790800	805400	788800	792800	
788400	784800	816000	800400	790400	
787400	775800	794400	794800	794800	
802000	808600	781200	788400	770600	
786800	788800	792800	812000	778800	
785800	785400	764600	807400	788400	
780200	794400	784800	778200	779200	
784800	799000	802400	800400	767200	
794800	773200	768600	779200	785400	
795400	780200	775200	779800	786400	
776800	788800	779200	757600	781200	
792400	774200	785400	788400	778800	
771200	769200	802400	764200	765600	
777200	772800	786400	777800	770600	
779800	777200	778800	788800	764200	
770200	767200	779800	766600	753600	
774200	762200	764600	772200	774200	
752600	774800	769200	765200	773800	
776800	767200	752000	770600	763200	
749600	759600	754000	794400	763200	
755000	750600	773800	780200	769600	
772200	755000	761200	776200	754000	
742000	770200	772800	754600	752600	
760200	757600	748000	761200	754600	
747600	753600	758000	764200	754600	
753600	759000	757600	739000	735400	
765200	733400	752600	731800	749000	
726800	757000	737000	770200	743000	
774200	759600	754000	769600	754000	
749600	753600	757000	740000	746000	
744400	739400	759600	753600	744400	
758600	743400	758000	736000	744400	
761600	749600	726400	733800	753600	
747000	742400	742000	746400	752000	
737400	742400	746400	756000	746000	
736000	735400	746400	733400	733800	
746000	750600	748000	732800	732800	
718200	721200	727800	745000	733400	
728400	745000	739000	727800	739000	
726400	723800	729800	736000	707600	
722800	731400	738000	733400	706600	
744000	719800	735000	729400	722200	
723800	741400	726800	716200	725400	
728800	729400	734400	718800	740400	
727800	721800	722800	720800	733800	
742400	728400	717800	732400	720200	
731800	720800	730400	739400	714800	
725800	708200	708200	731800	734400	
706200	703200	726800	716200	693600	
712800	724800	740400	733400	729800	
717800	716800	731800	747000	717800	
714800	717200	725800	727400	704200	
713800	702600	720800	723800	705600	
730800	713200	719200	711800	700600	
719200	723400	705600	709200	707600	
701600	718200	705600	714200	712800	
726400	704200	710800	727400	724800	
729800	699200	703200	705600	703600	
694000	713200	711200	721800	700200	
700200	686000	704600	710200	693600	
682400	704600	705600	709600	710200	
696600	712800	711200	702200	698000	
703600	699200	697000	688600	696600	
688600	704200	697000	713800	693600	
712800	701600	696000	692600	687600	
707200	703200	690600	692600	681400	
695000	705200	691000	694600	690600	
678400	706200	708200	697000	704200	
692000	680400	677000	702600	683400	
691000	676400	687600	684000	684400	
689000	684000	698000	697000	678400	
684000	687000	687000	691000	684000	
701200	687600	680400	694000	700600	
683400	691000	674000	688000	700600	
669800	697000	679400	675400	677000	
667800	678400	669400	661800	686000	
676400	664800	707200	664800	666400	
685000	673400	680000	682400	674000	
685400	657800	680400	671400	666800	
673400	679000	661200	663400	683000	
664400	680000	669400	678400	675400	
675000	642600	670800	678000	671800	
669800	662400	661200	660800	664400	
675400	660200	652800	668400	662800	
660200	653800	668400	669400	643600	
662800	673400	667400	662800	640200	
654800	651800	661800	647200	662400	
667400	636600	654200	652800	657800	
650200	647600	650800	653800	643600	
646600	640200	644600	658200	644200	
643600	626000	658200	634600	664800	
634600	640200	649200	651200	642600	
640200	624400	634600	632600	635000	
628600	626000	638600	632000	630000	
638600	607400	639600	630600	626600	
633000	635600	616400	633600	634600	
640600	618400	627000	619000	637600	
639600	631600	625600	628600	621000	
607400	608400	619400	603400	600400	
623400	610800	605800	623400	613400	
603800	610800	619400	628000	601400	
625600	606400	621000	606800	626000	
630000	618000	616000	626600	611800	
606800	617400	616000	640200	621400	
628000	605800	620400	625000	622000	
611400	617000	610800	602400	619000	
593800	607400	593800	622000	624400	
611400	609400	606400	616400	602400	
625000	625000	613400	613400	618000	
611400	605400	622400	613000	622400	
620000	622000	633000	619400	621000	
622400	608800	625600	605400	618400	
624000	620000	616400	610400	617400	
622000	608800	617000	622000	633600	
626000	628000	634600	646200	627600	
633600	628600	642200	630000	642200	
628600	639200	624000	617000	628600	
629600	627600	624400	633600	627000	
636600	652200	631000	633600	645200	
635600	632600	622400	638600	639200	
630000	637600	635600	638600	626600	
639600	631000	643600	630000	638600	
623000	622000	642600	624000	632000	
632600	622400	620000	622000	634000	
639200	627600	618400	623400	619000	
617400	622000	604800	608400	614400	
617000	628000	633000	632600	598200	
631000	619400	627600	592200	603400	
603400	622400	630600	610400	625600	
606800	604800	602400	617000	599800	
605800	608400	609800	599200	609400	
598800	618400	603800	603400	604400	
598800	613000	610800	599200	604800	
613000	606400	600400	604400	605800	
602800	610800	608400	600800	599200	
602400	599200	604400	619000	589800	
595800	603400	597200	586600	603400	
592800	607800	585600	597800	594800	
597800	596200	609400	597200	611400	
590800	600800	604400	596800	591800	
605400	611800	623400	594800	599200	
605400	606800	624000	600800	590800	
613000	610400	621400	597200	604800	
599200	613400	626000	590800	602800	
603800	611800	602400	593800	597200	
583600	597200	596800	585600	587600	
591800	597800	599200	596800	596800	
599800	592200	580600	591800	589800	
602800	589800	581200	591800	575600	
576200	596200	601400	599200	599800	
604400	609800	613000	596200	583200	
602400	595200	580600	606800	595800	
597200	591200	584600	597200	584200	
603800	590200	597800	581200	589200	
586200	568000	588800	593800	567000	
583200	578200	585600	585200	586600	
598200	602800	591800	581600	597200	
608800	601800	596800	593800	595200	
593200	601400	587200	588800	582600	
584200	589200	601800	595200	585600	
585600	579200	587200	583600	590800	
579200	589800	579200	594200	590800	
581600	582200	584600	595200	589800	
584600	596800	582600	601800	581600	
594200	590800	599200	589800	581200	
574000	570600	598800	600400	583600	
590800	585200	583600	593200	583600	
581200	579200	587600	582600	597200	
580600	594800	596800	604400	588200	
596200	591800	586600	596200	580600	
587200	592800	589800	586200	582200	
587600	593800	608400	597800	597200	
597800	577600	606400	611800	584600	
604800	584600	595800	591200	586200	
581200	601400	595800	594200	587600	
595800	599800	587200	589200	562000	
592200	597200	590200	601400	592800	
594200	585200	581200	584200	590800	
589800	592800	592200	582600	582200	
610800	587600	576200	580200	580200	
588200	593200	582600	585600	600400	
588200	597800	576200	588800	596800	
571000	574600	563600	590200	581600	
582200	598800	572000	568600	580200	
579600	599200	575000	590200	578200	
577200	581600	581600	570000	563000	
579200	581200	594200	591800	577600	
581600	582600	604400	585200	570000	
574000	591800	579200	570600	578200	
585200	567600	566600	587200	576200	
582600	578200	574000	592200	563600	
582600	578600	575000	583200	573000	
570000	577600	578200	574600	577200	
595200	563000	570600	585600	577200	
569600	570000	586600	579600	590200	
581600	560000	566000	573000	564000	
572600	576600	567600	563600	566600	
580200	552000	567000	572600	566600	
572600	559400	579600	576200	546400	
553000	564000	566600	562000	571000	
570000	550800	571000	563600	558000	
558400	560400	556000	565000	558400	
531800	549800	569600	549400	570600	
557400	546800	543800	545800	540400	
559400	563000	545400	547800	553400	
545800	535200	552400	548800	547800	
541400	548400	538800	548400	536200	
539800	548800	541800	539800	546400	
534800	547400	535800	534800	525200	
539800	531200	528800	540800	539800	
542800	533800	542400	530200	520600	
525600	532200	546400	540400	531200	
542800	540400	543800	534800	533200	
526200	520600	531800	527200	528800	
538800	537800	528200	525200	516600	
529200	528800	532200	513000	518200	
516600	518200	517200	530200	520600	
507000	529200	525600	525200	514600	
525200	523200	522600	527800	517200	
511000	519600	523200	526800	522200	
530800	515200	517200	528800	510000	
523200	540400	512600	521200	527200	
527800	518600	519600	522600	526200	
513600	518600	509000	520600	509600	
526800	527800	516600	527200	499000	
539400	515600	518600	513000	530200	
522600	505000	521200	518600	526800	
523600	523200	514600	514000	518200	
507600	515200	508600	522200	521600	
537200	507600	529200	519600	522600	
530800	509600	516200	531800	521200	
525200	504600	523600	521200	514000	
522600	520600	510000	514000	513000	
510600	508600	516200	523200	525600	
516600	518600	516600	507600	521200	
515200	524600	528200	516600	515600	
520600	538200	541800	524600	522200	
532200	535200	530200	532200	532800	
531200	519200	529200	524600	521600	
532200	539400	538200	511600	521600	
529800	528200	537200	533200	528800	
532200	522200	525600	523200	527200	
534200	511600	533200	538200	517200	
525600	534800	523600	529200	517600	
515200	530800	539400	527800	509600	
522600	536200	515600	515600	536200	
520200	532200	535800	521600	527800	
523200	526800	528800	522200	529800	
536800	536200	535800	519600	514600	
526800	533200	519600	538800	522600	
523200	517200	535800	534800	516200	
522200	537200	519600	516600	527800	
536800	521200	531200	516200	512600	
513000	518200	524600	520600	518200	
520200	524600	506600	508000	526200	
531800	512600	537800	533200	515200	
518200	517600	504600	527200	512600	
502000	513600	509600	517200	523200	
517600	527200	520200	526200	520200	
509000	538200	519200	524200	526200	
529800	534200	514600	515600	517600	
533200	520600	532200	526800	524200	
526200	526800	518600	528800	501400	
510600	520600	521200	514000	503000	
515600	533200	514600	518200	525200	
525600	519200	515200	525600	510600	
514600	531200	525200	521200	499000	
525200	526200	527200	526200	520600	
524200	521200	517600	519200	509600	
529800	521600	516200	518200	505600	
523600	511600	521600	535800	523200	
513000	520600	511600	526800	518600	
533800	518200	508600	519200	518200	
515200	516600	515600	504600	520600	
509600	523600	511000	525200	509600	
507600	528800	530800	519600	535800	
517600	504000	528800	501000	504000	
524600	516200	517200	514600	530200	
520600	524200	519600	514000	513000	
527800	518600	500400	522600	524600	
527800	528200	524200	518600	516600	
508600	504000	524200	524600	515200	
526200	504000	514600	511000	525200	
513000	516200	527800	513000	517600	
506600	511000	526200	519200	530200	
520600	497000	520200	530200	511000	
523200	522200	527200	509000	518600	
512000	516200	510000	520600	514600	
513600	510000	527800	516600	529800	
515200	518600	530200	513600	504000	
514000	519600	515200	529200	526800	
516600	507000	514600	514600	515200	
521200	512000	517200	516200	504000	
510600	532200	515600	518200	518600	
525600	532200	513000	516600	520200	
519200	512600	509600	504600	516200	
521200	518600	505000	522200	528800	
523600	507000	519600	533200	524200	
509000	509000	508600	506000	509000	
520600	500000	509600	522200	514000	
524600	513000	508600	510000	509000	
521600	525200	505600	518200	513000	
516600	529800	532800	525600	531200	
505600	515600	520200	519200	501400	
524200	515200	507600	528200	506000	
513000	511600	522200	522200	526800	
533800	522600	519600	516200	516600	
513000	510600	527200	518600	517600	
529800	525600	507000	511600	518600	
509000	514600	513600	514000	515200	
520600	508600	510000	513000	521200	
521600	525200	516600	531200	507000	
519600	524200	522600	534200	517600	
510600	512600	518600	517600	515200	
523600	519200	524600	512000	513600	
509000	526200	513000	516600	519600	
510600	516600	506000	515600	504600	
505600	521200	525200	527200	519600	
510000	513000	517200	519600	511600	
511600	518600	525200	514000	517600	
527800	530200	508600	527200	524600	
514000	515200	507000	521600	529200	
508600	519600	516600	526800	504600	
519200	513600	528800	511600	525600	
515600	514000	518600	516200	506600	
528800	521200	529200	518600	513000	
518200	517600	517600	499400	522600	
516200	523600	529200	522200	522200	
525600	498400	512000	516600	502600	
528800	524200	519200	501000	522200	
513000	511600	520600	506000	515600	
517200	513600	517600	519600	512000	
518200	523600	508600	514000	515200	
515600	521200	512000	507000	514000	
525200	511000	516600	517600	509000	
517600	519600	497000	511000	513600	
521600	519600	515600	518600	507000	
513000	509600	518200	523200	509600	
511600	515600	515200	515600	514000	
511600	515600	516200	504600	507600	
498400	510600	533800	522600	523600	
512600	507600	520600	522200	522600	
509600	502600	522200	509600	504600	
515600	517600	525600	521600	505000	
512600	514600	504000	523200	506600	
527200	514000	523600	523200	504600	
526200	502600	514000	516200	508000	
509600	515200	520200	521600	510000	
514600	519600	522600	531800	522600	
514000	526200	524200	509600	527200	
516600	524200	514600	505600	520200	
507000	506000	515200	533200	509000	
520600	533800	508000	513600	514000	
521200	532800	510000	510600	503000	
525200	520200	502000	508600	522600	
517200	529200	513000	504600	520200	
529800	509000	516600	513600	512600	
510000	511600	514000	530800	507000	
503600	517200	520200	510000	528800	
511600	507000	517200	505000	521200	
513600	515600	519600	509000	522200	
519600	521600	514000	499400	525200	
522200	518600	514000	498000	525600	
520600	509600	500000	512000	513000	
513600	516600	505600	506600	504600	
524600	522600	509600	520600	505000	
513600	508600	515200	502600	507600	
501000	519200	518200	523200	527800	
520200	512600	514000	518200	516600	
510600	518200	517600	509000	511000	
522200	524200	518600	519200	515600	
497400	503000	521600	502000	508600	
518600	508600	501000	505600	509600	
518200	512000	506000	517200	512000	
503000	520200	509600	515600	520600	
498000	517200	503000	508600	516600	
511600	519600	510600	528200	500000	
524200	515200	514600	512600	515600	
507000	506000	507000	522600	522200	
510600	510000	511600	511600	498000	
517200	511600	514600	525200	505000	
491400	509600	504000	513000	496000	
514000	503600	508000	512000	504600	
537800	503000	511600	510000	514000	
502000	502000	510600	502600	513000	
510600	495400	506000	514600	518600	
513600	510600	498000	494400	504000	
511000	509600	502000	511000	511000	
500400	518600	512600	511000	503000	
493000	512000	520200	514000	512600	
509000	511600	508000	511000	502000	
514600	519200	517200	518200	503000	
496400	518600	505000	515600	509600	
512000	500000	510000	511600	507600	
525600	505000	499000	491000	503000	
507600	509600	521200	505600	506000	
519200	508600	525600	512000	515600	
511000	518200	521600	510600	524600	
510000	520200	497000	496400	503600	
522600	504600	514600	504600	508600	
518600	496400	515600	507600	499000	
520600	506000	500400	514000	507600	
516600	515200	507600	514000	515200	
515200	530200	500400	516200	515600	
501000	504000	518200	500000	499000	
517200	523200	506600	508600	496400	
506000	512000	507000	512000	516600	
499000	515600	509600	511000	491400	
499400	516200	518200	501000	515600	
490400	510000	519200	504000	495400	
497400	520600	509000	512000	510000	
507000	511000	507600	507000	507000	
505600	507600	505600	507600	512600	
509600	490000	512000	500400	503600	
504000	509000	506600	506000	512600	
510600	516200	507600	505000	512000	
520600	503600	495400	508600	505600	
518600	516600	509600	495400	500000	
512600	501000	518200	508000	509600	
513000	510600	507000	514000	510000	
522200	502000	501400	516600	496000	
514000	513600	504600	503000	494400	
494000	495000	509600	502600	500000	
499000	507600	508000	517200	525600	
497400	496000	512600	509000	518200	
522200	497000	524600	508000	501000	
510000	505600	523200	513600	509000	
514000	507600	508600	493000	526200	
502600	509600	514000	511600	498400	
501400	504000	504000	508600	509000	
495000	508600	505000	494000	512600	
509000	511600	517600	501400	514600	
507000	504600	493000	500400	510000	
488800	508600	492000	511600	525200	
498400	524200	511000	506000	494400	
497400	499000	502600	511000	514000	
508600	505600	504600	500400	522200	
498400	512000	511600	509000	507000	
514600	496000	514000	505600	501400	
515200	500000	510600	512000	499000	
507600	506600	514000	494400	502000	
514000	494400	503000	515200	502000	
501000	493000	505600	508600	511600	
509000	505000	527200	496400	498400	
514600	500000	511000	503000	503600	
496400	492000	506000	504000	522200	
514000	516200	521600	501400	515200	
501400	501400	512600	509000	492400	
498400	513600	514600	507000	495000	
508000	502000	507600	489400	505600	
497000	499000	499000	504000	498000	
504000	508000	510600	510600	505600	
500400	506600	512000	522600	503000	
508000	511600	506000	513600	503600	
499000	503000	516600	509600	506600	
495400	503600	504600	526200	506000	
514000	506000	503000	496000	505600	
509000	500000	508000	502000	505600	
516200	500400	507000	510600	494400	
511600	503600	503000	500400	504000	
512600	498400	515200	509000	510000	
510000	518200	505600	499000	498400	
508600	515200	512000	514000	510600	
519200	507000	492400	493000	500000	
509600	506600	498400	495000	501000	
505000	508000	512600	483400	497000	
519200	507000	509600	503600	518200	
524200	500400	490000	511000	514000	
510600	500400	499000	502600	487800	
498400	510000	506000	497400	496400	
507600	506000	509000	504600	510600	
503600	503600	507600	499400	505000	
503000	501000	500000	504600	503000	
505000	506000	505600	481800	488800	
513000	513000	508000	496400	503000	
512600	503000	508600	498000	483800	
490400	516600	501400	500400	500400	
504600	512600	511000	501000	514600	
503600	504000	506600	504000	501400	
497400	502600	503000	516200	504600	
516200	506600	502000	499000	495000	
496000	502000	503600	507000	494000	
508000	519200	496400	498400	498000	
497400	493000	509000	508000	501400	
498400	523200	504600	495000	497000	
510000	498000	518200	503600	505600	
512000	493000	490400	519600	485800	
508000	496400	509000	510000	516200	
509600	503600	494400	511000	505600	
506000	499400	507000	501400	504600	
508000	501000	498000	520600	494400	
504000	492400	506000	499400	503000	
518200	499000	508600	498000	501000	
500400	514600	501000	518600	504600	
514000	516600	533800	500400	512000	
515200	487400	499000	501000	516200	
509000	505000	502000	496400	505600	
516200	495400	509000	517200	516600	
498000	493000	499400	482800	508000	
500000	510000	520600	510000	504000	
520600	516600	501400	501400	500000	
502600	497400	505000	507000	491400	
509000	513600	504600	497400	516200	
490000	501400	522600	508600	514000	
490000	501400	522600	508600	514000	
490000	501400	522600	508600	514000	
