435.897	435.897	435.897	435.897	435.897	
732128	732128	732128	732128	732128	
51820.5	55512.8	53897.4	55897.4	54923.1	
53564.1	52538.5	54153.8	52923.1	52538.5	
53307.7	52153.8	53230.8	53359	52846.2	
50974.4	52282.1	51359	52333.3	50974.4	
51615.4	50794.9	52025.6	52846.2	52333.3	
51230.8	53307.7	52794.9	52717.9	51102.6	
53359	52974.4	55128.2	53051.3	53641	
52717.9	52923.1	53102.6	54333.3	52923.1	
54666.7	52205.1	53564.1	53948.7	54538.5	
53307.7	53820.5	54282.1	54205.1	54589.7	
55051.3	54923.1	54666.7	54538.5	54846.2	
54333.3	55692.3	54025.6	55307.7	55769.2	
57000	57051.3	57435.9	55435.9	54589.7	
55769.2	55051.3	55179.5	57179.5	56615.4	
57000	55051.3	54923.1	57564.1	56871.8	
57128.2	56794.9	55897.4	57769.2	56205.1	
56615.4	56794.9	56871.8	57512.8	56923.1	
58615.4	58615.4	58923.1	56794.9	58282.1	
57179.5	58538.5	57307.7	57512.8	59179.5	
59128.2	58794.9	59897.4	58871.8	59846.2	
58538.5	58871.8	57641	57564.1	60923.1	
65256.4	63384.6	65641	65205.1	63333.3	
78512.8	78769.2	77282.1	77743.6	75282.1	
76256.4	76307.7	80051.3	78897.4	78307.7	
81487.2	77615.4	77871.8	78897.4	80717.9	
77102.6	77102.6	81025.6	78384.6	79410.3	
80205.1	80128.2	78589.7	79743.6	78846.2	
78769.2	80717.9	80000	81230.8	81820.5	
80897.4	82846.2	79923.1	80897.4	80128.2	
82974.4	80769.2	79871.8	81410.3	82333.3	
81410.3	80512.8	81871.8	80641	80384.6	
81410.3	81820.5	82846.2	79666.7	78589.7	
79538.5	82333.3	80589.7	80769.2	83564.1	
81410.3	81230.8	82589.7	80897.4	80128.2	
81692.3	83564.1	83615.4	82076.9	81615.4	
82717.9	83025.6	80589.7	82589.7	82589.7	
84000	84333.3	83025.6	79615.4	83743.6	
80717.9	80846.2	83948.7	81102.6	82717.9	
82461.5	82974.4	83025.6	80641	83615.4	
82589.7	84769.2	84846.2	83435.9	83025.6	
79743.6	81025.6	82512.8	81871.8	83564.1	
82717.9	82333.3	82974.4	81820.5	81410.3	
83615.4	82897.4	81871.8	81615.4	85179.5	
80897.4	79871.8	82205.1	80641	80846.2	
81871.8	82846.2	79615.4	79282.1	81410.3	
80974.4	83820.5	80897.4	81230.8	81948.7	
84769.2	84974.4	84384.6	83692.3	86974.4	
84846.2	84333.3	87179.5	85615.4	86538.5	
84384.6	82333.3	83743.6	85051.3	84974.4	
82256.4	86000	81948.7	81102.6	82974.4	
83102.6	81692.3	82974.4	82846.2	86205.1	
83359	81743.6	82128.2	80461.5	82512.8	
84512.8	84000	82589.7	83359	84076.9	
84461.5	82897.4	82205.1	81538.5	83435.9	
82461.5	83948.7	82717.9	84589.7	85051.3	
83692.3	82461.5	83871.8	85230.8	84205.1	
85743.6	84512.8	83153.8	84256.4	84000	
82974.4	82461.5	81871.8	84974.4	81948.7	
83153.8	84717.9	85820.5	83948.7	85743.6	
83359	82512.8	83615.4	82846.2	82974.4	
84205.1	83615.4	81487.2	82769.2	85230.8	
85102.6	82846.2	82384.6	84000	85179.5	
82974.4	80769.2	84076.9	83692.3	85435.9	
86000	82000	83615.4	83025.6	82769.2	
86000	82717.9	85359	85743.6	84769.2	
80461.5	82769.2	81025.6	85051.3	82256.4	
82974.4	83948.7	84974.4	83615.4	85230.8	
84512.8	83307.7	85051.3	83025.6	85871.8	
86256.4	85051.3	85871.8	82974.4	83102.6	
86410.3	87359	84128.2	82000	84512.8	
86846.2	86846.2	84974.4	84128.2	84000	
85948.7	83692.3	85871.8	84461.5	84076.9	
86589.7	85948.7	86461.5	86589.7	85692.3	
85743.6	87102.6	83230.8	85435.9	86666.7	
83359	85564.1	84846.2	87230.8	84384.6	
85948.7	84000	84205.1	84974.4	88282.1	
85102.6	85359	86076.9	85230.8	87487.2	
86076.9	85487.2	86256.4	86974.4	86923.1	
86000	83743.6	85051.3	85102.6	86333.3	
85230.8	88410.3	84000	86128.2	87307.7	
87820.5	86846.2	85871.8	85230.8	86538.5	
85948.7	85948.7	86974.4	85359	84717.9	
84256.4	85871.8	86410.3	86666.7	85307.7	
85102.6	85692.3	86846.2	84256.4	86974.4	
84076.9	85820.5	85051.3	87487.2	85871.8	
87307.7	84512.8	85564.1	87307.7	85871.8	
86128.2	87948.7	89230.8	88153.8	84589.7	
85435.9	85307.7	88153.8	86589.7	87615.4	
84512.8	83564.1	85692.3	86589.7	86923.1	
85307.7	84923.1	83359	86666.7	83102.6	
85102.6	83871.8	87102.6	84717.9	84769.2	
85948.7	85564.1	84384.6	85307.7	86333.3	
83948.7	84384.6	84769.2	85564.1	85435.9	
84128.2	84769.2	84205.1	84769.2	85564.1	
85179.5	84333.3	86256.4	85179.5	86128.2	
84769.2	84461.5	85051.3	86794.9	85948.7	
85230.8	83743.6	84717.9	85435.9	86333.3	
86128.2	86128.2	88025.6	85051.3	87051.3	
86923.1	86205.1	87564.1	86717.9	89948.7	
90025.6	88410.3	87179.5	87820.5	88153.8	
88538.5	86794.9	90205.1	90538.5	89230.8	
88461.5	88282.1	90923.1	90282.1	90333.3	
89179.5	86076.9	86128.2	89307.7	89487.2	
88794.9	88717.9	87435.9	91948.7	90205.1	
89179.5	85692.3	89564.1	88333.3	91256.4	
87948.7	89230.8	89051.3	86846.2	89564.1	
87871.8	87948.7	88205.1	87102.6	88974.4	
90205.1	88025.6	88025.6	86128.2	90076.9	
87820.5	90974.4	86974.4	88333.3	88923.1	
88923.1	87820.5	87820.5	90025.6	89051.3	
87871.8	86974.4	85615.4	86589.7	86538.5	
85435.9	88666.7	86333.3	90076.9	89435.9	
90205.1	89769.2	85487.2	87871.8	86538.5	
85615.4	86974.4	85743.6	87820.5	88025.6	
86846.2	86538.5	86923.1	86205.1	85230.8	
86076.9	87179.5	86589.7	85051.3	85487.2	
88846.2	85692.3	86717.9	85871.8	86461.5	
83743.6	83615.4	84974.4	84769.2	86256.4	
85948.7	86794.9	87051.3	87692.3	86538.5	
87359	87051.3	87487.2	88717.9	89230.8	
85692.3	86461.5	88410.3	89820.5	89487.2	
88717.9	86794.9	86666.7	90589.7	86538.5	
87615.4	88461.5	88461.5	89307.7	85871.8	
88589.7	88333.3	87307.7	91256.4	90025.6	
88794.9	87564.1	92205.1	90076.9	91384.6	
89359	87435.9	91128.2	89487.2	89820.5	
91641	88589.7	92153.8	88717.9	91820.5	
90846.2	88282.1	90717.9	90025.6	90205.1	
89230.8	91179.5	91435.9	90974.4	91384.6	
92743.6	89641	91435.9	92589.7	91051.3	
90282.1	92923.1	94025.6	92282.1	90538.5	
93769.2	91820.5	92076.9	91641	91512.8	
93769.2	93000	93820.5	92410.3	90846.2	
94230.8	92461.5	93897.4	92923.1	91948.7	
95307.7	94153.8	94025.6	92923.1	94487.2	
94487.2	95051.3	94410.3	94615.4	95000	
94666.7	93564.1	97307.7	95051.3	95128.2	
93769.2	92743.6	94871.8	93769.2	96102.6	
93897.4	94025.6	95000	94923.1	95564.1	
92205.1	95512.8	96230.8	95435.9	94025.6	
91820.5	94923.1	93051.3	95000	93000	
90974.4	93692.3	92743.6	94538.5	91512.8	
88461.5	93769.2	93564.1	92871.8	91564.1	
89435.9	91692.3	93128.2	90974.4	91435.9	
91179.5	91307.7	92282.1	90461.5	93000	
91384.6	91897.4	90974.4	90025.6	92743.6	
90974.4	92461.5	89487.2	92743.6	94743.6	
92538.5	90923.1	95128.2	91512.8	94871.8	
94487.2	91435.9	97051.3	92666.7	96359	
95051.3	95769.2	98487.2	95641	98282.1	
95435.9	95435.9	97307.7	95000	95846.2	
95512.8	94538.5	95512.8	96102.6	95846.2	
96153.8	95846.2	93307.7	95256.4	95000	
97769.2	93641	96743.6	93897.4	96230.8	
97128.2	95051.3	98230.8	96153.8	94359	
100026	96794.9	100359	97512.8	99076.9	
99974.4	100231	101385	103590	102949	
101718	102821	102487	104231	106179	
104949	106487	106231	106103	105718	
106436	108641	107795	108436	107667	
106231	109538	108821	109462	110000	
108641	107077	109077	110692	108308	
110179	109154	110051	109718	109026	
110256	113615	107923	113538	111667	
111744	113103	110000	115487	112513	
113359	113282	111795	113538	110821	
111154	110641	115026	111154	113231	
114256	114385	112641	112641	113795	
114436	113410	115231	115026	116718	
110897	113538	116769	116256	115538	
113154	112821	117154	117103	115487	
119949	116179	112564	114256	114256	
111538	112513	116385	115615	114769	
113154	113410	114718	119282	114974	
115282	112821	115744	116385	113231	
117282	117282	119154	116051	113282	
115154	116513	115872	117872	118385	
112385	114128	112564	116846	115538	
115615	115359	115487	115103	120641	
116462	118077	118462	115154	116333	
117282	118205	117744	118897	119026	
118077	119487	119026	115923	118385	
122077	119615	116897	119692	121359	
121872	118513	120897	121231	118077	
118718	121436	122538	124795	121872	
122333	120333	121564	120974	123359	
122462	120718	123359	124667	119564	
123564	121179	123692	121487	125564	
121564	122333	125436	120590	122718	
120846	120385	125231	124000	125821	
123436	124923	122923	123179	123692	
123231	124718	125103	124590	125051	
127179	127103	127256	127436	127769	
130538	126026	128590	131000	131128	
129308	125821	129051	130077	129949	
131000	128333	129564	130615	127897	
127385	128923	131436	128333	133051	
128872	132410	132487	129128	130667	
133000	129692	133436	131128	134667	
131564	129949	128590	133256	134615	
133718	135000	133385	135077	132410	
132795	134359	134103	136538	137205	
134615	132359	135897	133051	133436	
138615	137974	138436	136231	136744	
134154	133308	137974	133436	136026	
134795	138308	136872	136692	138154	
137590	140436	137333	137897	138872	
136949	134538	136410	136949	141128	
139205	139641	137846	139718	139718	
137641	136949	136821	140872	139462	
137462	137000	139256	139128	138359	
138949	138026	138308	140692	139205	
138359	135513	139795	139923	138154	
140436	139590	140487	140179	141590	
141974	144179	144513	142436	147667	
143538	140872	138744	139974	144513	
143538	142051	144897	144359	144692	
141667	143590	144179	146179	148692	
146308	145410	147795	146949	144051	
148385	146128	146821	145282	145923	
146949	146692	149615	146769	146308	
149667	149872	153231	148821	153487	
146308	147282	148949	150641	152256	
147205	148308	147923	151410	149154	
148128	142692	148769	147744	146641	
150128	148692	151026	148436	151872	
146821	150385	150897	150641	151795	
148769	149872	153667	149359	155615	
152718	152308	154590	153359	151872	
149410	155744	150897	149487	150564	
152462	152641	152000	151359	156077	
153282	154641	155026	156718	155103	
149872	152846	152179	153359	153949	
152462	152641	152385	154333	154513	
150974	152308	155410	155231	156590	
156974	157103	155231	155821	155410	
153026	152256	154513	156769	154333	
151923	149282	153231	153795	155949	
152718	151282	152462	153282	153487	
152128	153949	153538	151538	153487	
151103	151026	149077	151154	153667	
148769	142692	145333	148949	151103	
145077	147026	147538	150846	148513	
147282	146692	146256	151103	149744	
148051	148692	148256	149667	152308	
151154	152385	153615	151410	155282	
154000	151231	154718	155231	152590	
154846	154128	155564	159821	160846	
160333	165641	161359	166410	164026	
161615	167513	167949	166872	165564	
165641	167692	167641	169256	168744	
169256	168410	171051	169641	174231	
171513	168667	169641	168154	169846	
169308	169000	167769	166923	167564	
174231	168538	175718	169769	171846	
171333	169513	169641	172487	177795	
172615	171846	177667	174744	174744	
176615	172744	175641	175590	174231	
178103	177923	182641	179718	183795	
178615	178359	179462	184385	186436	
182051	179462	179000	180692	184128	
180231	181282	180692	178872	185359	
180051	180179	177538	180436	181974	
178744	178487	176872	183923	183667	
180949	180051	181462	181718	183923	
178231	183538	177795	183667	179667	
177974	178231	181718	181077	181462	
180231	178487	179718	180564	185205	
182179	179974	179282	180641	182692	
185872	185538	185487	184179	183462	
184641	181590	185538	186051	190897	
189282	187872	189103	190718	190256	
188974	188000	186000	189026	188256	
190590	189103	191103	194974	198077	
195692	190077	196256	199231	199359	
193872	198462	191872	197179	201436	
198026	200923	201821	199641	203949	
197359	195821	202077	202154	203692	
200077	200282	205641	202410	204615	
204077	199436	200462	205051	207846	
203179	200154	201385	206231	203949	
199564	199051	203128	202538	197615	
201821	201308	203897	203051	202538	
203564	204923	200923	201513	202615	
200667	202872	203513	202795	203821	
202667	204744	203179	205846	204231	
204872	201385	204923	204923	205846	
200026	203128	204923	212051	208538	
202872	199231	204077	204667	208154	
207462	204667	210282	213077	215282	
210821	209256	210821	215462	212231	
210231	213128	210487	212949	216897	
213462	211385	212308	211333	214744	
212308	212051	216821	217590	220513	
213462	218769	220179	218692	219538	
216051	215282	214359	214359	220769	
217538	216692	219718	221205	227872	
220949	217974	216103	221872	218641	
220641	220513	224179	224308	230718	
220308	214821	219795	222051	218564	
223795	218103	224641	225154	226974	
219282	219718	224000	224051	228718	
219026	220256	222308	223615	226641	
220436	221282	222179	222641	222256	
218051	215205	219077	219462	223154	
218231	216692	218051	211590	214308	
218821	220000	213846	221205	221205	
213795	213795	216103	218692	219538	
216308	217154	221615	214692	218769	
216692	216821	216179	221026	221154	
223359	224641	221333	221077	227359	
220436	216359	222436	219795	222897	
224000	219872	222692	222564	220000	
220051	224513	224897	223795	225026	
228897	225359	230590	230077	228718	
226462	223615	227615	232538	231051	
223923	223359	224436	230333	224769	
227949	222513	223538	231359	229308	
225410	228205	226462	224590	231179	
226385	223538	225923	226051	230385	
225026	225923	223538	222385	227026	
221026	221923	227872	229026	235436	
223282	220308	225872	221410	228769	
226974	228462	229308	232077	228641	
221205	228205	224256	227410	228641	
228974	233949	234026	231231	235231	
229564	234538	232590	234718	235821	
231564	231487	234282	233487	237564	
229154	229487	233692	230923	237769	
231692	233744	234795	237256	240077	
234538	233821	234205	239051	240282	
235487	237308	237769	240154	243128	
235692	235179	234077	242872	239641	
236462	230513	238872	236538	238795	
232128	233821	234205	230513	235564	
231231	231949	234590	237103	233103	
231231	234718	233744	236667	238667	
233744	236590	237513	237897	238077	
231051	232974	235103	233436	242154	
235897	231308	234205	236974	239897	
232590	236026	235308	231487	240487	
235308	237051	238744	237103	241692	
235103	233436	237513	235897	237692	
238026	243641	242026	242744	243308	
234410	236590	237821	240872	245205	
240487	239641	239641	243051	245333	
241692	245462	240615	244538	244923	
235436	240538	246154	241128	243462	
245769	244615	246359	246872	248179	
241385	242615	248949	242538	246692	
247000	246872	242872	245590	247128	
246744	242154	246410	245333	250564	
240744	247077	250615	249000	250051	
244359	249718	251282	248564	249590	
254179	252897	253846	247256	256436	
252897	248026	248359	251282	253974	
250692	253410	259538	252564	256179	
252179	251846	254564	260564	259795	
253462	257205	259667	255205	264769	
257615	260051	264462	258308	263282	
253462	255333	257154	262000	260256	
268256	261103	264077	265359	267949	
260897	260718	261923	266000	269487	
269692	266128	270077	265103	276077	
270846	267564	273231	266385	270718	
267744	267359	272667	270718	271103	
272538	267949	273308	272026	278744	
269103	270846	270667	275051	280538	
269359	269308	277179	273692	279718	
275256	275564	276487	275513	281641	
275897	279846	281718	275949	283256	
283846	272923	278410	281641	277385	
279051	282615	282282	281000	291077	
289154	279256	286051	286103	287333	
285205	287077	292692	292564	298000	
284872	286872	293744	292949	298385	
290051	288821	294564	293462	292256	
287923	291974	296128	292256	298590	
288564	297154	303949	295538	304333	
293667	294385	304000	307179	305487	
300897	302513	303872	305436	307359	
303359	304641	307308	301026	308974	
306000	308205	304974	310795	314615	
309051	308590	313769	305821	312795	
308154	305359	317333	312667	314026	
308923	310077	312462	312205	313821	
317641	311179	317000	320231	316923	
309231	309949	309231	319385	318615	
319718	316872	317256	319769	325077	
314615	310462	314026	315436	322564	
311513	312872	321641	315974	318487	
314667	307179	319000	317256	318744	
301821	308026	309179	313897	314667	
296692	307821	303359	307487	307051	
301564	301821	302769	305051	307692	
299359	295744	300513	293795	302846	
296897	290949	302077	301564	302205	
298641	300462	295872	303359	300000	
296051	300846	298256	303564	303949	
292692	296692	302462	307744	307103	
314744	314744	310026	312205	318410	
317897	315436	316744	317897	326103	
321846	321590	320744	324359	323846	
322103	317128	330821	328308	334179	
332692	330179	335795	331872	334513	
326564	330692	333359	336641	337026	
334308	336846	343692	340641	345436	
339436	340205	343487	346205	345308	
340333	338333	339744	343308	344538	
337487	342128	344333	345821	343692	
340718	336974	341821	339154	340795	
338641	337615	341564	343103	350282	
341615	333359	334974	336846	345692	
341821	339231	343949	349897	353179	
342846	337692	341744	346077	350359	
339949	349051	345359	348205	351564	
347436	347436	347051	354538	357897	
356564	350359	351897	352615	355205	
360231	355333	354872	353846	359846	
356231	353128	362692	364821	365538	
359718	357256	357897	360615	370564	
357769	360487	360179	365462	369872	
360359	356231	365282	368769	371103	
359128	366641	364051	365590	370564	
365154	366308	366564	370051	371487	
368179	363077	371282	366564	375026	
364769	366769	365923	376077	368949	
363333	359205	369795	363282	365462	
363333	363205	363333	372769	370000	
364692	365667	364513	370513	374590	
365538	363538	369923	368256	376077	
369154	367923	373872	371410	375103	
357974	360436	371538	371359	369231	
368179	366564	366000	369026	374077	
368051	372718	371231	367615	381308	
369795	364769	369154	365590	375282	
359974	361000	363590	371538	376000	
368692	365282	365795	373487	371872	
366949	371872	374513	379179	375872	
364949	366513	374718	372256	378333	
372333	369154	377949	370974	378667	
372718	371410	379051	378718	383949	
375615	369026	373538	380718	383949	
371538	377103	370513	381487	380795	
376333	376846	387692	385949	394308	
384154	382205	389051	392538	395974	
389385	389385	394103	388154	394231	
393846	390667	396436	401538	396949	
396949	393000	397077	398949	407154	
399077	398692	402051	401974	403026	
402513	407487	415949	413051	413949	
410000	405231	411359	410077	418410	
409538	404564	407231	418026	422333	
408000	409615	411821	412590	420205	
411744	410769	418667	421897	422538	
407538	412462	420077	417949	421128	
403538	414205	418410	419564	426744	
419179	415051	417103	420333	425308	
422923	420410	423564	421641	433333	
423256	416462	427513	434821	436692	
428538	429718	430436	433333	428103	
433385	430821	431923	441667	445872	
438385	436564	440436	447744	449949	
441667	439077	437974	444385	452538	
441026	439333	446513	448769	455769	
448205	446205	449436	458615	454205	
448205	453897	448846	461641	463974	
459051	455436	463974	454846	478051	
461128	462282	466872	462359	471462	
456923	461000	469333	472436	469462	
462282	465590	463718	466359	474385	
466154	468872	473077	476000	474821	
471846	463974	466154	468231	469718	
471333	472821	475026	476641	482718	
476256	471154	475077	484641	494282	
474231	484974	485154	488846	490923	
488077	492795	491436	491564	498359	
484205	485308	489231	490923	500744	
491821	485744	487872	494205	490026	
479410	482974	493949	487744	499974	
482205	488590	483487	495051	500615	
485615	478385	487436	482846	486590	
483026	477744	482974	483821	492333	
484256	486256	484333	487615	499000	
497974	490154	496795	498103	511333	
501897	499179	508615	511205	516051	
524077	528333	533897	539077	541846	
533000	525308	535256	532744	538538	
545333	548692	554179	550641	556205	
559949	553359	567000	573462	574821	
569179	568872	572923	577846	579077	
584103	581462	588641	594462	593282	
599821	582949	596590	601897	608667	
603436	594897	606410	608538	617795	
613205	609641	615000	617077	629154	
618821	619846	619538	628974	630897	
620103	625231	632846	632128	631821	
626128	625103	625667	636590	650359	
643564	647462	642487	649000	654359	
659333	655590	662436	665154	666128	
666128	667410	670128	674462	679949	
670385	674410	689205	683385	679385	
697077	680795	689462	694051	702974	
696128	690308	705231	706974	712205	
714462	701487	708667	720872	719256	
706462	701026	706256	715436	724359	
704205	700641	700974	703872	713128	
701026	709821	707308	708795	704974	
700000	698769	704205	713436	712590	
696000	691462	704846	716538	712077	
713436	708667	715692	722615	723846	
723462	722692	725846	733077	733205	
736436	738897	752026	743308	765590	
760744	753564	763923	763205	766308	
771538	769154	782590	785821	794103	
788282	785641	792154	797385	805026	
794231	796154	804179	809231	816385	
803026	803974	809282	814718	824333	
814641	815615	826231	824026	844564	
825641	822462	824538	829385	844256	
839282	823769	857513	855487	849231	
830744	825513	850333	847282	847923	
840179	841205	846051	847744	862487	
840949	825564	846256	840897	844692	
831077	833513	852128	833462	849282	
828487	837410	842641	841462	850128	
837154	833077	844436	844256	861513	
842897	831256	841154	848590	844692	
856462	839590	854718	860795	867641	
847359	855308	856590	856077	868744	
864667	860615	876821	888385	878769	
874436	879282	891821	886641	889231	
876308	891692	896077	895051	910949	
892538	882897	892923	893359	902231	
887026	894538	903590	902282	913026	
890795	886846	904103	902410	907513	
892846	887744	896333	900615	917538	
897385	887872	900538	899897	912359	
896590	897051	905590	910436	910615	
887231	889949	891872	903385	918974	
898538	905000	911667	907333	921795	
899436	907513	911410	918436	919538	
901179	898923	906692	917744	919538	
903513	901051	899769	911205	927744	
899385	899974	899769	913026	910821	
893487	881487	897385	903077	904615	
903385	894667	905769	908231	916051	
892410	882436	893308	907000	908179	
887359	886641	890538	881744	903462	
884513	885154	890667	905128	904282	
885410	884974	890077	901718	915667	
892462	893359	903205	904692	912231	
903385	897385	914308	911718	915667	
909538	905128	909538	908359	931231	
911462	904026	916436	912564	930538	
897436	895103	902744	927692	917359	
908949	903462	920385	925564	925949	
908103	910231	917154	918846	936231	
923026	925615	939051	933436	941385	
914051	914641	934795	937769	945462	
923231	930205	932590	933692	941205	
921872	919615	930282	934923	937179	
936410	935692	925692	950051	953744	
928538	921154	944692	950769	950128	
918436	918000	931051	942872	937128	
934026	926385	947410	940667	949974	
923564	926000	929821	935769	945000	
923821	928923	939641	935692	941641	
940026	929231	934923	945462	946051	
933179	926513	936026	943205	953795	
923949	933179	940026	946231	949077	
930846	933513	943641	952821	950128	
950769	941256	947538	952436	974026	
933256	944821	958769	966205	967051	
936026	926667	944179	946744	952308	
939590	942487	949923	960128	959231	
937436	940231	953410	949846	957154	
939641	932718	939718	950436	953744	
954051	944949	947154	962513	964077	
940154	936282	950051	947590	966026	
944821	950769	953487	957667	958513	
932205	929359	947077	950564	957615	
949846	948897	954564	955538	965692	
936154	936615	944051	953026	962205	
939000	943923	948231	944949	951538	
941846	949462	954436	961103	967436	
948231	942692	959026	963744	972154	
955872	958769	956718	969949	973385	
952000	945256	966667	958256	969949	
939333	938795	956385	960128	965359	
940359	939641	953026	948564	963103	
933641	938359	940410	943205	951795	
918564	928923	937436	929359	952897	
915462	910308	915154	931231	932718	
919744	905769	925308	930410	943462	
906564	904487	920897	923154	927359	
903205	902026	915872	907205	921667	
901308	895256	911282	908564	923282	
888641	884641	907923	903256	905462	
883282	881872	894077	906872	904615	
875282	883667	892282	887615	902487	
869718	880256	884846	883359	896154	
879154	870692	882718	885615	894795	
888333	881154	886333	896410	900103	
880308	884000	894538	900923	908564	
881103	874051	888846	899051	903769	
876769	874949	883923	890462	899436	
877333	872872	878769	883667	903513	
866154	876179	881487	882385	891692	
867590	868692	872487	880385	891179	
870436	859692	874436	879410	881410	
867641	870615	876769	880179	880000	
863128	860282	866410	878308	881795	
862077	864615	859128	870564	879205	
861385	851308	863692	867769	878564	
852333	841026	864282	870872	861692	
838769	834436	849538	852128	864103	
842308	833513	837795	842692	847795	
822667	820462	828282	834436	842641	
819615	809667	817564	829128	837000	
809538	805795	818846	816590	830872	
805205	800308	810590	820410	829513	
809795	809026	809487	812718	828103	
809410	810897	806051	822795	827974	
799256	801282	817359	822077	811667	
791641	788487	799000	799256	808128	
782205	783615	791385	789692	811154	
788795	770821	789769	791000	789385	
764179	769795	780205	783487	790359	
754410	768256	758410	769744	784667	
751256	752923	764487	771231	775154	
751308	751000	753692	760744	757897	
736000	737744	739103	739154	738641	
730564	722872	735103	740718	740000	
719718	726487	737359	727667	741564	
726949	723769	733667	729667	743821	
722949	718410	725718	733872	730103	
715821	725718	717128	739744	732769	
722949	713128	719897	734179	735538	
712846	712077	717128	718872	729205	
700974	716410	723718	714744	731872	
705436	705231	707051	719897	732000	
697744	704846	713128	709564	724949	
696513	691718	706077	702769	715436	
681641	689538	692308	693923	702462	
681000	677308	685128	692769	698769	
674667	668385	677436	685128	683974	
665154	669359	677385	681897	684154	
658692	649462	669179	678538	677000	
667282	668641	660256	668256	675641	
647974	651974	652487	673897	672282	
645308	651513	658513	664256	661872	
642795	646667	655974	649718	665103	
638410	636205	639897	645718	657205	
620308	630974	625615	633615	646487	
632769	628205	644744	634590	651128	
629359	614103	630769	636667	638667	
617282	625795	630462	633872	643385	
625154	625744	624051	631615	640872	
620641	606410	622641	624179	626846	
618179	620821	620949	630077	638718	
612872	610154	628051	621923	625923	
613769	622179	621282	615667	638590	
608154	611205	618103	613462	630256	
612231	603564	606795	613897	624897	
608538	612744	612692	623667	629821	
607974	608923	615974	623077	627410	
598590	602410	602077	610795	615923	
603949	605308	610103	613974	618487	
590718	593487	600923	605000	613974	
595231	605308	605436	611590	603641	
594385	586769	594385	598077	610744	
594128	598333	600410	598923	596077	
587487	577205	593821	589282	598256	
584513	587282	586128	589026	599872	
565308	571000	580744	586513	588128	
569256	562077	569641	565436	579667	
569128	569051	577846	573718	579538	
564282	552256	566538	575641	576231	
558256	560923	566667	565308	571000	
545795	558462	556769	565692	570538	
559821	545077	560256	555154	565513	
538026	540154	543128	554641	556513	
529256	521949	541128	539077	543256	
515282	521872	525564	523179	523051	
505923	517026	513333	509923	530718	
498231	500282	496872	502744	512821	
498795	500795	505256	509205	516974	
493385	502282	497128	505256	506103	
497641	494872	501385	512051	516513	
510692	501000	511538	512436	513410	
503077	503205	507077	506103	513333	
506103	506949	520077	514897	522000	
506359	509410	515077	515538	514897	
502949	507846	509462	515795	520385	
506103	504231	512821	507077	513795	
503718	500154	502231	513615	513872	
507795	506051	512051	511026	517538	
499513	504436	502615	505128	519282	
500026	502359	511795	506692	513026	
501974	499513	496795	510513	510769	
490718	496410	502615	502872	505718	
493769	488256	499256	501205	504615	
496205	492462	500487	509667	509590	
494026	494667	501718	500103	503513	
496795	496487	500282	501205	506487	
499179	492846	499846	499846	509538	
495692	487615	491949	502744	502564	
497564	493128	495949	505974	510692	
492205	484513	490974	501974	504436	
485026	486205	498154	498615	499462	
494667	491103	494872	498359	498410	
490333	497513	490795	498231	503333	
485026	488667	492282	491308	500154	
484718	489744	487436	492154	495436	
481744	482974	500103	491897	497897	
480641	487231	493641	495385	500231	
490077	486590	486205	494154	505385	
477077	480436	488205	492026	493949	
480308	482051	486205	486333	496026	
475718	476692	476769	480897	487692	
479282	474436	483359	482128	488974	
470821	476179	471718	477410	474897	
463974	477667	477410	485872	485821	
477872	476513	477538	477205	481923	
473462	479667	479538	475026	484769	
477333	474103	477538	485231	487359	
467897	475282	478949	481538	482256	
475462	475462	475462	478949	485615	
474179	476436	479795	480436	485231	
479744	475333	482897	481667	495308	
476641	470487	476436	473205	478385	
474385	470564	472231	478436	479487	
469590	468051	474641	474179	481667	
465846	463513	472051	471333	483821	
465513	462282	473462	481487	477205	
457128	463128	469462	464231	475462	
459513	462231	461897	464615	473795	
455179	451692	465590	471282	471795	
459641	465333	463641	460282	467974	
447692	458077	461385	462795	465077	
447615	447410	450974	459564	456795	
448077	446590	447282	449821	452462	
446513	445667	450205	453821	456410	
445026	439462	451051	453231	454718	
437974	436897	443667	446974	447744	
432051	435282	437462	442256	447744	
437410	432308	442051	441923	446846	
430308	437923	438256	446769	448974	
425564	428103	430231	441026	442564	
426282	429128	424103	436769	435077	
418538	418718	433128	435923	437026	
428872	423821	424744	435923	432821	
420923	417359	425128	428744	432436	
415051	409615	421897	420718	431205	
413487	408846	422077	422615	425641	
409744	413564	418718	421641	423128	
412846	407103	417897	417359	421128	
411026	409410	413821	415231	424923	
406692	408385	412077	410974	417103	
401667	404513	405667	410590	413564	
400564	405410	402564	408051	404513	
392821	399077	398821	406846	403282	
400308	397667	393513	396051	402949	
387641	392231	389846	392487	402949	
386538	383564	389974	390615	398179	
386667	383103	389436	396615	384590	
384333	378795	382538	395974	396949	
384077	382846	391897	395128	399462	
385000	385564	381564	393205	392744	
382846	387179	393128	388923	397333	
382538	378462	386923	387769	393128	
380974	384026	386026	392615	390923	
386026	384667	393718	385385	395385	
386615	378795	388923	388667	397462	
384282	381897	388744	389000	389051	
376462	376513	382923	383641	390410	
382410	380718	377949	386795	389051	
375744	371103	376256	380333	385385	
370769	374718	373872	381231	386410	
367923	365410	373744	372333	380923	
365923	362103	366308	378718	374718	
370436	366000	375872	371744	382077	
358872	358872	366128	360615	369103	
361410	359795	362692	363923	372333	
364641	355000	369103	368256	367026	
352538	355641	362308	360359	366769	
358821	350231	356872	359846	368513	
352231	352231	354410	364641	358744	
345231	348410	354410	357333	361282	
348795	346410	355000	355000	359256	
348026	346974	349308	353513	358359	
349256	347513	349949	356359	355769	
349436	350231	352359	348282	354231	
339231	346333	352231	347179	355385	
342128	347949	352103	351436	353462	
337231	344718	348590	354231	348872	
336718	336333	343615	346333	345231	
341179	336897	340077	343051	352359	
335026	334590	340256	338897	340256	
335231	334769	336718	337692	342256	
338333	333923	337821	336590	348795	
334718	337744	343051	342462	337410	
329282	331026	330179	336974	337744	
332821	330256	331538	340205	337359	
331615	333487	333282	327410	340846	
330179	330051	331333	334000	343308	
325538	329154	332974	338974	335538	
325282	327846	331154	333154	334974	
334718	324615	330436	331923	336077	
326179	326769	332436	333154	336256	
323538	323077	330949	332051	330256	
321974	326231	336077	331026	334641	
322872	325205	325590	327718	331487	
320359	318821	330641	331923	335026	
324744	317179	325077	321769	334308	
320744	317769	326231	326308	333795	
323974	328949	323128	324615	333154	
319897	326359	320359	330051	329590	
324949	323667	323667	327282	326897	
319897	319897	329923	324744	319385	
315436	314359	321590	325846	328308	
313949	312205	319513	321385	321641	
315308	311051	320436	322821	325590	
310462	316154	314744	321590	326949	
312744	318821	314872	317718	324744	
312667	312410	317333	314795	321205	
304974	312615	313949	313949	319513	
310026	308538	317769	321128	319846	
311256	308410	315436	313436	320231	
307436	304923	309051	310077	310590	
303821	303436	307692	307051	306795	
300974	302846	299795	302256	307897	
297026	294769	300513	297154	305949	
299487	300128	300513	302256	303821	
290564	295154	289333	299026	300718	
289282	288308	296385	290103	298385	
296000	295154	293205	295359	301949	
288231	293282	287538	288051	289974	
284821	287462	292051	292641	294692	
283846	291410	292897	285846	295615	
288231	283974	289718	285513	287205	
284872	287128	281641	287795	289667	
282538	277692	284487	284487	284564	
278487	277897	285333	286564	287462	
275692	275564	284615	280026	286872	
278282	277051	280026	282103	284103	
274154	280026	279385	280103	277564	
268718	271692	277564	278103	281462	
269615	273385	272667	273821	269103	
268667	267564	268974	269487	270333	
262718	262462	268333	271821	274667	
261923	259282	264128	268000	269179	
261795	258128	261538	265282	266333	
259667	266077	263487	263949	264974	
257872	259282	257154	262846	264385	
256949	255923	259538	260897	263487	
257333	254231	254949	254949	266128	
252231	249923	249128	255667	258000	
250051	250231	255667	250744	252436	
245769	250615	248615	253923	251590	
244538	242872	247256	251667	252436	
247333	246154	251410	250359	250564	
245513	244487	245897	247385	252308	
243769	245333	250615	249333	252359	
244231	249641	250051	253974	252692	
246744	236590	248359	248615	248103	
244615	241179	244615	244487	248308	
242538	241000	245590	250231	249974	
244795	241308	245769	245256	246615	
240359	239308	248179	246410	247590	
240205	243128	245641	249385	249128	
243513	242872	241051	246564	248359	
241692	241821	245590	247256	249590	
239256	239436	243462	245897	247000	
238923	236333	239000	242744	246949	
231615	236974	239769	240205	239949	
234462	231564	238026	235949	238923	
229026	234026	230590	232590	232333	
221487	227487	220436	227615	233231	
215718	215846	217846	220513	223359	
213923	215538	215538	217795	219205	
211590	218641	218513	223282	213795	
211205	218821	220641	221872	220564	
218231	216231	218513	220051	222821	
218103	222179	222128	227359	224769	
218641	224974	227667	227410	225923	
223026	223154	222821	222256	230846	
226590	224179	223923	231872	228513	
222949	222256	225154	229692	228000	
224179	223923	224513	226256	231692	
222385	222564	220436	225615	231872	
223667	220000	224769	230641	231744	
225103	223103	227359	228000	228513	
221487	224051	220897	229487	225667	
223359	219333	218641	222051	226846	
216897	217923	222128	222897	224513	
219333	223615	218103	221282	227538	
220692	225282	221615	223359	229308	
219795	220821	217077	219282	220769	
217795	216821	222641	217410	223923	
216615	211462	218308	218949	219667	
216179	211718	218103	219462	222436	
215667	214615	216103	221410	223103	
211590	211974	213077	211846	218564	
213846	213590	212615	217282	220128	
213795	216769	214359	211205	217846	
209256	211846	214744	218821	220308	
210692	211974	213128	214615	216487	
211769	215077	213923	212564	215282	
205641	212487	209077	211000	215667	
208487	208667	208615	215718	212949	
205051	210359	211256	212051	211333	
206795	205128	208410	208103	213205	
206795	205513	208667	209128	207897	
207897	205897	208538	208231	211846	
203256	204744	205385	210103	209590	
199949	204795	201256	207718	211897	
205256	198718	204231	210821	206615	
206154	205256	206923	201897	204615	
202410	204667	206359	205436	208154	
202282	203564	205051	205179	203256	
204154	202667	202744	204667	206231	
194923	203256	202923	202615	205256	
203128	199436	201564	200462	203769	
196974	198846	199436	198333	202795	
199641	197436	198538	203256	204359	
200795	197897	199949	197564	203385	
197103	197231	198923	200923	198795	
198205	200154	203256	200538	201128	
195051	196846	197179	200590	201051	
195308	196538	201641	198923	199769	
197436	198077	199513	198026	200282	
196795	196590	198077	197231	198667	
194846	196205	196974	200026	202026	
195231	196256	195231	199692	207897	
198077	198154	193231	195487	196000	
197436	195308	198333	197487	198462	
196590	192385	198795	199821	201821	
191359	191154	195179	196795	197821	
195821	191692	196205	197179	195949	
194385	194077	197949	197744	200718	
193692	197308	195949	198410	196000	
198077	194000	194513	194513	199513	
193487	197179	194128	197487	200205	
198205	197821	195564	195872	199179	
192718	193026	192641	197103	201308	
192590	194000	195436	197308	198154	
192718	189795	193308	192128	198846	
194846	195103	197103	196462	195487	
192385	191949	194333	193308	194718	
192385	191359	194000	188256	196538	
188846	193564	196333	195821	196410	
194333	192974	194974	194641	195692	
192000	193026	193179	192590	199821	
192846	195872	194462	192769	200718	
193231	191692	196667	199179	197103	
192128	191231	192385	197308	195487	
192256	191487	195692	196077	201128	
190718	191103	195051	195692	192718	
197231	195615	197897	195744	205308	
192513	193026	197051	196128	197179	
193744	189923	192718	196974	195949	
190077	198333	195436	194333	197615	
194590	193872	192769	197487	195359	
189744	188897	198333	197103	198026	
194462	197692	200846	198462	198205	
196000	189923	197308	196333	195949	
196718	192462	195179	192256	196128	
193692	193487	196667	196846	197179	
189359	186308	188308	193436	194385	
181846	184513	182513	182821	186692	
178487	180359	182256	182564	179154	
171897	173385	174872	175462	181410	
175641	173641	179846	178949	177385	
175333	177256	180487	182513	180308	
185154	180487	183538	185744	184949	
185923	185026	185615	187026	184436	
184179	186308	184385	188769	187231	
184897	186051	184000	188308	192205	
185615	186564	190897	191410	193692	
187282	190000	192205	191103	196128	
194000	197436	196974	192000	198718	
194846	199769	201256	201769	204231	
201256	198846	202615	201564	207385	
206410	204795	207385	205051	209641	
213718	213256	213077	210949	211385	
211769	208538	213256	216179	214487	
215000	211513	218385	222513	222179	
216179	219205	222128	224974	220000	
220949	225538	223231	228641	227744	
223026	224256	225923	226590	224846	
222308	226128	227744	229026	230000	
234026	232256	231308	233231	233744	
230077	238205	234205	233179	235769	
234282	238538	234667	238154	242744	
236974	245256	237564	246564	245513	
241692	243179	245205	250872	252103	
246744	247974	252359	257077	255795	
254897	258436	259795	263667	266256	
271949	266205	267487	270000	268077	
272667	269692	272974	272667	275256	
280103	277821	280538	280154	286436	
283769	279436	283590	286615	283641	
287462	284308	287462	297667	294051	
290564	287667	299538	298000	300513	
294897	295359	298462	301231	303026	
303179	305359	301282	308974	312538	
306795	308923	308410	308974	309692	
308154	313385	313564	318821	314667	
315513	319205	317513	323462	325795	
324744	324359	321513	324821	329333	
327333	325333	326821	333231	334000	
324103	326487	327795	331795	336718	
336205	329077	344718	341872	349769	
341308	341692	345513	349513	353000	
347949	346846	348410	352667	353385	
355077	359795	356487	359718	366564	
361718	360487	361128	363538	369744	
369359	366436	370769	372051	376513	
373821	370256	383179	378462	378538	
380282	383308	383821	389590	388538	
386667	385641	392026	394692	401846	
398487	398308	398487	409615	410641	
403333	401667	407282	412590	416923	
415949	418026	416718	423308	428487	
423949	418077	422077	427462	430564	
429205	420282	432564	426231	431513	
439410	431769	432308	444179	442769	
444128	439026	443410	451103	450128	
438436	440769	450333	447538	446769	
455513	449564	460744	463974	466821	
460538	451179	467641	472487	467256	
466154	472821	477205	473077	481282	
479923	471000	484590	482769	486641	
482000	481615	486128	480590	495564	
485487	481872	487692	493692	496026	
487231	492333	494282	505846	502103	
497385	495821	500231	510564	514000	
504308	501769	508821	509718	522385	
513333	512256	518385	523103	523744	
526590	521564	530282	527821	526667	
528205	527179	535000	531564	542744	
539641	542744	546769	541462	549744	
539974	544051	540564	552000	543846	
549410	546308	559949	560000	560205	
551795	551872	561359	566590	565897	
564077	567692	567769	573513	578744	
568795	557154	574026	574615	580051	
574103	569436	579077	589923	589231	
581410	583846	582051	594077	588256	
577462	581846	587923	593103	593026	
594718	592000	600667	601897	604333	
598462	590846	609769	611205	610282	
607051	605385	609462	607513	610615	
605308	604077	626308	620564	628513	
615077	619077	622769	632205	629615	
631231	623154	621538	632590	631872	
627538	629949	632641	634385	644410	
628051	624128	630333	637897	639308	
622821	618308	625667	632000	638923	
603128	608744	611385	623205	613897	
592205	597872	604795	605308	610487	
585718	581718	591615	597436	598923	
573974	579462	588128	591282	593410	
572744	573333	570154	574103	581205	
568462	558846	564974	571641	578615	
566333	562205	558462	570231	575513	
556256	555667	564154	568077	570872	
564077	557410	564205	570538	578744	
557282	553410	573462	567513	581923	
569385	572538	584308	573128	583590	
581590	581462	585026	593872	592641	
601103	600333	607513	614308	618897	
632205	633103	636795	629103	646615	
655795	652692	668641	672000	668897	
694949	689667	695410	699667	704128	
708795	705744	713128	727462	726487	
726821	721897	730564	736000	746462	
738385	741026	753564	756615	754744	
752205	744205	744590	748205	754923	
730564	736846	734308	739026	743051	
718487	726051	740590	739359	743231	
722359	720154	733795	734692	740590	
715692	718744	717385	730769	736308	
732436	709949	732128	736000	741026	
728615	736897	725333	747436	754487	
738718	731282	751436	746974	759256	
751769	745359	761256	765077	769667	
766564	766641	761205	768897	774513	
768179	771538	782000	782667	794103	
791769	780538	798487	798949	798615	
802359	792538	810897	823692	822718	
809795	799974	808564	817487	834487	
801667	804436	811538	826103	824282	
816974	817487	827897	832615	837282	
826923	819744	828231	837410	835000	
837795	840256	852641	850513	867513	
839590	843872	845795	846385	866026	
841333	842949	851026	850077	873974	
858923	863308	861949	874615	885103	
882000	881410	889487	901308	899000	
884846	891872	903000	906744	918718	
906949	904282	912103	916436	919795	
911462	913026	918513	931949	943923	
912103	915872	927051	934410	943923	
934872	934487	947026	945846	963949	
956462	961179	961949	979205	988641	
994256	989487	996974	1.00344e+06	1.00551e+06	
1.00815e+06	1.00646e+06	1.02269e+06	1.01921e+06	1.03833e+06	
1.02826e+06	1.02651e+06	1.0439e+06	1.05172e+06	1.06795e+06	
1.04726e+06	1.04951e+06	1.06728e+06	1.07872e+06	1.08559e+06	
1.06659e+06	1.07892e+06	1.09223e+06	1.09346e+06	1.10285e+06	
1.09664e+06	1.09864e+06	1.10277e+06	1.11336e+06	1.11931e+06	
1.12436e+06	1.12495e+06	1.12495e+06	1.14154e+06	1.14451e+06	
1.13069e+06	1.1281e+06	1.13359e+06	1.14549e+06	1.15921e+06	
1.12738e+06	1.13315e+06	1.14323e+06	1.15628e+06	1.15764e+06	
1.14531e+06	1.15046e+06	1.17146e+06	1.17323e+06	1.18569e+06	
1.14692e+06	1.14531e+06	1.15759e+06	1.17077e+06	1.17774e+06	
1.15274e+06	1.15718e+06	1.16895e+06	1.1851e+06	1.18259e+06	
1.17013e+06	1.17205e+06	1.17664e+06	1.19513e+06	1.20651e+06	
1.16915e+06	1.16823e+06	1.17962e+06	1.19585e+06	1.19254e+06	
1.1689e+06	1.18169e+06	1.19559e+06	1.19682e+06	1.19921e+06	
1.20333e+06	1.18633e+06	1.19326e+06	1.21408e+06	1.21769e+06	
1.20741e+06	1.20185e+06	1.23126e+06	1.23133e+06	1.24082e+06	
1.2171e+06	1.22105e+06	1.22454e+06	1.2361e+06	1.252e+06	
1.22297e+06	1.22215e+06	1.23726e+06	1.25518e+06	1.25123e+06	
1.24741e+06	1.23856e+06	1.25556e+06	1.25736e+06	1.27869e+06	
1.22246e+06	1.23469e+06	1.25608e+06	1.25692e+06	1.26441e+06	
1.23333e+06	1.23469e+06	1.23436e+06	1.25356e+06	1.26667e+06	
1.2449e+06	1.24464e+06	1.25336e+06	1.26615e+06	1.28354e+06	
1.24949e+06	1.25595e+06	1.26946e+06	1.28005e+06	1.29013e+06	
1.27074e+06	1.27708e+06	1.29279e+06	1.30713e+06	1.31805e+06	
1.29977e+06	1.29064e+06	1.30856e+06	1.31082e+06	1.31559e+06	
1.284e+06	1.28949e+06	1.28915e+06	1.31444e+06	1.3141e+06	
1.29318e+06	1.28969e+06	1.30938e+06	1.32162e+06	1.31949e+06	
1.29738e+06	1.29297e+06	1.30856e+06	1.31141e+06	1.33492e+06	
1.30105e+06	1.31572e+06	1.31503e+06	1.33267e+06	1.33854e+06	
1.30777e+06	1.31231e+06	1.31669e+06	1.32562e+06	1.33782e+06	
1.32303e+06	1.32336e+06	1.32744e+06	1.33892e+06	1.34997e+06	
1.32867e+06	1.32677e+06	1.34636e+06	1.36497e+06	1.36446e+06	
1.34423e+06	1.34138e+06	1.35444e+06	1.35859e+06	1.37462e+06	
1.35251e+06	1.35418e+06	1.35974e+06	1.3819e+06	1.36969e+06	
1.36956e+06	1.36846e+06	1.38772e+06	1.38456e+06	1.40038e+06	
1.36556e+06	1.36251e+06	1.36982e+06	1.38954e+06	1.3951e+06	
1.37356e+06	1.37636e+06	1.38554e+06	1.40285e+06	1.39431e+06	
1.37241e+06	1.37449e+06	1.38462e+06	1.40815e+06	1.41049e+06	
1.37718e+06	1.37079e+06	1.38662e+06	1.40344e+06	1.40738e+06	
1.38146e+06	1.39295e+06	1.3929e+06	1.413e+06	1.41577e+06	
1.39808e+06	1.39672e+06	1.40085e+06	1.41979e+06	1.42941e+06	
1.39341e+06	1.39174e+06	1.39903e+06	1.41441e+06	1.41921e+06	
1.38946e+06	1.39141e+06	1.41074e+06	1.43154e+06	1.42521e+06	
1.39936e+06	1.4121e+06	1.41831e+06	1.4249e+06	1.44267e+06	
1.40692e+06	1.39923e+06	1.41474e+06	1.42733e+06	1.44364e+06	
1.40854e+06	1.40395e+06	1.42282e+06	1.42613e+06	1.43646e+06	
1.39405e+06	1.40782e+06	1.42036e+06	1.43259e+06	1.43472e+06	
1.40615e+06	1.40697e+06	1.42354e+06	1.43395e+06	1.43141e+06	
1.41487e+06	1.40556e+06	1.42728e+06	1.44041e+06	1.45605e+06	
1.41733e+06	1.41351e+06	1.42826e+06	1.44551e+06	1.44744e+06	
1.41223e+06	1.4121e+06	1.42644e+06	1.43149e+06	1.43923e+06	
1.40951e+06	1.39659e+06	1.41862e+06	1.43923e+06	1.43731e+06	
1.41759e+06	1.41441e+06	1.42179e+06	1.43613e+06	1.449e+06	
1.40905e+06	1.40867e+06	1.42703e+06	1.42128e+06	1.44769e+06	
1.40008e+06	1.41597e+06	1.41249e+06	1.43277e+06	1.43362e+06	
1.41351e+06	1.40131e+06	1.4099e+06	1.43556e+06	1.43103e+06	
1.41449e+06	1.40969e+06	1.41895e+06	1.4229e+06	1.43367e+06	
1.40615e+06	1.39923e+06	1.41726e+06	1.42533e+06	1.4309e+06	
1.40564e+06	1.39897e+06	1.40828e+06	1.42515e+06	1.43503e+06	
1.41223e+06	1.39974e+06	1.41533e+06	1.43349e+06	1.43987e+06	
1.41508e+06	1.41403e+06	1.42541e+06	1.43787e+06	1.44595e+06	
1.409e+06	1.42069e+06	1.41777e+06	1.438e+06	1.43885e+06	
1.41177e+06	1.40887e+06	1.42159e+06	1.43677e+06	1.43544e+06	
1.40569e+06	1.40887e+06	1.41921e+06	1.4431e+06	1.42703e+06	
1.42074e+06	1.40705e+06	1.43187e+06	1.438e+06	1.44233e+06	
1.42979e+06	1.42062e+06	1.42554e+06	1.44123e+06	1.449e+06	
1.42146e+06	1.42049e+06	1.41526e+06	1.43626e+06	1.43718e+06	
1.41138e+06	1.40615e+06	1.43167e+06	1.44092e+06	1.4351e+06	
1.40718e+06	1.41185e+06	1.41895e+06	1.44654e+06	1.44292e+06	
1.41428e+06	1.40808e+06	1.41869e+06	1.42864e+06	1.43464e+06	
1.409e+06	1.41021e+06	1.42651e+06	1.43544e+06	1.43918e+06	
1.38741e+06	1.40033e+06	1.41623e+06	1.4249e+06	1.43167e+06	
1.39605e+06	1.39367e+06	1.41862e+06	1.43433e+06	1.43646e+06	
1.39149e+06	1.39949e+06	1.40123e+06	1.42036e+06	1.42036e+06	
1.39826e+06	1.40331e+06	1.40808e+06	1.41849e+06	1.43136e+06	
1.38915e+06	1.38759e+06	1.39187e+06	1.40641e+06	1.41474e+06	
1.39064e+06	1.38379e+06	1.40982e+06	1.41921e+06	1.42741e+06	
1.39277e+06	1.38954e+06	1.39931e+06	1.41887e+06	1.42451e+06	
1.38197e+06	1.38431e+06	1.39936e+06	1.40969e+06	1.41641e+06	
1.36867e+06	1.36369e+06	1.38159e+06	1.38746e+06	1.40408e+06	
1.36169e+06	1.36233e+06	1.36613e+06	1.3841e+06	1.39605e+06	
1.33382e+06	1.34462e+06	1.33105e+06	1.36051e+06	1.35587e+06	
1.24328e+06	1.24023e+06	1.24508e+06	1.26292e+06	1.27772e+06	
1.07408e+06	1.07072e+06	1.08551e+06	1.08977e+06	1.09638e+06	
871718	866667	884128	887231	889949	
680026	672333	675436	694769	690615	
539590	538103	537256	546436	549410	
455513	451949	458744	465333	464103	
439923	441487	442692	450385	448897	
485615	482974	493769	497769	504564	
567769	575128	577077	585333	586641	
631436	621667	632205	641949	642667	
646795	643308	645179	669949	660385	
633949	633949	642205	641513	645308	
618949	615513	627795	634846	632000	
616051	613769	620564	636205	636077	
622949	617128	631103	634385	631564	
635179	633949	636538	650872	645718	
674462	662692	675769	677128	685077	
712333	712590	713179	730897	736051	
756026	753436	770564	778513	782077	
808308	802949	821821	821821	831128	
855949	848718	862538	880821	879410	
895641	899692	905077	922641	924974	
954128	944179	960077	976538	969436	
993538	997026	1.0039e+06	1.00415e+06	1.02128e+06	
1.03854e+06	1.04003e+06	1.05579e+06	1.06018e+06	1.066e+06	
1.07828e+06	1.0859e+06	1.09851e+06	1.10231e+06	1.11674e+06	
1.11221e+06	1.11513e+06	1.12856e+06	1.13372e+06	1.15623e+06	
1.15059e+06	1.15067e+06	1.15926e+06	1.18136e+06	1.17833e+06	
1.16992e+06	1.16585e+06	1.17795e+06	1.19049e+06	1.19067e+06	
1.19126e+06	1.18297e+06	1.20533e+06	1.20974e+06	1.22259e+06	
1.19113e+06	1.19803e+06	1.19669e+06	1.21154e+06	1.22841e+06	
1.19292e+06	1.19997e+06	1.20695e+06	1.22633e+06	1.2151e+06	
1.19572e+06	1.20908e+06	1.214e+06	1.20877e+06	1.22679e+06	
1.20826e+06	1.21744e+06	1.22556e+06	1.23469e+06	1.23564e+06	
1.21813e+06	1.20754e+06	1.21446e+06	1.23785e+06	1.25046e+06	
1.22013e+06	1.21685e+06	1.21905e+06	1.24482e+06	1.25608e+06	
1.21459e+06	1.22944e+06	1.22997e+06	1.23836e+06	1.24205e+06	
1.21438e+06	1.21595e+06	1.22279e+06	1.22944e+06	1.2421e+06	
1.21162e+06	1.20936e+06	1.22233e+06	1.23687e+06	1.24172e+06	
1.21e+06	1.20082e+06	1.20423e+06	1.23146e+06	1.22603e+06	
1.20477e+06	1.19695e+06	1.22364e+06	1.22421e+06	1.22879e+06	
1.19772e+06	1.19262e+06	1.20695e+06	1.218e+06	1.23177e+06	
1.20605e+06	1.19726e+06	1.2069e+06	1.22323e+06	1.22131e+06	
1.20436e+06	1.20597e+06	1.21013e+06	1.22777e+06	1.23738e+06	
1.19844e+06	1.20197e+06	1.20262e+06	1.21354e+06	1.22687e+06	
1.18854e+06	1.19151e+06	1.19721e+06	1.20774e+06	1.21672e+06	
1.184e+06	1.18621e+06	1.19326e+06	1.20903e+06	1.20218e+06	
1.17444e+06	1.17574e+06	1.18821e+06	1.20656e+06	1.21451e+06	
1.16818e+06	1.18156e+06	1.19874e+06	1.19797e+06	1.20464e+06	
1.17295e+06	1.16946e+06	1.18415e+06	1.18323e+06	1.19364e+06	
1.16521e+06	1.17638e+06	1.17626e+06	1.18238e+06	1.18938e+06	
1.17069e+06	1.16597e+06	1.17851e+06	1.18833e+06	1.20185e+06	
1.16941e+06	1.17174e+06	1.19449e+06	1.19215e+06	1.199e+06	
1.16844e+06	1.17541e+06	1.18051e+06	1.19331e+06	1.19985e+06	
1.16554e+06	1.16274e+06	1.17685e+06	1.17795e+06	1.19669e+06	
1.1619e+06	1.1669e+06	1.17833e+06	1.18872e+06	1.18913e+06	
1.15126e+06	1.15274e+06	1.17077e+06	1.18149e+06	1.19577e+06	
1.14841e+06	1.14723e+06	1.16703e+06	1.17115e+06	1.18208e+06	
1.14013e+06	1.13805e+06	1.16069e+06	1.17044e+06	1.16785e+06	
1.1409e+06	1.14141e+06	1.15479e+06	1.15874e+06	1.17392e+06	
1.13974e+06	1.13456e+06	1.15015e+06	1.16695e+06	1.16444e+06	
1.14421e+06	1.13749e+06	1.15279e+06	1.161e+06	1.16946e+06	
1.13438e+06	1.13159e+06	1.13451e+06	1.15544e+06	1.16649e+06	
1.13877e+06	1.14667e+06	1.15072e+06	1.16326e+06	1.16933e+06	
1.12997e+06	1.12623e+06	1.14264e+06	1.15003e+06	1.15997e+06	
1.12823e+06	1.13482e+06	1.13787e+06	1.153e+06	1.15921e+06	
1.13049e+06	1.12818e+06	1.12687e+06	1.15015e+06	1.15369e+06	
1.12118e+06	1.11149e+06	1.12308e+06	1.14569e+06	1.15636e+06	
1.12249e+06	1.12462e+06	1.13282e+06	1.15356e+06	1.15505e+06	
1.12146e+06	1.10731e+06	1.11769e+06	1.13715e+06	1.13954e+06	
1.12079e+06	1.12203e+06	1.13456e+06	1.13877e+06	1.14638e+06	
1.11874e+06	1.11795e+06	1.13295e+06	1.1561e+06	1.14749e+06	
1.11977e+06	1.121e+06	1.12649e+06	1.14556e+06	1.15946e+06	
1.11513e+06	1.11551e+06	1.12326e+06	1.1411e+06	1.15428e+06	
1.10749e+06	1.11072e+06	1.12346e+06	1.14013e+06	1.13346e+06	
1.10962e+06	1.11254e+06	1.11221e+06	1.12946e+06	1.13805e+06	
1.10769e+06	1.09231e+06	1.10885e+06	1.13295e+06	1.13044e+06	
1.09579e+06	1.11097e+06	1.10574e+06	1.11756e+06	1.12428e+06	
1.10187e+06	1.10026e+06	1.09936e+06	1.11692e+06	1.13515e+06	
1.09354e+06	1.10226e+06	1.12526e+06	1.12456e+06	1.12849e+06	
1.09172e+06	1.08274e+06	1.10438e+06	1.11136e+06	1.12933e+06	
1.09915e+06	1.09341e+06	1.09533e+06	1.12887e+06	1.13056e+06	
1.09695e+06	1.09915e+06	1.10659e+06	1.11356e+06	1.12687e+06	
1.0859e+06	1.09005e+06	1.09746e+06	1.11531e+06	1.11174e+06	
1.08331e+06	1.087e+06	1.10523e+06	1.11628e+06	1.11356e+06	
1.07467e+06	1.08151e+06	1.08331e+06	1.10956e+06	1.10408e+06	
1.05597e+06	1.06646e+06	1.07531e+06	1.08972e+06	1.09949e+06	
1.06497e+06	1.07549e+06	1.08105e+06	1.0941e+06	1.09341e+06	
1.05649e+06	1.05662e+06	1.06549e+06	1.07982e+06	1.08585e+06	
1.05754e+06	1.04849e+06	1.06187e+06	1.07428e+06	1.07433e+06	
1.04505e+06	1.04913e+06	1.05041e+06	1.07118e+06	1.06269e+06	
1.04797e+06	1.04428e+06	1.05223e+06	1.06872e+06	1.07208e+06	
1.03518e+06	1.03226e+06	1.06179e+06	1.06303e+06	1.06205e+06	
1.02172e+06	1.02167e+06	1.04628e+06	1.04403e+06	1.05036e+06	
1.01656e+06	1.00608e+06	1.02936e+06	1.04215e+06	1.03787e+06	
1.00969e+06	1.00887e+06	1.0201e+06	1.03659e+06	1.03464e+06	
999231	1.00713e+06	1.01456e+06	1.02644e+06	1.036e+06	
1.01546e+06	1.01985e+06	1.03046e+06	1.03264e+06	1.04221e+06	
1.00654e+06	1.00162e+06	1.02413e+06	1.03103e+06	1.02736e+06	
997359	990821	1.0039e+06	1.01636e+06	1.01474e+06	
998590	996128	997615	1.01682e+06	1.01946e+06	
997359	987872	998974	1.00569e+06	1.0101e+06	
985462	983410	986897	993410	1.00492e+06	
979846	989923	987872	1.00344e+06	1.00472e+06	
975769	976103	987667	1.00569e+06	1.00887e+06	
964077	965564	978872	994897	987205	
970077	965949	975513	991923	999179	
969564	964667	966795	990692	980308	
964410	972282	967641	980487	992513	
954128	967692	972359	994897	988256	
960641	953154	967308	986436	976744	
965744	957103	965487	979513	983667	
959821	956718	958385	980051	971641	
956462	942564	972795	966538	972923	
935897	938667	943590	956308	954256	
920590	923282	937590	950256	959103	
931513	919154	935897	947846	941256	
932026	922718	939051	952128	946359	
922590	923949	932462	947410	936667	
927692	911282	926513	947718	948359	
919923	923615	938487	952692	950949	
923282	929051	938154	941462	941256	
929103	935949	940667	962974	962923	
903333	914641	926795	934205	941641	
915615	916692	921872	932077	937308	
898923	889231	912436	922641	927231	
898154	900231	918000	913795	924462	
888923	886897	896744	908308	901769	
883103	893436	897564	908487	910051	
882256	875974	888641	902154	904872	
872231	875538	878256	886846	895564	
874949	865769	877410	889359	896538	
871513	870744	877846	890923	889949	
864103	860205	867846	880000	880641	
869846	857564	874487	882128	891231	
850513	863128	869897	874231	875846	
851103	831256	850000	867205	871590	
831128	844179	851103	864231	866103	
853179	851103	865128	863051	865333	
846590	844974	841282	854256	857051	
839667	836359	843538	862077	864359	
829333	841795	837205	842051	847744	
823897	818282	825949	832564	835667	
818077	828795	841410	841923	850128	
828872	827846	821821	840103	847282	
827769	836051	835128	845923	841410	
818590	828538	843744	847282	853103	
823769	837205	833846	847615	846846	
823821	825051	825897	843744	835590	
825051	813282	818718	832872	845154	
810051	808128	816462	826615	834821	
802769	794154	807923	816333	823000	
796821	791256	803026	818128	810641	
795769	795128	800564	819692	818590	
786205	792103	789385	805590	810462	
785949	782923	787821	807667	808641	
773872	780077	768821	781949	792667	
773359	768641	775282	786205	781564	
759000	762308	772385	781308	777282	
752026	751769	761128	776974	767538	
763538	751308	755179	763538	762231	
746410	731538	745436	764103	763923	
739026	738051	748795	753308	766231	
736385	731538	741615	745308	754282	
727974	734692	735872	742923	744538	
729846	720872	725923	743949	740846	
723205	709308	715641	720282	726949	
696641	698385	715897	714795	715692	
685000	692487	695077	708718	712538	
672154	674974	682538	679821	682359	
650949	656692	661667	663667	673231	
644923	635872	642410	653667	662436	
630462	639897	638282	651590	653333	
612487	616872	624897	628128	628718	
599744	604154	606077	620385	622051	
586821	592513	600590	608410	597692	
581590	580821	589923	593359	599821	
574872	586436	577769	584821	594077	
551923	565231	566154	571769	579846	
554513	550513	555359	561179	560590	
543000	542231	557487	566333	559436	
555359	552769	553872	555949	560590	
541000	555487	561359	569256	567949	
538872	547718	553359	554846	561487	
538487	535846	542359	548128	547974	
526282	531564	540103	539846	547667	
543000	553231	555231	561436	568410	
555615	543462	550436	563051	567692	
543846	541000	546564	558256	560718	
543128	540359	554256	547026	565436	
546564	546897	546231	547667	555359	
563615	562282	567897	565436	570872	
581154	576231	577513	583333	588128	
598923	591154	603128	601513	599231	
592513	592641	603513	605308	609590	
582821	584949	590436	598795	596513	
584256	582949	580949	588000	602846	
563051	565513	572487	573051	575077	
537256	531308	534744	550692	548179	
502026	499769	491487	503128	510179	
471462	474179	477077	482513	478949	
487564	477077	480436	488667	497897	
501385	501462	499256	508308	514128	
517923	516513	525103	530333	532615	
527897	530333	537718	538744	546308	
549282	539641	552897	555359	559103	
555410	557949	553538	567179	572231	
556256	561308	565897	573513	569051	
551359	548821	564718	567256	566923	
554897	557692	556462	563949	573897	
557026	545282	555231	570026	568282	
555359	558769	565641	570795	577590	
561949	554513	562128	568282	580231	
554051	539256	554590	560974	568615	
528846	533436	541256	540359	552051	
515282	521282	523692	534744	543256	
524128	523821	528026	527615	527231	
529769	521949	526282	534103	537513	
523744	511333	517410	524128	531179	
510231	510231	507667	520513	518641	
502282	503128	510897	513333	515410	
517231	512000	522128	526077	523821	
511846	511846	518769	530077	520000	
507077	510564	523179	529641	527436	
520974	509846	521615	520333	531641	
510436	506564	511846	523179	529769	
514385	510231	520205	520256	526718	
505256	505256	513744	517487	529103	
514128	509154	512308	518128	516513	
505128	498667	513615	521231	521359	
509718	505974	510436	517487	516256	
499385	498615	510308	510641	517615	
499641	501205	508487	514256	516436	
494333	489949	500538	506821	508615	
496205	495436	500923	507462	507795	
500282	502410	496667	503513	511590	
502103	504564	505641	513026	518333	
508564	509590	512769	514436	517231	
507462	510692	516769	523949	519821	
511410	506231	517231	518462	516256	
523103	512179	514051	519282	523103	
510179	515026	511205	522769	523744	
511718	504487	508308	513154	525615	
512128	511667	520256	523564	522513	
510051	511590	524974	525231	524795	
507538	510436	517359	515154	524077	
514256	511333	511795	514692	529949	
507538	512179	517026	521282	525051	
505000	510564	513744	521564	512641	
505923	512897	510641	518000	518462	
500359	505846	511846	512949	524923	
501256	502564	515538	516000	518179	
506051	502282	509795	516179	514692	
510231	504744	507974	515923	515615	
499718	502821	503333	512051	519282	
504179	498872	509795	510436	508821	
497000	508103	508744	506051	520077	
503641	494410	499846	512179	514949	
491103	502103	505000	506615	516564	
499718	491436	499308	505333	511154	
489231	488538	502154	503513	510051	
492667	496154	496077	503000	505333	
497128	493179	497051	509538	508897	
481923	490154	497974	503641	499974	
487821	494538	494077	501846	495436	
492282	486462	487231	498231	495308	
478308	476564	483026	482205	495000	
477205	480513	490846	484462	496282	
479667	480718	483026	486128	483282	
477615	475026	480308	489231	486718	
479538	480385	478436	483538	487179	
482256	478436	480385	486256	486846	
476179	484000	489051	485487	494077	
483231	482333	478179	488385	490205	
473667	473026	477077	491103	491487	
478385	478641	479231	485026	486462	
468615	466026	468051	474641	477615	
470231	464795	481282	474769	482769	
467256	464231	479231	478641	479667	
459256	465641	471333	472103	475154	
463333	461000	468487	473462	475333	
458154	464359	472359	474769	472897	
459385	458462	465256	466692	474308	
451564	455949	466692	467846	472103	
452333	452923	446077	457308	461436	
434308	430154	443359	440051	452077	
430436	431077	434949	435667	441154	
429000	427256	433462	433385	435410	
427256	433590	436641	442000	442308	
429077	434051	433077	438308	440641	
435846	432103	431333	434051	441359	
432487	432179	433590	439205	445359	
431128	426103	429846	422744	441410	
430103	425897	431462	437462	440256	
427897	434564	426795	429462	436436	
427205	426103	433718	437154	433256	
426026	421564	429897	433256	436051	
423000	423179	422333	429769	424795	
406692	409154	409359	410385	418795	
386615	387513	394615	389718	398615	
376333	375231	379179	376128	379359	
370846	374641	367872	378333	382410	
376769	388154	376718	390026	386359	
384154	385513	385000	390282	390872	
389385	384410	387821	394436	399154	
395590	400769	407615	403667	408000	
391718	397718	399410	400513	407026	
397795	398179	397846	415615	410718	
398897	402897	406385	411103	407667	
403154	399923	406513	408769	406769	
404051	399026	410718	411615	409231	
404308	401026	407410	406128	415103	
401282	406000	405231	409026	416923	
406385	403333	408051	414385	423436	
401410	404949	404385	405872	404000	
405359	397538	405410	408333	411692	
407538	396308	401590	411692	413692	
396436	395462	400897	407026	410590	
390103	391769	401410	404949	401205	
394436	392872	397590	398615	399590	
390615	386538	391256	397410	396487	
393513	388795	394564	401538	395513	
389897	387308	397795	394564	395513	
383641	384205	387308	390538	395641	
386667	390154	391128	391000	390410	
382590	382846	385513	389846	395846	
384410	385564	385564	387385	392538	
378205	375359	387308	391256	393462	
383513	385179	382205	383949	392487	
381359	379359	384026	390026	389308	
378333	378718	383385	387000	387128	
380795	377744	375436	385128	382538	
373026	377436	382846	376205	380282	
372205	370974	378923	382718	384667	
370974	368436	368051	381231	376769	
365205	371744	364385	368000	371923	
365538	360103	361000	365205	371154	
356359	349897	359590	359846	363846	
343615	339564	346333	348026	344205	
333103	326103	332769	337410	337410	
327205	325077	324487	328256	334308	
331026	327795	327590	330949	337949	
336385	332513	340077	339436	341821	
331795	336128	339487	339692	343744	
334590	337692	335795	341872	349256	
334974	332897	338641	342077	347051	
342590	337487	346026	343821	352744	
337487	343692	344154	343949	345769	
338846	339436	334769	340846	341436	
330128	337231	336205	339615	342923	
341564	341179	347179	350667	346590	
338256	340128	341436	350154	345179	
336897	339872	336974	347256	347513	
336897	336718	340974	341821	348795	
336462	336641	336128	343359	339872	
329462	335231	336333	338974	337410	
325154	335744	330179	336513	334641	
325974	326949	330949	334000	334000	
328051	334179	337487	337231	336333	
327077	328821	329590	337103	333923	
329667	327077	325077	331667	334128	
325282	321385	328308	328641	324744	
315000	322821	322231	331667	330641	
314359	317513	324744	328513	327282	
319256	318487	321333	320436	321000	
315256	313051	321769	319256	319846	
311769	313436	321205	314872	325333	
317256	311308	315974	322231	323128	
311256	315641	317974	318154	320436	
311769	313821	314744	317897	316744	
312205	309949	305744	315385	320436	
305436	306795	308077	313564	314282	
307897	305692	309821	306282	313949	
298179	300385	307897	315564	312872	
306205	306462	308077	307949	310718	
301103	304923	303692	307359	301487	
296179	302000	303026	305564	305872	
297282	299538	302513	305744	307564	
295795	297667	298462	301487	308667	
292949	296846	298256	299744	301410	
291923	295154	297359	296513	299231	
294256	290564	297667	303744	295872	
291974	289077	287718	302641	304846	
289667	288564	292436	296769	296897	
285385	285385	291667	291282	292641	
284744	285333	287974	290821	290641	
284231	283462	280923	285641	289333	
278615	279974	283718	280410	285769	
280410	279436	282821	284103	284154	
275179	274667	277769	281205	284872	
275385	275769	281769	279718	283590	
281205	269436	279128	275564	283077	
276667	278026	281590	282615	282103	
270974	272718	276872	276872	278538	
272923	275128	274205	278615	276077	
273641	274205	279179	278923	278667	
273179	275179	275000	274410	273513	
270410	270077	271564	279179	275308	
271821	265615	275179	275821	274462	
268128	269487	276923	273051	274026	
265026	267487	267436	273103	272333	
269692	265949	262974	268385	275692	
262513	259487	264897	263410	270282	
259231	259872	262846	263538	269179	
258256	261795	261872	259923	261487	
258000	257282	256385	262333	259487	
258128	254308	251795	259538	257795	
254308	250821	252231	253590	260000	
244487	255923	255462	258179	256436	
247385	248872	249462	257410	249256	
252179	249718	247846	254564	254051	
244231	248872	247769	253590	252179	
243846	247385	246949	253590	250821	
249128	246231	251000	251205	253718	
246103	243974	242487	250051	248564	
246026	246872	245000	246821	250051	
242410	241641	245256	245590	246821	
239897	236923	242103	238205	244923	
236590	237103	239641	242795	244103	
238590	239179	242615	244795	251718	
238795	238205	246154	244744	242744	
237103	237256	239692	240667	244487	
237436	233103	236205	239692	239436	
233436	230462	234205	235103	235641	
229308	233308	230641	232256	230923	
226769	231179	235897	232590	231359	
226846	226897	230718	233692	230000	
224179	225744	228462	233179	226333	
220385	223667	225410	228077	224846	
220769	219538	223872	225231	227103	
220256	222692	219026	221744	224385	
220051	217590	219667	225923	223026	
213128	215462	216308	219205	219923	
211128	214308	217154	215590	214872	
210026	208615	212103	210949	210615	
209000	208667	206026	208282	213385	
205769	201051	203000	208744	203385	
202462	197949	198333	202410	202077	
198462	198410	197487	202154	198154	
193821	194513	194462	193103	197436	
192128	187795	190000	193949	193026	
187154	185923	187538	190718	193308	
185615	187872	188179	188590	186974	
183205	184128	182641	187282	189795	
184385	184897	184949	189359	184641	
184308	182436	182103	184179	189282	
177718	174103	175718	179462	176103	
172667	170667	175641	173513	174615	
170410	169974	172487	172231	176692	
173846	171641	174282	175333	174231	
172667	171590	174026	173000	174744	
170410	173000	171974	173590	175641	
169179	169846	167821	172154	172744	
165949	169641	171385	168667	170538	
170410	166487	167256	170744	170231	
165949	167308	170744	167513	169974	
164667	169308	171256	168487	171333	
171051	165949	170103	171897	168667	
165949	169308	169436	169385	171205	
171385	168538	168538	170538	175462	
167128	168538	170795	172410	173385	
173718	174103	174436	177923	177538	
177538	175923	177718	181590	181923	
180949	181205	183872	185077	182897	
183026	184949	182897	186436	187744	
184385	184564	183872	185359	185667	
188051	187103	185282	186256	189538	
188641	186564	190333	189923	190974	
187282	184051	187282	191538	190205	
185487	185538	189923	189231	189231	
186769	182897	187923	190000	182256	
186564	185410	186179	187103	190128	
185026	180769	179923	181410	185923	
178051	174744	180103	178872	179590	
177000	176744	181667	176949	178744	
171590	173513	174359	174744	178615	
166410	173077	173077	174154	174949	
168615	168923	166744	171051	170872	
168487	166872	165256	171000	165641	
162667	163308	165897	167051	169513	
162795	166872	167179	169436	168538	
157872	161769	160846	163821	160205	
159615	159949	161821	162795	161179	
159436	157487	159359	157872	163692	
161821	161897	158513	163513	159179	
157744	155821	158256	162026	162462	
156333	154769	157821	161487	164462	
161359	154641	161308	159564	158513	
160333	157436	158000	156974	161821	
164667	160410	160795	161103	167051	
162333	160974	159231	162795	164462	
158128	160718	159692	161897	161179	
158846	159103	163513	160795	165179	
158077	159103	162846	161564	161949	
161179	160846	156385	157692	159103	
156513	154897	155103	157103	155359	
155026	150769	153103	154974	153231	
151410	150128	151795	153026	151103	
152718	151538	154205	153795	154769	
151795	155231	156385	159103	155949	
152974	155103	152513	154385	155103	
149744	153949	151872	155410	154256	
148949	147026	150436	148513	149615	
147538	146692	146513	148256	146769	
144513	147282	148385	150513	148769	
146513	147872	148513	146179	146949	
147872	145077	146769	146179	151923	
145795	146256	148513	150641	149615	
147538	148436	148308	150128	151667	
144103	145462	144103	146821	145846	
142615	144231	144949	146385	146128	
143205	144103	144821	145590	145205	
144897	141462	146256	144821	143667	
140949	146821	145846	148564	150000	
147667	147026	149487	148256	151103	
148692	144897	144436	148385	151744	
144641	148179	150179	142821	148564	
149872	148385	147667	147872	150897	
147744	148641	150846	150256	152641	
150846	152308	149026	153744	154769	
149026	147538	154641	154333	155615	
151795	150692	152128	155564	156462	
152462	152256	154205	153949	154128	
148436	151744	152718	153410	152718	
153744	150564	146513	151410	153872	
150641	149744	148385	152513	150692	
149538	151872	148949	151154	150308	
147667	150179	151282	154000	150308	
150692	146308	150641	149077	153231	
149615	143667	149231	147410	148256	
145462	144359	144103	145923	147205	
141718	141718	145154	142487	143026	
143205	141410	145923	143282	143026	
141128	142436	140179	144564	141077	
141590	141462	145154	141795	142744	
140179	142615	146128	143795	144692	
138436	143077	143667	140103	138949	
139077	139077	139256	138154	142179	
138026	139718	138949	137897	140436	
137846	134154	140564	136282	137385	
137256	137077	139205	139718	138359	
136949	134615	138103	137128	140564	
137641	137513	139513	137974	139846	
135718	136410	133051	136821	138821	
134795	137385	134872	136872	135000	
130026	129769	134231	133436	132359	
129564	130077	130154	131256	132538	
127385	125769	128282	130077	127564	
124846	126205	125949	127308	126282	
122333	121564	125692	122462	125897	
120462	120846	120205	125359	122538	
117744	121103	119359	122333	120385	
116641	117410	116846	114385	118333	
114385	112821	113615	115103	110949	
113231	111923	111410	113667	112436	
110897	110179	107282	109846	109205	
105538	107718	108513	107026	105410	
107154	104692	104949	106692	108103	
100615	100872	99846.2	101205	102487	
98487.2	100410	100410	99974.4	100410	
95256.4	96025.6	98487.2	98230.8	99333.3	
96923.1	96487.2	94282.1	95256.4	94538.5	
92205.1	91384.6	96282.1	93000	93179.5	
91256.4	91641	92025.6	91692.3	94153.8	
88153.8	93000	91435.9	88461.5	90025.6	
87564.1	88974.4	88538.5	88153.8	89307.7	
85948.7	85179.5	85871.8	88076.9	88205.1	
90794.9	87564.1	91307.7	91307.7	90923.1	
83871.8	87435.9	84923.1	84076.9	84512.8	
82333.3	81615.4	83564.1	82461.5	85307.7	
84461.5	83871.8	83948.7	82974.4	83025.6	
83153.8	83435.9	81692.3	84974.4	83743.6	
83230.8	83692.3	83615.4	85692.3	80205.1	
82769.2	80641	82769.2	83743.6	83359	
81871.8	82641	83615.4	81538.5	83230.8	
82256.4	83435.9	83307.7	83359	81282.1	
82769.2	80461.5	82974.4	82769.2	81948.7	
81282.1	79794.9	82128.2	80974.4	80256.4	
82717.9	80769.2	80256.4	80256.4	83307.7	
82512.8	80333.3	81615.4	79538.5	83102.6	
81538.5	80846.2	79743.6	83564.1	82384.6	
81820.5	80000	81025.6	79871.8	83102.6	
81871.8	81487.2	81102.6	83743.6	82641	
81538.5	84205.1	83025.6	80846.2	83359	
87102.6	85230.8	84717.9	84717.9	82384.6	
86128.2	86256.4	85743.6	85051.3	85487.2	
87564.1	88717.9	86538.5	88153.8	88974.4	
90153.8	89948.7	89102.6	90974.4	88846.2	
90025.6	87564.1	86974.4	93000	90153.8	
89820.5	91179.5	91820.5	91435.9	88974.4	
91384.6	90666.7	88846.2	88282.1	89230.8	
90923.1	90333.3	89359	87871.8	91128.2	
91051.3	88025.6	88717.9	92153.8	90282.1	
90589.7	89487.2	89487.2	90025.6	88846.2	
89769.2	89102.6	89179.5	88717.9	91128.2	
88461.5	86410.3	86666.7	89102.6	89692.3	
86538.5	88076.9	86923.1	86461.5	86794.9	
87487.2	87051.3	86589.7	87051.3	87102.6	
86794.9	86461.5	85692.3	87487.2	85615.4	
83359	84205.1	85179.5	85307.7	85102.6	
85692.3	84641	82461.5	84974.4	83230.8	
84205.1	83307.7	85820.5	82769.2	85359	
84461.5	83948.7	83102.6	87564.1	82846.2	
80974.4	82641	83153.8	81743.6	82974.4	
83564.1	83025.6	81615.4	84000	81820.5	
82128.2	81615.4	81153.8	83025.6	82589.7	
83820.5	82333.3	85435.9	83487.2	81820.5	
81743.6	84076.9	84205.1	82897.4	82384.6	
81282.1	82256.4	80974.4	82461.5	81692.3	
78589.7	81153.8	80051.3	81948.7	82128.2	
81102.6	81359	81025.6	80897.4	81102.6	
81820.5	80974.4	81743.6	80384.6	82641	
81538.5	81153.8	81615.4	81743.6	81743.6	
83564.1	81025.6	83615.4	83487.2	80769.2	
81948.7	84128.2	81359	82076.9	81871.8	
81615.4	81230.8	83025.6	80641	82512.8	
78641	81282.1	82461.5	82846.2	80589.7	
80589.7	82205.1	82897.4	82846.2	82589.7	
82589.7	82256.4	81102.6	81410.3	82897.4	
80897.4	79794.9	83692.3	80205.1	82000	
82256.4	80128.2	82205.1	81025.6	83102.6	
80512.8	82384.6	81153.8	83025.6	83820.5	
80589.7	81282.1	82128.2	83153.8	79282.1	
80589.7	81153.8	78641	79615.4	81102.6	
80000	81359	79025.6	81153.8	81692.3	
80384.6	80769.2	81153.8	79923.1	81615.4	
81487.2	81359	79871.8	79743.6	82461.5	
81359	83153.8	85359	80974.4	85487.2	
80333.3	83102.6	81538.5	81538.5	82000	
82128.2	81359	82128.2	80641	83359	
78435.9	79410.3	79743.6	79230.8	79923.1	
79230.8	79153.8	79487.2	79794.9	80769.2	
77871.8	78128.2	77666.7	77794.9	79025.6	
80333.3	79538.5	81102.6	79538.5	79615.4	
79923.1	81615.4	80333.3	80512.8	79153.8	
77615.4	79230.8	80589.7	80846.2	80512.8	
79666.7	77282.1	76820.5	79410.3	82384.6	
82333.3	78179.5	79666.7	81025.6	79282.1	
79025.6	79794.9	78384.6	80461.5	81282.1	
80384.6	77871.8	78769.2	80333.3	77666.7	
78435.9	80051.3	79666.7	79282.1	79410.3	
81538.5	77666.7	76000	80384.6	79410.3	
80461.5	79538.5	77794.9	79282.1	79282.1	
77487.2	81230.8	78846.2	79487.2	76820.5	
75487.2	77153.8	78256.4	80717.9	78641	
78897.4	77487.2	79487.2	80205.1	78179.5	
77487.2	77230.8	78307.7	79487.2	78435.9	
79359	79025.6	79615.4	77871.8	77487.2	
77871.8	77538.5	78179.5	79153.8	77282.1	
78179.5	79282.1	78641	79487.2	79359	
77794.9	79025.6	77615.4	78589.7	77102.6	
78897.4	77487.2	80641	80205.1	79410.3	
80000	78897.4	78307.7	78051.3	79153.8	
77923.1	79359	77230.8	78435.9	79102.6	
77871.8	79153.8	77923.1	79282.1	77923.1	
78435.9	77359	77410.3	78435.9	79230.8	
77282.1	78128.2	77923.1	79230.8	76769.2	
79794.9	78307.7	77153.8	78846.2	74564.1	
75794.9	75743.6	77871.8	77871.8	79102.6	
76512.8	77153.8	75282.1	77743.6	78384.6	
75794.9	78717.9	76051.3	79410.3	78512.8	
77923.1	76897.4	79153.8	75282.1	78179.5	
78000	77923.1	77743.6	76128.2	77359	
77666.7	77410.3	76641	78717.9	77282.1	
79743.6	77102.6	78589.7	79538.5	77923.1	
77666.7	79410.3	77923.1	77666.7	75666.7	
75794.9	78000	77794.9	76897.4	77230.8	
79025.6	75923.1	77871.8	77871.8	77410.3	
77743.6	78641	74897.4	76435.9	79871.8	
78256.4	76641	78307.7	79025.6	77359	
78000	77794.9	78769.2	78256.4	77615.4	
78974.4	75923.1	78179.5	78512.8	77871.8	
77230.8	78769.2	75871.8	78179.5	77359	
77487.2	74692.3	76051.3	77743.6	77666.7	
78512.8	78897.4	77410.3	78641	78717.9	
75538.5	75205.1	77359	76820.5	77666.7	
77230.8	76051.3	77615.4	78641	76256.4	
79282.1	76179.5	78897.4	78641	76512.8	
77359	75871.8	78179.5	78000	79282.1	
77871.8	77410.3	77230.8	77282.1	78256.4	
77538.5	76384.6	76000	77794.9	74769.2	
75666.7	75205.1	77025.6	76897.4	76128.2	
77871.8	76820.5	77282.1	77410.3	77923.1	
75487.2	76564.1	78000	77487.2	77871.8	
74948.7	78000	77359	77410.3	74641	
77025.6	78769.2	77538.5	76512.8	76512.8	
76179.5	76769.2	76641	77871.8	78000	
78435.9	77282.1	78717.9	79538.5	78641	
77538.5	78717.9	79923.1	78769.2	76769.2	
78179.5	78384.6	77666.7	77102.6	75153.8	
78717.9	75410.3	79487.2	78974.4	75205.1	
78897.4	80000	76179.5	79230.8	78641	
78256.4	76769.2	77359	77359	79615.4	
77923.1	77359	79230.8	78512.8	82589.7	
76692.3	80256.4	77871.8	78974.4	77487.2	
78512.8	79282.1	76820.5	79282.1	78307.7	
80769.2	80974.4	78512.8	79666.7	79615.4	
77615.4	78051.3	78589.7	79615.4	80384.6	
78000	77923.1	78769.2	80974.4	79153.8	
77743.6	78641	77282.1	78256.4	79153.8	
77230.8	76820.5	77538.5	78641	80512.8	
77102.6	79615.4	78897.4	79230.8	77538.5	
77794.9	75615.4	76641	76641	76128.2	
77102.6	77871.8	78897.4	78179.5	78179.5	
77487.2	77538.5	76256.4	77615.4	74820.5	
75666.7	75205.1	75205.1	75743.6	76974.4	
76769.2	74948.7	77153.8	78512.8	75615.4	
75076.9	75025.6	75923.1	80461.5	75538.5	
78307.7	76384.6	75871.8	73717.9	75538.5	
75538.5	77794.9	77282.1	75076.9	76820.5	
74641	74307.7	75333.3	76000	76974.4	
74564.1	73282.1	78000	74384.6	75666.7	
75666.7	74435.9	73871.8	75333.3	76384.6	
75871.8	74641	73461.5	74051.3	73282.1	
73794.9	76384.6	73923.1	74384.6	74692.3	
74897.4	74512.8	74641	76384.6	75538.5	
72435.9	74128.2	74256.4	74128.2	75538.5	
74384.6	73923.1	74384.6	73205.1	75666.7	
72307.7	73589.7	74307.7	72435.9	72692.3	
73461.5	71923.1	74307.7	75282.1	72897.4	
74128.2	73282.1	71666.7	76307.7	75076.9	
75076.9	73333.3	75205.1	74769.2	74564.1	
75025.6	75333.3	73871.8	75615.4	74512.8	
73461.5	76820.5	74512.8	74179.5	74820.5	
74435.9	72897.4	74256.4	74307.7	74435.9	
74769.2	74128.2	74820.5	74692.3	73076.9	
73461.5	73589.7	70692.3	74948.7	72948.7	
73410.3	73205.1	72948.7	71666.7	71461.5	
71717.9	74051.3	73923.1	74564.1	74128.2	
74051.3	72769.2	73153.8	75666.7	74179.5	
74179.5	74000	73461.5	73282.1	72179.5	
71717.9	75153.8	75025.6	74307.7	71846.2	
71205.1	72102.6	73282.1	71461.5	75025.6	
75794.9	72564.1	72769.2	71410.3	74512.8	
71410.3	71282.1	73666.7	73871.8	72641	
73794.9	72256.4	71589.7	74512.8	73538.5	
73333.3	72564.1	72897.4	73589.7	72641	
71282.1	71717.9	73076.9	74641	72897.4	
72641	71282.1	71025.6	74564.1	74692.3	
72256.4	72179.5	72384.6	72179.5	73666.7	
72820.5	72692.3	73538.5	72641	71282.1	
72051.3	71923.1	73153.8	74256.4	72512.8	
68692.3	72179.5	70897.4	73333.3	72769.2	
71717.9	72307.7	72435.9	72051.3	72897.4	
72564.1	71589.7	72769.2	72641	73538.5	
72948.7	72897.4	72820.5	73025.6	73076.9	
72692.3	72102.6	74307.7	71076.9	73717.9	
72820.5	73538.5	71974.4	72179.5	73717.9	
73076.9	73461.5	71589.7	72564.1	72102.6	
71538.5	72256.4	72820.5	71589.7	71923.1	
73666.7	70435.9	74000	71153.8	73333.3	
71589.7	71205.1	72179.5	70820.5	73794.9	
70769.2	72307.7	70487.2	71076.9	71846.2	
69717.9	73025.6	71717.9	72051.3	70820.5	
71794.9	71410.3	71923.1	72769.2	72769.2	
71205.1	71410.3	71846.2	72102.6	72307.7	
71076.9	73076.9	70692.3	70948.7	72820.5	
71794.9	72948.7	70615.4	72641	71589.7	
70102.6	72564.1	71923.1	72692.3	71205.1	
71410.3	71461.5	72641	73076.9	70230.8	
70615.4	71717.9	72641	71333.3	71666.7	
72256.4	70102.6	71282.1	71153.8	70769.2	
69461.5	72384.6	70435.9	69538.5	69282.1	
71076.9	70359	70564.1	69282.1	73205.1	
69923.1	71282.1	71461.5	70615.4	71666.7	
71974.4	70359	71333.3	72641	71076.9	
69205.1	71974.4	70615.4	69666.7	72051.3	
69333.3	69923.1	68307.7	69923.1	70179.5	
68487.2	70564.1	69000	70564.1	71974.4	
70487.2	69846.2	71282.1	69666.7	68743.6	
69589.7	71461.5	69000	71205.1	70051.3	
70359	69076.9	69923.1	70769.2	70487.2	
70564.1	68948.7	70820.5	70230.8	70102.6	
68487.2	70564.1	69923.1	70820.5	70359	
68435.9	70179.5	71538.5	70230.8	69153.8	
72641	70487.2	72897.4	71666.7	72102.6	
68487.2	69282.1	68948.7	71153.8	70769.2	
69410.3	69076.9	69538.5	70230.8	70564.1	
67974.4	68615.4	68435.9	70948.7	71076.9	
70769.2	68435.9	70769.2	68307.7	69076.9	
69794.9	70102.6	67333.3	70948.7	71461.5	
67076.9	68615.4	69333.3	69410.3	69717.9	
68564.1	69000	69666.7	70769.2	68871.8	
67717.9	69589.7	68564.1	67923.1	68102.6	
69333.3	68564.1	68820.5	68743.6	69000	
69153.8	68230.8	69717.9	70230.8	69461.5	
69717.9	69589.7	72512.8	67923.1	69333.3	
70435.9	69153.8	70102.6	66615.4	67923.1	
68743.6	69794.9	70948.7	67794.9	69333.3	
69538.5	69410.3	69000	68487.2	69538.5	
68051.3	68615.4	68435.9	69717.9	69076.9	
70487.2	68230.8	68307.7	68179.5	67717.9	
68179.5	67923.1	66820.5	67128.2	68820.5	
69153.8	66307.7	68820.5	69000	68359	
70820.5	68820.5	69794.9	67846.2	68102.6	
69153.8	68820.5	68307.7	67256.4	69410.3	
67538.5	69282.1	67589.7	66871.8	69153.8	
67923.1	67666.7	68692.3	69076.9	68615.4	
66102.6	68692.3	69410.3	69410.3	69076.9	
68871.8	68487.2	69282.1	68692.3	70359	
67666.7	67589.7	69282.1	68743.6	67666.7	
67205.1	68487.2	66615.4	68435.9	67000	
68564.1	69205.1	66743.6	66820.5	68564.1	
67538.5	67923.1	66743.6	67384.6	67461.5	
69333.3	68487.2	68102.6	67538.5	67974.4	
69205.1	68948.7	69000	67846.2	69717.9	
67461.5	69538.5	67923.1	68307.7	67205.1	
67717.9	67128.2	68359	67923.1	66820.5	
68743.6	67384.6	68487.2	68435.9	66692.3	
67974.4	68487.2	68435.9	67717.9	67205.1	
68820.5	66871.8	67333.3	68820.5	67794.9	
68743.6	67461.5	67256.4	68230.8	68359	
67974.4	66871.8	67000	66871.8	66230.8	
67974.4	68435.9	69282.1	68564.1	68615.4	
67461.5	67589.7	68820.5	68743.6	65256.4	
68743.6	70230.8	67000	66179.5	67461.5	
67974.4	68615.4	65769.2	68102.6	68051.3	
66820.5	67256.4	66948.7	68820.5	67717.9	
67717.9	67538.5	68487.2	68230.8	65846.2	
66692.3	68564.1	65641	67461.5	66359	
66564.1	67256.4	66948.7	67717.9	66948.7	
66948.7	67923.1	67256.4	68179.5	69282.1	
68179.5	68871.8	67461.5	67076.9	68102.6	
65641	66948.7	67846.2	65512.8	68692.3	
66948.7	66435.9	67333.3	65000	69205.1	
65461.5	66564.1	67846.2	66692.3	68487.2	
66051.3	69205.1	66307.7	69589.7	66820.5	
67794.9	67384.6	67333.3	67128.2	67794.9	
67589.7	66948.7	65974.4	68307.7	67128.2	
67589.7	66179.5	67128.2	67538.5	67538.5	
68487.2	67923.1	66359	66820.5	67461.5	
67384.6	66359	64820.5	65769.2	68435.9	
66564.1	66615.4	65076.9	66230.8	67461.5	
64820.5	64871.8	67333.3	66435.9	67256.4	
64282.1	67974.4	66487.2	66179.5	68102.6	
65512.8	66359	66743.6	66871.8	67717.9	
67666.7	67256.4	65846.2	66615.4	66615.4	
66871.8	66871.8	66359	66179.5	67589.7	
66871.8	67589.7	67538.5	65897.4	68743.6	
67000	65641	66307.7	65000	65205.1	
67923.1	66743.6	66564.1	67923.1	63846.2	
67384.6	65897.4	67794.9	65717.9	68820.5	
66359	66359	66871.8	68102.6	67666.7	
67666.7	68051.3	66307.7	67461.5	66692.3	
66948.7	66435.9	66615.4	68051.3	68359	
67000	66051.3	66743.6	64948.7	68230.8	
68179.5	66179.5	65128.2	66307.7	67205.1	
65205.1	66102.6	67538.5	64153.8	67794.9	
67794.9	67974.4	65333.3	66179.5	66820.5	
66307.7	66692.3	65589.7	68102.6	67000	
65641	67000	68230.8	66307.7	66692.3	
66359	67461.5	63461.5	67923.1	66179.5	
67333.3	66871.8	67333.3	66307.7	65512.8	
67333.3	66871.8	67333.3	66307.7	65512.8	
67333.3	66871.8	67333.3	66307.7	65512.8	
