447.368	447.368	447.368	447.368	447.368	
751395	751395	751395	751395	751395	
56763.2	57105.3	56763.2	57105.3	56763.2	
52710.5	54578.9	52710.5	54578.9	52710.5	
54368.4	54842.1	54368.4	54842.1	54368.4	
54105.3	54921.1	54105.3	54921.1	54105.3	
54842.1	53052.6	54842.1	53052.6	54842.1	
53263.2	54500	53263.2	54500	53263.2	
52447.4	55368.4	52447.4	55368.4	52447.4	
55973.7	55894.7	55973.7	55894.7	55973.7	
53973.7	54368.4	53973.7	54368.4	53973.7	
54842.1	55842.1	54842.1	55842.1	54842.1	
56157.9	55631.6	56157.9	55631.6	56157.9	
55763.2	54842.1	55763.2	54842.1	55763.2	
56105.3	58289.5	56105.3	58289.5	56105.3	
58552.6	57026.3	58552.6	57026.3	58552.6	
58947.4	55894.7	58947.4	55894.7	58947.4	
56578.9	58815.8	56578.9	58815.8	56578.9	
56500	57368.4	56500	57368.4	56500	
58289.5	59763.2	58289.5	59763.2	58289.5	
58947.4	59815.8	58947.4	59815.8	58947.4	
60736.8	59763.2	60736.8	59763.2	60736.8	
58763.2	60947.4	58763.2	60947.4	58763.2	
61421.1	62605.3	61421.1	62605.3	61421.1	
61605.3	61000	61605.3	61000	61605.3	
62605.3	61342.1	62605.3	61342.1	62605.3	
63131.6	63394.7	63131.6	63394.7	63131.6	
63736.8	63078.9	63736.8	63078.9	63736.8	
63868.4	62342.1	63868.4	62342.1	63868.4	
62078.9	64605.3	62078.9	64605.3	62078.9	
63394.7	63657.9	63394.7	63657.9	63394.7	
66842.1	65263.2	66842.1	65263.2	66842.1	
63789.5	65315.8	63789.5	65315.8	63789.5	
64657.9	63789.5	64657.9	63789.5	64657.9	
65263.2	64394.7	65263.2	64394.7	65263.2	
67105.3	65526.3	67105.3	65526.3	67105.3	
64868.4	66184.2	64868.4	66184.2	64868.4	
64921.1	65000	64921.1	65000	64921.1	
65973.7	68105.3	65973.7	68105.3	65973.7	
63921.1	66263.2	63921.1	66263.2	63921.1	
66052.6	66184.2	66052.6	66184.2	66052.6	
65842.1	67184.2	65842.1	67184.2	65842.1	
66526.3	66447.4	66526.3	66447.4	66526.3	
67315.8	66526.3	67315.8	66526.3	67315.8	
66447.4	66394.7	66447.4	66394.7	66447.4	
66315.8	66394.7	66315.8	66394.7	66315.8	
68578.9	64868.4	68578.9	64868.4	68578.9	
66657.9	65578.9	66657.9	65578.9	66657.9	
65052.6	65447.4	65052.6	65447.4	65052.6	
65710.5	66052.6	65710.5	66052.6	65710.5	
62605.3	66184.2	62605.3	66184.2	62605.3	
66789.5	65842.1	66789.5	65842.1	66789.5	
65394.7	65000	65394.7	65000	65394.7	
66842.1	66263.2	66842.1	66263.2	66842.1	
65842.1	65789.5	65842.1	65789.5	65842.1	
64473.7	64789.5	64473.7	64789.5	64473.7	
64657.9	66842.1	64657.9	66842.1	64657.9	
65578.9	67789.5	65578.9	67789.5	65578.9	
65657.9	66263.2	65657.9	66263.2	65657.9	
64184.2	66578.9	64184.2	66578.9	64184.2	
66578.9	63131.6	66578.9	63131.6	66578.9	
64000	64052.6	64000	64052.6	64000	
63394.7	66394.7	63394.7	66394.7	63394.7	
66131.6	66921.1	66131.6	66921.1	66131.6	
66578.9	62736.8	66578.9	62736.8	66578.9	
65789.5	63263.2	65789.5	63263.2	65789.5	
67105.3	66526.3	67105.3	66526.3	67105.3	
65526.3	66052.6	65526.3	66052.6	65526.3	
64605.3	65921.1	64605.3	65921.1	64605.3	
65526.3	63605.3	65526.3	63605.3	65526.3	
63789.5	65842.1	63789.5	65842.1	63789.5	
63789.5	65052.6	63789.5	65052.6	63789.5	
64052.6	67105.3	64052.6	67105.3	64052.6	
64526.3	65315.8	64526.3	65315.8	64526.3	
64605.3	63342.1	64605.3	63342.1	64605.3	
65973.7	64052.6	65973.7	64052.6	65973.7	
65052.6	65657.9	65052.6	65657.9	65052.6	
65315.8	65921.1	65315.8	65921.1	65315.8	
64473.7	64473.7	64473.7	64473.7	64473.7	
64921.1	64526.3	64921.1	64526.3	64921.1	
66394.7	66657.9	66394.7	66657.9	66394.7	
63394.7	63605.3	63394.7	63605.3	63394.7	
64868.4	64000	64868.4	64000	64868.4	
64473.7	66973.7	64473.7	66973.7	64473.7	
65447.4	66184.2	65447.4	66184.2	65447.4	
64868.4	64605.3	64868.4	64605.3	64868.4	
65131.6	63342.1	65131.6	63342.1	65131.6	
64921.1	65789.5	64921.1	65789.5	64921.1	
64605.3	66921.1	64605.3	66921.1	64605.3	
65710.5	64526.3	65710.5	64526.3	65710.5	
64263.2	64131.6	64263.2	64131.6	64263.2	
64394.7	64394.7	64394.7	64394.7	64394.7	
65315.8	64868.4	65315.8	64868.4	65315.8	
67052.6	64184.2	67052.6	64184.2	67052.6	
66921.1	65789.5	66921.1	65789.5	66921.1	
65789.5	64394.7	65789.5	64394.7	65789.5	
64657.9	65052.6	64657.9	65052.6	64657.9	
64868.4	67184.2	64868.4	67184.2	64868.4	
65973.7	66052.6	65973.7	66052.6	65973.7	
66315.8	65394.7	66315.8	65394.7	66315.8	
64473.7	65052.6	64473.7	65052.6	64473.7	
67710.5	66315.8	67710.5	66315.8	67710.5	
64657.9	66578.9	64657.9	66578.9	64657.9	
66263.2	65000	66263.2	65000	66263.2	
66184.2	65184.2	66184.2	65184.2	66184.2	
64315.8	66315.8	64315.8	66315.8	64315.8	
64184.2	65657.9	64184.2	65657.9	64184.2	
68105.3	63657.9	68105.3	63657.9	68105.3	
65578.9	64605.3	65578.9	64605.3	65578.9	
64657.9	65315.8	64657.9	65315.8	64657.9	
64131.6	64184.2	64131.6	64184.2	64131.6	
64605.3	64789.5	64605.3	64789.5	64605.3	
64000	65526.3	64000	65526.3	64000	
65394.7	63736.8	65394.7	63736.8	65394.7	
65842.1	64736.8	65842.1	64736.8	65842.1	
66131.6	66052.6	66131.6	66052.6	66131.6	
66394.7	66578.9	66394.7	66578.9	66394.7	
66973.7	65657.9	66973.7	65657.9	66973.7	
63078.9	65657.9	63078.9	65657.9	63078.9	
67368.4	63789.5	67368.4	63789.5	67368.4	
66052.6	65000	66052.6	65000	66052.6	
66315.8	65000	66315.8	65000	66315.8	
65315.8	64921.1	65315.8	64921.1	65315.8	
66921.1	64657.9	66921.1	64657.9	66921.1	
66315.8	66394.7	66315.8	66394.7	66315.8	
65263.2	66184.2	65263.2	66184.2	65263.2	
66052.6	65526.3	66052.6	65526.3	66052.6	
64868.4	64921.1	64868.4	64921.1	64868.4	
63921.1	65578.9	63921.1	65578.9	63921.1	
64052.6	65000	64052.6	65000	64052.6	
66578.9	63473.7	66578.9	63473.7	66578.9	
65263.2	66578.9	65263.2	66578.9	65263.2	
68631.6	66789.5	68631.6	66789.5	68631.6	
63394.7	66315.8	63394.7	66315.8	63394.7	
65578.9	64052.6	65578.9	64052.6	65578.9	
63526.3	65131.6	63526.3	65131.6	63526.3	
63394.7	67236.8	63394.7	67236.8	63394.7	
64657.9	63342.1	64657.9	63342.1	64657.9	
66315.8	67500	66315.8	67500	66315.8	
66315.8	66131.6	66315.8	66131.6	66315.8	
65578.9	64789.5	65578.9	64789.5	65578.9	
66184.2	67447.4	66184.2	67447.4	66184.2	
65315.8	64789.5	65315.8	64789.5	65315.8	
66842.1	64263.2	66842.1	64263.2	66842.1	
65131.6	64315.8	65131.6	64315.8	65131.6	
64052.6	65263.2	64052.6	65263.2	64052.6	
66263.2	66184.2	66263.2	66184.2	66263.2	
65394.7	62210.5	65394.7	62210.5	65394.7	
65394.7	64184.2	65394.7	64184.2	65394.7	
65842.1	65315.8	65842.1	65315.8	65842.1	
64657.9	65526.3	64657.9	65526.3	64657.9	
64263.2	64921.1	64263.2	64921.1	64263.2	
66657.9	65842.1	66657.9	65842.1	66657.9	
63078.9	65921.1	63078.9	65921.1	63078.9	
64605.3	66315.8	64605.3	66315.8	64605.3	
65710.5	65394.7	65710.5	65394.7	65710.5	
64052.6	66394.7	64052.6	66394.7	64052.6	
65921.1	66710.5	65921.1	66710.5	65921.1	
66263.2	67184.2	66263.2	67184.2	66263.2	
65842.1	65657.9	65842.1	65657.9	65842.1	
65842.1	65184.2	65842.1	65184.2	65842.1	
64394.7	65526.3	64394.7	65526.3	64394.7	
66394.7	65578.9	66394.7	65578.9	66394.7	
64526.3	66052.6	64526.3	66052.6	64526.3	
66184.2	65184.2	66184.2	65184.2	66184.2	
66447.4	65973.7	66447.4	65973.7	66447.4	
65184.2	66052.6	65184.2	66052.6	65184.2	
65526.3	66184.2	65526.3	66184.2	65526.3	
65526.3	66052.6	65526.3	66052.6	65526.3	
66526.3	64921.1	66526.3	64921.1	66526.3	
65184.2	66263.2	65184.2	66263.2	65184.2	
65842.1	65263.2	65842.1	65263.2	65842.1	
65394.7	65315.8	65394.7	65315.8	65394.7	
65526.3	66578.9	65526.3	66578.9	65526.3	
64394.7	64131.6	64394.7	64131.6	64394.7	
65184.2	66131.6	65184.2	66131.6	65184.2	
65000	64736.8	65000	64736.8	65000	
64263.2	65000	64263.2	65000	64263.2	
65131.6	66578.9	65131.6	66578.9	65131.6	
64657.9	66394.7	64657.9	66394.7	64657.9	
64921.1	66052.6	64921.1	66052.6	64921.1	
63657.9	68447.4	63657.9	68447.4	63657.9	
65526.3	65921.1	65526.3	65921.1	65526.3	
65184.2	65921.1	65184.2	65921.1	65184.2	
63078.9	66315.8	63078.9	66315.8	63078.9	
63342.1	65263.2	63342.1	65263.2	63342.1	
65394.7	67105.3	65394.7	67105.3	65394.7	
66842.1	69026.3	66842.1	69026.3	66842.1	
66131.6	66789.5	66131.6	66789.5	66131.6	
67184.2	66710.5	67184.2	66710.5	67184.2	
64526.3	64736.8	64526.3	64736.8	64526.3	
65710.5	66842.1	65710.5	66842.1	65710.5	
66842.1	64315.8	66842.1	64315.8	66842.1	
66710.5	64657.9	66710.5	64657.9	66710.5	
65394.7	65052.6	65394.7	65052.6	65394.7	
66052.6	65000	66052.6	65000	66052.6	
66657.9	68710.5	66657.9	68710.5	66657.9	
66447.4	64921.1	66447.4	64921.1	66447.4	
63868.4	66526.3	63868.4	66526.3	63868.4	
66921.1	65789.5	66921.1	65789.5	66921.1	
66710.5	66973.7	66710.5	66973.7	66710.5	
64736.8	64868.4	64736.8	64868.4	64736.8	
66657.9	65710.5	66657.9	65710.5	66657.9	
64263.2	65447.4	64263.2	65447.4	64263.2	
64736.8	65526.3	64736.8	65526.3	64736.8	
66526.3	64789.5	66526.3	64789.5	66526.3	
64736.8	66526.3	64736.8	66526.3	64736.8	
66052.6	64789.5	66052.6	64789.5	66052.6	
64868.4	67973.7	64868.4	67973.7	64868.4	
64736.8	65657.9	64736.8	65657.9	64736.8	
66921.1	63921.1	66921.1	63921.1	66921.1	
63921.1	65052.6	63921.1	65052.6	63921.1	
65394.7	64868.4	65394.7	64868.4	65394.7	
66394.7	65263.2	66394.7	65263.2	66394.7	
65131.6	65184.2	65131.6	65184.2	65131.6	
64184.2	66052.6	64184.2	66052.6	64184.2	
65921.1	65657.9	65921.1	65657.9	65921.1	
64657.9	65315.8	64657.9	65315.8	64657.9	
65789.5	66052.6	65789.5	66052.6	65789.5	
66526.3	67184.2	66526.3	67184.2	66526.3	
66315.8	66052.6	66315.8	66052.6	66315.8	
66263.2	66263.2	66263.2	66263.2	66263.2	
65184.2	66184.2	65184.2	66184.2	65184.2	
65263.2	65657.9	65263.2	65657.9	65263.2	
66789.5	65263.2	66789.5	65263.2	66789.5	
66315.8	65921.1	66315.8	65921.1	66315.8	
66263.2	65842.1	66263.2	65842.1	66263.2	
65842.1	64526.3	65842.1	64526.3	65842.1	
66447.4	64131.6	66447.4	64131.6	66447.4	
65184.2	65394.7	65184.2	65394.7	65184.2	
65657.9	65710.5	65657.9	65710.5	65657.9	
64657.9	67236.8	64657.9	67236.8	64657.9	
66184.2	66710.5	66184.2	66710.5	66184.2	
66921.1	65973.7	66921.1	65973.7	66921.1	
66394.7	64394.7	66394.7	64394.7	66394.7	
67315.8	63868.4	67315.8	63868.4	67315.8	
64000	67184.2	64000	67184.2	64000	
66394.7	65578.9	66394.7	65578.9	66394.7	
62868.4	64789.5	62868.4	64789.5	62868.4	
64868.4	65578.9	64868.4	65578.9	64868.4	
64394.7	66263.2	64394.7	66263.2	64394.7	
64605.3	66315.8	64605.3	66315.8	64605.3	
66315.8	65394.7	66315.8	65394.7	66315.8	
65263.2	64736.8	65263.2	64736.8	65263.2	
65710.5	66052.6	65710.5	66052.6	65710.5	
65710.5	65842.1	65710.5	65842.1	65710.5	
68368.4	63921.1	68368.4	63921.1	68368.4	
66315.8	66526.3	66315.8	66526.3	66315.8	
66578.9	65263.2	66578.9	65263.2	66578.9	
65578.9	65657.9	65578.9	65657.9	65578.9	
66131.6	66973.7	66131.6	66973.7	66131.6	
66263.2	68973.7	66263.2	68973.7	66263.2	
67105.3	66131.6	67105.3	66131.6	67105.3	
65657.9	66184.2	65657.9	66184.2	65657.9	
65921.1	67315.8	65921.1	67315.8	65921.1	
66578.9	66263.2	66578.9	66263.2	66578.9	
65842.1	64605.3	65842.1	64605.3	65842.1	
68842.1	65657.9	68842.1	65657.9	68842.1	
65710.5	65842.1	65710.5	65842.1	65710.5	
65184.2	65578.9	65184.2	65578.9	65184.2	
67368.4	65315.8	67368.4	65315.8	67368.4	
66578.9	66263.2	66578.9	66263.2	66578.9	
66657.9	66657.9	66657.9	66657.9	66657.9	
67447.4	66184.2	67447.4	66184.2	67447.4	
66394.7	67368.4	66394.7	67368.4	66394.7	
67105.3	64736.8	67105.3	64736.8	67105.3	
66184.2	64921.1	66184.2	64921.1	66184.2	
65789.5	65526.3	65789.5	65526.3	65789.5	
66578.9	63868.4	66578.9	63868.4	66578.9	
66842.1	65263.2	66842.1	65263.2	66842.1	
65526.3	66184.2	65526.3	66184.2	65526.3	
66131.6	66394.7	66131.6	66394.7	66131.6	
66184.2	64605.3	66184.2	64605.3	66184.2	
66578.9	67052.6	66578.9	67052.6	66578.9	
65921.1	66842.1	65921.1	66842.1	65921.1	
66578.9	66263.2	66578.9	66263.2	66578.9	
64605.3	66578.9	64605.3	66578.9	64605.3	
64131.6	65315.8	64131.6	65315.8	64131.6	
67105.3	67052.6	67105.3	67052.6	67105.3	
65710.5	64052.6	65710.5	64052.6	65710.5	
65263.2	65842.1	65263.2	65842.1	65263.2	
66394.7	65526.3	66394.7	65526.3	66394.7	
65578.9	64736.8	65578.9	64736.8	65578.9	
65263.2	65315.8	65263.2	65315.8	65263.2	
66394.7	65973.7	66394.7	65973.7	66394.7	
63263.2	65526.3	63263.2	65526.3	63263.2	
65657.9	66578.9	65657.9	66578.9	65657.9	
65921.1	67236.8	65921.1	67236.8	65921.1	
67631.6	65921.1	67631.6	65921.1	67631.6	
66184.2	65973.7	66184.2	65973.7	66184.2	
67315.8	65263.2	67315.8	65263.2	67315.8	
66921.1	66842.1	66921.1	66842.1	66921.1	
65184.2	65578.9	65184.2	65578.9	65184.2	
65131.6	66921.1	65131.6	66921.1	65131.6	
65842.1	66921.1	65842.1	66921.1	65842.1	
64921.1	65394.7	64921.1	65394.7	64921.1	
65789.5	67236.8	65789.5	67236.8	65789.5	
67447.4	66710.5	67447.4	66710.5	67447.4	
66131.6	65789.5	66131.6	65789.5	66131.6	
66184.2	65131.6	66184.2	65131.6	66184.2	
65710.5	65184.2	65710.5	65184.2	65710.5	
65657.9	66657.9	65657.9	66657.9	65657.9	
65000	66263.2	65000	66263.2	65000	
66710.5	67105.3	66710.5	67105.3	66710.5	
66131.6	65315.8	66131.6	65315.8	66131.6	
65710.5	66789.5	65710.5	66789.5	65710.5	
65447.4	66315.8	65447.4	66315.8	65447.4	
66315.8	66263.2	66315.8	66263.2	66315.8	
66131.6	66447.4	66131.6	66447.4	66131.6	
66578.9	65394.7	66578.9	65394.7	66578.9	
66657.9	68236.8	66657.9	68236.8	66657.9	
65973.7	65789.5	65973.7	65789.5	65973.7	
66184.2	67184.2	66184.2	67184.2	66184.2	
64605.3	66394.7	64605.3	66394.7	64605.3	
65131.6	66131.6	65131.6	66131.6	65131.6	
66447.4	65921.1	66447.4	65921.1	66447.4	
68368.4	68578.9	68368.4	68578.9	68368.4	
66789.5	67368.4	66789.5	67368.4	66789.5	
67447.4	66315.8	67447.4	66315.8	67447.4	
66526.3	65526.3	66526.3	65526.3	66526.3	
65842.1	67184.2	65842.1	67184.2	65842.1	
64789.5	65710.5	64789.5	65710.5	64789.5	
66394.7	66184.2	66394.7	66184.2	66394.7	
67631.6	66184.2	67631.6	66184.2	67631.6	
65842.1	67500	65842.1	67500	65842.1	
64605.3	66842.1	64605.3	66842.1	64605.3	
67105.3	66526.3	67105.3	66526.3	67105.3	
66578.9	65710.5	66578.9	65710.5	66578.9	
66973.7	64921.1	66973.7	64921.1	66973.7	
64052.6	65578.9	64052.6	65578.9	64052.6	
66394.7	65921.1	66394.7	65921.1	66394.7	
64473.7	65315.8	64473.7	65315.8	64473.7	
65131.6	66394.7	65131.6	66394.7	65131.6	
66921.1	65315.8	66921.1	65315.8	66921.1	
67184.2	66052.6	67184.2	66052.6	67184.2	
65000	66789.5	65000	66789.5	65000	
68052.6	66710.5	68052.6	66710.5	68052.6	
67842.1	66578.9	67842.1	66578.9	67842.1	
66184.2	67368.4	66184.2	67368.4	66184.2	
65657.9	66184.2	65657.9	66184.2	65657.9	
65789.5	66131.6	65789.5	66131.6	65789.5	
65710.5	69026.3	65710.5	69026.3	65710.5	
66657.9	66447.4	66657.9	66447.4	66657.9	
65447.4	66578.9	65447.4	66578.9	65447.4	
65578.9	67184.2	65578.9	67184.2	65578.9	
65921.1	65000	65921.1	65000	65921.1	
67315.8	66447.4	67315.8	66447.4	67315.8	
66315.8	67184.2	66315.8	67184.2	66315.8	
66526.3	66447.4	66526.3	66447.4	66526.3	
68578.9	66447.4	68578.9	66447.4	68578.9	
65447.4	65789.5	65447.4	65789.5	65447.4	
66657.9	65315.8	66657.9	65315.8	66657.9	
66973.7	67789.5	66973.7	67789.5	66973.7	
67710.5	66657.9	67710.5	66657.9	67710.5	
67578.9	68105.3	67578.9	68105.3	67578.9	
66526.3	67105.3	66526.3	67105.3	66526.3	
66184.2	67500	66184.2	67500	66184.2	
65842.1	67447.4	65842.1	67447.4	65842.1	
68184.2	66052.6	68184.2	66052.6	68184.2	
65578.9	66789.5	65578.9	66789.5	65578.9	
66394.7	65789.5	66394.7	65789.5	66394.7	
66789.5	67052.6	66789.5	67052.6	66789.5	
66052.6	65394.7	66052.6	65394.7	66052.6	
65131.6	65131.6	65131.6	65131.6	65131.6	
67105.3	65973.7	67105.3	65973.7	67105.3	
65000	66447.4	65000	66447.4	65000	
66394.7	65973.7	66394.7	65973.7	66394.7	
65000	65315.8	65000	65315.8	65000	
65184.2	65842.1	65184.2	65842.1	65184.2	
66973.7	68105.3	66973.7	68105.3	66973.7	
66710.5	66131.6	66710.5	66131.6	66710.5	
66973.7	65184.2	66973.7	65184.2	66973.7	
65526.3	66710.5	65526.3	66710.5	65526.3	
65842.1	66315.8	65842.1	66315.8	65842.1	
68894.7	64657.9	68894.7	64657.9	68894.7	
67184.2	66973.7	67184.2	66973.7	67184.2	
65842.1	65052.6	65842.1	65052.6	65842.1	
65657.9	66921.1	65657.9	66921.1	65657.9	
65263.2	67368.4	65263.2	67368.4	65263.2	
64526.3	67447.4	64526.3	67447.4	64526.3	
67105.3	65184.2	67105.3	65184.2	67105.3	
66842.1	67789.5	66842.1	67789.5	66842.1	
68368.4	65131.6	68368.4	65131.6	68368.4	
67631.6	66052.6	67631.6	66052.6	67631.6	
66973.7	68578.9	66973.7	68578.9	66973.7	
68710.5	67184.2	68710.5	67184.2	68710.5	
65526.3	67842.1	65526.3	67842.1	65526.3	
66789.5	65447.4	66789.5	65447.4	66789.5	
66052.6	65921.1	66052.6	65921.1	66052.6	
65973.7	67710.5	65973.7	67710.5	65973.7	
66315.8	65526.3	66315.8	65526.3	66315.8	
67105.3	66789.5	67105.3	66789.5	67105.3	
67447.4	67578.9	67447.4	67578.9	67447.4	
65131.6	66394.7	65131.6	66394.7	65131.6	
65315.8	66184.2	65315.8	66184.2	65315.8	
67105.3	65657.9	67105.3	65657.9	67105.3	
66447.4	65184.2	66447.4	65184.2	66447.4	
65131.6	65184.2	65131.6	65184.2	65131.6	
64131.6	64052.6	64131.6	64052.6	64131.6	
65394.7	65052.6	65394.7	65052.6	65394.7	
67236.8	66394.7	67236.8	66394.7	67236.8	
66526.3	67052.6	66526.3	67052.6	66526.3	
65315.8	66131.6	65315.8	66131.6	65315.8	
67052.6	66657.9	67052.6	66657.9	67052.6	
66657.9	67921.1	66657.9	67921.1	66657.9	
64657.9	66578.9	64657.9	66578.9	64657.9	
66657.9	65184.2	66657.9	65184.2	66657.9	
65789.5	66578.9	65789.5	66578.9	65789.5	
65447.4	65526.3	65447.4	65526.3	65447.4	
65657.9	66710.5	65657.9	66710.5	65657.9	
65710.5	66315.8	65710.5	66315.8	65710.5	
67368.4	65578.9	67368.4	65578.9	67368.4	
64184.2	65000	64184.2	65000	64184.2	
66263.2	66710.5	66263.2	66710.5	66263.2	
66921.1	67184.2	66921.1	67184.2	66921.1	
66657.9	66184.2	66657.9	66184.2	66657.9	
66710.5	68842.1	66710.5	68842.1	66710.5	
65921.1	66710.5	65921.1	66710.5	65921.1	
64657.9	67447.4	64657.9	67447.4	64657.9	
67105.3	66447.4	67105.3	66447.4	67105.3	
66052.6	65184.2	66052.6	65184.2	66052.6	
65710.5	66131.6	65710.5	66131.6	65710.5	
68105.3	67184.2	68105.3	67184.2	68105.3	
66789.5	67236.8	66789.5	67236.8	66789.5	
67368.4	67842.1	67368.4	67842.1	67368.4	
65921.1	68368.4	65921.1	68368.4	65921.1	
65842.1	66578.9	65842.1	66578.9	65842.1	
66131.6	68052.6	66131.6	68052.6	66131.6	
64000	67184.2	64000	67184.2	64000	
65394.7	67578.9	65394.7	67578.9	65394.7	
66263.2	65184.2	66263.2	65184.2	66263.2	
68447.4	67500	68447.4	67500	68447.4	
66052.6	66263.2	66052.6	66263.2	66052.6	
63921.1	65921.1	63921.1	65921.1	63921.1	
66657.9	66921.1	66657.9	66921.1	66657.9	
65973.7	65315.8	65973.7	65315.8	65973.7	
65921.1	66789.5	65921.1	66789.5	65921.1	
66184.2	66131.6	66184.2	66131.6	66184.2	
67236.8	67578.9	67236.8	67578.9	67236.8	
63657.9	67368.4	63657.9	67368.4	63657.9	
67184.2	66578.9	67184.2	66578.9	67184.2	
67710.5	66526.3	67710.5	66526.3	67710.5	
65842.1	64868.4	65842.1	64868.4	65842.1	
67315.8	64921.1	67315.8	64921.1	67315.8	
66052.6	65789.5	66052.6	65789.5	66052.6	
67631.6	67500	67631.6	67500	67631.6	
66052.6	65842.1	66052.6	65842.1	66052.6	
67500	66657.9	67500	66657.9	67500	
64526.3	67973.7	64526.3	67973.7	64526.3	
65921.1	65394.7	65921.1	65394.7	65921.1	
66578.9	68236.8	66578.9	68236.8	66578.9	
67631.6	65263.2	67631.6	65263.2	67631.6	
65842.1	65131.6	65842.1	65131.6	65842.1	
66447.4	66578.9	66447.4	66578.9	66447.4	
66921.1	66263.2	66921.1	66263.2	66921.1	
66315.8	64868.4	66315.8	64868.4	66315.8	
66710.5	65263.2	66710.5	65263.2	66710.5	
65526.3	63210.5	65526.3	63210.5	65526.3	
67973.7	64605.3	67973.7	64605.3	67973.7	
66052.6	65184.2	66052.6	65184.2	66052.6	
65921.1	65842.1	65921.1	65842.1	65921.1	
64789.5	66052.6	64789.5	66052.6	64789.5	
66315.8	65921.1	66315.8	65921.1	66315.8	
66842.1	65710.5	66842.1	65710.5	66842.1	
67500	68500	67500	68500	67500	
65052.6	65000	65052.6	65000	65052.6	
66184.2	67631.6	66184.2	67631.6	66184.2	
66447.4	64921.1	66447.4	64921.1	66447.4	
68710.5	65578.9	68710.5	65578.9	68710.5	
67973.7	66710.5	67973.7	66710.5	67973.7	
66973.7	66842.1	66973.7	66842.1	66973.7	
65842.1	68447.4	65842.1	68447.4	65842.1	
67184.2	64657.9	67184.2	64657.9	67184.2	
65657.9	65921.1	65657.9	65921.1	65657.9	
65263.2	65710.5	65263.2	65710.5	65263.2	
65842.1	64052.6	65842.1	64052.6	65842.1	
65921.1	66842.1	65921.1	66842.1	65921.1	
66447.4	65710.5	66447.4	65710.5	66447.4	
66526.3	67842.1	66526.3	67842.1	66526.3	
68578.9	65315.8	68578.9	65315.8	68578.9	
66973.7	66789.5	66973.7	66789.5	66973.7	
66921.1	65789.5	66921.1	65789.5	66921.1	
64789.5	66263.2	64789.5	66263.2	64789.5	
66526.3	65052.6	66526.3	65052.6	66526.3	
66789.5	68578.9	66789.5	68578.9	66789.5	
64526.3	69315.8	64526.3	69315.8	64526.3	
64473.7	65131.6	64473.7	65131.6	64473.7	
68052.6	66131.6	68052.6	66131.6	68052.6	
76736.8	79578.9	76736.8	79578.9	76736.8	
66263.2	67184.2	66263.2	67184.2	66263.2	
65657.9	65657.9	65657.9	65657.9	65657.9	
67631.6	66394.7	67631.6	66394.7	67631.6	
68631.6	65263.2	68631.6	65263.2	68631.6	
66184.2	64605.3	66184.2	64605.3	66184.2	
67052.6	67789.5	67052.6	67789.5	67052.6	
67315.8	65578.9	67315.8	65578.9	67315.8	
65921.1	68184.2	65921.1	68184.2	65921.1	
65973.7	66710.5	65973.7	66710.5	65973.7	
65710.5	69026.3	65710.5	69026.3	65710.5	
66657.9	69710.5	66657.9	69710.5	66657.9	
65315.8	68315.8	65315.8	68315.8	65315.8	
67578.9	66710.5	67578.9	66710.5	67578.9	
67052.6	66789.5	67052.6	66789.5	67052.6	
66394.7	65263.2	66394.7	65263.2	66394.7	
65789.5	65052.6	65789.5	65052.6	65789.5	
64868.4	66657.9	64868.4	66657.9	64868.4	
64526.3	66921.1	64526.3	66921.1	64526.3	
67842.1	66657.9	67842.1	66657.9	67842.1	
67368.4	67921.1	67368.4	67921.1	67368.4	
66710.5	66578.9	66710.5	66578.9	66710.5	
66526.3	64605.3	66526.3	64605.3	66526.3	
65526.3	65526.3	65526.3	65526.3	65526.3	
67315.8	66315.8	67315.8	66315.8	67315.8	
67236.8	64052.6	67236.8	64052.6	67236.8	
66789.5	66184.2	66789.5	66184.2	66789.5	
68368.4	66526.3	68368.4	66526.3	68368.4	
66052.6	66842.1	66052.6	66842.1	66052.6	
65447.4	66447.4	65447.4	66447.4	65447.4	
65710.5	66921.1	65710.5	66921.1	65710.5	
66789.5	65710.5	66789.5	65710.5	66789.5	
64921.1	67052.6	64921.1	67052.6	64921.1	
66052.6	66842.1	66052.6	66842.1	66052.6	
65315.8	66526.3	65315.8	66526.3	65315.8	
66789.5	67631.6	66789.5	67631.6	66789.5	
66131.6	65710.5	66131.6	65710.5	66131.6	
67315.8	67184.2	67315.8	67184.2	67315.8	
66578.9	66842.1	66578.9	66842.1	66578.9	
68842.1	65315.8	68842.1	65315.8	68842.1	
66526.3	66447.4	66526.3	66447.4	66526.3	
65526.3	66526.3	65526.3	66526.3	65526.3	
64789.5	65131.6	64789.5	65131.6	64789.5	
66578.9	66184.2	66578.9	66184.2	66578.9	
67842.1	64736.8	67842.1	64736.8	67842.1	
67052.6	69447.4	67052.6	69447.4	67052.6	
67500	67578.9	67500	67578.9	67500	
64868.4	65973.7	64868.4	65973.7	64868.4	
66315.8	67973.7	66315.8	67973.7	66315.8	
66263.2	67921.1	66263.2	67921.1	66263.2	
66657.9	66131.6	66657.9	66131.6	66657.9	
65973.7	66526.3	65973.7	66526.3	65973.7	
67842.1	64526.3	67842.1	64526.3	67842.1	
66052.6	68447.4	66052.6	68447.4	66052.6	
65710.5	66710.5	65710.5	66710.5	65710.5	
67631.6	66184.2	67631.6	66184.2	67631.6	
67973.7	67315.8	67973.7	67315.8	67973.7	
65710.5	67921.1	65710.5	67921.1	65710.5	
65921.1	66578.9	65921.1	66578.9	65921.1	
67447.4	64789.5	67447.4	64789.5	67447.4	
65263.2	67842.1	65263.2	67842.1	65263.2	
66052.6	66657.9	66052.6	66657.9	66052.6	
66789.5	66315.8	66789.5	66315.8	66789.5	
67578.9	65263.2	67578.9	65263.2	67578.9	
67105.3	66842.1	67105.3	66842.1	67105.3	
65789.5	66789.5	65789.5	66789.5	65789.5	
66842.1	68447.4	66842.1	68447.4	66842.1	
66131.6	65394.7	66131.6	65394.7	66131.6	
66657.9	66710.5	66657.9	66710.5	66657.9	
65657.9	67631.6	65657.9	67631.6	65657.9	
66842.1	66657.9	66842.1	66657.9	66842.1	
65657.9	66052.6	65657.9	66052.6	65657.9	
66052.6	65842.1	66052.6	65842.1	66052.6	
64473.7	66657.9	64473.7	66657.9	64473.7	
67052.6	66710.5	67052.6	66710.5	67052.6	
66710.5	67500	66710.5	67500	66710.5	
66263.2	66447.4	66263.2	66447.4	66263.2	
66842.1	65263.2	66842.1	65263.2	66842.1	
65131.6	67105.3	65131.6	67105.3	65131.6	
67578.9	66131.6	67578.9	66131.6	67578.9	
67184.2	65315.8	67184.2	65315.8	67184.2	
66526.3	65578.9	66526.3	65578.9	66526.3	
66315.8	65526.3	66315.8	65526.3	66315.8	
66131.6	64605.3	66131.6	64605.3	66131.6	
68500	66184.2	68500	66184.2	68500	
67631.6	65789.5	67631.6	65789.5	67631.6	
66526.3	64868.4	66526.3	64868.4	66526.3	
63394.7	66052.6	63394.7	66052.6	63394.7	
65000	65973.7	65000	65973.7	65000	
66973.7	64789.5	66973.7	64789.5	66973.7	
68052.6	66973.7	68052.6	66973.7	68052.6	
65052.6	66263.2	65052.6	66263.2	65052.6	
68052.6	64473.7	68052.6	64473.7	68052.6	
67368.4	66657.9	67368.4	66657.9	67368.4	
67710.5	64868.4	67710.5	64868.4	67710.5	
67842.1	67315.8	67842.1	67315.8	67842.1	
65657.9	67184.2	65657.9	67184.2	65657.9	
67973.7	66578.9	67973.7	66578.9	67973.7	
64736.8	65526.3	64736.8	65526.3	64736.8	
66842.1	65052.6	66842.1	65052.6	66842.1	
67578.9	66394.7	67578.9	66394.7	67578.9	
65973.7	66052.6	65973.7	66052.6	65973.7	
66447.4	65921.1	66447.4	65921.1	66447.4	
65921.1	65394.7	65921.1	65394.7	65921.1	
64736.8	66447.4	64736.8	66447.4	64736.8	
64657.9	67921.1	64657.9	67921.1	64657.9	
67447.4	66578.9	67447.4	66578.9	67447.4	
65447.4	68631.6	65447.4	68631.6	65447.4	
68763.2	65973.7	68763.2	65973.7	68763.2	
64605.3	65842.1	64605.3	65842.1	64605.3	
65447.4	68184.2	65447.4	68184.2	65447.4	
67500	66578.9	67500	66578.9	67500	
67447.4	65842.1	67447.4	65842.1	67447.4	
66973.7	65447.4	66973.7	65447.4	66973.7	
66263.2	66447.4	66263.2	66447.4	66263.2	
66657.9	67921.1	66657.9	67921.1	66657.9	
67315.8	67500	67315.8	67500	67315.8	
63789.5	66315.8	63789.5	66315.8	63789.5	
66394.7	65184.2	66394.7	65184.2	66394.7	
67052.6	67184.2	67052.6	67184.2	67052.6	
64736.8	66315.8	64736.8	66315.8	64736.8	
67710.5	65710.5	67710.5	65710.5	67710.5	
66657.9	66447.4	66657.9	66447.4	66657.9	
66315.8	66263.2	66315.8	66263.2	66315.8	
67184.2	65263.2	67184.2	65263.2	67184.2	
67236.8	65526.3	67236.8	65526.3	67236.8	
66842.1	66394.7	66842.1	66394.7	66842.1	
65921.1	65052.6	65921.1	65052.6	65921.1	
65526.3	65315.8	65526.3	65315.8	65526.3	
68973.7	66710.5	68973.7	66710.5	68973.7	
66394.7	66052.6	66394.7	66052.6	66394.7	
66578.9	65921.1	66578.9	65921.1	66578.9	
65710.5	67368.4	65710.5	67368.4	65710.5	
66052.6	66842.1	66052.6	66842.1	66052.6	
66315.8	65710.5	66315.8	65710.5	66315.8	
66973.7	65789.5	66973.7	65789.5	66973.7	
66973.7	67184.2	66973.7	67184.2	66973.7	
65447.4	66710.5	65447.4	66710.5	65447.4	
66973.7	67236.8	66973.7	67236.8	66973.7	
64868.4	64526.3	64868.4	64526.3	64868.4	
64131.6	66578.9	64131.6	66578.9	64131.6	
66263.2	65789.5	66263.2	65789.5	66263.2	
66394.7	65710.5	66394.7	65710.5	66394.7	
65710.5	68105.3	65710.5	68105.3	65710.5	
66131.6	67105.3	66131.6	67105.3	66131.6	
66526.3	69236.8	66526.3	69236.8	66526.3	
68368.4	65263.2	68368.4	65263.2	68368.4	
68710.5	68236.8	68710.5	68236.8	68710.5	
65184.2	67710.5	65184.2	67710.5	65184.2	
66315.8	65657.9	66315.8	65657.9	66315.8	
67184.2	64315.8	67184.2	64315.8	67184.2	
66263.2	66315.8	66263.2	66315.8	66263.2	
65789.5	66184.2	65789.5	66184.2	65789.5	
66789.5	65263.2	66789.5	65263.2	66789.5	
66315.8	66657.9	66315.8	66657.9	66315.8	
65394.7	67315.8	65394.7	67315.8	65394.7	
65184.2	66973.7	65184.2	66973.7	65184.2	
66447.4	65973.7	66447.4	65973.7	66447.4	
67184.2	65921.1	67184.2	65921.1	67184.2	
67368.4	67236.8	67368.4	67236.8	67368.4	
68368.4	66394.7	68368.4	66394.7	68368.4	
66526.3	63605.3	66526.3	63605.3	66526.3	
65973.7	65578.9	65973.7	65578.9	65973.7	
66973.7	66394.7	66973.7	66394.7	66973.7	
66052.6	64789.5	66052.6	64789.5	66052.6	
67578.9	66315.8	67578.9	66315.8	67578.9	
64789.5	66789.5	64789.5	66789.5	64789.5	
67710.5	66315.8	67710.5	66315.8	67710.5	
66526.3	65789.5	66526.3	65789.5	66526.3	
67500	65921.1	67500	65921.1	67500	
65973.7	66184.2	65973.7	66184.2	65973.7	
67105.3	66131.6	67105.3	66131.6	67105.3	
67500	66578.9	67500	66578.9	67500	
65973.7	67236.8	65973.7	67236.8	65973.7	
66263.2	66263.2	66263.2	66263.2	66263.2	
67184.2	66657.9	67184.2	66657.9	67184.2	
65526.3	66184.2	65526.3	66184.2	65526.3	
66394.7	66184.2	66394.7	66184.2	66394.7	
67315.8	65578.9	67315.8	65578.9	67315.8	
67973.7	66657.9	67973.7	66657.9	67973.7	
64736.8	64868.4	64736.8	64868.4	64736.8	
66842.1	65973.7	66842.1	65973.7	66842.1	
66973.7	66131.6	66973.7	66131.6	66973.7	
65315.8	67789.5	65315.8	67789.5	65315.8	
66052.6	66052.6	66052.6	66052.6	66052.6	
67500	67842.1	67500	67842.1	67500	
65000	67973.7	65000	67973.7	65000	
66263.2	64605.3	66263.2	64605.3	66263.2	
67921.1	65315.8	67921.1	65315.8	67921.1	
66184.2	65921.1	66184.2	65921.1	66184.2	
66526.3	66789.5	66526.3	66789.5	66526.3	
68973.7	67500	68973.7	67500	68973.7	
66657.9	67447.4	66657.9	67447.4	66657.9	
65526.3	66447.4	65526.3	66447.4	65526.3	
67578.9	66657.9	67578.9	66657.9	67578.9	
66263.2	65973.7	66263.2	65973.7	66263.2	
67105.3	68236.8	67105.3	68236.8	67105.3	
66052.6	65921.1	66052.6	65921.1	66052.6	
67368.4	66263.2	67368.4	66263.2	67368.4	
67973.7	65394.7	67973.7	65394.7	67973.7	
67710.5	65184.2	67710.5	65184.2	67710.5	
65394.7	67368.4	65394.7	67368.4	65394.7	
66447.4	65447.4	66447.4	65447.4	66447.4	
67631.6	66657.9	67631.6	66657.9	67631.6	
65263.2	67315.8	65263.2	67315.8	65263.2	
67236.8	65184.2	67236.8	65184.2	67236.8	
65710.5	66578.9	65710.5	66578.9	65710.5	
66263.2	67184.2	66263.2	67184.2	66263.2	
66447.4	65000	66447.4	65000	66447.4	
65263.2	67447.4	65263.2	67447.4	65263.2	
66657.9	65052.6	66657.9	65052.6	66657.9	
66921.1	66052.6	66921.1	66052.6	66921.1	
67052.6	66447.4	67052.6	66447.4	67052.6	
64921.1	66578.9	64921.1	66578.9	64921.1	
67368.4	67631.6	67368.4	67631.6	67368.4	
66578.9	65394.7	66578.9	65394.7	66578.9	
64736.8	66578.9	64736.8	66578.9	64736.8	
66657.9	66921.1	66657.9	66921.1	66657.9	
66263.2	63921.1	66263.2	63921.1	66263.2	
67105.3	67105.3	67105.3	67105.3	67105.3	
65526.3	65447.4	65526.3	65447.4	65526.3	
68052.6	67105.3	68052.6	67105.3	68052.6	
66710.5	66973.7	66710.5	66973.7	66710.5	
66657.9	66578.9	66657.9	66578.9	66657.9	
65526.3	68052.6	65526.3	68052.6	65526.3	
66447.4	68236.8	66447.4	68236.8	66447.4	
66131.6	65789.5	66131.6	65789.5	66131.6	
65184.2	66789.5	65184.2	66789.5	65184.2	
66315.8	66973.7	66315.8	66973.7	66315.8	
67368.4	67710.5	67368.4	67710.5	67368.4	
68631.6	66578.9	68631.6	66578.9	68631.6	
66578.9	66447.4	66578.9	66447.4	66578.9	
66921.1	66789.5	66921.1	66789.5	66921.1	
66842.1	67315.8	66842.1	67315.8	66842.1	
67105.3	66315.8	67105.3	66315.8	67105.3	
67447.4	68578.9	67447.4	68578.9	67447.4	
63526.3	66526.3	63526.3	66526.3	63526.3	
67631.6	65184.2	67631.6	65184.2	67631.6	
67368.4	66526.3	67368.4	66526.3	67368.4	
65131.6	66184.2	65131.6	66184.2	65131.6	
66052.6	67184.2	66052.6	67184.2	66052.6	
66263.2	64394.7	66263.2	64394.7	66263.2	
67789.5	65578.9	67789.5	65578.9	67789.5	
67500	68368.4	67500	68368.4	67500	
66394.7	66921.1	66394.7	66921.1	66394.7	
65921.1	66578.9	65921.1	66578.9	65921.1	
65578.9	66394.7	65578.9	66394.7	65578.9	
66263.2	68710.5	66263.2	68710.5	66263.2	
64657.9	67842.1	64657.9	67842.1	64657.9	
65789.5	67500	65789.5	67500	65789.5	
66921.1	66315.8	66921.1	66315.8	66921.1	
66184.2	66710.5	66184.2	66710.5	66184.2	
65710.5	67921.1	65710.5	67921.1	65710.5	
67315.8	65710.5	67315.8	65710.5	67315.8	
65394.7	66394.7	65394.7	66394.7	65394.7	
67368.4	67921.1	67368.4	67921.1	67368.4	
65973.7	67973.7	65973.7	67973.7	65973.7	
65710.5	66710.5	65710.5	66710.5	65710.5	
67710.5	65973.7	67710.5	65973.7	67710.5	
65710.5	64736.8	65710.5	64736.8	65710.5	
65657.9	66184.2	65657.9	66184.2	65657.9	
67842.1	68578.9	67842.1	68578.9	67842.1	
67842.1	65578.9	67842.1	65578.9	67842.1	
66052.6	65710.5	66052.6	65710.5	66052.6	
63868.4	69236.8	63868.4	69236.8	63868.4	
68763.2	65052.6	68763.2	65052.6	68763.2	
66657.9	67710.5	66657.9	67710.5	66657.9	
66526.3	65657.9	66526.3	65657.9	66526.3	
67921.1	65578.9	67921.1	65578.9	67921.1	
64263.2	66447.4	64263.2	66447.4	64263.2	
68052.6	67368.4	68052.6	67368.4	68052.6	
65921.1	68184.2	65921.1	68184.2	65921.1	
66921.1	65447.4	66921.1	65447.4	66921.1	
65657.9	65394.7	65657.9	65394.7	65657.9	
67368.4	68236.8	67368.4	68236.8	67368.4	
67447.4	65526.3	67447.4	65526.3	67447.4	
66789.5	67921.1	66789.5	67921.1	66789.5	
65789.5	65973.7	65789.5	65973.7	65789.5	
67052.6	63736.8	67052.6	63736.8	67052.6	
66973.7	67631.6	66973.7	67631.6	66973.7	
65394.7	66842.1	65394.7	66842.1	65394.7	
65973.7	66184.2	65973.7	66184.2	65973.7	
67236.8	65973.7	67236.8	65973.7	67236.8	
64789.5	66710.5	64789.5	66710.5	64789.5	
65447.4	66447.4	65447.4	66447.4	65447.4	
65842.1	64315.8	65842.1	64315.8	65842.1	
68894.7	65842.1	68894.7	65842.1	68894.7	
65578.9	65447.4	65578.9	65447.4	65578.9	
68842.1	66657.9	68842.1	66657.9	68842.1	
64921.1	66657.9	64921.1	66657.9	64921.1	
66710.5	64394.7	66710.5	64394.7	66710.5	
65973.7	65263.2	65973.7	65263.2	65973.7	
67236.8	65578.9	67236.8	65578.9	67236.8	
64789.5	66447.4	64789.5	66447.4	64789.5	
68368.4	64868.4	68368.4	64868.4	68368.4	
66789.5	65052.6	66789.5	65052.6	66789.5	
66657.9	65657.9	66657.9	65657.9	66657.9	
68631.6	67631.6	68631.6	67631.6	68631.6	
64868.4	66394.7	64868.4	66394.7	64868.4	
65447.4	65315.8	65447.4	65315.8	65447.4	
67184.2	66710.5	67184.2	66710.5	67184.2	
67236.8	65973.7	67236.8	65973.7	67236.8	
65842.1	68184.2	65842.1	68184.2	65842.1	
65973.7	64473.7	65973.7	64473.7	65973.7	
66263.2	66315.8	66263.2	66315.8	66263.2	
67105.3	65315.8	67105.3	65315.8	67105.3	
68631.6	67052.6	68631.6	67052.6	68631.6	
65789.5	67500	65789.5	67500	65789.5	
66394.7	65526.3	66394.7	65526.3	66394.7	
64789.5	65921.1	64789.5	65921.1	64789.5	
66315.8	67368.4	66315.8	67368.4	66315.8	
68631.6	66263.2	68631.6	66263.2	68631.6	
67105.3	67315.8	67105.3	67315.8	67105.3	
65657.9	64868.4	65657.9	64868.4	65657.9	
65921.1	69157.9	65921.1	69157.9	65921.1	
64184.2	67236.8	64184.2	67236.8	64184.2	
67578.9	66657.9	67578.9	66657.9	67578.9	
65921.1	67052.6	65921.1	67052.6	65921.1	
66789.5	65710.5	66789.5	65710.5	66789.5	
68368.4	67973.7	68368.4	67973.7	68368.4	
68315.8	67052.6	68315.8	67052.6	68315.8	
67710.5	66315.8	67710.5	66315.8	67710.5	
67447.4	68236.8	67447.4	68236.8	67447.4	
68894.7	69026.3	68894.7	69026.3	68894.7	
67447.4	68052.6	67447.4	68052.6	67447.4	
65578.9	66921.1	65578.9	66921.1	65578.9	
66710.5	67631.6	66710.5	67631.6	66710.5	
67500	66447.4	67500	66447.4	67500	
66789.5	66578.9	66789.5	66578.9	66789.5	
65263.2	65578.9	65263.2	65578.9	65263.2	
65921.1	66710.5	65921.1	66710.5	65921.1	
66657.9	65921.1	66657.9	65921.1	66657.9	
64657.9	67184.2	64657.9	67184.2	64657.9	
66921.1	66052.6	66921.1	66052.6	66921.1	
67236.8	68315.8	67236.8	68315.8	67236.8	
66657.9	65578.9	66657.9	65578.9	66657.9	
66710.5	67842.1	66710.5	67842.1	66710.5	
66789.5	66447.4	66789.5	66447.4	66789.5	
66973.7	65789.5	66973.7	65789.5	66973.7	
66263.2	65447.4	66263.2	65447.4	66263.2	
66052.6	65394.7	66052.6	65394.7	66052.6	
65710.5	68368.4	65710.5	68368.4	65710.5	
67052.6	66789.5	67052.6	66789.5	67052.6	
66921.1	64473.7	66921.1	64473.7	66921.1	
65578.9	64921.1	65578.9	64921.1	65578.9	
66973.7	67973.7	66973.7	67973.7	66973.7	
65447.4	66921.1	65447.4	66921.1	65447.4	
66526.3	67052.6	66526.3	67052.6	66526.3	
66184.2	66447.4	66184.2	66447.4	66184.2	
66052.6	68894.7	66052.6	68894.7	66052.6	
67184.2	64605.3	67184.2	64605.3	67184.2	
64789.5	66973.7	64789.5	66973.7	64789.5	
67315.8	65973.7	67315.8	65973.7	67315.8	
65842.1	66921.1	65842.1	66921.1	65842.1	
66842.1	67315.8	66842.1	67315.8	66842.1	
68184.2	67184.2	68184.2	67184.2	68184.2	
67631.6	67052.6	67631.6	67052.6	67631.6	
67184.2	65184.2	67184.2	65184.2	67184.2	
65789.5	66842.1	65789.5	66842.1	65789.5	
68315.8	64921.1	68315.8	64921.1	68315.8	
67368.4	65657.9	67368.4	65657.9	67368.4	
65921.1	65184.2	65921.1	65184.2	65921.1	
67631.6	67052.6	67631.6	67052.6	67631.6	
65921.1	67631.6	65921.1	67631.6	65921.1	
66789.5	68105.3	66789.5	68105.3	66789.5	
64052.6	66394.7	64052.6	66394.7	64052.6	
67184.2	65184.2	67184.2	65184.2	67184.2	
66973.7	65315.8	66973.7	65315.8	66973.7	
66131.6	65921.1	66131.6	65921.1	66131.6	
67447.4	64921.1	67447.4	64921.1	67447.4	
67315.8	67631.6	67315.8	67631.6	67315.8	
64473.7	68236.8	64473.7	68236.8	64473.7	
66921.1	65657.9	66921.1	65657.9	66921.1	
66578.9	66263.2	66578.9	66263.2	66578.9	
67105.3	67315.8	67105.3	67315.8	67105.3	
67842.1	64736.8	67842.1	64736.8	67842.1	
67236.8	65921.1	67236.8	65921.1	67236.8	
66052.6	65315.8	66052.6	65315.8	66052.6	
64605.3	66921.1	64605.3	66921.1	64605.3	
67500	65184.2	67500	65184.2	67500	
66526.3	66973.7	66526.3	66973.7	66526.3	
64263.2	65710.5	64263.2	65710.5	64263.2	
66447.4	67500	66447.4	67500	66447.4	
68500	66578.9	68500	66578.9	68500	
66394.7	65973.7	66394.7	65973.7	66394.7	
65842.1	66921.1	65842.1	66921.1	65842.1	
67236.8	67578.9	67236.8	67578.9	67236.8	
65578.9	66394.7	65578.9	66394.7	65578.9	
65526.3	67105.3	65526.3	67105.3	65526.3	
65921.1	66657.9	65921.1	66657.9	65921.1	
66052.6	67105.3	66052.6	67105.3	66052.6	
67315.8	67052.6	67315.8	67052.6	67315.8	
68315.8	67500	68315.8	67500	68315.8	
66447.4	67105.3	66447.4	67105.3	66447.4	
65973.7	66184.2	65973.7	66184.2	65973.7	
66578.9	66052.6	66578.9	66052.6	66578.9	
66526.3	67973.7	66526.3	67973.7	66526.3	
66657.9	66131.6	66657.9	66131.6	66657.9	
65842.1	66447.4	65842.1	66447.4	65842.1	
65973.7	66657.9	65973.7	66657.9	65973.7	
65921.1	68052.6	65921.1	68052.6	65921.1	
65973.7	68578.9	65973.7	68578.9	65973.7	
64736.8	65000	64736.8	65000	64736.8	
66315.8	65842.1	66315.8	65842.1	66315.8	
66526.3	66447.4	66526.3	66447.4	66526.3	
64789.5	66131.6	64789.5	66131.6	64789.5	
68105.3	66526.3	68105.3	66526.3	68105.3	
65263.2	66052.6	65263.2	66052.6	65263.2	
66315.8	68447.4	66315.8	68447.4	66315.8	
67052.6	65315.8	67052.6	65315.8	67052.6	
64605.3	66710.5	64605.3	66710.5	64605.3	
67052.6	64526.3	67052.6	64526.3	67052.6	
68315.8	66973.7	68315.8	66973.7	68315.8	
67368.4	66315.8	67368.4	66315.8	67368.4	
68105.3	67105.3	68105.3	67105.3	68105.3	
65578.9	65710.5	65578.9	65710.5	65578.9	
67315.8	67500	67315.8	67500	67315.8	
67973.7	65842.1	67973.7	65842.1	67973.7	
67500	67789.5	67500	67789.5	67500	
65315.8	66052.6	65315.8	66052.6	65315.8	
65921.1	67184.2	65921.1	67184.2	65921.1	
67315.8	65447.4	67315.8	65447.4	67315.8	
66052.6	66578.9	66052.6	66578.9	66052.6	
66657.9	64131.6	66657.9	64131.6	66657.9	
67631.6	65131.6	67631.6	65131.6	67631.6	
65842.1	67368.4	65842.1	67368.4	65842.1	
67052.6	66263.2	67052.6	66263.2	67052.6	
66710.5	66973.7	66710.5	66973.7	66710.5	
65789.5	65052.6	65789.5	65052.6	65789.5	
65789.5	64526.3	65789.5	64526.3	65789.5	
65657.9	67789.5	65657.9	67789.5	65657.9	
65184.2	65315.8	65184.2	65315.8	65184.2	
66394.7	64000	66394.7	64000	66394.7	
66842.1	66447.4	66842.1	66447.4	66842.1	
64315.8	66578.9	64315.8	66578.9	64315.8	
65842.1	68763.2	65842.1	68763.2	65842.1	
67578.9	66710.5	67578.9	66710.5	67578.9	
67105.3	64868.4	67105.3	64868.4	67105.3	
67368.4	67973.7	67368.4	67973.7	67368.4	
65842.1	66447.4	65842.1	66447.4	65842.1	
65526.3	66973.7	65526.3	66973.7	65526.3	
66131.6	66394.7	66131.6	66394.7	66131.6	
65526.3	66789.5	65526.3	66789.5	65526.3	
66184.2	66447.4	66184.2	66447.4	66184.2	
64315.8	65710.5	64315.8	65710.5	64315.8	
66315.8	67447.4	66315.8	67447.4	66315.8	
66842.1	68842.1	66842.1	68842.1	66842.1	
67789.5	68631.6	67789.5	68631.6	67789.5	
66657.9	66789.5	66657.9	66789.5	66657.9	
65842.1	66789.5	65842.1	66789.5	65842.1	
65657.9	66447.4	65657.9	66447.4	65657.9	
65789.5	65052.6	65789.5	65052.6	65789.5	
67052.6	65447.4	67052.6	65447.4	67052.6	
67368.4	67315.8	67368.4	67315.8	67368.4	
66447.4	66263.2	66447.4	66263.2	66447.4	
65842.1	66789.5	65842.1	66789.5	65842.1	
66973.7	67789.5	66973.7	67789.5	66973.7	
66526.3	65710.5	66526.3	65710.5	66526.3	
65789.5	67052.6	65789.5	67052.6	65789.5	
68236.8	69842.1	68236.8	69842.1	68236.8	
68578.9	65973.7	68578.9	65973.7	68578.9	
65578.9	65973.7	65578.9	65973.7	65578.9	
66263.2	65710.5	66263.2	65710.5	66263.2	
68052.6	66263.2	68052.6	66263.2	68052.6	
66973.7	65921.1	66973.7	65921.1	66973.7	
67184.2	66526.3	67184.2	66526.3	67184.2	
66578.9	65315.8	66578.9	65315.8	66578.9	
66789.5	68236.8	66789.5	68236.8	66789.5	
66394.7	67842.1	66394.7	67842.1	66394.7	
64657.9	64394.7	64657.9	64394.7	64657.9	
65131.6	66394.7	65131.6	66394.7	65131.6	
66184.2	67789.5	66184.2	67789.5	66184.2	
67052.6	66973.7	67052.6	66973.7	67052.6	
66184.2	66657.9	66184.2	66657.9	66184.2	
67447.4	67315.8	67447.4	67315.8	67447.4	
64526.3	66447.4	64526.3	66447.4	64526.3	
66131.6	66131.6	66131.6	66131.6	66131.6	
67710.5	67578.9	67710.5	67578.9	67710.5	
67710.5	67500	67710.5	67500	67710.5	
68578.9	66526.3	68578.9	66526.3	68578.9	
66973.7	64657.9	66973.7	64657.9	66973.7	
66315.8	66842.1	66315.8	66842.1	66315.8	
64605.3	68368.4	64605.3	68368.4	64605.3	
66184.2	67578.9	66184.2	67578.9	66184.2	
66131.6	65578.9	66131.6	65578.9	66131.6	
66526.3	64921.1	66526.3	64921.1	66526.3	
68184.2	66447.4	68184.2	66447.4	68184.2	
66921.1	67578.9	66921.1	67578.9	66921.1	
66921.1	68763.2	66921.1	68763.2	66921.1	
67789.5	67921.1	67789.5	67921.1	67789.5	
65184.2	65184.2	65184.2	65184.2	65184.2	
64184.2	65052.6	64184.2	65052.6	64184.2	
64868.4	66789.5	64868.4	66789.5	64868.4	
65000	68315.8	65000	68315.8	65000	
67315.8	68315.8	67315.8	68315.8	67315.8	
67842.1	67315.8	67842.1	67315.8	67842.1	
67368.4	67236.8	67368.4	67236.8	67368.4	
66394.7	66526.3	66394.7	66526.3	66394.7	
66578.9	67578.9	66578.9	67578.9	66578.9	
66789.5	68105.3	66789.5	68105.3	66789.5	
67842.1	68368.4	67842.1	68368.4	67842.1	
67368.4	66657.9	67368.4	66657.9	67368.4	
66842.1	65973.7	66842.1	65973.7	66842.1	
68052.6	67184.2	68052.6	67184.2	68052.6	
67578.9	66789.5	67578.9	66789.5	67578.9	
66789.5	67842.1	66789.5	67842.1	66789.5	
66710.5	66447.4	66710.5	66447.4	66710.5	
65394.7	65710.5	65394.7	65710.5	65394.7	
64789.5	65921.1	64789.5	65921.1	64789.5	
66263.2	66131.6	66263.2	66131.6	66263.2	
65842.1	65315.8	65842.1	65315.8	65842.1	
66131.6	65842.1	66131.6	65842.1	66131.6	
67447.4	67842.1	67447.4	67842.1	67447.4	
68315.8	67315.8	68315.8	67315.8	68315.8	
65973.7	65000	65973.7	65000	65973.7	
67368.4	65394.7	67368.4	65394.7	67368.4	
65000	66842.1	65000	66842.1	65000	
66447.4	65973.7	66447.4	65973.7	66447.4	
66526.3	65710.5	66526.3	65710.5	66526.3	
66394.7	66710.5	66394.7	66710.5	66394.7	
68184.2	67052.6	68184.2	67052.6	68184.2	
67368.4	65394.7	67368.4	65394.7	67368.4	
66657.9	66526.3	66657.9	66526.3	66657.9	
67052.6	66394.7	67052.6	66394.7	67052.6	
64184.2	65710.5	64184.2	65710.5	64184.2	
66184.2	66394.7	66184.2	66394.7	66184.2	
67368.4	67184.2	67368.4	67184.2	67368.4	
64736.8	66526.3	64736.8	66526.3	64736.8	
66526.3	65789.5	66526.3	65789.5	66526.3	
65394.7	66526.3	65394.7	66526.3	65394.7	
66921.1	66973.7	66921.1	66973.7	66921.1	
66184.2	65526.3	66184.2	65526.3	66184.2	
65000	66131.6	65000	66131.6	65000	
65447.4	65789.5	65447.4	65789.5	65447.4	
66657.9	67447.4	66657.9	67447.4	66657.9	
67105.3	65842.1	67105.3	65842.1	67105.3	
66657.9	63789.5	66657.9	63789.5	66657.9	
67500	66447.4	67500	66447.4	67500	
65578.9	64736.8	65578.9	64736.8	65578.9	
65394.7	64473.7	65394.7	64473.7	65394.7	
70026.3	65131.6	70026.3	65131.6	70026.3	
66447.4	65842.1	66447.4	65842.1	66447.4	
67184.2	68105.3	67184.2	68105.3	67184.2	
66842.1	65394.7	66842.1	65394.7	66842.1	
67052.6	66184.2	67052.6	66184.2	67052.6	
67368.4	67447.4	67368.4	67447.4	67368.4	
66263.2	64605.3	66263.2	64605.3	66263.2	
66842.1	67973.7	66842.1	67973.7	66842.1	
64736.8	65447.4	64736.8	65447.4	64736.8	
65710.5	65710.5	65710.5	65710.5	65710.5	
65394.7	66973.7	65394.7	66973.7	65394.7	
66657.9	65578.9	66657.9	65578.9	66657.9	
68052.6	66710.5	68052.6	66710.5	68052.6	
68315.8	67052.6	68315.8	67052.6	68315.8	
66921.1	66921.1	66921.1	66921.1	66921.1	
66131.6	65052.6	66131.6	65052.6	66131.6	
66052.6	65921.1	66052.6	65921.1	66052.6	
66789.5	66526.3	66789.5	66526.3	66789.5	
66131.6	66131.6	66131.6	66131.6	66131.6	
67105.3	65789.5	67105.3	65789.5	67105.3	
66973.7	66447.4	66973.7	66447.4	66973.7	
66578.9	67184.2	66578.9	67184.2	66578.9	
67184.2	65710.5	67184.2	65710.5	67184.2	
66578.9	66447.4	66578.9	66447.4	66578.9	
65526.3	66315.8	65526.3	66315.8	65526.3	
65447.4	67052.6	65447.4	67052.6	65447.4	
65921.1	65263.2	65921.1	65263.2	65921.1	
66710.5	65052.6	66710.5	65052.6	66710.5	
65263.2	67052.6	65263.2	67052.6	65263.2	
66842.1	66578.9	66842.1	66578.9	66842.1	
66263.2	65578.9	66263.2	65578.9	66263.2	
68105.3	64868.4	68105.3	64868.4	68105.3	
65578.9	66578.9	65578.9	66578.9	65578.9	
66447.4	65578.9	66447.4	65578.9	66447.4	
67500	67789.5	67500	67789.5	67500	
66789.5	67236.8	66789.5	67236.8	66789.5	
66789.5	65973.7	66789.5	65973.7	66789.5	
66052.6	65000	66052.6	65000	66052.6	
66921.1	65921.1	66921.1	65921.1	66921.1	
66131.6	66921.1	66131.6	66921.1	66131.6	
67052.6	67052.6	67052.6	67052.6	67052.6	
65710.5	66394.7	65710.5	66394.7	65710.5	
66973.7	66447.4	66973.7	66447.4	66973.7	
66973.7	67842.1	66973.7	67842.1	66973.7	
66184.2	65789.5	66184.2	65789.5	66184.2	
66131.6	67315.8	66131.6	67315.8	66131.6	
67578.9	66184.2	67578.9	66184.2	67578.9	
65578.9	68368.4	65578.9	68368.4	65578.9	
67447.4	67184.2	67447.4	67184.2	67447.4	
66657.9	65394.7	66657.9	65394.7	66657.9	
66315.8	67578.9	66315.8	67578.9	66315.8	
65052.6	63868.4	65052.6	63868.4	65052.6	
67236.8	65710.5	67236.8	65710.5	67236.8	
65263.2	65131.6	65263.2	65131.6	65263.2	
66710.5	66789.5	66710.5	66789.5	66710.5	
66710.5	66789.5	66710.5	66789.5	66710.5	
65394.7	65710.5	65394.7	65710.5	65394.7	
66394.7	64789.5	66394.7	64789.5	66394.7	
65394.7	67447.4	65394.7	67447.4	65394.7	
64789.5	66131.6	64789.5	66131.6	64789.5	
66131.6	68105.3	66131.6	68105.3	66131.6	
66921.1	65842.1	66921.1	65842.1	66921.1	
66842.1	66578.9	66842.1	66578.9	66842.1	
66394.7	63921.1	66394.7	63921.1	66394.7	
68184.2	66315.8	68184.2	66315.8	68184.2	
66447.4	65973.7	66447.4	65973.7	66447.4	
65657.9	65131.6	65657.9	65131.6	65657.9	
67631.6	66447.4	67631.6	66447.4	67631.6	
65394.7	66447.4	65394.7	66447.4	65394.7	
67631.6	67368.4	67631.6	67368.4	67631.6	
65184.2	66657.9	65184.2	66657.9	65184.2	
66394.7	66263.2	66394.7	66263.2	66394.7	
65921.1	66789.5	65921.1	66789.5	65921.1	
66263.2	67710.5	66263.2	67710.5	66263.2	
67921.1	65394.7	67921.1	65394.7	67921.1	
64921.1	66447.4	64921.1	66447.4	64921.1	
66052.6	65973.7	66052.6	65973.7	66052.6	
66263.2	65710.5	66263.2	65710.5	66263.2	
67973.7	66447.4	67973.7	66447.4	67973.7	
66842.1	65842.1	66842.1	65842.1	66842.1	
66526.3	65578.9	66526.3	65578.9	66526.3	
66578.9	67973.7	66578.9	67973.7	66578.9	
63868.4	67184.2	63868.4	67184.2	63868.4	
66052.6	65973.7	66052.6	65973.7	66052.6	
64605.3	66973.7	64605.3	66973.7	64605.3	
66263.2	68447.4	66263.2	68447.4	66263.2	
65657.9	67236.8	65657.9	67236.8	65657.9	
67184.2	66578.9	67184.2	66578.9	67184.2	
66052.6	66394.7	66052.6	66394.7	66052.6	
66789.5	67973.7	66789.5	67973.7	66789.5	
66526.3	66973.7	66526.3	66973.7	66526.3	
66394.7	66394.7	66394.7	66394.7	66394.7	
66578.9	66315.8	66578.9	66315.8	66578.9	
67368.4	68052.6	67368.4	68052.6	67368.4	
66921.1	66578.9	66921.1	66578.9	66921.1	
66263.2	65710.5	66263.2	65710.5	66263.2	
65657.9	65921.1	65657.9	65921.1	65657.9	
66184.2	67500	66184.2	67500	66184.2	
66315.8	65842.1	66315.8	65842.1	66315.8	
66842.1	65394.7	66842.1	65394.7	66842.1	
67184.2	66789.5	67184.2	66789.5	67184.2	
66526.3	67710.5	66526.3	67710.5	66526.3	
67315.8	67184.2	67315.8	67184.2	67315.8	
67500	65526.3	67500	65526.3	67500	
67105.3	67842.1	67105.3	67842.1	67105.3	
65526.3	66657.9	65526.3	66657.9	65526.3	
65578.9	66842.1	65578.9	66842.1	65578.9	
66263.2	66710.5	66263.2	66710.5	66263.2	
66131.6	67500	66131.6	67500	66131.6	
66315.8	66921.1	66315.8	66921.1	66315.8	
67368.4	65921.1	67368.4	65921.1	67368.4	
64605.3	65526.3	64605.3	65526.3	64605.3	
66657.9	66131.6	66657.9	66131.6	66657.9	
66973.7	64657.9	66973.7	64657.9	66973.7	
67105.3	65657.9	67105.3	65657.9	67105.3	
67368.4	66789.5	67368.4	66789.5	67368.4	
66526.3	66184.2	66526.3	66184.2	66526.3	
66052.6	67105.3	66052.6	67105.3	66052.6	
66657.9	65710.5	66657.9	65710.5	66657.9	
66052.6	66131.6	66052.6	66131.6	66052.6	
63921.1	65842.1	63921.1	65842.1	63921.1	
67710.5	64921.1	67710.5	64921.1	67710.5	
65789.5	66184.2	65789.5	66184.2	65789.5	
65263.2	66526.3	65263.2	66526.3	65263.2	
66842.1	66315.8	66842.1	66315.8	66842.1	
65000	65526.3	65000	65526.3	65000	
68973.7	66131.6	68973.7	66131.6	68973.7	
65789.5	64921.1	65789.5	64921.1	65789.5	
64473.7	66526.3	64473.7	66526.3	64473.7	
66052.6	65394.7	66052.6	65394.7	66052.6	
68052.6	66578.9	68052.6	66578.9	68052.6	
65921.1	66184.2	65921.1	66184.2	65921.1	
67105.3	66263.2	67105.3	66263.2	67105.3	
66578.9	69026.3	66578.9	69026.3	66578.9	
66973.7	66526.3	66973.7	66526.3	66973.7	
66394.7	66710.5	66394.7	66710.5	66394.7	
67184.2	67973.7	67184.2	67973.7	67184.2	
64605.3	66921.1	64605.3	66921.1	64605.3	
66184.2	65921.1	66184.2	65921.1	66184.2	
65710.5	66394.7	65710.5	66394.7	65710.5	
64052.6	65184.2	64052.6	65184.2	64052.6	
64473.7	65000	64473.7	65000	64473.7	
65710.5	67500	65710.5	67500	65710.5	
66263.2	67315.8	66263.2	67315.8	66263.2	
65973.7	66578.9	65973.7	66578.9	65973.7	
67315.8	66394.7	67315.8	66394.7	67315.8	
65921.1	66052.6	65921.1	66052.6	65921.1	
67578.9	66394.7	67578.9	66394.7	67578.9	
66789.5	67184.2	66789.5	67184.2	66789.5	
67315.8	65789.5	67315.8	65789.5	67315.8	
67842.1	67921.1	67842.1	67921.1	67842.1	
65447.4	67105.3	65447.4	67105.3	65447.4	
67710.5	67921.1	67710.5	67921.1	67710.5	
65842.1	66973.7	65842.1	66973.7	65842.1	
67578.9	67500	67578.9	67500	67578.9	
65315.8	65657.9	65315.8	65657.9	65315.8	
68105.3	64868.4	68105.3	64868.4	68105.3	
66447.4	67500	66447.4	67500	66447.4	
65657.9	67315.8	65657.9	67315.8	65657.9	
68105.3	67184.2	68105.3	67184.2	68105.3	
64736.8	67315.8	64736.8	67315.8	64736.8	
65842.1	67315.8	65842.1	67315.8	65842.1	
67842.1	67710.5	67842.1	67710.5	67842.1	
67184.2	66131.6	67184.2	66131.6	67184.2	
67052.6	64184.2	67052.6	64184.2	67052.6	
67789.5	65973.7	67789.5	65973.7	67789.5	
67631.6	65710.5	67631.6	65710.5	67631.6	
67578.9	68184.2	67578.9	68184.2	67578.9	
66710.5	66315.8	66710.5	66315.8	66710.5	
65973.7	66184.2	65973.7	66184.2	65973.7	
65447.4	66263.2	65447.4	66263.2	65447.4	
64868.4	66526.3	64868.4	66526.3	64868.4	
65973.7	67236.8	65973.7	67236.8	65973.7	
66789.5	67236.8	66789.5	67236.8	66789.5	
68236.8	66263.2	68236.8	66263.2	68236.8	
65578.9	65842.1	65578.9	65842.1	65578.9	
66526.3	66921.1	66526.3	66921.1	66526.3	
66526.3	67710.5	66526.3	67710.5	66526.3	
66394.7	65184.2	66394.7	65184.2	66394.7	
66710.5	66526.3	66710.5	66526.3	66710.5	
66052.6	66973.7	66052.6	66973.7	66052.6	
68105.3	65526.3	68105.3	65526.3	68105.3	
65315.8	66710.5	65315.8	66710.5	65315.8	
65789.5	67842.1	65789.5	67842.1	65789.5	
67052.6	65973.7	67052.6	65973.7	67052.6	
67236.8	65842.1	67236.8	65842.1	67236.8	
66394.7	65263.2	66394.7	65263.2	66394.7	
66973.7	64000	66973.7	64000	66973.7	
67789.5	66131.6	67789.5	66131.6	67789.5	
66789.5	67842.1	66789.5	67842.1	66789.5	
67315.8	66842.1	67315.8	66842.1	67315.8	
64473.7	67236.8	64473.7	67236.8	64473.7	
66526.3	64473.7	66526.3	64473.7	66526.3	
66263.2	67631.6	66263.2	67631.6	66263.2	
66263.2	66263.2	66263.2	66263.2	66263.2	
66263.2	65657.9	66263.2	65657.9	66263.2	
65789.5	66789.5	65789.5	66789.5	65789.5	
68500	66842.1	68500	66842.1	68500	
65710.5	65263.2	65710.5	65263.2	65710.5	
66131.6	66394.7	66131.6	66394.7	66131.6	
65973.7	64789.5	65973.7	64789.5	65973.7	
67789.5	67447.4	67789.5	67447.4	67789.5	
67105.3	66315.8	67105.3	66315.8	67105.3	
68236.8	65789.5	68236.8	65789.5	68236.8	
65789.5	66973.7	65789.5	66973.7	65789.5	
67315.8	66447.4	67315.8	66447.4	67315.8	
65973.7	66578.9	65973.7	66578.9	65973.7	
66578.9	66315.8	66578.9	66315.8	66578.9	
66973.7	66052.6	66973.7	66052.6	66973.7	
64868.4	67710.5	64868.4	67710.5	64868.4	
67315.8	66789.5	67315.8	66789.5	67315.8	
67447.4	65526.3	67447.4	65526.3	67447.4	
66184.2	63789.5	66184.2	63789.5	66184.2	
65052.6	66052.6	65052.6	66052.6	65052.6	
67578.9	66842.1	67578.9	66842.1	67578.9	
66526.3	68105.3	66526.3	68105.3	66526.3	
68710.5	65131.6	68710.5	65131.6	68710.5	
67052.6	66394.7	67052.6	66394.7	67052.6	
67631.6	66842.1	67631.6	66842.1	67631.6	
66921.1	64736.8	66921.1	64736.8	66921.1	
66789.5	63473.7	66789.5	63473.7	66789.5	
66973.7	66921.1	66973.7	66921.1	66973.7	
65842.1	64315.8	65842.1	64315.8	65842.1	
67789.5	66447.4	67789.5	66447.4	67789.5	
68052.6	66447.4	68052.6	66447.4	68052.6	
66921.1	66184.2	66921.1	66184.2	66921.1	
69315.8	67105.3	69315.8	67105.3	69315.8	
67921.1	67973.7	67921.1	67973.7	67921.1	
66131.6	66789.5	66131.6	66789.5	66131.6	
67578.9	65842.1	67578.9	65842.1	67578.9	
66973.7	66921.1	66973.7	66921.1	66973.7	
66447.4	66710.5	66447.4	66710.5	66447.4	
65789.5	67921.1	65789.5	67921.1	65789.5	
66578.9	65973.7	66578.9	65973.7	66578.9	
67842.1	67368.4	67842.1	67368.4	67842.1	
67710.5	66842.1	67710.5	66842.1	67710.5	
66657.9	66789.5	66657.9	66789.5	66657.9	
65921.1	66973.7	65921.1	66973.7	65921.1	
66973.7	67447.4	66973.7	67447.4	66973.7	
66263.2	65394.7	66263.2	65394.7	66263.2	
66315.8	66578.9	66315.8	66578.9	66315.8	
65921.1	66131.6	65921.1	66131.6	65921.1	
68368.4	65973.7	68368.4	65973.7	68368.4	
67184.2	65131.6	67184.2	65131.6	67184.2	
66789.5	65315.8	66789.5	65315.8	66789.5	
66184.2	67105.3	66184.2	67105.3	66184.2	
67578.9	68184.2	67578.9	68184.2	67578.9	
65184.2	65184.2	65184.2	65184.2	65184.2	
66052.6	67447.4	66052.6	67447.4	66052.6	
67447.4	66052.6	67447.4	66052.6	67447.4	
67315.8	66973.7	67315.8	66973.7	67315.8	
67710.5	65394.7	67710.5	65394.7	67710.5	
66657.9	66263.2	66657.9	66263.2	66657.9	
66052.6	65657.9	66052.6	65657.9	66052.6	
66052.6	63263.2	66052.6	63263.2	66052.6	
65842.1	66131.6	65842.1	66131.6	65842.1	
65921.1	65842.1	65921.1	65842.1	65921.1	
63526.3	66526.3	63526.3	66526.3	63526.3	
64315.8	68105.3	64315.8	68105.3	64315.8	
65657.9	66921.1	65657.9	66921.1	65657.9	
66578.9	66184.2	66578.9	66184.2	66578.9	
66131.6	66710.5	66131.6	66710.5	66131.6	
63736.8	66657.9	63736.8	66657.9	63736.8	
67578.9	66263.2	67578.9	66263.2	67578.9	
64394.7	64605.3	64394.7	64605.3	64394.7	
66184.2	65578.9	66184.2	65578.9	66184.2	
66973.7	67578.9	66973.7	67578.9	66973.7	
65657.9	65526.3	65657.9	65526.3	65657.9	
65052.6	67973.7	65052.6	67973.7	65052.6	
64131.6	66394.7	64131.6	66394.7	64131.6	
66131.6	68052.6	66131.6	68052.6	66131.6	
66131.6	67315.8	66131.6	67315.8	66131.6	
65184.2	68315.8	65184.2	68315.8	65184.2	
65921.1	65263.2	65921.1	65263.2	65921.1	
67842.1	66842.1	67842.1	66842.1	67842.1	
65526.3	65710.5	65526.3	65710.5	65526.3	
67789.5	66263.2	67789.5	66263.2	67789.5	
65710.5	66921.1	65710.5	66921.1	65710.5	
65842.1	65526.3	65842.1	65526.3	65842.1	
66921.1	68052.6	66921.1	68052.6	66921.1	
67105.3	66657.9	67105.3	66657.9	67105.3	
65710.5	67052.6	65710.5	67052.6	65710.5	
65842.1	65921.1	65842.1	65921.1	65842.1	
64473.7	66184.2	64473.7	66184.2	64473.7	
66315.8	66789.5	66315.8	66789.5	66315.8	
67921.1	65657.9	67921.1	65657.9	67921.1	
66921.1	65447.4	66921.1	65447.4	66921.1	
68184.2	65184.2	68184.2	65184.2	68184.2	
66973.7	66263.2	66973.7	66263.2	66973.7	
66973.7	67184.2	66973.7	67184.2	66973.7	
65789.5	66263.2	65789.5	66263.2	65789.5	
68315.8	66131.6	68315.8	66131.6	68315.8	
68184.2	68236.8	68184.2	68236.8	68184.2	
66263.2	66131.6	66263.2	66131.6	66263.2	
66789.5	66842.1	66789.5	66842.1	66789.5	
65789.5	66394.7	65789.5	66394.7	65789.5	
65315.8	66315.8	65315.8	66315.8	65315.8	
66315.8	66184.2	66315.8	66184.2	66315.8	
65973.7	66315.8	65973.7	66315.8	65973.7	
65710.5	65131.6	65710.5	65131.6	65710.5	
66447.4	66842.1	66447.4	66842.1	66447.4	
66578.9	67236.8	66578.9	67236.8	66578.9	
67631.6	68368.4	67631.6	68368.4	67631.6	
66921.1	66052.6	66921.1	66052.6	66921.1	
64657.9	65710.5	64657.9	65710.5	64657.9	
67052.6	65526.3	67052.6	65526.3	67052.6	
64736.8	65447.4	64736.8	65447.4	64736.8	
66710.5	67315.8	66710.5	67315.8	66710.5	
64052.6	65921.1	64052.6	65921.1	64052.6	
66263.2	67315.8	66263.2	67315.8	66263.2	
66921.1	67236.8	66921.1	67236.8	66921.1	
65263.2	65578.9	65263.2	65578.9	65263.2	
65710.5	65447.4	65710.5	65447.4	65710.5	
65710.5	66657.9	65710.5	66657.9	65710.5	
65578.9	68105.3	65578.9	68105.3	65578.9	
66052.6	66394.7	66052.6	66394.7	66052.6	
68578.9	65921.1	68578.9	65921.1	68578.9	
67315.8	66526.3	67315.8	66526.3	67315.8	
66394.7	65131.6	66394.7	65131.6	66394.7	
67921.1	64789.5	67921.1	64789.5	67921.1	
66578.9	66184.2	66578.9	66184.2	66578.9	
66394.7	68500	66394.7	68500	66394.7	
66131.6	67447.4	66131.6	67447.4	66131.6	
66842.1	67184.2	66842.1	67184.2	66842.1	
69763.2	66710.5	69763.2	66710.5	69763.2	
67368.4	66263.2	67368.4	66263.2	67368.4	
67921.1	67500	67921.1	67500	67921.1	
65263.2	67105.3	65263.2	67105.3	65263.2	
65657.9	64473.7	65657.9	64473.7	65657.9	
66184.2	67842.1	66184.2	67842.1	66184.2	
66973.7	68500	66973.7	68500	66973.7	
67105.3	67315.8	67105.3	67315.8	67105.3	
67368.4	65394.7	67368.4	65394.7	67368.4	
65052.6	66578.9	65052.6	66578.9	65052.6	
66789.5	65447.4	66789.5	65447.4	66789.5	
66657.9	66842.1	66657.9	66842.1	66657.9	
65394.7	66394.7	65394.7	66394.7	65394.7	
66578.9	67184.2	66578.9	67184.2	66578.9	
65394.7	66842.1	65394.7	66842.1	65394.7	
67973.7	67052.6	67973.7	67052.6	67973.7	
65394.7	67368.4	65394.7	67368.4	65394.7	
65315.8	66578.9	65315.8	66578.9	65315.8	
66842.1	66447.4	66842.1	66447.4	66842.1	
67578.9	65789.5	67578.9	65789.5	67578.9	
67500	66263.2	67500	66263.2	67500	
68105.3	66052.6	68105.3	66052.6	68105.3	
67236.8	66315.8	67236.8	66315.8	67236.8	
66710.5	66131.6	66710.5	66131.6	66710.5	
68631.6	65000	68631.6	65000	68631.6	
66526.3	65315.8	66526.3	65315.8	66526.3	
65315.8	66842.1	65315.8	66842.1	65315.8	
66921.1	66447.4	66921.1	66447.4	66921.1	
66394.7	65394.7	66394.7	65394.7	66394.7	
67710.5	66315.8	67710.5	66315.8	67710.5	
67184.2	65657.9	67184.2	65657.9	67184.2	
64184.2	65657.9	64184.2	65657.9	64184.2	
67921.1	67315.8	67921.1	67315.8	67921.1	
65657.9	66657.9	65657.9	66657.9	65657.9	
65789.5	68315.8	65789.5	68315.8	65789.5	
68184.2	66394.7	68184.2	66394.7	68184.2	
65263.2	67578.9	65263.2	67578.9	65263.2	
67368.4	64789.5	67368.4	64789.5	67368.4	
66657.9	66447.4	66657.9	66447.4	66657.9	
66315.8	66526.3	66315.8	66526.3	66315.8	
65921.1	66973.7	65921.1	66973.7	65921.1	
67236.8	66526.3	67236.8	66526.3	67236.8	
66842.1	66578.9	66842.1	66578.9	66842.1	
64184.2	66657.9	64184.2	66657.9	64184.2	
66447.4	67315.8	66447.4	67315.8	66447.4	
65710.5	67447.4	65710.5	67447.4	65710.5	
65973.7	66263.2	65973.7	66263.2	65973.7	
67500	65657.9	67500	65657.9	67500	
64736.8	67789.5	64736.8	67789.5	64736.8	
64526.3	65052.6	64526.3	65052.6	64526.3	
66921.1	67631.6	66921.1	67631.6	66921.1	
65973.7	67315.8	65973.7	67315.8	65973.7	
66789.5	65973.7	66789.5	65973.7	66789.5	
67236.8	65710.5	67236.8	65710.5	67236.8	
64605.3	65000	64605.3	65000	64605.3	
65526.3	67631.6	65526.3	67631.6	65526.3	
67315.8	65710.5	67315.8	65710.5	67315.8	
67052.6	65842.1	67052.6	65842.1	67052.6	
67184.2	66394.7	67184.2	66394.7	67184.2	
68631.6	67631.6	68631.6	67631.6	68631.6	
66973.7	65526.3	66973.7	65526.3	66973.7	
66526.3	65710.5	66526.3	65710.5	66526.3	
66131.6	66052.6	66131.6	66052.6	66131.6	
64473.7	66447.4	64473.7	66447.4	64473.7	
64657.9	67368.4	64657.9	67368.4	64657.9	
66394.7	66315.8	66394.7	66315.8	66394.7	
66263.2	67842.1	66263.2	67842.1	66263.2	
68447.4	66710.5	68447.4	66710.5	68447.4	
67921.1	66131.6	67921.1	66131.6	67921.1	
68105.3	66184.2	68105.3	66184.2	68105.3	
65526.3	65789.5	65526.3	65789.5	65526.3	
66921.1	65315.8	66921.1	65315.8	66921.1	
70026.3	65315.8	70026.3	65315.8	70026.3	
66578.9	66710.5	66578.9	66710.5	66578.9	
66657.9	67447.4	66657.9	67447.4	66657.9	
67368.4	66315.8	67368.4	66315.8	67368.4	
68052.6	66315.8	68052.6	66315.8	68052.6	
68184.2	65000	68184.2	65000	68184.2	
64868.4	65447.4	64868.4	65447.4	64868.4	
67236.8	66184.2	67236.8	66184.2	67236.8	
67789.5	64052.6	67789.5	64052.6	67789.5	
67842.1	65789.5	67842.1	65789.5	67842.1	
66710.5	65394.7	66710.5	65394.7	66710.5	
67710.5	66394.7	67710.5	66394.7	67710.5	
65842.1	66526.3	65842.1	66526.3	65842.1	
67447.4	66921.1	67447.4	66921.1	67447.4	
67052.6	66052.6	67052.6	66052.6	67052.6	
66789.5	66789.5	66789.5	66789.5	66789.5	
63921.1	67500	63921.1	67500	63921.1	
65789.5	66657.9	65789.5	66657.9	65789.5	
66710.5	67500	66710.5	67500	66710.5	
65447.4	68052.6	65447.4	68052.6	65447.4	
65710.5	64263.2	65710.5	64263.2	65710.5	
66447.4	67052.6	66447.4	67052.6	66447.4	
64473.7	67105.3	64473.7	67105.3	64473.7	
66263.2	66921.1	66263.2	66921.1	66263.2	
65447.4	64657.9	65447.4	64657.9	65447.4	
66263.2	65394.7	66263.2	65394.7	66263.2	
66131.6	64789.5	66131.6	64789.5	66131.6	
65921.1	65921.1	65921.1	65921.1	65921.1	
68500	66315.8	68500	66315.8	68500	
64921.1	66657.9	64921.1	66657.9	64921.1	
63210.5	67447.4	63210.5	67447.4	63210.5	
66447.4	66842.1	66447.4	66842.1	66447.4	
65973.7	66789.5	65973.7	66789.5	65973.7	
65263.2	65526.3	65263.2	65526.3	65263.2	
66394.7	67921.1	66394.7	67921.1	66394.7	
67921.1	66052.6	67921.1	66052.6	67921.1	
66657.9	65657.9	66657.9	65657.9	66657.9	
64789.5	66263.2	64789.5	66263.2	64789.5	
66710.5	67368.4	66710.5	67368.4	66710.5	
67921.1	66710.5	67921.1	66710.5	67921.1	
64052.6	64868.4	64052.6	64868.4	64052.6	
66315.8	65973.7	66315.8	65973.7	66315.8	
65263.2	65973.7	65263.2	65973.7	65263.2	
66263.2	68578.9	66263.2	68578.9	66263.2	
65526.3	64000	65526.3	64000	65526.3	
67842.1	66526.3	67842.1	66526.3	67842.1	
66973.7	64657.9	66973.7	64657.9	66973.7	
66842.1	67184.2	66842.1	67184.2	66842.1	
65052.6	65447.4	65052.6	65447.4	65052.6	
66710.5	66710.5	66710.5	66710.5	66710.5	
67184.2	66657.9	67184.2	66657.9	67184.2	
66394.7	67052.6	66394.7	67052.6	66394.7	
65000	66578.9	65000	66578.9	65000	
67368.4	65447.4	67368.4	65447.4	67368.4	
66789.5	66657.9	66789.5	66657.9	66789.5	
68052.6	66184.2	68052.6	66184.2	68052.6	
65000	63868.4	65000	63868.4	65000	
64736.8	64736.8	64736.8	64736.8	64736.8	
65131.6	65578.9	65131.6	65578.9	65131.6	
66526.3	66315.8	66526.3	66315.8	66526.3	
65315.8	65447.4	65315.8	65447.4	65315.8	
67789.5	67315.8	67789.5	67315.8	67789.5	
67105.3	64605.3	67105.3	64605.3	67105.3	
64526.3	64736.8	64526.3	64736.8	64526.3	
67578.9	67789.5	67578.9	67789.5	67578.9	
67236.8	66526.3	67236.8	66526.3	67236.8	
66526.3	65578.9	66526.3	65578.9	66526.3	
67631.6	66526.3	67631.6	66526.3	67631.6	
65131.6	64868.4	65131.6	64868.4	65131.6	
65973.7	65447.4	65973.7	65447.4	65973.7	
68500	64394.7	68500	64394.7	68500	
66526.3	64605.3	66526.3	64605.3	66526.3	
66973.7	67315.8	66973.7	67315.8	66973.7	
67315.8	65447.4	67315.8	65447.4	67315.8	
67447.4	65842.1	67447.4	65842.1	67447.4	
66710.5	66394.7	66710.5	66394.7	66710.5	
67184.2	66394.7	67184.2	66394.7	67184.2	
68500	66394.7	68500	66394.7	68500	
64131.6	65447.4	64131.6	65447.4	64131.6	
67368.4	68842.1	67368.4	68842.1	67368.4	
65447.4	67368.4	65447.4	67368.4	65447.4	
65789.5	66578.9	65789.5	66578.9	65789.5	
66710.5	65789.5	66710.5	65789.5	66710.5	
66789.5	66131.6	66789.5	66131.6	66789.5	
65789.5	67973.7	65789.5	67973.7	65789.5	
63868.4	65789.5	63868.4	65789.5	63868.4	
66710.5	66447.4	66710.5	66447.4	66710.5	
65052.6	65131.6	65052.6	65131.6	65052.6	
66657.9	65657.9	66657.9	65657.9	66657.9	
66052.6	66973.7	66052.6	66973.7	66052.6	
66789.5	65131.6	66789.5	65131.6	66789.5	
66263.2	67973.7	66263.2	67973.7	66263.2	
65657.9	64921.1	65657.9	64921.1	65657.9	
66973.7	65447.4	66973.7	65447.4	66973.7	
64868.4	66526.3	64868.4	66526.3	64868.4	
67184.2	64921.1	67184.2	64921.1	67184.2	
66131.6	65789.5	66131.6	65789.5	66131.6	
65447.4	66657.9	65447.4	66657.9	65447.4	
65315.8	65842.1	65315.8	65842.1	65315.8	
65184.2	65710.5	65184.2	65710.5	65184.2	
66184.2	66921.1	66184.2	66921.1	66184.2	
65394.7	67631.6	65394.7	67631.6	65394.7	
66394.7	68052.6	66394.7	68052.6	66394.7	
66578.9	66052.6	66578.9	66052.6	66578.9	
64789.5	66921.1	64789.5	66921.1	64789.5	
64131.6	65921.1	64131.6	65921.1	64131.6	
67052.6	64052.6	67052.6	64052.6	67052.6	
66710.5	68105.3	66710.5	68105.3	66710.5	
65657.9	66842.1	65657.9	66842.1	65657.9	
66184.2	65526.3	66184.2	65526.3	66184.2	
66394.7	65315.8	66394.7	65315.8	66394.7	
66394.7	67052.6	66394.7	67052.6	66394.7	
64000	67842.1	64000	67842.1	64000	
66921.1	65000	66921.1	65000	66921.1	
66921.1	65657.9	66921.1	65657.9	66921.1	
65394.7	65657.9	65394.7	65657.9	65394.7	
66184.2	66921.1	66184.2	66921.1	66184.2	
64736.8	66789.5	64736.8	66789.5	64736.8	
65526.3	64184.2	65526.3	64184.2	65526.3	
67500	66394.7	67500	66394.7	67500	
67578.9	66131.6	67578.9	66131.6	67578.9	
66394.7	66842.1	66394.7	66842.1	66394.7	
66447.4	67052.6	66447.4	67052.6	66447.4	
65263.2	65394.7	65263.2	65394.7	65263.2	
65578.9	66447.4	65578.9	66447.4	65578.9	
65052.6	68315.8	65052.6	68315.8	65052.6	
67368.4	66973.7	67368.4	66973.7	67368.4	
65578.9	65184.2	65578.9	65184.2	65578.9	
67368.4	65842.1	67368.4	65842.1	67368.4	
64736.8	65052.6	64736.8	65052.6	64736.8	
63526.3	64789.5	63526.3	64789.5	63526.3	
65921.1	66657.9	65921.1	66657.9	65921.1	
65789.5	66921.1	65789.5	66921.1	65789.5	
68184.2	66842.1	68184.2	66842.1	68184.2	
66052.6	66578.9	66052.6	66578.9	66052.6	
65184.2	66447.4	65184.2	66447.4	65184.2	
66263.2	66447.4	66263.2	66447.4	66263.2	
65789.5	66447.4	65789.5	66447.4	65789.5	
66315.8	66973.7	66315.8	66973.7	66315.8	
65657.9	66710.5	65657.9	66710.5	65657.9	
65315.8	65842.1	65315.8	65842.1	65315.8	
65447.4	66263.2	65447.4	66263.2	65447.4	
65789.5	67447.4	65789.5	67447.4	65789.5	
66184.2	64131.6	66184.2	64131.6	66184.2	
65710.5	65578.9	65710.5	65578.9	65710.5	
67921.1	67368.4	67921.1	67368.4	67921.1	
64657.9	66394.7	64657.9	66394.7	64657.9	
66842.1	66973.7	66842.1	66973.7	66842.1	
64657.9	66526.3	64657.9	66526.3	64657.9	
65973.7	65921.1	65973.7	65921.1	65973.7	
67500	65526.3	67500	65526.3	67500	
65710.5	65526.3	65710.5	65526.3	65710.5	
66315.8	66921.1	66315.8	66921.1	66315.8	
63736.8	67315.8	63736.8	67315.8	63736.8	
67052.6	64657.9	67052.6	64657.9	67052.6	
66394.7	65657.9	66394.7	65657.9	66394.7	
65842.1	66973.7	65842.1	66973.7	65842.1	
67631.6	65789.5	67631.6	65789.5	67631.6	
65000	63473.7	65000	63473.7	65000	
65710.5	67447.4	65710.5	67447.4	65710.5	
67368.4	67315.8	67368.4	67315.8	67368.4	
65921.1	68368.4	65921.1	68368.4	65921.1	
66184.2	66842.1	66184.2	66842.1	66184.2	
66578.9	66184.2	66578.9	66184.2	66578.9	
65578.9	66315.8	65578.9	66315.8	65578.9	
68184.2	65842.1	68184.2	65842.1	68184.2	
65447.4	66657.9	65447.4	66657.9	65447.4	
64394.7	67789.5	64394.7	67789.5	64394.7	
65657.9	65315.8	65657.9	65315.8	65657.9	
66842.1	66842.1	66842.1	66842.1	66842.1	
65526.3	65789.5	65526.3	65789.5	65526.3	
65447.4	68184.2	65447.4	68184.2	65447.4	
64526.3	66921.1	64526.3	66921.1	64526.3	
65184.2	64184.2	65184.2	64184.2	65184.2	
64184.2	67631.6	64184.2	67631.6	64184.2	
65263.2	68184.2	65263.2	68184.2	65263.2	
66263.2	66842.1	66263.2	66842.1	66263.2	
64868.4	66052.6	64868.4	66052.6	64868.4	
66263.2	66973.7	66263.2	66973.7	66263.2	
65263.2	69236.8	65263.2	69236.8	65263.2	
64868.4	66052.6	64868.4	66052.6	64868.4	
66131.6	65000	66131.6	65000	66131.6	
65973.7	65263.2	65973.7	65263.2	65973.7	
68236.8	65315.8	68236.8	65315.8	68236.8	
65921.1	67789.5	65921.1	67789.5	65921.1	
65710.5	66184.2	65710.5	66184.2	65710.5	
66842.1	65526.3	66842.1	65526.3	66842.1	
65315.8	66184.2	65315.8	66184.2	65315.8	
68710.5	67105.3	68710.5	67105.3	68710.5	
65842.1	66394.7	65842.1	66394.7	65842.1	
65842.1	65447.4	65842.1	65447.4	65842.1	
66315.8	66447.4	66315.8	66447.4	66315.8	
66842.1	66657.9	66842.1	66657.9	66842.1	
65921.1	65657.9	65921.1	65657.9	65921.1	
67236.8	65921.1	67236.8	65921.1	67236.8	
67105.3	66263.2	67105.3	66263.2	67105.3	
65000	65184.2	65000	65184.2	65000	
68315.8	65657.9	68315.8	65657.9	68315.8	
65710.5	65973.7	65710.5	65973.7	65710.5	
66394.7	65973.7	66394.7	65973.7	66394.7	
66315.8	65315.8	66315.8	65315.8	66315.8	
67921.1	65184.2	67921.1	65184.2	67921.1	
66526.3	65973.7	66526.3	65973.7	66526.3	
67447.4	64526.3	67447.4	64526.3	67447.4	
65000	65184.2	65000	65184.2	65000	
66315.8	66710.5	66315.8	66710.5	66315.8	
67105.3	64789.5	67105.3	64789.5	67105.3	
66263.2	67184.2	66263.2	67184.2	66263.2	
66710.5	66447.4	66710.5	66447.4	66710.5	
67105.3	65184.2	67105.3	65184.2	67105.3	
66315.8	66131.6	66315.8	66131.6	66315.8	
65657.9	65394.7	65657.9	65394.7	65657.9	
66789.5	64605.3	66789.5	64605.3	66789.5	
66526.3	67184.2	66526.3	67184.2	66526.3	
66447.4	66789.5	66447.4	66789.5	66447.4	
67368.4	65657.9	67368.4	65657.9	67368.4	
66921.1	65973.7	66921.1	65973.7	66921.1	
67052.6	66394.7	67052.6	66394.7	67052.6	
66131.6	65921.1	66131.6	65921.1	66131.6	
66263.2	65710.5	66263.2	65710.5	66263.2	
66842.1	65710.5	66842.1	65710.5	66842.1	
66447.4	65447.4	66447.4	65447.4	66447.4	
66131.6	66315.8	66131.6	66315.8	66131.6	
64184.2	65184.2	64184.2	65184.2	64184.2	
67184.2	64921.1	67184.2	64921.1	67184.2	
64868.4	66263.2	64868.4	66263.2	64868.4	
67315.8	65710.5	67315.8	65710.5	67315.8	
67631.6	68315.8	67631.6	68315.8	67631.6	
65657.9	67578.9	65657.9	67578.9	65657.9	
67105.3	65842.1	67105.3	65842.1	67105.3	
67447.4	66526.3	67447.4	66526.3	67447.4	
65710.5	66394.7	65710.5	66394.7	65710.5	
66315.8	66789.5	66315.8	66789.5	66315.8	
67052.6	66789.5	67052.6	66789.5	67052.6	
67368.4	66184.2	67368.4	66184.2	67368.4	
67105.3	66263.2	67105.3	66263.2	67105.3	
67052.6	67236.8	67052.6	67236.8	67052.6	
65000	65184.2	65000	65184.2	65000	
65052.6	66131.6	65052.6	66131.6	65052.6	
66447.4	66921.1	66447.4	66921.1	66447.4	
69105.3	65447.4	69105.3	65447.4	69105.3	
65052.6	65710.5	65052.6	65710.5	65052.6	
66578.9	66394.7	66578.9	66394.7	66578.9	
65789.5	65657.9	65789.5	65657.9	65789.5	
66131.6	65526.3	66131.6	65526.3	66131.6	
67052.6	67052.6	67052.6	67052.6	67052.6	
67105.3	66263.2	67105.3	66263.2	67105.3	
67105.3	66052.6	67105.3	66052.6	67105.3	
66578.9	67315.8	66578.9	67315.8	66578.9	
68578.9	69631.6	68578.9	69631.6	68578.9	
65710.5	67842.1	65710.5	67842.1	65710.5	
65526.3	66657.9	65526.3	66657.9	65526.3	
66710.5	66710.5	66710.5	66710.5	66710.5	
66447.4	66394.7	66447.4	66394.7	66447.4	
65447.4	66921.1	65447.4	66921.1	65447.4	
66657.9	68368.4	66657.9	68368.4	66657.9	
67368.4	66578.9	67368.4	66578.9	67368.4	
67315.8	64657.9	67315.8	64657.9	67315.8	
65973.7	65921.1	65973.7	65921.1	65973.7	
66526.3	67789.5	66526.3	67789.5	66526.3	
65657.9	65842.1	65657.9	65842.1	65657.9	
65394.7	66315.8	65394.7	66315.8	65394.7	
65578.9	66789.5	65578.9	66789.5	65578.9	
65710.5	65315.8	65710.5	65315.8	65710.5	
67184.2	66526.3	67184.2	66526.3	67184.2	
66394.7	65131.6	66394.7	65131.6	66394.7	
65447.4	65000	65447.4	65000	65447.4	
67631.6	66131.6	67631.6	66131.6	67631.6	
65973.7	66710.5	65973.7	66710.5	65973.7	
66973.7	67315.8	66973.7	67315.8	66973.7	
66315.8	67315.8	66315.8	67315.8	66315.8	
66394.7	66447.4	66394.7	66447.4	66394.7	
65789.5	68184.2	65789.5	68184.2	65789.5	
67052.6	66394.7	67052.6	66394.7	67052.6	
67842.1	66526.3	67842.1	66526.3	67842.1	
65921.1	66131.6	65921.1	66131.6	65921.1	
65789.5	67578.9	65789.5	67578.9	65789.5	
67368.4	65394.7	67368.4	65394.7	67368.4	
66921.1	67236.8	66921.1	67236.8	66921.1	
65973.7	66394.7	65973.7	66394.7	65973.7	
65842.1	65921.1	65842.1	65921.1	65842.1	
64184.2	64789.5	64184.2	64789.5	64184.2	
65921.1	65842.1	65921.1	65842.1	65921.1	
65131.6	66394.7	65131.6	66394.7	65131.6	
66921.1	65394.7	66921.1	65394.7	66921.1	
65657.9	67052.6	65657.9	67052.6	65657.9	
66315.8	67105.3	66315.8	67105.3	66315.8	
64657.9	66710.5	64657.9	66710.5	64657.9	
66526.3	66447.4	66526.3	66447.4	66526.3	
67789.5	66394.7	67789.5	66394.7	67789.5	
67184.2	64921.1	67184.2	64921.1	67184.2	
67500	66315.8	67500	66315.8	67500	
64394.7	67184.2	64394.7	67184.2	64394.7	
65315.8	65710.5	65315.8	65710.5	65315.8	
64000	66842.1	64000	66842.1	64000	
65526.3	65052.6	65526.3	65052.6	65526.3	
66657.9	65131.6	66657.9	65131.6	66657.9	
66394.7	68052.6	66394.7	68052.6	66394.7	
66842.1	66131.6	66842.1	66131.6	66842.1	
66842.1	65131.6	66842.1	65131.6	66842.1	
68184.2	66315.8	68184.2	66315.8	68184.2	
66578.9	64263.2	66578.9	64263.2	66578.9	
65394.7	66526.3	65394.7	66526.3	65394.7	
65921.1	67921.1	65921.1	67921.1	65921.1	
66447.4	67842.1	66447.4	67842.1	66447.4	
67368.4	66578.9	67368.4	66578.9	67368.4	
66710.5	66578.9	66710.5	66578.9	66710.5	
65447.4	66657.9	65447.4	66657.9	65447.4	
68236.8	66710.5	68236.8	66710.5	68236.8	
66394.7	66789.5	66394.7	66789.5	66394.7	
65657.9	66184.2	65657.9	66184.2	65657.9	
64789.5	67500	64789.5	67500	64789.5	
66657.9	66447.4	66657.9	66447.4	66657.9	
66447.4	66657.9	66447.4	66657.9	66447.4	
65394.7	65973.7	65394.7	65973.7	65394.7	
66789.5	65710.5	66789.5	65710.5	66789.5	
65789.5	65973.7	65789.5	65973.7	65789.5	
67105.3	68105.3	67105.3	68105.3	67105.3	
65184.2	68842.1	65184.2	68842.1	65184.2	
65973.7	64789.5	65973.7	64789.5	65973.7	
66526.3	67578.9	66526.3	67578.9	66526.3	
67236.8	66263.2	67236.8	66263.2	67236.8	
66184.2	66657.9	66184.2	66657.9	66184.2	
65710.5	65973.7	65710.5	65973.7	65710.5	
67710.5	67236.8	67710.5	67236.8	67710.5	
66131.6	65447.4	66131.6	65447.4	66131.6	
66131.6	66131.6	66131.6	66131.6	66131.6	
65842.1	67368.4	65842.1	67368.4	65842.1	
67578.9	66789.5	67578.9	66789.5	67578.9	
66184.2	65842.1	66184.2	65842.1	66184.2	
65921.1	67184.2	65921.1	67184.2	65921.1	
65526.3	67368.4	65526.3	67368.4	65526.3	
66447.4	63921.1	66447.4	63921.1	66447.4	
65973.7	65184.2	65973.7	65184.2	65973.7	
65447.4	66710.5	65447.4	66710.5	65447.4	
66526.3	65789.5	66526.3	65789.5	66526.3	
77473.7	75473.7	77473.7	75473.7	77473.7	
66657.9	69105.3	66657.9	69105.3	66657.9	
65052.6	66394.7	65052.6	66394.7	65052.6	
64263.2	66263.2	64263.2	66263.2	64263.2	
65710.5	65394.7	65710.5	65394.7	65710.5	
66315.8	64526.3	66315.8	64526.3	66315.8	
65526.3	65184.2	65526.3	65184.2	65526.3	
65657.9	66184.2	65657.9	66184.2	65657.9	
66710.5	65710.5	66710.5	65710.5	66710.5	
65973.7	66263.2	65973.7	66263.2	65973.7	
65526.3	64315.8	65526.3	64315.8	65526.3	
66052.6	64263.2	66052.6	64263.2	66052.6	
67447.4	66131.6	67447.4	66131.6	67447.4	
64394.7	66657.9	64394.7	66657.9	64394.7	
66657.9	64394.7	66657.9	64394.7	66657.9	
64736.8	65710.5	64736.8	65710.5	64736.8	
64736.8	66447.4	64736.8	66447.4	64736.8	
66052.6	66052.6	66052.6	66052.6	66052.6	
66526.3	66710.5	66526.3	66710.5	66526.3	
65394.7	66394.7	65394.7	66394.7	65394.7	
67631.6	65052.6	67631.6	65052.6	67631.6	
66447.4	66789.5	66447.4	66789.5	66447.4	
65000	65394.7	65000	65394.7	65000	
64789.5	65710.5	64789.5	65710.5	64789.5	
66394.7	66184.2	66394.7	66184.2	66394.7	
66447.4	66184.2	66447.4	66184.2	66447.4	
66921.1	65973.7	66921.1	65973.7	66921.1	
63789.5	65973.7	63789.5	65973.7	63789.5	
66710.5	67052.6	66710.5	67052.6	66710.5	
69105.3	66263.2	69105.3	66263.2	69105.3	
65052.6	64789.5	65052.6	64789.5	65052.6	
66842.1	67315.8	66842.1	67315.8	66842.1	
64263.2	65447.4	64263.2	65447.4	64263.2	
67710.5	65052.6	67710.5	65052.6	67710.5	
65578.9	66131.6	65578.9	66131.6	65578.9	
66842.1	66052.6	66842.1	66052.6	66842.1	
65921.1	67710.5	65921.1	67710.5	65921.1	
67236.8	66131.6	67236.8	66131.6	67236.8	
66315.8	67368.4	66315.8	67368.4	66315.8	
65657.9	65789.5	65657.9	65789.5	65657.9	
64736.8	66973.7	64736.8	66973.7	64736.8	
66131.6	67105.3	66131.6	67105.3	66131.6	
65973.7	65921.1	65973.7	65921.1	65973.7	
66447.4	65394.7	66447.4	65394.7	66447.4	
65315.8	66052.6	65315.8	66052.6	65315.8	
67789.5	65052.6	67789.5	65052.6	67789.5	
66052.6	66447.4	66052.6	66447.4	66052.6	
65315.8	63868.4	65315.8	63868.4	65315.8	
65184.2	65973.7	65184.2	65973.7	65184.2	
66052.6	67500	66052.6	67500	66052.6	
66263.2	66710.5	66263.2	66710.5	66263.2	
65263.2	65184.2	65263.2	65184.2	65263.2	
65263.2	66131.6	65263.2	66131.6	65263.2	
64789.5	65447.4	64789.5	65447.4	64789.5	
66052.6	65973.7	66052.6	65973.7	66052.6	
64921.1	66789.5	64921.1	66789.5	64921.1	
69105.3	67447.4	69105.3	67447.4	69105.3	
66184.2	66315.8	66184.2	66315.8	66184.2	
68710.5	67052.6	68710.5	67052.6	68710.5	
67368.4	65973.7	67368.4	65973.7	67368.4	
63342.1	66263.2	63342.1	66263.2	63342.1	
68105.3	66447.4	68105.3	66447.4	68105.3	
66131.6	67631.6	66131.6	67631.6	66131.6	
66184.2	67315.8	66184.2	67315.8	66184.2	
68052.6	65052.6	68052.6	65052.6	68052.6	
68763.2	65973.7	68763.2	65973.7	68763.2	
65710.5	66526.3	65710.5	66526.3	65710.5	
65131.6	64184.2	65131.6	64184.2	65131.6	
66657.9	64657.9	66657.9	64657.9	66657.9	
66263.2	65263.2	66263.2	65263.2	66263.2	
65394.7	66657.9	65394.7	66657.9	65394.7	
64657.9	64131.6	64657.9	64131.6	64657.9	
64000	66184.2	64000	66184.2	64000	
65000	65184.2	65000	65184.2	65000	
68105.3	67105.3	68105.3	67105.3	68105.3	
66394.7	66447.4	66394.7	66447.4	66394.7	
65710.5	67052.6	65710.5	67052.6	65710.5	
65789.5	65315.8	65789.5	65315.8	65789.5	
65263.2	65578.9	65263.2	65578.9	65263.2	
67447.4	64473.7	67447.4	64473.7	67447.4	
65263.2	67578.9	65263.2	67578.9	65263.2	
66131.6	67710.5	66131.6	67710.5	66131.6	
63263.2	66842.1	63263.2	66842.1	63263.2	
67368.4	66447.4	67368.4	66447.4	67368.4	
66973.7	64736.8	66973.7	64736.8	66973.7	
64868.4	65973.7	64868.4	65973.7	64868.4	
65921.1	67368.4	65921.1	67368.4	65921.1	
66789.5	66052.6	66789.5	66052.6	66789.5	
65657.9	66526.3	65657.9	66526.3	65657.9	
67578.9	65131.6	67578.9	65131.6	67578.9	
66263.2	66263.2	66263.2	66263.2	66263.2	
67052.6	66315.8	67052.6	66315.8	67052.6	
67315.8	65131.6	67315.8	65131.6	67315.8	
65052.6	66263.2	65052.6	66263.2	65052.6	
64789.5	66921.1	64789.5	66921.1	64789.5	
65578.9	65842.1	65578.9	65842.1	65578.9	
66263.2	68184.2	66263.2	68184.2	66263.2	
64657.9	65973.7	64657.9	65973.7	64657.9	
65526.3	65184.2	65526.3	65184.2	65526.3	
67105.3	65394.7	67105.3	65394.7	67105.3	
65394.7	66578.9	65394.7	66578.9	65394.7	
65315.8	63657.9	65315.8	63657.9	65315.8	
66789.5	66657.9	66789.5	66657.9	66789.5	
65131.6	65184.2	65131.6	65184.2	65131.6	
66578.9	65973.7	66578.9	65973.7	66578.9	
66526.3	65394.7	66526.3	65394.7	66526.3	
65789.5	66710.5	65789.5	66710.5	65789.5	
65447.4	66315.8	65447.4	66315.8	65447.4	
65052.6	65315.8	65052.6	65315.8	65052.6	
66710.5	67578.9	66710.5	67578.9	66710.5	
65973.7	64657.9	65973.7	64657.9	65973.7	
65921.1	65315.8	65921.1	65315.8	65921.1	
65973.7	66052.6	65973.7	66052.6	65973.7	
65657.9	65526.3	65657.9	65526.3	65657.9	
67315.8	64657.9	67315.8	64657.9	67315.8	
65842.1	64131.6	65842.1	64131.6	65842.1	
66131.6	64052.6	66131.6	64052.6	66131.6	
66394.7	65263.2	66394.7	65263.2	66394.7	
66657.9	66315.8	66657.9	66315.8	66657.9	
67447.4	67184.2	67447.4	67184.2	67447.4	
66184.2	67973.7	66184.2	67973.7	66184.2	
65526.3	65842.1	65526.3	65842.1	65526.3	
65131.6	66315.8	65131.6	66315.8	65131.6	
67500	66842.1	67500	66842.1	67500	
65789.5	65263.2	65789.5	65263.2	65789.5	
65973.7	68184.2	65973.7	68184.2	65973.7	
63789.5	66052.6	63789.5	66052.6	63789.5	
65710.5	65263.2	65710.5	65263.2	65710.5	
65842.1	66710.5	65842.1	66710.5	65842.1	
67368.4	65526.3	67368.4	65526.3	67368.4	
67447.4	67368.4	67447.4	67368.4	67447.4	
64789.5	67500	64789.5	67500	64789.5	
65973.7	65526.3	65973.7	65526.3	65973.7	
66578.9	67052.6	66578.9	67052.6	66578.9	
64868.4	65526.3	64868.4	65526.3	64868.4	
66710.5	66578.9	66710.5	66578.9	66710.5	
64605.3	66131.6	64605.3	66131.6	64605.3	
67184.2	65263.2	67184.2	65263.2	67184.2	
66315.8	66657.9	66315.8	66657.9	66315.8	
66131.6	65000	66131.6	65000	66131.6	
65447.4	64473.7	65447.4	64473.7	65447.4	
67052.6	65526.3	67052.6	65526.3	67052.6	
67368.4	65921.1	67368.4	65921.1	67368.4	
67236.8	66973.7	67236.8	66973.7	67236.8	
66315.8	65921.1	66315.8	65921.1	66315.8	
67578.9	65921.1	67578.9	65921.1	67578.9	
66263.2	67789.5	66263.2	67789.5	66263.2	
66184.2	67315.8	66184.2	67315.8	66184.2	
64921.1	66789.5	64921.1	66789.5	64921.1	
66052.6	65710.5	66052.6	65710.5	66052.6	
67447.4	64526.3	67447.4	64526.3	67447.4	
66657.9	67315.8	66657.9	67315.8	66657.9	
67447.4	66263.2	67447.4	66263.2	67447.4	
65184.2	66789.5	65184.2	66789.5	65184.2	
67105.3	66526.3	67105.3	66526.3	67105.3	
66973.7	65789.5	66973.7	65789.5	66973.7	
64736.8	65578.9	64736.8	65578.9	64736.8	
66447.4	65184.2	66447.4	65184.2	66447.4	
66394.7	66131.6	66394.7	66131.6	66394.7	
66842.1	66789.5	66842.1	66789.5	66842.1	
66921.1	65657.9	66921.1	65657.9	66921.1	
65789.5	66710.5	65789.5	66710.5	65789.5	
65052.6	66263.2	65052.6	66263.2	65052.6	
66315.8	65921.1	66315.8	65921.1	66315.8	
68315.8	66131.6	68315.8	66131.6	68315.8	
65657.9	66657.9	65657.9	66657.9	65657.9	
66578.9	67710.5	66578.9	67710.5	66578.9	
63921.1	66789.5	63921.1	66789.5	63921.1	
67500	65447.4	67500	65447.4	67500	
65842.1	66973.7	65842.1	66973.7	65842.1	
68105.3	66447.4	68105.3	66447.4	68105.3	
65789.5	66447.4	65789.5	66447.4	65789.5	
66052.6	65578.9	66052.6	65578.9	66052.6	
66921.1	65184.2	66921.1	65184.2	66921.1	
64315.8	66789.5	64315.8	66789.5	64315.8	
65842.1	68236.8	65842.1	68236.8	65842.1	
65921.1	66526.3	65921.1	66526.3	65921.1	
65263.2	66315.8	65263.2	66315.8	65263.2	
66842.1	65842.1	66842.1	65842.1	66842.1	
66657.9	64657.9	66657.9	64657.9	66657.9	
63921.1	64868.4	63921.1	64868.4	63921.1	
66263.2	66394.7	66263.2	66394.7	66263.2	
65789.5	66184.2	65789.5	66184.2	65789.5	
66447.4	66315.8	66447.4	66315.8	66447.4	
66710.5	65973.7	66710.5	65973.7	66710.5	
66447.4	65710.5	66447.4	65710.5	66447.4	
66131.6	66052.6	66131.6	66052.6	66131.6	
66578.9	64526.3	66578.9	64526.3	66578.9	
66263.2	67105.3	66263.2	67105.3	66263.2	
65052.6	66394.7	65052.6	66394.7	65052.6	
64394.7	66657.9	64394.7	66657.9	64394.7	
65131.6	66315.8	65131.6	66315.8	65131.6	
66052.6	65131.6	66052.6	65131.6	66052.6	
66921.1	66184.2	66921.1	66184.2	66921.1	
66973.7	65526.3	66973.7	65526.3	66973.7	
67973.7	65657.9	67973.7	65657.9	67973.7	
66921.1	65131.6	66921.1	65131.6	66921.1	
65394.7	65447.4	65394.7	65447.4	65394.7	
65263.2	66789.5	65263.2	66789.5	65263.2	
66921.1	67631.6	66921.1	67631.6	66921.1	
66447.4	64657.9	66447.4	64657.9	66447.4	
66578.9	66789.5	66578.9	66789.5	66578.9	
65447.4	65315.8	65447.4	65315.8	65447.4	
65789.5	66263.2	65789.5	66263.2	65789.5	
66184.2	66184.2	66184.2	66184.2	66184.2	
64526.3	65315.8	64526.3	65315.8	64526.3	
66710.5	67184.2	66710.5	67184.2	66710.5	
66657.9	66184.2	66657.9	66184.2	66657.9	
68710.5	66263.2	68710.5	66263.2	68710.5	
66394.7	66131.6	66394.7	66131.6	66394.7	
65657.9	65526.3	65657.9	65526.3	65657.9	
66526.3	66447.4	66526.3	66447.4	66526.3	
68184.2	65710.5	68184.2	65710.5	68184.2	
66973.7	64921.1	66973.7	64921.1	66973.7	
66710.5	66578.9	66710.5	66578.9	66710.5	
65578.9	66052.6	65578.9	66052.6	65578.9	
65710.5	66526.3	65710.5	66526.3	65710.5	
66710.5	67052.6	66710.5	67052.6	66710.5	
68894.7	67315.8	68894.7	67315.8	68894.7	
65710.5	65000	65710.5	65000	65710.5	
66710.5	67236.8	66710.5	67236.8	66710.5	
65973.7	66657.9	65973.7	66657.9	65973.7	
66263.2	67052.6	66263.2	67052.6	66263.2	
64657.9	68105.3	64657.9	68105.3	64657.9	
65842.1	64315.8	65842.1	64315.8	65842.1	
65052.6	64657.9	65052.6	64657.9	65052.6	
66657.9	67236.8	66657.9	67236.8	66657.9	
67184.2	65973.7	67184.2	65973.7	67184.2	
66921.1	66921.1	66921.1	66921.1	66921.1	
65789.5	65447.4	65789.5	65447.4	65789.5	
66184.2	65578.9	66184.2	65578.9	66184.2	
66315.8	65184.2	66315.8	65184.2	66315.8	
66578.9	66657.9	66578.9	66657.9	66578.9	
66315.8	65394.7	66315.8	65394.7	66315.8	
65657.9	67973.7	65657.9	67973.7	65657.9	
65710.5	66578.9	65710.5	66578.9	65710.5	
66710.5	63473.7	66710.5	63473.7	66710.5	
66710.5	67105.3	66710.5	67105.3	66710.5	
66184.2	64921.1	66184.2	64921.1	66184.2	
65447.4	66315.8	65447.4	66315.8	65447.4	
67710.5	67368.4	67710.5	67368.4	67710.5	
66263.2	66315.8	66263.2	66315.8	66263.2	
67052.6	67236.8	67052.6	67236.8	67052.6	
67052.6	66394.7	67052.6	66394.7	67052.6	
67842.1	66842.1	67842.1	66842.1	67842.1	
66710.5	65657.9	66710.5	65657.9	66710.5	
66131.6	66315.8	66131.6	66315.8	66131.6	
66657.9	65973.7	66657.9	65973.7	66657.9	
65842.1	65657.9	65842.1	65657.9	65842.1	
64921.1	65921.1	64921.1	65921.1	64921.1	
65973.7	64000	65973.7	64000	65973.7	
66447.4	66710.5	66447.4	66710.5	66447.4	
65789.5	64789.5	65789.5	64789.5	65789.5	
65921.1	64526.3	65921.1	64526.3	65921.1	
67052.6	68763.2	67052.6	68763.2	67052.6	
66657.9	66842.1	66657.9	66842.1	66657.9	
67447.4	64789.5	67447.4	64789.5	67447.4	
66842.1	66973.7	66842.1	66973.7	66842.1	
65315.8	65526.3	65315.8	65526.3	65315.8	
64657.9	65657.9	64657.9	65657.9	64657.9	
65131.6	66578.9	65131.6	66578.9	65131.6	
66447.4	66184.2	66447.4	66184.2	66447.4	
64184.2	66789.5	64184.2	66789.5	64184.2	
65921.1	64473.7	65921.1	64473.7	65921.1	
65710.5	66921.1	65710.5	66921.1	65710.5	
65578.9	66973.7	65578.9	66973.7	65578.9	
68368.4	67052.6	68368.4	67052.6	68368.4	
67500	66526.3	67500	66526.3	67500	
66921.1	66447.4	66921.1	66447.4	66921.1	
65842.1	66842.1	65842.1	66842.1	65842.1	
66842.1	66263.2	66842.1	66263.2	66842.1	
67184.2	65578.9	67184.2	65578.9	67184.2	
67710.5	66394.7	67710.5	66394.7	67710.5	
65263.2	66789.5	65263.2	66789.5	65263.2	
65789.5	64736.8	65789.5	64736.8	65789.5	
66447.4	65184.2	66447.4	65184.2	66447.4	
65394.7	65789.5	65394.7	65789.5	65394.7	
64315.8	66184.2	64315.8	66184.2	64315.8	
65000	64131.6	65000	64131.6	65000	
67105.3	66315.8	67105.3	66315.8	67105.3	
67052.6	67315.8	67052.6	67315.8	67052.6	
64263.2	67631.6	64263.2	67631.6	64263.2	
66131.6	66394.7	66131.6	66394.7	66131.6	
64736.8	67447.4	64736.8	67447.4	64736.8	
65263.2	64868.4	65263.2	64868.4	65263.2	
65184.2	64657.9	65184.2	64657.9	65184.2	
65184.2	64657.9	65184.2	64657.9	65184.2	
65184.2	64657.9	65184.2	64657.9	65184.2	
