435.897	435.897	435.897	435.897	435.897	
732128	732128	732128	732128	732128	
53102.6	53359	53102.6	53359	53102.6	
52974.4	53230.8	52974.4	53230.8	52974.4	
53692.3	51102.6	53692.3	51102.6	53692.3	
53307.7	52282.1	53307.7	52282.1	53307.7	
51179.5	52846.2	51179.5	52846.2	51179.5	
53897.4	53051.3	53897.4	53051.3	53897.4	
51564.1	53102.6	51564.1	53102.6	51564.1	
53051.3	54589.7	53051.3	54589.7	53051.3	
53897.4	52461.5	53897.4	52461.5	53897.4	
53512.8	53692.3	53512.8	53692.3	53512.8	
55384.6	54153.8	55384.6	54153.8	55384.6	
54589.7	54846.2	54589.7	54846.2	54589.7	
54410.3	55948.7	54410.3	55948.7	54410.3	
55000	56333.3	55000	56333.3	55000	
56205.1	55769.2	56205.1	55769.2	56205.1	
55692.3	56923.1	55692.3	56923.1	55692.3	
56871.8	54923.1	56871.8	54923.1	56871.8	
59000	58359	59000	58359	59000	
58871.8	57769.2	58871.8	57769.2	58871.8	
58487.2	60666.7	58487.2	60666.7	58487.2	
61846.2	60230.8	61846.2	60230.8	61846.2	
60359	59897.4	60359	59897.4	60359	
60743.6	62487.2	60743.6	62487.2	60743.6	
60025.6	61589.7	60025.6	61589.7	60025.6	
60487.2	61846.2	60487.2	61846.2	60487.2	
64487.2	60487.2	64487.2	60487.2	64487.2	
61974.4	63128.2	61974.4	63128.2	61974.4	
61897.4	63897.4	61897.4	63897.4	61897.4	
63589.7	61256.4	63589.7	61256.4	63589.7	
59846.2	64102.6	59846.2	64102.6	59846.2	
63000	61128.2	63000	61128.2	63000	
63641	64230.8	63641	64230.8	63641	
63512.8	65128.2	63512.8	65128.2	63512.8	
64871.8	64487.2	64871.8	64487.2	64871.8	
67000	64487.2	67000	64487.2	67000	
64435.9	64153.8	64435.9	64153.8	64435.9	
62820.5	64948.7	62820.5	64948.7	62820.5	
65333.3	64102.6	65333.3	64102.6	65333.3	
63589.7	63384.6	63589.7	63384.6	63589.7	
63076.9	65076.9	63076.9	65076.9	63076.9	
65256.4	65897.4	65256.4	65897.4	65256.4	
63205.1	63974.4	63205.1	63974.4	63205.1	
65846.2	65384.6	65846.2	65384.6	65846.2	
66051.3	64743.6	66051.3	64743.6	66051.3	
64487.2	64025.6	64487.2	64025.6	64487.2	
64564.1	65256.4	64564.1	65256.4	64564.1	
65717.9	67000	65717.9	67000	65717.9	
65205.1	63333.3	65205.1	63333.3	65205.1	
63897.4	66102.6	63897.4	66102.6	63897.4	
63128.2	63769.2	63128.2	63769.2	63128.2	
63128.2	65076.9	63128.2	65076.9	63128.2	
63461.5	62948.7	63461.5	62948.7	63461.5	
64487.2	64871.8	64487.2	64871.8	64487.2	
63974.4	64948.7	63974.4	64948.7	63974.4	
64487.2	64282.1	64487.2	64282.1	64487.2	
63333.3	66359	63333.3	66359	63333.3	
63000	65076.9	63000	65076.9	63000	
63897.4	63461.5	63897.4	63461.5	63897.4	
64564.1	65384.6	64564.1	65384.6	64564.1	
63641	63384.6	63641	63384.6	63641	
63974.4	63512.8	63974.4	63512.8	63974.4	
63769.2	62102.6	63769.2	62102.6	63769.2	
64230.8	63769.2	64230.8	63769.2	64230.8	
64435.9	63589.7	64435.9	63589.7	64435.9	
64871.8	64102.6	64871.8	64102.6	64871.8	
64564.1	64153.8	64564.1	64153.8	64564.1	
64282.1	64487.2	64282.1	64487.2	64282.1	
64282.1	65205.1	64282.1	65205.1	64282.1	
62282.1	63589.7	62282.1	63589.7	62282.1	
64871.8	64102.6	64871.8	64102.6	64871.8	
63641	63717.9	63641	63717.9	63641	
61974.4	64435.9	61974.4	64435.9	61974.4	
63000	62538.5	63000	62538.5	63000	
63076.9	61641	63076.9	61641	63076.9	
63076.9	64102.6	63076.9	64102.6	63076.9	
63076.9	63384.6	63076.9	63384.6	63076.9	
64025.6	61897.4	64025.6	61897.4	64025.6	
62871.8	63589.7	62871.8	63589.7	62871.8	
62948.7	63128.2	62948.7	63128.2	62948.7	
64615.4	63461.5	64615.4	63461.5	64615.4	
61769.2	63333.3	61769.2	63333.3	61769.2	
63384.6	62871.8	63384.6	62871.8	63384.6	
64102.6	63461.5	64102.6	63461.5	64102.6	
62743.6	62153.8	62743.6	62153.8	62743.6	
62820.5	63128.2	62820.5	63128.2	62820.5	
64871.8	63589.7	64871.8	63589.7	64871.8	
65128.2	61897.4	65128.2	61897.4	65128.2	
62410.3	63897.4	62410.3	63897.4	62410.3	
63128.2	64435.9	63128.2	64435.9	63128.2	
64615.4	63717.9	64615.4	63717.9	64615.4	
63589.7	62153.8	63589.7	62153.8	63589.7	
62538.5	63128.2	62538.5	63128.2	62538.5	
65974.4	63589.7	65974.4	63589.7	65974.4	
63333.3	64230.8	63333.3	64230.8	63333.3	
63076.9	63512.8	63076.9	63512.8	63076.9	
62948.7	63000	62948.7	63000	62948.7	
63589.7	63461.5	63589.7	63461.5	63589.7	
63846.2	64487.2	63846.2	64487.2	63846.2	
63333.3	64025.6	63333.3	64025.6	63333.3	
64230.8	63512.8	64230.8	63512.8	64230.8	
63128.2	64564.1	63128.2	64564.1	63128.2	
63333.3	62743.6	63333.3	62743.6	63333.3	
63461.5	64820.5	63461.5	64820.5	63461.5	
64615.4	63256.4	64615.4	63256.4	64615.4	
65076.9	61974.4	65076.9	61974.4	65076.9	
64102.6	62871.8	64102.6	62871.8	64102.6	
63461.5	64820.5	63461.5	64820.5	63461.5	
63000	62871.8	63000	62871.8	63000	
63076.9	64282.1	63076.9	64282.1	63076.9	
63897.4	63000	63897.4	63000	63897.4	
63717.9	65769.2	63717.9	65769.2	63717.9	
64564.1	64564.1	64564.1	64564.1	64564.1	
63128.2	62820.5	63128.2	62820.5	63128.2	
64230.8	65333.3	64230.8	65333.3	64230.8	
64487.2	63897.4	64487.2	63897.4	64487.2	
65076.9	65333.3	65076.9	65333.3	65076.9	
64025.6	63897.4	64025.6	63897.4	64025.6	
65641	65641	65641	65641	65641	
62743.6	63000	62743.6	63000	62743.6	
64282.1	65000	64282.1	65000	64282.1	
65205.1	64564.1	65205.1	64564.1	65205.1	
64153.8	64743.6	64153.8	64743.6	64153.8	
62153.8	63461.5	62153.8	63461.5	62153.8	
64564.1	63512.8	64564.1	63512.8	64564.1	
65589.7	64564.1	65589.7	64564.1	65589.7	
63717.9	65589.7	63717.9	65589.7	63717.9	
64102.6	63512.8	64102.6	63512.8	64102.6	
64153.8	64948.7	64153.8	64948.7	64153.8	
64153.8	64282.1	64153.8	64282.1	64153.8	
62230.8	66230.8	62230.8	66230.8	62230.8	
63512.8	63128.2	63512.8	63128.2	63512.8	
65384.6	63256.4	65384.6	63256.4	65384.6	
63205.1	64102.6	63205.1	64102.6	63205.1	
63846.2	63512.8	63846.2	63512.8	63846.2	
63256.4	65641	63256.4	65641	63256.4	
63256.4	64230.8	63256.4	64230.8	63256.4	
64743.6	64153.8	64743.6	64153.8	64743.6	
63897.4	63589.7	63897.4	63589.7	63897.4	
64230.8	62871.8	64230.8	62871.8	64230.8	
65974.4	64487.2	65974.4	64487.2	65974.4	
64282.1	64282.1	64282.1	64282.1	64282.1	
63769.2	65641	63769.2	65641	63769.2	
63974.4	63589.7	63974.4	63589.7	63974.4	
64435.9	61641	64435.9	61641	64435.9	
65000	65076.9	65000	65076.9	65000	
64948.7	63256.4	64948.7	63256.4	64948.7	
64692.3	65256.4	64692.3	65256.4	64692.3	
61974.4	63717.9	61974.4	63717.9	61974.4	
64102.6	64564.1	64102.6	64564.1	64102.6	
64435.9	65717.9	64435.9	65717.9	64435.9	
63589.7	64820.5	63589.7	64820.5	63589.7	
64615.4	62871.8	64615.4	62871.8	64615.4	
64153.8	64820.5	64153.8	64820.5	64153.8	
63461.5	61974.4	63461.5	61974.4	63461.5	
64743.6	66307.7	64743.6	66307.7	64743.6	
63589.7	64948.7	63589.7	64948.7	63589.7	
64871.8	63333.3	64871.8	63333.3	64871.8	
65256.4	63641	65256.4	63641	65256.4	
63128.2	63128.2	63128.2	63128.2	63128.2	
65461.5	65846.2	65461.5	65846.2	65461.5	
65512.8	64615.4	65512.8	64615.4	65512.8	
64615.4	64615.4	64615.4	64615.4	64615.4	
64948.7	64359	64948.7	64359	64948.7	
65512.8	63461.5	65512.8	63461.5	65512.8	
64102.6	64435.9	64102.6	64435.9	64102.6	
67000	64230.8	67000	64230.8	67000	
64743.6	64871.8	64743.6	64871.8	64743.6	
64359	66435.9	64359	66435.9	64359	
63769.2	63000	63769.2	63000	63769.2	
64743.6	62948.7	64743.6	62948.7	64743.6	
61897.4	61974.4	61897.4	61974.4	61897.4	
63256.4	65384.6	63256.4	65384.6	63256.4	
64102.6	64743.6	64102.6	64743.6	64102.6	
65846.2	64153.8	65846.2	64153.8	65846.2	
66359	64153.8	66359	64153.8	66359	
65717.9	64025.6	65717.9	64025.6	65717.9	
63384.6	64615.4	63384.6	64615.4	63384.6	
63717.9	61589.7	63717.9	61589.7	63717.9	
64948.7	61769.2	64948.7	61769.2	64948.7	
63256.4	64615.4	63256.4	64615.4	63256.4	
64487.2	64820.5	64487.2	64820.5	64487.2	
63205.1	65128.2	63205.1	65128.2	63205.1	
64025.6	63205.1	64025.6	63205.1	64025.6	
63974.4	65000	63974.4	65000	63974.4	
63769.2	64102.6	63769.2	64102.6	63769.2	
65846.2	64435.9	65846.2	64435.9	65846.2	
65333.3	62666.7	65333.3	62666.7	65333.3	
65333.3	64948.7	65333.3	64948.7	65333.3	
64820.5	63897.4	64820.5	63897.4	64820.5	
63256.4	62410.3	63256.4	62410.3	63256.4	
63897.4	65256.4	63897.4	65256.4	63897.4	
64282.1	62615.4	64282.1	62615.4	64282.1	
64153.8	64871.8	64153.8	64871.8	64153.8	
63512.8	63846.2	63512.8	63846.2	63512.8	
65205.1	65076.9	65205.1	65076.9	65205.1	
63461.5	64435.9	63461.5	64435.9	63461.5	
65076.9	65000	65076.9	65000	65076.9	
63717.9	63461.5	63717.9	63461.5	63717.9	
65461.5	65769.2	65461.5	65769.2	65461.5	
63461.5	64564.1	63461.5	64564.1	63461.5	
64282.1	65128.2	64282.1	65128.2	64282.1	
64692.3	65846.2	64692.3	65846.2	64692.3	
66871.8	65974.4	66871.8	65974.4	66871.8	
63589.7	65846.2	63589.7	65846.2	63589.7	
63000	63641	63000	63641	63000	
63769.2	63974.4	63769.2	63974.4	63769.2	
63717.9	66871.8	63717.9	66871.8	63717.9	
65333.3	65128.2	65333.3	65128.2	65333.3	
63461.5	63512.8	63461.5	63512.8	63461.5	
64820.5	64743.6	64820.5	64743.6	64820.5	
64025.6	64564.1	64025.6	64564.1	64025.6	
63769.2	64282.1	63769.2	64282.1	63769.2	
64948.7	63076.9	64948.7	63076.9	64948.7	
62743.6	63512.8	62743.6	63512.8	62743.6	
63128.2	64153.8	63128.2	64153.8	63128.2	
65205.1	65461.5	65205.1	65461.5	65205.1	
67000	63128.2	67000	63128.2	67000	
65641	64230.8	65641	64230.8	65641	
64820.5	65717.9	64820.5	65717.9	64820.5	
64615.4	64487.2	64615.4	64487.2	64615.4	
67461.5	64871.8	67461.5	64871.8	67461.5	
63717.9	65000	63717.9	65000	63717.9	
64230.8	64692.3	64230.8	64692.3	64230.8	
64820.5	62666.7	64820.5	62666.7	64820.5	
64230.8	64435.9	64230.8	64435.9	64230.8	
63333.3	66435.9	63333.3	66435.9	63333.3	
65461.5	64948.7	65461.5	64948.7	65461.5	
64282.1	64102.6	64282.1	64102.6	64282.1	
63897.4	63512.8	63897.4	63512.8	63897.4	
65076.9	65256.4	65076.9	65256.4	65076.9	
63974.4	65769.2	63974.4	65769.2	63974.4	
63461.5	64230.8	63461.5	64230.8	63461.5	
63769.2	65128.2	63769.2	65128.2	63769.2	
66051.3	63769.2	66051.3	63769.2	66051.3	
62871.8	63897.4	62871.8	63897.4	62871.8	
64564.1	65076.9	64564.1	65076.9	64564.1	
63897.4	65205.1	63897.4	65205.1	63897.4	
65589.7	61897.4	65589.7	61897.4	65589.7	
65717.9	64153.8	65717.9	64153.8	65717.9	
64487.2	64102.6	64487.2	64102.6	64487.2	
65461.5	64820.5	65461.5	64820.5	65461.5	
63717.9	64359	63717.9	64359	63717.9	
64820.5	64692.3	64820.5	64692.3	64820.5	
65769.2	65897.4	65769.2	65897.4	65769.2	
64692.3	65641	64692.3	65641	64692.3	
64359	63641	64359	63641	64359	
64564.1	62282.1	64564.1	62282.1	64564.1	
64435.9	64487.2	64435.9	64487.2	64435.9	
63384.6	64615.4	63384.6	64615.4	63384.6	
63974.4	64230.8	63974.4	64230.8	63974.4	
65256.4	64359	65256.4	64359	65256.4	
64435.9	65384.6	64435.9	65384.6	64435.9	
62666.7	63641	62666.7	63641	62666.7	
64871.8	64230.8	64871.8	64230.8	64871.8	
65589.7	65717.9	65589.7	65717.9	65589.7	
64820.5	63461.5	64820.5	63461.5	64820.5	
65128.2	63846.2	65128.2	63846.2	65128.2	
64025.6	65897.4	64025.6	65897.4	64025.6	
65384.6	66743.6	65384.6	66743.6	65384.6	
64692.3	65128.2	64692.3	65128.2	64692.3	
63384.6	64948.7	63384.6	64948.7	63384.6	
64359	65256.4	64359	65256.4	64359	
64153.8	65256.4	64153.8	65256.4	64153.8	
65384.6	67076.9	65384.6	67076.9	65384.6	
66051.3	65512.8	66051.3	65512.8	66051.3	
64359	64359	64359	64359	64359	
64359	65333.3	64359	65333.3	64359	
64615.4	63256.4	64615.4	63256.4	64615.4	
63974.4	63769.2	63974.4	63769.2	63974.4	
65333.3	64435.9	65333.3	64435.9	65333.3	
65256.4	63717.9	65256.4	63717.9	65256.4	
63717.9	65974.4	63717.9	65974.4	63717.9	
63589.7	63897.4	63589.7	63897.4	63589.7	
65076.9	64025.6	65076.9	64025.6	65076.9	
64025.6	64871.8	64025.6	64871.8	64025.6	
65461.5	63641	65461.5	63641	65461.5	
64948.7	64743.6	64948.7	64743.6	64948.7	
65769.2	64102.6	65769.2	64102.6	65769.2	
63769.2	64692.3	63769.2	64692.3	63769.2	
65846.2	63205.1	65846.2	63205.1	65846.2	
64102.6	63589.7	64102.6	63589.7	64102.6	
63974.4	64282.1	63974.4	64282.1	63974.4	
64153.8	65000	64153.8	65000	64153.8	
65076.9	65641	65076.9	65641	65076.9	
64564.1	66230.8	64564.1	66230.8	64564.1	
65000	66179.5	65000	66179.5	65000	
62871.8	65076.9	62871.8	65076.9	62871.8	
64743.6	65461.5	64743.6	65461.5	64743.6	
64820.5	65769.2	64820.5	65769.2	64820.5	
63384.6	62666.7	63384.6	62666.7	63384.6	
64692.3	63846.2	64692.3	63846.2	64692.3	
65641	65717.9	65641	65717.9	65641	
62615.4	67076.9	62615.4	67076.9	62615.4	
65076.9	63897.4	65076.9	63897.4	65076.9	
63846.2	64820.5	63846.2	64820.5	63846.2	
64743.6	63717.9	64743.6	63717.9	64743.6	
64743.6	65000	64743.6	65000	64743.6	
63461.5	64025.6	63461.5	64025.6	63461.5	
66487.2	62666.7	66487.2	62666.7	66487.2	
63974.4	64282.1	63974.4	64282.1	63974.4	
65205.1	63512.8	65205.1	63512.8	65205.1	
64692.3	64025.6	64692.3	64025.6	64692.3	
64435.9	65589.7	64435.9	65589.7	64435.9	
64743.6	63384.6	64743.6	63384.6	64743.6	
65205.1	64025.6	65205.1	64025.6	65205.1	
64871.8	63256.4	64871.8	63256.4	64871.8	
65769.2	65205.1	65769.2	65205.1	65769.2	
65641	64948.7	65641	64948.7	65641	
65974.4	65128.2	65974.4	65128.2	65974.4	
64743.6	64564.1	64743.6	64564.1	64743.6	
65769.2	66230.8	65769.2	66230.8	65769.2	
63512.8	64487.2	63512.8	64487.2	63512.8	
64359	66564.1	64359	66564.1	64359	
64102.6	66948.7	64102.6	66948.7	64102.6	
66871.8	66359	66871.8	66359	66871.8	
63128.2	63974.4	63128.2	63974.4	63128.2	
63512.8	64435.9	63512.8	64435.9	63512.8	
63333.3	63256.4	63333.3	63256.4	63333.3	
63461.5	65128.2	63461.5	65128.2	63461.5	
65717.9	65076.9	65717.9	65076.9	65717.9	
64615.4	64564.1	64615.4	64564.1	64615.4	
65076.9	63461.5	65076.9	63461.5	65076.9	
64871.8	65333.3	64871.8	65333.3	64871.8	
63000	64230.8	63000	64230.8	63000	
64871.8	65589.7	64871.8	65589.7	64871.8	
66692.3	65461.5	66692.3	65461.5	66692.3	
64282.1	63512.8	64282.1	63512.8	64282.1	
65769.2	64282.1	65769.2	64282.1	65769.2	
63769.2	63769.2	63769.2	63769.2	63769.2	
66307.7	64153.8	66307.7	64153.8	66307.7	
62948.7	64102.6	62948.7	64102.6	62948.7	
67128.2	64435.9	67128.2	64435.9	67128.2	
64948.7	63769.2	64948.7	63769.2	64948.7	
63897.4	62615.4	63897.4	62615.4	63897.4	
65205.1	62410.3	65205.1	62410.3	65205.1	
65974.4	64487.2	65974.4	64487.2	65974.4	
64282.1	66307.7	64282.1	66307.7	64282.1	
62666.7	65076.9	62666.7	65076.9	62666.7	
64871.8	65512.8	64871.8	65512.8	64871.8	
64871.8	64282.1	64871.8	64282.1	64871.8	
63589.7	65205.1	63589.7	65205.1	63589.7	
67256.4	63897.4	67256.4	63897.4	67256.4	
65333.3	65076.9	65333.3	65076.9	65333.3	
64743.6	65461.5	64743.6	65461.5	64743.6	
65256.4	64820.5	65256.4	64820.5	65256.4	
65641	63717.9	65641	63717.9	65641	
66435.9	66307.7	66435.9	66307.7	66435.9	
64025.6	64692.3	64025.6	64692.3	64025.6	
64282.1	65000	64282.1	65000	64282.1	
64153.8	65076.9	64153.8	65076.9	64153.8	
63846.2	65717.9	63846.2	65717.9	63846.2	
67589.7	65461.5	67589.7	65461.5	67589.7	
64820.5	63846.2	64820.5	63846.2	64820.5	
63000	65205.1	63000	65205.1	63000	
64615.4	63897.4	64615.4	63897.4	64615.4	
65384.6	63974.4	65384.6	63974.4	65384.6	
66487.2	65128.2	66487.2	65128.2	66487.2	
65333.3	63461.5	65333.3	63461.5	65333.3	
64153.8	66179.5	64153.8	66179.5	64153.8	
65128.2	63717.9	65128.2	63717.9	65128.2	
66051.3	63769.2	66051.3	63769.2	66051.3	
66948.7	63717.9	66948.7	63717.9	66948.7	
64153.8	63897.4	64153.8	63897.4	64153.8	
63461.5	66435.9	63461.5	66435.9	63461.5	
65384.6	64282.1	65384.6	64282.1	65384.6	
63641	66102.6	63641	66102.6	63641	
64615.4	63384.6	64615.4	63384.6	64615.4	
64102.6	64230.8	64102.6	64230.8	64102.6	
63128.2	65641	63128.2	65641	63128.2	
63974.4	62871.8	63974.4	62871.8	63974.4	
68487.2	66102.6	68487.2	66102.6	68487.2	
65512.8	65512.8	65512.8	65512.8	65512.8	
65128.2	63769.2	65128.2	63769.2	65128.2	
62948.7	64359	62948.7	64359	62948.7	
65205.1	65384.6	65205.1	65384.6	65205.1	
63333.3	65589.7	63333.3	65589.7	63333.3	
63641	65076.9	63641	65076.9	63641	
64871.8	64435.9	64871.8	64435.9	64871.8	
63897.4	64487.2	63897.4	64487.2	63897.4	
64359	63333.3	64359	63333.3	64359	
63717.9	64948.7	63717.9	64948.7	63717.9	
63974.4	64435.9	63974.4	64435.9	63974.4	
64743.6	65256.4	64743.6	65256.4	64743.6	
66307.7	66487.2	66307.7	66487.2	66307.7	
66307.7	66179.5	66307.7	66179.5	66307.7	
65076.9	63589.7	65076.9	63589.7	65076.9	
65846.2	65256.4	65846.2	65256.4	65846.2	
63769.2	65974.4	63769.2	65974.4	63769.2	
64692.3	64743.6	64692.3	64743.6	64692.3	
62487.2	65000	62487.2	65000	62487.2	
63256.4	64102.6	63256.4	64102.6	63256.4	
64435.9	63512.8	64435.9	63512.8	64435.9	
64820.5	65256.4	64820.5	65256.4	64820.5	
65128.2	66487.2	65128.2	66487.2	65128.2	
64692.3	63641	64692.3	63641	64692.3	
63384.6	64871.8	63384.6	64871.8	63384.6	
64102.6	62871.8	64102.6	62871.8	64102.6	
64564.1	63256.4	64564.1	63256.4	64564.1	
65384.6	64871.8	65384.6	64871.8	65384.6	
63461.5	65512.8	63461.5	65512.8	63461.5	
63461.5	65256.4	63461.5	65256.4	63461.5	
65000	63846.2	65000	63846.2	65000	
65205.1	64564.1	65205.1	64564.1	65205.1	
65384.6	65384.6	65384.6	65384.6	65384.6	
66743.6	64948.7	66743.6	64948.7	66743.6	
64282.1	65333.3	64282.1	65333.3	64282.1	
65076.9	63461.5	65076.9	63461.5	65076.9	
64743.6	63384.6	64743.6	63384.6	64743.6	
63461.5	66435.9	63461.5	66435.9	63461.5	
65000	65000	65000	65000	65000	
64153.8	64948.7	64153.8	64948.7	64153.8	
64025.6	65333.3	64025.6	65333.3	64025.6	
64025.6	66564.1	64025.6	66564.1	64025.6	
64564.1	62410.3	64564.1	62410.3	64564.1	
65589.7	64820.5	65589.7	64820.5	65589.7	
64615.4	63717.9	64615.4	63717.9	64615.4	
64564.1	64692.3	64564.1	64692.3	64564.1	
63641	64948.7	63641	64948.7	63641	
62487.2	65076.9	62487.2	65076.9	62487.2	
61589.7	64692.3	61589.7	64692.3	61589.7	
66307.7	66359	66307.7	66359	66307.7	
64153.8	65384.6	64153.8	65384.6	64153.8	
63205.1	62948.7	63205.1	62948.7	63205.1	
64153.8	64282.1	64153.8	64282.1	64153.8	
65897.4	65000	65897.4	65000	65897.4	
62871.8	65461.5	62871.8	65461.5	62871.8	
66179.5	65000	66179.5	65000	66179.5	
66230.8	62743.6	66230.8	62743.6	66230.8	
65384.6	65974.4	65384.6	65974.4	65384.6	
64359	64820.5	64359	64820.5	64359	
65000	64359	65000	64359	65000	
63974.4	65333.3	63974.4	65333.3	63974.4	
65128.2	66359	65128.2	66359	65128.2	
62153.8	65897.4	62153.8	65897.4	62153.8	
64230.8	66615.4	64230.8	66615.4	64230.8	
65717.9	66948.7	65717.9	66948.7	65717.9	
63769.2	65589.7	63769.2	65589.7	63769.2	
65384.6	66102.6	65384.6	66102.6	65384.6	
63769.2	64359	63769.2	64359	63769.2	
65205.1	63384.6	65205.1	63384.6	65205.1	
65128.2	65769.2	65128.2	65769.2	65128.2	
66230.8	64820.5	66230.8	64820.5	66230.8	
64359	65461.5	64359	65461.5	64359	
64692.3	66692.3	64692.3	66692.3	64692.3	
64615.4	65641	64615.4	65641	64615.4	
65384.6	64025.6	65384.6	64025.6	65384.6	
63717.9	66487.2	63717.9	66487.2	63717.9	
66435.9	64615.4	66435.9	64615.4	66435.9	
66051.3	64743.6	66051.3	64743.6	66051.3	
65512.8	62948.7	65512.8	62948.7	65512.8	
65769.2	64564.1	65769.2	64564.1	65769.2	
66871.8	64230.8	66871.8	64230.8	66871.8	
66179.5	64359	66179.5	64359	66179.5	
66743.6	65974.4	66743.6	65974.4	66743.6	
66102.6	62230.8	66102.6	62230.8	66102.6	
66359	63256.4	66359	63256.4	66359	
62743.6	65589.7	62743.6	65589.7	62743.6	
66307.7	65897.4	66307.7	65897.4	66307.7	
63717.9	65128.2	63717.9	65128.2	63717.9	
64435.9	65333.3	64435.9	65333.3	64435.9	
64153.8	64025.6	64153.8	64025.6	64153.8	
64692.3	64153.8	64692.3	64153.8	64692.3	
66359	64743.6	66359	64743.6	66359	
65461.5	63846.2	65461.5	63846.2	65461.5	
63717.9	66871.8	63717.9	66871.8	63717.9	
64487.2	64692.3	64487.2	64692.3	64487.2	
64743.6	65384.6	64743.6	65384.6	64743.6	
63769.2	65461.5	63769.2	65461.5	63769.2	
63333.3	65769.2	63333.3	65769.2	63333.3	
65076.9	63769.2	65076.9	63769.2	65076.9	
63897.4	65769.2	63897.4	65769.2	63897.4	
65589.7	62820.5	65589.7	62820.5	65589.7	
63641	63076.9	63641	63076.9	63641	
63974.4	65333.3	63974.4	65333.3	63974.4	
63641	65205.1	63641	65205.1	63641	
64615.4	66487.2	64615.4	66487.2	64615.4	
64025.6	63205.1	64025.6	63205.1	64025.6	
65128.2	65128.2	65128.2	65128.2	65128.2	
65205.1	65974.4	65205.1	65974.4	65205.1	
65769.2	65384.6	65769.2	65384.6	65769.2	
64230.8	64871.8	64230.8	64871.8	64230.8	
65461.5	64282.1	65461.5	64282.1	65461.5	
65128.2	65128.2	65128.2	65128.2	65128.2	
64102.6	65769.2	64102.6	65769.2	64102.6	
64948.7	64743.6	64948.7	64743.6	64948.7	
65076.9	64615.4	65076.9	64615.4	65076.9	
71333.3	72692.3	71333.3	72692.3	71333.3	
65000	64871.8	65000	64871.8	65000	
65897.4	65589.7	65897.4	65589.7	65897.4	
66051.3	67538.5	66051.3	67538.5	66051.3	
63384.6	65897.4	63384.6	65897.4	63384.6	
65000	63589.7	65000	63589.7	65000	
64435.9	64102.6	64435.9	64102.6	64435.9	
64615.4	64692.3	64615.4	64692.3	64615.4	
65974.4	66948.7	65974.4	66948.7	65974.4	
64615.4	63461.5	64615.4	63461.5	64615.4	
64153.8	65256.4	64153.8	65256.4	64153.8	
63461.5	66051.3	63461.5	66051.3	63461.5	
64743.6	65769.2	64743.6	65769.2	64743.6	
64230.8	65769.2	64230.8	65769.2	64230.8	
65000	66359	65000	66359	65000	
64230.8	65461.5	64230.8	65461.5	64230.8	
63384.6	64820.5	63384.6	64820.5	63384.6	
63512.8	65974.4	63512.8	65974.4	63512.8	
64435.9	64564.1	64435.9	64564.1	64435.9	
65974.4	64948.7	65974.4	64948.7	65974.4	
64820.5	67333.3	64820.5	67333.3	64820.5	
66435.9	66871.8	66435.9	66871.8	66435.9	
63000	65897.4	63000	65897.4	63000	
64871.8	65974.4	64871.8	65974.4	64871.8	
69282.1	64102.6	69282.1	64102.6	69282.1	
64948.7	64282.1	64948.7	64282.1	64948.7	
65384.6	65589.7	65384.6	65589.7	65384.6	
64153.8	63846.2	64153.8	63846.2	64153.8	
64615.4	65000	64615.4	65000	64615.4	
65512.8	65769.2	65512.8	65769.2	65512.8	
65897.4	65333.3	65897.4	65333.3	65897.4	
62948.7	64948.7	62948.7	64948.7	62948.7	
64230.8	64871.8	64230.8	64871.8	64230.8	
64359	65974.4	64359	65974.4	64359	
64948.7	65076.9	64948.7	65076.9	64948.7	
65128.2	65589.7	65128.2	65589.7	65128.2	
67128.2	65000	67128.2	65000	67128.2	
63769.2	63846.2	63769.2	63846.2	63769.2	
64102.6	64743.6	64102.6	64743.6	64102.6	
66051.3	64948.7	66051.3	64948.7	66051.3	
65897.4	66487.2	65897.4	66487.2	65897.4	
65333.3	64692.3	65333.3	64692.3	65333.3	
65333.3	63589.7	65333.3	63589.7	65333.3	
64230.8	64820.5	64230.8	64820.5	64230.8	
66230.8	65512.8	66230.8	65512.8	66230.8	
64871.8	65384.6	64871.8	65384.6	64871.8	
64820.5	65128.2	64820.5	65128.2	64820.5	
67538.5	66948.7	67538.5	66948.7	67538.5	
65076.9	64435.9	65076.9	64435.9	65076.9	
65769.2	64282.1	65769.2	64282.1	65769.2	
65000	65256.4	65000	65256.4	65000	
64948.7	64487.2	64948.7	64487.2	64948.7	
65000	65128.2	65000	65128.2	65000	
66230.8	63846.2	66230.8	63846.2	66230.8	
64564.1	64153.8	64564.1	64153.8	64564.1	
64820.5	64153.8	64820.5	64153.8	64820.5	
64615.4	65461.5	64615.4	65461.5	64615.4	
62359	64615.4	62359	64615.4	62359	
66179.5	66179.5	66179.5	66179.5	66179.5	
64153.8	64615.4	64153.8	64615.4	64153.8	
65076.9	62948.7	65076.9	62948.7	65076.9	
64487.2	65641	64487.2	65641	64487.2	
65897.4	64487.2	65897.4	64487.2	65897.4	
65128.2	63076.9	65128.2	63076.9	65128.2	
65000	64487.2	65000	64487.2	65000	
64692.3	64948.7	64692.3	64948.7	64692.3	
64153.8	65384.6	64153.8	65384.6	64153.8	
64871.8	65589.7	64871.8	65589.7	64871.8	
64230.8	62538.5	64230.8	62538.5	64230.8	
65333.3	65461.5	65333.3	65461.5	65333.3	
65641	64743.6	65641	64743.6	65641	
65769.2	65384.6	65769.2	65384.6	65769.2	
64871.8	65205.1	64871.8	65205.1	64871.8	
65461.5	63589.7	65461.5	63589.7	65461.5	
65333.3	66692.3	65333.3	66692.3	65333.3	
65128.2	63897.4	65128.2	63897.4	65128.2	
64948.7	64871.8	64948.7	64871.8	64948.7	
65256.4	67076.9	65256.4	67076.9	65256.4	
64230.8	64230.8	64230.8	64230.8	64230.8	
66743.6	64743.6	66743.6	64743.6	66743.6	
64359	66051.3	64359	66051.3	64359	
63205.1	65769.2	63205.1	65769.2	63205.1	
65461.5	65461.5	65461.5	65461.5	65461.5	
64692.3	65846.2	64692.3	65846.2	64692.3	
63205.1	64153.8	63205.1	64153.8	63205.1	
64359	65461.5	64359	65461.5	64359	
64820.5	64435.9	64820.5	64435.9	64820.5	
64230.8	65128.2	64230.8	65128.2	64230.8	
65256.4	65589.7	65256.4	65589.7	65256.4	
64153.8	65000	64153.8	65000	64153.8	
66179.5	66051.3	66179.5	66051.3	66179.5	
66487.2	64230.8	66487.2	64230.8	66487.2	
64025.6	63717.9	64025.6	63717.9	64025.6	
65846.2	64564.1	65846.2	64564.1	65846.2	
65128.2	65333.3	65128.2	65333.3	65128.2	
64487.2	64692.3	64487.2	64692.3	64487.2	
64487.2	65333.3	64487.2	65333.3	64487.2	
64820.5	63769.2	64820.5	63769.2	64820.5	
66615.4	65076.9	66615.4	65076.9	66615.4	
65256.4	65717.9	65256.4	65717.9	65256.4	
64692.3	64359	64692.3	64359	64692.3	
62743.6	64948.7	62743.6	64948.7	62743.6	
63641	63769.2	63641	63769.2	63641	
65589.7	64282.1	65589.7	64282.1	65589.7	
65076.9	65641	65076.9	65641	65076.9	
64230.8	65256.4	64230.8	65256.4	64230.8	
64820.5	66435.9	64820.5	66435.9	64820.5	
66051.3	64282.1	66051.3	64282.1	66051.3	
63128.2	64153.8	63128.2	64153.8	63128.2	
65076.9	65512.8	65076.9	65512.8	65076.9	
65461.5	64948.7	65461.5	64948.7	65461.5	
64948.7	65641	64948.7	65641	64948.7	
68051.3	65205.1	68051.3	65205.1	68051.3	
65128.2	65000	65128.2	65000	65128.2	
62871.8	64564.1	62871.8	64564.1	62871.8	
65384.6	64487.2	65384.6	64487.2	65384.6	
64487.2	63974.4	64487.2	63974.4	64487.2	
65512.8	66179.5	65512.8	66179.5	65512.8	
64230.8	65589.7	64230.8	65589.7	64230.8	
65384.6	62743.6	65384.6	62743.6	65384.6	
63717.9	64692.3	63717.9	64692.3	63717.9	
66102.6	66230.8	66102.6	66230.8	66102.6	
65974.4	63846.2	65974.4	63846.2	65974.4	
64282.1	63897.4	64282.1	63897.4	64282.1	
64359	65205.1	64359	65205.1	64359	
63384.6	64871.8	63384.6	64871.8	63384.6	
65076.9	65769.2	65076.9	65769.2	65076.9	
65128.2	66307.7	65128.2	66307.7	65128.2	
63512.8	64102.6	63512.8	64102.6	63512.8	
64487.2	64871.8	64487.2	64871.8	64487.2	
64615.4	63589.7	64615.4	63589.7	64615.4	
64820.5	65717.9	64820.5	65717.9	64820.5	
63589.7	65205.1	63589.7	65205.1	63589.7	
65333.3	65769.2	65333.3	65769.2	65333.3	
66230.8	65897.4	66230.8	65897.4	66230.8	
65769.2	67461.5	65769.2	67461.5	65769.2	
63512.8	64615.4	63512.8	64615.4	63512.8	
64230.8	64871.8	64230.8	64871.8	64230.8	
64948.7	64820.5	64948.7	64820.5	64948.7	
65897.4	66179.5	65897.4	66179.5	65897.4	
64692.3	63974.4	64692.3	63974.4	64692.3	
64435.9	65769.2	64435.9	65769.2	64435.9	
64820.5	67076.9	64820.5	67076.9	64820.5	
65000	65717.9	65000	65717.9	65000	
65769.2	66692.3	65769.2	66692.3	65769.2	
66307.7	64282.1	66307.7	64282.1	66307.7	
65897.4	65589.7	65897.4	65589.7	65897.4	
66102.6	65333.3	66102.6	65333.3	66102.6	
62743.6	64102.6	62743.6	64102.6	62743.6	
65076.9	64871.8	65076.9	64871.8	65076.9	
65717.9	65076.9	65717.9	65076.9	65717.9	
65256.4	65717.9	65256.4	65717.9	65256.4	
65076.9	64948.7	65076.9	64948.7	65076.9	
65076.9	64743.6	65076.9	64743.6	65076.9	
62871.8	65512.8	62871.8	65512.8	62871.8	
64102.6	65205.1	64102.6	65205.1	64102.6	
64435.9	65769.2	64435.9	65769.2	64435.9	
64948.7	64743.6	64948.7	64743.6	64948.7	
66871.8	65717.9	66871.8	65717.9	66871.8	
66179.5	64564.1	66179.5	64564.1	66179.5	
64871.8	65384.6	64871.8	65384.6	64871.8	
64102.6	66615.4	64102.6	66615.4	64102.6	
65384.6	65461.5	65384.6	65461.5	65384.6	
65589.7	66820.5	65589.7	66820.5	65589.7	
64871.8	67256.4	64871.8	67256.4	64871.8	
63846.2	66179.5	63846.2	66179.5	63846.2	
65897.4	65461.5	65897.4	65461.5	65897.4	
65000	64743.6	65000	64743.6	65000	
63641	63897.4	63641	63897.4	63641	
65512.8	67205.1	65512.8	67205.1	65512.8	
65512.8	65384.6	65512.8	65384.6	65512.8	
64615.4	63846.2	64615.4	63846.2	64615.4	
63897.4	65846.2	63897.4	65846.2	63897.4	
64487.2	64487.2	64487.2	64487.2	64487.2	
63769.2	65256.4	63769.2	65256.4	63769.2	
65205.1	65000	65205.1	65000	65205.1	
65128.2	63076.9	65128.2	63076.9	65128.2	
63333.3	65846.2	63333.3	65846.2	63333.3	
64435.9	64025.6	64435.9	64025.6	64435.9	
64820.5	65589.7	64820.5	65589.7	64820.5	
63589.7	64564.1	63589.7	64564.1	63589.7	
65256.4	66820.5	65256.4	66820.5	65256.4	
66307.7	65974.4	66307.7	65974.4	66307.7	
63076.9	64692.3	63076.9	64692.3	63076.9	
66615.4	64948.7	66615.4	64948.7	66615.4	
63076.9	65717.9	63076.9	65717.9	63076.9	
64820.5	64692.3	64820.5	64692.3	64820.5	
64282.1	65769.2	64282.1	65769.2	64282.1	
63846.2	63333.3	63846.2	63333.3	63846.2	
62615.4	66692.3	62615.4	66692.3	62615.4	
64230.8	63717.9	64230.8	63717.9	64230.8	
67000	65256.4	67000	65256.4	67000	
65076.9	65205.1	65076.9	65205.1	65076.9	
63717.9	65000	63717.9	65000	63717.9	
64359	66179.5	64359	66179.5	64359	
65333.3	66487.2	65333.3	66487.2	65333.3	
65384.6	65205.1	65384.6	65205.1	65384.6	
65076.9	63974.4	65076.9	63974.4	65076.9	
63897.4	63897.4	63897.4	63897.4	63897.4	
64615.4	65769.2	64615.4	65769.2	64615.4	
65076.9	64230.8	65076.9	64230.8	65076.9	
64871.8	64359	64871.8	64359	64871.8	
64564.1	65846.2	64564.1	65846.2	64564.1	
64615.4	65256.4	64615.4	65256.4	64615.4	
63717.9	66230.8	63717.9	66230.8	63717.9	
62487.2	65461.5	62487.2	65461.5	62487.2	
64743.6	64871.8	64743.6	64871.8	64743.6	
64153.8	66102.6	64153.8	66102.6	64153.8	
65641	65076.9	65641	65076.9	65641	
65589.7	65897.4	65589.7	65897.4	65589.7	
64282.1	64487.2	64282.1	64487.2	64282.1	
64153.8	66051.3	64153.8	66051.3	64153.8	
66051.3	65846.2	66051.3	65846.2	66051.3	
65769.2	64435.9	65769.2	64435.9	65769.2	
65717.9	63205.1	65717.9	63205.1	65717.9	
65333.3	63512.8	65333.3	63512.8	65333.3	
66051.3	64692.3	66051.3	64692.3	66051.3	
65076.9	65076.9	65076.9	65076.9	65076.9	
66743.6	63846.2	66743.6	63846.2	66743.6	
65897.4	64692.3	65897.4	64692.3	65897.4	
64435.9	62487.2	64435.9	62487.2	64435.9	
63256.4	64871.8	63256.4	64871.8	63256.4	
64282.1	64025.6	64282.1	64025.6	64282.1	
63974.4	66307.7	63974.4	66307.7	63974.4	
63589.7	63461.5	63589.7	63461.5	63589.7	
65641	64820.5	65641	64820.5	65641	
65974.4	64230.8	65974.4	64230.8	65974.4	
63769.2	63128.2	63769.2	63128.2	63769.2	
65205.1	64692.3	65205.1	64692.3	65205.1	
64871.8	64948.7	64871.8	64948.7	64871.8	
67461.5	64435.9	67461.5	64435.9	67461.5	
66307.7	62487.2	66307.7	62487.2	66307.7	
64153.8	66820.5	64153.8	66820.5	64153.8	
66564.1	64230.8	66564.1	64230.8	66564.1	
64743.6	65897.4	64743.6	65897.4	64743.6	
64743.6	64615.4	64743.6	64615.4	64743.6	
64564.1	64282.1	64564.1	64282.1	64564.1	
66051.3	63512.8	66051.3	63512.8	66051.3	
64282.1	64282.1	64282.1	64282.1	64282.1	
64153.8	64487.2	64153.8	64487.2	64153.8	
65205.1	66692.3	65205.1	66692.3	65205.1	
62615.4	63769.2	62615.4	63769.2	62615.4	
63641	64820.5	63641	64820.5	63641	
65717.9	63769.2	65717.9	63769.2	65717.9	
65384.6	64692.3	65384.6	64692.3	65384.6	
65128.2	65000	65128.2	65000	65128.2	
65384.6	65205.1	65384.6	65205.1	65384.6	
64102.6	65076.9	64102.6	65076.9	64102.6	
64359	65076.9	64359	65076.9	64359	
65897.4	63846.2	65897.4	63846.2	65897.4	
64743.6	64153.8	64743.6	64153.8	64743.6	
64487.2	65641	64487.2	65641	64487.2	
63589.7	63769.2	63589.7	63769.2	63589.7	
65384.6	64153.8	65384.6	64153.8	65384.6	
65512.8	66435.9	65512.8	66435.9	65512.8	
64948.7	65384.6	64948.7	65384.6	64948.7	
65846.2	66179.5	65846.2	66179.5	65846.2	
64615.4	64948.7	64615.4	64948.7	64615.4	
64743.6	63717.9	64743.6	63717.9	64743.6	
65333.3	64615.4	65333.3	64615.4	65333.3	
65769.2	63333.3	65769.2	63333.3	65769.2	
63897.4	64487.2	63897.4	64487.2	63897.4	
65384.6	65897.4	65384.6	65897.4	65384.6	
63641	65846.2	63641	65846.2	63641	
63769.2	66307.7	63769.2	66307.7	63769.2	
64025.6	65128.2	64025.6	65128.2	64025.6	
67589.7	67256.4	67589.7	67256.4	67589.7	
65256.4	64230.8	65256.4	64230.8	65256.4	
64230.8	64948.7	64230.8	64948.7	64230.8	
63256.4	64692.3	63256.4	64692.3	63256.4	
65589.7	66820.5	65589.7	66820.5	65589.7	
65589.7	63974.4	65589.7	63974.4	65589.7	
66230.8	64948.7	66230.8	64948.7	66230.8	
67000	65128.2	67000	65128.2	67000	
66615.4	66179.5	66615.4	66179.5	66615.4	
65974.4	64820.5	65974.4	64820.5	65974.4	
65076.9	67128.2	65076.9	67128.2	65076.9	
63717.9	64871.8	63717.9	64871.8	63717.9	
65897.4	65000	65897.4	65000	65897.4	
67794.9	66307.7	67794.9	66307.7	67794.9	
64359	65974.4	64359	65974.4	64359	
63256.4	64820.5	63256.4	64820.5	63256.4	
66230.8	65000	66230.8	65000	66230.8	
67205.1	66102.6	67205.1	66102.6	67205.1	
65384.6	64025.6	65384.6	64025.6	65384.6	
66179.5	66692.3	66179.5	66692.3	66179.5	
65717.9	65076.9	65717.9	65076.9	65717.9	
64359	63256.4	64359	63256.4	64359	
65897.4	65461.5	65897.4	65461.5	65897.4	
65769.2	65333.3	65769.2	65333.3	65769.2	
62948.7	62948.7	62948.7	62948.7	62948.7	
66051.3	65076.9	66051.3	65076.9	66051.3	
66820.5	66359	66820.5	66359	66820.5	
65000	64359	65000	64359	65000	
66230.8	64820.5	66230.8	64820.5	66230.8	
64948.7	65974.4	64948.7	65974.4	64948.7	
64025.6	65717.9	64025.6	65717.9	64025.6	
66102.6	64153.8	66102.6	64153.8	66102.6	
66743.6	65128.2	66743.6	65128.2	66743.6	
65769.2	64820.5	65769.2	64820.5	65769.2	
64230.8	64487.2	64230.8	64487.2	64230.8	
65205.1	65512.8	65205.1	65512.8	65205.1	
64948.7	67589.7	64948.7	67589.7	64948.7	
64871.8	67589.7	64871.8	67589.7	64871.8	
63000	63512.8	63000	63512.8	63000	
64564.1	63897.4	64564.1	63897.4	64564.1	
63589.7	64025.6	63589.7	64025.6	63589.7	
65769.2	65974.4	65769.2	65974.4	65769.2	
63974.4	64820.5	63974.4	64820.5	63974.4	
64820.5	64025.6	64820.5	64025.6	64820.5	
63512.8	64230.8	63512.8	64230.8	63512.8	
65384.6	66871.8	65384.6	66871.8	65384.6	
64692.3	65256.4	64692.3	65256.4	64692.3	
65205.1	65717.9	65205.1	65717.9	65205.1	
64820.5	65333.3	64820.5	65333.3	64820.5	
66102.6	66487.2	66102.6	66487.2	66102.6	
66179.5	65333.3	66179.5	65333.3	66179.5	
63589.7	64692.3	63589.7	64692.3	63589.7	
63717.9	64743.6	63717.9	64743.6	63717.9	
66487.2	64692.3	66487.2	64692.3	66487.2	
65076.9	64487.2	65076.9	64487.2	65076.9	
64743.6	64948.7	64743.6	64948.7	64743.6	
65769.2	65384.6	65769.2	65384.6	65769.2	
65589.7	65717.9	65589.7	65717.9	65589.7	
63846.2	66307.7	63846.2	66307.7	63846.2	
65974.4	64820.5	65974.4	64820.5	65974.4	
65717.9	65256.4	65717.9	65256.4	65717.9	
65717.9	64102.6	65717.9	64102.6	65717.9	
63769.2	64487.2	63769.2	64487.2	63769.2	
65000	65461.5	65000	65461.5	65000	
65769.2	65974.4	65769.2	65974.4	65769.2	
65384.6	64025.6	65384.6	64025.6	65384.6	
66564.1	66692.3	66564.1	66692.3	66564.1	
65974.4	65076.9	65974.4	65076.9	65974.4	
64692.3	65769.2	64692.3	65769.2	64692.3	
64948.7	65641	64948.7	65641	64948.7	
65641	65846.2	65641	65846.2	65641	
64692.3	64359	64692.3	64359	64692.3	
65512.8	64948.7	65512.8	64948.7	65512.8	
64871.8	66230.8	64871.8	66230.8	64871.8	
63717.9	67461.5	63717.9	67461.5	63717.9	
65000	65717.9	65000	65717.9	65000	
64615.4	63589.7	64615.4	63589.7	64615.4	
65846.2	67205.1	65846.2	67205.1	65846.2	
65128.2	65256.4	65128.2	65256.4	65128.2	
64282.1	64615.4	64282.1	64615.4	64282.1	
63897.4	65897.4	63897.4	65897.4	63897.4	
64102.6	64871.8	64102.6	64871.8	64102.6	
65974.4	65128.2	65974.4	65128.2	65974.4	
63717.9	64692.3	63717.9	64692.3	63717.9	
64435.9	63974.4	64435.9	63974.4	64435.9	
65641	64615.4	65641	64615.4	65641	
66435.9	65512.8	66435.9	65512.8	66435.9	
64871.8	65000	64871.8	65000	64871.8	
63000	65512.8	63000	65512.8	63000	
65128.2	64692.3	65128.2	64692.3	65128.2	
65769.2	64487.2	65769.2	64487.2	65769.2	
66179.5	65333.3	66179.5	65333.3	66179.5	
64743.6	65333.3	64743.6	65333.3	64743.6	
63256.4	65461.5	63256.4	65461.5	63256.4	
63846.2	66564.1	63846.2	66564.1	63846.2	
64820.5	64692.3	64820.5	64692.3	64820.5	
64871.8	66102.6	64871.8	66102.6	64871.8	
65589.7	64820.5	65589.7	64820.5	65589.7	
65076.9	62666.7	65076.9	62666.7	65076.9	
64743.6	64564.1	64743.6	64564.1	64743.6	
64153.8	66179.5	64153.8	66179.5	64153.8	
66435.9	66359	66435.9	66359	66435.9	
65974.4	64820.5	65974.4	64820.5	65974.4	
64282.1	62615.4	64282.1	62615.4	64282.1	
67000	64820.5	67000	64820.5	67000	
63076.9	63717.9	63076.9	63717.9	63076.9	
65256.4	66230.8	65256.4	66230.8	65256.4	
65512.8	65076.9	65512.8	65076.9	65512.8	
64692.3	64359	64692.3	64359	64692.3	
64487.2	63769.2	64487.2	63769.2	64487.2	
64871.8	65717.9	64871.8	65717.9	64871.8	
63512.8	64615.4	63512.8	64615.4	63512.8	
63384.6	64820.5	63384.6	64820.5	63384.6	
63076.9	63205.1	63076.9	63205.1	63076.9	
63641	63897.4	63641	63897.4	63641	
65000	65641	65000	65641	65000	
63512.8	65512.8	63512.8	65512.8	63512.8	
65512.8	65974.4	65512.8	65974.4	65512.8	
66948.7	65974.4	66948.7	65974.4	66948.7	
64615.4	65512.8	64615.4	65512.8	64615.4	
66871.8	65128.2	66871.8	65128.2	66871.8	
64948.7	65333.3	64948.7	65333.3	64948.7	
65205.1	66179.5	65205.1	66179.5	65205.1	
65384.6	65256.4	65384.6	65256.4	65384.6	
65128.2	64282.1	65128.2	64282.1	65128.2	
64153.8	63974.4	64153.8	63974.4	64153.8	
63974.4	65846.2	63974.4	65846.2	63974.4	
64743.6	65000	64743.6	65000	64743.6	
64743.6	64564.1	64743.6	64564.1	64743.6	
65897.4	63256.4	65897.4	63256.4	65897.4	
65000	63897.4	65000	63897.4	65000	
65076.9	63128.2	65076.9	63128.2	65076.9	
64692.3	65461.5	64692.3	65461.5	64692.3	
64692.3	65589.7	64692.3	65589.7	64692.3	
64102.6	65846.2	64102.6	65846.2	64102.6	
64282.1	63076.9	64282.1	63076.9	64282.1	
65461.5	63205.1	65461.5	63205.1	65461.5	
64871.8	64871.8	64871.8	64871.8	64871.8	
65128.2	64282.1	65128.2	64282.1	65128.2	
64615.4	64025.6	64615.4	64025.6	64615.4	
63641	65512.8	63641	65512.8	63641	
65128.2	65846.2	65128.2	65846.2	65128.2	
63974.4	65000	63974.4	65000	63974.4	
65000	64435.9	65000	64435.9	65000	
64743.6	65974.4	64743.6	65974.4	64743.6	
62820.5	64692.3	62820.5	64692.3	62820.5	
65000	65076.9	65000	65076.9	65000	
66102.6	67538.5	66102.6	67538.5	66102.6	
68051.3	65256.4	68051.3	65256.4	68051.3	
64948.7	65256.4	64948.7	65256.4	64948.7	
65384.6	65512.8	65384.6	65512.8	65384.6	
65205.1	65333.3	65205.1	65333.3	65205.1	
65589.7	64102.6	65589.7	64102.6	65589.7	
65256.4	67000	65256.4	67000	65256.4	
65256.4	66743.6	65256.4	66743.6	65256.4	
64615.4	65717.9	64615.4	65717.9	64615.4	
63589.7	63384.6	63589.7	63384.6	63589.7	
66487.2	64230.8	66487.2	64230.8	66487.2	
65333.3	65000	65333.3	65000	65333.3	
63769.2	63589.7	63769.2	63589.7	63769.2	
63333.3	64102.6	63333.3	64102.6	63333.3	
64743.6	64230.8	64743.6	64230.8	64743.6	
66051.3	66230.8	66051.3	66230.8	66051.3	
64025.6	64564.1	64025.6	64564.1	64025.6	
65974.4	64743.6	65974.4	64743.6	65974.4	
64102.6	64871.8	64102.6	64871.8	64102.6	
66230.8	64435.9	66230.8	64435.9	66230.8	
63384.6	65641	63384.6	65641	63384.6	
65076.9	66230.8	65076.9	66230.8	65076.9	
64487.2	64820.5	64487.2	64820.5	64487.2	
63974.4	64359	63974.4	64359	63974.4	
63589.7	65512.8	63589.7	65512.8	63589.7	
64102.6	66435.9	64102.6	66435.9	64102.6	
65076.9	64487.2	65076.9	64487.2	65076.9	
62102.6	65461.5	62102.6	65461.5	62102.6	
63641	64102.6	63641	64102.6	63641	
66948.7	65974.4	66948.7	65974.4	66948.7	
63076.9	64743.6	63076.9	64743.6	63076.9	
64435.9	65589.7	64435.9	65589.7	64435.9	
64359	66948.7	64359	66948.7	64359	
66692.3	64615.4	66692.3	64615.4	66692.3	
64102.6	64487.2	64102.6	64487.2	64102.6	
62948.7	65717.9	62948.7	65717.9	62948.7	
66051.3	64564.1	66051.3	64564.1	66051.3	
65769.2	64230.8	65769.2	64230.8	65769.2	
64871.8	66692.3	64871.8	66692.3	64871.8	
66179.5	65846.2	66179.5	65846.2	66179.5	
66487.2	66307.7	66487.2	66307.7	66487.2	
65717.9	65717.9	65717.9	65717.9	65717.9	
66102.6	64692.3	66102.6	64692.3	66102.6	
64615.4	63717.9	64615.4	63717.9	64615.4	
63589.7	65461.5	63589.7	65461.5	63589.7	
64359	65333.3	64359	65333.3	64359	
64871.8	65641	64871.8	65641	64871.8	
63641	65128.2	63641	65128.2	63641	
65000	67000	65000	67000	65000	
63717.9	62820.5	63717.9	62820.5	63717.9	
65000	66871.8	65000	66871.8	65000	
66179.5	65384.6	66179.5	65384.6	66179.5	
64230.8	65128.2	64230.8	65128.2	64230.8	
64025.6	68487.2	64025.6	68487.2	64025.6	
64025.6	65512.8	64025.6	65512.8	64025.6	
65589.7	64435.9	65589.7	64435.9	65589.7	
65769.2	66051.3	65769.2	66051.3	65769.2	
65461.5	65256.4	65461.5	65256.4	65461.5	
64435.9	64871.8	64435.9	64871.8	64435.9	
66230.8	65846.2	66230.8	65846.2	66230.8	
64153.8	63205.1	64153.8	63205.1	64153.8	
64948.7	64564.1	64948.7	64564.1	64948.7	
64359	64820.5	64359	64820.5	64359	
65256.4	63461.5	65256.4	63461.5	65256.4	
66692.3	67538.5	66692.3	67538.5	66692.3	
67076.9	65589.7	67076.9	65589.7	67076.9	
66307.7	64282.1	66307.7	64282.1	66307.7	
65384.6	65461.5	65384.6	65461.5	65384.6	
65589.7	66230.8	65589.7	66230.8	65589.7	
63717.9	63974.4	63717.9	63974.4	63717.9	
66230.8	64435.9	66230.8	64435.9	66230.8	
65205.1	64282.1	65205.1	64282.1	65205.1	
65384.6	65128.2	65384.6	65128.2	65384.6	
64948.7	65256.4	64948.7	65256.4	64948.7	
65846.2	65333.3	65846.2	65333.3	65846.2	
66051.3	64102.6	66051.3	64102.6	66051.3	
64871.8	64692.3	64871.8	64692.3	64871.8	
65256.4	65000	65256.4	65000	65256.4	
66307.7	63897.4	66307.7	63897.4	66307.7	
65717.9	66102.6	65717.9	66102.6	65717.9	
64435.9	66564.1	64435.9	66564.1	64435.9	
64871.8	65256.4	64871.8	65256.4	64871.8	
65076.9	65076.9	65076.9	65076.9	65076.9	
64820.5	65128.2	64820.5	65128.2	64820.5	
64487.2	63512.8	64487.2	63512.8	64487.2	
64615.4	64820.5	64615.4	64820.5	64615.4	
65256.4	66487.2	65256.4	66487.2	65256.4	
65974.4	66102.6	65974.4	66102.6	65974.4	
66359	62666.7	66359	62666.7	66359	
65076.9	63769.2	65076.9	63769.2	65076.9	
64743.6	64948.7	64743.6	64948.7	64743.6	
63769.2	65000	63769.2	65000	63769.2	
65512.8	66102.6	65512.8	66102.6	65512.8	
64435.9	64435.9	64435.9	64435.9	64435.9	
65205.1	64948.7	65205.1	64948.7	65205.1	
65333.3	64615.4	65333.3	64615.4	65333.3	
64153.8	64564.1	64153.8	64564.1	64153.8	
63384.6	64282.1	63384.6	64282.1	63384.6	
62410.3	64615.4	62410.3	64615.4	62410.3	
62410.3	65000	62410.3	65000	62410.3	
65333.3	66820.5	65333.3	66820.5	65333.3	
65512.8	65205.1	65512.8	65205.1	65512.8	
62820.5	65846.2	62820.5	65846.2	62820.5	
64153.8	66692.3	64153.8	66692.3	64153.8	
64435.9	64820.5	64435.9	64820.5	64435.9	
64435.9	66487.2	64435.9	66487.2	64435.9	
62615.4	63974.4	62615.4	63974.4	62615.4	
64359	63000	64359	63000	64359	
66564.1	65512.8	66564.1	65512.8	66564.1	
66435.9	64820.5	66435.9	64820.5	66435.9	
66435.9	64487.2	66435.9	64487.2	66435.9	
65256.4	65974.4	65256.4	65974.4	65256.4	
64615.4	65461.5	64615.4	65461.5	64615.4	
64564.1	64564.1	64564.1	64564.1	64564.1	
65256.4	66359	65256.4	66359	65256.4	
64615.4	64820.5	64615.4	64820.5	64615.4	
65205.1	65384.6	65205.1	65384.6	65205.1	
64487.2	64102.6	64487.2	64102.6	64487.2	
65076.9	64435.9	65076.9	64435.9	65076.9	
65333.3	65974.4	65333.3	65974.4	65333.3	
63974.4	66102.6	63974.4	66102.6	63974.4	
65128.2	63974.4	65128.2	63974.4	65128.2	
65461.5	65769.2	65461.5	65769.2	65461.5	
66615.4	65512.8	66615.4	65512.8	66615.4	
63128.2	64487.2	63128.2	64487.2	63128.2	
65717.9	63641	65717.9	63641	65717.9	
65641	65717.9	65641	65717.9	65641	
65256.4	63384.6	65256.4	63384.6	65256.4	
65846.2	64153.8	65846.2	64153.8	65846.2	
63717.9	65589.7	63717.9	65589.7	63717.9	
64615.4	66179.5	64615.4	66179.5	64615.4	
65000	63974.4	65000	63974.4	65000	
66359	65512.8	66359	65512.8	66359	
65076.9	64615.4	65076.9	64615.4	65076.9	
65846.2	63897.4	65846.2	63897.4	65846.2	
65641	65256.4	65641	65256.4	65641	
64282.1	63128.2	64282.1	63128.2	64282.1	
65076.9	63384.6	65076.9	63384.6	65076.9	
63897.4	65128.2	63897.4	65128.2	63897.4	
66615.4	63589.7	66615.4	63589.7	66615.4	
65897.4	64153.8	65897.4	64153.8	65897.4	
65717.9	64230.8	65717.9	64230.8	65717.9	
63512.8	66435.9	63512.8	66435.9	63512.8	
62820.5	64615.4	62820.5	64615.4	62820.5	
64435.9	63846.2	64435.9	63846.2	64435.9	
64487.2	66307.7	64487.2	66307.7	64487.2	
64487.2	65846.2	64487.2	65846.2	64487.2	
65846.2	63846.2	65846.2	63846.2	65846.2	
65641	64615.4	65641	64615.4	65641	
65128.2	63589.7	65128.2	63589.7	65128.2	
66487.2	66102.6	66487.2	66102.6	66487.2	
62871.8	65974.4	62871.8	65974.4	62871.8	
65461.5	65256.4	65461.5	65256.4	65461.5	
65000	65641	65000	65641	65000	
63974.4	66564.1	63974.4	66564.1	63974.4	
65384.6	65846.2	65384.6	65846.2	65384.6	
62948.7	65384.6	62948.7	65384.6	62948.7	
65641	66102.6	65641	66102.6	65641	
65589.7	64743.6	65589.7	64743.6	65589.7	
64025.6	64820.5	64025.6	64820.5	64025.6	
65512.8	65974.4	65512.8	65974.4	65512.8	
65846.2	66564.1	65846.2	66564.1	65846.2	
66179.5	66359	66179.5	66359	66179.5	
65333.3	64692.3	65333.3	64692.3	65333.3	
65076.9	64564.1	65076.9	64564.1	65076.9	
64820.5	62666.7	64820.5	62666.7	64820.5	
64025.6	67000	64025.6	67000	64025.6	
65769.2	65205.1	65769.2	65205.1	65769.2	
65717.9	64871.8	65717.9	64871.8	65717.9	
65461.5	65076.9	65461.5	65076.9	65461.5	
65205.1	64692.3	65205.1	64692.3	65205.1	
65205.1	65128.2	65205.1	65128.2	65205.1	
64692.3	66948.7	64692.3	66948.7	64692.3	
65512.8	65769.2	65512.8	65769.2	65512.8	
65000	62359	65000	62359	65000	
66179.5	65897.4	66179.5	65897.4	66179.5	
65641	65384.6	65641	65384.6	65641	
64230.8	64487.2	64230.8	64487.2	64230.8	
65589.7	64820.5	65589.7	64820.5	65589.7	
64692.3	65512.8	64692.3	65512.8	64692.3	
64871.8	63974.4	64871.8	63974.4	64871.8	
64743.6	65897.4	64743.6	65897.4	64743.6	
65461.5	66230.8	65461.5	66230.8	65461.5	
63769.2	64025.6	63769.2	64025.6	63769.2	
65384.6	64564.1	65384.6	64564.1	65384.6	
64487.2	65846.2	64487.2	65846.2	64487.2	
64025.6	63205.1	64025.6	63205.1	64025.6	
64615.4	63974.4	64615.4	63974.4	64615.4	
66102.6	65589.7	66102.6	65589.7	66102.6	
65256.4	65461.5	65256.4	65461.5	65256.4	
65974.4	66230.8	65974.4	66230.8	65974.4	
64153.8	63384.6	64153.8	63384.6	64153.8	
66179.5	65333.3	66179.5	65333.3	66179.5	
66615.4	65589.7	66615.4	65589.7	66615.4	
65076.9	65897.4	65076.9	65897.4	65076.9	
63846.2	65897.4	63846.2	65897.4	63846.2	
64102.6	61897.4	64102.6	61897.4	64102.6	
64487.2	63769.2	64487.2	63769.2	64487.2	
63897.4	65974.4	63897.4	65974.4	63897.4	
65846.2	67461.5	65846.2	67461.5	65846.2	
64615.4	64359	64615.4	64359	64615.4	
65256.4	66230.8	65256.4	66230.8	65256.4	
67538.5	65589.7	67538.5	65589.7	67538.5	
65000	64871.8	65000	64871.8	65000	
64564.1	64871.8	64564.1	64871.8	64564.1	
63846.2	65256.4	63846.2	65256.4	63846.2	
62871.8	64102.6	62871.8	64102.6	62871.8	
65128.2	65717.9	65128.2	65717.9	65128.2	
65076.9	65512.8	65076.9	65512.8	65076.9	
64820.5	65769.2	64820.5	65769.2	64820.5	
66820.5	65333.3	66820.5	65333.3	66820.5	
64487.2	65897.4	64487.2	65897.4	64487.2	
65256.4	63589.7	65256.4	63589.7	65256.4	
63897.4	65461.5	63897.4	65461.5	63897.4	
64153.8	64692.3	64153.8	64692.3	64153.8	
65205.1	64692.3	65205.1	64692.3	65205.1	
65717.9	67846.2	65717.9	67846.2	65717.9	
65333.3	64871.8	65333.3	64871.8	65333.3	
66435.9	67333.3	66435.9	67333.3	66435.9	
66820.5	66435.9	66820.5	66435.9	66820.5	
65512.8	65769.2	65512.8	65769.2	65512.8	
63589.7	64948.7	63589.7	64948.7	63589.7	
65461.5	66179.5	65461.5	66179.5	65461.5	
65641	66102.6	65641	66102.6	65641	
66743.6	65128.2	66743.6	65128.2	66743.6	
64692.3	65846.2	64692.3	65846.2	64692.3	
63205.1	65256.4	63205.1	65256.4	63205.1	
64487.2	66307.7	64487.2	66307.7	64487.2	
65384.6	64025.6	65384.6	64025.6	65384.6	
65384.6	65769.2	65384.6	65769.2	65384.6	
64871.8	65589.7	64871.8	65589.7	64871.8	
64435.9	63641	64435.9	63641	64435.9	
66230.8	65461.5	66230.8	65461.5	66230.8	
66051.3	65205.1	66051.3	65205.1	66051.3	
63461.5	64692.3	63461.5	64692.3	63461.5	
65641	67256.4	65641	67256.4	65641	
64871.8	65256.4	64871.8	65256.4	64871.8	
63846.2	66564.1	63846.2	66564.1	63846.2	
66871.8	63846.2	66871.8	63846.2	66871.8	
66230.8	64487.2	66230.8	64487.2	66230.8	
65000	66948.7	65000	66948.7	65000	
63333.3	63128.2	63333.3	63128.2	63333.3	
66307.7	64692.3	66307.7	64692.3	66307.7	
65846.2	65897.4	65846.2	65897.4	65846.2	
64871.8	66615.4	64871.8	66615.4	64871.8	
65974.4	65512.8	65974.4	65512.8	65974.4	
63717.9	65769.2	63717.9	65769.2	63717.9	
63000	65641	63000	65641	63000	
64153.8	63974.4	64153.8	63974.4	64153.8	
63846.2	63641	63846.2	63641	63846.2	
63974.4	64820.5	63974.4	64820.5	63974.4	
66487.2	65333.3	66487.2	65333.3	66487.2	
63641	64230.8	63641	64230.8	63641	
64743.6	63897.4	64743.6	63897.4	64743.6	
66051.3	64359	66051.3	64359	66051.3	
65205.1	63128.2	65205.1	63128.2	65205.1	
64102.6	63769.2	64102.6	63769.2	64102.6	
65512.8	64025.6	65512.8	64025.6	65512.8	
64948.7	64359	64948.7	64359	64948.7	
63384.6	66179.5	63384.6	66179.5	63384.6	
65384.6	64487.2	65384.6	64487.2	65384.6	
64230.8	65076.9	64230.8	65076.9	64230.8	
65717.9	65974.4	65717.9	65974.4	65717.9	
65128.2	62410.3	65128.2	62410.3	65128.2	
65384.6	63589.7	65384.6	63589.7	65384.6	
66564.1	65846.2	66564.1	65846.2	66564.1	
64564.1	65461.5	64564.1	65461.5	64564.1	
63846.2	63846.2	63846.2	63846.2	63846.2	
65000	64435.9	65000	64435.9	65000	
65384.6	65641	65384.6	65641	65384.6	
66359	63000	66359	63000	66359	
66487.2	66692.3	66487.2	66692.3	66487.2	
63974.4	64102.6	63974.4	64102.6	63974.4	
65333.3	65000	65333.3	65000	65333.3	
65256.4	65641	65256.4	65641	65256.4	
62487.2	64692.3	62487.2	64692.3	62487.2	
66948.7	65641	66948.7	65641	66948.7	
63512.8	64615.4	63512.8	64615.4	63512.8	
64948.7	62615.4	64948.7	62615.4	64948.7	
65076.9	64615.4	65076.9	64615.4	65076.9	
66359	65769.2	66359	65769.2	66359	
65256.4	66948.7	65256.4	66948.7	65256.4	
65461.5	63974.4	65461.5	63974.4	65461.5	
65384.6	62025.6	65384.6	62025.6	65384.6	
65589.7	63974.4	65589.7	63974.4	65589.7	
63769.2	65076.9	63769.2	65076.9	63769.2	
64153.8	64615.4	64153.8	64615.4	64153.8	
65897.4	65717.9	65897.4	65717.9	65897.4	
64102.6	64359	64102.6	64359	64102.6	
65589.7	65846.2	65589.7	65846.2	65589.7	
65846.2	64153.8	65846.2	64153.8	65846.2	
65384.6	65512.8	65384.6	65512.8	65384.6	
62538.5	65641	62538.5	65641	62538.5	
64871.8	66051.3	64871.8	66051.3	64871.8	
65974.4	64282.1	65974.4	64282.1	65974.4	
65846.2	66051.3	65846.2	66051.3	65846.2	
64615.4	63512.8	64615.4	63512.8	64615.4	
63461.5	64487.2	63461.5	64487.2	63461.5	
65897.4	65205.1	65897.4	65205.1	65897.4	
63461.5	66359	63461.5	66359	63461.5	
64692.3	65333.3	64692.3	65333.3	64692.3	
64359	66871.8	64359	66871.8	64359	
65076.9	65974.4	65076.9	65974.4	65076.9	
63846.2	66051.3	63846.2	66051.3	63846.2	
65461.5	62871.8	65461.5	62871.8	65461.5	
65641	65461.5	65641	65461.5	65641	
65000	66230.8	65000	66230.8	65000	
64435.9	64743.6	64435.9	64743.6	64435.9	
65512.8	64820.5	65512.8	64820.5	65512.8	
66435.9	64359	66435.9	64359	66435.9	
64102.6	64359	64102.6	64359	64102.6	
65461.5	65128.2	65461.5	65128.2	65461.5	
64871.8	65333.3	64871.8	65333.3	64871.8	
66359	62359	66359	62359	66359	
65897.4	64359	65897.4	64359	65897.4	
66435.9	63076.9	66435.9	63076.9	66435.9	
65256.4	64743.6	65256.4	64743.6	65256.4	
64359	63897.4	64359	63897.4	64359	
66615.4	64230.8	66615.4	64230.8	66615.4	
64615.4	65256.4	64615.4	65256.4	64615.4	
64615.4	64615.4	64615.4	64615.4	64615.4	
64435.9	66359	64435.9	66359	64435.9	
66435.9	64743.6	66435.9	64743.6	66435.9	
65333.3	65717.9	65333.3	65717.9	65333.3	
66564.1	65717.9	66564.1	65717.9	66564.1	
65256.4	64743.6	65256.4	64743.6	65256.4	
63205.1	64692.3	63205.1	64692.3	63205.1	
64615.4	64820.5	64615.4	64820.5	64615.4	
64948.7	67461.5	64948.7	67461.5	64948.7	
65333.3	65897.4	65333.3	65897.4	65333.3	
63641	67000	63641	67000	63641	
66230.8	64743.6	66230.8	64743.6	66230.8	
65512.8	63897.4	65512.8	63897.4	65512.8	
63846.2	63589.7	63846.2	63589.7	63846.2	
64820.5	64871.8	64820.5	64871.8	64820.5	
64871.8	64230.8	64871.8	64230.8	64871.8	
64743.6	63512.8	64743.6	63512.8	64743.6	
63256.4	65384.6	63256.4	65384.6	63256.4	
66051.3	65384.6	66051.3	65384.6	66051.3	
65333.3	66051.3	65333.3	66051.3	65333.3	
66435.9	65461.5	66435.9	65461.5	66435.9	
65461.5	65333.3	65461.5	65333.3	65461.5	
65333.3	65512.8	65333.3	65512.8	65333.3	
64435.9	67076.9	64435.9	67076.9	64435.9	
64820.5	64025.6	64820.5	64025.6	64820.5	
64359	65512.8	64359	65512.8	64359	
64615.4	63641	64615.4	63641	64615.4	
62871.8	62743.6	62871.8	62743.6	62871.8	
63717.9	65589.7	63717.9	65589.7	63717.9	
65974.4	67000	65974.4	67000	65974.4	
66692.3	64153.8	66692.3	64153.8	66692.3	
64743.6	66051.3	64743.6	66051.3	64743.6	
64487.2	65717.9	64487.2	65717.9	64487.2	
64564.1	63897.4	64564.1	63897.4	64564.1	
65256.4	65000	65256.4	65000	65256.4	
64487.2	66820.5	64487.2	66820.5	64487.2	
64435.9	64692.3	64435.9	64692.3	64435.9	
65205.1	64359	65205.1	64359	65205.1	
64948.7	63333.3	64948.7	63333.3	64948.7	
64025.6	65846.2	64025.6	65846.2	64025.6	
63897.4	66230.8	63897.4	66230.8	63897.4	
63974.4	65256.4	63974.4	65256.4	63974.4	
65384.6	65769.2	65384.6	65769.2	65384.6	
63589.7	65384.6	63589.7	65384.6	63589.7	
63769.2	65333.3	63769.2	65333.3	63769.2	
66051.3	65128.2	66051.3	65128.2	66051.3	
66487.2	64820.5	66487.2	64820.5	66487.2	
64102.6	64025.6	64102.6	64025.6	64102.6	
64487.2	64359	64487.2	64359	64487.2	
64948.7	65333.3	64948.7	65333.3	64948.7	
64948.7	65000	64948.7	65000	64948.7	
64487.2	64282.1	64487.2	64282.1	64487.2	
64230.8	66743.6	64230.8	66743.6	64230.8	
64820.5	63974.4	64820.5	63974.4	64820.5	
64615.4	66359	64615.4	66359	64615.4	
64102.6	66871.8	64102.6	66871.8	64102.6	
66102.6	66102.6	66102.6	66102.6	66102.6	
64564.1	65641	64564.1	65641	64564.1	
64153.8	64564.1	64153.8	64564.1	64153.8	
66435.9	64435.9	66435.9	64435.9	66435.9	
64359	63641	64359	63641	64359	
64692.3	64692.3	64692.3	64692.3	64692.3	
63769.2	64487.2	63769.2	64487.2	63769.2	
65641	63384.6	65641	63384.6	65641	
65384.6	64743.6	65384.6	64743.6	65384.6	
64743.6	64230.8	64743.6	64230.8	64743.6	
65512.8	64487.2	65512.8	64487.2	65512.8	
64435.9	64948.7	64435.9	64948.7	64435.9	
65769.2	64871.8	65769.2	64871.8	65769.2	
65641	63769.2	65641	63769.2	65641	
64282.1	63769.2	64282.1	63769.2	64282.1	
65333.3	64820.5	65333.3	64820.5	65333.3	
65000	65256.4	65000	65256.4	65000	
66102.6	66948.7	66102.6	66948.7	66102.6	
66948.7	64948.7	66948.7	64948.7	66948.7	
64692.3	65589.7	64692.3	65589.7	64692.3	
65974.4	63769.2	65974.4	63769.2	65974.4	
62871.8	64948.7	62871.8	64948.7	62871.8	
65076.9	66307.7	65076.9	66307.7	65076.9	
64615.4	64102.6	64615.4	64102.6	64615.4	
65000	64025.6	65000	64025.6	65000	
66435.9	64948.7	66435.9	64948.7	66435.9	
64615.4	64230.8	64615.4	64230.8	64615.4	
66359	64692.3	66359	64692.3	66359	
65128.2	65641	65128.2	65641	65128.2	
64820.5	66615.4	64820.5	66615.4	64820.5	
65256.4	65384.6	65256.4	65384.6	65256.4	
65000	64820.5	65000	64820.5	65000	
63897.4	63333.3	63897.4	63333.3	63897.4	
63461.5	64615.4	63461.5	64615.4	63461.5	
64564.1	65461.5	64564.1	65461.5	64564.1	
63641	63717.9	63641	63717.9	63641	
65205.1	64692.3	65205.1	64692.3	65205.1	
61384.6	64102.6	61384.6	64102.6	61384.6	
65205.1	66051.3	65205.1	66051.3	65205.1	
66615.4	63846.2	66615.4	63846.2	66615.4	
65897.4	64692.3	65897.4	64692.3	65897.4	
64871.8	65000	64871.8	65000	64871.8	
65461.5	64359	65461.5	64359	65461.5	
64230.8	65846.2	64230.8	65846.2	64230.8	
63897.4	65512.8	63897.4	65512.8	63897.4	
67076.9	65641	67076.9	65641	67076.9	
64871.8	62871.8	64871.8	62871.8	64871.8	
66179.5	64102.6	66179.5	64102.6	66179.5	
66615.4	64692.3	66615.4	64692.3	66615.4	
66051.3	63897.4	66051.3	63897.4	66051.3	
65333.3	62666.7	65333.3	62666.7	65333.3	
64102.6	63974.4	64102.6	63974.4	64102.6	
66051.3	64743.6	66051.3	64743.6	66051.3	
63641	64359	63641	64359	63641	
64948.7	65384.6	64948.7	65384.6	64948.7	
64025.6	64282.1	64025.6	64282.1	64025.6	
63974.4	63384.6	63974.4	63384.6	63974.4	
64820.5	64153.8	64820.5	64153.8	64820.5	
64871.8	66820.5	64871.8	66820.5	64871.8	
64743.6	66307.7	64743.6	66307.7	64743.6	
63769.2	64282.1	63769.2	64282.1	63769.2	
65205.1	65512.8	65205.1	65512.8	65205.1	
63128.2	65000	63128.2	65000	63128.2	
65000	64564.1	65000	64564.1	65000	
65461.5	65333.3	65461.5	65333.3	65461.5	
64435.9	62359	64435.9	62359	64435.9	
64487.2	64564.1	64487.2	64564.1	64487.2	
63589.7	64820.5	63589.7	64820.5	63589.7	
65461.5	64435.9	65461.5	64435.9	65461.5	
65769.2	62615.4	65769.2	62615.4	65769.2	
65769.2	62153.8	65769.2	62153.8	65769.2	
66230.8	66102.6	66230.8	66102.6	66230.8	
64615.4	64948.7	64615.4	64948.7	64615.4	
64871.8	63846.2	64871.8	63846.2	64871.8	
63512.8	64871.8	63512.8	64871.8	63512.8	
65205.1	66743.6	65205.1	66743.6	65205.1	
63974.4	64153.8	63974.4	64153.8	63974.4	
66051.3	64743.6	66051.3	64743.6	66051.3	
63589.7	63205.1	63589.7	63205.1	63589.7	
65205.1	65000	65205.1	65000	65205.1	
65897.4	63974.4	65897.4	63974.4	65897.4	
63769.2	64615.4	63769.2	64615.4	63769.2	
64282.1	67000	64282.1	67000	64282.1	
65000	65333.3	65000	65333.3	65000	
65128.2	65589.7	65128.2	65589.7	65128.2	
63205.1	65076.9	63205.1	65076.9	63205.1	
64564.1	65256.4	64564.1	65256.4	64564.1	
66359	64615.4	66359	64615.4	66359	
64820.5	64564.1	64820.5	64564.1	64820.5	
65256.4	64564.1	65256.4	64564.1	65256.4	
65589.7	65589.7	65589.7	65589.7	65589.7	
65076.9	66230.8	65076.9	66230.8	65076.9	
65717.9	64230.8	65717.9	64230.8	65717.9	
63769.2	66743.6	63769.2	66743.6	63769.2	
64948.7	66102.6	64948.7	66102.6	64948.7	
65717.9	64153.8	65717.9	64153.8	65717.9	
64435.9	64615.4	64435.9	64615.4	64435.9	
66307.7	64820.5	66307.7	64820.5	66307.7	
63897.4	64230.8	63897.4	64230.8	63897.4	
64230.8	63641	64230.8	63641	64230.8	
63461.5	64615.4	63461.5	64615.4	63461.5	
65897.4	65897.4	65897.4	65897.4	65897.4	
63641	67128.2	63641	67128.2	63641	
63846.2	65461.5	63846.2	65461.5	63846.2	
65974.4	64615.4	65974.4	64615.4	65974.4	
65461.5	65769.2	65461.5	65769.2	65461.5	
65128.2	66435.9	65128.2	66435.9	65128.2	
65256.4	64692.3	65256.4	64692.3	65256.4	
63461.5	65512.8	63461.5	65512.8	63461.5	
64359	65641	64359	65641	64359	
65512.8	64820.5	65512.8	64820.5	65512.8	
64487.2	63717.9	64487.2	63717.9	64487.2	
64564.1	63589.7	64564.1	63589.7	64564.1	
64564.1	64692.3	64564.1	64692.3	64564.1	
63846.2	65000	63846.2	65000	63846.2	
63256.4	64948.7	63256.4	64948.7	63256.4	
64692.3	65461.5	64692.3	65461.5	64692.3	
65333.3	65641	65333.3	65641	65333.3	
66487.2	63974.4	66487.2	63974.4	66487.2	
63846.2	65076.9	63846.2	65076.9	63846.2	
63256.4	65641	63256.4	65641	63256.4	
66435.9	63974.4	66435.9	63974.4	66435.9	
64820.5	64359	64820.5	64359	64820.5	
65000	65205.1	65000	65205.1	65000	
64102.6	64948.7	64102.6	64948.7	64102.6	
63641	64230.8	63641	64230.8	63641	
62410.3	65076.9	62410.3	65076.9	62410.3	
65076.9	63974.4	65076.9	63974.4	65076.9	
63512.8	65769.2	63512.8	65769.2	63512.8	
65128.2	66051.3	65128.2	66051.3	65128.2	
64615.4	64025.6	64615.4	64025.6	64615.4	
66102.6	63769.2	66102.6	63769.2	66102.6	
64025.6	63384.6	64025.6	63384.6	64025.6	
65076.9	63769.2	65076.9	63769.2	65076.9	
65641	65589.7	65641	65589.7	65641	
66051.3	63897.4	66051.3	63897.4	66051.3	
63384.6	63512.8	63384.6	63512.8	63384.6	
65846.2	62948.7	65846.2	62948.7	65846.2	
65717.9	64025.6	65717.9	64025.6	65717.9	
66948.7	63384.6	66948.7	63384.6	66948.7	
65461.5	64102.6	65461.5	64102.6	65461.5	
65000	65974.4	65000	65974.4	65000	
64282.1	66102.6	64282.1	66102.6	64282.1	
64230.8	64820.5	64230.8	64820.5	64230.8	
65897.4	65128.2	65897.4	65128.2	65897.4	
66051.3	65769.2	66051.3	65769.2	66051.3	
65333.3	64615.4	65333.3	64615.4	65333.3	
66487.2	64948.7	66487.2	64948.7	66487.2	
67128.2	67000	67128.2	67000	67128.2	
65384.6	64102.6	65384.6	64102.6	65384.6	
62871.8	64820.5	62871.8	64820.5	62871.8	
64153.8	64230.8	64153.8	64230.8	64153.8	
65641	64743.6	65641	64743.6	65641	
65589.7	65256.4	65589.7	65256.4	65589.7	
64102.6	65897.4	64102.6	65897.4	64102.6	
64871.8	67666.7	64871.8	67666.7	64871.8	
65384.6	67666.7	65384.6	67666.7	65384.6	
63717.9	66102.6	63717.9	66102.6	63717.9	
64948.7	65333.3	64948.7	65333.3	64948.7	
66692.3	65769.2	66692.3	65769.2	66692.3	
64615.4	63897.4	64615.4	63897.4	64615.4	
64487.2	65461.5	64487.2	65461.5	64487.2	
64948.7	66487.2	64948.7	66487.2	64948.7	
64359	64948.7	64359	64948.7	64359	
64871.8	64153.8	64871.8	64153.8	64871.8	
63846.2	63076.9	63846.2	63076.9	63846.2	
63897.4	63717.9	63897.4	63717.9	63897.4	
65769.2	63974.4	65769.2	63974.4	65769.2	
65769.2	64359	65769.2	64359	65769.2	
64487.2	66307.7	64487.2	66307.7	64487.2	
64743.6	64102.6	64743.6	64102.6	64743.6	
65384.6	66871.8	65384.6	66871.8	65384.6	
66102.6	66487.2	66102.6	66487.2	66102.6	
65974.4	63589.7	65974.4	63589.7	65974.4	
65076.9	64692.3	65076.9	64692.3	65076.9	
64435.9	62410.3	64435.9	62410.3	64435.9	
64743.6	64435.9	64743.6	64435.9	64743.6	
65589.7	65256.4	65589.7	65256.4	65589.7	
64102.6	65512.8	64102.6	65512.8	64102.6	
65205.1	65641	65205.1	65641	65205.1	
65000	65076.9	65000	65076.9	65000	
64564.1	63205.1	64564.1	63205.1	64564.1	
64435.9	66743.6	64435.9	66743.6	64435.9	
63846.2	64435.9	63846.2	64435.9	63846.2	
65000	65897.4	65000	65897.4	65000	
65589.7	63512.8	65589.7	63512.8	65589.7	
64435.9	65076.9	64435.9	65076.9	64435.9	
65769.2	63974.4	65769.2	63974.4	65769.2	
65256.4	63333.3	65256.4	63333.3	65256.4	
63897.4	63589.7	63897.4	63589.7	63897.4	
65205.1	65076.9	65205.1	65076.9	65205.1	
65384.6	65076.9	65384.6	65076.9	65384.6	
64282.1	64153.8	64282.1	64153.8	64282.1	
64435.9	65128.2	64435.9	65128.2	64435.9	
65769.2	61769.2	65769.2	61769.2	65769.2	
64102.6	65333.3	64102.6	65333.3	64102.6	
65128.2	64692.3	65128.2	64692.3	65128.2	
63641	64871.8	63641	64871.8	63641	
65128.2	64487.2	65128.2	64487.2	65128.2	
66615.4	66179.5	66615.4	66179.5	66615.4	
64743.6	65076.9	64743.6	65076.9	64743.6	
65641	64743.6	65641	64743.6	65641	
65000	64487.2	65000	64487.2	65000	
63846.2	64820.5	63846.2	64820.5	63846.2	
64564.1	65512.8	64564.1	65512.8	64564.1	
64692.3	65461.5	64692.3	65461.5	64692.3	
65256.4	65205.1	65256.4	65205.1	65256.4	
65461.5	65205.1	65461.5	65205.1	65461.5	
65512.8	64948.7	65512.8	64948.7	65512.8	
66359	66487.2	66359	66487.2	66359	
65769.2	65897.4	65769.2	65897.4	65769.2	
65076.9	65641	65076.9	65641	65076.9	
67205.1	65769.2	67205.1	65769.2	67205.1	
64692.3	65384.6	64692.3	65384.6	64692.3	
64948.7	65000	64948.7	65000	64948.7	
64282.1	64871.8	64282.1	64871.8	64282.1	
64948.7	65641	64948.7	65641	64948.7	
64359	64948.7	64359	64948.7	64359	
64487.2	63461.5	64487.2	63461.5	64487.2	
67205.1	64025.6	67205.1	64025.6	67205.1	
64282.1	66564.1	64282.1	66564.1	64282.1	
65897.4	65256.4	65897.4	65256.4	65897.4	
65128.2	65384.6	65128.2	65384.6	65128.2	
64564.1	64282.1	64564.1	64282.1	64564.1	
63717.9	65717.9	63717.9	65717.9	63717.9	
64692.3	64025.6	64692.3	64025.6	64692.3	
67205.1	64564.1	67205.1	64564.1	67205.1	
64615.4	64359	64615.4	64359	64615.4	
63897.4	64435.9	63897.4	64435.9	63897.4	
64435.9	65641	64435.9	65641	64435.9	
65128.2	67128.2	65128.2	67128.2	65128.2	
64743.6	63512.8	64743.6	63512.8	64743.6	
66179.5	63461.5	66179.5	63461.5	66179.5	
67076.9	65769.2	67076.9	65769.2	67076.9	
64871.8	66692.3	64871.8	66692.3	64871.8	
64615.4	64820.5	64615.4	64820.5	64615.4	
64948.7	63897.4	64948.7	63897.4	64948.7	
66179.5	64948.7	66179.5	64948.7	66179.5	
65589.7	65333.3	65589.7	65333.3	65589.7	
65512.8	65641	65512.8	65641	65512.8	
65512.8	64435.9	65512.8	64435.9	65512.8	
66051.3	65128.2	66051.3	65128.2	66051.3	
65128.2	65384.6	65128.2	65384.6	65128.2	
65974.4	66359	65974.4	66359	65974.4	
65076.9	65641	65076.9	65641	65076.9	
65333.3	64230.8	65333.3	64230.8	65333.3	
65205.1	64615.4	65205.1	64615.4	65205.1	
63974.4	65641	63974.4	65641	63974.4	
64102.6	63000	64102.6	63000	64102.6	
63384.6	65000	63384.6	65000	63384.6	
66102.6	63641	66102.6	63641	66102.6	
64230.8	65384.6	64230.8	65384.6	64230.8	
65076.9	64102.6	65076.9	64102.6	65076.9	
66435.9	65461.5	66435.9	65461.5	66435.9	
65000	66743.6	65000	66743.6	65000	
65461.5	64230.8	65461.5	64230.8	65461.5	
64435.9	65641	64435.9	65641	64435.9	
64025.6	63974.4	64025.6	63974.4	64025.6	
64102.6	65897.4	64102.6	65897.4	64102.6	
64820.5	63717.9	64820.5	63717.9	64820.5	
65384.6	66615.4	65384.6	66615.4	65384.6	
64359	65256.4	64359	65256.4	64359	
65205.1	63512.8	65205.1	63512.8	65205.1	
65000	65384.6	65000	65384.6	65000	
64435.9	66102.6	64435.9	66102.6	64435.9	
65641	64692.3	65641	64692.3	65641	
65256.4	65333.3	65256.4	65333.3	65256.4	
66435.9	63641	66435.9	63641	66435.9	
64564.1	63846.2	64564.1	63846.2	64564.1	
64743.6	64820.5	64743.6	64820.5	64743.6	
64615.4	65256.4	64615.4	65256.4	64615.4	
63769.2	62871.8	63769.2	62871.8	63769.2	
63461.5	65000	63461.5	65000	63461.5	
65461.5	64615.4	65461.5	64615.4	65461.5	
63641	64435.9	63641	64435.9	63641	
64359	64025.6	64359	64025.6	64359	
65589.7	62948.7	65589.7	62948.7	65589.7	
65205.1	64692.3	65205.1	64692.3	65205.1	
65512.8	64230.8	65512.8	64230.8	65512.8	
65512.8	65384.6	65512.8	65384.6	65512.8	
63717.9	65974.4	63717.9	65974.4	63717.9	
65717.9	65717.9	65717.9	65717.9	65717.9	
65128.2	63717.9	65128.2	63717.9	65128.2	
64025.6	66230.8	64025.6	66230.8	64025.6	
63641	66564.1	63641	66564.1	63641	
64692.3	65641	64692.3	65641	64692.3	
66051.3	63717.9	66051.3	63717.9	66051.3	
65000	65717.9	65000	65717.9	65000	
64282.1	64359	64282.1	64359	64282.1	
65000	63384.6	65000	63384.6	65000	
64615.4	65256.4	64615.4	65256.4	64615.4	
65589.7	64282.1	65589.7	64282.1	65589.7	
65589.7	64102.6	65589.7	64102.6	65589.7	
64025.6	63205.1	64025.6	63205.1	64025.6	
64820.5	65000	64820.5	65000	64820.5	
65256.4	65717.9	65256.4	65717.9	65256.4	
65717.9	66359	65717.9	66359	65717.9	
64692.3	65512.8	64692.3	65512.8	64692.3	
63897.4	64948.7	63897.4	64948.7	63897.4	
65589.7	64564.1	65589.7	64564.1	65589.7	
65974.4	65256.4	65974.4	65256.4	65974.4	
66820.5	62102.6	66820.5	62102.6	66820.5	
64871.8	63512.8	64871.8	63512.8	64871.8	
66179.5	66179.5	66179.5	66179.5	66179.5	
64435.9	65717.9	64435.9	65717.9	64435.9	
62948.7	65589.7	62948.7	65589.7	62948.7	
63256.4	64615.4	63256.4	64615.4	63256.4	
65256.4	63897.4	65256.4	63897.4	65256.4	
64487.2	64871.8	64487.2	64871.8	64487.2	
64359	64359	64359	64359	64359	
64435.9	63512.8	64435.9	63512.8	64435.9	
65846.2	65641	65846.2	65641	65846.2	
64153.8	64871.8	64153.8	64871.8	64153.8	
62743.6	63589.7	62743.6	63589.7	62743.6	
64743.6	65512.8	64743.6	65512.8	64743.6	
65128.2	65076.9	65128.2	65076.9	65128.2	
64025.6	64230.8	64025.6	64230.8	64025.6	
65000	65256.4	65000	65256.4	65000	
64153.8	66051.3	64153.8	66051.3	64153.8	
65205.1	66102.6	65205.1	66102.6	65205.1	
64102.6	65846.2	64102.6	65846.2	64102.6	
65205.1	65333.3	65205.1	65333.3	65205.1	
66871.8	64025.6	66871.8	64025.6	66871.8	
64359	64564.1	64359	64564.1	64359	
65641	65333.3	65641	65333.3	65641	
65000	63897.4	65000	63897.4	65000	
65128.2	65076.9	65128.2	65076.9	65128.2	
63384.6	63512.8	63384.6	63512.8	63384.6	
66692.3	64282.1	66692.3	64282.1	66692.3	
64102.6	65589.7	64102.6	65589.7	64102.6	
64282.1	64871.8	64282.1	64871.8	64282.1	
63589.7	64564.1	63589.7	64564.1	63589.7	
64102.6	64948.7	64102.6	64948.7	64102.6	
66820.5	65846.2	66820.5	65846.2	66820.5	
64487.2	64282.1	64487.2	64282.1	64487.2	
64692.3	64102.6	64692.3	64102.6	64692.3	
63717.9	65205.1	63717.9	65205.1	63717.9	
65769.2	66435.9	65769.2	66435.9	65769.2	
65076.9	67000	65076.9	67000	65076.9	
65589.7	64564.1	65589.7	64564.1	65589.7	
64230.8	66051.3	64230.8	66051.3	64230.8	
65717.9	64230.8	65717.9	64230.8	65717.9	
65205.1	65000	65205.1	65000	65205.1	
63769.2	67076.9	63769.2	67076.9	63769.2	
63641	64025.6	63641	64025.6	63641	
64282.1	65333.3	64282.1	65333.3	64282.1	
64487.2	64564.1	64487.2	64564.1	64487.2	
63974.4	63384.6	63974.4	63384.6	63974.4	
65076.9	64025.6	65076.9	64025.6	65076.9	
65000	64820.5	65000	64820.5	65000	
65974.4	63641	65974.4	63641	65974.4	
63512.8	63769.2	63512.8	63769.2	63512.8	
66743.6	64615.4	66743.6	64615.4	66743.6	
64820.5	64282.1	64820.5	64282.1	64820.5	
65589.7	63897.4	65589.7	63897.4	65589.7	
64487.2	64615.4	64487.2	64615.4	64487.2	
64692.3	64282.1	64692.3	64282.1	64692.3	
63717.9	63974.4	63717.9	63974.4	63717.9	
63769.2	64435.9	63769.2	64435.9	63769.2	
63769.2	63333.3	63769.2	63333.3	63769.2	
64692.3	67589.7	64692.3	67589.7	64692.3	
65256.4	65974.4	65256.4	65974.4	65256.4	
65333.3	63641	65333.3	63641	65333.3	
64692.3	64615.4	64692.3	64615.4	64692.3	
63384.6	65512.8	63384.6	65512.8	63384.6	
63461.5	65333.3	63461.5	65333.3	63461.5	
65589.7	63461.5	65589.7	63461.5	65589.7	
63897.4	64487.2	63897.4	64487.2	63897.4	
65512.8	62948.7	65512.8	62948.7	65512.8	
66435.9	63897.4	66435.9	63897.4	66435.9	
64820.5	67666.7	64820.5	67666.7	64820.5	
66359	62487.2	66359	62487.2	66359	
63589.7	62487.2	63589.7	62487.2	63589.7	
65333.3	64025.6	65333.3	64025.6	65333.3	
63846.2	67205.1	63846.2	67205.1	63846.2	
65974.4	64153.8	65974.4	64153.8	65974.4	
64282.1	66487.2	64282.1	66487.2	64282.1	
65128.2	65589.7	65128.2	65589.7	65128.2	
64948.7	65333.3	64948.7	65333.3	64948.7	
66051.3	64359	66051.3	64359	66051.3	
65769.2	63974.4	65769.2	63974.4	65769.2	
63897.4	66435.9	63897.4	66435.9	63897.4	
64615.4	63512.8	64615.4	63512.8	64615.4	
65000	64820.5	65000	64820.5	65000	
65076.9	64487.2	65076.9	64487.2	65076.9	
64282.1	63128.2	64282.1	63128.2	64282.1	
65897.4	65641	65897.4	65641	65897.4	
65000	64153.8	65000	64153.8	65000	
64948.7	64692.3	64948.7	64692.3	64948.7	
65589.7	65846.2	65589.7	65846.2	65589.7	
65589.7	65512.8	65589.7	65512.8	65589.7	
65128.2	64102.6	65128.2	64102.6	65128.2	
64948.7	65512.8	64948.7	65512.8	64948.7	
64743.6	64743.6	64743.6	64743.6	64743.6	
63000	63897.4	63000	63897.4	63000	
62743.6	64282.1	62743.6	64282.1	62743.6	
66692.3	67461.5	66692.3	67461.5	66692.3	
64487.2	64692.3	64487.2	64692.3	64487.2	
65076.9	65205.1	65076.9	65205.1	65076.9	
66871.8	62282.1	66871.8	62282.1	66871.8	
65589.7	64948.7	65589.7	64948.7	65589.7	
65512.8	64230.8	65512.8	64230.8	65512.8	
65717.9	63974.4	65717.9	63974.4	65717.9	
64282.1	64871.8	64282.1	64871.8	64282.1	
64435.9	64615.4	64435.9	64615.4	64435.9	
64564.1	64743.6	64564.1	64743.6	64564.1	
63641	65205.1	63641	65205.1	63641	
65384.6	65205.1	65384.6	65205.1	65384.6	
64692.3	66179.5	64692.3	66179.5	64692.3	
65000	64359	65000	64359	65000	
64692.3	65333.3	64692.3	65333.3	64692.3	
64871.8	64871.8	64871.8	64871.8	64871.8	
63717.9	66179.5	63717.9	66179.5	63717.9	
65769.2	64230.8	65769.2	64230.8	65769.2	
65717.9	67589.7	65717.9	67589.7	65717.9	
63461.5	65333.3	63461.5	65333.3	63461.5	
64871.8	66051.3	64871.8	66051.3	64871.8	
64948.7	64487.2	64948.7	64487.2	64948.7	
65461.5	62359	65461.5	62359	65461.5	
64230.8	64025.6	64230.8	64025.6	64230.8	
64564.1	64692.3	64564.1	64692.3	64564.1	
64359	65076.9	64359	65076.9	64359	
66051.3	66359	66051.3	66359	66051.3	
65512.8	65384.6	65512.8	65384.6	65512.8	
66230.8	66487.2	66230.8	66487.2	66230.8	
66359	63205.1	66359	63205.1	66359	
63076.9	64948.7	63076.9	64948.7	63076.9	
63897.4	64564.1	63897.4	64564.1	63897.4	
64435.9	65512.8	64435.9	65512.8	64435.9	
63974.4	62948.7	63974.4	62948.7	63974.4	
64435.9	63641	64435.9	63641	64435.9	
66435.9	66564.1	66435.9	66564.1	66435.9	
65256.4	64948.7	65256.4	64948.7	65256.4	
65000	64564.1	65000	64564.1	65000	
65846.2	65846.2	65846.2	65846.2	65846.2	
65641	63205.1	65641	63205.1	65641	
62948.7	64948.7	62948.7	64948.7	62948.7	
65333.3	65384.6	65333.3	65384.6	65333.3	
64435.9	63512.8	64435.9	63512.8	64435.9	
66871.8	65333.3	66871.8	65333.3	66871.8	
63589.7	63897.4	63589.7	63897.4	63589.7	
63897.4	63717.9	63897.4	63717.9	63897.4	
63641	63076.9	63641	63076.9	63641	
64743.6	64948.7	64743.6	64948.7	64743.6	
64564.1	64025.6	64564.1	64025.6	64564.1	
66051.3	63974.4	66051.3	63974.4	66051.3	
65256.4	65205.1	65256.4	65205.1	65256.4	
65000	65512.8	65000	65512.8	65000	
65205.1	64230.8	65205.1	64230.8	65205.1	
65076.9	63641	65076.9	63641	65076.9	
66230.8	66871.8	66230.8	66871.8	66230.8	
65974.4	64871.8	65974.4	64871.8	65974.4	
65846.2	65974.4	65846.2	65974.4	65846.2	
65000	65846.2	65000	65846.2	65000	
65333.3	65897.4	65333.3	65897.4	65333.3	
63846.2	62871.8	63846.2	62871.8	63846.2	
66179.5	66307.7	66179.5	66307.7	66179.5	
64435.9	63846.2	64435.9	63846.2	64435.9	
64282.1	63897.4	64282.1	63897.4	64282.1	
64282.1	65897.4	64282.1	65897.4	64282.1	
64743.6	65000	64743.6	65000	64743.6	
65769.2	65461.5	65769.2	65461.5	65769.2	
63076.9	64230.8	63076.9	64230.8	63076.9	
66359	64743.6	66359	64743.6	66359	
65461.5	65897.4	65461.5	65897.4	65461.5	
63641	63512.8	63641	63512.8	63641	
66230.8	65256.4	66230.8	65256.4	66230.8	
64615.4	65205.1	64615.4	65205.1	64615.4	
63256.4	65846.2	63256.4	65846.2	63256.4	
65512.8	63974.4	65512.8	63974.4	65512.8	
64871.8	63256.4	64871.8	63256.4	64871.8	
65256.4	66102.6	65256.4	66102.6	65256.4	
63333.3	65256.4	63333.3	65256.4	63333.3	
64282.1	62871.8	64282.1	62871.8	64282.1	
64820.5	64820.5	64820.5	64820.5	64820.5	
64359	64564.1	64359	64564.1	64359	
64692.3	64025.6	64692.3	64025.6	64692.3	
65897.4	64564.1	65897.4	64564.1	65897.4	
64692.3	63717.9	64692.3	63717.9	64692.3	
64153.8	64025.6	64153.8	64025.6	64153.8	
63333.3	63769.2	63333.3	63769.2	63333.3	
65641	64153.8	65641	64153.8	65641	
64871.8	64948.7	64871.8	64948.7	64871.8	
73282.1	74384.6	73282.1	74384.6	73282.1	
65897.4	64435.9	65897.4	64435.9	65897.4	
63974.4	64025.6	63974.4	64025.6	63974.4	
63846.2	64487.2	63846.2	64487.2	63846.2	
66564.1	64230.8	66564.1	64230.8	66564.1	
65205.1	66102.6	65205.1	66102.6	65205.1	
64743.6	64230.8	64743.6	64230.8	64743.6	
65461.5	66102.6	65461.5	66102.6	65461.5	
64615.4	65076.9	64615.4	65076.9	64615.4	
65846.2	64692.3	65846.2	64692.3	65846.2	
65256.4	63512.8	65256.4	63512.8	65256.4	
65461.5	64282.1	65461.5	64282.1	65461.5	
65128.2	64692.3	65128.2	64692.3	65128.2	
65512.8	64820.5	65512.8	64820.5	65512.8	
65589.7	63461.5	65589.7	63461.5	65589.7	
64692.3	64435.9	64692.3	64435.9	64692.3	
64615.4	63256.4	64615.4	63256.4	64615.4	
65512.8	65769.2	65512.8	65769.2	65512.8	
64564.1	64282.1	64564.1	64282.1	64564.1	
65333.3	66615.4	65333.3	66615.4	65333.3	
64487.2	63333.3	64487.2	63333.3	64487.2	
65000	64692.3	65000	64692.3	65000	
64435.9	64025.6	64435.9	64025.6	64435.9	
63769.2	64564.1	63769.2	64564.1	63769.2	
66487.2	65717.9	66487.2	65717.9	66487.2	
65461.5	63974.4	65461.5	63974.4	65461.5	
65974.4	65384.6	65974.4	65384.6	65974.4	
65384.6	64820.5	65384.6	64820.5	65384.6	
65461.5	65333.3	65461.5	65333.3	65461.5	
65641	63974.4	65641	63974.4	65641	
65000	65076.9	65000	65076.9	65000	
65512.8	66692.3	65512.8	66692.3	65512.8	
67461.5	65333.3	67461.5	65333.3	67461.5	
64487.2	65076.9	64487.2	65076.9	64487.2	
63589.7	64564.1	63589.7	64564.1	63589.7	
65589.7	65589.7	65589.7	65589.7	65589.7	
64948.7	63205.1	64948.7	63205.1	64948.7	
65000	65076.9	65000	65076.9	65000	
62615.4	64282.1	62615.4	64282.1	62615.4	
65000	65846.2	65000	65846.2	65000	
64435.9	64692.3	64435.9	64692.3	64435.9	
65384.6	66102.6	65384.6	66102.6	65384.6	
63769.2	65461.5	63769.2	65461.5	63769.2	
64743.6	64435.9	64743.6	64435.9	64743.6	
63641	63769.2	63641	63769.2	63641	
64230.8	64102.6	64230.8	64102.6	64230.8	
64615.4	66102.6	64615.4	66102.6	64615.4	
64025.6	63717.9	64025.6	63717.9	64025.6	
66230.8	64871.8	66230.8	64871.8	66230.8	
63461.5	65205.1	63461.5	65205.1	63461.5	
64564.1	64743.6	64564.1	64743.6	64564.1	
63974.4	64692.3	63974.4	64692.3	63974.4	
62615.4	65333.3	62615.4	65333.3	62615.4	
63846.2	63076.9	63846.2	63076.9	63846.2	
64820.5	64487.2	64820.5	64487.2	64820.5	
65589.7	65076.9	65589.7	65076.9	65589.7	
66743.6	65128.2	66743.6	65128.2	66743.6	
64871.8	63512.8	64871.8	63512.8	64871.8	
64102.6	63461.5	64102.6	63461.5	64102.6	
64435.9	65589.7	64435.9	65589.7	64435.9	
64153.8	63769.2	64153.8	63769.2	64153.8	
65641	65769.2	65641	65769.2	65641	
64871.8	62871.8	64871.8	62871.8	64871.8	
65769.2	65076.9	65769.2	65076.9	65769.2	
64230.8	64692.3	64230.8	64692.3	64230.8	
64102.6	63769.2	64102.6	63769.2	64102.6	
66564.1	65846.2	66564.1	65846.2	66564.1	
63974.4	63717.9	63974.4	63717.9	63974.4	
63128.2	64153.8	63128.2	64153.8	63128.2	
65205.1	63974.4	65205.1	63974.4	65205.1	
65897.4	64282.1	65897.4	64282.1	65897.4	
63641	64435.9	63641	64435.9	63641	
64025.6	66102.6	64025.6	66102.6	64025.6	
65641	64230.8	65641	64230.8	65641	
65384.6	65461.5	65384.6	65461.5	65384.6	
65128.2	67000	65128.2	67000	65128.2	
65512.8	64615.4	65512.8	64615.4	65512.8	
63897.4	65076.9	63897.4	65076.9	63897.4	
65512.8	65589.7	65512.8	65589.7	65512.8	
64102.6	65256.4	64102.6	65256.4	64102.6	
64102.6	64487.2	64102.6	64487.2	64102.6	
65333.3	65128.2	65333.3	65128.2	65333.3	
64230.8	65076.9	64230.8	65076.9	64230.8	
62487.2	64025.6	62487.2	64025.6	62487.2	
65256.4	65205.1	65256.4	65205.1	65256.4	
64615.4	66102.6	64615.4	66102.6	64615.4	
63384.6	63076.9	63384.6	63076.9	63384.6	
61717.9	64435.9	61717.9	64435.9	61717.9	
63769.2	65076.9	63769.2	65076.9	63769.2	
64282.1	65128.2	64282.1	65128.2	64282.1	
64230.8	63897.4	64230.8	63897.4	64230.8	
63589.7	64743.6	63589.7	64743.6	63589.7	
64435.9	66051.3	64435.9	66051.3	64435.9	
65076.9	65333.3	65076.9	65333.3	65076.9	
65974.4	63974.4	65974.4	63974.4	65974.4	
65333.3	63974.4	65333.3	63974.4	65333.3	
63974.4	65333.3	63974.4	65333.3	63974.4	
62282.1	63128.2	62282.1	63128.2	62282.1	
65717.9	64153.8	65717.9	64153.8	65717.9	
62948.7	67000	62948.7	67000	62948.7	
64435.9	64435.9	64435.9	64435.9	64435.9	
65205.1	65461.5	65205.1	65461.5	65205.1	
63205.1	65512.8	63205.1	65512.8	63205.1	
64230.8	64871.8	64230.8	64871.8	64230.8	
65717.9	65000	65717.9	65000	65717.9	
64615.4	63974.4	64615.4	63974.4	64615.4	
65256.4	65512.8	65256.4	65512.8	65256.4	
64948.7	62230.8	64948.7	62230.8	64948.7	
65717.9	65128.2	65717.9	65128.2	65717.9	
65512.8	65333.3	65512.8	65333.3	65512.8	
65128.2	65076.9	65128.2	65076.9	65128.2	
64692.3	65333.3	64692.3	65333.3	64692.3	
65000	65846.2	65000	65846.2	65000	
66435.9	62948.7	66435.9	62948.7	66435.9	
66230.8	64692.3	66230.8	64692.3	66230.8	
65000	64435.9	65000	64435.9	65000	
64743.6	64025.6	64743.6	64025.6	64743.6	
65461.5	64025.6	65461.5	64025.6	65461.5	
63461.5	65846.2	63461.5	65846.2	63461.5	
65769.2	64359	65769.2	64359	65769.2	
64692.3	64102.6	64692.3	64102.6	64692.3	
64025.6	66230.8	64025.6	66230.8	64025.6	
65256.4	65589.7	65256.4	65589.7	65256.4	
63000	62743.6	63000	62743.6	63000	
66102.6	64615.4	66102.6	64615.4	66102.6	
65384.6	65512.8	65384.6	65512.8	65384.6	
63769.2	63846.2	63769.2	63846.2	63769.2	
65461.5	64282.1	65461.5	64282.1	65461.5	
63769.2	64692.3	63769.2	64692.3	63769.2	
65846.2	66307.7	65846.2	66307.7	65846.2	
64230.8	65461.5	64230.8	65461.5	64230.8	
64820.5	63205.1	64820.5	63205.1	64820.5	
65000	64282.1	65000	64282.1	65000	
65846.2	65897.4	65846.2	65897.4	65846.2	
65333.3	64025.6	65333.3	64025.6	65333.3	
63769.2	64230.8	63769.2	64230.8	63769.2	
64025.6	63641	64025.6	63641	64025.6	
64564.1	63128.2	64564.1	63128.2	64564.1	
64692.3	64487.2	64692.3	64487.2	64692.3	
63769.2	67000	63769.2	67000	63769.2	
65846.2	64948.7	65846.2	64948.7	65846.2	
65846.2	65128.2	65846.2	65128.2	65846.2	
66102.6	64359	66102.6	64359	66102.6	
66307.7	64692.3	66307.7	64692.3	66307.7	
66102.6	63589.7	66102.6	63589.7	66102.6	
65205.1	64615.4	65205.1	64615.4	65205.1	
65076.9	66307.7	65076.9	66307.7	65076.9	
65974.4	65256.4	65974.4	65256.4	65974.4	
65333.3	65384.6	65333.3	65384.6	65333.3	
65717.9	65128.2	65717.9	65128.2	65717.9	
63333.3	62538.5	63333.3	62538.5	63333.3	
66102.6	65461.5	66102.6	65461.5	66102.6	
64871.8	65461.5	64871.8	65461.5	64871.8	
66102.6	63846.2	66102.6	63846.2	66102.6	
64487.2	63974.4	64487.2	63974.4	64487.2	
63974.4	64230.8	63974.4	64230.8	63974.4	
64564.1	66307.7	64564.1	66307.7	64564.1	
64487.2	63717.9	64487.2	63717.9	64487.2	
60923.1	64743.6	60923.1	64743.6	60923.1	
67128.2	64692.3	67128.2	64692.3	67128.2	
64948.7	65846.2	64948.7	65846.2	64948.7	
65589.7	63512.8	65589.7	63512.8	65589.7	
65846.2	64820.5	65846.2	64820.5	65846.2	
66230.8	64153.8	66230.8	64153.8	66230.8	
65076.9	64743.6	65076.9	64743.6	65076.9	
66051.3	62743.6	66051.3	62743.6	66051.3	
63512.8	65333.3	63512.8	65333.3	63512.8	
67794.9	66102.6	67794.9	66102.6	67794.9	
65256.4	63589.7	65256.4	63589.7	65256.4	
67000	64435.9	67000	64435.9	67000	
65717.9	66359	65717.9	66359	65717.9	
65205.1	64692.3	65205.1	64692.3	65205.1	
63461.5	64153.8	63461.5	64153.8	63461.5	
65076.9	63974.4	65076.9	63974.4	65076.9	
65512.8	65000	65512.8	65000	65512.8	
64615.4	64025.6	64615.4	64025.6	64615.4	
65256.4	63589.7	65256.4	63589.7	65256.4	
66487.2	63589.7	66487.2	63589.7	66487.2	
64564.1	67538.5	64564.1	67538.5	64564.1	
64820.5	65333.3	64820.5	65333.3	64820.5	
65000	64282.1	65000	64282.1	65000	
63512.8	64871.8	63512.8	64871.8	63512.8	
66435.9	65000	66435.9	65000	66435.9	
66615.4	63717.9	66615.4	63717.9	66615.4	
65589.7	65974.4	65589.7	65974.4	65589.7	
64025.6	65717.9	64025.6	65717.9	64025.6	
64564.1	65000	64564.1	65000	64564.1	
64743.6	63256.4	64743.6	63256.4	64743.6	
65461.5	65205.1	65461.5	65205.1	65461.5	
64692.3	65512.8	64692.3	65512.8	64692.3	
66615.4	64102.6	66615.4	64102.6	66615.4	
66487.2	64692.3	66487.2	64692.3	66487.2	
65589.7	66615.4	65589.7	66615.4	65589.7	
64871.8	63974.4	64871.8	63974.4	64871.8	
65128.2	65076.9	65128.2	65076.9	65128.2	
65461.5	65769.2	65461.5	65769.2	65461.5	
66179.5	66179.5	66179.5	66179.5	66179.5	
64153.8	65461.5	64153.8	65461.5	64153.8	
64487.2	63128.2	64487.2	63128.2	64487.2	
65384.6	63897.4	65384.6	63897.4	65384.6	
64615.4	62871.8	64615.4	62871.8	64615.4	
64743.6	64359	64743.6	64359	64743.6	
64102.6	65897.4	64102.6	65897.4	64102.6	
65846.2	65512.8	65846.2	65512.8	65846.2	
64359	65256.4	64359	65256.4	64359	
64487.2	65769.2	64487.2	65769.2	64487.2	
65589.7	64743.6	65589.7	64743.6	65589.7	
64615.4	65897.4	64615.4	65897.4	64615.4	
67128.2	67384.6	67128.2	67384.6	67128.2	
64230.8	64435.9	64230.8	64435.9	64230.8	
65461.5	64820.5	65461.5	64820.5	65461.5	
66487.2	64820.5	66487.2	64820.5	66487.2	
65769.2	65128.2	65769.2	65128.2	65769.2	
65846.2	63512.8	65846.2	63512.8	65846.2	
63897.4	66564.1	63897.4	66564.1	63897.4	
65128.2	65974.4	65128.2	65974.4	65128.2	
64230.8	64948.7	64230.8	64948.7	64230.8	
64692.3	64743.6	64692.3	64743.6	64692.3	
63000	65974.4	63000	65974.4	63000	
66307.7	67000	66307.7	67000	66307.7	
64359	65897.4	64359	65897.4	64359	
62487.2	66051.3	62487.2	66051.3	62487.2	
65769.2	64282.1	65769.2	64282.1	65769.2	
63256.4	66051.3	63256.4	66051.3	63256.4	
66359	65000	66359	65000	66359	
65384.6	66179.5	65384.6	66179.5	65384.6	
64948.7	64948.7	64948.7	64948.7	64948.7	
65461.5	65205.1	65461.5	65205.1	65461.5	
64282.1	65076.9	64282.1	65076.9	64282.1	
66359	64948.7	66359	64948.7	66359	
64743.6	62666.7	64743.6	62666.7	64743.6	
65000	64102.6	65000	64102.6	65000	
62948.7	63589.7	62948.7	63589.7	62948.7	
64153.8	66102.6	64153.8	66102.6	64153.8	
63000	64230.8	63000	64230.8	63000	
65974.4	64282.1	65974.4	64282.1	65974.4	
63256.4	64487.2	63256.4	64487.2	63256.4	
65974.4	64487.2	65974.4	64487.2	65974.4	
61897.4	64948.7	61897.4	64948.7	61897.4	
65076.9	64820.5	65076.9	64820.5	65076.9	
65128.2	64282.1	65128.2	64282.1	65128.2	
64820.5	65333.3	64820.5	65333.3	64820.5	
64743.6	63641	64743.6	63641	64743.6	
65589.7	64102.6	65589.7	64102.6	65589.7	
65076.9	66743.6	65076.9	66743.6	65076.9	
65641	65974.4	65641	65974.4	65641	
63769.2	63000	63769.2	63000	63769.2	
65717.9	62538.5	65717.9	62538.5	65717.9	
65205.1	65384.6	65205.1	65384.6	65205.1	
65461.5	64871.8	65461.5	64871.8	65461.5	
64871.8	63076.9	64871.8	63076.9	64871.8	
64948.7	63256.4	64948.7	63256.4	64948.7	
63846.2	63076.9	63846.2	63076.9	63846.2	
65512.8	63846.2	65512.8	63846.2	65512.8	
63461.5	64230.8	63461.5	64230.8	63461.5	
63846.2	65000	63846.2	65000	63846.2	
65000	64948.7	65000	64948.7	65000	
64102.6	65128.2	64102.6	65128.2	64102.6	
65717.9	62948.7	65717.9	62948.7	65717.9	
63641	66102.6	63641	66102.6	63641	
65897.4	64435.9	65897.4	64435.9	65897.4	
64282.1	65512.8	64282.1	65512.8	64282.1	
64230.8	65256.4	64230.8	65256.4	64230.8	
65000	65974.4	65000	65974.4	65000	
65000	63897.4	65000	63897.4	65000	
66948.7	64871.8	66948.7	64871.8	66948.7	
66102.6	65974.4	66102.6	65974.4	66102.6	
65205.1	64820.5	65205.1	64820.5	65205.1	
67384.6	63076.9	67384.6	63076.9	67384.6	
64435.9	66820.5	64435.9	66820.5	64435.9	
64230.8	62666.7	64230.8	62666.7	64230.8	
63128.2	64871.8	63128.2	64871.8	63128.2	
65769.2	64025.6	65769.2	64025.6	65769.2	
65333.3	65641	65333.3	65641	65333.3	
65256.4	64025.6	65256.4	64025.6	65256.4	
66743.6	64282.1	66743.6	64282.1	66743.6	
64359	65512.8	64359	65512.8	64359	
64564.1	67000	64564.1	67000	64564.1	
64820.5	66564.1	64820.5	66564.1	64820.5	
64692.3	65205.1	64692.3	65205.1	64692.3	
65000	64564.1	65000	64564.1	65000	
64615.4	63897.4	64615.4	63897.4	64615.4	
65333.3	63717.9	65333.3	63717.9	65333.3	
64948.7	65589.7	64948.7	65589.7	64948.7	
65641	66307.7	65641	66307.7	65641	
64948.7	64025.6	64948.7	64025.6	64948.7	
64948.7	64025.6	64948.7	64025.6	64948.7	
64948.7	64025.6	64948.7	64025.6	64948.7	
