548.387	548.387	548.387	548.387	548.387	
921065	921065	921065	921065	921065	
69258.1	69580.6	70871	68129	70871	
65096.8	68032.3	67387.1	65096.8	66741.9	
64935.5	63903.2	65677.4	66580.6	64225.8	
67806.5	65838.7	66322.6	66258.1	66322.6	
66580.6	66419.4	65774.2	69580.6	66903.2	
68451.6	64871	67645.2	67645.2	66000	
69419.4	66000	67645.2	64548.4	66483.9	
65096.8	66903.2	65193.5	66258.1	66741.9	
67709.7	68032.3	67967.7	67064.5	67806.5	
65290.3	68935.5	69741.9	70548.4	66258.1	
69193.5	68838.7	67967.7	69580.6	67645.2	
67548.4	70387.1	66322.6	69516.1	66903.2	
70871	70806.5	70483.9	67387.1	69096.8	
71225.8	68129	70709.7	70387.1	66258.1	
71290.3	68451.6	70806.5	69258.1	69677.4	
69838.7	71129	70387.1	72354.8	71548.4	
70967.7	71935.5	71225.8	73258.1	72580.6	
74774.2	73064.5	72096.8	73967.7	73903.2	
74129	72903.2	73258.1	72258.1	72903.2	
75612.9	74064.5	74064.5	73645.2	74290.3	
75354.8	76322.6	71774.2	75193.5	75935.5	
79193.5	81451.6	82096.8	80967.7	77871	
93000	89032.3	93903.2	93419.4	92516.1	
92193.5	92516.1	92193.5	93645.2	91225.8	
92258.1	93258.1	93741.9	93096.8	93580.6	
96000	92741.9	92258.1	93322.6	93580.6	
95354.8	94871	94871	94129	98935.5	
95774.2	97806.5	99741.9	98516.1	94387.1	
96838.7	96322.6	95193.5	97387.1	96000	
95032.3	95354.8	96580.6	97871	97645.2	
97225.8	96903.2	96161.3	97709.7	97967.7	
96096.8	99096.8	97645.2	97322.6	97064.5	
98935.5	95516.1	97967.7	95290.3	97709.7	
96322.6	95935.5	96838.7	96000	97387.1	
95290.3	97225.8	98354.8	99677.4	99354.8	
98516.1	101290	95677.4	98935.5	99193.5	
100903	99096.8	98193.5	100484	98935.5	
97225.8	94548.4	99354.8	97548.4	99258.1	
98677.4	99838.7	97645.2	97871	96645.2	
98677.4	98677.4	96838.7	103806	100065	
96258.1	97322.6	96903.2	96580.6	98032.3	
98193.5	97967.7	97548.4	99516.1	101774	
99838.7	98451.6	100710	98516.1	101129	
95354.8	96903.2	98516.1	100000	99516.1	
96000	97161.3	98129	96258.1	98451.6	
96096.8	97709.7	99677.4	99032.3	97161.3	
98677.4	100323	99838.7	99032.3	99677.4	
100968	101871	101710	103903	100323	
99838.7	100000	100645	97967.7	101452	
96741.9	96838.7	96000	99354.8	97322.6	
99258.1	99741.9	99741.9	97645.2	100226	
99741.9	95032.3	98871	95677.4	100387	
97645.2	97225.8	97483.9	97000	100387	
99032.3	96645.2	97000	100161	99838.7	
99096.8	97967.7	100323	96838.7	99516.1	
98677.4	97806.5	100065	100161	98516.1	
99580.6	100484	99838.7	99193.5	98129	
100323	99677.4	99096.8	99354.8	103161	
99096.8	97548.4	98516.1	98354.8	101129	
99096.8	98516.1	99096.8	98612.9	101774	
99258.1	100226	98774.2	100645	97709.7	
101129	99354.8	101774	100000	101871	
97161.3	101226	98612.9	99419.4	97225.8	
98612.9	100323	100000	98451.6	98354.8	
98612.9	102935	101065	101290	99838.7	
98354.8	99032.3	99419.4	99580.6	98612.9	
98032.3	101871	103097	101387	100484	
97000	99354.8	100968	101226	99193.5	
97871	100548	101710	100387	100903	
102097	100548	101065	102839	99032.3	
104806	100387	101065	100161	100484	
102677	98354.8	101613	102032	102774	
99516.1	102194	103968	100161	101774	
102097	101452	99903.2	101710	101452	
104710	102097	99903.2	99838.7	100226	
98516.1	103484	102516	100323	97064.5	
101387	101387	102516	101871	99838.7	
101774	99838.7	102032	98677.4	101129	
102097	99677.4	99032.3	102032	101129	
101935	102774	102258	100968	99677.4	
104548	103419	102774	101548	99419.4	
102194	102032	102419	101935	100806	
99516.1	100161	101387	103000	98871	
102774	103161	103645	102355	101290	
101387	100968	101226	100226	100065	
101065	99838.7	101613	103258	99741.9	
103258	99419.4	102774	100387	98354.8	
99677.4	99516.1	99258.1	102194	102935	
99516.1	99193.5	101871	102677	98612.9	
100387	102355	101935	101774	97806.5	
99903.2	102097	99741.9	99903.2	99741.9	
100548	100065	101129	103161	101548	
102032	98677.4	100323	98354.8	100710	
99516.1	99838.7	98677.4	99741.9	98677.4	
99419.4	100710	102032	101613	102516	
101290	101452	98935.5	102774	100387	
104387	102839	99838.7	100161	103903	
103645	101387	101871	102516	102839	
101774	104710	101710	100903	102677	
104613	103645	103484	105452	102581	
101387	102419	103419	106161	101548	
107161	104387	102774	103419	104452	
103484	104968	105032	103742	104387	
104226	106484	102194	105839	106258	
104129	102032	106839	103581	103161	
104452	104871	104065	102839	107161	
104129	105194	103258	100484	107968	
102774	104290	106484	105839	102419	
101871	106419	105032	104968	103323	
103581	103161	103645	103000	101613	
103742	101065	105032	103258	105452	
102935	103000	105129	103097	105194	
101452	102355	104129	100387	103903	
102258	102097	105516	103484	103323	
101065	100645	104613	100226	99419.4	
101290	103645	99677.4	102194	104548	
102194	102032	100484	102774	104613	
100645	102516	104710	103484	105613	
101387	103258	103484	98871	99096.8	
103000	105935	103484	102097	102355	
102194	103323	102516	104548	101387	
107000	103806	102258	105839	101387	
101387	107000	103903	104710	104290	
105129	104290	102774	103581	108032	
104452	104613	107161	106484	102194	
104548	105774	105839	104613	101871	
107645	108613	107065	104806	107871	
105290	106839	107548	105516	110000	
103419	105613	106323	105774	104387	
102935	109839	104968	106258	105516	
107871	106000	105290	107065	103581	
105677	107323	105839	104387	108032	
106258	110161	106742	107871	109742	
108290	107710	109742	107968	111387	
109677	111290	108355	107548	110161	
107387	109903	113581	108290	112258	
109419	108452	109032	111065	112032	
110000	110161	111226	110968	111129	
110226	108935	112258	113000	114387	
106839	108290	108290	109839	111452	
107484	108452	111226	110065	108129	
108355	109194	110065	105935	108871	
106323	106097	106484	107323	106258	
106645	107968	107323	105452	107871	
102677	106000	107645	104968	108871	
107226	105613	105516	106581	108032	
106839	111613	107548	107548	108355	
106839	109419	109194	108935	107710	
113000	111871	113000	112194	107065	
109355	111387	111387	112774	111452	
109355	112935	110968	110323	113968	
110645	107968	109677	111613	108452	
111774	111290	112097	111226	110548	
111452	112194	110000	114968	111710	
110387	111774	112581	113742	114065	
112516	111710	111710	114645	112774	
113323	116581	118032	114452	113903	
117806	115129	119903	119032	122613	
120387	120645	122258	118452	121226	
118935	124645	122419	121387	121871	
122097	123161	123161	121710	124645	
121226	125935	125355	126677	124710	
121613	126323	125452	127161	127968	
127000	125839	127161	124387	128710	
124645	129581	126258	126839	127710	
123968	129516	127387	127161	126000	
128194	128452	124968	129355	128032	
127161	127871	129355	129742	128548	
125613	130581	130419	129839	132452	
129258	126903	126839	130065	128871	
127323	132032	131290	132355	125129	
130742	130065	126323	130645	131129	
126839	126839	134065	128935	130419	
129097	128355	133000	132839	132677	
130161	129742	131548	131065	127484	
129516	128613	130000	130742	134548	
131387	131387	131613	131774	129581	
130742	132677	132194	131452	130742	
130581	133419	136419	132774	130419	
132355	130742	129194	136903	131387	
130226	135677	131452	130742	132258	
131226	133323	135355	135129	131774	
130742	134290	134548	137065	134806	
137000	138710	137000	135290	136419	
133968	137548	138387	137710	135774	
135194	140161	136581	139194	137000	
135677	137871	135935	137968	138032	
139677	140161	138452	136161	137161	
138548	138129	142935	140323	137806	
139355	139839	137000	140419	138935	
142032	141452	141774	139032	139516	
140806	136742	139677	137548	142194	
138290	139032	139742	143645	139903	
143581	141548	146742	143484	145290	
146097	143258	143581	141871	149097	
142839	148935	144387	145774	143742	
145516	143968	146581	146355	146516	
142935	147065	147710	148387	142774	
146581	146355	142774	145355	149032	
144548	147871	148548	144226	148548	
146355	147323	151710	149742	148290	
148226	149839	150323	151065	147387	
150000	148452	148290	151710	153484	
150161	152032	151871	151226	153968	
146258	152097	151613	150968	154548	
147323	150903	153742	150161	151710	
152290	149194	149581	152774	158710	
154806	152452	153161	152613	155452	
152452	151935	155613	155290	153742	
150645	152774	157548	152677	152355	
154806	152516	152290	154226	157806	
152516	155677	154323	156839	159355	
155290	151452	154806	160161	155452	
153419	155613	156677	156194	160419	
154806	156839	155839	155677	158613	
156903	159839	158871	156742	158387	
157871	159581	157645	159516	163258	
161871	163323	161290	162677	161129	
164806	162355	161065	164387	164065	
162613	161935	166194	167710	167871	
162677	161871	167065	160806	166032	
166742	162516	169032	166581	163097	
163645	165677	164871	164548	163806	
160258	164226	163742	164323	165774	
162613	165032	164548	166097	165516	
161613	163645	164000	166581	165290	
170323	164484	166742	165194	164806	
165677	168548	168452	168935	165290	
169516	169258	173258	167806	167871	
163903	167065	169258	169677	170258	
164871	169258	169581	168613	170903	
165129	166742	174065	173484	172129	
164484	169097	172839	170000	169581	
167484	166258	167710	169097	174000	
170097	170323	173742	168710	171129	
173645	172452	168871	170968	173581	
167387	170806	173323	169516	175290	
167710	168613	170484	171452	171613	
169935	170903	169032	168129	164710	
163258	167065	169581	170484	167323	
162452	167806	164548	168226	169516	
163323	161935	162290	162774	162774	
163000	164000	161613	163258	167065	
160258	165613	160742	162613	162839	
158871	169839	163161	163581	164323	
164323	169742	169581	166194	167645	
167806	167645	171065	171774	170484	
170903	171387	172194	175774	174387	
176839	175935	184548	182613	182677	
179581	182129	180419	182935	182290	
181290	185677	178935	182935	184968	
179839	194065	184226	183419	180968	
177645	185355	183161	181065	186355	
182516	183903	183839	183161	184000	
182774	184387	184968	187548	189194	
184968	190581	186516	188387	191613	
182452	189194	193742	191710	190484	
187645	193677	193839	195032	193000	
190903	193742	195774	202129	198290	
196419	195613	198290	199419	196839	
192935	196419	200419	200323	200161	
193839	200742	196194	196677	203000	
193000	198129	196581	200581	196839	
194806	193903	196742	199774	194710	
190742	198452	195194	194323	195935	
193323	196258	198226	196581	198774	
191548	195613	194484	192613	196419	
195355	197581	195871	196355	195290	
195774	196742	195935	195935	194226	
196355	200484	196581	199419	201226	
200097	201871	202839	203000	204065	
198871	203000	204871	206516	204871	
200903	205129	207806	200258	207581	
206194	207161	203839	203677	205355	
207065	208710	208871	210258	213419	
211387	210806	214226	214645	215548	
212935	216903	215774	214968	213839	
218290	212935	211710	213742	218065	
212839	216097	211484	218226	220419	
214226	217645	218871	217806	219032	
212677	216581	216032	222774	222516	
213581	215774	214871	218548	215032	
213516	214065	215129	216581	217161	
217484	219258	216419	218710	225129	
216355	222774	217065	219935	215871	
211548	216419	218387	221323	220968	
211129	222032	215548	221323	221129	
215194	223097	221710	222613	220742	
215194	218548	222355	218774	214645	
220000	222452	231484	229097	225613	
222516	222839	223677	223000	228548	
224387	224645	228065	230161	232194	
225129	224226	227419	230968	230806	
222194	232032	223516	229032	230097	
226581	232355	233581	228065	233581	
225871	229613	234387	231161	233419	
230419	229677	232677	232935	235290	
234806	232935	235774	237097	237161	
231226	234387	238226	238226	237323	
233581	238290	235935	236742	239677	
238452	240968	236839	241226	237968	
232452	239516	234871	238387	245774	
227161	236097	233000	236258	236742	
236258	230484	233258	233097	235226	
232032	234710	237161	236097	234323	
229290	231387	231548	229677	231484	
223516	230968	232677	231387	233581	
227581	230903	233097	237484	235290	
226419	234871	231065	229516	232677	
227742	235387	234645	238065	235387	
235613	239452	238548	238548	238452	
237097	234806	237000	236677	237097	
231645	237903	239290	236581	244806	
236097	235774	238452	242194	241548	
242613	245290	243677	244548	247419	
243194	239355	241710	241065	245387	
238387	245065	238290	239774	241806	
242290	244968	243032	242355	241871	
240645	240323	240000	237968	244161	
239355	244226	241484	242774	245452	
239129	239677	236581	244065	245129	
235452	241387	243194	241806	243032	
238548	236903	239194	243581	238452	
237419	238548	240968	244645	247742	
238065	245226	243516	239129	244484	
244226	241645	247742	248065	248548	
239839	246032	248387	248387	247323	
243032	247581	244645	249129	246194	
241645	246581	246516	252516	250000	
247323	248774	252774	249290	255226	
241484	250097	252774	252129	254161	
250000	249194	250323	249839	251484	
245710	251871	249613	250419	252032	
246032	248613	247968	246419	249194	
243839	248290	252516	245613	251968	
243355	247645	253677	244387	246581	
241226	246677	249516	246839	252032	
243032	253742	250806	247806	254161	
249032	252129	249839	250161	254484	
246419	249032	247742	247645	254226	
247484	251645	242452	249839	247968	
247419	249839	244065	254645	254806	
246355	249935	250097	250097	254903	
247742	252516	255613	255129	257968	
247581	251806	250000	256677	258290	
250581	259290	251806	258871	254903	
253258	255774	256839	254323	257645	
252774	253742	252516	255290	257484	
256355	261387	258871	261871	264548	
250581	257742	259613	260000	257258	
253258	259355	258226	258387	265129	
253258	259935	261226	256097	260645	
254000	254806	258452	260323	264161	
258871	261065	259194	261806	268065	
264323	265452	260484	266097	267000	
258129	260258	263419	269355	268290	
264323	267000	267161	269194	266419	
264710	266935	274548	272290	274323	
266194	266581	273516	274161	275935	
269355	278387	274806	277258	275935	
272290	275452	273677	274806	276097	
281226	277903	273581	280419	279355	
272710	274903	282290	275935	279290	
273097	280581	282613	282129	284161	
276935	285387	282613	275871	289677	
279677	285387	285935	285871	284903	
278452	288387	287645	287645	294323	
277323	283581	284387	285129	289032	
284484	288710	279677	291484	287097	
281871	279290	291548	283097	293742	
287161	291806	290903	292871	294806	
283742	288710	292452	293097	294161	
288226	297903	290516	296677	295710	
292129	293419	293839	298226	307903	
294742	301065	303516	305290	307806	
301161	306839	304323	303839	311806	
301710	296194	310097	305387	308710	
303742	311226	307645	297903	310742	
306355	311871	304161	304419	311484	
310903	312290	310097	314419	315548	
308484	311968	315065	316290	324645	
305774	314742	317484	318548	320355	
314968	322290	321645	324419	324000	
315935	319194	314968	319516	326290	
316129	320839	321226	321871	324742	
315548	321968	323032	321710	323581	
317258	323516	329290	326774	329129	
311645	326839	318871	324968	320000	
321387	323516	323355	330355	324903	
317581	327903	330194	324968	330032	
318710	320194	322129	325387	326516	
319452	318323	322871	325452	324097	
319677	318548	321226	322452	321484	
313032	309194	314323	316032	313677	
308065	313516	313839	314806	318645	
297742	310516	312452	312290	313677	
300516	308548	305613	310000	318645	
300355	307097	313581	312129	319452	
309677	306452	311806	309516	313258	
310742	313194	317903	317097	316032	
317000	320742	322387	322774	323839	
319032	325613	321871	335613	334903	
323677	328968	331065	334097	339194	
333839	334645	340419	338323	339194	
337000	336129	345129	344581	347258	
331645	342452	343581	342387	343677	
340677	345871	353935	351742	349710	
343097	353419	346194	349613	352387	
344968	346516	348871	349452	352710	
341323	350355	350742	350032	353258	
349516	352226	353419	350355	351484	
342710	345452	356129	351000	358065	
343581	353258	348871	353516	359935	
346613	348871	353935	351484	361742	
349710	347323	353258	352226	357903	
346129	356290	356677	357903	357484	
346613	360032	351548	359355	359194	
361742	358548	369032	360677	370355	
355548	362548	370903	366935	366032	
358065	365387	365710	367839	365290	
360032	373774	367097	369871	374000	
357484	372387	366677	368645	370677	
366677	372290	372290	375806	372129	
367000	379452	370355	377903	379613	
368161	370839	378323	378065	376935	
365065	372871	366290	384097	381806	
364742	369452	378323	370839	382065	
366935	375387	373774	374097	377903	
364484	372452	376032	378871	381968	
371581	374161	382129	383194	374484	
367097	374419	375129	379032	385548	
368710	377258	374968	381484	372613	
367839	373355	372871	371226	383935	
369355	374323	374968	374968	377677	
367419	381742	378065	382290	382871	
368387	379548	382871	379935	375387	
370839	380677	381645	379032	378000	
371742	372710	380097	375387	377000	
372290	376935	378065	380839	382452	
379774	383194	379935	381065	384581	
377161	374161	381323	376613	380516	
376290	383194	391968	392129	389613	
373516	382129	383677	393032	385710	
383677	388323	388871	391581	399871	
379935	390419	393355	395871	394742	
397516	391000	397355	398548	399548	
384581	397258	392548	398000	401645	
394742	403774	410516	400097	408000	
404806	401968	413452	404419	412129	
398548	410355	408065	410419	419129	
410581	422129	430516	420097	423194	
419774	425161	414484	425323	423290	
412129	418806	423129	421161	429065	
416516	421968	422290	427258	426194	
420258	426129	434258	429613	434097	
420097	425871	432968	431968	430258	
422387	420839	431323	433290	435548	
424419	429548	428968	434839	434839	
425806	431645	436194	438484	440935	
434484	443935	439226	437742	447742	
435387	446129	440355	449290	444097	
434581	454677	452387	450935	453677	
446194	449871	450613	449935	454516	
454323	452226	456613	462484	462387	
455484	460032	464161	458065	470032	
460097	468065	466871	469871	473935	
464903	469290	471258	470032	483613	
463452	470097	476032	478323	474581	
474000	477194	482645	485548	484000	
475226	480613	481000	481581	484419	
474258	480516	486290	487419	485226	
473452	484742	489452	496935	495000	
481806	487581	496710	485323	488484	
484516	488968	505065	490613	493355	
485871	502387	498903	498161	498968	
504581	509065	507194	507935	509613	
495710	509548	506710	515161	506226	
497032	507516	510774	516290	510774	
499774	508419	511258	516226	509613	
499387	512968	499387	514742	520677	
499290	504419	509548	505645	512548	
504419	505000	510935	500032	517516	
488806	504355	505968	511000	509065	
499452	521161	507516	517419	522968	
515065	518581	525484	519806	525065	
524258	532226	525484	538000	542000	
553226	555903	557613	562871	565742	
555484	563226	556710	564742	562645	
566613	578645	572645	585581	590935	
584194	592806	593290	599871	599000	
595000	600290	605000	607516	608742	
606871	617935	623387	622226	625806	
619065	629871	636871	631194	643774	
616806	643290	639000	647129	647355	
634839	660613	651258	646645	660290	
648581	655258	652258	661677	661419	
645903	667516	661097	669000	662968	
664355	675419	676806	672968	685839	
675903	679226	675419	682097	684677	
685097	696161	708097	704613	705097	
698419	710548	709065	723065	716710	
714839	718194	725000	721355	725355	
725839	733484	737774	737774	735097	
740871	740613	737871	751613	753387	
739968	752323	747226	763387	760548	
740290	741613	747226	759097	755419	
733710	752097	757129	751935	762677	
732323	738097	741129	748581	748032	
738935	744774	748258	758097	761129	
740226	743000	745032	750613	753323	
745581	761677	758355	761677	771194	
751452	768613	767226	777129	777452	
776742	792161	796903	793645	801677	
787871	802839	822742	819903	819097	
821194	833484	830226	839258	833065	
825677	842355	842419	846581	846742	
844548	843484	854226	857548	863419	
849839	864065	866742	868194	875032	
863226	878516	875774	884935	893000	
860226	876581	886968	886806	895452	
886161	893581	904290	899581	901613	
881452	883903	899032	903581	900000	
896484	904387	902032	902097	921935	
888355	887226	901935	895516	908290	
880871	889516	890484	894290	908871	
881129	886968	894452	907548	915032	
883161	892355	904129	895516	914226	
885032	885839	895613	904226	917548	
890710	899903	908677	910548	921452	
893161	915516	913419	914968	927968	
910161	917968	940065	932032	935129	
921613	931387	950323	938871	956355	
947871	947161	946323	957484	961226	
941290	949839	952258	953000	962355	
943323	975194	969258	961226	971935	
936581	963742	965516	967484	974710	
951065	952032	954226	964226	963581	
947806	957161	957065	957323	979355	
939419	955774	968710	971129	978452	
945677	959032	962677	971065	968774	
954645	971290	959516	986355	977484	
956161	966903	966258	966194	989419	
950645	968387	966677	974484	983484	
945355	974161	967000	975839	989419	
949097	953968	973419	966839	964065	
941710	955613	946742	958194	953645	
950968	974387	966097	967323	970161	
929839	949742	951290	961871	970000	
938871	956161	946581	953484	957484	
931129	954226	957484	967000	964323	
939677	948194	965129	957323	962677	
947710	968871	961774	968548	969355	
948710	967065	968387	977387	979516	
960645	984161	978226	972355	980903	
961387	988548	994710	973903	990323	
944806	962935	966355	982613	987548	
966097	982032	982677	983323	987968	
975839	979839	978871	978613	993645	
991871	988710	994484	1.00113e+06	1.01668e+06	
969516	980645	995290	1.00587e+06	1.00594e+06	
983645	998226	990806	1.00561e+06	995290	
991387	991710	997065	1.00877e+06	1.01561e+06	
985677	1.00732e+06	1.02229e+06	1.02074e+06	1.0209e+06	
996903	1.00497e+06	997548	1.01016e+06	1.00465e+06	
972774	1.00348e+06	1.00187e+06	997226	1.01277e+06	
988452	1.00723e+06	1.00487e+06	1.00252e+06	1.01374e+06	
981065	1.00123e+06	988613	1.00129e+06	1.00294e+06	
983903	1.00368e+06	998290	1.01626e+06	1.00577e+06	
999097	1.01165e+06	1.01016e+06	1.01342e+06	1.01652e+06	
985613	1.00326e+06	1.00942e+06	1.01358e+06	1.01829e+06	
983645	1.00416e+06	999839	1.01058e+06	1.01781e+06	
993484	1.00977e+06	1.00861e+06	1.0169e+06	1.01723e+06	
1.01555e+06	1.02026e+06	1.01706e+06	1.02535e+06	1.02877e+06	
1.00368e+06	1.02765e+06	1.02577e+06	1.02968e+06	1.0291e+06	
992194	1.00765e+06	1.00894e+06	1.01074e+06	1.01926e+06	
1.0031e+06	1.02165e+06	1.0201e+06	1.00839e+06	1.03481e+06	
1e+06	1.01968e+06	1.00887e+06	1.00765e+06	1.02261e+06	
990903	1.02626e+06	1.01861e+06	1.02471e+06	1.03245e+06	
1.01032e+06	1.02748e+06	1.0279e+06	1.02561e+06	1.03684e+06	
1.00503e+06	1.02139e+06	1.01748e+06	1.02261e+06	1.02952e+06	
996194	1.02026e+06	1.02326e+06	1.02861e+06	1.03529e+06	
998226	1.02871e+06	1.01668e+06	1.02758e+06	1.03555e+06	
991226	1.01806e+06	1.02171e+06	1.02181e+06	1.02894e+06	
1.00081e+06	1.01423e+06	1.01823e+06	1.01481e+06	1.02058e+06	
993903	1.00326e+06	1.0169e+06	1.00545e+06	1.03316e+06	
1.00952e+06	1.02561e+06	1.02416e+06	1.02374e+06	1.02823e+06	
1.01032e+06	1.01797e+06	1.037e+06	1.02716e+06	1.04074e+06	
1.00797e+06	1.023e+06	1.03497e+06	1.02861e+06	1.05268e+06	
1.00723e+06	1.02619e+06	1.02716e+06	1.02123e+06	1.03e+06	
1.00219e+06	1.01839e+06	1.00942e+06	1.00961e+06	1.02781e+06	
989516	1.02487e+06	1.01145e+06	1.01871e+06	1.03171e+06	
991548	1.00577e+06	1.01887e+06	1.01977e+06	1.02577e+06	
985452	1.00571e+06	1.00074e+06	1.00181e+06	1.0101e+06	
973419	988871	992129	1.00268e+06	1.00416e+06	
981452	991968	991710	988548	1.00316e+06	
966000	975839	972935	986581	997161	
952194	976742	985032	987968	983161	
959742	974226	974387	976194	978065	
943806	956903	970742	958613	982452	
943419	952613	957323	960968	960806	
932774	944387	955129	950903	962032	
942935	932774	948774	950903	958129	
923323	953000	952452	947000	958774	
936000	947871	950419	968774	966194	
940968	943484	954129	945194	973581	
935516	939677	956581	956258	964161	
930323	936000	954226	954129	958452	
935677	954871	947806	950581	955032	
912258	928935	933581	942097	950903	
934548	945935	937065	951129	957065	
911548	929194	934226	940581	940968	
918355	922839	944645	938548	941710	
916839	923968	930968	936097	931548	
899903	917161	930226	933161	934645	
907806	918355	920387	920968	935452	
905194	917806	918194	918290	925613	
895935	906161	904871	913484	922097	
879581	904774	898355	898290	907065	
884935	879419	890645	884935	897065	
867710	884710	879258	900161	894710	
840226	871935	866581	871871	882032	
855258	866258	870806	872516	876000	
849097	860387	872903	876645	880871	
847065	856484	875290	870806	875516	
850806	860065	857548	860806	882516	
832839	856484	851871	849097	860548	
826323	839645	844065	851548	860000	
819323	828935	826097	832032	848290	
816742	820645	814548	834774	842677	
819742	813645	815419	825839	827613	
807935	806161	805258	814452	829161	
790548	802742	808677	809323	819258	
775355	774935	798097	780548	802355	
774710	781516	791516	782097	792742	
765032	766968	779903	776000	793323	
763323	774935	782839	777774	782258	
758194	768032	774129	777871	790645	
760548	762903	776000	767226	779419	
755194	761194	773645	762419	784194	
751290	766548	765097	767548	772903	
755032	771677	770806	767290	778774	
751613	753484	759097	764871	778452	
741774	753161	755194	762000	769097	
722645	753000	739806	741516	751613	
727548	735355	738355	727032	750065	
714452	720452	729484	738742	735903	
703129	711839	726065	715097	725194	
711194	707613	713710	719258	716871	
690935	708194	699806	712903	721516	
702000	711774	707710	715903	714194	
688903	695000	690452	705677	709226	
695161	691677	694613	695258	703871	
681581	695258	683871	706000	706710	
670065	685839	685161	691613	690710	
660613	666645	671097	675645	677452	
665581	669645	679387	679484	685161	
654452	659806	660935	663226	676323	
654613	673806	669903	677194	673710	
647032	659323	661581	668581	666484	
645903	654774	654613	655903	667355	
651677	659710	662806	664129	664677	
656161	657032	652097	657935	670065	
640935	652645	648742	659387	660452	
633774	647677	645258	651839	657935	
640032	656323	647290	660129	648677	
632645	636548	651742	653226	661581	
640613	649484	647677	649323	650452	
626968	643387	638677	642742	644194	
633452	630710	645742	651419	650129	
628000	644935	642968	633774	644516	
628516	632903	634839	642065	642161	
612484	627516	621258	642742	637452	
609226	623129	627452	629161	638194	
608097	617452	617194	625419	629645	
600194	613548	615645	611516	629871	
589548	606548	609806	604097	615903	
591903	600613	610290	608000	615484	
593065	602968	594839	597516	611742	
587935	596065	601097	606548	613871	
586452	591516	592065	590613	602387	
584677	587839	584935	585806	598839	
577129	580613	579323	589065	601419	
557677	574516	573065	576129	578742	
542710	565161	559871	561355	572000	
546387	547774	550194	554032	553226	
522871	532323	536871	533871	540839	
522065	531581	533194	528161	540839	
521419	528581	522323	536871	536387	
518323	531839	524032	534677	533290	
529452	527355	537677	536387	534839	
528581	530032	540613	530839	542323	
526226	540129	531839	525387	542484	
531581	538097	541161	533935	539387	
526935	533355	537613	534194	536871	
533548	540774	537774	543613	550032	
522484	528258	535323	540677	544194	
524903	543710	536774	537839	541161	
517839	530355	539387	538484	545806	
516774	525065	537452	529871	547774	
514419	529871	528419	535903	543452	
519968	526548	528645	530194	536129	
522484	526129	521903	524355	528161	
515645	519452	525645	522548	523129	
516613	524677	521258	527032	529452	
514903	523452	513613	521742	527516	
514742	515968	518645	523129	528581	
514258	527774	528903	531097	536452	
517677	523452	527194	525806	530194	
507097	517581	521258	516065	529452	
513710	521581	512548	522161	518903	
508581	509065	517516	515226	521000	
514032	523194	515484	519871	525645	
507581	511323	509129	525968	515806	
513194	507419	512806	506452	521323	
510355	512806	510774	515226	513129	
504677	510290	516935	516129	521161	
503194	507935	498903	510516	518258	
501419	511903	515065	512065	524903	
504581	512871	508742	510452	507355	
499871	501742	508581	508806	511839	
493452	506710	508097	503129	499774	
495000	500935	509452	506935	505968	
491806	494355	499774	501903	503129	
491806	486710	499065	496548	509806	
498097	503032	501581	497516	498968	
492871	498097	499387	501839	507419	
496290	498097	504839	498161	504677	
491258	498903	499968	507516	513516	
493677	494742	500290	505161	509387	
494419	506613	496774	507774	506871	
495710	501742	501742	507516	509452	
482645	495548	492226	496710	501742	
488097	492710	497742	492806	501323	
484258	499065	497258	499387	504258	
487032	491161	492484	491742	506452	
479710	488097	488258	492000	489710	
479065	485161	483355	478419	498323	
482548	484742	491000	487355	494419	
474355	481097	483290	490516	490839	
473613	482645	485065	477419	488806	
467194	478968	475484	474903	481097	
464903	465000	474194	474355	477903	
467419	462710	472968	472968	481323	
464161	466194	469613	475323	470935	
451581	464419	463032	468645	473516	
451000	457032	461161	456935	463935	
449226	449226	453677	450355	458968	
446194	457677	450613	457419	467839	
443774	449710	450419	454258	463290	
449710	457258	451000	459387	458419	
447903	449129	447839	445065	449710	
438226	444097	445226	448581	451581	
438387	437742	442387	445806	452129	
433774	436194	442968	442871	449871	
427419	438065	439290	439935	446129	
424581	431097	443290	433129	440613	
421903	422226	429613	426194	435548	
422452	420516	431258	433290	432065	
413613	422290	427839	428065	425387	
416774	419548	425161	427742	431806	
421581	421581	420355	418968	429387	
413516	415323	421484	418161	422613	
413839	412871	415000	417903	419452	
413613	408871	413290	415968	421161	
398968	403935	410097	410581	411323	
400032	402774	403516	403290	415806	
395710	402613	408484	405645	407903	
396516	399452	410581	405065	406290	
390839	410742	410355	405710	405387	
398484	398871	409613	405645	406613	
395323	401742	398000	401323	412613	
393613	397903	398710	401161	415968	
390419	395323	398161	406452	400516	
383355	394645	394097	393935	405484	
397419	396355	399774	397581	400032	
394903	398548	395065	398548	401097	
382129	394903	394161	400097	396613	
387097	396194	400839	396355	400419	
382226	389548	390839	387516	398000	
388161	388226	390581	392935	396613	
378710	389871	386774	387097	389935	
377258	385548	390742	385065	389710	
374484	379032	382548	379129	383774	
369613	378645	375065	379613	372129	
375871	377677	374806	380355	383032	
374097	377839	378065	380355	379032	
368645	374581	368065	370903	380032	
367903	371645	365548	367097	368645	
366129	362129	364903	369935	376129	
359129	362452	363677	365452	373452	
359355	368548	365452	364968	364161	
356839	361387	362710	364484	360581	
358065	362871	362774	369548	365290	
359452	357484	359355	359613	364000	
354161	355710	364581	358484	368806	
355968	355806	360581	365387	362548	
346194	355290	353032	363516	361581	
346355	356032	352935	352710	351903	
342774	354806	348000	351806	360516	
343258	351323	352226	355968	351387	
339129	343935	352452	350516	352935	
338000	351323	354419	348548	353097	
343419	346129	351226	350032	352710	
345226	341323	343935	344484	349355	
342065	344258	343258	348710	349032	
336516	351323	347581	343677	348484	
336290	344419	344000	345129	357161	
340839	338710	343097	343581	343194	
338484	343194	340581	350258	342774	
331161	337000	338968	338387	340355	
337323	339355	344161	341710	348548	
333677	345548	333097	343581	348645	
336774	337323	343097	345452	349129	
329839	332387	337742	335452	342613	
336129	338387	341161	339935	337484	
335452	339129	338871	339613	336677	
326677	334742	336452	338645	340194	
334419	339871	338710	340839	340581	
325548	333032	336355	338161	338645	
323194	332613	333516	335613	337161	
328226	334258	337258	334806	336129	
323516	329774	333419	332548	335452	
322290	332871	329839	329613	328968	
322129	330903	328806	332935	329613	
321387	327419	327742	332710	331323	
323419	331645	326677	328226	324484	
321065	329129	325065	328226	329839	
313194	321871	323581	326613	326774	
319452	320742	323419	322871	323839	
318710	319290	321065	320355	330355	
324484	317968	319129	317742	317806	
314645	315613	317161	320000	317742	
309452	312129	313032	314968	322387	
305710	307000	313742	307097	318323	
307000	313097	307806	312226	307903	
300419	305129	305065	305871	310419	
297645	305935	300677	303742	308645	
304000	301871	306935	303032	304065	
298226	295129	302387	301161	299613	
293677	297323	292774	297742	301548	
290839	299194	300000	298968	305290	
293839	297645	297806	297097	294968	
291000	289129	295387	298290	296258	
284581	291645	288387	292548	292032	
288806	293516	294645	295387	297419	
286194	290903	290677	293839	297161	
281710	286194	287581	290516	289935	
280742	284065	289452	288484	292548	
282290	288226	283355	283032	292032	
276613	280581	281968	278871	282194	
273516	273903	280258	277161	275710	
273677	272194	279355	277581	281065	
272871	268871	276613	277258	281065	
265710	273839	272516	269613	272194	
263839	271484	267645	270323	272935	
269290	267323	269355	266516	273903	
263516	273677	267323	265613	267000	
261645	266097	265452	266258	268290	
260645	261484	264226	265226	263097	
255935	259935	259355	262452	267323	
256935	255613	256258	261226	260484	
255774	258613	258548	257645	261323	
249516	256097	256097	258290	261806	
256677	255613	256516	254387	260645	
261484	260000	261065	256581	262290	
251226	254323	258387	262774	260839	
246258	257903	252355	258871	255065	
255613	258613	259290	252677	254968	
249613	251387	255387	258548	252774	
248968	251000	248387	257097	253258	
249355	255613	249839	254323	256581	
252032	253032	254161	251387	253839	
250903	252355	254645	254484	258710	
250806	250903	250581	251387	261645	
247903	252613	246581	251645	252774	
242839	248290	252355	247000	249774	
241645	242613	245774	249452	246419	
235710	243903	246516	244484	247419	
234645	238774	237323	240968	236677	
231548	231645	234000	235548	237258	
219935	225290	229290	230161	233355	
221645	226677	225774	227000	224000	
223516	221645	224226	224484	224000	
222032	224548	224806	224065	227065	
222613	225032	226258	227161	227258	
227484	231806	227323	231161	228710	
226419	233194	233516	236581	231484	
221484	230000	230161	233677	231806	
232129	231484	234161	231065	234806	
229194	229613	230645	234710	236516	
225290	235032	231871	232129	234323	
230258	230258	230581	234871	232613	
230581	229097	228548	232452	234710	
230968	230161	234484	226581	235129	
225290	230903	226355	229194	232677	
231645	228065	227968	226581	233903	
226839	229290	227323	225710	228613	
222613	226742	224968	229839	232290	
226194	232290	225871	222355	231065	
225452	222774	224871	230484	226742	
223258	225032	220484	225452	230581	
220742	220000	226839	227161	225548	
217968	223419	221065	219774	219355	
218774	221323	222516	220742	226258	
219355	218226	227258	220742	226194	
216355	220645	219032	219194	216581	
215548	220097	219613	222839	222032	
217226	216097	215387	223516	219258	
213419	215032	215129	218290	219613	
208548	212839	210323	214548	222355	
214484	214226	211290	220323	216097	
209194	211968	212839	214806	215387	
209774	211129	212032	218065	214806	
208452	212677	213581	214968	218387	
211710	212129	207226	207065	215032	
208548	215548	216194	212935	216032	
207484	208065	213903	213097	216903	
208290	212355	211065	210968	213419	
206839	211710	210645	218871	211290	
202774	209935	206839	209677	209774	
207484	207387	210484	204484	209452	
206194	208710	209516	212677	210258	
207065	208613	204226	210484	207323	
202774	210742	210323	207968	212613	
204484	203516	207000	204806	205871	
203742	203677	207968	210806	206194	
202452	205290	203097	203742	207387	
202839	204323	201129	203903	207226	
200258	205355	203516	204000	210000	
198774	202677	206581	204323	205548	
202194	200323	206419	202129	205355	
198129	204387	204645	200419	208710	
202032	207323	201710	205548	201290	
197645	199097	205774	207484	199613	
204387	200000	200000	204387	203097	
197161	200323	194065	205290	207065	
199839	201065	198065	204387	203516	
196903	199419	200000	202129	205548	
198613	200323	200903	200161	200419	
200742	199839	196258	204161	200258	
196581	203581	201226	198065	201710	
195871	202129	198710	200097	204161	
196516	200968	200806	201548	205032	
201226	199677	203677	199258	199194	
195613	195032	199258	202677	204645	
199097	200645	200742	199516	203258	
195774	197323	197742	199032	198452	
197226	202290	202677	203516	200419	
195710	199516	200484	197000	203839	
194065	195194	200581	200968	201452	
199516	197742	197581	199258	198710	
200323	197645	199677	203903	200323	
197000	199194	197226	199774	197387	
197484	198613	198452	200903	202194	
195032	199032	197645	199194	202839	
194065	198226	197968	196839	204065	
192516	197161	197581	199355	201806	
200581	198774	197484	199839	195774	
200806	199613	201290	202355	199258	
195355	198548	196677	199613	203677	
199774	200258	199613	198710	203323	
199032	199355	197161	195935	202516	
196355	199516	196742	201710	200484	
195516	202355	203258	198387	201710	
195355	199774	202839	198613	202129	
194323	196677	196839	198710	199032	
195452	199839	199355	204484	202355	
201226	198613	196097	199194	201387	
196419	200645	202452	203581	207484	
194065	193484	198129	198129	197323	
192613	196839	193484	196581	203581	
192194	192613	193484	193097	197387	
183645	185290	187968	193742	188129	
182129	182613	185129	187323	185032	
186581	183419	188774	186194	189355	
184710	188935	188613	184323	190581	
185677	189581	188613	191613	195774	
191452	193419	196903	196677	194871	
194000	195516	198065	195774	194968	
198935	199194	199097	200581	197387	
200806	198871	196097	201226	203419	
202613	206194	205710	204871	205871	
204323	204968	209839	203677	209258	
209194	208452	211548	206194	217806	
213581	209032	214000	210484	215935	
208065	218290	215613	217161	215194	
217903	224871	224806	222613	224548	
220323	227806	227161	230742	223839	
222613	226677	229194	233516	235387	
228548	233581	230903	230742	235452	
231645	237097	232839	239935	235710	
238065	236516	237581	237806	246581	
241387	247258	240581	241226	248290	
242839	238226	245935	241968	245774	
244806	245548	247000	249839	252516	
250258	252677	254161	248226	258774	
255613	262613	262516	261000	261968	
258226	259839	258774	263677	267419	
260419	268065	275935	269452	267903	
271161	274484	277968	282774	277323	
280097	286355	287419	285548	286613	
284581	292452	290903	286258	291323	
296097	300000	297323	296194	300516	
305774	302613	308387	295548	299290	
304161	307323	308548	310355	306097	
306677	311968	313581	317097	317258	
318387	309613	319452	321161	316677	
318806	324806	328968	321387	327000	
325065	327258	329452	329516	335129	
336452	332548	335065	334968	343258	
337742	339032	343742	334645	347581	
340839	338871	347839	340742	349355	
345710	355226	345129	354968	356194	
346774	351065	351742	348806	355871	
352290	359935	363613	362129	361387	
365968	365290	370581	362613	373258	
365548	369613	372935	373935	374645	
380194	378065	384581	381903	390419	
378548	384000	389226	389710	399548	
386355	395710	399548	392613	395806	
398226	399871	403194	405548	403194	
405226	412129	412774	411323	410581	
409935	416355	416516	416613	426935	
424097	428548	430194	434484	436032	
431742	438806	433935	439548	440677	
433129	442871	438484	447839	448065	
445710	454161	447355	455871	453129	
449226	457581	453935	457903	457677	
460355	464839	462387	466871	463194	
468581	469935	475323	466935	471258	
468742	471484	475323	482161	476710	
473290	484677	483516	489871	492871	
482323	487677	490839	490290	504903	
496710	498742	498323	498000	509613	
501258	501839	517677	509065	515484	
504097	505645	510677	512645	520774	
500677	513516	518484	509452	518645	
518581	529387	533355	521097	533452	
522806	530355	531258	529290	535806	
529290	531581	535065	539548	542806	
533194	544839	543613	548806	550452	
548258	556613	558258	553935	565484	
552968	560935	551097	560194	563129	
557032	566290	562387	568903	575258	
567935	577355	573548	567032	575323	
569226	584935	585000	584677	592484	
575097	588581	595097	586226	593935	
587839	593290	592968	604194	602903	
597194	587194	592065	598097	607935	
598419	608677	602742	606968	614194	
605419	615419	617032	616710	613129	
605742	623548	609387	622419	627516	
613613	624452	621032	625806	629387	
627355	625968	637032	640710	641677	
626065	640129	630935	633387	642065	
639000	642484	643290	654355	662484	
645806	657774	652000	640290	662258	
643871	651258	650710	658581	664129	
642323	661258	661097	652419	672903	
650452	664774	661839	664355	672419	
642065	646806	646226	660226	662484	
622419	641419	645161	640452	646226	
624355	629387	631677	632581	636484	
603129	623290	622419	620194	624613	
605258	618097	611742	613452	613129	
600516	601903	604935	601677	613226	
591677	603290	594097	604613	598742	
587613	599226	596968	590774	595000	
585161	582548	588097	588323	601097	
587032	581742	595806	592387	602000	
578484	589871	596290	597774	592968	
593065	598258	595581	600710	604258	
595097	605161	611355	611516	618000	
618581	629000	635323	633548	652742	
664452	671677	669645	666968	661839	
684032	683387	681097	691258	697452	
710387	719323	726226	728032	726548	
732323	733161	741613	742000	750806	
752903	751774	763548	769484	763161	
752581	772742	772742	773161	784613	
763323	765258	771452	773323	777226	
742806	759161	763323	764194	778258	
740968	765097	762000	751516	768774	
746387	752484	753161	754677	748935	
732419	741355	740710	754871	759484	
741839	746226	743484	763871	760452	
750613	755839	755194	760968	770968	
754677	759806	768032	774613	778355	
776968	766968	775258	790548	787774	
790968	789903	794935	790968	796161	
787387	797548	796645	801613	810161	
795355	814710	818613	816097	824387	
818839	836968	821774	839484	838774	
817290	842355	835774	838355	842516	
818935	828290	834226	834548	841871	
829323	859903	844548	851355	859419	
834935	852742	856806	854387	863419	
858355	871032	871032	875194	877129	
846419	863484	858355	870065	882903	
870645	870226	868839	882194	878839	
873742	891129	885355	880806	897548	
895516	899581	909903	903161	918871	
908032	919903	919581	915355	937484	
920323	941548	937323	938613	950065	
927710	939032	946677	949419	959258	
939194	947387	958129	958290	964226	
956097	962677	967645	971129	975839	
979097	981452	984065	987000	1.00503e+06	
1.00229e+06	1.01213e+06	1.01571e+06	1.03213e+06	1.00903e+06	
1.02652e+06	1.03813e+06	1.03123e+06	1.02706e+06	1.05432e+06	
1.04487e+06	1.05439e+06	1.05861e+06	1.06861e+06	1.07677e+06	
1.07155e+06	1.08497e+06	1.07829e+06	1.07716e+06	1.09742e+06	
1.08732e+06	1.09726e+06	1.10148e+06	1.10016e+06	1.11897e+06	
1.11042e+06	1.11116e+06	1.11458e+06	1.12732e+06	1.13416e+06	
1.13797e+06	1.15245e+06	1.14652e+06	1.13716e+06	1.15806e+06	
1.1431e+06	1.14726e+06	1.15052e+06	1.16913e+06	1.16668e+06	
1.13677e+06	1.15784e+06	1.1571e+06	1.16545e+06	1.17784e+06	
1.1549e+06	1.18684e+06	1.17368e+06	1.20148e+06	1.19174e+06	
1.15961e+06	1.18668e+06	1.17555e+06	1.18613e+06	1.19539e+06	
1.16416e+06	1.18261e+06	1.18726e+06	1.20197e+06	1.19597e+06	
1.17645e+06	1.19384e+06	1.20052e+06	1.20019e+06	1.20677e+06	
1.17229e+06	1.19326e+06	1.1909e+06	1.19887e+06	1.21416e+06	
1.19752e+06	1.19635e+06	1.21303e+06	1.2071e+06	1.22223e+06	
1.19319e+06	1.20881e+06	1.21026e+06	1.2201e+06	1.23432e+06	
1.22116e+06	1.22694e+06	1.23058e+06	1.23581e+06	1.25148e+06	
1.22955e+06	1.2511e+06	1.24516e+06	1.2679e+06	1.26132e+06	
1.2449e+06	1.25619e+06	1.25077e+06	1.27313e+06	1.27587e+06	
1.25994e+06	1.26784e+06	1.25906e+06	1.28035e+06	1.27832e+06	
1.24035e+06	1.2719e+06	1.2741e+06	1.28361e+06	1.28468e+06	
1.2511e+06	1.26881e+06	1.26703e+06	1.26068e+06	1.28077e+06	
1.25923e+06	1.27416e+06	1.27158e+06	1.28458e+06	1.28613e+06	
1.29094e+06	1.30313e+06	1.30132e+06	1.29239e+06	1.29361e+06	
1.29165e+06	1.30029e+06	1.31297e+06	1.31255e+06	1.31858e+06	
1.29206e+06	1.31613e+06	1.31239e+06	1.32052e+06	1.34355e+06	
1.30929e+06	1.31655e+06	1.30997e+06	1.32694e+06	1.35542e+06	
1.30655e+06	1.31826e+06	1.3181e+06	1.33645e+06	1.32539e+06	
1.30842e+06	1.31532e+06	1.33377e+06	1.31661e+06	1.33352e+06	
1.32474e+06	1.33816e+06	1.32484e+06	1.34377e+06	1.34939e+06	
1.32881e+06	1.32897e+06	1.34387e+06	1.36303e+06	1.35068e+06	
1.33371e+06	1.35394e+06	1.35339e+06	1.34516e+06	1.36345e+06	
1.33881e+06	1.37948e+06	1.35842e+06	1.36303e+06	1.37345e+06	
1.35297e+06	1.37329e+06	1.38206e+06	1.38306e+06	1.37735e+06	
1.37558e+06	1.39435e+06	1.40052e+06	1.39842e+06	1.39981e+06	
1.37923e+06	1.39232e+06	1.398e+06	1.42142e+06	1.41574e+06	
1.38816e+06	1.41152e+06	1.40516e+06	1.40581e+06	1.41719e+06	
1.40574e+06	1.41826e+06	1.41629e+06	1.405e+06	1.42939e+06	
1.38826e+06	1.41223e+06	1.40784e+06	1.41745e+06	1.42274e+06	
1.40735e+06	1.39639e+06	1.41916e+06	1.41468e+06	1.42339e+06	
1.39842e+06	1.43313e+06	1.42003e+06	1.43713e+06	1.44548e+06	
1.41574e+06	1.44794e+06	1.43826e+06	1.41987e+06	1.44281e+06	
1.41394e+06	1.41955e+06	1.44784e+06	1.44842e+06	1.4611e+06	
1.43223e+06	1.43265e+06	1.42932e+06	1.44632e+06	1.44329e+06	
1.43071e+06	1.44835e+06	1.4451e+06	1.45045e+06	1.45532e+06	
1.43371e+06	1.45339e+06	1.44597e+06	1.45632e+06	1.4721e+06	
1.42142e+06	1.4481e+06	1.45248e+06	1.45681e+06	1.47735e+06	
1.4381e+06	1.4511e+06	1.45258e+06	1.44639e+06	1.48087e+06	
1.43826e+06	1.44565e+06	1.46687e+06	1.45639e+06	1.47581e+06	
1.44013e+06	1.4559e+06	1.46419e+06	1.47371e+06	1.47581e+06	
1.43784e+06	1.47371e+06	1.47055e+06	1.469e+06	1.47445e+06	
1.44184e+06	1.45158e+06	1.45232e+06	1.46777e+06	1.46752e+06	
1.43761e+06	1.45761e+06	1.45345e+06	1.45135e+06	1.48126e+06	
1.43784e+06	1.46013e+06	1.46045e+06	1.46955e+06	1.47777e+06	
1.42745e+06	1.44784e+06	1.44419e+06	1.47429e+06	1.44981e+06	
1.43232e+06	1.45606e+06	1.46071e+06	1.46232e+06	1.47548e+06	
1.43932e+06	1.45232e+06	1.45142e+06	1.4541e+06	1.46435e+06	
1.43639e+06	1.43955e+06	1.4611e+06	1.45258e+06	1.46216e+06	
1.43216e+06	1.43403e+06	1.45045e+06	1.45077e+06	1.46039e+06	
1.44403e+06	1.44445e+06	1.43923e+06	1.45835e+06	1.45665e+06	
1.438e+06	1.45039e+06	1.45265e+06	1.45313e+06	1.47274e+06	
1.44429e+06	1.45777e+06	1.46152e+06	1.45232e+06	1.47226e+06	
1.43923e+06	1.47152e+06	1.44868e+06	1.46029e+06	1.46232e+06	
1.42494e+06	1.45819e+06	1.45387e+06	1.46655e+06	1.48077e+06	
1.42516e+06	1.45039e+06	1.44126e+06	1.44452e+06	1.46055e+06	
1.43648e+06	1.4581e+06	1.45387e+06	1.46874e+06	1.47281e+06	
1.44752e+06	1.46955e+06	1.46803e+06	1.46216e+06	1.48606e+06	
1.45445e+06	1.45206e+06	1.46777e+06	1.4559e+06	1.48045e+06	
1.43835e+06	1.45484e+06	1.45377e+06	1.46174e+06	1.4751e+06	
1.44142e+06	1.44735e+06	1.45987e+06	1.46071e+06	1.46655e+06	
1.429e+06	1.45184e+06	1.4621e+06	1.458e+06	1.4799e+06	
1.44216e+06	1.44329e+06	1.45371e+06	1.46184e+06	1.46761e+06	
1.42681e+06	1.44477e+06	1.45248e+06	1.44671e+06	1.46029e+06	
1.428e+06	1.4429e+06	1.44403e+06	1.45632e+06	1.44768e+06	
1.41526e+06	1.43639e+06	1.43323e+06	1.44045e+06	1.45329e+06	
1.42152e+06	1.43394e+06	1.43713e+06	1.44713e+06	1.47087e+06	
1.40094e+06	1.42687e+06	1.42868e+06	1.40784e+06	1.45126e+06	
1.41623e+06	1.43526e+06	1.42794e+06	1.43884e+06	1.44061e+06	
1.41158e+06	1.41665e+06	1.43671e+06	1.43403e+06	1.44648e+06	
1.39794e+06	1.43729e+06	1.41697e+06	1.43542e+06	1.44135e+06	
1.40671e+06	1.40387e+06	1.408e+06	1.41484e+06	1.42784e+06	
1.38265e+06	1.39494e+06	1.39955e+06	1.40494e+06	1.40906e+06	
1.35158e+06	1.36729e+06	1.3711e+06	1.38468e+06	1.38558e+06	
1.25458e+06	1.26703e+06	1.27126e+06	1.27832e+06	1.27858e+06	
1.09684e+06	1.11358e+06	1.10474e+06	1.09984e+06	1.11368e+06	
879097	896903	903806	892581	907871	
700226	705419	717935	713484	722581	
560452	568161	572968	580129	575968	
482387	485806	484677	487258	490613	
463032	466871	465484	470839	472548	
514355	512484	516290	521419	530032	
599065	603935	599323	605968	608742	
656000	659226	654452	654129	681516	
682645	681097	679065	683452	688097	
656226	669226	668355	662742	684774	
648097	650548	665484	655000	656226	
641677	654516	646484	658581	664677	
652097	662000	656968	663129	656387	
665258	682645	671935	680613	682581	
689387	696065	703968	703710	713806	
731516	744774	744613	746710	754774	
785742	791839	800968	798935	799161	
826419	835935	835839	839258	851452	
872194	886903	880387	882419	902097	
914968	924452	924548	937226	935129	
973097	977806	975129	975355	994161	
1.02058e+06	1.01823e+06	1.02845e+06	1.0361e+06	1.0339e+06	
1.05603e+06	1.06513e+06	1.07294e+06	1.06961e+06	1.0749e+06	
1.09155e+06	1.11881e+06	1.11765e+06	1.12187e+06	1.12506e+06	
1.12855e+06	1.1441e+06	1.14897e+06	1.15352e+06	1.15668e+06	
1.16971e+06	1.17529e+06	1.16839e+06	1.18223e+06	1.19319e+06	
1.19068e+06	1.20148e+06	1.1949e+06	1.19158e+06	1.21181e+06	
1.20303e+06	1.21571e+06	1.21394e+06	1.23174e+06	1.23652e+06	
1.22206e+06	1.22319e+06	1.22977e+06	1.21823e+06	1.22955e+06	
1.2219e+06	1.22394e+06	1.22832e+06	1.22619e+06	1.24768e+06	
1.22719e+06	1.24084e+06	1.23629e+06	1.23784e+06	1.25303e+06	
1.21929e+06	1.23329e+06	1.23652e+06	1.23661e+06	1.24971e+06	
1.22416e+06	1.23897e+06	1.24297e+06	1.23116e+06	1.24319e+06	
1.23223e+06	1.24077e+06	1.25148e+06	1.2441e+06	1.26052e+06	
1.22026e+06	1.25132e+06	1.24394e+06	1.25052e+06	1.25245e+06	
1.22074e+06	1.23832e+06	1.22565e+06	1.24432e+06	1.25532e+06	
1.22548e+06	1.24923e+06	1.24645e+06	1.24271e+06	1.25303e+06	
1.21848e+06	1.21774e+06	1.23565e+06	1.22961e+06	1.24735e+06	
1.21939e+06	1.21377e+06	1.23619e+06	1.22726e+06	1.22945e+06	
1.21245e+06	1.21303e+06	1.22197e+06	1.23506e+06	1.23784e+06	
1.20539e+06	1.21174e+06	1.22261e+06	1.22923e+06	1.23971e+06	
1.22432e+06	1.21945e+06	1.23516e+06	1.24094e+06	1.23416e+06	
1.20784e+06	1.20206e+06	1.2279e+06	1.21481e+06	1.24565e+06	
1.19326e+06	1.20955e+06	1.20903e+06	1.22035e+06	1.22581e+06	
1.20255e+06	1.19335e+06	1.20565e+06	1.20816e+06	1.21003e+06	
1.20481e+06	1.19887e+06	1.20855e+06	1.21352e+06	1.21384e+06	
1.18506e+06	1.19645e+06	1.19532e+06	1.20587e+06	1.21319e+06	
1.18523e+06	1.18158e+06	1.20635e+06	1.19848e+06	1.21019e+06	
1.17684e+06	1.20158e+06	1.18945e+06	1.19019e+06	1.20613e+06	
1.16426e+06	1.19716e+06	1.17523e+06	1.19368e+06	1.208e+06	
1.17565e+06	1.18416e+06	1.18548e+06	1.20271e+06	1.21361e+06	
1.17174e+06	1.19319e+06	1.191e+06	1.18816e+06	1.20352e+06	
1.18368e+06	1.17652e+06	1.18774e+06	1.19832e+06	1.21019e+06	
1.1709e+06	1.18084e+06	1.16971e+06	1.19565e+06	1.20394e+06	
1.16068e+06	1.17506e+06	1.16977e+06	1.19619e+06	1.18448e+06	
1.15987e+06	1.18074e+06	1.16319e+06	1.17555e+06	1.19319e+06	
1.15223e+06	1.16732e+06	1.15816e+06	1.16058e+06	1.17774e+06	
1.16245e+06	1.17368e+06	1.1609e+06	1.16571e+06	1.18074e+06	
1.14026e+06	1.16068e+06	1.15432e+06	1.14465e+06	1.17206e+06	
1.15271e+06	1.17084e+06	1.16377e+06	1.17052e+06	1.16581e+06	
1.13832e+06	1.15855e+06	1.14716e+06	1.15106e+06	1.16148e+06	
1.14897e+06	1.15619e+06	1.15394e+06	1.17026e+06	1.17213e+06	
1.12887e+06	1.14848e+06	1.15677e+06	1.14335e+06	1.17416e+06	
1.15326e+06	1.14881e+06	1.15816e+06	1.15871e+06	1.15661e+06	
1.13797e+06	1.1331e+06	1.15426e+06	1.15294e+06	1.16197e+06	
1.12223e+06	1.1331e+06	1.14935e+06	1.14871e+06	1.16529e+06	
1.12555e+06	1.13342e+06	1.14448e+06	1.14303e+06	1.14758e+06	
1.13881e+06	1.13426e+06	1.13384e+06	1.15255e+06	1.14758e+06	
1.13732e+06	1.13539e+06	1.14187e+06	1.13839e+06	1.15506e+06	
1.13865e+06	1.14206e+06	1.14597e+06	1.16042e+06	1.15987e+06	
1.13694e+06	1.13213e+06	1.14629e+06	1.14806e+06	1.17832e+06	
1.12652e+06	1.124e+06	1.14155e+06	1.12603e+06	1.14019e+06	
1.12732e+06	1.13823e+06	1.13781e+06	1.15026e+06	1.14652e+06	
1.12155e+06	1.13261e+06	1.14597e+06	1.13961e+06	1.14084e+06	
1.11539e+06	1.12342e+06	1.13058e+06	1.13181e+06	1.13068e+06	
1.10977e+06	1.11684e+06	1.12832e+06	1.12903e+06	1.13652e+06	
1.10829e+06	1.12171e+06	1.12694e+06	1.12645e+06	1.13319e+06	
1.1149e+06	1.11968e+06	1.12342e+06	1.11935e+06	1.14123e+06	
1.087e+06	1.10458e+06	1.09774e+06	1.11358e+06	1.10881e+06	
1.10555e+06	1.12529e+06	1.11016e+06	1.131e+06	1.13352e+06	
1.09229e+06	1.11052e+06	1.1139e+06	1.11806e+06	1.12816e+06	
1.09935e+06	1.10984e+06	1.11052e+06	1.11726e+06	1.12432e+06	
1.09977e+06	1.10261e+06	1.11716e+06	1.11577e+06	1.12919e+06	
1.09116e+06	1.09506e+06	1.10726e+06	1.11358e+06	1.12368e+06	
1.07439e+06	1.08252e+06	1.10165e+06	1.08213e+06	1.1149e+06	
1.07806e+06	1.09235e+06	1.08968e+06	1.10294e+06	1.1109e+06	
1.07165e+06	1.06994e+06	1.07513e+06	1.07797e+06	1.09181e+06	
1.06132e+06	1.08219e+06	1.07032e+06	1.07626e+06	1.08677e+06	
1.06545e+06	1.05813e+06	1.06797e+06	1.08839e+06	1.08432e+06	
1.04374e+06	1.05742e+06	1.05165e+06	1.06742e+06	1.07471e+06	
1.04342e+06	1.06181e+06	1.04619e+06	1.05877e+06	1.06587e+06	
1.03587e+06	1.05252e+06	1.06197e+06	1.05123e+06	1.05732e+06	
1.03048e+06	1.03887e+06	1.03129e+06	1.04726e+06	1.0571e+06	
1.01016e+06	1.03903e+06	1.02797e+06	1.04326e+06	1.04319e+06	
1.01877e+06	1.02139e+06	1.02245e+06	1.04042e+06	1.04326e+06	
1.02171e+06	1.04245e+06	1.03058e+06	1.04652e+06	1.05116e+06	
1.01065e+06	1.01684e+06	1.01684e+06	1.02561e+06	1.04026e+06	
1.01042e+06	1.01277e+06	1.02839e+06	1.02658e+06	1.03129e+06	
1.00058e+06	1.01577e+06	1.01642e+06	1.02358e+06	1.02877e+06	
996903	1.00016e+06	1.01658e+06	1.01342e+06	1.02097e+06	
997065	998935	1.01042e+06	1.00277e+06	1.00561e+06	
1.00145e+06	995129	993000	1.00487e+06	1.01268e+06	
988452	999935	999581	1.00097e+06	1.01374e+06	
983097	990968	990000	980097	997000	
987710	990806	1.00145e+06	997968	1.00774e+06	
968935	982613	980968	978935	997161	
963323	981774	977968	976903	996097	
973258	979032	975129	989419	1.00042e+06	
964871	974387	976194	979677	987645	
966258	976903	982032	975935	991387	
970806	978452	974548	974387	986097	
964806	964065	964806	979677	976742	
953161	955677	963000	952935	966903	
942452	948710	937710	954548	967806	
941871	943419	940000	948613	951613	
938452	940161	950226	946258	957161	
933161	935032	937387	947548	956161	
921613	932355	944806	943161	958613	
943903	950484	951129	955032	946000	
932613	936742	948710	950065	959097	
938548	947968	948129	951387	968710	
925290	935355	927065	928613	950645	
928129	926323	937968	930484	938871	
907065	920806	921290	934452	930581	
908935	924968	916323	931452	932935	
906000	908774	908032	898290	909097	
887710	902032	899194	921226	913742	
886484	892097	911935	908355	895935	
887871	888516	898839	895194	897484	
883742	890806	888129	887871	910710	
878839	894226	886258	894226	897968	
865355	880000	889903	887484	884387	
880806	888516	882677	892581	897226	
868194	875355	878032	876742	893161	
847871	861355	864226	866419	876968	
860871	863581	872581	862742	858935	
856419	863581	857968	872677	881226	
841516	851935	867387	853806	864710	
853806	864710	849097	852516	860871	
833903	853645	854871	849161	858677	
823806	825258	839903	837387	842032	
829645	850000	845419	843000	845194	
828613	844226	847065	849677	840645	
834710	833000	844871	844290	863161	
837968	845194	847129	851935	845258	
838452	843387	839839	848452	857290	
830000	838355	838355	842194	845355	
835097	839645	832839	834774	848935	
829742	818613	830226	835194	836484	
806161	820161	816742	811032	833387	
802000	812258	810806	815742	822194	
803323	810871	813645	811194	818290	
792355	794290	801935	799484	813710	
795194	804613	796581	808032	809484	
770710	781129	783484	779323	792000	
774355	790226	796806	786903	797935	
775032	766065	778839	778613	783806	
761194	779742	777548	772581	782161	
769161	770452	776968	768613	779258	
755903	758677	762161	762161	769323	
755355	748419	759419	774452	762903	
751452	753968	744871	746226	758097	
738677	747613	750387	747452	743161	
738097	736484	739419	749484	749323	
740871	731355	741452	739645	744871	
715581	724935	725419	722000	721613	
710710	714355	716000	722742	726871	
693065	705839	714194	704290	711290	
675903	679161	673129	684677	686065	
653226	668258	655258	666226	667871	
655806	662323	657677	665097	662097	
627677	639645	634290	643452	644290	
617290	626226	624452	631032	637935	
608000	613226	616871	623935	613290	
603710	610194	605000	608258	615742	
595742	597516	601839	597452	604194	
582161	590677	585742	583387	594677	
568968	582226	579548	580194	585806	
559323	562710	562710	571194	581097	
580677	574839	579871	568806	582000	
562871	577613	573613	577290	585161	
567677	566387	570290	562387	577355	
554419	559065	552871	559710	574355	
550355	558258	555323	557452	564194	
565806	575903	576613	579226	573452	
562226	573387	576710	573710	576290	
559161	561742	572161	576613	575161	
571677	572065	571742	568323	574677	
561677	568097	564194	563290	577516	
589226	583548	587032	582806	585581	
586613	592065	595645	609968	597290	
608161	601516	616484	614677	615742	
613452	609484	616806	608258	617613	
596290	597839	606968	620194	614774	
596548	609645	596452	601355	610032	
576548	582065	586806	581258	593129	
551419	562710	557032	550935	555645	
515806	522000	522387	519548	526387	
498323	492387	497935	493194	505903	
499548	498806	502000	508484	504677	
513129	526129	527194	525387	520935	
533774	542806	548903	547032	544677	
558258	550452	543774	553774	561903	
557935	565903	559065	570677	569226	
572226	574742	583387	564516	586129	
568258	580613	577452	590871	589387	
571258	570290	576387	573871	581097	
572323	569065	576774	576548	579806	
564516	571419	570452	573935	581032	
579806	578258	583065	580613	587839	
575645	584097	585161	594419	589968	
568258	572645	563129	573613	574581	
542387	560129	557194	556710	563032	
535581	538419	536452	543032	546452	
532484	542645	540935	539710	542548	
539710	537935	543452	541903	547677	
529290	540774	535742	537194	538000	
529226	521000	534355	529710	527516	
521581	528742	529871	529065	537935	
521161	530516	531258	528903	537097	
527258	534677	532871	535968	539065	
517516	530516	535806	531516	533871	
529806	532387	533548	537516	535806	
528097	530355	524581	537032	533548	
532484	536452	541581	525387	542710	
511419	533710	525484	533548	538968	
522000	528000	527419	528806	533774	
525226	519387	525645	529387	532484	
515387	527613	517258	524419	531161	
517581	521419	523774	523871	518161	
511323	521484	519806	529065	530129	
512065	516226	519452	513194	518581	
511581	521323	518097	523516	523935	
507774	516129	524677	517677	525742	
516065	513032	519452	528258	524581	
508968	526935	522645	522548	536774	
523871	523452	521000	536774	530194	
523452	532226	535161	532161	525742	
517581	534839	533710	526774	534581	
526774	533129	519871	543290	527032	
520194	528806	526065	524355	532000	
517032	523355	531742	527935	528806	
528097	527419	524355	540839	533452	
527613	534419	536290	533774	531516	
520452	526065	519968	526935	533613	
522065	529452	519452	532871	533613	
514742	523935	526548	521677	532548	
524677	524516	525065	526387	531742	
521677	526387	522968	525742	531097	
517935	523355	518645	519226	525968	
516613	519226	523774	528419	531000	
523355	520355	518581	522968	528419	
516935	521097	518968	523194	529968	
516290	517677	521677	523355	530452	
506452	513032	519806	523194	522161	
513452	520774	514419	509871	520129	
508484	508968	517032	516290	512645	
508581	508161	512161	518645	511323	
506452	515903	520839	511097	514516	
502968	500129	510613	512161	508742	
514903	517419	512806	516710	523774	
506290	510613	512968	512806	508000	
498484	511323	512161	508903	514677	
496129	507355	507935	503871	509290	
484194	500290	491742	497355	500839	
500194	497742	493129	498806	511645	
488581	497935	497258	498806	499871	
487581	490452	492323	489871	502226	
487258	493839	502387	494839	497581	
487097	491581	504258	494355	499871	
493194	496710	494839	496226	497258	
493839	494194	492387	493452	493677	
481323	490935	490032	498097	504419	
492226	491484	488903	497355	489129	
478968	484194	484194	485387	498581	
478968	493516	485323	483677	490774	
476387	479774	479710	484903	486387	
476935	486129	485161	480290	493355	
473129	479387	480355	485871	489290	
483032	475710	481097	483839	482323	
472645	483194	478258	471419	479548	
470839	482323	480032	480194	481258	
457355	465806	471161	469226	472226	
440774	453839	443935	454516	453613	
438226	447581	443935	447742	455323	
446871	444161	450032	442710	447258	
444839	444742	445710	449871	456548	
453032	448806	441097	446129	449774	
441968	446129	452710	450839	451323	
434903	439871	449774	445484	451903	
435323	441581	442065	448323	450613	
435871	439452	442387	443613	453935	
436452	441806	442129	449548	448323	
440355	443194	447839	440355	451323	
437097	436355	442806	438484	448742	
435710	441258	432226	433613	440258	
421645	419710	426032	426032	427903	
400677	406129	408548	416290	409065	
386516	391161	401161	394968	401742	
386516	384645	385968	388161	396032	
389548	400097	394968	393677	403677	
401742	394903	406677	399710	404000	
408484	403516	409290	411581	413129	
410355	412290	409065	414419	413839	
411968	406613	408226	411968	421419	
417516	420677	414742	420742	421323	
418387	418387	417516	419065	422806	
412871	420935	415226	416032	423935	
417677	413935	421581	419226	424323	
418645	421968	412548	427581	437355	
420097	423032	423129	422387	431000	
416355	425323	422871	419613	434677	
419935	425065	419129	421000	426129	
411581	417032	414806	421323	422387	
412548	418484	411484	417677	422710	
415710	411000	409290	417355	418065	
403452	406613	411742	419065	412613	
406516	408645	410839	411968	415806	
405968	408000	415548	409387	408065	
408387	412290	406516	410581	412613	
406032	404161	406613	405226	410839	
395065	402129	408161	399452	396677	
391258	392935	401000	402065	401742	
405226	406290	403516	405968	404484	
400097	396677	400194	399935	401419	
402548	396516	405710	397742	402290	
399129	393774	394484	392548	396194	
391258	394968	394484	395645	401968	
394968	392710	394097	394806	403032	
392710	388871	395548	391968	394000	
388065	392065	390516	386032	391065	
382452	388226	397581	389129	389935	
382290	389710	386355	385806	387677	
373935	386935	379774	385548	388161	
377839	379290	378710	384581	380581	
370903	366290	373774	374161	380903	
354484	358323	358000	359935	356935	
349194	344419	345548	352871	352226	
335226	346290	342871	337806	343677	
343194	349129	348226	349710	348484	
345613	349452	350419	353581	359516	
342290	343194	359290	353774	352774	
354258	349129	357323	353516	361968	
350677	357000	354484	353258	357677	
355806	354581	358968	356129	356194	
353258	357161	354581	353032	353258	
351323	351387	353258	352290	355548	
352548	349871	353581	355645	355645	
356613	363677	358387	362774	353258	
355645	355968	362065	359194	360194	
350419	353516	351065	358645	361161	
358065	353419	351387	359871	354161	
344903	354419	352871	351645	352935	
352290	350097	345871	347097	352710	
343677	351323	348484	345613	356194	
337000	343258	343032	350677	354097	
342774	346774	342387	345613	353677	
341387	346290	342935	348645	352387	
341484	343677	344645	349774	346290	
343032	337742	346290	341548	342613	
339032	346129	343032	343258	342226	
333194	335452	340742	335710	344968	
331323	338968	332613	340677	338968	
334806	336677	331161	337484	334258	
333258	327419	327742	336129	337000	
327903	332226	334742	330677	336129	
325613	328065	328387	325871	336032	
321548	326516	326935	324645	329290	
323194	330258	323419	326774	328871	
323516	318161	322065	322710	322613	
319677	324806	323419	329032	326774	
327161	323194	322226	319355	327806	
315871	314484	320677	315290	323516	
318161	318806	318806	319613	319839	
320258	317581	315935	310258	321000	
312548	318484	312774	323677	318645	
315129	319774	311806	315290	319516	
314161	314000	314806	317968	317161	
303581	318710	310419	313581	313097	
302387	305129	312129	312548	309935	
306839	306194	308548	307000	304968	
304742	307323	304323	307742	312774	
299677	299935	303258	307742	310581	
296677	303258	302032	298548	311484	
292613	296258	301710	300161	296613	
294903	299452	299935	296774	296677	
290581	299355	299774	296613	300903	
290161	297581	297645	296774	301484	
294000	299290	298968	294968	297968	
291968	299194	295710	298548	299194	
290516	290677	293032	293258	298226	
291161	288226	294742	296097	299677	
291710	288806	294000	299290	293516	
284903	282774	290581	287484	298065	
285613	285710	283419	297258	284581	
282129	285290	289452	290323	286677	
283581	291226	287645	292613	288387	
284065	284742	284226	285548	286097	
283742	286774	284968	289613	285774	
281323	289677	282355	290742	285387	
276516	277258	287000	286419	285129	
273516	278645	276355	280419	278452	
270677	276032	271871	276097	273581	
271968	275387	279516	274742	276032	
268452	272129	273677	275613	272774	
266032	269839	263032	267581	271161	
267645	266935	267903	272032	276097	
262935	268710	266355	270581	272355	
263742	266581	265935	270161	267419	
262516	267581	262194	265774	266258	
266677	260903	261710	265774	266581	
262935	267097	262871	267581	259677	
259774	262129	261645	263581	266581	
264226	259129	263355	266097	267968	
257903	263032	258065	266516	263839	
258710	256742	257968	260161	256355	
253258	255935	259516	263194	262194	
254710	260000	259452	261548	261387	
253903	257806	259452	260484	260000	
250742	259774	254387	251968	259194	
255548	252774	256097	255774	258387	
247742	249935	250742	251387	251226	
245871	248710	249516	250419	252290	
247258	248387	256032	249774	252774	
247323	249677	247645	244161	250097	
244161	240806	246097	245129	241548	
240419	244806	239839	244871	242032	
239516	241226	241968	235774	243032	
235935	237000	240161	237903	244226	
232452	236194	239452	234548	238871	
236032	232774	235387	235710	232290	
231387	231161	235871	236097	232194	
227065	230806	226032	227484	228129	
223161	230323	226742	226258	223419	
219935	218871	219194	221806	221387	
221226	218613	216194	216839	220806	
214065	213419	214968	214161	214323	
211871	209194	215613	211129	215032	
208613	205194	208129	206742	208290	
209613	206355	207323	212355	207903	
205032	206032	209516	210000	208452	
202613	206194	201806	205290	206677	
203323	204871	204065	207161	205032	
202194	200161	208452	203839	202194	
193742	194710	196677	194484	195129	
191613	192290	190258	197161	185677	
188129	189774	192935	187323	190323	
188935	187806	195516	192516	195032	
192452	190161	189935	193097	190484	
189516	183000	187065	191548	193000	
184871	193677	189097	185194	189935	
184161	185452	185355	186839	192194	
186839	187548	188613	187645	187903	
185613	185935	185355	188387	190806	
182194	183839	187484	187323	187548	
187742	190323	186419	188548	186194	
182452	190258	188774	185613	190258	
186903	187742	183419	186194	187387	
188548	191452	195613	191387	192129	
193161	189097	192452	192355	196516	
193484	195290	197742	199935	200419	
199032	195452	197484	197161	199194	
203839	198710	203742	204645	206677	
200742	201226	201710	205290	204484	
209097	204968	204484	207065	208774	
205032	204484	207968	202839	212355	
203258	204226	206032	206355	203000	
205774	202129	205935	204710	204968	
201452	202839	203419	205548	206903	
207161	204065	204645	207742	207484	
193903	200742	202194	200742	200323	
192032	195935	196355	198613	198710	
193581	196677	197387	197161	193484	
190323	190645	191452	194645	194484	
191710	190806	193677	190161	187484	
182935	187806	189032	186355	187968	
181710	180742	185774	184484	188290	
179516	181548	185194	189935	186516	
185677	187000	182839	186742	183742	
177968	182355	180258	180258	180903	
177323	180903	179839	176419	177387	
178452	177000	178387	180645	182290	
175290	179194	177484	179355	181387	
176258	177548	180484	176258	179355	
173323	176677	179355	175290	176903	
176742	177065	177387	180903	178935	
177484	181290	177323	179581	179935	
177710	177548	180097	179258	181548	
179355	176581	177548	185355	177968	
177903	178226	177968	178387	181968	
175871	175871	175194	179194	180968	
180097	180581	181806	180000	177065	
174387	172355	175677	179194	172516	
171613	174161	174161	168452	176742	
170581	171871	169258	171774	172613	
168710	170968	169677	173323	170645	
166419	172194	170258	174226	172452	
170742	172516	171226	176097	172290	
174065	173419	172774	172355	174871	
167548	170806	172290	170742	171968	
166258	165290	168387	164710	168710	
163323	166419	163806	168065	164065	
167000	166097	166581	164323	168710	
168452	163097	165839	170097	169194	
168935	167806	170161	167161	168226	
163419	168290	173258	164968	166742	
164871	168065	166742	166581	168548	
168226	166903	166032	168452	165290	
160645	163323	165032	170903	163258	
164323	164387	162774	161452	162129	
161226	161710	160742	163742	166097	
165516	162355	160581	162935	162935	
162129	167161	165452	167323	170742	
163742	162452	163484	164000	169419	
165355	165452	170000	166258	170000	
166419	167645	165355	170645	167710	
168613	167484	168871	169097	172839	
168548	168129	173419	171968	172194	
168065	170323	172290	170742	171387	
170161	176516	173903	172677	175194	
169839	167871	167226	169355	170968	
166903	168129	168290	167806	168871	
169935	170097	167645	167387	170645	
165129	170806	167548	171710	167323	
168774	166903	169839	172839	169032	
162774	165839	168774	168548	169839	
168129	165839	165613	165194	178226	
163161	164387	164000	162839	166742	
165774	160806	163258	165032	168065	
159677	162129	164226	162516	162194	
162677	161290	161774	164871	166194	
160484	161129	157871	164871	163258	
159742	160258	160323	158129	163323	
158935	158613	160161	160742	159903	
154806	159097	158226	156677	155194	
156903	157710	158452	161613	156097	
152935	158129	157968	158871	159355	
158226	157806	157548	153645	160968	
155355	158129	155839	158226	158129	
150581	152839	153903	154871	156258	
153097	154645	154645	158387	154484	
152839	153484	153581	155677	155290	
149516	150742	152097	153742	151065	
154871	150903	149419	150484	151710	
145355	150581	152032	152516	153097	
146742	147226	143323	148290	145194	
146161	143581	144065	143161	144806	
143323	142355	144806	139903	140226	
138548	140645	138774	140742	139258	
136258	135935	134226	135129	137161	
133484	131774	139419	134645	138290	
130000	131774	133161	132032	133323	
129839	127871	127806	128129	132032	
125355	129032	127226	129839	128452	
124710	126323	121226	124968	125290	
121387	123581	121548	127000	125516	
121387	120000	121226	123258	122419	
116097	114452	122774	118548	117871	
115839	113581	115935	119032	117387	
110968	111774	110484	113323	111065	
111387	113000	113097	112258	113000	
108774	107806	108355	109581	110323	
109097	110903	104290	108032	109194	
106323	108129	108516	103903	107000	
103419	102516	104452	105774	108516	
109355	115194	112419	111548	112935	
100710	103323	100161	102097	100968	
99258.1	100645	101710	99193.5	102677	
102774	99903.2	101871	100903	100806	
102097	99516.1	99516.1	101613	101226	
99032.3	99032.3	99096.8	99838.7	97225.8	
98935.5	99580.6	100484	98193.5	99258.1	
100645	99580.6	100226	101935	100387	
100806	101129	100645	98193.5	102581	
98354.8	101613	101774	100548	98516.1	
100387	99903.2	100903	100968	99354.8	
98354.8	98871	99032.3	99032.3	99354.8	
97161.3	97709.7	98871	100226	100065	
96580.6	98193.5	100226	99354.8	99903.2	
99903.2	100903	97709.7	99838.7	96903.2	
98451.6	99677.4	100000	100226	99096.8	
100387	102419	97161.3	101226	100065	
99903.2	105452	105194	104065	101065	
101452	105355	106000	103645	105194	
105355	106323	104290	105677	104871	
104806	105290	106258	106323	108710	
107065	106323	108516	105839	105774	
105032	109419	109839	103903	108032	
108613	105516	109258	107710	106097	
107161	107000	107387	106484	107871	
109742	107226	108710	110742	107161	
105677	107968	109516	107387	107000	
105355	108871	107548	104613	108613	
106484	108516	104226	106161	105516	
104129	104226	108774	104968	105452	
105774	105129	105839	104613	105774	
101774	103419	103645	107161	103903	
102258	104968	103645	106258	104548	
103806	104968	102355	103806	103323	
101290	103000	102032	102677	103742	
103742	102581	102032	99741.9	103419	
99838.7	98032.3	101387	98935.5	104129	
101065	100387	100226	100387	99741.9	
98871	99419.4	100226	102097	99580.6	
101065	100065	101710	102032	101129	
98871	101548	101226	100903	102581	
96903.2	101387	99419.4	97709.7	100323	
97161.3	98612.9	97064.5	96483.9	99258.1	
98032.3	98774.2	96580.6	98677.4	96903.2	
97483.9	98612.9	98129	98290.3	94967.7	
99354.8	99032.3	100161	100645	100065	
100161	100387	98935.5	97161.3	102194	
101548	99032.3	101226	97161.3	102774	
97806.5	100903	98516.1	100065	98354.8	
99258.1	99516.1	100903	97387.1	96258.1	
98774.2	99096.8	98193.5	99096.8	99741.9	
99032.3	101226	99032.3	96645.2	100968	
99677.4	100903	98677.4	96483.9	95774.2	
100226	98193.5	100968	100710	97161.3	
99516.1	100323	97709.7	99096.8	98871	
100065	97322.6	98354.8	99903.2	99903.2	
96000	95290.3	99741.9	96741.9	99258.1	
97967.7	97064.5	99741.9	98129	97645.2	
96741.9	101935	98129	98129	97322.6	
98677.4	97483.9	99903.2	97806.5	100484	
97483.9	97709.7	99258.1	99193.5	99032.3	
100484	98677.4	102032	99580.6	100323	
98871	98935.5	97161.3	98612.9	99032.3	
97161.3	99096.8	99580.6	98612.9	98516.1	
98451.6	97000	96096.8	96483.9	94774.2	
96000	96322.6	98354.8	95612.9	96645.2	
97871	99258.1	96838.7	99516.1	95354.8	
94451.6	96258.1	95354.8	96419.4	97000	
94387.1	96161.3	97064.5	97709.7	99354.8	
96000	96580.6	97967.7	98612.9	98451.6	
97064.5	97871	95516.1	97387.1	97387.1	
92516.1	98193.5	93580.6	100323	96419.4	
94064.5	95451.6	94774.2	96838.7	97548.4	
98032.3	97161.3	96000	95677.4	94225.8	
95935.5	96096.8	95612.9	97387.1	97322.6	
97322.6	99516.1	96322.6	96483.9	95516.1	
97967.7	96258.1	94871	95354.8	93419.4	
94774.2	96161.3	96161.3	97645.2	97871	
94225.8	95193.5	96419.4	97064.5	98290.3	
94129	96838.7	95451.6	95516.1	94451.6	
92838.7	94967.7	92516.1	96322.6	94548.4	
96903.2	94967.7	94387.1	97064.5	94129	
95677.4	97161.3	94387.1	95290.3	97548.4	
95677.4	98129	95838.7	97645.2	97225.8	
94709.7	98290.3	95032.3	98935.5	95677.4	
94871	98354.8	99096.8	99032.3	96322.6	
99516.1	96258.1	96419.4	96322.6	97161.3	
93806.5	95516.1	94451.6	97709.7	93967.7	
96903.2	95677.4	96322.6	93161.3	93161.3	
96419.4	94129	96903.2	96419.4	95612.9	
94871	98290.3	96161.3	96322.6	93645.2	
93806.5	96096.8	92419.4	95129	95032.3	
93580.6	93903.2	96000	95838.7	94967.7	
93322.6	94612.9	95774.2	93903.2	94548.4	
97806.5	93741.9	96580.6	96322.6	94612.9	
96483.9	95290.3	94064.5	96258.1	93806.5	
93419.4	94064.5	92354.8	93580.6	96258.1	
94871	94387.1	97548.4	99096.8	95290.3	
95290.3	95290.3	94387.1	97806.5	98612.9	
95354.8	95451.6	95290.3	94967.7	97064.5	
93741.9	94967.7	93967.7	94129	97000	
95935.5	93322.6	94129	96645.2	94612.9	
93258.1	93645.2	95774.2	94548.4	93967.7	
92032.3	95935.5	93967.7	96161.3	94612.9	
93322.6	94871	94967.7	97871	93741.9	
94290.3	96258.1	95774.2	93903.2	95290.3	
95451.6	93806.5	95516.1	92032.3	98516.1	
95354.8	94451.6	96322.6	93741.9	96096.8	
95451.6	92677.4	93483.9	97483.9	95935.5	
92677.4	94709.7	92677.4	92354.8	94774.2	
93000	93645.2	95677.4	93903.2	93645.2	
94387.1	95032.3	94387.1	94967.7	94967.7	
93483.9	95032.3	96419.4	95290.3	95193.5	
97000	93967.7	91935.5	94871	91709.7	
93483.9	95129	95129	94774.2	92580.6	
92354.8	93483.9	93161.3	94064.5	93000	
91871	95612.9	95774.2	92354.8	95774.2	
93580.6	94612.9	94548.4	94290.3	95354.8	
94129	95129	96322.6	97161.3	95612.9	
92580.6	95838.7	94871	95354.8	92258.1	
93967.7	94871	95838.7	93967.7	95290.3	
95193.5	96258.1	91612.9	95612.9	95032.3	
95032.3	97064.5	95193.5	93161.3	95451.6	
96483.9	95838.7	96580.6	95677.4	93806.5	
95677.4	94709.7	97967.7	97548.4	95354.8	
98032.3	96483.9	92580.6	97064.5	94774.2	
95193.5	96903.2	96645.2	94774.2	97709.7	
93322.6	95838.7	94548.4	95516.1	93580.6	
95032.3	97645.2	95935.5	93967.7	95838.7	
96741.9	93483.9	94774.2	96096.8	97225.8	
94387.1	95516.1	95838.7	97806.5	94548.4	
95677.4	97548.4	96258.1	94871	94709.7	
95451.6	92096.8	97483.9	94064.5	94387.1	
95290.3	93161.3	94967.7	95290.3	95838.7	
96645.2	93580.6	94387.1	94548.4	94129	
95451.6	95193.5	93741.9	92258.1	95516.1	
94290.3	94290.3	96258.1	93741.9	93645.2	
93741.9	94967.7	97161.3	95451.6	96258.1	
92354.8	94225.8	97387.1	96580.6	94064.5	
95129	93419.4	95451.6	94387.1	95354.8	
94387.1	93580.6	91709.7	93096.8	93580.6	
94774.2	93645.2	95451.6	92838.7	94129	
92032.3	90387.1	92935.5	95516.1	89258.1	
94451.6	90483.9	93741.9	93322.6	92516.1	
90483.9	93161.3	91935.5	91064.5	93161.3	
88774.2	90967.7	91064.5	93806.5	89838.7	
92096.8	93483.9	92096.8	93903.2	89354.8	
92032.3	94129	93903.2	92935.5	91290.3	
90645.2	93967.7	91225.8	93000	91935.5	
90548.4	93096.8	89838.7	90387.1	91129	
91709.7	91129	93322.6	90483.9	90903.2	
90903.2	92741.9	87806.5	91935.5	90483.9	
91548.4	92935.5	90322.6	89354.8	93258.1	
91935.5	90548.4	91612.9	90709.7	87871	
90967.7	91064.5	91871	91064.5	88935.5	
91871	91871	90387.1	89419.4	89032.3	
92258.1	90709.7	91225.8	91935.5	91387.1	
90322.6	89193.5	92419.4	89193.5	94387.1	
89677.4	89516.1	90967.7	89903.2	88451.6	
89032.3	91064.5	91451.6	91548.4	87871	
89193.5	90645.2	93322.6	91709.7	93096.8	
89516.1	92193.5	91451.6	89032.3	89258.1	
89032.3	90387.1	92032.3	88451.6	89741.9	
91451.6	92032.3	92580.6	91129	91709.7	
90161.3	87645.2	90225.8	90483.9	91709.7	
90064.5	89838.7	90903.2	89258.1	90548.4	
92354.8	87871	90903.2	90806.5	89354.8	
89354.8	90064.5	89419.4	89258.1	92677.4	
89741.9	90387.1	90322.6	90387.1	87967.7	
91871	91290.3	91935.5	90064.5	91871	
91709.7	89419.4	88838.7	89516.1	88516.1	
87483.9	89419.4	90967.7	90709.7	91451.6	
92258.1	90064.5	88774.2	89838.7	90548.4	
89258.1	88612.9	90161.3	87483.9	90483.9	
88032.3	90161.3	88838.7	90387.1	88838.7	
89096.8	89419.4	90709.7	90903.2	89419.4	
88935.5	88612.9	86903.2	88129	89419.4	
89677.4	88935.5	87806.5	90064.5	89354.8	
89677.4	88516.1	89903.2	87161.3	90903.2	
87387.1	89903.2	88774.2	91871	90387.1	
88612.9	89096.8	89741.9	90161.3	88774.2	
88677.4	88677.4	88774.2	91225.8	91225.8	
91129	85935.5	88290.3	87645.2	92935.5	
90161.3	89419.4	90483.9	88290.3	89838.7	
90000	87709.7	87322.6	89838.7	88290.3	
89677.4	88451.6	87483.9	87967.7	87645.2	
88677.4	88677.4	90064.5	87548.4	86580.6	
89096.8	89258.1	90483.9	89516.1	87548.4	
89580.6	88290.3	86000	90645.2	90387.1	
87548.4	87225.8	89193.5	91064.5	91935.5	
88032.3	87000	90548.4	87225.8	89677.4	
88193.5	88193.5	89580.6	90548.4	88612.9	
89096.8	89032.3	87967.7	86161.3	87967.7	
86419.4	89677.4	87387.1	89677.4	87161.3	
89258.1	89419.4	89741.9	87645.2	89032.3	
88193.5	87225.8	86419.4	87967.7	89677.4	
89741.9	90225.8	87225.8	86419.4	89677.4	
86483.9	87064.5	89354.8	87161.3	90161.3	
87387.1	89032.3	87064.5	89032.3	89580.6	
88354.8	90387.1	87645.2	87064.5	88838.7	
88129	87322.6	89516.1	86903.2	89838.7	
87000	85774.2	85032.3	88838.7	85129	
87645.2	88193.5	87064.5	88935.5	85838.7	
86741.9	85935.5	86258.1	86258.1	89354.8	
87871	83903.2	90161.3	87387.1	88774.2	
87161.3	86419.4	88935.5	87161.3	87645.2	
85774.2	88032.3	88838.7	86161.3	87387.1	
86903.2	85677.4	86258.1	87709.7	86322.6	
87871	86806.5	89903.2	87483.9	91290.3	
88129	87322.6	85516.1	87709.7	84871	
87322.6	85612.9	88516.1	86000	88516.1	
86258.1	88193.5	86000	84387.1	87871	
85838.7	89032.3	86161.3	86741.9	87225.8	
88451.6	87161.3	85451.6	84387.1	86580.6	
85677.4	87871	85516.1	84129	87645.2	
84129	87000	86322.6	87548.4	86161.3	
86161.3	85032.3	85290.3	84451.6	88290.3	
85677.4	86258.1	86645.2	85290.3	86322.6	
88129	85677.4	84612.9	82516.1	87806.5	
83645.2	86806.5	86483.9	86580.6	84290.3	
88516.1	85290.3	87709.7	85354.8	84709.7	
83580.6	84290.3	87161.3	87387.1	85935.5	
82838.7	86322.6	86580.6	83741.9	85774.2	
85032.3	87709.7	86322.6	85935.5	87322.6	
87645.2	85677.4	86645.2	85677.4	86322.6	
85193.5	83258.1	85774.2	83806.5	86258.1	
88774.2	88774.2	85838.7	83967.7	85838.7	
84967.7	84290.3	86000	87871	86580.6	
86419.4	85935.5	88032.3	84064.5	86096.8	
86096.8	86258.1	86096.8	85129	86258.1	
87645.2	86483.9	87387.1	88032.3	85354.8	
85838.7	86000	86000	86161.3	86161.3	
85838.7	83903.2	84451.6	84064.5	83258.1	
85129	85677.4	87387.1	83645.2	87871	
82193.5	86322.6	84774.2	85129	84709.7	
83967.7	84387.1	87871	84451.6	83161.3	
84225.8	86741.9	83967.7	85354.8	86483.9	
86161.3	84387.1	86903.2	82354.8	84709.7	
84451.6	86258.1	83967.7	85032.3	82903.2	
84774.2	85774.2	84967.7	85612.9	84774.2	
86161.3	82516.1	86483.9	84612.9	87387.1	
84709.7	85612.9	84064.5	84290.3	85193.5	
84871	83483.9	86322.6	83258.1	84129	
86096.8	82580.6	86000	85451.6	83096.8	
84290.3	83967.7	84387.1	85838.7	86258.1	
84871	84967.7	82741.9	81935.5	85451.6	
85290.3	85193.5	84967.7	83741.9	83580.6	
80645.2	84612.9	83967.7	84387.1	87871	
82032.3	82903.2	84967.7	85129	83000	
82903.2	84871	85774.2	82580.6	83258.1	
83258.1	84064.5	86096.8	86322.6	85935.5	
86161.3	83419.4	80967.7	84967.7	83419.4	
85516.1	84064.5	84387.1	83645.2	83903.2	
83580.6	82580.6	85677.4	84612.9	86161.3	
81612.9	84064.5	83483.9	84064.5	83419.4	
82419.4	86258.1	85774.2	83967.7	82903.2	
85838.7	82838.7	84064.5	82580.6	81387.1	
81451.6	85290.3	86258.1	85032.3	82580.6	
82903.2	83741.9	84612.9	85516.1	82096.8	
82580.6	86419.4	84290.3	83645.2	85129	
83322.6	84225.8	85774.2	87967.7	84548.4	
87161.3	84774.2	84451.6	83903.2	83903.2	
82838.7	83741.9	85354.8	83806.5	84387.1	
83741.9	83161.3	82903.2	83258.1	83483.9	
84225.8	84451.6	83903.2	82419.4	84451.6	
82903.2	82580.6	86903.2	83967.7	85354.8	
83903.2	83483.9	83483.9	82741.9	83741.9	
81871	83000	84774.2	84451.6	82516.1	
85612.9	83806.5	82258.1	82096.8	84612.9	
82096.8	84774.2	82580.6	85290.3	82838.7	
82419.4	85032.3	83258.1	84225.8	83322.6	
82741.9	84451.6	83645.2	84612.9	84774.2	
84774.2	82580.6	84290.3	85451.6	83806.5	
82096.8	83322.6	82096.8	82354.8	83903.2	
82193.5	86258.1	83741.9	84709.7	83806.5	
80871	83967.7	82419.4	84871	86645.2	
82516.1	85129	85193.5	82903.2	83161.3	
83322.6	84548.4	83096.8	84451.6	81548.4	
84129	86806.5	84129	84709.7	82419.4	
82354.8	85838.7	82354.8	82516.1	83000	
85290.3	84548.4	83967.7	82096.8	83322.6	
84774.2	83806.5	83258.1	85354.8	83000	
82580.6	84064.5	81387.1	83483.9	81871	
81548.4	85677.4	83322.6	83483.9	85290.3	
83258.1	84709.7	80322.6	83000	81129	
84548.4	81290.3	84871	83322.6	81935.5	
84548.4	81290.3	84871	83322.6	81935.5	
84548.4	81290.3	84871	83322.6	81935.5	
