3400	3400	3400	3400	3400	
5.7106e+06	5.7106e+06	5.7106e+06	5.7106e+06	5.7106e+06	
425400	425800	425400	425800	425400	
408200	414800	408200	414800	408200	
412200	400200	412200	400200	412200	
398200	396200	398200	396200	398200	
417800	404800	417800	404800	417800	
409200	401200	409200	401200	409200	
418800	413800	418800	413800	418800	
411800	411800	411800	411800	411800	
403600	415800	403600	415800	403600	
421400	413800	421400	413800	421400	
419400	413200	419400	413200	419400	
406800	428400	406800	428400	406800	
428400	438400	428400	438400	428400	
441600	440400	441600	440400	441600	
438400	443600	438400	443600	438400	
425400	438400	425400	438400	425400	
443000	448000	443000	448000	443000	
454200	439000	454200	439000	454200	
438400	449000	438400	449000	438400	
447000	445600	447000	445600	447000	
470800	465200	470800	465200	470800	
462200	466800	462200	466800	462200	
458600	469200	458600	469200	458600	
476200	478400	476200	478400	476200	
471200	474800	471200	474800	471200	
480400	488400	480400	488400	480400	
475800	493400	475800	493400	475800	
484400	476200	484400	476200	484400	
499000	490000	499000	490000	499000	
471200	508600	471200	508600	471200	
495000	493000	495000	493000	495000	
485800	477200	485800	477200	485800	
486800	484800	486800	484800	486800	
490400	477800	490400	477800	490400	
494400	494000	494400	494000	494400	
495400	506600	495400	506600	495400	
503000	518600	503000	518600	503000	
486400	495400	486400	495400	486400	
520200	496000	520200	496000	520200	
500000	502000	500000	502000	500000	
506600	497000	506600	497000	506600	
507600	503000	507600	503000	507600	
504000	491400	504000	491400	504000	
504000	503000	504000	503000	504000	
503000	504000	503000	504000	503000	
506000	484400	506000	484400	506000	
496400	499400	496400	499400	496400	
487800	504600	487800	504600	487800	
519200	500400	519200	500400	519200	
500400	496000	500400	496000	500400	
516200	515200	516200	515200	516200	
496000	492400	496000	492400	496000	
483800	502000	483800	502000	483800	
494400	498000	494400	498000	494400	
507000	492000	507000	492000	507000	
490000	494400	490000	494400	490000	
503000	510000	503000	510000	503000	
507000	502000	507000	502000	507000	
510000	509000	510000	509000	510000	
493400	502000	493400	502000	493400	
483800	507000	483800	507000	483800	
478400	482800	478400	482800	478400	
495400	497000	495400	497000	495400	
498000	500400	498000	500400	498000	
495400	498000	495400	498000	495400	
497000	487400	497000	487400	497000	
488800	492400	488800	492400	488800	
483400	494400	483400	494400	483400	
491000	499000	491000	499000	491000	
488400	495000	488400	495000	488400	
492400	487400	492400	487400	492400	
497400	487800	497400	487800	497400	
481400	485800	481400	485800	481400	
488400	485400	488400	485400	488400	
499000	493400	499000	493400	499000	
482800	476200	482800	476200	482800	
480400	501000	480400	501000	480400	
481400	501000	481400	501000	481400	
487800	485400	487800	485400	487800	
491400	485400	491400	485400	491400	
489400	498000	489400	498000	489400	
491000	493400	491000	493400	491000	
506600	482400	506600	482400	506600	
488800	483400	488800	483400	488800	
493400	496400	493400	496400	493400	
499400	483800	499400	483800	499400	
496400	492400	496400	492400	496400	
499000	499000	499000	499000	499000	
502600	497400	502600	497400	502600	
505600	495000	505600	495000	505600	
491400	505000	491400	505000	491400	
496000	492000	496000	492000	496000	
482400	500400	482400	500400	482400	
491000	492400	491000	492400	491000	
502600	496400	502600	496400	502600	
491400	487400	491400	487400	491400	
515200	485800	515200	485800	515200	
486800	480800	486800	480800	486800	
493400	501000	493400	501000	493400	
488800	495000	488800	495000	488800	
484400	492400	484400	492400	484400	
502600	497000	502600	497000	502600	
487400	476200	487400	476200	487400	
494400	489400	494400	489400	494400	
494400	490400	494400	490400	494400	
491000	508000	491000	508000	491000	
503000	500400	503000	500400	503000	
494400	486800	494400	486800	494400	
498000	496400	498000	496400	498000	
501000	492000	501000	492000	501000	
494400	490000	494400	490000	494400	
496400	483800	496400	483800	496400	
493000	499400	493000	499400	493000	
503000	494000	503000	494000	503000	
498400	502000	498400	502000	498400	
495000	510000	495000	510000	495000	
482800	497000	482800	497000	482800	
498400	490400	498400	490400	498400	
505600	488800	505600	488800	505600	
502000	500000	502000	500000	502000	
497400	499000	497400	499000	497400	
485400	488400	485400	488400	485400	
508000	490000	508000	490000	508000	
482400	513600	482400	513600	482400	
491000	504000	491000	504000	491000	
485400	498400	485400	498400	485400	
489400	504000	489400	504000	489400	
493000	501000	493000	501000	493000	
506000	478400	506000	478400	506000	
499400	502000	499400	502000	499400	
500400	497000	500400	497000	500400	
493400	499000	493400	499000	493400	
495400	506600	495400	506600	495400	
488800	503000	488800	503000	488800	
499400	492000	499400	492000	499400	
485800	515600	485800	515600	485800	
503600	493400	503600	493400	503600	
493400	500000	493400	500000	493400	
495400	490400	495400	490400	495400	
499400	493000	499400	493000	499400	
499000	496400	499000	496400	499000	
508600	484400	508600	484400	508600	
492400	512000	492400	512000	492400	
485400	500000	485400	500000	485400	
493400	495400	493400	495400	493400	
498400	495000	498400	495000	498400	
497000	505000	497000	505000	497000	
502000	499000	502000	499000	502000	
496400	506000	496400	506000	496400	
493400	498400	493400	498400	493400	
483800	499400	483800	499400	483800	
509600	509600	509600	509600	509600	
498000	495400	498000	495400	498000	
487800	496000	487800	496000	487800	
515600	493000	515600	493000	515600	
504000	509600	504000	509600	504000	
503600	496400	503600	496400	503600	
500000	500400	500000	500400	500000	
497000	493000	497000	493000	497000	
487400	493400	487400	493400	487400	
504000	496400	504000	496400	504000	
505600	493000	505600	493000	505600	
507000	495000	507000	495000	507000	
492400	481400	492400	481400	492400	
492400	514600	492400	514600	492400	
503000	499000	503000	499000	503000	
486400	490400	486400	490400	486400	
481400	498400	481400	498400	481400	
495000	490400	495000	490400	495000	
508000	493000	508000	493000	508000	
487400	492400	487400	492400	487400	
476800	490000	476800	490000	476800	
499400	507000	499400	507000	499400	
492400	498000	492400	498000	492400	
494000	490400	494000	490400	494000	
501400	494000	501400	494000	501400	
509600	491000	509600	491000	509600	
497400	491400	497400	491400	497400	
494000	501000	494000	501000	494000	
485800	496000	485800	496000	485800	
492400	501000	492400	501000	492400	
505600	490400	505600	490400	505600	
499400	493400	499400	493400	499400	
501000	501400	501000	501400	501000	
505000	488800	505000	488800	505000	
503000	506600	503000	506600	503000	
514600	502000	514600	502000	514600	
485400	489400	485400	489400	485400	
489400	500400	489400	500400	489400	
488400	497400	488400	497400	488400	
507600	492000	507600	492000	507600	
497000	492000	497000	492000	497000	
497400	499400	497400	499400	497400	
497400	486800	497400	486800	497400	
492000	499400	492000	499400	492000	
500400	515200	500400	515200	500400	
510600	478800	510600	478800	510600	
503600	516600	503600	516600	503600	
502600	504600	502600	504600	502600	
500000	486400	500000	486400	500000	
485800	504600	485800	504600	485800	
492000	490400	492000	490400	492000	
504600	491000	504600	491000	504600	
508000	492000	508000	492000	508000	
490000	502000	490000	502000	490000	
508000	493000	508000	493000	508000	
493000	498000	493000	498000	493000	
480800	494400	480800	494400	480800	
485800	502000	485800	502000	485800	
503000	503000	503000	503000	503000	
493000	511600	493000	511600	493000	
509600	494000	509600	494000	509600	
493400	490000	493400	490000	493400	
501000	505000	501000	505000	501000	
510600	503600	510600	503600	510600	
495400	496400	495400	496400	495400	
490400	500000	490400	500000	490400	
486400	503000	486400	503000	486400	
498400	507600	498400	507600	498400	
512000	502600	512000	502600	512000	
491400	498000	491400	498000	491400	
484800	485800	484800	485800	484800	
500000	499400	500000	499400	500000	
513000	505600	513000	505600	513000	
495000	506000	495000	506000	495000	
507600	503000	507600	503000	507600	
495400	511000	495400	511000	495400	
495000	501400	495000	501400	495000	
504600	497400	504600	497400	504600	
498400	501000	498400	501000	498400	
499400	498400	499400	498400	499400	
503600	500400	503600	500400	503600	
493400	494400	493400	494400	493400	
500000	509600	500000	509600	500000	
491000	498400	491000	498400	491000	
511600	499000	511600	499000	511600	
510600	510000	510600	510000	510600	
491400	507000	491400	507000	491400	
502000	498400	502000	498400	502000	
507600	497000	507600	497000	507600	
496400	490400	496400	490400	496400	
486800	499000	486800	499000	486800	
494400	502600	494400	502600	494400	
504000	508000	504000	508000	504000	
501400	504600	501400	504600	501400	
493000	504000	493000	504000	493000	
503600	497400	503600	497400	503600	
502000	509000	502000	509000	502000	
507000	509000	507000	509000	507000	
511600	496000	511600	496000	511600	
516600	488800	516600	488800	516600	
492400	497400	492400	497400	492400	
501000	506600	501000	506600	501000	
500400	492400	500400	492400	500400	
502600	506000	502600	506000	502600	
514000	508600	514000	508600	514000	
499000	495400	499000	495400	499000	
507600	492000	507600	492000	507600	
493000	504000	493000	504000	493000	
491000	502000	491000	502000	491000	
492000	500000	492000	500000	492000	
496400	500400	496400	500400	496400	
484400	485800	484400	485800	484400	
508600	510000	508600	510000	508600	
510600	494000	510600	494000	510600	
515200	505000	515200	505000	515200	
507000	500000	507000	500000	507000	
496000	493000	496000	493000	496000	
508000	500000	508000	500000	508000	
496000	500000	496000	500000	496000	
511600	498400	511600	498400	511600	
493400	492000	493400	492000	493400	
507000	487400	507000	487400	507000	
514000	497000	514000	497000	514000	
503000	503000	503000	503000	503000	
507600	481800	507600	481800	507600	
491400	494000	491400	494000	491400	
502600	505600	502600	505600	502600	
494000	510600	494000	510600	494000	
508600	495400	508600	495400	508600	
506600	486800	506600	486800	506600	
497400	502000	497400	502000	497400	
494000	497400	494000	497400	494000	
510000	499000	510000	499000	510000	
496000	495400	496000	495400	496000	
499000	499400	499000	499400	499000	
507600	497000	507600	497000	507600	
504000	510600	504000	510600	504000	
500000	495400	500000	495400	500000	
491000	486400	491000	486400	491000	
502600	504600	502600	504600	502600	
504600	509600	504600	509600	504600	
504000	502000	504000	502000	504000	
516200	507600	516200	507600	516200	
504600	498000	504600	498000	504600	
522200	498000	522200	498000	522200	
503000	520600	503000	520600	503000	
495000	500000	495000	500000	495000	
492000	504600	492000	504600	492000	
504000	509000	504000	509000	504000	
510000	511000	510000	511000	510000	
494400	504000	494400	504000	494400	
501400	503000	501400	503000	501400	
494000	505000	494000	505000	494000	
503000	483400	503000	483400	503000	
493000	497400	493000	497400	493000	
504000	514000	504000	514000	504000	
498400	487400	498400	487400	498400	
504000	499400	504000	499400	504000	
493400	506600	493400	506600	493400	
500400	503600	500400	503600	500400	
509000	514000	509000	514000	509000	
488800	515600	488800	515600	488800	
497000	491400	497000	491400	497000	
496400	517200	496400	517200	496400	
501000	506600	501000	506600	501000	
511600	494000	511600	494000	511600	
491400	495400	491400	495400	491400	
496400	490400	496400	490400	496400	
498000	493400	498000	493400	498000	
497400	497000	497400	497000	497400	
506600	490000	506600	490000	506600	
514600	494400	514600	494400	514600	
507000	486800	507000	486800	507000	
494000	491400	494000	491400	494000	
507600	489400	507600	489400	507600	
500000	502000	500000	502000	500000	
493000	505000	493000	505000	493000	
505600	488400	505600	488400	505600	
492000	491400	492000	491400	492000	
504600	501400	504600	501400	504600	
524200	501000	524200	501000	524200	
499400	495400	499400	495400	499400	
508600	500000	508600	500000	508600	
497000	496400	497000	496400	497000	
504000	493400	504000	493400	504000	
508000	520600	508000	520600	508000	
499400	496400	499400	496400	499400	
507000	492000	507000	492000	507000	
490400	501000	490400	501000	490400	
504000	521600	504000	521600	504000	
510000	496000	510000	496000	510000	
505600	505000	505600	505000	505600	
489400	505000	489400	505000	489400	
505000	500400	505000	500400	505000	
495000	499400	495000	499400	495000	
499000	481800	499000	481800	499000	
506600	512600	506600	512600	506600	
500400	486400	500400	486400	500400	
488400	507000	488400	507000	488400	
495400	512600	495400	512600	495400	
499400	504000	499400	504000	499400	
487800	484800	487800	484800	487800	
492000	508000	492000	508000	492000	
496000	509600	496000	509600	496000	
509600	504000	509600	504000	509600	
498400	522200	498400	522200	498400	
498000	507600	498000	507600	498000	
501000	501000	501000	501000	501000	
509000	501400	509000	501400	509000	
508600	504000	508600	504000	508600	
503000	498000	503000	498000	503000	
504000	512600	504000	512600	504000	
508600	491400	508600	491400	508600	
510600	507600	510600	507600	510600	
502000	503000	502000	503000	502000	
516600	509000	516600	509000	516600	
515200	495000	515200	495000	515200	
501000	496400	501000	496400	501000	
510000	509600	510000	509600	510000	
504000	518600	504000	518600	504000	
512000	508600	512000	508600	512000	
490400	515600	490400	515600	490400	
506600	505000	506600	505000	506600	
507000	505600	507000	505600	507000	
500000	501000	500000	501000	500000	
504000	504000	504000	504000	504000	
508000	510600	508000	510600	508000	
497000	491400	497000	491400	497000	
505600	511600	505600	511600	505600	
497000	484400	497000	484400	497000	
496000	498000	496000	498000	496000	
511000	502000	511000	502000	511000	
497400	490400	497400	490400	497400	
496400	498400	496400	498400	496400	
499400	494000	499400	494000	499400	
504000	510000	504000	510000	504000	
497400	502000	497400	502000	497400	
505600	505000	505600	505000	505600	
502000	505000	502000	505000	502000	
502600	520200	502600	520200	502600	
513000	505000	513000	505000	513000	
494400	514000	494400	514000	494400	
512600	493400	512600	493400	512600	
503000	497400	503000	497400	503000	
493000	508000	493000	508000	493000	
504600	498400	504600	498400	504600	
505000	505000	505000	505000	505000	
501000	512600	501000	512600	501000	
496400	502600	496400	502600	496400	
500400	515200	500400	515200	500400	
510000	506000	510000	506000	510000	
506600	503600	506600	503600	506600	
496400	510000	496400	510000	496400	
497000	504000	497000	504000	497000	
499000	501400	499000	501400	499000	
499000	497000	499000	497000	499000	
493000	515600	493000	515600	493000	
502000	507000	502000	507000	502000	
494400	495000	494400	495000	494400	
509600	500400	509600	500400	509600	
493400	508600	493400	508600	493400	
512600	501400	512600	501400	512600	
497000	515600	497000	515600	497000	
505000	494400	505000	494400	505000	
511600	500000	511600	500000	511600	
495400	495000	495400	495000	495400	
498000	503600	498000	503600	498000	
497400	496400	497400	496400	497400	
507600	497000	507600	497000	507600	
501400	505000	501400	505000	501400	
499400	509600	499400	509600	499400	
500000	505600	500000	505600	500000	
506600	509000	506600	509000	506600	
519600	502600	519600	502600	519600	
491400	508600	491400	508600	491400	
508600	507600	508600	507600	508600	
512000	507600	512000	507600	512000	
502000	500400	502000	500400	502000	
505600	502000	505600	502000	505600	
510600	509000	510600	509000	510600	
522200	501400	522200	501400	522200	
509000	506600	509000	506600	509000	
524200	504000	524200	504000	524200	
509600	505000	509600	505000	509600	
509000	504600	509000	504600	509000	
499000	505600	499000	505600	499000	
508600	506000	508600	506000	508600	
515200	505000	515200	505000	515200	
486400	500400	486400	500400	486400	
493400	503000	493400	503000	493400	
509600	501400	509600	501400	509600	
514000	495000	514000	495000	514000	
509600	508600	509600	508600	509600	
512000	513000	512000	513000	512000	
512600	495400	512600	495400	512600	
517600	484400	517600	484400	517600	
498000	502600	498000	502600	498000	
501400	495000	501400	495000	501400	
522200	508600	522200	508600	522200	
502000	497400	502000	497400	502000	
514600	496000	514600	496000	514600	
503000	505000	503000	505000	503000	
509600	490400	509600	490400	509600	
495000	507000	495000	507000	495000	
513000	502600	513000	502600	513000	
496000	488800	496000	488800	496000	
487400	499400	487400	499400	487400	
496400	512000	496400	512000	496400	
498400	490400	498400	490400	498400	
493400	506000	493400	506000	493400	
504000	506600	504000	506600	504000	
508600	502600	508600	502600	508600	
499000	511000	499000	511000	499000	
499000	490000	499000	490000	499000	
499400	504000	499400	504000	499400	
496000	513000	496000	513000	496000	
503000	513000	503000	513000	503000	
491400	481400	491400	481400	491400	
509600	512000	509600	512000	509600	
480400	503000	480400	503000	480400	
518200	477200	518200	477200	518200	
517600	496400	517600	496400	517600	
508600	494400	508600	494400	508600	
500400	500000	500400	500000	500400	
490000	498400	490000	498400	490000	
500000	508600	500000	508600	500000	
509600	508000	509600	508000	509600	
502000	494000	502000	494000	502000	
505000	491000	505000	491000	505000	
506000	501000	506000	501000	506000	
501000	514000	501000	514000	501000	
505600	492000	505600	492000	505600	
515200	497000	515200	497000	515200	
499400	491400	499400	491400	499400	
501000	502600	501000	502600	501000	
506600	517200	506600	517200	506600	
502600	495000	502600	495000	502600	
498400	503600	498400	503600	498400	
503600	500400	503600	500400	503600	
491400	516200	491400	516200	491400	
518200	496400	518200	496400	518200	
504000	491400	504000	491400	504000	
504000	507600	504000	507600	504000	
519600	495000	519600	495000	519600	
505600	510000	505600	510000	505600	
497000	498000	497000	498000	497000	
500000	493400	500000	493400	500000	
495000	493400	495000	493400	495000	
506600	511600	506600	511600	506600	
515600	513000	515600	513000	515600	
492400	490000	492400	490000	492400	
498000	494400	498000	494400	498000	
524600	495400	524600	495400	524600	
509000	500400	509000	500400	509000	
510600	499400	510600	499400	510600	
513000	506000	513000	506000	513000	
484800	505000	484800	505000	484800	
512000	495400	512000	495400	512000	
500400	493000	500400	493000	500400	
502000	504600	502000	504600	502000	
488400	500000	488400	500000	488400	
492400	490400	492400	490400	492400	
509000	500400	509000	500400	509000	
504000	496400	504000	496400	504000	
504000	510000	504000	510000	504000	
498000	518200	498000	518200	498000	
494000	504000	494000	504000	494000	
494400	506000	494400	506000	494400	
510000	511000	510000	511000	510000	
505000	496000	505000	496000	505000	
494000	506000	494000	506000	494000	
500000	505000	500000	505000	500000	
514000	508000	514000	508000	514000	
499000	490400	499000	490400	499000	
510600	507000	510600	507000	510600	
496000	503000	496000	503000	496000	
501000	512600	501000	512600	501000	
506000	500000	506000	500000	506000	
505600	498000	505600	498000	505600	
511000	503600	511000	503600	511000	
504000	494400	504000	494400	504000	
498400	500000	498400	500000	498400	
519200	498000	519200	498000	519200	
505600	496000	505600	496000	505600	
500400	497400	500400	497400	500400	
503000	501000	503000	501000	503000	
507000	503000	507000	503000	507000	
510600	513000	510600	513000	510600	
499400	503000	499400	503000	499400	
517200	497400	517200	497400	517200	
509600	502600	509600	502600	509600	
502600	495400	502600	495400	502600	
505000	505600	505000	505600	505000	
495400	501400	495400	501400	495400	
514600	515600	514600	515600	514600	
504600	497000	504600	497000	504600	
493000	515600	493000	515600	493000	
513600	506600	513600	506600	513600	
507600	497400	507600	497400	507600	
507000	508600	507000	508600	507000	
498000	478400	498000	478400	498000	
497400	500400	497400	500400	497400	
497400	501000	497400	501000	497400	
502600	499400	502600	499400	502600	
513600	492000	513600	492000	513600	
481800	499000	481800	499000	481800	
497400	498000	497400	498000	497400	
507600	492400	507600	492400	507600	
507000	506600	507000	506600	507000	
519600	507000	519600	507000	519600	
515200	499400	515200	499400	515200	
511600	497000	511600	497000	511600	
518600	504000	518600	504000	518600	
512600	513000	512600	513000	512600	
495400	491400	495400	491400	495400	
501400	498400	501400	498400	501400	
517600	493400	517600	493400	517600	
494000	493000	494000	493000	494000	
505000	501400	505000	501400	505000	
504600	490400	504600	490400	504600	
510600	511000	510600	511000	510600	
519600	504600	519600	504600	519600	
496000	499400	496000	499400	496000	
509600	526800	509600	526800	509600	
511000	522200	511000	522200	511000	
495000	500400	495000	500400	495000	
501400	499000	501400	499000	501400	
512000	505600	512000	505600	512000	
492400	504000	492400	504000	492400	
507600	503000	507600	503000	507600	
504600	508000	504600	508000	504600	
503600	492400	503600	492400	503600	
497000	496400	497000	496400	497000	
505000	514000	505000	514000	505000	
516600	514600	516600	514600	516600	
514000	497000	514000	497000	514000	
495400	493000	495400	493000	495400	
494400	503000	494400	503000	494400	
516600	499000	516600	499000	516600	
502000	521200	502000	521200	502000	
501000	500400	501000	500400	501000	
496400	492400	496400	492400	496400	
503000	499400	503000	499400	503000	
507000	500400	507000	500400	507000	
501000	510600	501000	510600	501000	
508600	490000	508600	490000	508600	
513000	495000	513000	495000	513000	
496400	498400	496400	498400	496400	
503600	490000	503600	490000	503600	
502600	514000	502600	514000	502600	
506000	503000	506000	503000	506000	
501400	517600	501400	517600	501400	
509000	510000	509000	510000	509000	
510600	507000	510600	507000	510600	
507000	508000	507000	508000	507000	
516200	515600	516200	515600	516200	
504600	511600	504600	511600	504600	
510600	504000	510600	504000	510600	
486800	494400	486800	494400	486800	
497400	522200	497400	522200	497400	
499000	507600	499000	507600	499000	
502000	507600	502000	507600	502000	
506000	522200	506000	522200	506000	
513600	496000	513600	496000	513600	
506600	509000	506600	509000	506600	
483400	493400	483400	493400	483400	
512000	509600	512000	509600	512000	
500000	506000	500000	506000	500000	
493400	502000	493400	502000	493400	
487800	505600	487800	505600	487800	
504600	499400	504600	499400	504600	
506000	498400	506000	498400	506000	
491000	500000	491000	500000	491000	
501400	514000	501400	514000	501400	
500000	503600	500000	503600	500000	
491000	503600	491000	503600	491000	
509000	496000	509000	496000	509000	
494400	508000	494400	508000	494400	
497400	509000	497400	509000	497400	
492000	499400	492000	499400	492000	
494400	492400	494400	492400	494400	
498400	502000	498400	502000	498400	
506000	504000	506000	504000	506000	
490400	518600	490400	518600	490400	
494000	503600	494000	503600	494000	
507000	498000	507000	498000	507000	
505000	497000	505000	497000	505000	
490000	498000	490000	498000	490000	
500000	510000	500000	510000	500000	
505000	502600	505000	502600	505000	
501400	500000	501400	500000	501400	
493400	505600	493400	505600	493400	
515200	506000	515200	506000	515200	
498000	497000	498000	497000	498000	
504600	512000	504600	512000	504600	
492400	516200	492400	516200	492400	
507600	520600	507600	520600	507600	
501400	512000	501400	512000	501400	
497000	503600	497000	503600	497000	
495000	512000	495000	512000	495000	
509000	497000	509000	497000	509000	
502600	512000	502600	512000	502600	
501400	497000	501400	497000	501400	
502600	500400	502600	500400	502600	
509600	512000	509600	512000	509600	
519600	501400	519600	501400	519600	
513000	504000	513000	504000	513000	
490400	511600	490400	511600	490400	
496000	510000	496000	510000	496000	
509600	510000	509600	510000	509600	
512600	503600	512600	503600	512600	
499400	494000	499400	494000	499400	
510000	519600	510000	519600	510000	
510000	506000	510000	506000	510000	
505600	511000	505600	511000	505600	
516200	514600	516200	514600	516200	
512600	494000	512600	494000	512600	
485800	497400	485800	497400	485800	
504000	508000	504000	508000	504000	
496400	491400	496400	491400	496400	
496000	492000	496000	492000	496000	
515200	505000	515200	505000	515200	
505000	514600	505000	514600	505000	
504000	514000	504000	514000	504000	
495000	518600	495000	518600	495000	
508000	492000	508000	492000	508000	
510600	513600	510600	513600	510600	
513600	501000	513600	501000	513600	
490000	501000	490000	501000	490000	
522600	502000	522600	502000	522600	
494000	522200	494000	522200	494000	
499000	511600	499000	511600	499000	
511600	493400	511600	493400	511600	
498000	495400	498000	495400	498000	
494000	500000	494000	500000	494000	
507000	506000	507000	506000	507000	
519600	502600	519600	502600	519600	
499400	510600	499400	510600	499400	
519200	489400	519200	489400	519200	
504000	509000	504000	509000	504000	
515600	501000	515600	501000	515600	
509600	500000	509600	500000	509600	
511600	502000	511600	502000	511600	
506600	500400	506600	500400	506600	
498000	500400	498000	500400	498000	
499400	503600	499400	503600	499400	
509600	492000	509600	492000	509600	
510600	495000	510600	495000	510600	
488800	500000	488800	500000	488800	
501000	508000	501000	508000	501000	
511600	508600	511600	508600	511600	
511600	504000	511600	504000	511600	
508000	504600	508000	504600	508000	
502600	486800	502600	486800	502600	
516600	520200	516600	520200	516600	
509600	510000	509600	510000	509600	
488400	500000	488400	500000	488400	
503000	506000	503000	506000	503000	
498000	500400	498000	500400	498000	
508000	507000	508000	507000	508000	
515600	492000	515600	492000	515600	
510000	494000	510000	494000	510000	
503600	490000	503600	490000	503600	
507000	500000	507000	500000	507000	
506000	508600	506000	508600	506000	
508600	496000	508600	496000	508600	
506000	507000	506000	507000	506000	
509600	496000	509600	496000	509600	
510600	505000	510600	505000	510600	
509000	494000	509000	494000	509000	
503000	492000	503000	492000	503000	
521200	497400	521200	497400	521200	
494400	502000	494400	502000	494400	
511000	507600	511000	507600	511000	
514600	495000	514600	495000	514600	
498400	500000	498400	500000	498400	
502600	509600	502600	509600	502600	
490000	501000	490000	501000	490000	
495400	512600	495400	512600	495400	
510000	511600	510000	511600	510000	
508000	495000	508000	495000	508000	
523200	496400	523200	496400	523200	
511000	515600	511000	515600	511000	
499400	488800	499400	488800	499400	
506000	500400	506000	500400	506000	
501000	507600	501000	507600	501000	
487400	507000	487400	507000	487400	
506600	499400	506600	499400	506600	
498400	500400	498400	500400	498400	
506000	493000	506000	493000	506000	
483400	500400	483400	500400	483400	
498400	496400	498400	496400	498400	
509000	491400	509000	491400	509000	
494000	503000	494000	503000	494000	
494000	501400	494000	501400	494000	
505600	494000	505600	494000	505600	
510000	501000	510000	501000	510000	
503600	491400	503600	491400	503600	
508000	495400	508000	495400	508000	
505000	495400	505000	495400	505000	
498400	503000	498400	503000	498400	
507000	499400	507000	499400	507000	
505600	509600	505600	509600	505600	
497000	503600	497000	503600	497000	
500400	501400	500400	501400	500400	
514000	497400	514000	497400	514000	
506600	505600	506600	505600	506600	
501400	493400	501400	493400	501400	
519600	509600	519600	509600	519600	
505000	508600	505000	508600	505000	
502000	508600	502000	508600	502000	
496000	501400	496000	501400	496000	
514600	502600	514600	502600	514600	
497400	507600	497400	507600	497400	
510600	507000	510600	507000	510600	
518200	496000	518200	496000	518200	
497000	504600	497000	504600	497000	
501000	498000	501000	498000	501000	
495400	505600	495400	505600	495400	
502000	517600	502000	517600	502000	
518200	506000	518200	506000	518200	
500400	515200	500400	515200	500400	
504600	486800	504600	486800	504600	
506600	493400	506600	493400	506600	
505000	521600	505000	521600	505000	
504000	515200	504000	515200	504000	
498000	503600	498000	503600	498000	
502000	501400	502000	501400	502000	
508000	489400	508000	489400	508000	
510600	511600	510600	511600	510600	
508000	497400	508000	497400	508000	
514000	502600	514000	502600	514000	
518200	512600	518200	512600	518200	
508000	497400	508000	497400	508000	
512000	497400	512000	497400	512000	
508000	504600	508000	504600	508000	
497000	501000	497000	501000	497000	
491000	509000	491000	509000	491000	
505000	490400	505000	490400	505000	
506000	496400	506000	496400	506000	
502000	512000	502000	512000	502000	
514600	506600	514600	506600	514600	
504600	503600	504600	503600	504600	
498400	509000	498400	509000	498400	
511000	511000	511000	511000	511000	
491000	504000	491000	504000	491000	
504000	501000	504000	501000	504000	
499000	517600	499000	517600	499000	
499000	519600	499000	519600	499000	
506600	511600	506600	511600	506600	
493400	509000	493400	509000	493400	
495000	513600	495000	513600	495000	
493400	503600	493400	503600	493400	
505600	508600	505600	508600	505600	
499000	506600	499000	506600	499000	
511600	507600	511600	507600	511600	
511600	498400	511600	498400	511600	
499400	501400	499400	501400	499400	
510600	501000	510600	501000	510600	
496400	519200	496400	519200	496400	
510600	495400	510600	495400	510600	
514600	512000	514600	512000	514600	
508600	504600	508600	504600	508600	
504000	491400	504000	491400	504000	
491000	510600	491000	510600	491000	
501000	498400	501000	498400	501000	
508000	504000	508000	504000	508000	
498000	498000	498000	498000	498000	
507000	497400	507000	497400	507000	
521600	495000	521600	495000	521600	
495400	500000	495400	500000	495400	
495000	505000	495000	505000	495000	
486800	505000	486800	505000	486800	
495400	489400	495400	489400	495400	
504600	497400	504600	497400	504600	
513600	490000	513600	490000	513600	
517600	494400	517600	494400	517600	
519600	499400	519600	499400	519600	
503600	501400	503600	501400	503600	
499000	510600	499000	510600	499000	
508600	509000	508600	509000	508600	
510600	502000	510600	502000	510600	
514600	507600	514600	507600	514600	
505600	504600	505600	504600	505600	
495400	504000	495400	504000	495400	
501000	499400	501000	499400	501000	
504000	507000	504000	507000	504000	
492000	501400	492000	501400	492000	
509600	502000	509600	502000	509600	
502600	507000	502600	507000	502600	
489400	502600	489400	502600	489400	
506000	500400	506000	500400	506000	
508000	489400	508000	489400	508000	
511600	499000	511600	499000	511600	
503000	489400	503000	489400	503000	
503600	498000	503600	498000	503600	
514000	501000	514000	501000	514000	
501000	496400	501000	496400	501000	
509600	504600	509600	504600	509600	
504600	511600	504600	511600	504600	
515600	506000	515600	506000	515600	
511000	493400	511000	493400	511000	
508600	507000	508600	507000	508600	
508600	508000	508600	508000	508600	
506000	512600	506000	512600	506000	
496400	506000	496400	506000	496400	
492400	511600	492400	511600	492400	
492000	493400	492000	493400	492000	
504000	508000	504000	508000	504000	
506000	504000	506000	504000	506000	
499000	502000	499000	502000	499000	
509000	501400	509000	501400	509000	
508000	494400	508000	494400	508000	
504000	497000	504000	497000	504000	
505000	525200	505000	525200	505000	
501400	498000	501400	498000	501400	
504600	500400	504600	500400	504600	
510000	514000	510000	514000	510000	
504000	489400	504000	489400	504000	
509600	494400	509600	494400	509600	
505600	505000	505600	505000	505600	
505000	507000	505000	507000	505000	
493000	501000	493000	501000	493000	
505000	502600	505000	502600	505000	
505600	499000	505600	499000	505600	
500400	515600	500400	515600	500400	
510600	514600	510600	514600	510600	
495400	516600	495400	516600	495400	
503600	508000	503600	508000	503600	
511600	500400	511600	500400	511600	
511000	517600	511000	517600	511000	
499000	496000	499000	496000	499000	
508600	483800	508600	483800	508600	
518600	508000	518600	508000	518600	
503600	497000	503600	497000	503600	
488400	498400	488400	498400	488400	
499400	515200	499400	515200	499400	
512000	505000	512000	505000	512000	
509000	512000	509000	512000	509000	
496400	504600	496400	504600	496400	
510000	508000	510000	508000	510000	
500400	497400	500400	497400	500400	
496000	500400	496000	500400	496000	
506600	497000	506600	497000	506600	
501000	502000	501000	502000	501000	
491000	475800	491000	475800	491000	
505000	491400	505000	491400	505000	
500000	491000	500000	491000	500000	
487800	489400	487800	489400	487800	
519600	502000	519600	502000	519600	
514600	500000	514600	500000	514600	
516600	509600	516600	509600	516600	
499000	492400	499000	492400	499000	
505000	503600	505000	503600	505000	
498400	511000	498400	511000	498400	
487800	498000	487800	498000	487800	
519200	510600	519200	510600	519200	
499400	509000	499400	509000	499400	
524600	498400	524600	498400	524600	
516200	489400	516200	489400	516200	
512000	493000	512000	493000	512000	
502600	502000	502600	502000	502600	
497400	502600	497400	502600	497400	
508000	498000	508000	498000	508000	
499000	493400	499000	493400	499000	
507000	504600	507000	504600	507000	
514000	508000	514000	508000	514000	
496400	495000	496400	495000	496400	
516200	513000	516200	513000	516200	
498400	506600	498400	506600	498400	
504600	506000	504600	506000	504600	
521200	496000	521200	496000	521200	
511000	502600	511000	502600	511000	
499000	497400	499000	497400	499000	
507000	499000	507000	499000	507000	
502000	508000	502000	508000	502000	
495400	486800	495400	486800	495400	
494400	488800	494400	488800	494400	
519600	504600	519600	504600	519600	
498400	497400	498400	497400	498400	
507000	505000	507000	505000	507000	
518600	508600	518600	508600	518600	
504000	503600	504000	503600	504000	
509600	503000	509600	503000	509600	
508000	514600	508000	514600	508000	
499400	498400	499400	498400	499400	
500000	500000	500000	500000	500000	
505000	507600	505000	507600	505000	
501400	513600	501400	513600	501400	
490000	503000	490000	503000	490000	
524600	500000	524600	500000	524600	
486800	515200	486800	515200	486800	
503600	500400	503600	500400	503600	
492400	504600	492400	504600	492400	
494000	489400	494000	489400	494000	
500000	508000	500000	508000	500000	
487400	488400	487400	488400	487400	
502600	499000	502600	499000	502600	
507000	497000	507000	497000	507000	
492000	499400	492000	499400	492000	
502000	501000	502000	501000	502000	
504600	519200	504600	519200	504600	
512000	483400	512000	483400	512000	
494400	489400	494400	489400	494400	
497000	491400	497000	491400	497000	
501000	493400	501000	493400	501000	
486800	491400	486800	491400	486800	
494000	506600	494000	506600	494000	
502000	502600	502000	502600	502000	
504600	498400	504600	498400	504600	
507600	506600	507600	506600	507600	
505600	498400	505600	498400	505600	
512000	504000	512000	504000	512000	
503000	503000	503000	503000	503000	
508000	490000	508000	490000	508000	
507600	503000	507600	503000	507600	
494400	513000	494400	513000	494400	
502000	503000	502000	503000	502000	
508600	507600	508600	507600	508600	
501000	501000	501000	501000	501000	
506600	500400	506600	500400	506600	
504000	510600	504000	510600	504000	
501000	505600	501000	505600	501000	
502000	503600	502000	503600	502000	
493400	525600	493400	525600	493400	
499000	497000	499000	497000	499000	
496000	507000	496000	507000	496000	
498400	517600	498400	517600	498400	
502000	495400	502000	495400	502000	
510600	498400	510600	498400	510600	
484400	496400	484400	496400	484400	
504000	504600	504000	504600	504000	
498000	499400	498000	499400	498000	
496000	481400	496000	481400	496000	
507000	499000	507000	499000	507000	
505000	512000	505000	512000	505000	
508000	503000	508000	503000	508000	
494000	498400	494000	498400	494000	
516200	493400	516200	493400	516200	
487400	498400	487400	498400	487400	
494400	509000	494400	509000	494400	
500000	507600	500000	507600	500000	
501000	520200	501000	520200	501000	
505000	504600	505000	504600	505000	
501400	517200	501400	517200	501400	
505000	498400	505000	498400	505000	
498000	502600	498000	502600	498000	
497400	505000	497400	505000	497400	
491400	497000	491400	497000	491400	
504600	493400	504600	493400	504600	
512600	505000	512600	505000	512600	
501000	510000	501000	510000	501000	
493400	510600	493400	510600	493400	
499400	496400	499400	496400	499400	
507000	494400	507000	494400	507000	
507000	504600	507000	504600	507000	
510600	485800	510600	485800	510600	
494400	494000	494400	494000	494400	
505600	499000	505600	499000	505600	
494400	518200	494400	518200	494400	
512600	506000	512600	506000	512600	
502000	516200	502000	516200	502000	
503000	498000	503000	498000	503000	
489400	503600	489400	503600	489400	
499000	501000	499000	501000	499000	
518200	502000	518200	502000	518200	
520200	501000	520200	501000	520200	
501400	511000	501400	511000	501400	
498400	499400	498400	499400	498400	
503600	507600	503600	507600	503600	
509000	506000	509000	506000	509000	
501000	496400	501000	496400	501000	
496400	493400	496400	493400	496400	
503000	496400	503000	496400	503000	
496400	502600	496400	502600	496400	
496400	506000	496400	506000	496400	
495400	497000	495400	497000	495400	
505000	491400	505000	491400	505000	
508600	513000	508600	513000	508600	
494000	501000	494000	501000	494000	
501000	494000	501000	494000	501000	
505600	495400	505600	495400	505600	
497400	501400	497400	501400	497400	
504000	504600	504000	504600	504000	
498000	483400	498000	483400	498000	
496400	506000	496400	506000	496400	
496400	502600	496400	502600	496400	
498400	487400	498400	487400	498400	
498000	495000	498000	495000	498000	
507000	505600	507000	505600	507000	
499000	500000	499000	500000	499000	
487800	497000	487800	497000	487800	
515200	500400	515200	500400	515200	
498000	504600	498000	504600	498000	
520600	499400	520600	499400	520600	
515600	517200	515600	517200	515600	
496000	507600	496000	507600	496000	
509600	512000	509600	512000	509600	
501000	508000	501000	508000	501000	
504000	516600	504000	516600	504000	
481400	496400	481400	496400	481400	
510000	497400	510000	497400	510000	
507600	504000	507600	504000	507600	
510600	507000	510600	507000	510600	
502000	495000	502000	495000	502000	
504600	503000	504600	503000	504600	
506000	505600	506000	505600	506000	
490400	492000	490400	492000	490400	
501000	503600	501000	503600	501000	
505000	505600	505000	505600	505000	
517200	500400	517200	500400	517200	
508000	504600	508000	504600	508000	
496000	502000	496000	502000	496000	
511600	497400	511600	497400	511600	
515600	512600	515600	512600	515600	
508600	503000	508600	503000	508600	
495000	513000	495000	513000	495000	
493000	508000	493000	508000	493000	
505600	508600	505600	508600	505600	
484400	502000	484400	502000	484400	
513000	496400	513000	496400	513000	
495400	504600	495400	504600	495400	
529800	509000	529800	509000	529800	
490400	506000	490400	506000	490400	
510000	503000	510000	503000	510000	
502600	502000	502600	502000	502600	
495400	497000	495400	497000	495400	
494400	496400	494400	496400	494400	
509000	491000	509000	491000	509000	
507000	496400	507000	496400	507000	
512000	507000	512000	507000	512000	
500400	505600	500400	505600	500400	
516200	505000	516200	505000	516200	
504600	500400	504600	500400	504600	
504600	508000	504600	508000	504600	
513000	512600	513000	512600	513000	
508000	487400	508000	487400	508000	
499000	506600	499000	506600	499000	
499000	507000	499000	507000	499000	
505000	513000	505000	513000	505000	
502600	500000	502600	500000	502600	
498000	510600	498000	510600	498000	
507600	529200	507600	529200	507600	
523600	495400	523600	495400	523600	
514600	522600	514600	522600	514600	
502000	491000	502000	491000	502000	
510000	518200	510000	518200	510000	
514600	508600	514600	508600	514600	
494400	510600	494400	510600	494400	
491000	498000	491000	498000	491000	
506000	508600	506000	508600	506000	
495000	494000	495000	494000	495000	
513000	508000	513000	508000	513000	
500000	499000	500000	499000	500000	
488400	502000	488400	502000	488400	
495000	502000	495000	502000	495000	
505600	504000	505600	504000	505600	
496400	522200	496400	522200	496400	
497000	496400	497000	496400	497000	
510000	517200	510000	517200	510000	
507600	496000	507600	496000	507600	
506600	505000	506600	505000	506600	
504000	507000	504000	507000	504000	
510600	506000	510600	506000	510600	
484800	509600	484800	509600	484800	
494400	510000	494400	510000	494400	
495000	509600	495000	509600	495000	
490000	501400	490000	501400	490000	
520200	506000	520200	506000	520200	
505600	503600	505600	503600	505600	
519200	516200	519200	516200	519200	
494400	503600	494400	503600	494400	
497000	485400	497000	485400	497000	
504000	491000	504000	491000	504000	
491400	511600	491400	511600	491400	
495400	500000	495400	500000	495400	
496000	505600	496000	505600	496000	
501400	501400	501400	501400	501400	
504000	496400	504000	496400	504000	
509600	501400	509600	501400	509600	
491400	503000	491400	503000	491400	
502000	502600	502000	502600	502000	
506600	503600	506600	503600	506600	
504000	496000	504000	496000	504000	
507600	487400	507600	487400	507600	
508600	499400	508600	499400	508600	
498000	499000	498000	499000	498000	
495000	486400	495000	486400	495000	
506000	510000	506000	510000	506000	
516600	509600	516600	509600	516600	
501000	493400	501000	493400	501000	
501000	507600	501000	507600	501000	
508600	508000	508600	508000	508600	
497000	487800	497000	487800	497000	
501000	497400	501000	497400	501000	
506600	498400	506600	498400	506600	
508600	505600	508600	505600	508600	
515200	498000	515200	498000	515200	
491400	507000	491400	507000	491400	
511600	507600	511600	507600	511600	
496000	501000	496000	501000	496000	
502000	505600	502000	505600	502000	
505600	497000	505600	497000	505600	
511600	503600	511600	503600	511600	
500400	497400	500400	497400	500400	
506000	496400	506000	496400	506000	
504000	498400	504000	498400	504000	
499400	491400	499400	491400	499400	
509600	512600	509600	512600	509600	
511000	520600	511000	520600	511000	
505000	502000	505000	502000	505000	
505000	513000	505000	513000	505000	
497400	496400	497400	496400	497400	
500400	506000	500400	506000	500400	
507600	490000	507600	490000	507600	
511600	502000	511600	502000	511600	
501400	501400	501400	501400	501400	
509600	503000	509600	503000	509600	
494000	490000	494000	490000	494000	
505600	500000	505600	500000	505600	
510600	504000	510600	504000	510600	
496400	515600	496400	515600	496400	
498400	504600	498400	504600	498400	
502000	497000	502000	497000	502000	
511600	501000	511600	501000	511600	
496000	513000	496000	513000	496000	
501000	513600	501000	513600	501000	
496000	494000	496000	494000	496000	
496000	512600	496000	512600	496000	
516600	501400	516600	501400	516600	
504000	499400	504000	499400	504000	
504600	491400	504600	491400	504600	
503000	520200	503000	520200	503000	
488800	502000	488800	502000	488800	
513000	491400	513000	491400	513000	
496000	517600	496000	517600	496000	
497000	506600	497000	506600	497000	
511600	517200	511600	517200	511600	
502600	506000	502600	506000	502600	
497400	506600	497400	506600	497400	
512000	505600	512000	505600	512000	
507600	504000	507600	504000	507600	
508600	494400	508600	494400	508600	
517200	485800	517200	485800	517200	
512600	501000	512600	501000	512600	
509000	502600	509000	502600	509000	
502600	515200	502600	515200	502600	
484800	494000	484800	494000	484800	
500400	499000	500400	499000	500400	
492000	502600	492000	502600	492000	
501400	504000	501400	504000	501400	
504000	513600	504000	513600	504000	
493400	498000	493400	498000	493400	
509000	494400	509000	494400	509000	
494000	506000	494000	506000	494000	
512600	506000	512600	506000	512600	
510000	507600	510000	507600	510000	
502600	502000	502600	502000	502600	
503600	495000	503600	495000	503600	
511000	478800	511000	478800	511000	
499000	502000	499000	502000	499000	
495000	503600	495000	503600	495000	
496000	497000	496000	497000	496000	
510600	503600	510600	503600	510600	
510600	497400	510600	497400	510600	
504600	496000	504600	496000	504600	
504600	510600	504600	510600	504600	
502000	501400	502000	501400	502000	
496000	502600	496000	502600	496000	
498000	516600	498000	516600	498000	
504000	496000	504000	496000	504000	
505000	510000	505000	510000	505000	
505000	499400	505000	499400	505000	
493000	497000	493000	497000	493000	
506000	493000	506000	493000	506000	
499000	495000	499000	495000	499000	
499400	494000	499400	494000	499400	
496400	505600	496400	505600	496400	
510600	494400	510600	494400	510600	
505000	505600	505000	505600	505000	
486400	502600	486400	502600	486400	
514600	501000	514600	501000	514600	
498000	519600	498000	519600	498000	
495000	509000	495000	509000	495000	
500400	511600	500400	511600	500400	
494000	492000	494000	492000	494000	
492000	507600	492000	507600	492000	
499000	498400	499000	498400	499000	
497400	502600	497400	502600	497400	
499000	495400	499000	495400	499000	
503000	521200	503000	521200	503000	
497000	499400	497000	499400	497000	
499400	510000	499400	510000	499400	
508600	497000	508600	497000	508600	
498400	516600	498400	516600	498400	
500400	500400	500400	500400	500400	
500400	518600	500400	518600	500400	
511600	503000	511600	503000	511600	
509000	510600	509000	510600	509000	
497000	501000	497000	501000	497000	
496000	502000	496000	502000	496000	
491000	490000	491000	490000	491000	
497400	500400	497400	500400	497400	
505600	508000	505600	508000	505600	
496400	503600	496400	503600	496400	
502000	504000	502000	504000	502000	
495400	509000	495400	509000	495400	
509600	494000	509600	494000	509600	
516600	493000	516600	493000	516600	
502000	496400	502000	496400	502000	
487800	491000	487800	491000	487800	
492400	507600	492400	507600	492400	
493400	494000	493400	494000	493400	
503000	500400	503000	500400	503000	
478800	502000	478800	502000	478800	
498000	501400	498000	501400	498000	
504000	492400	504000	492400	504000	
494400	503000	494400	503000	494400	
499400	504000	499400	504000	499400	
502600	494000	502600	494000	502600	
504000	503600	504000	503600	504000	
496000	510000	496000	510000	496000	
498000	502600	498000	502600	498000	
503600	503000	503600	503000	503600	
499000	504000	499000	504000	499000	
512000	511600	512000	511600	512000	
498000	500000	498000	500000	498000	
506000	488800	506000	488800	506000	
503600	506600	503600	506600	503600	
500400	522200	500400	522200	500400	
507000	510600	507000	510600	507000	
494000	516200	494000	516200	494000	
506000	496400	506000	496400	506000	
513600	503000	513600	503000	513600	
508000	497000	508000	497000	508000	
502600	502000	502600	502000	502600	
500000	498000	500000	498000	500000	
510000	502000	510000	502000	510000	
494400	501400	494400	501400	494400	
502000	514600	502000	514600	502000	
502000	512000	502000	512000	502000	
497000	493000	497000	493000	497000	
511000	511000	511000	511000	511000	
508000	515600	508000	515600	508000	
497000	499000	497000	499000	497000	
508000	513000	508000	513000	508000	
500400	501400	500400	501400	500400	
507600	504600	507600	504600	507600	
514000	506600	514000	506600	514000	
504600	494400	504600	494400	504600	
490000	492400	490000	492400	490000	
507000	495400	507000	495400	507000	
478400	496000	478400	496000	478400	
510000	497000	510000	497000	510000	
501000	499000	501000	499000	501000	
505000	514000	505000	514000	505000	
501400	502600	501400	502600	501400	
491000	505000	491000	505000	491000	
490000	514600	490000	514600	490000	
505600	506600	505600	506600	505600	
507600	516200	507600	516200	507600	
501400	503000	501400	503000	501400	
509600	515600	509600	515600	509600	
508000	505000	508000	505000	508000	
516600	506000	516600	506000	516600	
493400	502000	493400	502000	493400	
501400	501400	501400	501400	501400	
486400	503600	486400	503600	486400	
493000	505600	493000	505600	493000	
495000	508000	495000	508000	495000	
505600	500000	505600	500000	505600	
503600	520600	503600	520600	503600	
487800	499400	487800	499400	487800	
502600	514600	502600	514600	502600	
505600	521200	505600	521200	505600	
497400	496000	497400	496000	497400	
497400	488800	497400	488800	497400	
498000	519600	498000	519600	498000	
516200	506000	516200	506000	516200	
481400	495400	481400	495400	481400	
496400	501000	496400	501000	496400	
501400	503600	501400	503600	501400	
509000	500400	509000	500400	509000	
510000	487800	510000	487800	510000	
517600	484400	517600	484400	517600	
496000	504600	496000	504600	496000	
494400	512600	494400	512600	494400	
499400	514000	499400	514000	499400	
506000	497000	506000	497000	506000	
503600	504000	503600	504000	503600	
495000	502000	495000	502000	495000	
480800	506000	480800	506000	480800	
502600	502000	502600	502000	502600	
523200	490400	523200	490400	523200	
488400	510000	488400	510000	488400	
498400	495000	498400	495000	498400	
503600	498000	503600	498000	503600	
492000	502000	492000	502000	492000	
504600	510000	504600	510000	504600	
508000	509000	508000	509000	508000	
492000	507600	492000	507600	492000	
499400	499000	499400	499000	499400	
503000	509000	503000	509000	503000	
506000	500000	506000	500000	506000	
507000	516600	507000	516600	507000	
503000	500400	503000	500400	503000	
511600	506600	511600	506600	511600	
508600	503600	508600	503600	508600	
480800	503000	480800	503000	480800	
485400	503000	485400	503000	485400	
507600	496000	507600	496000	507600	
498400	495000	498400	495000	498400	
507000	499400	507000	499400	507000	
504600	498400	504600	498400	504600	
496400	487400	496400	487400	496400	
511600	507000	511600	507000	511600	
506000	513600	506000	513600	506000	
489400	510600	489400	510600	489400	
509000	507000	509000	507000	509000	
499000	501400	499000	501400	499000	
495400	500400	495400	500400	495400	
496000	506600	496000	506600	496000	
499400	492000	499400	492000	499400	
512600	502600	512600	502600	512600	
510600	499400	510600	499400	510600	
499400	498000	499400	498000	499400	
493000	520200	493000	520200	493000	
497400	506000	497400	506000	497400	
516200	497000	516200	497000	516200	
508000	496400	508000	496400	508000	
493400	500000	493400	500000	493400	
505600	514000	505600	514000	505600	
504600	506000	504600	506000	504600	
510000	497400	510000	497400	510000	
513000	507000	513000	507000	513000	
508600	519200	508600	519200	508600	
507600	505000	507600	505000	507600	
505000	488800	505000	488800	505000	
488800	500400	488800	500400	488800	
496400	512600	496400	512600	496400	
527200	511600	527200	511600	527200	
506600	507600	506600	507600	506600	
497400	507600	497400	507600	497400	
502600	500000	502600	500000	502600	
513000	500000	513000	500000	513000	
506600	515600	506600	515600	506600	
515200	506600	515200	506600	515200	
505600	503600	505600	503600	505600	
500000	509000	500000	509000	500000	
506600	506000	506600	506000	506600	
502000	498400	502000	498400	502000	
518600	513000	518600	513000	518600	
505600	503600	505600	503600	505600	
500000	492400	500000	492400	500000	
511000	499000	511000	499000	511000	
506000	502000	506000	502000	506000	
515200	500400	515200	500400	515200	
501400	504600	501400	504600	501400	
502000	507000	502000	507000	502000	
505600	501400	505600	501400	505600	
502000	500000	502000	500000	502000	
496400	492000	496400	492000	496400	
511600	488800	511600	488800	511600	
512000	506600	512000	506600	512000	
502600	514600	502600	514600	502600	
508000	504000	508000	504000	508000	
508000	492000	508000	492000	508000	
516600	501400	516600	501400	516600	
506000	505000	506000	505000	506000	
515200	502000	515200	502000	515200	
501000	503000	501000	503000	501000	
516200	499000	516200	499000	516200	
510000	508600	510000	508600	510000	
517200	493400	517200	493400	517200	
480400	506000	480400	506000	480400	
509600	495400	509600	495400	509600	
494000	503600	494000	503600	494000	
518200	514000	518200	514000	518200	
500400	511600	500400	511600	500400	
501000	510000	501000	510000	501000	
507600	496400	507600	496400	507600	
501000	506600	501000	506600	501000	
522200	501000	522200	501000	522200	
509000	510600	509000	510600	509000	
505600	507000	505600	507000	505600	
485400	503000	485400	503000	485400	
499400	501000	499400	501000	499400	
504000	514600	504000	514600	504000	
489400	497000	489400	497000	489400	
511600	494400	511600	494400	511600	
499400	502600	499400	502600	499400	
504600	503600	504600	503600	504600	
510000	493000	510000	493000	510000	
499400	503600	499400	503600	499400	
502600	503000	502600	503000	502600	
509600	499000	509600	499000	509600	
505000	504600	505000	504600	505000	
504000	488400	504000	488400	504000	
500400	511600	500400	511600	500400	
503000	501400	503000	501400	503000	
490400	505600	490400	505600	490400	
490400	502000	490400	502000	490400	
502000	509000	502000	509000	502000	
506000	498400	506000	498400	506000	
506600	500400	506600	500400	506600	
503000	507600	503000	507600	503000	
495000	485800	495000	485800	495000	
498000	499400	498000	499400	498000	
507000	500000	507000	500000	507000	
498000	496000	498000	496000	498000	
497400	517600	497400	517600	497400	
501400	502000	501400	502000	501400	
496000	495400	496000	495400	496000	
506600	499000	506600	499000	506600	
490000	506000	490000	506000	490000	
503600	512600	503600	512600	503600	
493400	499000	493400	499000	493400	
512000	497400	512000	497400	512000	
493000	490400	493000	490400	493000	
507000	510000	507000	510000	507000	
508600	509000	508600	509000	508600	
509600	506600	509600	506600	509600	
511000	490400	511000	490400	511000	
489400	508000	489400	508000	489400	
488400	501000	488400	501000	488400	
503000	506600	503000	506600	503000	
503600	501000	503600	501000	503600	
508600	505000	508600	505000	508600	
508600	507000	508600	507000	508600	
497000	494400	497000	494400	497000	
495400	500000	495400	500000	495400	
508600	509600	508600	509600	508600	
510000	503600	510000	503600	510000	
499000	499400	499000	499400	499000	
497400	492000	497400	492000	497400	
504600	501000	504600	501000	504600	
512000	489400	512000	489400	512000	
514000	502600	514000	502600	514000	
498400	495400	498400	495400	498400	
501400	496000	501400	496000	501400	
497000	503600	497000	503600	497000	
509000	506600	509000	506600	509000	
486800	503000	486800	503000	486800	
513000	493400	513000	493400	513000	
503600	507000	503600	507000	503600	
498400	512600	498400	512600	498400	
498400	500000	498400	500000	498400	
497400	491400	497400	491400	497400	
499400	502600	499400	502600	499400	
513600	491400	513600	491400	513600	
512000	506000	512000	506000	512000	
499000	500000	499000	500000	499000	
498400	504600	498400	504600	498400	
507600	507000	507600	507000	507600	
506600	512600	506600	512600	506600	
493000	496000	493000	496000	493000	
498400	506000	498400	506000	498400	
499000	499000	499000	499000	499000	
496400	501400	496400	501400	496400	
508000	519200	508000	519200	508000	
491400	503000	491400	503000	491400	
504000	530200	504000	530200	504000	
502600	498400	502600	498400	502600	
506000	506600	506000	506600	506000	
495000	508600	495000	508600	495000	
505600	501400	505600	501400	505600	
488800	494000	488800	494000	488800	
494000	514000	494000	514000	494000	
512000	498000	512000	498000	512000	
489400	511000	489400	511000	489400	
506600	497400	506600	497400	506600	
506600	512000	506600	512000	506600	
514000	508000	514000	508000	514000	
521200	499000	521200	499000	521200	
512600	500400	512600	500400	512600	
508000	508600	508000	508600	508000	
506000	501000	506000	501000	506000	
516200	486800	516200	486800	516200	
516600	514600	516600	514600	516600	
512000	514000	512000	514000	512000	
500000	506000	500000	506000	500000	
503000	506600	503000	506600	503000	
515200	503600	515200	503600	515200	
513000	487800	513000	487800	513000	
511000	492000	511000	492000	511000	
500000	494000	500000	494000	500000	
510600	497000	510600	497000	510600	
506600	498400	506600	498400	506600	
496400	505000	496400	505000	496400	
486400	488800	486400	488800	486400	
494000	506000	494000	506000	494000	
501000	498400	501000	498400	501000	
493000	500000	493000	500000	493000	
511000	487400	511000	487400	511000	
492000	508600	492000	508600	492000	
508000	493000	508000	493000	508000	
503600	507000	503600	507000	503600	
519600	499000	519600	499000	519600	
516600	501400	516600	501400	516600	
497000	500000	497000	500000	497000	
495000	501400	495000	501400	495000	
495400	500400	495400	500400	495400	
499400	504600	499400	504600	499400	
504000	487400	504000	487400	504000	
516600	498000	516600	498000	516600	
484400	511600	484400	511600	484400	
501400	509000	501400	509000	501400	
504600	502000	504600	502000	504600	
510000	502600	510000	502600	510000	
510000	511000	510000	511000	510000	
525200	498400	525200	498400	525200	
499400	507600	499400	507600	499400	
503000	515200	503000	515200	503000	
510000	508000	510000	508000	510000	
502000	502600	502000	502600	502000	
504600	496000	504600	496000	504600	
512600	493400	512600	493400	512600	
512600	508600	512600	508600	512600	
503000	501000	503000	501000	503000	
506000	492000	506000	492000	506000	
513000	503000	513000	503000	513000	
507000	496400	507000	496400	507000	
501000	509000	501000	509000	501000	
500400	504600	500400	504600	500400	
497000	505000	497000	505000	497000	
516600	501400	516600	501400	516600	
504600	513000	504600	513000	504600	
498400	494400	498400	494400	498400	
508000	501000	508000	501000	508000	
499400	505600	499400	505600	499400	
511000	506600	511000	506600	511000	
518200	499400	518200	499400	518200	
502000	503000	502000	503000	502000	
496000	500400	496000	500400	496000	
510600	507600	510600	507600	510600	
502600	497000	502600	497000	502600	
502000	490400	502000	490400	502000	
500000	494400	500000	494400	500000	
523200	502000	523200	502000	523200	
505000	485400	505000	485400	505000	
516200	510600	516200	510600	516200	
511000	494000	511000	494000	511000	
506000	514000	506000	514000	506000	
501400	498000	501400	498000	501400	
488400	508600	488400	508600	488400	
506000	502000	506000	502000	506000	
489400	512000	489400	512000	489400	
498000	493000	498000	493000	498000	
507600	502000	507600	502000	507600	
504000	496000	504000	496000	504000	
499000	497000	499000	497000	499000	
494400	505000	494400	505000	494400	
502000	501400	502000	501400	502000	
491400	509000	491400	509000	491400	
518200	515200	518200	515200	518200	
502600	499400	502600	499400	502600	
509000	495400	509000	495400	509000	
499000	497400	499000	497400	499000	
501400	489400	501400	489400	501400	
484800	512600	484800	512600	484800	
508000	504600	508000	504600	508000	
500400	510600	500400	510600	500400	
505600	509600	505600	509600	505600	
501400	507600	501400	507600	501400	
486400	498000	486400	498000	486400	
500000	509000	500000	509000	500000	
512000	503000	512000	503000	512000	
501400	515600	501400	515600	501400	
503600	495400	503600	495400	503600	
509000	485800	509000	485800	509000	
506000	497400	506000	497400	506000	
516200	499400	516200	499400	516200	
500400	497400	500400	497400	500400	
502600	512600	502600	512600	502600	
499400	496000	499400	496000	499400	
499000	511600	499000	511600	499000	
495000	505600	495000	505600	495000	
507000	499400	507000	499400	507000	
488800	509000	488800	509000	488800	
510600	497000	510600	497000	510600	
508600	491400	508600	491400	508600	
489400	498400	489400	498400	489400	
512600	498400	512600	498400	512600	
516600	510600	516600	510600	516600	
507000	500400	507000	500400	507000	
496000	502600	496000	502600	496000	
493400	513000	493400	513000	493400	
490000	505000	490000	505000	490000	
500000	509000	500000	509000	500000	
526800	506000	526800	506000	526800	
504000	503000	504000	503000	504000	
506600	488400	506600	488400	506600	
496000	487400	496000	487400	496000	
504000	491400	504000	491400	504000	
508000	500000	508000	500000	508000	
507000	506600	507000	506600	507000	
502000	500000	502000	500000	502000	
494000	515600	494000	515600	494000	
498000	516600	498000	516600	498000	
519200	508000	519200	508000	519200	
509600	515200	509600	515200	509600	
502000	491000	502000	491000	502000	
496000	511600	496000	511600	496000	
509000	500000	509000	500000	509000	
499400	498000	499400	498000	499400	
493400	496400	493400	496400	493400	
499000	495400	499000	495400	499000	
515200	509600	515200	509600	515200	
504600	485800	504600	485800	504600	
504600	508000	504600	508000	504600	
501400	492000	501400	492000	501400	
508600	502600	508600	502600	508600	
509600	505600	509600	505600	509600	
495000	498000	495000	498000	495000	
507000	518200	507000	518200	507000	
501400	509000	501400	509000	501400	
488800	493000	488800	493000	488800	
490400	514600	490400	514600	490400	
499400	500000	499400	500000	499400	
511600	498000	511600	498000	511600	
498400	515600	498400	515600	498400	
490400	501400	490400	501400	490400	
492000	509000	492000	509000	492000	
511600	504000	511600	504000	511600	
490400	508000	490400	508000	490400	
511000	494400	511000	494400	511000	
506000	504600	506000	504600	506000	
498000	508600	498000	508600	498000	
511600	498000	511600	498000	511600	
484800	506000	484800	506000	484800	
502600	507000	502600	507000	502600	
512000	512000	512000	512000	512000	
503000	498000	503000	498000	503000	
505600	499000	505600	499000	505600	
496400	502000	496400	502000	496400	
497000	509600	497000	509600	497000	
502000	503000	502000	503000	502000	
505600	497000	505600	497000	505600	
495400	504600	495400	504600	495400	
485800	503000	485800	503000	485800	
507600	510600	507600	510600	507600	
497000	498400	497000	498400	497000	
497400	496400	497400	496400	497400	
508600	510000	508600	510000	508600	
494000	512600	494000	512600	494000	
504600	500000	504600	500000	504600	
515600	500000	515600	500000	515600	
508600	508000	508600	508000	508600	
502000	497000	502000	497000	502000	
495000	499000	495000	499000	495000	
507000	515200	507000	515200	507000	
502600	501000	502600	501000	502600	
507000	498000	507000	498000	507000	
496000	511600	496000	511600	496000	
499400	501400	499400	501400	499400	
500400	493400	500400	493400	500400	
499000	495400	499000	495400	499000	
511600	498000	511600	498000	511600	
502000	507600	502000	507600	502000	
502600	514600	502600	514600	502600	
495000	500400	495000	500400	495000	
509600	499400	509600	499400	509600	
505600	494000	505600	494000	505600	
515200	495400	515200	495400	515200	
502000	502000	502000	502000	502000	
502600	497000	502600	497000	502600	
518600	499400	518600	499400	518600	
500400	499000	500400	499000	500400	
510600	505600	510600	505600	510600	
497000	497000	497000	497000	497000	
493000	494400	493000	494400	493000	
505000	520600	505000	520600	505000	
510000	498400	510000	498400	510000	
511000	509600	511000	509600	511000	
507600	502600	507600	502600	507600	
508600	501000	508600	501000	508600	
512600	511000	512600	511000	512600	
522200	496000	522200	496000	522200	
506600	501400	506600	501400	506600	
497400	500000	497400	500000	497400	
511000	507600	511000	507600	511000	
504000	504600	504000	504600	504000	
495000	499000	495000	499000	495000	
506000	505600	506000	505600	506000	
498400	505000	498400	505000	498400	
491400	516600	491400	516600	491400	
487800	504000	487800	504000	487800	
504600	500400	504600	500400	504600	
510000	519600	510000	519600	510000	
517200	484400	517200	484400	517200	
515600	501000	515600	501000	515600	
504000	486800	504000	486800	504000	
500000	481800	500000	481800	500000	
492000	508600	492000	508600	492000	
504600	502000	504600	502000	504600	
499400	496400	499400	496400	499400	
491000	497400	491000	497400	491000	
499000	492000	499000	492000	499000	
516200	505000	516200	505000	516200	
485800	513000	485800	513000	485800	
497400	499000	497400	499000	497400	
486400	510600	486400	510600	486400	
504600	490000	504600	490000	504600	
495000	500400	495000	500400	495000	
503000	508600	503000	508600	503000	
510600	509600	510600	509600	510600	
493000	496000	493000	496000	493000	
513000	524200	513000	524200	513000	
493400	492000	493400	492000	493400	
505600	500000	505600	500000	505600	
510000	502600	510000	502600	510000	
498400	499000	498400	499000	498400	
498400	518200	498400	518200	498400	
501400	495000	501400	495000	501400	
492400	501000	492400	501000	492400	
504000	500000	504000	500000	504000	
493000	496400	493000	496400	493000	
508000	497000	508000	497000	508000	
492400	502600	492400	502600	492400	
496000	495400	496000	495400	496000	
500000	496000	500000	496000	500000	
508600	507000	508600	507000	508600	
517200	514600	517200	514600	517200	
501000	504000	501000	504000	501000	
501000	504600	501000	504600	501000	
495000	504000	495000	504000	495000	
500000	503600	500000	503600	500000	
493400	504000	493400	504000	493400	
503600	484800	503600	484800	503600	
497400	505000	497400	505000	497400	
496400	500000	496400	500000	496400	
513000	501400	513000	501400	513000	
490400	499000	490400	499000	490400	
492400	514600	492400	514600	492400	
500400	493400	500400	493400	500400	
502000	494000	502000	494000	502000	
497400	501400	497400	501400	497400	
501000	501400	501000	501400	501000	
493000	494000	493000	494000	493000	
493000	497400	493000	497400	493000	
515200	505000	515200	505000	515200	
510600	508600	510600	508600	510600	
509600	502600	509600	502600	509600	
489400	500000	489400	500000	489400	
500400	488400	500400	488400	500400	
508600	503600	508600	503600	508600	
500000	498000	500000	498000	500000	
511600	497000	511600	497000	511600	
504600	490000	504600	490000	504600	
493000	509000	493000	509000	493000	
511000	496400	511000	496400	511000	
508000	499000	508000	499000	508000	
512600	503600	512600	503600	512600	
495000	505000	495000	505000	495000	
490400	499400	490400	499400	490400	
499400	509000	499400	509000	499400	
494000	503600	494000	503600	494000	
497000	492400	497000	492400	497000	
512600	500400	512600	500400	512600	
485800	493400	485800	493400	485800	
498400	499400	498400	499400	498400	
509000	495400	509000	495400	509000	
493400	503000	493400	503000	493400	
494000	503000	494000	503000	494000	
497000	506600	497000	506600	497000	
515200	492400	515200	492400	515200	
509600	505600	509600	505600	509600	
504600	508600	504600	508600	504600	
490000	491400	490000	491400	490000	
496400	492000	496400	492000	496400	
483400	494000	483400	494000	483400	
506600	500400	506600	500400	506600	
501000	516200	501000	516200	501000	
505000	506600	505000	506600	505000	
512000	501000	512000	501000	512000	
503600	498000	503600	498000	503600	
501000	513000	501000	513000	501000	
502600	493000	502600	493000	502600	
496400	497000	496400	497000	496400	
490000	498400	490000	498400	490000	
502600	506000	502600	506000	502600	
507600	507600	507600	507600	507600	
508000	488400	508000	488400	508000	
510000	500400	510000	500400	510000	
496000	501000	496000	501000	496000	
511000	501000	511000	501000	511000	
503600	512600	503600	512600	503600	
511000	506000	511000	506000	511000	
496000	486800	496000	486800	496000	
498000	511600	498000	511600	498000	
494400	520600	494400	520600	494400	
500400	502000	500400	502000	500400	
506600	499000	506600	499000	506600	
499000	514600	499000	514600	499000	
494000	497400	494000	497400	494000	
495000	507000	495000	507000	495000	
493000	494000	493000	494000	493000	
509000	495400	509000	495400	509000	
503600	492000	503600	492000	503600	
501000	501400	501000	501400	501000	
512600	496400	512600	496400	512600	
524600	508000	524600	508000	524600	
499400	508600	499400	508600	499400	
506600	499000	506600	499000	506600	
509600	499400	509600	499400	509600	
495000	501000	495000	501000	495000	
502000	503000	502000	503000	502000	
504600	492000	504600	492000	504600	
494000	513600	494000	513600	494000	
490400	512600	490400	512600	490400	
496400	493400	496400	493400	496400	
494000	504600	494000	504600	494000	
500000	505000	500000	505000	500000	
499000	518600	499000	518600	499000	
501000	501000	501000	501000	501000	
512000	499400	512000	499400	512000	
503000	506000	503000	506000	503000	
512000	505600	512000	505600	512000	
489400	497000	489400	497000	489400	
508600	499400	508600	499400	508600	
493000	492400	493000	492400	493000	
495400	502000	495400	502000	495400	
514000	508600	514000	508600	514000	
508600	501400	508600	501400	508600	
505000	508600	505000	508600	505000	
509600	508000	509600	508000	509600	
500400	508000	500400	508000	500400	
488800	490000	488800	490000	488800	
503000	511600	503000	511600	503000	
492400	498000	492400	498000	492400	
504600	507000	504600	507000	504600	
499000	487800	499000	487800	499000	
505600	487800	505600	487800	505600	
507600	512600	507600	512600	507600	
499000	494000	499000	494000	499000	
502000	494400	502000	494400	502000	
504600	498000	504600	498000	504600	
497400	503000	497400	503000	497400	
487400	488800	487400	488800	487400	
502600	501000	502600	501000	502600	
496000	484800	496000	484800	496000	
502000	510000	502000	510000	502000	
482400	508600	482400	508600	482400	
495400	508600	495400	508600	495400	
497000	510600	497000	510600	497000	
498000	502600	498000	502600	498000	
507000	491000	507000	491000	507000	
502000	519200	502000	519200	502000	
501400	506000	501400	506000	501400	
497400	507000	497400	507000	497400	
499000	502000	499000	502000	499000	
509600	515600	509600	515600	509600	
492000	506600	492000	506600	492000	
503600	508000	503600	508000	503600	
504600	511600	504600	511600	504600	
512600	490000	512600	490000	512600	
509600	501400	509600	501400	509600	
496000	507000	496000	507000	496000	
496400	488800	496400	488800	496400	
497000	512600	497000	512600	497000	
506000	498000	506000	498000	506000	
505600	502600	505600	502600	505600	
496000	501400	496000	501400	496000	
512000	500400	512000	500400	512000	
515600	510000	515600	510000	515600	
502000	490000	502000	490000	502000	
500400	493000	500400	493000	500400	
501000	489400	501000	489400	501000	
511000	506000	511000	506000	511000	
492400	496000	492400	496000	492400	
516200	501000	516200	501000	516200	
501000	507600	501000	507600	501000	
508600	498400	508600	498400	508600	
499400	485800	499400	485800	499400	
500000	498000	500000	498000	500000	
507000	489400	507000	489400	507000	
502600	499400	502600	499400	502600	
515200	497000	515200	497000	515200	
507600	490000	507600	490000	507600	
497000	507000	497000	507000	497000	
499400	498400	499400	498400	499400	
499000	504600	499000	504600	499000	
497400	498400	497400	498400	497400	
506600	502000	506600	502000	506600	
488400	516600	488400	516600	488400	
495400	505000	495400	505000	495400	
517600	493000	517600	493000	517600	
487400	516200	487400	516200	487400	
493000	510000	493000	510000	493000	
480800	492000	480800	492000	480800	
508600	499400	508600	499400	508600	
505600	506600	505600	506600	505600	
494400	509000	494400	509000	494400	
491400	498000	491400	498000	491400	
493400	497000	493400	497000	493400	
506000	512600	506000	512600	506000	
494400	500000	494400	500000	494400	
490000	506600	490000	506600	490000	
502600	504000	502600	504000	502600	
506600	492400	506600	492400	506600	
509000	514000	509000	514000	509000	
506000	488800	506000	488800	506000	
493000	498000	493000	498000	493000	
488800	515200	488800	515200	488800	
497000	498000	497000	498000	497000	
520600	511000	520600	511000	520600	
500000	505600	500000	505600	500000	
503600	500000	503600	500000	503600	
512600	498400	512600	498400	512600	
492400	519200	492400	519200	492400	
501000	488400	501000	488400	501000	
497000	494400	497000	494400	497000	
516600	504000	516600	504000	516600	
499000	501000	499000	501000	499000	
504000	492400	504000	492400	504000	
510600	504000	510600	504000	510600	
507600	487800	507600	487800	507600	
511000	510000	511000	510000	511000	
492400	497400	492400	497400	492400	
504000	500000	504000	500000	504000	
488800	497000	488800	497000	488800	
503600	505000	503600	505000	503600	
504600	505000	504600	505000	504600	
505000	506600	505000	506600	505000	
506000	505000	506000	505000	506000	
505600	496400	505600	496400	505600	
526800	500400	526800	500400	526800	
496000	484400	496000	484400	496000	
500400	507000	500400	507000	500400	
497000	501400	497000	501400	497000	
501400	506000	501400	506000	501400	
501000	493000	501000	493000	501000	
501000	507000	501000	507000	501000	
506000	493400	506000	493400	506000	
497400	496400	497400	496400	497400	
497400	502000	497400	502000	497400	
498400	501400	498400	501400	498400	
509600	499400	509600	499400	509600	
497000	498400	497000	498400	497000	
502600	497000	502600	497000	502600	
499400	498000	499400	498000	499400	
500000	507600	500000	507600	500000	
495400	498400	495400	498400	495400	
506600	499000	506600	499000	506600	
493000	484400	493000	484400	493000	
501400	490000	501400	490000	501400	
500000	499400	500000	499400	500000	
492400	487800	492400	487800	492400	
502000	479400	502000	479400	502000	
523600	506000	523600	506000	523600	
512600	512000	512600	512000	512600	
498000	500400	498000	500400	498000	
510000	507000	510000	507000	510000	
516200	501400	516200	501400	516200	
509600	505000	509600	505000	509600	
494000	494000	494000	494000	494000	
501000	496000	501000	496000	501000	
493000	504600	493000	504600	493000	
509000	503600	509000	503600	509000	
491400	500400	491400	500400	491400	
505000	495000	505000	495000	505000	
511600	507000	511600	507000	511600	
505600	504000	505600	504000	505600	
504600	502600	504600	502600	504600	
502600	492000	502600	492000	502600	
524600	492400	524600	492400	524600	
492400	492400	492400	492400	492400	
505600	505000	505600	505000	505600	
497000	499000	497000	499000	497000	
508000	501000	508000	501000	508000	
510000	506000	510000	506000	510000	
496000	502000	496000	502000	496000	
507600	503600	507600	503600	507600	
501400	508600	501400	508600	501400	
494000	510600	494000	510600	494000	
503000	508000	503000	508000	503000	
510000	504000	510000	504000	510000	
487400	496400	487400	496400	487400	
510600	492000	510600	492000	510600	
497000	498000	497000	498000	497000	
508600	487800	508600	487800	508600	
503000	501000	503000	501000	503000	
507600	510000	507600	510000	507600	
507000	501000	507000	501000	507000	
505600	495000	505600	495000	505600	
504000	500000	504000	500000	504000	
494400	496400	494400	496400	494400	
498400	501000	498400	501000	498400	
499400	505600	499400	505600	499400	
506600	512600	506600	512600	506600	
504000	506000	504000	506000	504000	
509000	502000	509000	502000	509000	
510000	508600	510000	508600	510000	
510000	508600	510000	508600	510000	
510000	508600	510000	508600	510000	
