4250	4250	4250	4250	4250	
7.13825e+06	7.13825e+06	7.13825e+06	7.13825e+06	7.13825e+06	
539250	508500	539250	508500	539250	
507750	519000	507750	519000	507750	
503250	523000	503250	523000	503250	
500250	511000	500250	511000	500250	
514000	517750	514000	517750	514000	
517750	500750	517750	500750	517750	
524750	514000	524750	514000	524750	
513500	528500	513500	528500	513500	
509750	508500	509750	508500	509750	
524250	506000	524250	506000	524250	
540000	536250	540000	536250	540000	
534250	543000	534250	543000	534250	
531000	534750	531000	534750	531000	
528000	556250	528000	556250	528000	
549250	532250	549250	532250	549250	
536750	562500	536750	562500	536750	
544250	575250	544250	575250	544250	
567750	573250	567750	573250	567750	
561250	567750	561250	567750	561250	
578250	582250	578250	582250	578250	
567000	594750	567000	594750	567000	
570750	583500	570750	583500	570750	
597250	572750	597250	572750	597250	
572750	592250	572750	592250	572750	
590250	599750	590250	599750	590250	
604750	616250	604750	616250	604750	
595250	605500	595250	605500	595250	
603500	626250	603500	626250	603500	
604750	592250	604750	592250	604750	
604750	598500	604750	598500	604750	
602250	632000	602250	632000	602250	
626250	617500	626250	617500	626250	
610500	616750	610500	616750	610500	
618750	623750	618750	623750	618750	
627500	625500	627500	625500	627500	
625000	642000	625000	642000	625000	
621750	622500	621750	622500	621750	
632500	632000	632500	632000	632500	
615500	613000	615500	613000	615500	
641250	625000	641250	625000	641250	
647750	624250	647750	624250	647750	
615500	638750	615500	638750	615500	
618750	643250	618750	643250	618750	
638750	615000	638750	615000	638750	
620500	631250	620500	631250	620500	
633750	639500	633750	639500	633750	
620000	633250	620000	633250	620000	
621750	637500	621750	637500	621750	
639500	623750	639500	623750	639500	
632500	625500	632500	625500	632500	
619250	628250	619250	628250	619250	
633750	627500	633750	627500	633750	
623000	623750	623000	623750	623000	
615500	611750	615500	611750	615500	
626250	633750	626250	633750	626250	
643250	641250	643250	641250	643250	
633250	631250	633250	631250	633250	
613750	624250	613750	624250	613750	
606000	628250	606000	628250	606000	
626750	628250	626750	628250	626750	
644000	643250	644000	643250	644000	
636250	614250	636250	614250	636250	
621750	632000	621750	632000	621750	
629500	632500	629500	632500	629500	
632000	621250	632000	621250	632000	
633250	620000	633250	620000	633250	
639500	632000	639500	632000	639500	
626750	620500	626750	620500	626750	
620500	618750	620500	618750	620500	
610500	623000	610500	623000	610500	
616250	601000	616250	601000	616250	
637000	619250	637000	619250	637000	
626750	618750	626750	618750	626750	
636250	608000	636250	608000	636250	
631250	620000	631250	620000	631250	
613000	623000	613000	623000	613000	
626750	630750	626750	630750	626750	
616750	604250	616750	604250	616750	
619250	626250	619250	626250	619250	
619250	621250	619250	621250	619250	
612500	617500	612500	617500	612500	
628250	632500	628250	632500	628250	
614250	610500	614250	610500	614250	
621750	628250	621750	628250	621750	
629500	613000	629500	613000	629500	
611000	621250	611000	621250	611000	
623750	621250	623750	621250	623750	
610500	612500	610500	612500	610500	
644500	635000	644500	635000	644500	
642000	612500	642000	612500	642000	
614250	615500	614250	615500	614250	
625500	615500	625500	615500	625500	
618750	640000	618750	640000	618750	
605500	613750	605500	613750	605500	
620500	620000	620500	620000	620500	
606750	620000	606750	620000	606750	
613750	627500	613750	627500	613750	
630750	609750	630750	609750	630750	
621250	611750	621250	611750	621250	
633750	642500	633750	642500	633750	
620500	604750	620500	604750	620500	
606750	617500	606750	617500	606750	
617500	630000	617500	630000	617500	
620500	620500	620500	620500	620500	
609250	627500	609250	627500	609250	
632500	608500	632500	608500	632500	
613000	628750	613000	628750	613000	
621250	630000	621250	630000	621250	
631250	622500	631250	622500	631250	
618000	628750	618000	628750	618000	
626250	620500	626250	620500	626250	
628750	613000	628750	613000	628750	
615500	626250	615500	626250	615500	
628250	633750	628250	633750	628250	
623750	637000	623750	637000	623750	
628250	627500	628250	627500	628250	
621750	626250	621750	626250	621750	
618750	624250	618750	624250	618750	
630000	618000	630000	618000	630000	
629500	626750	629500	626750	629500	
628750	609750	628750	609750	628750	
624250	632000	624250	632000	624250	
632000	611750	632000	611750	632000	
623750	620000	623750	620000	623750	
633250	624250	633250	624250	633250	
632000	623750	632000	623750	632000	
616750	624250	616750	624250	616750	
626750	623000	626750	623000	626750	
621750	632500	621750	632500	621750	
626250	632000	626250	632000	626250	
608000	630750	608000	630750	608000	
616750	611750	616750	611750	616750	
629500	633750	629500	633750	629500	
629500	636250	629500	636250	629500	
624250	616750	624250	616750	624250	
635000	612500	635000	612500	635000	
601750	635750	601750	635750	601750	
626750	608000	626750	608000	626750	
635750	626750	635750	626750	635750	
629500	621750	629500	621750	629500	
633750	621250	633750	621250	633750	
632000	616250	632000	616250	632000	
616750	632500	616750	632500	616750	
632500	625500	632500	625500	632500	
614250	626750	614250	626750	614250	
624250	632000	624250	632000	624250	
623000	616750	623000	616750	623000	
642000	621250	642000	621250	642000	
618750	637500	618750	637500	618750	
628250	633250	628250	633250	628250	
619250	645750	619250	645750	619250	
608500	629500	608500	629500	608500	
610500	624250	610500	624250	610500	
626750	627500	626750	627500	626750	
613750	616250	613750	616250	613750	
608000	632500	608000	632500	608000	
609250	624250	609250	624250	609250	
630000	620500	630000	620500	630000	
619250	627500	619250	627500	619250	
629500	638250	629500	638250	629500	
613750	632500	613750	632500	613750	
632000	628250	632000	628250	632000	
618750	604750	618750	604750	618750	
630750	623750	630750	623750	630750	
634500	604750	634500	604750	634500	
625500	625000	625500	625000	625500	
626750	626250	626750	626250	626750	
644500	630000	644500	630000	644500	
616250	615500	616250	615500	616250	
624250	618750	624250	618750	624250	
633750	622500	633750	622500	633750	
624250	608000	624250	608000	624250	
642000	627500	642000	627500	642000	
616750	630000	616750	630000	616750	
637000	615500	637000	615500	637000	
606750	631250	606750	631250	606750	
626750	618750	626750	618750	626750	
639500	642500	639500	642500	639500	
637000	630000	637000	630000	637000	
643250	637500	643250	637500	643250	
625500	616750	625500	616750	625500	
626750	633250	626750	633250	626750	
623000	626250	623000	626250	623000	
629500	628750	629500	628750	629500	
621250	626250	621250	626250	621250	
620000	615500	620000	615500	620000	
632000	631250	632000	631250	632000	
627500	614250	627500	614250	627500	
630750	624250	630750	624250	630750	
626750	632000	626750	632000	626750	
632500	621250	632500	621250	632500	
626750	621750	626750	621750	626750	
626250	637000	626250	637000	626250	
618750	629500	618750	629500	618750	
621750	610500	621750	610500	621750	
633750	611750	633750	611750	633750	
621750	632000	621750	632000	621750	
634500	628250	634500	628250	634500	
619250	633250	619250	633250	619250	
616750	633750	616750	633750	616750	
621750	630750	621750	630750	621750	
648250	630750	648250	630750	648250	
630750	609750	630750	609750	630750	
634500	628750	634500	628750	634500	
619250	620500	619250	620500	619250	
630750	626250	630750	626250	630750	
631250	630000	631250	630000	631250	
654000	635000	654000	635000	654000	
616750	626750	616750	626750	616750	
628250	611000	628250	611000	628250	
608500	620500	608500	620500	608500	
632000	621250	632000	621250	632000	
619250	623750	619250	623750	619250	
608000	639500	608000	639500	608000	
601000	632000	601000	632000	601000	
615500	621250	615500	621250	615500	
609250	628250	609250	628250	609250	
626750	619250	626750	619250	626750	
618750	609250	618750	609250	618750	
634500	616750	634500	616750	634500	
626250	630750	626250	630750	626250	
632000	633750	632000	633750	632000	
632000	629500	632000	629500	632000	
625500	639500	625500	639500	625500	
638250	628250	638250	628250	638250	
616750	642500	616750	642500	616750	
630750	621750	630750	621750	630750	
629500	610500	629500	610500	629500	
626250	625500	626250	625500	626250	
628750	613750	628750	613750	628750	
645750	621250	645750	621250	645750	
615000	623000	615000	623000	615000	
626750	636250	626750	636250	626750	
626750	638750	626750	638750	626750	
630750	629500	630750	629500	630750	
620000	615500	620000	615500	620000	
633750	633750	633750	633750	633750	
620500	626750	620500	626750	620500	
620500	645750	620500	645750	620500	
621250	624250	621250	624250	621250	
617500	631250	617500	631250	617500	
614250	645750	614250	645750	614250	
636250	625500	636250	625500	636250	
626250	646500	626250	646500	626250	
632000	621750	632000	621750	632000	
607250	618000	607250	618000	607250	
625500	632500	625500	632500	625500	
632000	622500	632000	622500	632000	
621750	629500	621750	629500	621750	
623000	621750	623000	621750	623000	
644000	638750	644000	638750	644000	
645250	631250	645250	631250	645250	
628250	630000	628250	630000	628250	
620500	629500	620500	629500	620500	
623750	616750	623750	616750	623750	
618000	639500	618000	639500	618000	
611000	628250	611000	628250	611000	
637500	625000	637500	625000	637500	
628750	644500	628750	644500	628750	
616750	634500	616750	634500	616750	
633750	634500	633750	634500	633750	
639500	628750	639500	628750	639500	
621250	623750	621250	623750	621250	
638250	629500	638250	629500	638250	
634500	620500	634500	620500	634500	
640750	626750	640750	626750	640750	
642000	620500	642000	620500	642000	
620500	629500	620500	629500	620500	
640000	618000	640000	618000	640000	
629500	612500	629500	612500	629500	
640000	645750	640000	645750	640000	
621750	637500	621750	637500	621750	
621250	608000	621250	608000	621250	
650250	644000	650250	644000	650250	
609250	627500	609250	627500	609250	
640000	631250	640000	631250	640000	
623000	628750	623000	628750	623000	
634500	632500	634500	632500	634500	
632500	635750	632500	635750	632500	
615500	620000	615500	620000	615500	
609750	639500	609750	639500	609750	
633750	625500	633750	625500	633750	
640750	627500	640750	627500	640750	
628750	631250	628750	631250	628750	
633750	616250	633750	616250	633750	
630000	621750	630000	621750	630000	
632000	630000	632000	630000	632000	
632500	651500	632500	651500	632500	
628250	615500	628250	615500	628250	
658500	630750	658500	630750	658500	
641250	638250	641250	638250	641250	
624250	626250	624250	626250	624250	
621250	645750	621250	645750	621250	
625000	644000	625000	644000	625000	
636250	628750	636250	628750	636250	
634500	635000	634500	635000	634500	
644500	624250	644500	624250	644500	
638250	630000	638250	630000	638250	
626250	642000	626250	642000	626250	
626750	639500	626750	639500	626750	
624250	635000	624250	635000	624250	
632000	613000	632000	613000	632000	
630000	622500	630000	622500	630000	
623000	616750	623000	616750	623000	
619250	637000	619250	637000	619250	
618000	611000	618000	611000	618000	
644500	612500	644500	612500	644500	
621250	645250	621250	645250	621250	
638750	623000	638750	623000	638750	
630750	639500	630750	639500	630750	
628750	640750	628750	640750	628750	
618000	633750	618000	633750	618000	
630750	612500	630750	612500	630750	
618000	640000	618000	640000	618000	
640000	621750	640000	621750	640000	
620500	637500	620500	637500	620500	
626250	624250	626250	624250	626250	
633750	623750	633750	623750	633750	
635000	646500	635000	646500	635000	
630000	623000	630000	623000	630000	
626250	602250	626250	602250	626250	
642000	634500	642000	634500	642000	
628250	634500	628250	634500	628250	
633750	608000	633750	608000	633750	
635000	622500	635000	622500	635000	
623000	627500	623000	627500	623000	
626750	618000	626750	618000	626750	
631250	635750	631250	635750	631250	
630750	645250	630750	645250	630750	
616250	635000	616250	635000	616250	
612500	632500	612500	632500	612500	
630750	642500	630750	642500	630750	
616750	636250	616750	636250	616750	
625000	625000	625000	625000	625000	
616750	635000	616750	635000	616750	
635000	636250	635000	636250	635000	
616250	644000	616250	644000	616250	
637000	632000	637000	632000	637000	
635000	607250	635000	607250	635000	
628250	628750	628250	628750	628250	
641250	623000	641250	623000	641250	
630750	630750	630750	630750	630750	
621750	643250	621750	643250	621750	
632500	618750	632500	618750	632500	
603500	635750	603500	635750	603500	
632000	628750	632000	628750	632000	
640000	615000	640000	615000	640000	
626750	642500	626750	642500	626750	
638750	637000	638750	637000	638750	
630750	644000	630750	644000	630750	
637000	614250	637000	614250	637000	
628750	638750	628750	638750	628750	
628250	636250	628250	636250	628250	
624250	637000	624250	637000	624250	
626250	628250	626250	628250	626250	
632000	626750	632000	626750	632000	
638250	614250	638250	614250	638250	
620000	626750	620000	626750	620000	
640750	618000	640750	618000	640750	
629500	622500	629500	622500	629500	
647000	623000	647000	623000	647000	
632500	626750	632500	626750	632500	
638750	630750	638750	630750	638750	
628750	631250	628750	631250	628750	
623000	635000	623000	635000	623000	
628250	627500	628250	627500	628250	
637500	629500	637500	629500	637500	
619250	630000	619250	630000	619250	
639500	628250	639500	628250	639500	
621250	633750	621250	633750	621250	
626250	633750	626250	633750	626250	
641250	643250	641250	643250	641250	
634500	647750	634500	647750	634500	
629500	638750	629500	638750	629500	
632000	619250	632000	619250	632000	
609250	637000	609250	637000	609250	
619250	637500	619250	637500	619250	
638250	623750	638250	623750	638250	
615500	624250	615500	624250	615500	
638250	628250	638250	628250	638250	
625500	648250	625500	648250	625500	
633250	637500	633250	637500	633250	
635000	620500	635000	620500	635000	
628750	643250	628750	643250	628750	
649000	616250	649000	616250	649000	
644000	637500	644000	637500	644000	
628750	640000	628750	640000	628750	
637500	644000	637500	644000	637500	
625500	638750	625500	638750	625500	
643250	629500	643250	629500	643250	
633250	626250	633250	626250	633250	
633250	626250	633250	626250	633250	
633750	620500	633750	620500	633750	
633750	629500	633750	629500	633750	
644000	643250	644000	643250	644000	
626250	634500	626250	634500	626250	
641250	628250	641250	628250	641250	
644500	640000	644500	640000	644500	
642000	633250	642000	633250	642000	
645750	628750	645750	628750	645750	
618000	639500	618000	639500	618000	
640750	636250	640750	636250	640750	
624250	635000	624250	635000	624250	
632000	607250	632000	607250	632000	
628750	614250	628750	614250	628750	
640000	626750	640000	626750	640000	
622500	638250	622500	638250	622500	
628250	641250	628250	641250	628250	
624250	616250	624250	616250	624250	
638250	629500	638250	629500	638250	
604750	635750	604750	635750	604750	
640000	632500	640000	632500	640000	
631250	642000	631250	642000	631250	
626750	624250	626750	624250	626750	
640000	630750	640000	630750	640000	
627500	641250	627500	641250	627500	
632500	635000	632500	635000	632500	
626750	638250	626750	638250	626750	
624250	623000	624250	623000	624250	
628750	641250	628750	641250	628750	
623750	655750	623750	655750	623750	
622500	625000	622500	625000	622500	
628250	627500	628250	627500	628250	
625500	627500	625500	627500	625500	
633250	635750	633250	635750	633250	
623000	607250	623000	607250	623000	
627500	618750	627500	618750	627500	
642500	637500	642500	637500	642500	
625000	631250	625000	631250	625000	
627500	633750	627500	633750	627500	
645250	636250	645250	636250	645250	
638750	625500	638750	625500	638750	
628750	620000	628750	620000	628750	
617500	628250	617500	628250	617500	
630000	644500	630000	644500	630000	
609750	650750	609750	650750	609750	
626750	621250	626750	621250	626750	
643250	644000	643250	644000	643250	
627500	632500	627500	632500	627500	
627500	629500	627500	629500	627500	
622500	620000	622500	620000	622500	
640750	638250	640750	638250	640750	
641250	621750	641250	621750	641250	
640000	628750	640000	628750	640000	
625000	625500	625000	625500	625000	
617500	641250	617500	641250	617500	
633750	621250	633750	621250	633750	
614250	644500	614250	644500	614250	
636250	645750	636250	645750	636250	
626250	644000	626250	644000	626250	
641250	630750	641250	630750	641250	
626750	629500	626750	629500	626750	
637000	628250	637000	628250	637000	
635750	640000	635750	640000	635750	
623000	625500	623000	625500	623000	
634500	627500	634500	627500	634500	
618000	643250	618000	643250	618000	
635750	628750	635750	628750	635750	
635000	622500	635000	622500	635000	
641250	646500	641250	646500	641250	
621750	636250	621750	636250	621750	
627500	631250	627500	631250	627500	
631250	655750	631250	655750	631250	
621250	623750	621250	623750	621250	
635750	639500	635750	639500	635750	
619250	643250	619250	643250	619250	
626250	639500	626250	639500	626250	
635750	644000	635750	644000	635750	
630750	629500	630750	629500	630750	
620000	630750	620000	630750	620000	
630750	632500	630750	632500	630750	
644500	629500	644500	629500	644500	
621250	635750	621250	635750	621250	
644000	640750	644000	640750	644000	
613750	627500	613750	627500	613750	
622500	628750	622500	628750	622500	
640750	625500	640750	625500	640750	
629500	636250	629500	636250	629500	
634500	644000	634500	644000	634500	
642000	632500	642000	632500	642000	
635000	616750	635000	616750	635000	
627500	627500	627500	627500	627500	
625500	632000	625500	632000	625500	
624250	628250	624250	628250	624250	
619250	635000	619250	635000	619250	
631250	632000	631250	632000	631250	
628750	644000	628750	644000	628750	
628750	642000	628750	642000	628750	
637000	626250	637000	626250	637000	
652000	628750	652000	628750	652000	
640750	608000	640750	608000	640750	
635750	640750	635750	640750	635750	
626750	635750	626750	635750	626750	
650750	632000	650750	632000	650750	
648250	629500	648250	629500	648250	
625000	636250	625000	636250	625000	
631250	655250	631250	655250	631250	
648250	627500	648250	627500	648250	
637500	621750	637500	621750	637500	
649000	633250	649000	633250	649000	
612500	647000	612500	647000	612500	
620500	603500	620500	603500	620500	
635000	633750	635000	633750	635000	
635000	620500	635000	620500	635000	
655750	627500	655750	627500	655750	
640000	643250	640000	643250	640000	
632500	637000	632500	637000	632500	
630000	639500	630000	639500	630000	
626250	627500	626250	627500	626250	
633750	635000	633750	635000	633750	
651500	649000	651500	649000	651500	
628750	614250	628750	614250	628750	
627500	650750	627500	650750	627500	
630750	620000	630750	620000	630750	
629500	632500	629500	632500	629500	
634500	640750	634500	640750	634500	
604250	633250	604250	633250	604250	
630000	630000	630000	630000	630000	
630000	647750	630000	647750	630000	
639500	632500	639500	632500	639500	
626750	646500	626750	646500	626750	
642000	641250	642000	641250	642000	
633750	622500	633750	622500	633750	
618750	631250	618750	631250	618750	
653250	632500	653250	632500	653250	
642000	615500	642000	615500	642000	
647000	610500	647000	610500	647000	
632000	625000	632000	625000	632000	
642000	633250	642000	633250	642000	
633750	617500	633750	617500	633750	
640750	626250	640750	626250	640750	
618000	655250	618000	655250	618000	
638250	628750	638250	628750	638250	
629500	622500	629500	622500	629500	
630750	631250	630750	631250	630750	
640000	630750	640000	630750	640000	
628750	627500	628750	627500	628750	
637500	644500	637500	644500	637500	
618000	621250	618000	621250	618000	
632500	624250	632500	624250	632500	
632500	644000	632500	644000	632500	
629500	651500	629500	651500	629500	
640000	633250	640000	633250	640000	
627500	618000	627500	618000	627500	
626250	634500	626250	634500	626250	
621250	649500	621250	649500	621250	
610500	635750	610500	635750	610500	
633750	644000	633750	644000	633750	
633750	640000	633750	640000	633750	
635750	634500	635750	634500	635750	
629500	626750	629500	626750	629500	
631250	649000	631250	649000	631250	
635750	628250	635750	628250	635750	
635750	631250	635750	631250	635750	
627500	640750	627500	640750	627500	
625500	638250	625500	638250	625500	
626750	625500	626750	625500	626750	
636250	642500	636250	642500	636250	
641250	619250	641250	619250	641250	
631250	626250	631250	626250	631250	
633750	625000	633750	625000	633750	
630750	630000	630750	630000	630750	
629500	649000	629500	649000	629500	
635750	644500	635750	644500	635750	
621750	640750	621750	640750	621750	
637000	642500	637000	642500	637000	
606000	628750	606000	628750	606000	
625500	633250	625500	633250	625500	
636250	624250	636250	624250	636250	
639500	628750	639500	628750	639500	
624250	632500	624250	632500	624250	
619250	625500	619250	625500	619250	
626250	649000	626250	649000	626250	
637000	640750	637000	640750	637000	
616750	620500	616750	620500	616750	
625500	636250	625500	636250	625500	
620500	640000	620500	640000	620500	
637000	621750	637000	621750	637000	
625500	637500	625500	637500	625500	
628250	636250	628250	636250	628250	
645250	640750	645250	640750	645250	
644000	637500	644000	637500	644000	
649500	616750	649500	616750	649500	
632500	645250	632500	645250	632500	
633750	621750	633750	621750	633750	
627500	607250	627500	607250	627500	
633250	638750	633250	638750	633250	
644500	633250	644500	633250	644500	
640000	628750	640000	628750	640000	
630750	619250	630750	619250	630750	
631250	625000	631250	625000	631250	
628750	629500	628750	629500	628750	
645750	644000	645750	644000	645750	
633750	628250	633750	628250	633750	
621250	619250	621250	619250	621250	
626750	626250	626750	626250	626750	
644500	632000	644500	632000	644500	
645250	626750	645250	626750	645250	
613000	631250	613000	631250	613000	
632000	620500	632000	620500	632000	
647000	635750	647000	635750	647000	
632000	630750	632000	630750	632000	
627500	628250	627500	628250	627500	
630000	642000	630000	642000	630000	
615500	644000	615500	644000	615500	
639500	646500	639500	646500	639500	
621750	627500	621750	627500	621750	
632500	642500	632500	642500	632500	
613750	643250	613750	643250	613750	
638750	635750	638750	635750	638750	
629500	645750	629500	645750	629500	
621750	633750	621750	633750	621750	
628750	636250	628750	636250	628750	
630750	628750	630750	628750	630750	
632000	621250	632000	621250	632000	
634500	633750	634500	633750	634500	
624250	644500	624250	644500	624250	
640750	621750	640750	621750	640750	
631250	630750	631250	630750	631250	
640750	652000	640750	652000	640750	
633250	626750	633250	626750	633250	
639500	633250	639500	633250	639500	
625000	613000	625000	613000	625000	
628250	632500	628250	632500	628250	
637500	632000	637500	632000	637500	
632500	625500	632500	625500	632500	
628250	635000	628250	635000	628250	
642500	647750	642500	647750	642500	
637500	632500	637500	632500	637500	
631250	628250	631250	628250	631250	
649000	642500	649000	642500	649000	
636250	631250	636250	631250	636250	
637500	638750	637500	638750	637500	
633750	620000	633750	620000	633750	
606750	640000	606750	640000	606750	
648250	640000	648250	640000	648250	
624250	639500	624250	639500	624250	
646500	626750	646500	626750	646500	
635750	626250	635750	626250	635750	
643250	631250	643250	631250	643250	
633750	647750	633750	647750	633750	
618000	616750	618000	616750	618000	
637000	637000	637000	637000	637000	
641250	632000	641250	632000	641250	
636250	645750	636250	645750	636250	
637000	625000	637000	625000	637000	
652750	620500	652750	620500	652750	
629500	634500	629500	634500	629500	
621750	624250	621750	624250	621750	
629500	632500	629500	632500	629500	
626750	633750	626750	633750	626750	
632500	631250	632500	631250	632500	
635750	626750	635750	626750	635750	
615500	633250	615500	633250	615500	
643250	630000	643250	630000	643250	
634500	626750	634500	626750	634500	
633750	633250	633750	633250	633750	
633750	643250	633750	643250	633750	
649000	622500	649000	622500	649000	
623750	642500	623750	642500	623750	
626750	638250	626750	638250	626750	
610500	631250	610500	631250	610500	
637000	622500	637000	622500	637000	
619250	646500	619250	646500	619250	
625500	636250	625500	636250	625500	
626750	645250	626750	645250	626750	
627500	628250	627500	628250	627500	
624250	642500	624250	642500	624250	
635750	643250	635750	643250	635750	
623750	633250	623750	633250	623750	
642000	635000	642000	635000	642000	
632500	621250	632500	621250	632500	
634500	621250	634500	621250	634500	
635000	638750	635000	638750	635000	
630750	640000	630750	640000	630750	
625500	612500	625500	612500	625500	
644000	633250	644000	633250	644000	
618000	647000	618000	647000	618000	
630000	639500	630000	639500	630000	
645250	646500	645250	646500	645250	
618750	620000	618750	620000	618750	
621750	626250	621750	626250	621750	
628750	616750	628750	616750	628750	
650250	638250	650250	638250	650250	
636250	637000	636250	637000	636250	
629500	655250	629500	655250	629500	
639500	639500	639500	639500	639500	
629500	629500	629500	629500	629500	
647750	647750	647750	647750	647750	
633250	635750	633250	635750	633250	
633250	641250	633250	641250	633250	
628250	632000	628250	632000	628250	
632000	629500	632000	629500	632000	
644000	625000	644000	625000	644000	
636250	625000	636250	625000	636250	
617500	620500	617500	620500	617500	
626250	625500	626250	625500	626250	
638250	623000	638250	623000	638250	
638250	642500	638250	642500	638250	
637000	635000	637000	635000	637000	
651500	650250	651500	650250	651500	
635750	627500	635750	627500	635750	
642500	632500	642500	632500	642500	
630000	644000	630000	644000	630000	
635750	649000	635750	649000	635750	
645750	628750	645750	628750	645750	
644000	646500	644000	646500	644000	
636250	645250	636250	645250	636250	
637500	638250	637500	638250	637500	
633750	614250	633750	614250	633750	
630000	609250	630000	609250	630000	
650750	633250	650750	633250	650750	
648250	626250	648250	626250	648250	
633750	635000	633750	635000	633750	
630750	635750	630750	635750	630750	
620000	625500	620000	625500	620000	
655250	632500	655250	632500	655250	
632500	645750	632500	645750	632500	
637000	631250	637000	631250	637000	
632500	623750	632500	623750	632500	
631250	641250	631250	641250	631250	
628750	641250	628750	641250	628750	
632500	623750	632500	623750	632500	
616750	629500	616750	629500	616750	
635000	626750	635000	626750	635000	
650750	633250	650750	633250	650750	
639500	640750	639500	640750	639500	
649000	640750	649000	640750	649000	
630750	647000	630750	647000	630750	
642500	628250	642500	628250	642500	
626250	637500	626250	637500	626250	
614250	626250	614250	626250	614250	
620500	632500	620500	632500	620500	
628750	637000	628750	637000	628750	
630000	638750	630000	638750	630000	
640750	635000	640750	635000	640750	
632000	621750	632000	621750	632000	
633750	622500	633750	622500	633750	
620500	639500	620500	639500	620500	
644000	624250	644000	624250	644000	
625000	620000	625000	620000	625000	
624250	630750	624250	630750	624250	
633250	635000	633250	635000	633250	
638750	647000	638750	647000	638750	
619250	644500	619250	644500	619250	
636250	623750	636250	623750	636250	
625500	654000	625500	654000	625500	
633750	635000	633750	635000	633750	
611750	618000	611750	618000	611750	
628250	658500	628250	658500	628250	
634500	635750	634500	635750	634500	
622500	639500	622500	639500	622500	
642000	628750	642000	628750	642000	
628250	641250	628250	641250	628250	
621250	623750	621250	623750	621250	
642000	627500	642000	627500	642000	
632500	614250	632500	614250	632500	
634500	609250	634500	609250	634500	
644000	619250	644000	619250	644000	
630750	615500	630750	615500	630750	
644500	652750	644500	652750	644500	
636250	632000	636250	632000	636250	
628250	637000	628250	637000	628250	
643250	625500	643250	625500	643250	
607250	645250	607250	645250	607250	
630750	637500	630750	637500	630750	
632000	638250	632000	638250	632000	
622500	628250	622500	628250	622500	
637500	638750	637500	638750	637500	
616250	622500	616250	622500	616250	
623750	640000	623750	640000	623750	
647000	622500	647000	622500	647000	
628750	641250	628750	641250	628750	
622500	633250	622500	633250	622500	
630750	657750	630750	657750	630750	
635750	635000	635750	635000	635750	
638250	631250	638250	631250	638250	
629500	623000	629500	623000	629500	
628750	644000	628750	644000	628750	
628750	623750	628750	623750	628750	
631250	640000	631250	640000	631250	
623750	618000	623750	618000	623750	
619250	632500	619250	632500	619250	
637000	619250	637000	619250	637000	
654500	630750	654500	630750	654500	
615500	638750	615500	638750	615500	
640750	640000	640750	640000	640750	
644500	622500	644500	622500	644500	
628250	644500	628250	644500	628250	
642000	636250	642000	636250	642000	
618750	628250	618750	628250	618750	
631250	646500	631250	646500	631250	
633250	638750	633250	638750	633250	
647750	633250	647750	633250	647750	
637000	638250	637000	638250	637000	
630750	646500	630750	646500	630750	
623000	621750	623000	621750	623000	
652750	645750	652750	645750	652750	
618750	617500	618750	617500	618750	
640750	631250	640750	631250	640750	
655250	638250	655250	638250	655250	
627500	637000	627500	637000	627500	
638750	644000	638750	644000	638750	
626750	630000	626750	630000	626750	
623750	605500	623750	605500	623750	
633750	632500	633750	632500	633750	
621250	634500	621250	634500	621250	
628250	628250	628250	628250	628250	
638250	635000	638250	635000	638250	
632000	623750	632000	623750	632000	
629500	638750	629500	638750	629500	
653250	623000	653250	623000	653250	
613750	654000	613750	654000	613750	
620000	628750	620000	628750	620000	
628250	626750	628250	626750	628250	
635750	611750	635750	611750	635750	
628750	625000	628750	625000	628750	
644500	624250	644500	624250	644500	
626250	635750	626250	635750	626250	
632500	632000	632500	632000	632500	
635000	625500	635000	625500	635000	
639500	641250	639500	641250	639500	
626750	647000	626750	647000	626750	
645750	650250	645750	650250	645750	
620000	639500	620000	639500	620000	
620000	628750	620000	628750	620000	
638250	638250	638250	638250	638250	
649500	630750	649500	630750	649500	
623750	622500	623750	622500	623750	
632500	632000	632500	632000	632500	
632500	634500	632500	634500	632500	
644000	641250	644000	641250	644000	
638250	625000	638250	625000	638250	
629500	626250	629500	626250	629500	
633750	639500	633750	639500	633750	
642500	634500	642500	634500	642500	
647000	638250	647000	638250	647000	
645250	628750	645250	628750	645250	
625500	633250	625500	633250	625500	
630750	644500	630750	644500	630750	
652750	645750	652750	645750	652750	
628250	637500	628250	637500	628250	
640000	640750	640000	640750	640000	
611000	650250	611000	650250	611000	
617500	616750	617500	616750	617500	
626250	633750	626250	633750	626250	
635000	646500	635000	646500	635000	
640000	621250	640000	621250	640000	
639500	621250	639500	621250	639500	
632500	628250	632500	628250	632500	
615500	630750	615500	630750	615500	
636250	633250	636250	633250	636250	
637500	635750	637500	635750	637500	
637000	620500	637000	620500	637000	
631250	655250	631250	655250	631250	
607250	623750	607250	623750	607250	
634500	651500	634500	651500	634500	
623750	655250	623750	655250	623750	
639500	640000	639500	640000	639500	
633250	633750	633250	633750	633250	
638750	633250	638750	633250	638750	
625500	628250	625500	628250	625500	
637000	645250	637000	645250	637000	
644500	628750	644500	628750	644500	
628750	635750	628750	635750	628750	
640750	623750	640750	623750	640750	
616250	630000	616250	630000	616250	
635750	632500	635750	632500	635750	
645750	640750	645750	640750	645750	
624250	606000	624250	606000	624250	
641250	639500	641250	639500	641250	
624250	632500	624250	632500	624250	
649000	615000	649000	615000	649000	
636250	632500	636250	632500	636250	
647000	642000	647000	642000	647000	
618000	629500	618000	629500	618000	
647000	626250	647000	626250	647000	
634500	630000	634500	630000	634500	
626750	635000	626750	635000	626750	
619250	629500	619250	629500	619250	
625000	628250	625000	628250	625000	
635750	639500	635750	639500	635750	
634500	641250	634500	641250	634500	
638250	618750	638250	618750	638250	
630750	625500	630750	625500	630750	
626250	637500	626250	637500	626250	
632500	626750	632500	626750	632500	
633250	645750	633250	645750	633250	
633750	645750	633750	645750	633750	
637500	636250	637500	636250	637500	
642000	650250	642000	650250	642000	
641250	628250	641250	628250	641250	
627500	645250	627500	645250	627500	
613000	628750	613000	628750	613000	
626250	648250	626250	648250	626250	
637000	635000	637000	635000	637000	
644500	625000	644500	625000	644500	
635000	632500	635000	632500	635000	
644000	635750	644000	635750	644000	
634500	607250	634500	607250	634500	
628250	630000	628250	630000	628250	
632000	618750	632000	618750	632000	
615000	616250	615000	616250	615000	
613000	625000	613000	625000	613000	
626750	623750	626750	623750	626750	
631250	637500	631250	637500	631250	
634500	638250	634500	638250	634500	
633750	628250	633750	628250	633750	
633750	628750	633750	628750	633750	
642000	637000	642000	637000	642000	
634500	651500	634500	651500	634500	
637000	616250	637000	616250	637000	
640750	656500	640750	656500	640750	
654500	644500	654500	644500	654500	
649500	655750	649500	655750	649500	
653250	625500	653250	625500	653250	
629500	624250	629500	624250	629500	
657750	632000	657750	632000	657750	
623000	653250	623000	653250	623000	
635750	626250	635750	626250	635750	
633750	649000	633750	649000	633750	
634500	632000	634500	632000	634500	
644000	634500	644000	634500	644000	
623750	625000	623750	625000	623750	
630000	635750	630000	635750	630000	
629500	637000	629500	637000	629500	
642000	626750	642000	626750	642000	
630750	635750	630750	635750	630750	
650750	631250	650750	631250	650750	
641250	637500	641250	637500	641250	
626750	630750	626750	630750	626750	
642000	643250	642000	643250	642000	
611000	607250	611000	607250	611000	
618750	621750	618750	621750	618750	
628250	644000	628250	644000	628250	
649500	633750	649500	633750	649500	
632000	637500	632000	637500	632000	
614250	622500	614250	622500	614250	
637000	634500	637000	634500	637000	
635000	625500	635000	625500	635000	
649500	619250	649500	619250	649500	
633250	621250	633250	621250	633250	
633250	636250	633250	636250	633250	
618000	628250	618000	628250	618000	
640000	631250	640000	631250	640000	
634500	633250	634500	633250	634500	
642500	638250	642500	638250	642500	
641250	629500	641250	629500	641250	
631250	627500	631250	627500	631250	
646500	632000	646500	632000	646500	
625500	638750	625500	638750	625500	
626250	622500	626250	622500	626250	
630750	647000	630750	647000	630750	
640750	652750	640750	652750	640750	
644500	626750	644500	626750	644500	
621250	623000	621250	623000	621250	
643250	615000	643250	615000	643250	
631250	628250	631250	628250	631250	
631250	640000	631250	640000	631250	
643250	623000	643250	623000	643250	
644500	633750	644500	633750	644500	
625000	628750	625000	628750	625000	
629500	617500	629500	617500	629500	
640750	636250	640750	636250	640750	
638750	632500	638750	632500	638750	
633250	618000	633250	618000	633250	
623750	624250	623750	624250	623750	
658500	630000	658500	630000	658500	
638750	637000	638750	637000	638750	
625500	623750	625500	623750	625500	
636250	623750	636250	623750	636250	
633250	635750	633250	635750	633250	
640000	623750	640000	623750	640000	
634500	644500	634500	644500	634500	
627500	634500	627500	634500	627500	
624250	635750	624250	635750	624250	
649000	640000	649000	640000	649000	
640000	630750	640000	630750	640000	
632000	632000	632000	632000	632000	
633750	650750	633750	650750	633750	
634500	631250	634500	631250	634500	
644500	638750	644500	638750	644500	
644000	617500	644000	617500	644000	
635750	640750	635750	640750	635750	
635750	623750	635750	623750	635750	
628250	634500	628250	634500	628250	
640750	633250	640750	633250	640750	
615500	626250	615500	626250	615500	
637500	638750	637500	638750	637500	
622500	642000	622500	642000	622500	
632500	650750	632500	650750	632500	
650250	644000	650250	644000	650250	
622500	633250	622500	633250	622500	
617500	638250	617500	638250	617500	
633750	619250	633750	619250	633750	
618750	626250	618750	626250	618750	
616250	643250	616250	643250	616250	
630000	625000	630000	625000	630000	
631250	622500	631250	622500	631250	
621750	645750	621750	645750	621750	
642000	630750	642000	630750	642000	
626750	618750	626750	618750	626750	
627500	632500	627500	632500	627500	
634500	631250	634500	631250	634500	
637000	623750	637000	623750	637000	
645750	617500	645750	617500	645750	
638250	644500	638250	644500	638250	
640000	627500	640000	627500	640000	
626750	642000	626750	642000	626750	
626750	637000	626750	637000	626750	
626250	626250	626250	626250	626250	
638750	640750	638750	640750	638750	
638750	625000	638750	625000	638750	
642000	637000	642000	637000	642000	
616750	653250	616750	653250	616750	
652000	644500	652000	644500	652000	
635750	623750	635750	623750	635750	
648250	622500	648250	622500	648250	
635750	626750	635750	626750	635750	
615500	647750	615500	647750	615500	
637000	615500	637000	615500	637000	
628750	634500	628750	634500	628750	
637500	628750	637500	628750	637500	
626250	653250	626250	653250	626250	
617500	613750	617500	613750	617500	
626750	650250	626750	650250	626750	
624250	634500	624250	634500	624250	
651500	647000	651500	647000	651500	
620500	633750	620500	633750	620500	
627500	645750	627500	645750	627500	
628250	625000	628250	625000	628250	
655750	634500	655750	634500	655750	
640750	648250	640750	648250	640750	
631250	633250	631250	633250	631250	
613750	632500	613750	632500	613750	
638750	636250	638750	636250	638750	
641250	637000	641250	637000	641250	
636250	645250	636250	645250	636250	
635750	636250	635750	636250	635750	
628250	661500	628250	661500	628250	
618000	634500	618000	634500	618000	
619250	638250	619250	638250	619250	
648250	628750	648250	628750	648250	
630000	624250	630000	624250	630000	
621250	610500	621250	610500	621250	
631250	632000	631250	632000	631250	
648250	644000	648250	644000	648250	
617500	650750	617500	650750	617500	
631250	630750	631250	630750	631250	
625500	646500	625500	646500	625500	
638250	640750	638250	640750	638250	
625000	635750	625000	635750	625000	
632500	630000	632500	630000	632500	
642000	623750	642000	623750	642000	
621250	621750	621250	621750	621250	
630000	618750	630000	618750	630000	
625000	622500	625000	622500	625000	
617500	650250	617500	650250	617500	
621750	645750	621750	645750	621750	
614250	644500	614250	644500	614250	
635000	626750	635000	626750	635000	
632500	628750	632500	628750	632500	
637500	620000	637500	620000	637500	
628250	622500	628250	622500	628250	
626750	632000	626750	632000	626750	
646500	629500	646500	629500	646500	
616250	647000	616250	647000	616250	
630000	636250	630000	636250	630000	
623750	633750	623750	633750	623750	
653250	626750	653250	626750	653250	
629500	635750	629500	635750	629500	
632000	626750	632000	626750	632000	
638750	642000	638750	642000	638750	
648250	649500	648250	649500	648250	
633750	623000	633750	623000	633750	
633250	640000	633250	640000	633250	
633250	640750	633250	640750	633250	
632000	628250	632000	628250	632000	
642500	635750	642500	635750	642500	
630750	630000	630750	630000	630750	
640000	630000	640000	630000	640000	
617500	637500	617500	637500	617500	
637000	625000	637000	625000	637000	
625000	632500	625000	632500	625000	
620000	642500	620000	642500	620000	
623750	632500	623750	632500	623750	
637500	618750	637500	618750	637500	
633250	625000	633250	625000	633250	
630000	640000	630000	640000	630000	
637500	618750	637500	618750	637500	
626750	633750	626750	633750	626750	
622500	647000	622500	647000	622500	
620000	640000	620000	640000	620000	
623750	621250	623750	621250	623750	
622500	619250	622500	619250	622500	
640750	628250	640750	628250	640750	
641250	618000	641250	618000	641250	
627500	642500	627500	642500	627500	
624250	630750	624250	630750	624250	
649000	629500	649000	629500	649000	
641250	644000	641250	644000	641250	
632000	633750	632000	633750	632000	
615000	626250	615000	626250	615000	
629500	633750	629500	633750	629500	
635750	632000	635750	632000	635750	
637000	629500	637000	629500	637000	
657000	621750	657000	621750	657000	
638750	629500	638750	629500	638750	
626750	643250	626750	643250	626750	
621250	632000	621250	632000	621250	
633250	614250	633250	614250	633250	
642000	626750	642000	626750	642000	
640750	623000	640750	623000	640750	
654500	640000	654500	640000	654500	
624250	640750	624250	640750	624250	
626250	639500	626250	639500	626250	
634500	632000	634500	632000	634500	
626250	644000	626250	644000	626250	
642000	637500	642000	637500	642000	
639500	630000	639500	630000	639500	
628250	637000	628250	637000	628250	
624250	635750	624250	635750	624250	
633250	630750	633250	630750	633250	
637000	627500	637000	627500	637000	
630750	649000	630750	649000	630750	
636250	616750	636250	616750	636250	
628250	623750	628250	623750	628250	
625000	628750	625000	628750	625000	
639500	621250	639500	621250	639500	
645250	639500	645250	639500	645250	
634500	635750	634500	635750	634500	
641250	626750	641250	626750	641250	
632500	624250	632500	624250	632500	
649500	640750	649500	640750	649500	
615000	630750	615000	630750	615000	
643250	627500	643250	627500	643250	
637000	638250	637000	638250	637000	
620000	638250	620000	638250	620000	
616750	635000	616750	635000	616750	
638750	622500	638750	622500	638750	
628750	622500	628750	622500	628750	
619250	637500	619250	637500	619250	
615000	623750	615000	623750	615000	
632000	633750	632000	633750	632000	
618000	628750	618000	628750	618000	
655750	640000	655750	640000	655750	
618000	635000	618000	635000	618000	
637500	635750	637500	635750	637500	
630750	630750	630750	630750	630750	
611000	634500	611000	634500	611000	
644000	644000	644000	644000	644000	
621250	636250	621250	636250	621250	
657750	647750	657750	647750	657750	
638750	641250	638750	641250	638750	
629500	634500	629500	634500	629500	
629500	629500	629500	629500	629500	
628250	635750	628250	635750	628250	
631250	625000	631250	625000	631250	
634500	624250	634500	624250	634500	
642000	611750	642000	611750	642000	
635750	624250	635750	624250	635750	
628750	631250	628750	631250	628750	
638250	633750	638250	633750	638250	
639500	642000	639500	642000	639500	
640750	635750	640750	635750	640750	
641250	630750	641250	630750	641250	
620500	643250	620500	643250	620500	
636250	635750	636250	635750	636250	
638250	640750	638250	640750	638250	
633750	652750	633750	652750	633750	
624250	644000	624250	644000	624250	
627500	640000	627500	640000	627500	
635750	635000	635750	635000	635750	
635000	637500	635000	637500	635000	
608000	637500	608000	637500	608000	
639500	616750	639500	616750	639500	
641250	626250	641250	626250	641250	
620000	642500	620000	642500	620000	
609750	620000	609750	620000	609750	
628750	627500	628750	627500	628750	
624250	629500	624250	629500	624250	
630750	625500	630750	625500	630750	
640000	642500	640000	642500	640000	
638750	633750	638750	633750	638750	
620500	633750	620500	633750	620500	
630750	606750	630750	606750	630750	
637500	627500	637500	627500	637500	
622500	635000	622500	635000	622500	
630750	635750	630750	635750	630750	
637500	637000	637500	637000	637500	
632500	624250	632500	624250	632500	
630000	636250	630000	636250	630000	
623750	637500	623750	637500	623750	
623750	631250	623750	631250	623750	
627500	621750	627500	621750	627500	
637500	623000	637500	623000	637500	
626250	649500	626250	649500	626250	
635750	630000	635750	630000	635750	
635750	650750	635750	650750	635750	
621250	626750	621250	626750	621250	
625000	647750	625000	647750	625000	
626750	648250	626750	648250	626750	
645250	612500	645250	612500	645250	
631250	626250	631250	626250	631250	
625500	637000	625500	637000	625500	
638750	628750	638750	628750	638750	
624250	617500	624250	617500	624250	
628750	632500	628750	632500	628750	
625500	635750	625500	635750	625500	
636250	655750	636250	655750	636250	
634500	623000	634500	623000	634500	
639500	635000	639500	635000	639500	
652000	632500	652000	632500	652000	
623750	640000	623750	640000	623750	
645750	637500	645750	637500	645750	
638250	646500	638250	646500	638250	
647000	638750	647000	638750	647000	
633250	641250	633250	641250	633250	
632000	636250	632000	636250	632000	
636250	632500	636250	632500	636250	
623750	634500	623750	634500	623750	
634500	647000	634500	647000	634500	
638750	629500	638750	629500	638750	
615500	626750	615500	626750	615500	
620500	622500	620500	622500	620500	
628250	653250	628250	653250	628250	
643250	613000	643250	613000	643250	
648250	625500	648250	625500	648250	
626250	623000	626250	623000	626250	
630000	647750	630000	647750	630000	
637500	620000	637500	620000	637500	
633750	618750	633750	618750	633750	
641250	618750	641250	618750	641250	
618000	633750	618000	633750	618000	
633750	628750	633750	628750	633750	
633750	641250	633750	641250	633750	
630750	632000	630750	632000	630750	
623000	643250	623000	643250	623000	
636250	638250	636250	638250	636250	
644500	613000	644500	613000	644500	
648250	632000	648250	632000	648250	
636250	638250	636250	638250	636250	
625000	633750	625000	633750	625000	
632000	633750	632000	633750	632000	
629500	622500	629500	622500	629500	
630000	637000	630000	637000	630000	
638250	622500	638250	622500	638250	
640000	625500	640000	625500	640000	
642000	633250	642000	633250	642000	
632000	623750	632000	623750	632000	
625000	632000	625000	632000	625000	
638750	633750	638750	633750	638750	
638750	631250	638750	631250	638750	
632000	632500	632000	632500	632000	
630750	638250	630750	638250	630750	
636250	643250	636250	643250	636250	
626750	642000	626750	642000	626750	
632000	626750	632000	626750	632000	
644500	631250	644500	631250	644500	
609750	625000	609750	625000	609750	
619250	632500	619250	632500	619250	
643250	630750	643250	630750	643250	
647000	623000	647000	623000	647000	
626750	624250	626750	624250	626750	
635000	642500	635000	642500	635000	
633250	616250	633250	616250	633250	
623750	641250	623750	641250	623750	
652000	616250	652000	616250	652000	
633250	628250	633250	628250	633250	
637500	623750	637500	623750	637500	
627500	635750	627500	635750	627500	
633250	615500	633250	615500	633250	
616750	633250	616750	633250	616750	
626250	627500	626250	627500	626250	
628750	634500	628750	634500	628750	
625000	627500	625000	627500	625000	
642500	637500	642500	637500	642500	
639500	635000	639500	635000	639500	
634500	637500	634500	637500	634500	
620500	640750	620500	640750	620500	
638750	640000	638750	640000	638750	
612500	617500	612500	617500	612500	
621750	645250	621750	645250	621750	
635750	622500	635750	622500	635750	
627500	626250	627500	626250	627500	
632000	637500	632000	637500	632000	
618750	656500	618750	656500	618750	
635750	637500	635750	637500	635750	
644000	621250	644000	621250	644000	
637500	620500	637500	620500	637500	
632000	642500	632000	642500	632000	
618000	637000	618000	637000	618000	
615000	632500	615000	632500	615000	
637000	637000	637000	637000	637000	
640000	632500	640000	632500	640000	
635750	636250	635750	636250	635750	
640000	638250	640000	638250	640000	
617500	644000	617500	644000	617500	
635750	614250	635750	614250	635750	
631250	635000	631250	635000	631250	
627500	642000	627500	642000	627500	
638750	628750	638750	628750	638750	
628750	634500	628750	634500	628750	
630000	626750	630000	626750	630000	
640750	636250	640750	636250	640750	
615000	626750	615000	626750	615000	
632000	625500	632000	625500	632000	
621750	609250	621750	609250	621750	
640000	630750	640000	630750	640000	
621250	643250	621250	643250	621250	
649000	623000	649000	623000	649000	
630750	640000	630750	640000	630750	
638250	632000	638250	632000	638250	
627500	603500	627500	603500	627500	
634500	631250	634500	631250	634500	
624250	635000	624250	635000	624250	
638750	625000	638750	625000	638750	
636250	620500	636250	620500	636250	
632500	623000	632500	623000	632500	
626750	640750	626750	640750	626750	
632000	636250	632000	636250	632000	
625500	641250	625500	641250	625500	
626750	641250	626750	641250	626750	
632500	633750	632500	633750	632500	
629500	620000	629500	620000	629500	
626750	624250	626750	624250	626750	
637500	637000	637500	637000	637500	
628250	632000	628250	632000	628250	
640000	635750	640000	635750	640000	
618000	633750	618000	633750	618000	
644500	623000	644500	623000	644500	
633750	634500	633750	634500	633750	
623750	628250	623750	628250	623750	
641250	649000	641250	649000	641250	
635000	635750	635000	635750	635000	
650750	615000	650750	615000	650750	
638250	630750	638250	630750	638250	
643250	627500	643250	627500	643250	
645750	633250	645750	633250	645750	
628750	602250	628750	602250	628750	
630000	636250	630000	636250	630000	
644000	641250	644000	641250	644000	
621250	609750	621250	609750	621250	
618750	635000	618750	635000	618750	
642000	625000	642000	625000	642000	
609750	619250	609750	619250	609750	
628250	620500	628250	620500	628250	
634500	628750	634500	628750	634500	
626750	636250	626750	636250	626750	
633250	632500	633250	632500	633250	
625000	633250	625000	633250	625000	
633750	641250	633750	641250	633750	
638250	620500	638250	620500	638250	
633250	623000	633250	623000	633250	
615000	632500	615000	632500	615000	
656500	620000	656500	620000	656500	
630750	638250	630750	638250	630750	
640000	641250	640000	641250	640000	
630000	630000	630000	630000	630000	
628750	636250	628750	636250	628750	
621750	649000	621750	649000	621750	
635000	613750	635000	613750	635000	
631250	605500	631250	605500	631250	
635000	620000	635000	620000	635000	
629500	642000	629500	642000	629500	
610500	630750	610500	630750	610500	
636250	618000	636250	618000	636250	
630750	640000	630750	640000	630750	
632500	633750	632500	633750	632500	
629500	625500	629500	625500	629500	
617500	626250	617500	626250	617500	
649500	633750	649500	633750	649500	
637500	645250	637500	645250	637500	
628750	637000	628750	637000	628750	
629500	628750	629500	628750	629500	
613750	609250	613750	609250	613750	
633250	645750	633250	645750	633250	
625000	644000	625000	644000	625000	
649500	629500	649500	629500	649500	
644500	615500	644500	615500	644500	
620500	626750	620500	626750	620500	
635000	627500	635000	627500	635000	
625000	639500	625000	639500	625000	
644500	645750	644500	645750	644500	
624250	640000	624250	640000	624250	
630000	633250	630000	633250	630000	
640000	633750	640000	633750	640000	
635000	629500	635000	629500	635000	
638250	636250	638250	636250	638250	
623000	647750	623000	647750	623000	
618750	625000	618750	625000	618750	
623750	632000	623750	632000	623750	
618750	615500	618750	615500	618750	
640000	642000	640000	642000	640000	
609750	628750	609750	628750	609750	
620500	616250	620500	616250	620500	
632000	626750	632000	626750	632000	
628250	637500	628250	637500	628250	
627500	645750	627500	645750	627500	
635000	626750	635000	626750	635000	
621250	626750	621250	626750	621250	
633250	632000	633250	632000	633250	
623750	613750	623750	613750	623750	
642500	637500	642500	637500	642500	
637500	630750	637500	630750	637500	
628250	625500	628250	625500	628250	
630000	634500	630000	634500	630000	
639500	628250	639500	628250	639500	
617500	647750	617500	647750	617500	
640000	635000	640000	635000	640000	
621250	617500	621250	617500	621250	
646500	618000	646500	618000	646500	
628250	642500	628250	642500	628250	
635000	641250	635000	641250	635000	
627500	631250	627500	631250	627500	
623000	637500	623000	637500	623000	
613000	606000	613000	606000	613000	
615000	630000	615000	630000	615000	
645250	639500	645250	639500	645250	
638750	623000	638750	623000	638750	
633750	642500	633750	642500	633750	
635000	632000	635000	632000	635000	
635000	627500	635000	627500	635000	
616250	625500	616250	625500	616250	
645750	613750	645750	613750	645750	
628250	637500	628250	637500	628250	
636250	623000	636250	623000	636250	
627500	620000	627500	620000	627500	
647000	612500	647000	612500	647000	
640000	619250	640000	619250	640000	
644000	649000	644000	649000	644000	
629500	615000	629500	615000	629500	
628750	636250	628750	636250	628750	
640750	638750	640750	638750	640750	
603500	621750	603500	621750	603500	
618000	633250	618000	633250	618000	
620500	635000	620500	635000	620500	
634500	614250	634500	614250	634500	
638750	621750	638750	621750	638750	
634500	630750	634500	630750	634500	
633750	637500	633750	637500	633750	
632500	627500	632500	627500	632500	
625500	634500	625500	634500	625500	
621750	639500	621750	639500	621750	
625500	631250	625500	631250	625500	
634500	636250	634500	636250	634500	
628750	664000	628750	664000	628750	
621250	616750	621250	616750	621250	
621750	626750	621750	626750	621750	
633750	620500	633750	620500	633750	
623000	642000	623000	642000	623000	
633250	620500	633250	620500	633250	
630750	658500	630750	658500	630750	
621750	629500	621750	629500	621750	
628250	638750	628250	638750	628250	
622500	619250	622500	619250	622500	
633750	625000	633750	625000	633750	
640000	635000	640000	635000	640000	
614250	645750	614250	645750	614250	
641250	637000	641250	637000	641250	
627500	633250	627500	633250	627500	
638250	633750	638250	633750	638250	
631250	622500	631250	622500	631250	
643250	635000	643250	635000	643250	
625500	623000	625500	623000	625500	
636250	637500	636250	637500	636250	
623750	640750	623750	640750	623750	
630750	633750	630750	633750	630750	
623750	628750	623750	628750	623750	
630000	631250	630000	631250	630000	
647000	628750	647000	628750	647000	
632000	642500	632000	642500	632000	
617500	634500	617500	634500	617500	
613000	628250	613000	628250	613000	
637500	642000	637500	642000	637500	
640750	621750	640750	621750	640750	
626750	642500	626750	642500	626750	
641250	625500	641250	625500	641250	
633750	630000	633750	630000	633750	
651500	648250	651500	648250	651500	
620000	633250	620000	633250	620000	
621750	635000	621750	635000	621750	
632000	644000	632000	644000	632000	
635750	625000	635750	625000	635750	
626750	632500	626750	632500	626750	
638750	644000	638750	644000	638750	
644500	640000	644500	640000	644500	
616750	619250	616750	619250	616750	
647750	626250	647750	626250	647750	
621750	625000	621750	625000	621750	
624250	638250	624250	638250	624250	
610500	622500	610500	622500	610500	
623000	621750	623000	621750	623000	
623750	635750	623750	635750	623750	
626750	636250	626750	636250	626750	
625500	630000	625500	630000	625500	
630000	620000	630000	620000	630000	
651500	634500	651500	634500	651500	
630750	616250	630750	616250	630750	
633250	645750	633250	645750	633250	
635000	620000	635000	620000	635000	
626250	641250	626250	641250	626250	
628250	642000	628250	642000	628250	
638750	637000	638750	637000	638750	
626250	635000	626250	635000	626250	
641250	621250	641250	621250	641250	
629500	629500	629500	629500	629500	
621250	632000	621250	632000	621250	
628250	652000	628250	652000	628250	
629500	632500	629500	632500	629500	
620500	634500	620500	634500	620500	
609250	624250	609250	624250	609250	
637000	633250	637000	633250	637000	
638750	628250	638750	628250	638750	
630750	642500	630750	642500	630750	
628750	629500	628750	629500	628750	
625500	640750	625500	640750	625500	
632000	647750	632000	647750	632000	
618000	626250	618000	626250	618000	
626250	644000	626250	644000	626250	
619250	645750	619250	645750	619250	
623750	628750	623750	628750	623750	
615500	642500	615500	642500	615500	
617500	634500	617500	634500	617500	
626750	630750	626750	630750	626750	
650750	597250	650750	597250	650750	
632000	635750	632000	635750	632000	
622500	618750	622500	618750	622500	
641250	619250	641250	619250	641250	
634500	640000	634500	640000	634500	
635000	631250	635000	631250	635000	
621750	627500	621750	627500	621750	
625000	619250	625000	619250	625000	
630750	639500	630750	639500	630750	
644500	613750	644500	613750	644500	
632500	640750	632500	640750	632500	
623000	637500	623000	637500	623000	
618750	635750	618750	635750	618750	
635000	619250	635000	619250	635000	
625500	644500	625500	644500	625500	
632500	623750	632500	623750	632500	
640000	635000	640000	635000	640000	
652000	636250	652000	636250	652000	
632500	621750	632500	621750	632500	
635000	643250	635000	643250	635000	
627500	628250	627500	628250	627500	
636250	640000	636250	640000	636250	
621750	624250	621750	624250	621750	
637500	610500	637500	610500	637500	
630000	625000	630000	625000	630000	
625000	622500	625000	622500	625000	
632000	631250	632000	631250	632000	
601750	639500	601750	639500	601750	
646500	635000	646500	635000	646500	
642500	622500	642500	622500	642500	
628750	623750	628750	623750	628750	
634500	618000	634500	618000	634500	
642000	638250	642000	638250	642000	
642000	627500	642000	627500	642000	
638750	640000	638750	640000	638750	
611750	615500	611750	615500	611750	
644500	640000	644500	640000	644500	
625500	662750	625500	662750	625500	
616750	617500	616750	617500	616750	
628250	636250	628250	636250	628250	
606750	621250	606750	621250	606750	
629500	641250	629500	641250	629500	
642500	622500	642500	622500	642500	
630750	630000	630750	630000	630750	
635000	648250	635000	648250	635000	
639500	634500	639500	634500	639500	
630750	634500	630750	634500	630750	
622500	645250	622500	645250	622500	
630000	630000	630000	630000	630000	
642500	622500	642500	622500	642500	
618000	624250	618000	624250	618000	
632500	630750	632500	630750	632500	
616250	613750	616250	613750	616250	
633750	636250	633750	636250	633750	
627500	631250	627500	631250	627500	
633750	643250	633750	643250	633750	
628750	644000	628750	644000	628750	
632000	616750	632000	616750	632000	
649500	619250	649500	619250	649500	
650250	642000	650250	642000	650250	
626750	606000	626750	606000	626750	
635750	648250	635750	648250	635750	
613000	625500	613000	625500	613000	
647000	655750	647000	655750	647000	
626250	633250	626250	633250	626250	
630750	633250	630750	633250	630750	
632500	625000	632500	625000	632500	
632500	625000	632500	625000	632500	
621750	637500	621750	637500	621750	
632000	636250	632000	636250	632000	
625000	640000	625000	640000	625000	
628750	632500	628750	632500	628750	
626250	632500	626250	632500	626250	
644500	646500	644500	646500	644500	
643250	628250	643250	628250	643250	
625000	651500	625000	651500	625000	
637000	637500	637000	637500	637000	
639500	640000	639500	640000	639500	
606750	624250	606750	624250	606750	
607250	631250	607250	631250	607250	
649000	630750	649000	630750	649000	
640750	636250	640750	636250	640750	
629500	621250	629500	621250	629500	
623000	623000	623000	623000	623000	
628750	640750	628750	640750	628750	
614250	625000	614250	625000	614250	
635000	644500	635000	644500	635000	
629500	634500	629500	634500	629500	
645250	633750	645250	633750	645250	
635750	636250	635750	636250	635750	
625500	646500	625500	646500	625500	
627500	633250	627500	633250	627500	
616750	629500	616750	629500	616750	
651500	629500	651500	629500	651500	
646500	643250	646500	643250	646500	
642500	648250	642500	648250	642500	
612500	636250	612500	636250	612500	
638250	630750	638250	630750	638250	
621750	620500	621750	620500	621750	
623000	646500	623000	646500	623000	
622500	636250	622500	636250	622500	
630000	625500	630000	625500	630000	
638750	626250	638750	626250	638750	
643250	623750	643250	623750	643250	
645250	632000	645250	632000	645250	
625000	634500	625000	634500	625000	
640000	625000	640000	625000	640000	
621750	625500	621750	625500	621750	
638750	645750	638750	645750	638750	
651500	638250	651500	638250	651500	
647750	633250	647750	633250	647750	
633750	626250	633750	626250	633750	
633250	641250	633250	641250	633250	
632000	642500	632000	642500	632000	
625500	633750	625500	633750	625500	
632500	644000	632500	644000	632500	
625500	637000	625500	637000	625500	
625000	633250	625000	633250	625000	
633250	638750	633250	638750	633250	
632500	632000	632500	632000	632500	
620000	647000	620000	647000	620000	
638750	634500	638750	634500	638750	
633750	612500	633750	612500	633750	
645250	632000	645250	632000	645250	
650250	644500	650250	644500	650250	
606000	614250	606000	614250	606000	
626750	633250	626750	633250	626750	
625500	628750	625500	628750	625500	
633750	640750	633750	640750	633750	
615000	623000	615000	623000	615000	
643250	633250	643250	633250	643250	
643250	636250	643250	636250	643250	
622500	632000	622500	632000	622500	
662250	632500	662250	632500	662250	
637500	642500	637500	642500	637500	
645250	644000	645250	644000	645250	
640000	624250	640000	624250	640000	
641250	642000	641250	642000	641250	
633250	632500	633250	632500	633250	
626250	637500	626250	637500	626250	
613750	639500	613750	639500	613750	
628750	606750	628750	606750	628750	
632000	628250	632000	628250	632000	
637500	649000	637500	649000	637500	
628250	632500	628250	632500	628250	
634500	634500	634500	634500	634500	
633250	639500	633250	639500	633250	
629500	630000	629500	630000	629500	
642500	623000	642500	623000	642500	
638750	623750	638750	623750	638750	
626750	615500	626750	615500	626750	
647750	629500	647750	629500	647750	
632000	637500	632000	637500	632000	
617500	622500	617500	622500	617500	
632000	625500	632000	625500	632000	
633250	618750	633250	618750	633250	
638750	630750	638750	630750	638750	
624250	611000	624250	611000	624250	
637500	615000	637500	615000	637500	
625500	627500	625500	627500	625500	
636250	625500	636250	625500	636250	
630750	627500	630750	627500	630750	
644500	637000	644500	637000	644500	
630000	622500	630000	622500	630000	
638750	608500	638750	608500	638750	
615500	631250	615500	631250	615500	
635000	622500	635000	622500	635000	
614250	628250	614250	628250	614250	
633750	623750	633750	623750	633750	
620500	619250	620500	619250	620500	
645250	623000	645250	623000	645250	
617500	616250	617500	616250	617500	
639500	631250	639500	631250	639500	
624250	650750	624250	650750	624250	
659000	648250	659000	648250	659000	
617500	638750	617500	638750	617500	
640000	638250	640000	638250	640000	
630750	615500	630750	615500	630750	
628250	633750	628250	633750	628250	
626750	637500	626750	637500	626750	
618750	620500	618750	620500	618750	
620000	628750	620000	628750	620000	
638750	635000	638750	635000	638750	
626250	624250	626250	624250	626250	
648250	627500	648250	627500	648250	
643250	656500	643250	656500	643250	
630000	628250	630000	628250	630000	
635750	641250	635750	641250	635750	
626750	632000	626750	632000	626750	
651500	645250	651500	645250	651500	
635000	616750	635000	616750	635000	
623750	632500	623750	632500	623750	
615000	619250	615000	619250	615000	
618000	614250	618000	614250	618000	
623000	633750	623000	633750	623000	
637500	626750	637500	626750	637500	
625500	622500	625500	622500	625500	
632500	624250	632500	624250	632500	
630000	626750	630000	626750	630000	
640000	639500	640000	639500	640000	
621250	626750	621250	626750	621250	
622500	636250	622500	636250	622500	
637500	632000	637500	632000	637500	
623750	626750	623750	626750	623750	
638750	621750	638750	621750	638750	
632000	623000	632000	623000	632000	
641250	643250	641250	643250	641250	
632500	630750	632500	630750	632500	
625500	615500	625500	615500	625500	
644500	628250	644500	628250	644500	
623000	631250	623000	631250	623000	
635750	626250	635750	626250	635750	
631250	638750	631250	638750	631250	
626250	627500	626250	627500	626250	
633250	622500	633250	622500	633250	
633750	632000	633750	632000	633750	
640000	625500	640000	625500	640000	
619250	634500	619250	634500	619250	
639500	637500	639500	637500	639500	
623750	641250	623750	641250	623750	
629500	644500	629500	644500	629500	
621250	627500	621250	627500	621250	
643250	639500	643250	639500	643250	
639500	636250	639500	636250	639500	
634500	614250	634500	614250	634500	
639500	637000	639500	637000	639500	
620500	613750	620500	613750	620500	
627500	633250	627500	633250	627500	
634500	618000	634500	618000	634500	
633250	630750	633250	630750	633250	
633250	621750	633250	621750	633250	
618750	624250	618750	624250	618750	
623750	645250	623750	645250	623750	
642000	645250	642000	645250	642000	
631250	627500	631250	627500	631250	
630000	628250	630000	628250	630000	
639500	633250	639500	633250	639500	
637000	621250	637000	621250	637000	
628250	636250	628250	636250	628250	
613000	640000	613000	640000	613000	
628750	640000	628750	640000	628750	
618000	620000	618000	620000	618000	
632000	632000	632000	632000	632000	
628750	614250	628750	614250	628750	
615000	646500	615000	646500	615000	
621750	621250	621750	621250	621750	
638750	640000	638750	640000	638750	
630750	644500	630750	644500	630750	
623000	624250	623000	624250	623000	
625000	635750	625000	635750	625000	
611750	635750	611750	635750	611750	
642000	637500	642000	637500	642000	
626250	628250	626250	628250	626250	
618750	633250	618750	633250	618750	
625000	626250	625000	626250	625000	
633250	620000	633250	620000	633250	
647000	637500	647000	637500	647000	
648250	646500	648250	646500	648250	
634500	659000	634500	659000	634500	
631250	615500	631250	615500	631250	
654000	630000	654000	630000	654000	
640750	633750	640750	633750	640750	
616250	613000	616250	613000	616250	
634500	638250	634500	638250	634500	
633250	642500	633250	642500	633250	
626750	655250	626750	655250	626750	
608500	640750	608500	640750	608500	
626750	644000	626750	644000	626750	
652000	630000	652000	630000	652000	
636250	621250	636250	621250	636250	
643250	636250	643250	636250	643250	
630750	633750	630750	633750	630750	
615500	633250	615500	633250	615500	
603000	620000	603000	620000	603000	
623000	632000	623000	632000	623000	
636250	611750	636250	611750	636250	
625000	638250	625000	638250	625000	
622500	636250	622500	636250	622500	
646500	636250	646500	636250	646500	
651500	647000	651500	647000	651500	
638250	640750	638250	640750	638250	
618750	628750	618750	628750	618750	
642500	618000	642500	618000	642500	
628250	632000	628250	632000	628250	
644500	609250	644500	609250	644500	
644000	613750	644000	613750	644000	
626750	633250	626750	633250	626750	
626250	636250	626250	636250	626250	
633750	644500	633750	644500	633750	
635750	608000	635750	608000	635750	
632000	657000	632000	657000	632000	
616750	640000	616750	640000	616750	
630750	634500	630750	634500	630750	
633250	625500	633250	625500	633250	
647750	632500	647750	632500	647750	
626750	635750	626750	635750	626750	
616750	623750	616750	623750	616750	
637500	635750	637500	635750	637500	
636250	626250	636250	626250	636250	
621250	623750	621250	623750	621250	
611750	641250	611750	641250	611750	
630750	628250	630750	628250	630750	
659000	612500	659000	612500	659000	
626750	629500	626750	629500	626750	
635750	620500	635750	620500	635750	
624250	630750	624250	630750	624250	
633750	646500	633750	646500	633750	
640750	642500	640750	642500	640750	
640750	628250	640750	628250	640750	
638750	621250	638750	621250	638750	
634500	646500	634500	646500	634500	
620500	629500	620500	629500	620500	
626250	623750	626250	623750	626250	
631250	627500	631250	627500	631250	
626750	643250	626750	643250	626750	
620500	620500	620500	620500	620500	
622500	642000	622500	642000	622500	
623000	620500	623000	620500	623000	
625500	637500	625500	637500	625500	
634500	628750	634500	628750	634500	
621250	640000	621250	640000	621250	
649000	634500	649000	634500	649000	
625000	635000	625000	635000	625000	
637500	615000	637500	615000	637500	
616750	638250	616750	638250	616750	
632000	621250	632000	621250	632000	
637000	637000	637000	637000	637000	
651500	631250	651500	631250	651500	
636250	646500	636250	646500	636250	
624250	633750	624250	633750	624250	
630750	619250	630750	619250	630750	
644500	621750	644500	621750	644500	
643250	635750	643250	635750	643250	
626750	633250	626750	633250	626750	
616750	634500	616750	634500	616750	
626250	640750	626250	640750	626250	
640750	613000	640750	613000	640750	
627500	637500	627500	637500	627500	
630750	622500	630750	622500	630750	
635750	624250	635750	624250	635750	
634500	638750	634500	638750	634500	
630000	636250	630000	636250	630000	
645250	641250	645250	641250	645250	
627500	627500	627500	627500	627500	
632500	625500	632500	625500	632500	
630750	642000	630750	642000	630750	
616250	623000	616250	623000	616250	
632500	635750	632500	635750	632500	
630000	635000	630000	635000	630000	
628750	642500	628750	642500	628750	
631250	624250	631250	624250	631250	
621750	633750	621750	633750	621750	
635000	651500	635000	651500	635000	
633750	641250	633750	641250	633750	
628250	645250	628250	645250	628250	
635750	620500	635750	620500	635750	
624250	642000	624250	642000	624250	
627500	624250	627500	624250	627500	
623000	619250	623000	619250	623000	
637500	625000	637500	625000	637500	
640000	628750	640000	628750	640000	
619250	633250	619250	633250	619250	
615000	650750	615000	650750	615000	
636250	620500	636250	620500	636250	
621250	623750	621250	623750	621250	
632500	620500	632500	620500	632500	
634500	632500	634500	632500	634500	
638750	659000	638750	659000	638750	
623000	628750	623000	628750	623000	
647000	626750	647000	626750	647000	
633750	627500	633750	627500	633750	
649500	654000	649500	654000	649500	
628250	633250	628250	633250	628250	
625000	640750	625000	640750	625000	
630750	630750	630750	630750	630750	
624250	628750	624250	628750	624250	
628250	655750	628250	655750	628250	
618750	625000	618750	625000	618750	
626250	644000	626250	644000	626250	
621250	630000	621250	630000	621250	
629500	615500	629500	615500	629500	
602250	635000	602250	635000	602250	
619250	636250	619250	636250	619250	
620500	635750	620500	635750	620500	
616750	613750	616750	613750	616750	
630750	635000	630750	635000	630750	
636250	640000	636250	640000	636250	
642000	637000	642000	637000	642000	
644000	646500	644000	646500	644000	
629500	629500	629500	629500	629500	
613750	635000	613750	635000	613750	
634500	630000	634500	630000	634500	
619250	623000	619250	623000	619250	
635750	644500	635750	644500	635750	
628250	638250	628250	638250	628250	
625500	626250	625500	626250	625500	
645750	647750	645750	647750	645750	
635750	630000	635750	630000	635750	
628750	616750	628750	616750	628750	
622500	636250	622500	636250	622500	
623750	632000	623750	632000	623750	
625000	636250	625000	636250	625000	
636250	621250	636250	621250	636250	
635750	635750	635750	635750	635750	
633750	640750	633750	640750	633750	
628250	639500	628250	639500	628250	
625000	643250	625000	643250	625000	
620500	625500	620500	625500	620500	
617500	636250	617500	636250	617500	
642000	613750	642000	613750	642000	
622500	645750	622500	645750	622500	
628750	637500	628750	637500	628750	
623750	657750	623750	657750	623750	
633750	623000	633750	623000	633750	
621750	643250	621750	643250	621750	
622500	625000	622500	625000	622500	
625500	628750	625500	628750	625500	
618000	620000	618000	620000	618000	
634500	632500	634500	632500	634500	
616750	636250	616750	636250	616750	
637500	638750	637500	638750	637500	
638750	633250	638750	633250	638750	
637500	625000	637500	625000	637500	
625500	638750	625500	638750	625500	
625500	634500	625500	634500	625500	
617500	638250	617500	638250	617500	
618000	627500	618000	627500	618000	
635000	626250	635000	626250	635000	
641250	624250	641250	624250	641250	
637500	601750	637500	601750	637500	
626250	636250	626250	636250	626250	
647750	637500	647750	637500	647750	
628750	611750	628750	611750	628750	
628250	643250	628250	643250	628250	
636250	635750	636250	635750	636250	
625500	621750	625500	621750	625500	
636250	644000	636250	644000	636250	
628250	629500	628250	629500	628250	
630000	620000	630000	620000	630000	
640750	623750	640750	623750	640750	
620000	637000	620000	637000	620000	
638250	632000	638250	632000	638250	
623750	618000	623750	618000	623750	
618750	638750	618750	638750	618750	
635000	640750	635000	640750	635000	
616250	632000	616250	632000	616250	
617500	623000	617500	623000	617500	
644500	623750	644500	623750	644500	
637000	640750	637000	640750	637000	
611000	631250	611000	631250	611000	
628250	645750	628250	645750	628250	
633750	627500	633750	627500	633750	
628250	642000	628250	642000	628250	
613000	632500	613000	632500	613000	
638250	629500	638250	629500	638250	
642500	642500	642500	642500	642500	
633250	628750	633250	628750	633250	
622500	639500	622500	639500	622500	
620000	620000	620000	620000	620000	
627500	625500	627500	625500	627500	
636250	637500	636250	637500	636250	
637500	619250	637500	619250	637500	
623750	624250	623750	624250	623750	
606000	632500	606000	632500	606000	
620000	620000	620000	620000	620000	
623000	631250	623000	631250	623000	
628750	613000	628750	613000	628750	
621750	633250	621750	633250	621750	
625500	635000	625500	635000	625500	
622500	627500	622500	627500	622500	
621250	620500	621250	620500	621250	
630750	627500	630750	627500	630750	
648250	627500	648250	627500	648250	
631250	631250	631250	631250	631250	
625000	631250	625000	631250	625000	
619250	631250	619250	631250	619250	
627500	620000	627500	620000	627500	
631250	622500	631250	622500	631250	
634500	630750	634500	630750	634500	
636250	632000	636250	632000	636250	
621750	637000	621750	637000	621750	
631250	635000	631250	635000	631250	
623000	632500	623000	632500	623000	
624250	640000	624250	640000	624250	
628250	635750	628250	635750	628250	
624250	632000	624250	632000	624250	
629500	617500	629500	617500	629500	
617500	628750	617500	628750	617500	
632000	626250	632000	626250	632000	
632500	631250	632500	631250	632500	
639500	638250	639500	638250	639500	
625500	608500	625500	608500	625500	
613750	634500	613750	634500	613750	
632000	624250	632000	624250	632000	
638750	639500	638750	639500	638750	
629500	630000	629500	630000	629500	
638750	633250	638750	633250	638750	
643250	613000	643250	613000	643250	
628250	645750	628250	645750	628250	
623000	643250	623000	643250	623000	
634500	640000	634500	640000	634500	
615500	647750	615500	647750	615500	
628750	632500	628750	632500	628750	
646500	628750	646500	628750	646500	
632500	642500	632500	642500	632500	
624250	625000	624250	625000	624250	
627500	621250	627500	621250	627500	
618000	625000	618000	625000	618000	
634500	626750	634500	626750	634500	
654000	630000	654000	630000	654000	
626750	631250	626750	631250	626750	
640000	633250	640000	633250	640000	
622500	625000	622500	625000	622500	
633250	632000	633250	632000	633250	
613000	633750	613000	633750	613000	
637000	618000	637000	618000	637000	
617500	638750	617500	638750	617500	
644000	630000	644000	630000	644000	
638750	623000	638750	623000	638750	
638750	623000	638750	623000	638750	
638750	623000	638750	623000	638750	
