309.091	309.091	309.091	309.091	309.091	
519145	519145	519145	519145	519145	
39545.5	38254.5	38581.8	38527.3	38672.7	
37381.8	35927.3	36600	38345.5	37527.3	
37527.3	37072.7	37381.8	36890.9	36654.5	
36600	36890.9	38254.5	37018.2	36563.6	
36327.3	36290.9	37254.5	36381.8	35545.5	
37890.9	38036.4	37709.1	38163.6	37527.3	
38309.1	37018.2	37436.4	36563.6	36800	
36600	38400	38218.2	37745.5	37654.5	
38345.5	36563.6	38527.3	37654.5	38709.1	
39490.9	37200	37745.5	38345.5	37836.4	
37890.9	38345.5	39000	38763.6	39090.9	
38490.9	38127.3	38036.4	37981.8	37709.1	
40000	39090.9	39727.3	39218.2	38072.7	
38309.1	39000	39036.4	39272.7	39127.3	
39090.9	39400	39672.7	40963.6	39000	
40636.4	39672.7	41472.7	40454.5	39763.6	
40872.7	38945.5	39636.4	41145.5	40909.1	
40690.9	42236.4	40909.1	39945.5	39545.5	
41418.2	40909.1	41963.6	41145.5	40363.6	
42709.1	42527.3	42290.9	40727.3	40545.5	
41927.3	41654.5	41781.8	42472.7	41054.5	
45090.9	45400	43345.5	46236.4	45454.5	
54527.3	55218.2	53145.5	53800	52472.7	
54981.8	54436.4	55072.7	55672.7	54800	
54709.1	54890.9	53381.8	55072.7	55436.4	
55490.9	56909.1	55072.7	55945.5	55436.4	
55254.5	56036.4	55581.8	55909.1	53890.9	
57145.5	56090.9	54800	56400	55527.3	
56272.7	56181.8	57054.5	56127.3	55818.2	
56872.7	56672.7	56818.2	57236.4	57600	
57236.4	57872.7	56872.7	57000	57600	
58872.7	57690.9	57818.2	57545.5	56000	
56963.6	57000	56545.5	57963.6	57363.6	
57818.2	57054.5	57181.8	57927.3	57236.4	
57181.8	58200	57727.3	55618.2	57818.2	
58654.5	57600	58290.9	56818.2	56090.9	
57818.2	58600	58600	57927.3	57327.3	
57600	59200	57054.5	57545.5	59563.6	
57509.1	57818.2	58200	58836.4	56818.2	
55618.2	57963.6	58654.5	57054.5	58236.4	
59018.2	58472.7	59654.5	57818.2	57636.4	
58236.4	58690.9	59254.5	56272.7	58781.8	
58654.5	57927.3	57636.4	59018.2	57000	
58054.5	57781.8	58872.7	57927.3	58018.2	
56672.7	56727.3	59200	55909.1	57145.5	
58109.1	57454.5	57781.8	57872.7	57872.7	
58690.9	59290.9	59927.3	58109.1	57963.6	
59472.7	62127.3	59618.2	60490.9	61036.4	
59436.4	59745.5	58654.5	57181.8	59163.6	
58018.2	59436.4	56727.3	57636.4	57600	
58654.5	58600	58472.7	58054.5	58054.5	
56272.7	58872.7	58200	58381.8	58745.5	
57600	58109.1	58927.3	59745.5	56909.1	
57636.4	58381.8	57000	57818.2	58236.4	
58690.9	58200	55945.5	56400	58745.5	
58290.9	56490.9	57818.2	57690.9	59163.6	
58563.6	58381.8	57418.2	57600	56763.6	
58290.9	59109.1	59254.5	59109.1	57872.7	
58600	58690.9	57363.6	58418.2	57600	
57454.5	58690.9	59109.1	58509.1	58145.5	
57927.3	58109.1	57963.6	57690.9	58963.6	
58236.4	58690.9	59018.2	59290.9	56963.6	
60218.2	56963.6	57363.6	59618.2	58509.1	
59163.6	58472.7	59200	57327.3	57727.3	
59072.7	58927.3	58509.1	58927.3	59018.2	
58654.5	60763.6	58836.4	59254.5	58781.8	
60163.6	60309.1	59290.9	60254.5	58236.4	
58600	60163.6	58109.1	59745.5	59018.2	
60345.5	58472.7	60218.2	58781.8	59381.8	
60309.1	60890.9	59472.7	58781.8	60490.9	
60018.2	58872.7	59836.4	59563.6	60800	
61036.4	60309.1	60345.5	60709.1	59345.5	
60527.3	60109.1	60581.8	59200	58109.1	
59109.1	58745.5	60527.3	60345.5	60218.2	
60309.1	60763.6	58781.8	60163.6	59745.5	
59618.2	60400	59890.9	60218.2	60072.7	
59654.5	59381.8	58836.4	61127.3	61909.1	
60218.2	59836.4	59163.6	60490.9	60581.8	
60436.4	59890.9	58745.5	60490.9	60800	
59654.5	61363.6	62636.4	62418.2	60945.5	
60309.1	60981.8	60890.9	59890.9	60163.6	
59345.5	61218.2	60109.1	60981.8	59618.2	
60072.7	59254.5	59709.1	60763.6	59890.9	
60981.8	60254.5	59527.3	62781.8	59981.8	
59709.1	59618.2	60709.1	60618.2	60436.4	
60309.1	59163.6	60400	58781.8	59018.2	
59618.2	59200	60763.6	62272.7	62309.1	
60345.5	59290.9	61363.6	60072.7	59618.2	
59618.2	58600	59436.4	59345.5	59927.3	
59618.2	57727.3	60581.8	59800	60254.5	
61127.3	57600	60163.6	61072.7	58290.9	
60400	59109.1	60254.5	59890.9	61036.4	
60018.2	57872.7	60345.5	59709.1	59927.3	
60581.8	59890.9	58654.5	58690.9	61036.4	
59472.7	60018.2	59709.1	59563.6	58781.8	
59345.5	59745.5	60309.1	60400	59836.4	
60618.2	58509.1	61072.7	58781.8	60309.1	
59163.6	61272.7	61127.3	59254.5	61218.2	
60800	62727.3	60763.6	62872.7	60945.5	
61454.5	63363.6	63363.6	59290.9	61818.2	
61636.4	62036.4	62963.6	62000	62454.5	
60981.8	63054.5	63054.5	63000	61309.1	
60345.5	62418.2	62000	63418.2	62127.3	
62454.5	63054.5	63090.9	63781.8	61818.2	
62781.8	63272.7	63000	61909.1	62781.8	
63236.4	61545.5	63654.5	64054.5	63181.8	
63363.6	61672.7	61309.1	63181.8	62181.8	
61763.6	61818.2	62600	61127.3	62127.3	
62727.3	62509.1	62418.2	61127.3	62781.8	
62909.1	61218.2	62363.6	63745.5	61636.4	
63509.1	61909.1	62309.1	61727.3	62636.4	
60800	60436.4	61727.3	60709.1	61400	
61036.4	62690.9	60890.9	60709.1	61854.5	
62127.3	62418.2	61818.2	60800	61545.5	
61218.2	61036.4	59018.2	60527.3	60490.9	
59890.9	60890.9	59836.4	59527.3	61163.6	
59890.9	60981.8	61163.6	59563.6	61581.8	
61854.5	60854.5	60018.2	60581.8	60527.3	
62418.2	61454.5	60763.6	60163.6	60981.8	
61672.7	60672.7	61672.7	62600	61945.5	
60618.2	60763.6	62545.5	62545.5	62454.5	
63836.4	63090.9	63090.9	62781.8	62218.2	
63654.5	61945.5	62090.9	64290.9	62872.7	
62636.4	62218.2	61272.7	62309.1	63363.6	
62818.2	61672.7	62000	62727.3	62036.4	
62909.1	63836.4	63418.2	62218.2	61072.7	
63509.1	62963.6	63054.5	62818.2	63745.5	
62218.2	63145.5	64109.1	64563.6	65072.7	
62636.4	64381.8	63600	63418.2	63927.3	
64018.2	64836.4	62963.6	65163.6	65854.5	
64418.2	63600	63236.4	62454.5	63327.3	
64381.8	65290.9	63418.2	64109.1	64654.5	
65290.9	65472.7	64563.6	64618.2	64145.5	
65654.5	64890.9	69000	66527.3	65290.9	
67727.3	67218.2	67963.6	67127.3	64709.1	
67127.3	65890.9	67909.1	65945.5	67036.4	
67454.5	68545.5	65072.7	65763.6	68509.1	
65981.8	67181.8	65618.2	68781.8	66818.2	
66527.3	67181.8	65854.5	67090.9	67818.2	
66218.2	67218.2	66036.4	67636.4	66254.5	
66436.4	63563.6	65381.8	66218.2	64654.5	
65527.3	65072.7	64981.8	66218.2	65381.8	
64618.2	63454.5	64145.5	62509.1	63836.4	
64509.1	64472.7	65254.5	63781.8	63509.1	
62309.1	65381.8	64418.2	64618.2	63563.6	
63181.8	63363.6	67036.4	64418.2	63927.3	
66036.4	64327.3	64290.9	65254.5	65018.2	
66854.5	64054.5	65800	65345.5	67000	
66254.5	66309.1	64981.8	65800	66854.5	
67727.3	66127.3	67127.3	68509.1	66763.6	
65654.5	67763.6	68145.5	67490.9	65290.9	
66709.1	68818.2	66763.6	67363.6	68418.2	
67763.6	67854.5	66527.3	66400	67490.9	
67309.1	67581.8	67400	66527.3	65563.6	
69236.4	67672.7	69836.4	69236.4	67727.3	
67818.2	65945.5	68963.6	67272.7	68000	
69472.7	69327.3	70745.5	69509.1	71854.5	
71436.4	72763.6	72945.5	73218.2	72945.5	
74509.1	74927.3	74090.9	75145.5	73909.1	
75018.2	75236.4	75327.3	75290.9	75200	
76890.9	76563.6	76254.5	75327.3	76800	
77618.2	75690.9	76345.5	78090.9	77618.2	
78672.7	77436.4	76072.7	78218.2	78363.6	
79036.4	77945.5	78636.4	78909.1	77527.3	
78090.9	79600	77436.4	79145.5	79545.5	
77400	78036.4	77163.6	78545.5	78727.3	
78309.1	79181.8	79145.5	80290.9	80236.4	
81109.1	79236.4	80836.4	79781.8	79418.2	
78727.3	79545.5	81381.8	81527.3	79636.4	
79545.5	80563.6	79963.6	80054.5	80745.5	
81290.9	78763.6	81109.1	80872.7	79872.7	
82109.1	78818.2	81800	81200	81618.2	
78672.7	79636.4	81745.5	79545.5	79909.1	
81236.4	81290.9	80654.5	81981.8	81981.8	
81109.1	80690.9	80927.3	80327.3	80418.2	
81890.9	82254.5	80600	81109.1	81436.4	
82290.9	80290.9	79090.9	81836.4	82109.1	
80654.5	81436.4	79454.5	80381.8	80200	
82945.5	81054.5	81927.3	82381.8	80654.5	
80418.2	81654.5	82254.5	82018.2	82163.6	
80509.1	80236.4	80963.6	82618.2	80745.5	
81654.5	82854.5	82254.5	82890.9	81472.7	
80927.3	82109.1	85363.6	85836.4	84454.5	
85927.3	84872.7	84690.9	82800	86327.3	
85927.3	85545.5	85181.8	85545.5	86145.5	
84690.9	87109.1	84454.5	85836.4	85363.6	
84909.1	86418.2	85545.5	86327.3	84363.6	
85727.3	87345.5	88127.3	87890.9	85927.3	
87563.6	86236.4	87436.4	87472.7	86690.9	
87290.9	86109.1	84545.5	88036.4	87709.1	
85963.6	87254.5	87927.3	86054.5	86290.9	
86418.2	86927.3	87290.9	88527.3	86981.8	
88854.5	88945.5	89490.9	88127.3	89490.9	
88218.2	91418.2	87890.9	92018.2	89272.7	
88254.5	89763.6	90636.4	90727.3	91327.3	
92381.8	92472.7	90036.4	90327.3	90418.2	
92054.5	91563.6	91472.7	92836.4	91872.7	
90781.8	89727.3	91472.7	91327.3	90454.5	
93381.8	91509.1	91327.3	92927.3	92290.9	
92618.2	91600	93800	91654.5	92654.5	
92109.1	94436.4	94036.4	91600	92654.5	
94036.4	93163.6	94490.9	93981.8	94854.5	
94309.1	94436.4	91181.8	93945.5	94727.3	
95636.4	95581.8	92927.3	94218.2	93709.1	
93200	93890.9	96545.5	94945.5	96636.4	
92236.4	95872.7	95872.7	97836.4	95545.5	
95036.4	94763.6	95090.9	96636.4	96636.4	
97018.2	95963.6	95090.9	97836.4	97290.9	
96272.7	95545.5	95490.9	97690.9	94854.5	
96927.3	95581.8	95090.9	97236.4	96236.4	
94581.8	96418.2	96963.6	95636.4	97872.7	
99490.9	98890.9	96272.7	97418.2	98436.4	
99527.3	96818.2	97109.1	96363.6	96927.3	
98345.5	98254.5	97236.4	99254.5	97018.2	
99945.5	99945.5	96000	101218	96781.8	
98527.3	101545	99072.7	100855	103200	
99309.1	99018.2	100455	103327	99527.3	
101909	103200	101309	100764	100400	
99672.7	103836	102691	103618	99800	
102091	103291	102873	102364	101727	
103236	104473	102236	103382	102091	
103509	105127	103200	104345	103745	
103382	103018	103327	104891	98927.3	
101964	101509	104473	104473	100764	
102836	102691	105127	103982	101091	
103655	106491	104073	105582	104109	
104345	104436	103473	106127	103564	
104109	104018	104164	108055	103055	
106036	107273	104291	104018	105527	
107600	107236	104982	109436	104164	
108291	106400	103891	106855	105036	
106218	107818	107727	106491	105855	
106036	107273	107600	107545	106127	
107091	106673	106400	106909	106727	
107236	108327	105909	108055	105218	
109291	108109	107455	106964	106400	
107636	107600	110400	106855	108836	
106182	105491	106582	106909	104855	
104200	105673	105255	106964	106582	
104382	105855	104618	106182	105400	
104564	106727	105036	107364	108200	
102273	103564	102182	104018	105345	
103655	101509	102418	103382	103927	
100582	104255	102927	103709	101036	
104618	104345	101964	105582	103745	
104618	104109	104655	105164	106127	
107600	109618	105436	109745	105618	
109291	106818	109382	112818	109800	
113418	114891	115527	113600	114564	
114327	116036	114018	116764	115473	
117818	114655	115855	116073	115855	
119600	117309	119600	117273	119418	
116945	117273	114600	117727	116673	
117818	115800	118418	118636	117036	
118273	119782	118964	121891	121618	
120655	119000	118327	121800	119600	
122309	122345	122218	122855	122127	
122818	125782	124182	124745	118818	
123309	124418	125564	125109	125782	
128218	126891	125291	128127	124055	
127036	126564	127345	127164	127891	
126473	127618	127255	126018	129036	
127582	125382	127982	126709	125291	
126709	126891	125927	127709	124927	
123691	126745	124236	126745	124055	
124000	126164	122855	125509	127164	
123545	126200	123909	126891	125745	
125836	129036	125382	129036	126073	
125382	128673	125745	129000	127164	
127436	128909	128364	128909	123873	
129909	131982	132618	132291	130091	
131055	133218	133345	135636	133909	
129273	131145	132709	133636	134309	
135364	136382	134727	136509	136982	
133436	134364	136473	134091	134782	
136327	135927	134491	138709	136236	
138218	142109	138073	142418	137800	
139945	139164	138218	141327	140909	
141745	142509	141509	142564	136927	
140127	144255	140091	141745	139673	
142655	143564	140091	142564	137291	
141691	141327	138673	144527	137709	
143291	141873	142709	143982	141000	
141327	142109	140127	144400	140509	
140091	142145	139127	143255	142709	
143618	140964	146273	143855	146364	
145364	144618	141927	143109	144436	
143564	143982	147327	142291	146000	
144527	142055	140000	141564	144491	
146364	146873	146273	146145	144764	
146691	146364	147836	150455	148618	
147655	150127	147836	151182	148836	
147473	147873	148891	148291	149709	
151000	153055	149618	153418	151873	
149164	154345	153509	156818	152273	
152782	152091	151273	151727	149800	
153382	152145	152836	158418	155073	
151818	153745	153982	156000	155309	
156218	158836	154618	157091	157145	
154745	155345	155309	155673	156218	
157327	156309	156909	158145	156636	
156764	158473	157964	158836	156364	
154164	156491	156091	156182	155618	
154800	156218	156400	155709	154800	
154436	152273	154527	157818	153327	
152055	153745	153055	152455	154382	
151509	152364	152564	155945	151964	
152418	152836	153473	154618	150491	
153927	153709	150673	153927	151091	
154109	155400	154527	157273	152273	
158509	157964	154891	162273	155255	
157509	159564	155909	158236	156364	
157418	159055	155527	157691	157182	
156309	161636	157182	157327	161218	
164382	163182	160855	163600	162364	
157145	157327	160018	164418	158655	
158091	161436	158145	160291	159836	
159618	159800	159618	162782	160618	
159982	162909	159891	160855	157327	
160618	162218	159527	162455	159709	
156909	158473	158000	159655	156491	
158236	158782	157873	161636	159564	
157418	159055	158873	158000	155436	
157964	159982	162491	163927	159745	
159018	161400	158200	159927	162491	
162782	160982	161036	164691	162727	
165164	163236	162218	166127	160436	
163745	164927	165018	163509	165255	
161818	163636	162909	165618	160436	
163455	166400	165800	167582	167400	
169091	167818	164200	168418	164927	
165436	168327	165073	169927	162218	
162309	168964	162309	169927	169509	
167036	169509	165018	167400	165255	
163455	164564	162091	168000	164327	
164927	163836	162636	168418	164655	
165745	167364	167309	170473	165164	
165382	167400	166491	168364	166400	
166527	170800	165255	168455	168327	
166945	168127	163782	169964	163545	
166127	166309	166891	169600	167727	
163873	168455	167764	171582	165255	
166436	169836	167364	167673	165018	
168327	171982	169509	173309	167909	
166855	172309	170327	172400	168727	
175418	171673	173091	172764	168182	
172127	170836	170564	174055	172255	
170291	176927	170564	176018	171582	
177982	175145	172909	176655	173400	
172127	173491	170018	174182	174091	
175982	176382	175509	179600	173818	
171945	177345	170709	177218	173000	
173400	172582	175836	174873	174782	
177164	178582	174600	180236	172582	
178273	177400	180327	181018	178036	
178364	181745	176745	177491	179364	
180091	180418	181655	185182	181527	
182673	183618	180927	185509	182255	
180327	182200	184818	188164	185909	
185727	187382	184727	187473	185782	
184873	184727	186055	188982	184182	
186655	187255	187436	188709	186145	
189855	189127	188436	186236	184964	
187018	191364	192473	192236	189164	
191182	194309	190691	191964	193891	
191873	191873	192745	192836	191873	
195127	195000	191873	195636	193345	
197000	194800	195127	194764	196509	
196418	192745	197873	196636	197782	
196600	201364	199982	199618	197291	
196273	200855	199764	201182	196364	
199764	197473	199764	200345	198109	
202145	198655	203236	203509	200818	
203418	206364	207273	206545	203109	
207818	207091	207691	208145	204655	
209018	210582	208564	211218	210255	
208655	209800	205345	209800	207545	
207818	213327	211855	210709	210200	
213509	213873	215982	215527	212818	
214055	218455	219055	219473	213327	
218127	215255	219000	219236	215018	
217218	216982	218327	219473	213927	
222673	221764	220655	220473	218727	
221855	222036	223818	219745	217036	
220382	225509	221982	221618	222400	
223636	221255	219382	227309	219964	
226655	226073	224000	228036	223364	
223036	222127	217273	225236	220709	
227109	230418	228036	229545	222527	
225109	228945	225291	228582	226382	
220618	226291	221564	227309	225291	
222309	226836	218873	224636	223873	
220291	219927	219509	222309	218600	
215473	217400	213455	219236	216127	
214200	215836	215564	219145	215018	
210582	212036	213145	213091	209055	
212582	210491	213182	215436	211255	
216527	217727	207636	216255	212673	
220018	216218	212673	216018	216582	
219564	218636	220891	219564	216945	
223127	225418	223673	228818	221564	
228455	233800	225745	228582	226436	
229309	235600	229818	232655	230236	
232982	236782	236927	236873	234764	
238982	245218	240491	242564	238891	
240964	238073	239036	238309	239909	
242055	244036	241927	245545	242418	
249491	244527	245218	252782	243345	
242509	247782	244127	245818	245127	
244218	244764	241509	248200	243891	
243745	246509	243982	246818	240636	
242200	244800	244673	252182	246964	
245909	247182	243109	247291	247055	
249673	249164	246327	252055	246455	
247291	249673	247327	249291	249345	
253291	252091	250491	252364	251636	
257636	251273	255127	257873	252145	
257127	254200	255800	255073	258418	
257818	261309	257964	262036	255764	
256818	263873	260291	264600	258927	
262545	263691	260527	265927	259891	
264836	262545	261164	264200	259145	
261727	267945	264200	265655	263455	
268873	265745	263600	269873	263964	
265436	263091	265618	270982	266400	
268091	266855	267273	269236	267764	
264927	267545	268782	268818	268691	
270982	269145	267455	269564	268182	
264200	267309	262582	268182	269745	
265982	271291	272945	269182	265073	
268600	274909	268545	271073	271164	
268545	274545	270655	271709	267945	
266891	266709	269655	275200	269000	
274509	270473	271618	271655	266673	
273491	273673	270745	272345	268818	
264691	269873	266345	271164	269364	
262036	266764	264382	272400	266673	
271382	272218	272400	274964	267764	
266018	271709	269600	274418	269600	
270200	273491	268182	272436	268036	
276527	270200	271855	280182	273364	
274818	273764	276255	283855	274364	
278855	272309	279727	280364	277673	
273036	283036	273182	280091	275927	
281927	283673	279636	283945	276982	
286927	287709	287345	285455	288164	
286145	288855	286145	291236	284000	
287709	288491	291927	295364	288200	
292600	295036	293564	296782	292200	
303655	302236	294164	303745	292109	
305400	307455	300855	304473	300527	
306945	309291	304564	305709	298800	
305527	305073	305345	308055	304018	
307509	306545	305891	310800	302545	
312309	311764	310473	311818	312400	
312364	311709	304655	316400	310382	
307909	309800	308927	316618	307309	
311945	312636	312491	313964	307727	
314509	316582	320109	318909	313418	
315891	318727	318545	321891	322345	
324545	318545	319691	328036	322527	
324145	333709	325091	331891	323400	
332291	335782	330455	331473	328164	
331200	334727	330873	340818	329545	
334636	335327	337236	339127	336418	
337800	344764	332255	341182	340364	
346364	340545	336418	346691	341691	
347509	344945	343564	353236	340400	
348891	348473	347273	355982	349345	
348509	356073	342564	354436	342509	
349345	351182	348982	351855	347327	
354745	357964	352509	359109	350491	
354564	350527	349018	358455	347364	
350855	355800	352091	362400	352818	
361582	364291	362545	364091	360345	
365927	369509	361345	371255	363455	
368727	377291	363055	377073	364509	
365145	369745	368818	371800	366436	
372218	370382	366291	372855	367491	
366945	372036	364382	371745	364291	
374327	365200	362673	370836	365564	
366291	358000	361891	369273	360164	
362855	360473	360564	367073	362855	
371436	369600	365527	374418	364655	
373818	370600	374091	377891	372127	
381018	381291	377582	394491	382109	
403655	404564	402091	407909	400855	
403964	398109	397145	402509	395818	
411255	412636	407964	413327	410618	
422255	422764	426800	425600	418218	
431018	429127	428709	431964	426527	
435727	441145	441091	445636	437418	
452364	445764	442927	454655	444891	
453291	455709	448055	457691	448927	
459145	461400	454236	465018	456309	
464873	458636	459509	464927	454745	
470382	467855	471291	474127	469091	
473073	479764	475964	480091	469818	
479582	485309	482564	490855	484764	
489491	489164	490182	497273	487800	
496782	503091	498018	503655	494345	
508782	501364	506400	510291	503182	
513964	518491	516800	517945	508418	
518036	527618	511400	525600	517436	
518309	522400	516200	529636	519691	
517218	528073	523218	521018	522582	
518909	522073	521018	525691	517673	
522764	522309	516200	523400	518182	
520873	522345	515709	524273	514055	
521745	522582	513727	529309	516655	
523127	523673	519600	533618	524309	
533855	528218	536000	541364	525091	
549800	553418	543055	552218	546673	
559327	560436	561309	565509	558273	
572400	569418	568582	587745	570873	
581691	582527	587018	584491	571927	
586964	588109	579909	595945	585818	
594291	599055	590491	594618	595400	
600891	602818	594018	614927	595527	
600855	605382	604982	611164	608145	
608873	616527	616018	620927	610145	
611800	614636	606909	615836	607818	
615564	624909	615291	627345	610982	
606945	612673	604709	620473	605709	
607545	614600	602091	614364	615236	
607818	618309	612400	617400	609836	
608364	612636	605345	622945	610927	
611618	610709	613491	621982	607400	
614273	621891	607909	617982	615382	
622073	624782	613491	629455	619600	
632564	631236	634582	641873	629545	
640909	648200	643236	649382	640545	
645218	644945	644382	660200	649145	
647818	653455	642055	656527	646182	
658236	656618	650709	658036	653145	
653000	650436	649709	662818	648382	
650582	659745	648382	656036	649655	
652000	647636	643418	659873	647545	
659655	653455	650800	660982	656164	
649527	660200	650436	663091	645709	
660564	658545	654055	660800	652400	
654055	663036	660291	669782	653055	
660145	663673	654800	663818	646582	
663091	663091	657818	660236	654018	
659000	656855	658091	668636	642364	
640364	650527	648836	646764	647091	
659745	665600	654509	661164	651727	
642691	648873	636727	658182	637564	
644709	642964	648236	652091	634491	
644164	652127	642236	655564	643236	
654236	648600	647327	656709	646364	
657273	653236	654836	663273	650945	
663309	657673	651636	664545	659000	
661291	663636	661491	662855	651218	
657455	667764	663636	661855	665509	
659382	658727	658545	658418	655800	
657945	665745	671836	673036	664236	
662727	672709	660982	673582	660018	
673618	678073	667309	682927	676927	
667582	678400	677527	682055	669327	
671836	681964	674182	678764	668036	
665327	678109	668455	678673	673527	
682927	685818	676564	691218	681600	
678309	687055	676873	685727	679127	
676745	672709	662582	687745	673309	
678800	682655	684527	697091	674582	
676564	683291	671982	683291	675145	
683709	674673	674091	681691	668455	
682564	693018	682236	690127	681782	
677473	679582	674455	688109	678164	
679255	685673	675691	678218	679636	
683345	686545	674182	687473	678345	
693236	694982	686509	700945	686455	
698655	689945	689018	709564	692836	
683255	684582	677982	696000	684255	
683618	693800	679164	693145	689491	
687200	684945	685545	682473	683618	
689291	685673	686600	696455	684709	
684491	698291	690764	703236	691218	
685945	700382	687655	695436	682800	
691636	697182	683564	699618	691182	
683800	686636	683345	695218	679364	
694291	697545	692873	706218	683764	
685309	691545	688345	696400	691309	
686236	688745	685036	693055	677655	
694109	693382	697236	705891	689291	
699800	696091	691400	703055	692273	
705982	705836	700673	707364	698327	
697727	699200	692455	707127	693655	
688836	697236	689618	696364	683436	
686182	697545	683982	700945	694109	
685000	687418	683618	697036	681600	
684582	690127	677436	693800	677473	
680545	679909	672527	680873	669818	
681145	669964	681091	685727	677982	
665982	675600	667255	676745	665018	
666745	669273	662582	675545	661673	
659964	668945	663909	672255	664364	
657218	664600	649982	667800	655891	
648873	654564	648691	663091	648600	
651945	650982	650491	666291	644200	
650018	653236	644382	654055	643473	
641691	657727	650800	659182	651309	
654509	660527	653182	666527	650400	
657218	659782	652818	661109	648927	
652636	653509	651818	659236	663218	
657364	657764	643236	652873	649473	
658036	653327	650855	656164	648291	
650345	650582	641600	658727	647455	
646000	653873	650291	658782	649382	
648382	650945	643200	654509	643145	
638200	648382	636273	653927	635909	
643564	644891	642836	649618	640455	
641818	638200	640309	649255	638018	
646273	636909	635582	637691	634491	
636455	635818	636327	646218	632109	
632927	633709	624364	641873	619782	
627164	633618	619818	634764	625964	
616655	624309	620600	631273	613400	
622582	611945	616945	624400	620509	
618036	614782	607855	625455	602364	
609745	610800	605745	623218	602727	
611164	614964	606127	617982	610382	
610345	614782	606436	615327	607945	
603182	609873	610836	616745	603182	
600491	600109	598691	602727	596218	
592927	596491	597000	610473	597873	
594109	593509	584073	602455	589127	
580236	585818	588527	596000	580691	
587745	582836	582200	582527	575273	
575836	579764	574691	579455	578855	
574818	572582	573255	584491	566473	
569000	565291	557364	566382	560891	
558091	561800	555200	570836	559964	
565709	555200	548382	564927	554236	
553509	556764	559291	563036	553745	
553000	557491	557182	557309	546364	
553055	556218	554200	562255	545764	
558055	554927	554473	561945	550709	
556345	552091	550436	550073	545582	
554291	552964	551218	555655	550800	
548691	541600	542836	555982	544945	
545164	545436	547818	551764	541509	
541782	543527	540182	542564	535545	
532618	531655	527345	537982	528673	
527891	535964	522345	534345	521927	
519145	524964	517491	529127	513873	
524273	527164	517527	528218	518127	
516527	518764	511491	525782	509564	
514055	519327	511018	523673	518673	
508545	516164	504709	521618	511527	
509782	514964	509600	514964	505382	
506582	512855	502364	517709	507909	
498836	506764	504836	502091	493527	
492291	492655	488564	501491	490764	
497873	500036	494018	504055	494709	
487236	485691	488527	498691	488527	
492055	493709	490945	494673	491964	
489709	494073	489709	495036	482564	
483345	487291	490727	492964	481564	
488709	491236	488345	493236	489855	
484855	483982	481655	489491	476055	
487982	479909	483109	485727	484164	
488473	482109	486364	487836	483073	
484455	483109	479455	489436	484582	
480000	481964	477527	486545	480000	
474418	484673	478127	487236	476055	
483764	483109	476018	479309	473764	
476655	479182	480273	480182	477527	
474091	475745	474273	478909	474818	
474909	478436	475145	480000	474455	
468636	478073	478255	476509	470200	
466073	476382	470691	471255	465927	
460836	463509	467345	475091	466891	
459745	464327	453055	465473	460564	
457691	457636	452873	462909	452036	
454473	453327	445164	457782	448109	
450800	456400	450255	451182	444109	
450127	448691	448691	453564	444255	
444891	446182	449800	452509	452455	
444200	440545	442927	448473	444618	
446000	445073	444855	444891	436418	
435091	435600	430327	435273	428618	
421291	426327	421745	424000	421291	
413182	419509	416345	420018	411800	
405291	405673	406309	413600	401582	
397782	395764	393164	395491	396545	
399855	403000	398018	405891	399073	
404018	401218	400673	404655	395491	
402909	408927	399527	406945	394982	
409327	407036	401218	408236	404055	
403745	401182	409109	408836	408145	
413182	407727	411345	415473	410073	
409145	405800	405073	408927	407273	
403655	411945	406636	412364	403145	
411164	401855	407182	419327	403200	
411036	410564	401491	413182	402964	
403200	406309	399527	413036	403655	
408509	407909	398291	411400	404255	
411073	407127	407491	408927	404109	
400436	405018	397145	402509	396364	
401182	397564	398055	403836	400527	
394800	403691	399382	405109	398236	
395455	406036	397927	404109	397327	
403145	398236	392745	397927	392055	
396091	399655	400400	401855	396509	
401036	404618	396545	407036	398055	
398564	400073	400491	413182	398382	
402091	400527	401218	402964	395164	
393109	398836	394255	396273	396364	
395545	396127	395491	397782	390727	
395909	396873	397691	397655	391782	
397691	396636	392873	402455	391818	
395636	397509	389127	395582	390582	
393345	398927	391055	398200	389345	
392236	394945	393164	392473	393800	
392691	396873	389400	395582	389709	
390964	393527	392927	402509	386655	
393836	393891	394709	394109	387564	
392873	396509	386600	392655	391455	
391600	388564	386655	392109	385327	
389709	385691	388345	390273	384400	
382527	385455	382527	386091	379000	
382709	387382	379364	387618	378436	
392382	386509	381655	392109	378491	
388618	382982	380455	396036	382927	
383127	389436	385455	391000	386055	
382709	385273	386473	393291	386836	
387564	387800	381145	392236	386564	
392418	389491	387055	391364	383527	
388164	389255	383709	388200	381109	
384855	381327	377473	385600	384218	
386273	384455	383018	388018	380545	
384127	389309	383764	386364	385000	
382709	382345	376564	386873	382745	
382618	381145	376436	384164	378818	
378309	379000	371564	380873	378436	
379182	374236	370891	374727	373945	
373182	372709	381145	381600	375782	
370236	374727	374509	374909	370382	
373673	374236	371436	376473	367491	
368400	369509	368545	373182	367764	
367218	367673	365709	372673	365236	
368309	367164	361855	372255	365618	
362455	362945	363691	370018	360891	
361527	366491	361491	366109	355855	
359709	358782	354200	362545	354345	
355982	362455	360655	363509	353836	
357273	357455	354055	357691	359509	
355164	355891	356255	358236	354927	
353145	351764	351036	362491	351582	
351400	352600	348200	350255	348745	
349855	352782	347509	350218	344164	
345364	347182	347145	354982	345164	
345400	342836	342745	346273	341600	
341636	346182	338764	344945	341964	
337382	341927	335236	345855	334127	
340000	346036	341455	342200	338982	
339582	343800	339727	344218	337655	
333891	341236	334127	344982	333218	
339909	338709	331236	338891	338800	
333400	335455	333582	334218	324782	
330455	328818	326618	330927	328673	
327164	331473	325382	334491	327291	
324145	324873	323491	327673	315982	
325200	320473	321073	324236	319236	
323582	325927	321382	325655	323945	
315982	319745	323309	322164	321709	
325145	319600	323818	330273	319927	
318509	324364	323218	327618	322127	
322891	318509	318455	324236	320745	
319873	321345	314745	322855	316491	
314418	326564	319927	322673	317218	
320745	319000	315982	324145	316018	
318000	317073	322709	320418	317309	
323218	320927	318600	325327	314509	
317036	316945	312455	319691	313964	
317945	320745	322073	321255	314509	
312218	315382	313964	319600	312909	
315345	313509	311764	317491	309982	
310436	313782	308055	313964	307818	
304255	310527	306455	309982	306273	
308182	305164	303200	311764	305709	
300727	308364	300673	307636	303018	
305673	304564	295636	306400	299345	
307455	304345	304982	304618	301182	
301400	299982	295818	304836	296727	
292745	300491	300164	300127	295182	
297182	297055	292109	296509	292564	
295182	296545	291782	297091	291091	
291636	295673	289400	294891	288891	
290909	291691	295273	295127	288291	
294673	295309	288382	297055	288345	
287055	297182	289127	293709	286873	
293291	295818	289400	296364	289073	
289727	289255	284909	293891	287436	
288891	290727	285273	291727	286927	
283709	281473	281473	286382	281836	
281655	282745	281109	282745	282109	
277073	284818	279782	286200	281200	
284091	282945	281745	283127	280091	
285036	288436	278727	284273	276982	
280055	281509	279782	280182	277945	
278127	277400	275655	279400	279000	
280600	280327	276255	281200	273855	
275655	277018	275145	279964	277073	
279455	282891	274909	277400	277527	
272909	279218	272582	278400	274782	
273309	279000	273727	277800	274418	
277400	276618	275418	278073	272491	
276927	279909	272673	278345	273636	
272909	272491	273091	277345	271473	
275655	271382	273218	279400	273400	
273218	270382	271764	274273	269836	
272582	273673	271709	271200	271618	
276564	270473	269327	274091	272345	
270145	274273	266673	272218	272218	
270709	270327	270891	273491	268509	
272164	269564	269782	271855	269745	
273309	270836	269364	274091	261073	
268509	271345	266891	268727	265564	
269873	263964	265382	268000	261673	
267036	268309	265655	267455	262727	
263455	264291	266491	270291	260073	
264418	262818	263364	268545	260200	
270800	265800	264873	272036	258600	
263964	263782	261818	262491	262455	
263545	261618	261309	264145	261036	
260673	260255	261527	263545	258782	
257873	260982	262636	260855	259527	
252964	260018	257455	259200	255945	
256073	253782	251218	252691	254836	
258236	247564	255400	250309	252418	
249109	249527	247327	251364	247782	
250073	248618	249982	253600	246873	
246455	245036	245218	247836	247291	
247655	246036	242745	244582	240127	
242473	244309	242509	241545	243891	
241327	242418	239309	240782	236418	
242691	242509	242745	242745	237891	
238618	239164	240182	239491	236927	
236291	239400	237291	241509	235636	
236600	235782	237018	238800	236782	
235055	233218	234036	237709	234764	
236473	239855	236473	234909	234036	
232655	234309	232073	231200	227800	
232073	232800	229636	230364	230182	
226800	236473	228491	233309	233218	
227945	226200	228455	226800	225055	
225745	224782	220618	226891	225873	
219873	224182	222164	224182	217727	
218691	222345	220018	222491	223964	
220891	219055	219000	221018	219327	
217909	219145	217491	218600	216891	
213691	215473	215436	215618	216855	
212218	213545	214291	215109	214509	
215655	213727	209800	213509	213600	
211073	209055	213964	212673	212782	
207818	209655	210945	212582	206400	
210491	207545	206218	208873	205400	
205982	205582	205764	206273	205673	
201964	207964	202509	203236	202000	
204527	203800	207964	207600	202327	
207182	201491	206182	207818	203927	
207691	204109	207782	205891	205800	
206091	203145	201691	205036	201545	
200127	200764	202600	204891	197691	
204073	205255	203418	207364	202327	
203018	204836	198291	202509	199764	
200455	202418	197291	205582	201309	
204018	200636	203382	203055	198655	
200400	201545	201182	201036	202055	
201636	200491	204436	203836	202418	
202782	202873	204345	205345	198655	
202055	198255	199891	201400	200909	
199709	200036	196545	199673	197291	
195218	196727	196273	198745	193745	
193745	194618	192473	197509	194855	
186873	187927	188582	189073	190782	
181382	186927	183255	186382	183855	
179418	179091	178182	180836	179182	
173400	180836	176927	177164	175055	
174418	173727	178182	179218	176345	
178491	180091	176109	176109	177764	
184455	179691	180600	183255	177527	
180782	180927	185055	182073	182073	
185145	183436	184673	185182	184036	
184273	186836	185145	183818	184127	
187382	186200	183709	186564	184909	
184873	185964	185418	187109	184545	
184218	185145	186655	185782	185236	
183764	187836	185273	191273	180745	
183218	185964	186873	186836	183618	
183127	185273	185236	188018	179873	
183527	185545	182345	185000	186382	
183036	186145	181927	184273	181236	
182527	187836	181800	182527	183218	
184636	182800	182164	183218	181236	
182473	182982	181418	183818	181109	
176255	182109	177309	182473	181618	
180327	181800	182255	184400	180055	
178036	177673	177764	182618	181055	
178182	176345	175200	176655	176564	
178400	176164	173273	171709	173400	
177582	176291	175782	177018	171891	
175564	177491	173036	172582	173873	
175873	176891	173909	177709	174182	
177982	177073	174182	176018	171473	
171582	176255	174055	173636	171945	
170982	169509	168364	169145	172073	
171527	175055	170291	173636	168873	
171255	172945	168036	172164	169927	
171109	170200	167636	168727	169145	
169182	170436	172727	170745	169564	
173364	168418	170055	168509	167309	
167127	169000	166073	171291	164236	
165891	167036	166764	170109	166436	
167491	169509	164927	166582	165291	
165527	161436	163964	169509	164982	
167491	166764	164018	166800	162000	
164200	165891	163600	169055	163509	
161036	164691	162818	165800	159745	
165018	158964	162273	163182	163000	
161309	165291	167673	165382	158927	
163182	161727	161345	163055	163364	
161345	161673	157418	164236	163782	
154745	160436	159655	160436	161073	
158000	159564	160764	161582	158564	
158564	158873	159345	160855	160491	
158200	159655	160109	160618	160491	
160400	159291	161727	156545	158782	
158473	159473	157545	159200	160436	
160400	158873	159018	157236	160945	
159745	160527	159018	161636	157600	
158655	158473	157600	160291	155764	
159291	159473	157364	159291	158091	
154564	156636	155764	159982	159655	
157727	158418	158236	157236	158000	
157600	159345	154018	162455	158327	
156127	156855	154855	157327	159055	
158000	157455	156400	157545	152655	
155073	159891	157055	160164	156182	
156491	152873	156636	156764	155073	
154018	155709	151964	158836	156036	
158964	157691	156582	156455	156036	
157455	153800	157182	161636	156673	
154709	158000	154291	154855	153982	
155582	154618	158782	156818	155800	
159382	156400	156545	156127	154345	
154618	158927	153709	158873	154255	
155527	154891	156764	153655	152273	
153145	152964	155855	156673	153509	
152836	155491	154073	158600	155164	
156400	154891	153600	157782	156364	
156855	155073	158509	157691	155309	
154945	155255	156182	154345	155127	
154473	153109	155909	155764	156945	
155400	156727	156309	156182	155855	
155800	156273	156818	161255	156909	
155764	157091	153473	155709	154527	
154527	154618	155800	158473	151509	
153655	153891	157782	156582	156364	
153291	155527	155945	156091	155255	
157091	157418	153291	162091	154345	
154109	156182	150582	155218	156727	
154255	156945	154436	155945	156400	
159382	158873	154382	157545	157909	
157636	157055	160527	156400	153236	
157182	156945	157091	159382	155527	
154745	154527	155764	158691	155164	
147418	153709	153473	155400	149764	
147600	146782	144527	149345	146873	
142891	142109	142745	145545	142982	
139073	140782	140127	141836	140818	
142891	143800	143473	144855	143473	
146273	145127	146364	145764	145909	
148018	149073	145218	148345	147745	
151455	150036	148164	153145	148291	
153291	150582	152927	153927	148200	
154855	153927	150818	154255	151182	
158655	155673	155491	158745	153891	
158509	154618	156909	158836	155909	
159473	164291	158200	162273	161127	
165255	166218	159927	165564	161255	
168691	165382	163745	169509	167673	
169691	170200	170382	172127	166309	
174727	173636	172582	175291	173000	
174691	176164	175327	178455	177527	
180236	181236	180873	180000	178764	
183673	183309	181018	183909	185273	
185091	184909	185364	187436	179273	
185509	183855	186655	188164	185455	
188527	190000	189582	188855	186927	
188436	190873	189582	194945	190091	
193945	194036	192055	198527	191964	
199291	198200	194309	203236	192200	
200345	199527	201182	205345	198564	
199109	204618	201909	202091	202509	
207036	206127	210618	212673	205400	
216309	212400	216345	213182	213364	
218782	220236	219782	222218	217636	
220618	221855	227709	224909	225473	
234273	231891	233127	230273	231927	
233764	238255	232527	236382	233673	
234455	237255	232618	240309	231509	
240091	240182	242327	243527	237291	
244945	246182	241873	243164	243891	
250400	246727	248982	248836	246818	
249491	251909	249618	250727	247964	
250673	254709	252236	256727	252145	
252836	256545	253418	260255	256036	
256909	261309	261527	258600	259527	
263418	261945	266345	265382	262182	
262764	267455	258327	261818	261073	
269145	270236	270927	276745	266109	
274782	278491	273636	274000	272909	
279491	280145	274818	278673	272255	
285236	287982	280927	284727	286600	
287564	286873	288709	289818	284036	
293745	292564	292473	294618	288382	
300818	295127	295073	298836	294891	
304982	305127	302636	307509	298327	
307036	309236	305436	310164	302691	
316164	315291	311909	313727	313145	
317818	321891	314782	323091	317764	
328855	324909	322491	328491	323945	
329455	333945	331327	328073	324964	
333982	329873	327764	336564	336745	
334673	340218	335600	339618	337200	
342382	342873	339945	346509	332745	
346091	344945	343891	349473	344345	
353055	352727	352727	353200	345127	
354436	360436	353418	358655	353873	
365382	362036	357964	360527	357782	
363364	369236	367855	370745	364055	
371382	368309	369000	369055	369782	
366436	374873	366982	375745	372255	
374636	379000	378164	387109	374364	
380273	380091	379036	383073	378855	
379727	387618	378400	390309	378636	
394673	390182	388982	397964	388709	
391455	394018	391727	402145	391873	
402691	400673	402273	405436	399709	
404891	403873	401036	412309	402691	
406436	407273	408418	411618	401945	
416109	416073	408509	414291	412855	
422673	417255	416200	419927	409836	
427800	426800	423218	427255	419000	
421473	426927	421927	422800	419455	
426200	430818	427945	431200	428818	
435364	437418	433582	443800	430236	
440000	430873	427618	438164	434855	
444109	442964	439909	445855	439800	
445255	440400	437600	445400	443709	
448291	445636	444400	448018	443618	
452873	450582	452418	454327	449382	
464236	454927	453564	461309	450582	
458509	456218	458782	462127	458636	
467727	460073	460109	463909	461527	
460527	463036	458836	467345	458927	
457582	456818	448564	459055	450073	
449527	446600	442236	448982	444436	
435909	439527	434945	439218	435545	
423945	426145	425273	430727	425236	
419327	419691	420327	422018	417345	
410255	413545	415018	415473	409600	
406764	412364	408927	408327	408745	
405491	404145	404527	410618	408782	
401218	402873	407036	404982	398473	
404055	400582	398509	403927	404891	
404836	410800	409236	402600	403782	
411164	411673	406164	406818	399655	
415200	421745	414327	420873	414836	
434582	431382	434582	435182	424873	
458091	452418	454327	461164	454382	
473255	472218	473636	472400	463455	
495855	503236	492418	503473	493564	
512636	506164	505382	514000	504836	
522309	522527	523855	524727	519182	
524636	533255	531091	530818	529000	
531382	536000	534127	531327	527109	
521164	527200	518673	529545	517345	
522945	516764	515291	530036	514273	
515655	519364	513691	518636	515564	
503655	512164	516945	515709	506909	
516073	511982	513964	511673	507273	
515473	518400	517345	520382	514836	
527891	522255	520964	525418	518636	
537473	533345	532527	535000	529364	
535309	541964	533800	543436	530691	
545527	543709	536600	546091	542327	
557727	554709	549745	553745	550436	
571982	561109	566527	570382	564418	
570473	571527	566709	564182	561527	
563218	572527	561945	578218	569182	
577891	577527	566345	583582	569509	
581418	579091	576236	584255	583345	
593200	594673	589400	599564	590727	
593927	590764	586636	593800	587982	
598927	594018	590855	600164	593564	
599836	601491	595709	608636	610564	
616436	618036	615145	619327	615836	
629764	620055	618309	625873	621109	
630127	632291	625927	637291	628527	
643236	642273	635818	644073	636909	
645618	642600	643473	653327	642836	
659600	656764	656127	658873	649255	
669327	675636	670000	677164	672945	
696000	686964	688473	698291	687564	
706218	701491	698564	706436	707364	
724182	726145	722800	725364	723582	
735182	738055	733345	741218	735491	
749564	750436	749655	752964	751764	
765927	760236	755927	770927	768036	
778291	776745	788473	788745	773709	
790218	791364	783473	798145	779818	
799382	789436	787927	790309	785491	
800345	794164	792055	807636	801255	
804927	797218	798473	808818	798091	
803509	807218	803455	811382	803509	
808273	823164	812618	818673	807945	
814873	817255	816291	823345	809236	
825545	823164	817255	820745	818400	
836455	823164	830091	832055	829818	
842691	840436	842418	846636	837273	
850018	854564	843873	861200	846127	
853873	852309	843691	857855	852182	
859600	862982	861655	858727	861255	
863036	865291	861018	860291	856400	
853236	858782	852273	865655	852818	
867982	868673	861618	869545	858218	
872564	874909	870782	880873	870509	
885945	882873	881145	888836	882927	
893745	890345	893000	899691	886909	
909636	894891	899800	897218	891818	
904091	891582	894200	903418	897545	
908400	902764	892727	904000	893873	
909964	906109	911291	917527	900745	
918818	900255	905800	915655	904291	
917473	920727	911655	923855	915836	
927564	923855	916927	924727	920236	
939164	934109	930764	934491	929673	
945073	939836	933255	942964	938600	
949473	952764	954873	952127	945618	
948836	952818	951309	953000	945345	
960473	956673	949655	953909	953691	
956982	962982	951982	967473	962527	
960418	951491	956164	958273	949655	
966745	962527	957073	959091	959782	
965964	973345	961073	974255	963127	
965455	972145	973073	981964	957764	
975455	974582	968436	971055	966291	
981000	968036	965145	986182	972145	
976091	971782	976418	980091	968582	
977291	979855	980582	991764	973200	
981509	988236	974491	979855	971236	
983927	974636	981636	984945	970818	
985818	977836	978709	987000	980364	
985255	980909	985727	980764	983982	
991073	974855	981273	982382	980727	
981182	981273	978255	987418	977691	
987182	982509	986873	992364	974945	
979218	980364	976964	980364	977055	
977018	979800	988055	987509	982782	
980036	976691	981000	980364	977891	
978564	979709	974636	978564	978018	
978618	971873	973164	976836	977836	
984164	972291	979855	972655	966982	
982327	983655	982473	982745	978073	
983927	989800	980218	985764	985345	
973855	988018	980218	992091	982655	
983436	983345	978382	986545	971564	
981691	981273	978073	983382	977145	
982600	979345	983982	984109	982600	
983055	979582	981091	992600	992909	
985436	980673	984018	988691	984709	
990582	983109	979345	989473	983382	
986964	982200	979945	991582	979764	
980636	975636	982055	988291	977600	
983891	975364	977509	980309	983618	
979855	977200	975127	975909	972145	
979764	969545	975909	981236	975727	
974218	966327	964455	977600	972145	
975818	971382	970636	977418	974036	
971655	960327	957127	961618	958309	
968909	958491	968855	972527	963491	
968036	963673	960327	973436	956855	
972709	963364	961745	971291	958636	
955527	949564	952855	948836	946764	
948327	941818	942236	947491	941909	
931636	923764	919764	933891	930673	
858400	860018	851164	862036	855291	
750764	744982	744564	746400	738236	
597364	595127	597055	602909	599291	
467255	465836	467436	467764	464327	
377436	372764	376200	377855	372673	
318182	316255	319055	320927	312218	
309109	301727	306545	307909	306945	
345945	340273	341418	342327	338945	
396509	403473	395036	404255	403200	
436364	438345	437473	436091	435182	
452091	446182	444291	448891	450491	
439491	435000	437473	442564	438345	
437109	434164	433582	432836	434818	
428764	432345	434073	433891	426982	
437709	437382	429727	434073	436091	
445345	448564	445127	447418	445400	
467764	466436	463182	470655	462764	
497182	497091	493836	496691	500527	
533255	529636	525182	533164	529673	
568036	563309	562673	570382	561309	
594709	593564	599618	607000	594709	
629273	629455	630000	632564	626418	
662582	661618	656345	664927	656400	
698418	694745	696582	691400	694345	
728891	727382	720455	724309	720327	
759273	759473	753145	761945	759273	
779127	788291	772527	775091	776964	
807818	805655	805891	804382	802491	
811800	808873	813818	823945	808091	
829400	831327	826000	831327	831455	
837364	831782	831545	839436	831509	
832782	835455	835164	840855	835036	
837509	839291	837836	841491	837782	
836127	840818	850800	840818	830964	
847218	848000	840673	846073	836418	
849564	847309	847636	856436	851127	
852309	843382	848564	850855	844618	
840618	843109	839164	842000	844527	
856800	851800	839945	842545	843418	
848782	843782	839673	840709	846945	
844927	837473	839473	838745	838927	
834945	840709	838745	837327	830636	
835127	846545	838055	837745	832418	
837745	837964	838291	845709	830036	
835818	843145	835127	835909	833164	
835073	829255	827436	830091	826964	
829345	829673	816527	833564	821418	
825509	821691	820455	830218	817582	
819491	823345	814182	822745	817855	
814327	812400	816618	813091	810709	
812309	817436	814418	820782	814545	
818855	813636	814545	818400	814909	
818127	813036	814964	817109	815564	
820182	817345	822382	821236	818818	
815655	816527	813764	826236	809545	
805200	819309	814964	813036	803418	
814455	804964	816055	814873	809182	
802273	798145	800564	804055	794382	
796855	795709	796036	799509	790673	
800291	805564	793200	808218	799618	
794164	792873	791673	803364	799018	
797036	791909	794164	793745	801073	
798364	791364	791818	794291	795073	
795764	796727	788291	801127	789255	
791218	788745	786127	790345	792182	
798600	793382	789200	801218	793600	
786873	786600	782291	789709	786327	
784855	780545	781418	797691	780273	
785764	785218	782291	788236	785818	
788436	779218	769691	785455	785273	
793691	782655	789618	790036	781455	
792418	786600	785364	792818	778382	
788927	783473	793691	791582	785364	
777836	781600	782145	785491	777018	
782109	782418	778673	784164	778018	
780873	776564	770509	778764	770000	
776000	768455	771200	770091	767891	
773800	761855	766927	766800	770091	
769455	780582	764273	770927	773436	
779218	769273	761982	772618	771018	
763182	764873	761945	764418	762073	
766055	772473	771200	772945	770182	
772855	766891	767018	771745	764691	
768945	761291	760927	770509	758818	
761709	761527	762818	765473	757909	
759745	759418	757855	755436	753509	
751491	748836	751764	753455	752182	
752873	748964	751582	752673	744745	
741364	741582	736545	746545	739618	
739673	741873	734436	735764	738527	
730273	731836	725364	735273	725055	
739709	723709	727473	726836	734436	
727836	732382	724182	734255	720273	
721055	715145	717309	716709	713127	
720964	715473	713036	709473	711109	
712218	709509	707855	703545	703727	
706764	705836	702127	709782	700582	
711018	710800	710200	714145	713273	
700382	698055	700255	697091	703182	
698964	698145	701127	693836	696309	
694291	694345	689200	704291	685036	
696091	690945	691273	698600	692509	
691036	688018	687509	691782	692091	
696818	693018	691727	699473	680818	
688709	683527	688200	690345	690945	
679764	671327	680873	681273	678255	
683291	684945	682564	689709	675273	
677927	672673	674909	680964	673818	
678891	680418	679855	679491	686327	
682745	676109	673764	681564	675600	
671109	673400	673400	673727	669545	
676109	665927	673345	676655	675182	
676600	672618	672527	674364	667309	
665200	666382	663636	667673	661673	
655018	658909	656036	664782	659782	
654327	664836	657491	659000	659873	
649200	645400	650855	652127	647818	
655709	649655	657491	656855	644618	
649436	641400	647182	647273	650436	
651309	643109	647873	654655	649745	
656491	650073	657036	650582	646309	
657764	649800	645127	650345	649382	
651764	655982	655945	659564	656218	
642182	637473	643745	650018	643800	
645073	637927	650673	646545	643927	
634618	633073	627564	634073	624673	
640945	636691	640764	634400	634127	
625691	623764	624545	628127	618909	
630036	626691	618455	624273	626745	
613455	619691	622382	617582	615600	
613727	612491	609927	611436	610200	
616073	613000	611491	612855	620600	
614545	613691	602273	613218	614545	
606764	611291	604600	606436	606491	
610473	616436	613273	615745	610436	
605109	604745	598873	599200	597182	
595345	596400	596182	593382	590400	
594164	593236	595527	599255	598564	
597873	595255	598145	597964	595255	
591091	589018	586727	595400	593927	
590909	593745	585218	593145	584618	
585545	583709	584945	585873	585727	
573673	575509	576200	583018	573855	
588473	582564	573764	585491	587873	
591964	585673	582327	587055	583018	
588382	578527	582800	583982	583673	
584491	591909	577436	591909	589255	
591418	585091	584218	583255	586727	
577800	583473	572400	580727	578255	
577709	570836	574182	573255	573436	
574273	572945	573127	572709	573036	
563818	560745	562764	566073	570418	
563782	562073	559382	560345	563545	
562582	560927	560891	565327	561345	
559418	550582	552873	556255	552691	
557218	558055	551727	554709	555709	
537509	538382	537382	539582	539709	
541909	542964	544473	545218	536455	
545909	537200	534491	536836	536455	
537982	536600	533709	537782	537382	
543018	533527	531927	542782	537891	
527855	521345	521382	528436	519509	
520600	524000	522345	525182	517436	
525364	518909	519273	520745	512491	
513218	514745	511491	510564	517527	
508691	510655	506909	509055	509327	
509018	498327	503745	507818	502455	
495400	495527	498382	492091	490945	
494382	481873	487745	496909	486927	
473636	471836	471473	481109	478345	
468000	462455	462309	465418	456309	
453091	454382	450309	453600	448382	
445127	448291	448418	451364	442873	
430964	431109	429727	432382	433436	
424691	429964	422164	428436	420291	
415382	417073	409982	420782	411982	
411127	411945	410945	409564	408236	
400618	406164	405200	406582	406036	
394218	396091	393291	400582	395364	
395636	390491	387055	388255	389218	
386600	384582	387291	389764	380873	
392509	388164	395164	393109	382927	
388018	387564	387018	389618	390636	
387200	385545	388291	390364	385182	
375418	380000	372073	382564	378436	
381200	379000	376109	380364	377673	
390000	390218	386182	389582	390364	
391509	387982	389527	394800	388527	
386055	388527	383491	385000	382200	
394218	384855	385364	385873	382891	
387473	386364	386655	384764	382200	
399945	392691	394073	402727	402782	
406073	408836	413364	408636	404709	
421255	416982	416200	418582	415655	
420382	419091	418782	419600	423491	
416800	414055	407036	413182	408418	
410018	409418	412855	415200	411891	
394945	393927	396309	392473	396545	
373036	380236	380236	379127	376200	
350764	349291	351273	348200	344982	
334036	336600	330836	335636	331891	
340091	342564	337018	343800	335909	
360073	351400	358455	354055	351218	
370291	370927	366709	369545	368273	
378036	377582	375600	381327	372945	
387236	388345	386836	389164	387382	
392745	393982	391509	390309	389218	
392927	391909	393800	399291	394400	
395945	395255	388673	392291	389527	
399618	392509	393564	397055	390964	
393982	395545	392291	396782	392018	
398291	398055	402055	402636	398600	
399200	396218	402091	395036	397836	
390273	385127	388800	392382	384491	
376327	375418	382473	378255	376109	
366982	372073	366255	372164	372345	
369782	370418	368545	370782	369327	
367036	366855	366855	370382	368091	
365345	368364	358545	367036	365018	
363327	356255	361164	362545	355400	
357455	356945	357091	361582	353327	
364509	364927	365655	366109	359600	
365345	359200	362036	365291	361673	
365800	357509	365345	362582	364236	
365145	363364	360945	365655	361255	
365618	362400	360109	368036	364091	
365655	363273	363000	367345	364927	
360018	358964	360382	359145	361945	
360073	357091	360655	357545	356818	
357636	358364	355709	359800	355400	
355309	355800	354473	358873	355891	
354382	354836	354345	357909	355109	
356545	358927	352600	357273	357600	
352509	352145	353564	354382	347236	
350309	350673	354745	355582	353836	
357727	354345	350073	358145	350618	
363691	358782	360018	364000	360291	
362400	362855	355491	358455	357782	
363964	360745	364836	364691	361218	
359200	361036	359836	360164	363509	
364564	366527	363636	361436	362182	
364145	358455	360945	363818	365291	
362491	359418	362673	363273	360436	
368873	358273	365891	366582	361709	
364200	365109	365800	362182	360018	
363545	364927	361436	362273	364836	
360800	361709	361491	366855	363273	
360255	363182	367945	367309	359382	
358455	357873	357727	359600	362582	
359600	358145	355200	364473	361764	
359291	356855	360527	358273	357091	
357636	357091	354527	359109	360891	
357727	360473	358545	357127	356855	
361800	353964	356945	359055	363327	
364382	360164	357600	357818	358873	
358091	354109	356309	360073	356364	
358273	358364	356255	359018	356855	
352909	354473	350400	361673	355200	
353745	352418	355982	354564	348473	
353200	352182	355400	353145	353109	
357400	357036	356764	354436	350400	
349618	353236	355018	353018	351091	
349382	353564	350909	352418	353745	
350818	346309	347091	350036	350400	
344582	345818	347418	350255	348564	
347964	345127	348836	345491	347236	
341600	339945	338982	341818	343164	
346091	338527	340127	342109	346036	
344582	339491	335964	339345	340455	
345400	339909	341873	337055	337327	
339673	341727	340127	339164	343982	
347418	341364	340400	343473	346727	
345455	341545	342291	342691	342655	
336600	344891	344673	345364	341873	
345818	336473	344436	341818	340127	
336564	335273	337145	339764	332836	
334545	337291	333982	340727	334491	
333582	331891	336745	337236	334727	
331145	341455	333255	336473	337655	
329818	329727	329691	335418	332291	
332982	330236	326473	334855	324782	
329309	329873	325291	333400	329636	
332200	326800	329218	332200	326564	
327982	324145	322255	326709	325473	
321527	321200	317164	321291	319927	
310291	310018	309982	307182	305709	
305618	306909	305073	306273	306673	
307873	306073	302000	307127	305982	
313000	308509	307964	313182	310382	
310345	313000	308509	303782	303655	
308927	304473	306309	307636	311582	
310345	306127	308964	310655	304382	
304436	300491	310109	308473	307873	
306727	309145	307418	312582	305764	
310164	302055	303109	307309	305164	
306400	310527	305582	306218	302145	
307418	304836	306818	306636	305345	
297564	299982	298927	302418	299018	
290818	289673	288255	292564	291273	
281473	278945	278036	278036	275382	
264382	262873	267164	266309	268182	
264418	268545	266400	269055	270145	
271382	268309	270709	269055	269655	
273636	277982	276473	275418	273964	
279873	278218	279218	281982	279818	
285236	286327	280418	284182	280364	
282164	280455	285418	286091	281691	
285636	287291	286091	284545	288255	
286091	289945	287709	286382	284000	
292782	288764	287055	290455	284273	
285327	289164	287564	290455	288582	
291182	290000	287709	286745	288018	
287982	288345	287836	290364	291327	
290218	288673	288764	288800	287618	
288345	288709	287800	291509	286836	
289400	284727	286291	286291	289255	
283891	286509	287927	287891	288618	
287709	285509	283945	286418	285236	
287345	284000	282655	288582	276800	
281473	281109	285145	284400	277945	
279691	280364	278491	279218	282018	
283618	277891	275655	282618	277764	
278218	278673	276345	276564	280000	
277109	275600	275509	280273	279909	
277109	276200	277855	277109	273764	
274818	274273	277709	279636	274091	
281291	273673	274182	273364	274691	
274273	273855	276745	273364	274455	
272800	271345	271018	274509	274873	
277764	267491	275000	272709	272345	
272400	272400	275600	277855	272400	
271436	266982	267764	269745	271800	
269836	268000	270327	266345	269455	
265891	268545	263927	269418	265200	
269182	260382	264600	264018	260164	
260673	265891	263636	263727	259291	
263273	260073	264745	258236	261818	
251873	250491	248800	252782	251782	
247873	243800	248618	245400	244945	
235600	239818	239345	239400	233909	
232527	232564	232982	234855	229273	
233436	235964	236200	237345	239764	
238018	239164	238018	237745	241273	
240127	244436	239945	242200	239309	
241327	240491	236600	241145	242509	
247055	245218	240964	242600	240909	
242745	245091	237891	244673	239764	
244764	240818	242382	242236	243073	
246091	241455	240127	244436	238891	
242018	242509	238982	242382	241782	
242291	240091	238527	243745	239400	
248018	240400	241273	241273	240964	
246636	242655	243891	241455	239673	
243291	240491	244618	244309	241327	
238200	246273	241273	241782	239945	
242745	236055	239127	242473	235000	
238945	238982	237109	238109	235964	
236782	239818	233036	230964	235600	
236836	236655	235600	232382	238527	
236327	235509	235545	238764	237018	
232527	235964	232200	235145	235727	
233309	233218	232855	234273	235455	
236145	235455	230691	231800	229600	
231509	227582	227109	228909	231982	
222727	228255	231800	230564	226655	
232291	229964	227800	229636	230509	
227255	224636	228855	229600	228164	
229218	225782	226709	224782	222855	
225564	222582	220145	223873	225145	
226018	221436	222764	221764	219745	
225927	222764	223309	224509	224327	
223400	219000	222855	218545	220109	
221473	219000	221018	222073	218273	
219473	219782	215291	221618	215564	
217582	219055	218036	216800	215436	
216709	214836	221073	218636	215800	
218727	215709	216436	214200	217073	
217400	214055	215891	214509	212673	
215382	215382	210582	213364	213182	
213455	212091	215709	213873	214927	
211073	211527	211909	209836	211073	
209145	209836	212309	211036	209436	
209800	212964	208473	209891	207964	
213927	209618	207818	209527	209145	
206545	204655	210291	209109	201873	
205164	204018	204745	204345	206818	
201636	204709	207145	204945	201964	
203236	203982	201909	202455	199018	
201273	200309	203509	199891	201727	
202964	199855	202091	201491	199527	
202364	198709	198709	198200	197782	
204018	197291	196691	203018	195545	
198655	203145	198200	199673	199200	
197873	198018	193745	199400	197291	
198800	196327	197655	197691	197927	
197055	196964	194309	195945	195945	
192836	191927	190909	194709	194909	
194618	191182	193200	195309	195455	
192236	195036	193291	194909	194036	
192600	194127	190545	190873	193527	
192200	191145	192291	189164	194582	
188982	187891	190964	192382	191000	
191964	186782	189909	190127	190636	
189127	184400	187200	187255	186109	
186927	188618	186109	185327	185091	
185000	182073	184036	185691	183164	
185327	182473	184182	184273	181655	
183127	182382	181382	182200	177255	
182345	178073	181473	181800	182018	
181800	180273	177255	179182	180600	
179909	180182	175873	178273	179273	
181382	181145	177309	176436	175873	
174691	178727	175291	174691	180000	
177582	174000	178455	177764	175145	
176018	175200	175982	177218	176073	
174727	176800	177582	177673	176073	
174364	175509	173673	175927	175564	
171764	171200	172400	172764	170473	
174000	168909	174000	174000	171709	
174055	173182	174418	175382	171800	
170655	172527	171255	174055	169055	
171582	170982	171527	171709	171255	
172036	169927	167855	173636	169927	
166982	170800	167455	169927	169236	
165564	167309	166309	169691	164982	
166527	167364	163600	166855	166255	
165527	165655	163545	163182	163327	
158327	159018	161255	165800	160491	
157455	160436	160800	162964	159382	
159655	159255	158927	160709	160400	
157509	158564	159982	159473	158655	
160582	159055	157273	158382	157000	
152364	156491	154291	155491	157600	
154618	153600	148745	151509	153836	
150673	151273	150218	151455	150036	
148018	147473	144764	147109	147055	
144618	145218	146909	147291	146418	
141782	141182	143764	142145	143382	
142655	140600	144945	142200	139764	
137382	136382	137164	138127	140818	
137436	136691	136055	134873	135927	
136745	137018	133036	137436	135509	
137800	131709	133073	135964	132800	
130782	131145	132945	134782	130927	
131927	132164	135182	132764	135545	
132109	130927	128855	130927	132291	
129873	127527	124509	126618	124545	
123491	122945	120345	121673	122400	
121491	122582	120436	123091	123818	
123782	122545	122491	124364	120836	
123036	123273	124273	124745	123400	
122218	123127	122727	125236	123691	
119382	121018	122945	121018	119291	
123127	121400	119782	121109	122400	
121618	124600	121527	119200	120982	
122818	121109	119964	118636	120618	
121109	119564	120291	119055	120745	
118600	120527	121109	122436	119745	
121018	119600	121673	122764	118818	
121764	121673	121709	121527	122073	
121527	122491	118545	125109	121345	
125782	123455	124091	127709	124873	
128036	127255	128636	128218	130509	
128945	128727	129727	127709	129600	
133164	130927	129509	129327	132164	
130055	131527	131927	130927	131436	
136200	133127	134818	135145	133818	
134309	133636	137436	132382	135000	
134309	134455	133945	136600	132709	
132109	134909	129909	134400	132982	
131745	130382	131382	133818	133727	
134000	132255	133036	131145	133436	
129818	131145	126345	130964	131836	
129364	128273	127255	128491	126564	
127891	128491	126709	128309	124691	
123582	123727	124873	125109	124509	
121982	123873	123964	125891	120236	
119782	119200	122164	123691	119509	
119836	117091	119509	118509	120018	
121582	116309	116400	119964	115382	
119782	119055	121436	119200	119600	
116800	114982	119418	117545	114018	
116527	115655	115436	114055	114109	
114145	116709	113836	114891	114709	
115655	112600	111255	115164	113782	
111855	114509	112309	113182	113600	
115655	112182	112400	113745	111164	
115255	110891	113236	114382	114145	
114982	115436	114836	114236	113600	
114109	116127	114473	115855	114418	
114655	114891	113964	115255	115255	
114745	114836	113182	117455	112964	
115800	115018	114709	113364	115073	
116945	113600	114145	115655	113418	
113509	112400	111491	112727	114927	
110673	109109	109473	109200	111218	
109800	109109	108564	108927	106764	
106273	108200	109200	107909	108836	
109891	111582	109927	109055	109291	
110618	109891	109436	109982	111909	
113509	110891	108236	111400	109109	
108327	108418	109891	109527	107636	
105345	105582	108109	106000	106182	
102145	105073	103055	104855	105036	
103800	103982	103564	106309	103891	
106400	104382	104891	106727	106764	
105309	107545	107636	109018	107600	
106727	105764	103709	106127	104764	
106127	106673	104945	108055	104200	
103745	103291	105036	104764	104618	
102782	101691	103109	103564	104436	
104709	103055	103200	104709	103382	
102364	105036	103891	101727	101691	
102364	104764	103509	103236	104345	
106582	104255	106036	106000	104164	
105818	105345	106455	104291	105709	
106582	101909	104473	105764	105491	
107364	107236	108000	108055	105527	
108109	107273	107455	108600	108782	
110764	109200	108745	105764	107236	
109891	109473	108382	109255	111309	
109655	113273	113000	110800	108655	
109655	109891	106964	108109	108564	
109109	105673	107873	107455	106818	
108600	108382	108145	105673	108873	
109382	106964	106673	106309	108236	
107691	107964	109291	107818	107091	
109709	107455	107091	105164	105764	
107055	106000	106273	106673	105527	
104255	105673	105218	105909	104018	
102873	103618	104655	102836	103327	
104891	102564	103836	103836	103382	
103618	102091	102364	103891	103291	
99618.2	100164	101964	100455	103618	
100855	102327	102473	102691	99854.5	
102182	100727	100909	102000	100127	
99345.5	98472.7	100491	100400	99800	
100636	100636	99672.7	100218	98745.5	
100036	100855	98436.4	99981.8	101727	
97781.8	98981.8	97872.7	97327.3	97381.8	
97927.3	99018.2	97200	99218.2	96145.5	
100455	99163.6	98527.3	99490.9	98654.5	
98527.3	98890.9	100218	99218.2	99218.2	
97745.5	97781.8	98072.7	98745.5	97054.5	
96181.8	94672.7	95672.7	94581.8	96145.5	
95127.3	94218.2	92927.3	93763.6	93709.1	
93290.9	92654.5	94072.7	94163.6	93854.5	
93709.1	92145.5	90600	92381.8	93109.1	
90727.3	89672.7	89090.9	87927.3	90418.2	
90872.7	88309.1	89181.8	88436.4	89763.6	
85418.2	86690.9	86509.1	86472.7	86781.8	
85690.9	83636.4	83127.3	85090.9	84690.9	
83036.4	82436.4	81472.7	84490.9	83218.2	
80200	81018.2	81290.9	82345.5	81381.8	
78854.5	77945.5	79600	80781.8	76945.5	
78454.5	78454.5	78909.1	77854.5	77945.5	
76381.8	74781.8	76109.1	73872.7	76436.4	
75145.5	75745.5	75472.7	75054.5	74054.5	
73000	73509.1	73818.2	72036.4	72581.8	
70836.4	70472.7	70563.6	71709.1	70890.9	
70109.1	70018.2	67309.1	70890.9	68818.2	
66400	65345.5	67181.8	67454.5	68181.8	
66072.7	67545.5	66036.4	66581.8	67181.8	
64145.5	65527.3	64381.8	64054.5	64618.2	
63745.5	62000	64509.1	64800	63363.6	
62454.5	61763.6	62781.8	62363.6	61727.3	
61581.8	61072.7	60890.9	61763.6	62127.3	
69872.7	69509.1	70018.2	65618.2	66672.7	
59654.5	59709.1	59109.1	58236.4	57418.2	
59254.5	59290.9	58381.8	60072.7	59800	
58781.8	57818.2	58054.5	61127.3	59163.6	
58654.5	57636.4	59200	58381.8	58836.4	
59654.5	59745.5	58563.6	58290.9	58509.1	
58145.5	56400	57781.8	57963.6	58563.6	
57181.8	57509.1	57509.1	58509.1	57927.3	
57963.6	57872.7	56672.7	57963.6	56872.7	
58290.9	58963.6	57727.3	57963.6	57363.6	
58236.4	56454.5	57690.9	58109.1	57454.5	
60400	57872.7	56454.5	56181.8	56963.6	
55618.2	58054.5	58509.1	57818.2	56818.2	
55818.2	58236.4	57090.9	56636.4	58018.2	
55436.4	56872.7	56909.1	58745.5	55727.3	
58145.5	58018.2	57963.6	57636.4	57418.2	
56963.6	59072.7	60018.2	58600	57145.5	
60618.2	60254.5	59290.9	59527.3	58745.5	
60527.3	61272.7	60800	61672.7	62454.5	
60709.1	61400	61818.2	61072.7	61036.4	
61854.5	63272.7	63418.2	61545.5	61127.3	
63181.8	63236.4	63927.3	62727.3	61636.4	
63454.5	63745.5	63181.8	63272.7	62090.9	
61672.7	62309.1	63000	65472.7	64563.6	
63327.3	63054.5	63781.8	63781.8	64418.2	
61272.7	63236.4	63781.8	63090.9	64290.9	
62000	64418.2	62727.3	64236.4	64236.4	
65254.5	62545.5	62454.5	64327.3	63563.6	
61272.7	62963.6	63454.5	63418.2	61309.1	
63363.6	62600	62872.7	62309.1	62454.5	
62509.1	61763.6	62127.3	60400	63000	
61490.9	59709.1	62600	60981.8	60163.6	
59018.2	63054.5	59345.5	61309.1	61072.7	
60672.7	61727.3	59654.5	60109.1	59981.8	
60527.3	58600	59290.9	58836.4	59345.5	
58927.3	59745.5	58381.8	59890.9	58600	
57145.5	58872.7	58872.7	59890.9	58290.9	
58290.9	57636.4	57690.9	57690.9	58018.2	
58018.2	59981.8	59527.3	58472.7	57636.4	
59109.1	58327.3	58781.8	60763.6	57236.4	
58600	58472.7	57781.8	58781.8	58690.9	
58872.7	57090.9	58836.4	58509.1	57181.8	
57818.2	57600	56872.7	56400	56963.6	
57781.8	58200	56400	56090.9	57418.2	
57327.3	56454.5	56672.7	57690.9	59381.8	
57509.1	56909.1	59018.2	56872.7	57727.3	
56909.1	57872.7	57000	58018.2	57727.3	
58600	54981.8	58836.4	58963.6	57690.9	
59381.8	58327.3	58872.7	57727.3	57363.6	
57781.8	57818.2	57545.5	56963.6	58200	
56581.8	57963.6	58745.5	57090.9	58200	
57963.6	56581.8	58563.6	57781.8	58018.2	
57690.9	58200	57000	56672.7	58236.4	
57727.3	57454.5	58472.7	55727.3	57927.3	
56818.2	57054.5	58836.4	57781.8	57600	
57872.7	56090.9	55945.5	58145.5	56672.7	
55527.3	56400	57690.9	56272.7	54290.9	
58509.1	56581.8	55072.7	56000	56872.7	
56636.4	56872.7	57927.3	57181.8	56909.1	
58381.8	55254.5	57454.5	59200	58018.2	
56963.6	57636.4	57272.7	57000	57454.5	
59109.1	58054.5	57963.6	56727.3	57818.2	
57000	57418.2	59072.7	56963.6	58472.7	
57545.5	55909.1	57181.8	57636.4	55581.8	
55127.3	55309.1	55581.8	57272.7	55581.8	
55400	54109.1	55945.5	56454.5	55127.3	
55945.5	56127.3	56000	56872.7	56763.6	
56181.8	57181.8	55254.5	56872.7	56818.2	
57363.6	55436.4	57363.6	54290.9	55618.2	
56400	57690.9	57090.9	55672.7	54800	
56818.2	57000	55436.4	57090.9	56581.8	
54981.8	56000	54763.6	56181.8	57054.5	
56400	57090.9	55763.6	54890.9	55072.7	
56181.8	57054.5	56272.7	56727.3	56490.9	
55945.5	55854.5	56400	55581.8	55818.2	
56090.9	56636.4	57236.4	56672.7	54854.5	
54527.3	55945.5	55581.8	55854.5	54800	
56763.6	56872.7	53981.8	55672.7	55945.5	
56763.6	55618.2	55527.3	55309.1	54709.1	
55436.4	55036.4	55036.4	54254.5	56036.4	
55345.5	54163.6	53981.8	54527.3	53709.1	
53745.5	55818.2	54890.9	56036.4	55909.1	
53927.3	54709.1	56400	56309.1	57727.3	
55945.5	55400	55436.4	55945.5	54381.8	
55581.8	56454.5	55527.3	57181.8	55581.8	
55163.6	55400	54472.7	56309.1	55909.1	
55254.5	56036.4	55309.1	55127.3	55345.5	
54527.3	55127.3	55309.1	57000	55727.3	
55072.7	55436.4	56309.1	54800	55581.8	
54345.5	54800	54618.2	54618.2	55818.2	
54345.5	53709.1	53981.8	54709.1	54890.9	
55763.6	55400	55127.3	53563.6	54254.5	
54472.7	55854.5	54381.8	54981.8	54436.4	
55672.7	53109.1	54981.8	53709.1	56454.5	
54763.6	53800	54618.2	54709.1	54290.9	
53200	54709.1	55218.2	55309.1	55763.6	
56545.5	54527.3	55854.5	55909.1	54800	
56636.4	53563.6	55309.1	54800	53890.9	
53290.9	55672.7	54527.3	54709.1	54527.3	
55400	54672.7	53981.8	54472.7	55163.6	
55909.1	54109.1	54527.3	54672.7	54072.7	
55127.3	55672.7	53290.9	54254.5	53527.3	
57000	54072.7	54381.8	54890.9	54527.3	
54472.7	54581.8	55945.5	55490.9	54472.7	
54072.7	53890.9	54854.5	55436.4	54254.5	
55436.4	54436.4	54381.8	54436.4	54072.7	
53654.5	54672.7	54854.5	55909.1	53236.4	
55618.2	54800	54472.7	54200	55127.3	
54981.8	55763.6	56545.5	55218.2	54981.8	
54618.2	54072.7	54072.7	54018.2	54709.1	
54672.7	54254.5	54945.5	56000	54527.3	
54763.6	53890.9	55163.6	55163.6	53745.5	
54763.6	54618.2	54527.3	54672.7	54290.9	
55727.3	53709.1	54854.5	56363.6	54345.5	
54254.5	54436.4	53890.9	53290.9	55581.8	
54709.1	55163.6	54290.9	53563.6	54672.7	
53563.6	54618.2	53327.3	54072.7	54527.3	
54945.5	55072.7	52654.5	53709.1	54527.3	
55618.2	54890.9	53327.3	54763.6	53654.5	
54254.5	53709.1	53527.3	53745.5	53418.2	
54109.1	54163.6	54072.7	54890.9	53327.3	
54254.5	53890.9	55072.7	53618.2	56036.4	
56218.2	55309.1	54163.6	55618.2	55672.7	
55127.3	55309.1	55818.2	54109.1	55581.8	
56727.3	57272.7	56545.5	54254.5	55036.4	
54709.1	55036.4	56818.2	55945.5	54527.3	
54618.2	57181.8	55763.6	55218.2	54763.6	
54672.7	56218.2	56036.4	55945.5	55581.8	
54672.7	55218.2	55127.3	55345.5	55527.3	
56127.3	53654.5	55490.9	55254.5	54981.8	
55400	56000	54709.1	56000	55127.3	
56454.5	54890.9	55436.4	55527.3	56581.8	
54800	55672.7	54672.7	54709.1	53981.8	
54618.2	54709.1	54472.7	56000	54345.5	
54436.4	55309.1	54854.5	54472.7	54618.2	
54527.3	56218.2	55036.4	54018.2	53472.7	
55527.3	55127.3	54200	55527.3	54581.8	
56181.8	54018.2	54072.7	53109.1	56036.4	
53981.8	55127.3	55072.7	54472.7	54763.6	
54981.8	55400	54163.6	54072.7	55163.6	
55490.9	54472.7	53981.8	53745.5	55218.2	
53800	52927.3	54018.2	54163.6	53472.7	
56672.7	53109.1	54890.9	53563.6	53745.5	
53200	54290.9	52836.4	51781.8	53472.7	
50945.5	53527.3	52836.4	53527.3	52509.1	
52836.4	52509.1	52272.7	53527.3	53236.4	
54109.1	50818.2	53472.7	53381.8	53018.2	
52690.9	53018.2	55218.2	53890.9	52690.9	
52781.8	51872.7	52781.8	52563.6	51545.5	
52963.6	52509.1	51963.6	53418.2	52927.3	
52600	51090.9	52600	51963.6	52472.7	
52690.9	52054.5	51909.1	53527.3	52963.6	
53290.9	52509.1	51781.8	50945.5	51181.8	
52690.9	51509.1	52690.9	52563.6	52600	
52327.3	52745.5	53200	51636.4	50636.4	
53418.2	51818.2	52418.2	51818.2	51600	
52927.3	53054.5	52418.2	51781.8	51690.9	
51000	50181.8	52000	53054.5	51963.6	
51818.2	52872.7	51727.3	50272.7	53054.5	
51909.1	53290.9	50490.9	51727.3	50581.8	
51818.2	51818.2	51690.9	52272.7	52000	
52000	51909.1	51036.4	51636.4	52418.2	
51418.2	50818.2	51181.8	52090.9	51727.3	
52381.8	50545.5	51236.4	52418.2	51636.4	
52145.5	51363.6	51818.2	52690.9	50490.9	
50454.5	51090.9	51327.3	51872.7	49890.9	
52472.7	51690.9	51181.8	50454.5	51781.8	
51090.9	52145.5	51690.9	50127.3	52418.2	
52181.8	51818.2	51000	51690.9	51727.3	
50454.5	51236.4	52381.8	51636.4	49981.8	
51781.8	51000	51418.2	50036.4	50763.6	
51600	51872.7	51418.2	51509.1	51000	
52472.7	51727.3	51963.6	52090.9	52600	
52472.7	50181.8	53054.5	49854.5	51236.4	
51509.1	51090.9	49981.8	51363.6	51909.1	
51363.6	50218.2	51181.8	50854.5	50490.9	
51818.2	50763.6	49618.2	51327.3	51781.8	
50127.3	52145.5	50818.2	50036.4	52054.5	
51963.6	52836.4	51181.8	50127.3	51636.4	
51509.1	50727.3	51000	51418.2	51690.9	
51418.2	51036.4	51418.2	51181.8	50727.3	
50636.4	51600	52472.7	49309.1	50909.1	
50636.4	52381.8	50945.5	50763.6	50490.9	
51454.5	51327.3	50036.4	49527.3	50454.5	
50400	49709.1	50763.6	50363.6	50854.5	
48890.9	51636.4	50272.7	51236.4	50181.8	
50672.7	50181.8	50127.3	49400	51363.6	
50400	49890.9	49945.5	49763.6	50363.6	
50636.4	51327.3	50036.4	49945.5	50490.9	
51036.4	49490.9	50945.5	50181.8	51181.8	
51545.5	50545.5	49218.2	50545.5	50181.8	
51454.5	51000	50272.7	50636.4	50672.7	
51236.4	50763.6	50818.2	50636.4	49618.2	
49945.5	49490.9	49127.3	48890.9	50909.1	
49618.2	51327.3	49945.5	49890.9	49854.5	
50218.2	50454.5	50181.8	48709.1	49345.5	
50072.7	50581.8	49218.2	49763.6	49800	
50181.8	49400	49127.3	49127.3	50454.5	
49890.9	50763.6	49945.5	50181.8	49072.7	
49709.1	51600	51363.6	49763.6	49400	
48563.6	49945.5	50181.8	50727.3	48654.5	
48018.2	48927.3	48800	50636.4	49527.3	
49072.7	49618.2	50218.2	49763.6	48745.5	
49672.7	48927.3	50727.3	50272.7	51090.9	
50854.5	49072.7	48836.4	50272.7	48800	
49218.2	49890.9	50818.2	50727.3	50072.7	
49945.5	50400	48472.7	49309.1	49400	
48981.8	49981.8	49763.6	48436.4	48654.5	
48472.7	48381.8	48072.7	49490.9	50727.3	
48890.9	49436.4	49527.3	50309.1	49400	
49163.6	48563.6	49400	49254.5	47200	
48345.5	49854.5	48981.8	48290.9	49618.2	
49400	49890.9	49981.8	48836.4	48890.9	
48254.5	48472.7	49763.6	49854.5	49254.5	
47781.8	48163.6	48654.5	49163.6	49345.5	
49127.3	49490.9	49163.6	48527.3	49072.7	
49618.2	49218.2	48381.8	48527.3	49890.9	
49163.6	49581.8	48254.5	48618.2	49345.5	
48927.3	48890.9	49163.6	48836.4	49800	
47981.8	48981.8	48436.4	48836.4	49400	
48109.1	47563.6	48472.7	48709.1	48254.5	
49254.5	49709.1	47654.5	49072.7	46836.4	
47109.1	47600	50036.4	49490.9	48745.5	
48472.7	49072.7	47109.1	48436.4	50272.7	
48436.4	48109.1	49581.8	49800	48254.5	
46690.9	48254.5	48527.3	48254.5	48290.9	
49163.6	48381.8	48745.5	48527.3	47054.5	
48290.9	48254.5	49218.2	48472.7	48290.9	
48800	48163.6	46636.4	48472.7	47927.3	
49127.3	49072.7	47054.5	47054.5	48381.8	
47981.8	47927.3	48163.6	48200	48618.2	
47200	48200	48200	48436.4	48345.5	
48345.5	47472.7	49072.7	49163.6	49618.2	
49581.8	48890.9	48163.6	48072.7	49618.2	
47927.3	49163.6	47890.9	47781.8	47927.3	
49436.4	47690.9	48709.1	47654.5	48836.4	
47600	47836.4	48018.2	47472.7	48072.7	
47890.9	48472.7	48436.4	48109.1	48345.5	
48254.5	48345.5	48436.4	47836.4	47509.1	
47327.3	48472.7	47109.1	48890.9	47781.8	
48527.3	48563.6	47418.2	48109.1	47236.4	
47600	48200	46836.4	48472.7	47290.9	
47109.1	49618.2	47836.4	48981.8	49618.2	
48200	48254.5	48109.1	47563.6	48290.9	
47290.9	48254.5	48290.9	48436.4	47690.9	
47236.4	46836.4	48254.5	47327.3	47600	
48618.2	46727.3	47890.9	47236.4	46927.3	
47109.1	47145.5	46927.3	47200	47690.9	
48745.5	47836.4	47781.8	47509.1	46963.6	
48563.6	47472.7	47054.5	49218.2	47109.1	
48618.2	47690.9	48109.1	48745.5	48163.6	
48836.4	48018.2	48563.6	47781.8	45636.4	
47927.3	48927.3	48654.5	46781.8	48018.2	
48381.8	48200	48072.7	47654.5	48109.1	
47472.7	48018.2	47236.4	47145.5	45636.4	
46836.4	49400	47054.5	46272.7	46781.8	
46327.3	46272.7	47563.6	48072.7	46272.7	
48527.3	46836.4	47600	46272.7	47927.3	
48654.5	46545.5	48381.8	45727.3	47327.3	
46181.8	49127.3	48527.3	47200	48472.7	
46781.8	45127.3	46054.5	47600	47472.7	
46781.8	47690.9	46509.1	47290.9	47509.1	
48254.5	47890.9	47509.1	47981.8	48345.5	
49709.1	46545.5	47290.9	48072.7	46090.9	
46090.9	45727.3	47418.2	46781.8	48709.1	
47290.9	47381.8	47018.2	46145.5	47381.8	
46727.3	46454.5	46327.3	47109.1	47200	
46363.6	45545.5	47745.5	47054.5	48345.5	
46636.4	46636.4	47836.4	47200	46781.8	
47418.2	46690.9	47145.5	47654.5	46690.9	
46000	47145.5	47327.3	48345.5	47509.1	
47381.8	47600	47145.5	47018.2	47418.2	
46090.9	46327.3	46236.4	46963.6	45872.7	
47145.5	46509.1	47654.5	47327.3	45909.1	
47145.5	46509.1	47927.3	47836.4	46509.1	
48836.4	47381.8	46181.8	47600	47381.8	
47890.9	47054.5	47290.9	46600	47600	
47418.2	48072.7	47563.6	47290.9	47563.6	
47472.7	45872.7	46927.3	46090.9	46872.7	
47654.5	48618.2	46145.5	46927.3	47145.5	
47600	46418.2	47654.5	46145.5	46690.9	
46927.3	46600	47927.3	46000	47781.8	
48436.4	46927.3	46963.6	47018.2	48072.7	
47654.5	47200	47109.1	47509.1	46690.9	
48109.1	47018.2	46418.2	47200	45909.1	
47600	47927.3	47018.2	46781.8	46781.8	
47600	47927.3	47018.2	46781.8	46781.8	
47600	47927.3	47018.2	46781.8	46781.8	
