3400	3400	3400	3400	3400	
5.7106e+06	5.7106e+06	5.7106e+06	5.7106e+06	5.7106e+06	
435400	416200	435400	416200	435400	
408800	399600	408800	399600	408800	
421800	411800	421800	411800	421800	
409200	411800	409200	411800	409200	
414800	410200	414800	410200	414800	
413800	404200	413800	404200	413800	
407800	409200	407800	409200	407800	
405200	389000	405200	389000	405200	
426400	435400	426400	435400	426400	
425800	422800	425800	422800	425800	
423400	419800	423400	419800	423400	
415200	422400	415200	422400	415200	
421400	440400	421400	440400	421400	
420800	430400	420800	430400	420800	
429400	435000	429400	435000	429400	
433400	443600	433400	443600	433400	
442600	439000	442600	439000	442600	
449600	442000	449600	442000	449600	
454200	438000	454200	438000	454200	
459600	455200	459600	455200	459600	
461600	457600	461600	457600	461600	
455200	464200	455200	464200	455200	
472800	490000	472800	490000	472800	
465800	469800	465800	469800	465800	
457600	489400	457600	489400	457600	
473800	476800	473800	476800	473800	
479400	485800	479400	485800	479400	
497400	500000	497400	500000	497400	
493000	482800	493000	482800	493000	
498000	482400	498000	482400	498000	
485800	472200	485800	472200	485800	
493400	492000	493400	492000	493400	
507600	486800	507600	486800	507600	
496400	502600	496400	502600	496400	
491000	499000	491000	499000	491000	
494000	502000	494000	502000	494000	
503600	497000	503600	497000	503600	
499400	502600	499400	502600	499400	
501000	499000	501000	499000	501000	
501400	512600	501400	512600	501400	
499000	511000	499000	511000	499000	
502600	511600	502600	511600	502600	
511600	501000	511600	501000	511600	
500400	493400	500400	493400	500400	
512600	494000	512600	494000	512600	
509600	515600	509600	515600	509600	
506000	508600	506000	508600	506000	
500400	506600	500400	506600	500400	
494000	511600	494000	511600	494000	
485800	496000	485800	496000	485800	
504600	505600	504600	505600	504600	
502000	495000	502000	495000	502000	
498000	509000	498000	509000	498000	
503000	500400	503000	500400	503000	
492000	498000	492000	498000	492000	
497000	493400	497000	493400	497000	
515200	494400	515200	494400	515200	
490000	502600	490000	502600	490000	
506600	502000	506600	502000	506600	
493000	494000	493000	494000	493000	
498400	500400	498400	500400	498400	
513600	512000	513600	512000	513600	
499000	485800	499000	485800	499000	
504000	497000	504000	497000	504000	
501400	487800	501400	487800	501400	
502000	503000	502000	503000	502000	
495400	483800	495400	483800	495400	
489400	499000	489400	499000	489400	
491000	494400	491000	494400	491000	
509600	501000	509600	501000	509600	
498000	497400	498000	497400	498000	
481400	499000	481400	499000	481400	
497400	508600	497400	508600	497400	
503600	486800	503600	486800	503600	
479400	496400	479400	496400	479400	
485800	494400	485800	494400	485800	
493400	496400	493400	496400	493400	
492400	499000	492400	499000	492400	
491400	489400	491400	489400	491400	
507600	480800	507600	480800	507600	
487800	494000	487800	494000	487800	
495400	497000	495400	497000	495400	
484800	495400	484800	495400	484800	
500400	497400	500400	497400	500400	
487400	495400	487400	495400	487400	
486800	496000	486800	496000	486800	
497400	501400	497400	501400	497400	
494400	500400	494400	500400	494400	
492000	490400	492000	490400	492000	
497400	498400	497400	498400	497400	
486400	506000	486400	506000	486400	
485400	490400	485400	490400	485400	
496000	493000	496000	493000	496000	
491000	498000	491000	498000	491000	
497400	490000	497400	490000	497400	
485800	501000	485800	501000	485800	
495400	510000	495400	510000	495400	
496000	495400	496000	495400	496000	
495400	508000	495400	508000	495400	
492400	504000	492400	504000	492400	
506000	498400	506000	498400	506000	
507600	500000	507600	500000	507600	
495000	490400	495000	490400	495000	
497400	497000	497400	497000	497400	
503000	497000	503000	497000	503000	
507000	490000	507000	490000	507000	
497400	484800	497400	484800	497400	
483400	502000	483400	502000	483400	
498400	497400	498400	497400	498400	
494400	496400	494400	496400	494400	
492400	511000	492400	511000	492400	
505600	510600	505600	510600	505600	
487400	488800	487400	488800	487400	
502000	493400	502000	493400	502000	
481800	500000	481800	500000	481800	
502000	511600	502000	511600	502000	
517600	505000	517600	505000	517600	
487400	497400	487400	497400	487400	
476800	485400	476800	485400	476800	
498000	494000	498000	494000	498000	
498000	488400	498000	488400	498000	
486400	497400	486400	497400	486400	
491400	496400	491400	496400	491400	
497400	507600	497400	507600	497400	
496000	503000	496000	503000	496000	
506000	504000	506000	504000	506000	
505000	508600	505000	508600	505000	
499400	501000	499400	501000	499400	
489400	499400	489400	499400	489400	
509000	498400	509000	498400	509000	
479800	510000	479800	510000	479800	
480400	514000	480400	514000	480400	
496400	512600	496400	512600	496400	
502600	494400	502600	494400	502600	
506600	490000	506600	490000	506600	
493000	491000	493000	491000	493000	
490000	495000	490000	495000	490000	
514000	501000	514000	501000	514000	
487800	491000	487800	491000	487800	
498000	500000	498000	500000	498000	
506600	491400	506600	491400	506600	
494000	514600	494000	514600	494000	
502000	494400	502000	494400	502000	
490000	499400	490000	499400	490000	
506000	501000	506000	501000	506000	
496000	494400	496000	494400	496000	
503000	497000	503000	497000	503000	
498000	497000	498000	497000	498000	
507000	494400	507000	494400	507000	
498000	501400	498000	501400	498000	
496000	502000	496000	502000	496000	
493400	499400	493400	499400	493400	
506000	518600	506000	518600	506000	
498400	500000	498400	500000	498400	
502000	511600	502000	511600	502000	
499000	501000	499000	501000	499000	
505600	507600	505600	507600	505600	
502000	494000	502000	494000	502000	
509000	498000	509000	498000	509000	
480800	494400	480800	494400	480800	
492400	495400	492400	495400	492400	
489400	498400	489400	498400	489400	
493000	501000	493000	501000	493000	
531800	485800	531800	485800	531800	
487400	509000	487400	509000	487400	
501000	483400	501000	483400	501000	
503600	504000	503600	504000	503600	
505600	503600	505600	503600	505600	
502600	513000	502600	513000	502600	
505600	499400	505600	499400	505600	
508600	507600	508600	507600	508600	
498400	495000	498400	495000	498400	
503600	490400	503600	490400	503600	
501000	488400	501000	488400	501000	
501400	508600	501400	508600	501400	
503000	503600	503000	503600	503000	
508000	503600	508000	503600	508000	
496400	514000	496400	514000	496400	
496400	508000	496400	508000	496400	
475200	500000	475200	500000	475200	
497400	496400	497400	496400	497400	
503000	496400	503000	496400	503000	
497000	492000	497000	492000	497000	
493000	497000	493000	497000	493000	
495400	498000	495400	498000	495400	
498400	506000	498400	506000	498400	
499400	504000	499400	504000	499400	
483400	495000	483400	495000	483400	
507600	493400	507600	493400	507600	
495400	499000	495400	499000	495400	
485800	505000	485800	505000	485800	
491400	487800	491400	487800	491400	
498400	495400	498400	495400	498400	
505600	493400	505600	493400	505600	
505600	488400	505600	488400	505600	
487800	518600	487800	518600	487800	
494400	490000	494400	490000	494400	
497000	492400	497000	492400	497000	
502600	504600	502600	504600	502600	
502600	503000	502600	503000	502600	
487800	494000	487800	494000	487800	
498000	492000	498000	492000	498000	
518600	501000	518600	501000	518600	
487800	507000	487800	507000	487800	
497000	499400	497000	499400	497000	
503000	502000	503000	502000	503000	
488800	505000	488800	505000	488800	
498000	503600	498000	503600	498000	
495000	502600	495000	502600	495000	
485400	500400	485400	500400	485400	
498400	506000	498400	506000	498400	
511600	496400	511600	496400	511600	
514000	487400	514000	487400	514000	
493400	500000	493400	500000	493400	
506600	503000	506600	503000	506600	
512000	503000	512000	503000	512000	
503600	513000	503600	513000	503600	
499000	492400	499000	492400	499000	
512600	520200	512600	520200	512600	
493000	507600	493000	507600	493000	
503000	499400	503000	499400	503000	
493400	502600	493400	502600	493400	
500400	499000	500400	499000	500400	
501000	509000	501000	509000	501000	
487400	501400	487400	501400	487400	
487400	488400	487400	488400	487400	
488400	506000	488400	506000	488400	
494000	510600	494000	510600	494000	
496400	507600	496400	507600	496400	
502600	503600	502600	503600	502600	
505600	519200	505600	519200	505600	
515200	506000	515200	506000	515200	
513000	479800	513000	479800	513000	
499000	497400	499000	497400	499000	
496000	504600	496000	504600	496000	
512600	503600	512600	503600	512600	
500400	506000	500400	506000	500400	
497400	501000	497400	501000	497400	
499400	496400	499400	496400	499400	
506000	498000	506000	498000	506000	
511000	500400	511000	500400	511000	
493000	499000	493000	499000	493000	
511600	500400	511600	500400	511600	
498400	505000	498400	505000	498400	
502000	513000	502000	513000	502000	
511600	493000	511600	493000	511600	
507600	512600	507600	512600	507600	
498400	481800	498400	481800	498400	
508000	506600	508000	506600	508000	
504000	504600	504000	504600	504000	
494400	490400	494400	490400	494400	
513600	506000	513600	506000	513600	
504000	504000	504000	504000	504000	
498000	494000	498000	494000	498000	
492000	498000	492000	498000	492000	
497000	491000	497000	491000	497000	
504600	513000	504600	513000	504600	
512000	508000	512000	508000	512000	
504000	508000	504000	508000	504000	
496000	504000	496000	504000	496000	
504600	504600	504600	504600	504600	
505000	489400	505000	489400	505000	
507000	500000	507000	500000	507000	
521200	498000	521200	498000	521200	
508000	511000	508000	511000	508000	
494000	512000	494000	512000	494000	
516600	501400	516600	501400	516600	
507600	510000	507600	510000	507600	
512600	502000	512600	502000	512600	
495000	504600	495000	504600	495000	
500000	510000	500000	510000	500000	
496000	519600	496000	519600	496000	
501400	501000	501400	501000	501400	
506000	523200	506000	523200	506000	
491400	517200	491400	517200	491400	
505000	509000	505000	509000	505000	
496000	501400	496000	501400	496000	
494400	506600	494400	506600	494400	
501000	504600	501000	504600	501000	
497400	501400	497400	501400	497400	
506600	480400	506600	480400	506600	
513000	506600	513000	506600	513000	
513000	493000	513000	493000	513000	
504600	485800	504600	485800	504600	
494400	491400	494400	491400	494400	
500000	511000	500000	511000	500000	
510600	509000	510600	509000	510600	
510600	511600	510600	511600	510600	
514000	512000	514000	512000	514000	
502000	506600	502000	506600	502000	
499000	515600	499000	515600	499000	
508000	500400	508000	500400	508000	
498000	511600	498000	511600	498000	
509000	498000	509000	498000	509000	
515200	506000	515200	506000	515200	
495400	508600	495400	508600	495400	
504000	499000	504000	499000	504000	
495000	505600	495000	505600	495000	
499400	505000	499400	505000	499400	
496400	500000	496400	500000	496400	
509600	502000	509600	502000	509600	
502000	505600	502000	505600	502000	
495400	503600	495400	503600	495400	
497400	503600	497400	503600	497400	
505000	497000	505000	497000	505000	
503600	495000	503600	495000	503600	
510000	522600	510000	522600	510000	
500400	495400	500400	495400	500400	
503600	500400	503600	500400	503600	
511600	515600	511600	515600	511600	
501400	518600	501400	518600	501400	
509000	496000	509000	496000	509000	
498000	499400	498000	499400	498000	
507600	495000	507600	495000	507600	
505600	508600	505600	508600	505600	
507600	508000	507600	508000	507600	
490400	509000	490400	509000	490400	
500000	498400	500000	498400	500000	
496400	514600	496400	514600	496400	
517600	504000	517600	504000	517600	
495400	494000	495400	494000	495400	
501000	502600	501000	502600	501000	
499000	510000	499000	510000	499000	
508000	493000	508000	493000	508000	
510600	504000	510600	504000	510600	
515600	510000	515600	510000	515600	
500400	505000	500400	505000	500400	
499400	503000	499400	503000	499400	
516200	500400	516200	500400	516200	
504000	499000	504000	499000	504000	
499400	516200	499400	516200	499400	
496000	496400	496000	496400	496000	
522600	502600	522600	502600	522600	
511000	501000	511000	501000	511000	
514000	501400	514000	501400	514000	
497400	516200	497400	516200	497400	
505000	484800	505000	484800	505000	
522200	512000	522200	512000	522200	
514600	495400	514600	495400	514600	
500000	483400	500000	483400	500000	
496400	513000	496400	513000	496400	
508600	506600	508600	506600	508600	
498000	501000	498000	501000	498000	
506000	505600	506000	505600	506000	
501000	493400	501000	493400	501000	
496000	492400	496000	492400	496000	
502000	511000	502000	511000	502000	
507000	501400	507000	501400	507000	
513000	503600	513000	503600	513000	
488400	506600	488400	506600	488400	
508000	517200	508000	517200	508000	
513000	503600	513000	503600	513000	
513600	498400	513600	498400	513600	
509600	521600	509600	521600	509600	
505000	498000	505000	498000	505000	
488800	502600	488800	502600	488800	
497400	494400	497400	494400	497400	
502600	493000	502600	493000	502600	
503600	503600	503600	503600	503600	
519600	502000	519600	502000	519600	
506600	506000	506600	506000	506600	
498400	501000	498400	501000	498400	
488800	494400	488800	494400	488800	
505600	488400	505600	488400	505600	
503600	505000	503600	505000	503600	
505000	505000	505000	505000	505000	
500000	510600	500000	510600	500000	
495400	502000	495400	502000	495400	
513600	501000	513600	501000	513600	
491400	517600	491400	517600	491400	
506600	500400	506600	500400	506600	
499000	508000	499000	508000	499000	
506600	507000	506600	507000	506600	
495400	499400	495400	499400	495400	
496400	521600	496400	521600	496400	
516200	511000	516200	511000	516200	
507600	500000	507600	500000	507600	
499000	509600	499000	509600	499000	
499400	496400	499400	496400	499400	
481800	508600	481800	508600	481800	
505000	500400	505000	500400	505000	
509600	503000	509600	503000	509600	
497400	514600	497400	514600	497400	
498400	505000	498400	505000	498400	
511000	499000	511000	499000	511000	
502600	501000	502600	501000	502600	
492400	509600	492400	509600	492400	
505600	508000	505600	508000	505600	
500000	499400	500000	499400	500000	
509600	502600	509600	502600	509600	
503000	513600	503000	513600	503000	
498000	490400	498000	490400	498000	
512600	495000	512600	495000	512600	
499000	504600	499000	504600	499000	
494400	503000	494400	503000	494400	
500400	512600	500400	512600	500400	
506000	500000	506000	500000	506000	
509000	515600	509000	515600	509000	
499400	508000	499400	508000	499400	
504000	511600	504000	511600	504000	
512000	504000	512000	504000	512000	
485800	497000	485800	497000	485800	
513600	508600	513600	508600	513600	
501400	494000	501400	494000	501400	
504000	513600	504000	513600	504000	
500000	500000	500000	500000	500000	
501000	493400	501000	493400	501000	
506600	512000	506600	512000	506600	
513600	497000	513600	497000	513600	
497000	516600	497000	516600	497000	
499000	503000	499000	503000	499000	
506600	500400	506600	500400	506600	
501000	500000	501000	500000	501000	
487400	494400	487400	494400	487400	
512600	500000	512600	500000	512600	
505600	508600	505600	508600	505600	
507000	492000	507000	492000	507000	
515600	490000	515600	490000	515600	
510600	501000	510600	501000	510600	
510000	499000	510000	499000	510000	
502600	507000	502600	507000	502600	
495400	510000	495400	510000	495400	
512600	492000	512600	492000	512600	
512000	510600	512000	510600	512000	
496000	500400	496000	500400	496000	
502000	505600	502000	505600	502000	
501400	503000	501400	503000	501400	
502000	513000	502000	513000	502000	
501000	514000	501000	514000	501000	
509000	508000	509000	508000	509000	
514000	508600	514000	508600	514000	
499400	496400	499400	496400	499400	
492000	496400	492000	496400	492000	
500400	498000	500400	498000	500400	
497400	495000	497400	495000	497400	
509000	510000	509000	510000	509000	
513600	515200	513600	515200	513600	
495000	499000	495000	499000	495000	
505000	519200	505000	519200	505000	
500400	501400	500400	501400	500400	
498400	512000	498400	512000	498400	
506600	514600	506600	514600	506600	
514600	512600	514600	512600	514600	
508600	512600	508600	512600	508600	
507000	506600	507000	506600	507000	
501000	514000	501000	514000	501000	
500000	499000	500000	499000	500000	
505000	524200	505000	524200	505000	
514000	496000	514000	496000	514000	
503600	508000	503600	508000	503600	
504600	496000	504600	496000	504600	
503000	502600	503000	502600	503000	
499400	500000	499400	500000	499400	
491000	503000	491000	503000	491000	
508600	507000	508600	507000	508600	
505000	505000	505000	505000	505000	
501400	518200	501400	518200	501400	
506600	501000	506600	501000	506600	
496400	498400	496400	498400	496400	
503000	507600	503000	507600	503000	
503600	500400	503600	500400	503600	
504600	507000	504600	507000	504600	
506000	510600	506000	510600	506000	
512000	506000	512000	506000	512000	
493400	510600	493400	510600	493400	
503600	511000	503600	511000	503600	
496000	515600	496000	515600	496000	
500000	497000	500000	497000	500000	
515200	514000	515200	514000	515200	
511600	511000	511600	511000	511600	
486400	501400	486400	501400	486400	
510000	502600	510000	502600	510000	
504000	491400	504000	491400	504000	
504600	507000	504600	507000	504600	
491400	505600	491400	505600	491400	
496000	506600	496000	506600	496000	
496000	498000	496000	498000	496000	
486800	508600	486800	508600	486800	
509000	500400	509000	500400	509000	
509600	507600	509600	507600	509600	
504000	518200	504000	518200	504000	
505000	494000	505000	494000	505000	
502600	512000	502600	512000	502600	
495400	502000	495400	502000	495400	
516600	500400	516600	500400	516600	
508000	521200	508000	521200	508000	
502600	518200	502600	518200	502600	
500000	500000	500000	500000	500000	
497400	510000	497400	510000	497400	
508000	492000	508000	492000	508000	
511000	490400	511000	490400	511000	
510000	521200	510000	521200	510000	
515200	491000	515200	491000	515200	
490400	497000	490400	497000	490400	
487800	497000	487800	497000	487800	
501400	493000	501400	493000	501400	
514000	504600	514000	504600	514000	
511600	500400	511600	500400	511600	
521200	514600	521200	514600	521200	
505000	504600	505000	504600	505000	
508600	493400	508600	493400	508600	
510000	506000	510000	506000	510000	
502600	493000	502600	493000	502600	
513600	499000	513600	499000	513600	
504600	502000	504600	502000	504600	
490000	499400	490000	499400	490000	
494000	491000	494000	491000	494000	
499000	502600	499000	502600	499000	
496400	505600	496400	505600	496400	
497000	515200	497000	515200	497000	
502000	502600	502000	502600	502000	
497000	507600	497000	507600	497000	
504600	497000	504600	497000	504600	
516200	504600	516200	504600	516200	
512600	482400	512600	482400	512600	
506000	504000	506000	504000	506000	
503600	501400	503600	501400	503600	
501000	511600	501000	511600	501000	
513000	502000	513000	502000	513000	
498000	496000	498000	496000	498000	
505000	502000	505000	502000	505000	
492400	499400	492400	499400	492400	
496400	506600	496400	506600	496400	
496400	519200	496400	519200	496400	
510000	506000	510000	506000	510000	
502600	513000	502600	513000	502600	
505000	497400	505000	497400	505000	
499000	513000	499000	513000	499000	
502000	513600	502000	513600	502000	
504000	507000	504000	507000	504000	
505000	503600	505000	503600	505000	
512600	491400	512600	491400	512600	
524600	503600	524600	503600	524600	
522200	495400	522200	495400	522200	
506000	499400	506000	499400	506000	
501400	491400	501400	491400	501400	
496000	516600	496000	516600	496000	
515200	502600	515200	502600	515200	
498000	502600	498000	502600	498000	
506000	504600	506000	504600	506000	
506600	495400	506600	495400	506600	
504000	502000	504000	502000	504000	
493400	498000	493400	498000	493400	
502000	508000	502000	508000	502000	
505000	497000	505000	497000	505000	
490000	502600	490000	502600	490000	
499000	494000	499000	494000	499000	
497400	506000	497400	506000	497400	
510000	501000	510000	501000	510000	
510600	492400	510600	492400	510600	
513000	495000	513000	495000	513000	
516600	493000	516600	493000	516600	
493400	509000	493400	509000	493400	
505000	505600	505000	505600	505000	
497000	507000	497000	507000	497000	
500400	503600	500400	503600	500400	
507000	511600	507000	511600	507000	
508600	519600	508600	519600	508600	
505600	508600	505600	508600	505600	
492400	502600	492400	502600	492400	
512000	506600	512000	506600	512000	
501400	499400	501400	499400	501400	
490000	502600	490000	502600	490000	
501400	507000	501400	507000	501400	
500000	495000	500000	495000	500000	
503000	514000	503000	514000	503000	
514600	506600	514600	506600	514600	
496000	497000	496000	497000	496000	
510600	497400	510600	497400	510600	
513000	512600	513000	512600	513000	
497400	514000	497400	514000	497400	
518200	513000	518200	513000	518200	
503000	500400	503000	500400	503000	
513000	503600	513000	503600	513000	
504600	504000	504600	504000	504600	
511600	507000	511600	507000	511600	
506000	505600	506000	505600	506000	
498400	491000	498400	491000	498400	
495400	519600	495400	519600	495400	
520200	505000	520200	505000	520200	
510600	514600	510600	514600	510600	
516200	498400	516200	498400	516200	
491000	504600	491000	504600	491000	
497400	510600	497400	510600	497400	
511000	489400	511000	489400	511000	
510000	506000	510000	506000	510000	
510000	497000	510000	497000	510000	
508600	499000	508600	499000	508600	
508600	516200	508600	516200	508600	
499400	493400	499400	493400	499400	
514000	514000	514000	514000	514000	
508000	511600	508000	511600	508000	
494000	506600	494000	506600	494000	
513000	513000	513000	513000	513000	
501400	505600	501400	505600	501400	
488800	510000	488800	510000	488800	
488800	512600	488800	512600	488800	
495000	494000	495000	494000	495000	
504600	509600	504600	509600	504600	
497400	518600	497400	518600	497400	
503600	503000	503600	503000	503600	
507600	501000	507600	501000	507600	
519600	514000	519600	514000	519600	
490000	508600	490000	508600	490000	
496400	510000	496400	510000	496400	
500400	493400	500400	493400	500400	
490400	504600	490400	504600	490400	
514600	517200	514600	517200	514600	
506000	506000	506000	506000	506000	
504000	505000	504000	505000	504000	
509000	503600	509000	503600	509000	
500000	505000	500000	505000	500000	
511000	508600	511000	508600	511000	
497000	528200	497000	528200	497000	
508000	510600	508000	510600	508000	
496400	504600	496400	504600	496400	
498000	507600	498000	507600	498000	
498400	513000	498400	513000	498400	
503600	500000	503600	500000	503600	
493000	508000	493000	508000	493000	
496000	500000	496000	500000	496000	
497000	507600	497000	507600	497000	
499000	496400	499000	496400	499000	
510600	511000	510600	511000	510600	
499400	503000	499400	503000	499400	
516200	496000	516200	496000	516200	
510600	506600	510600	506600	510600	
508600	498000	508600	498000	508600	
507000	503600	507000	503600	507000	
517600	496400	517600	496400	517600	
511000	490000	511000	490000	511000	
503000	516200	503000	516200	503000	
518200	517200	518200	517200	518200	
511600	510600	511600	510600	511600	
498400	504000	498400	504000	498400	
517600	496000	517600	496000	517600	
505600	504000	505600	504000	505600	
500000	491400	500000	491400	500000	
510600	500000	510600	500000	510600	
507000	502000	507000	502000	507000	
506600	501000	506600	501000	506600	
498400	494000	498400	494000	498400	
495000	482400	495000	482400	495000	
503000	506000	503000	506000	503000	
507600	495000	507600	495000	507600	
491000	492400	491000	492400	491000	
503000	507000	503000	507000	503000	
508600	509000	508600	509000	508600	
509600	506000	509600	506000	509600	
494400	506600	494400	506600	494400	
504600	524200	504600	524200	504600	
504600	509600	504600	509600	504600	
510000	503600	510000	503600	510000	
501400	494000	501400	494000	501400	
492000	512000	492000	512000	492000	
507000	507000	507000	507000	507000	
520200	489400	520200	489400	520200	
504000	508600	504000	508600	504000	
495400	507000	495400	507000	495400	
521200	504000	521200	504000	521200	
510600	509600	510600	509600	510600	
499000	513600	499000	513600	499000	
507000	511000	507000	511000	507000	
501400	499400	501400	499400	501400	
509600	507000	509600	507000	509600	
506000	494400	506000	494400	506000	
512600	508600	512600	508600	512600	
513600	507600	513600	507600	513600	
499400	498400	499400	498400	499400	
498400	495400	498400	495400	498400	
505000	511000	505000	511000	505000	
508000	487800	508000	487800	508000	
501400	514600	501400	514600	501400	
510600	510000	510600	510000	510600	
511000	498400	511000	498400	511000	
500400	497400	500400	497400	500400	
517200	510000	517200	510000	517200	
500400	513000	500400	513000	500400	
502000	498000	502000	498000	502000	
499400	521200	499400	521200	499400	
486800	499400	486800	499400	486800	
508600	492000	508600	492000	508600	
501000	502600	501000	502600	501000	
497000	519200	497000	519200	497000	
515600	498400	515600	498400	515600	
512600	491400	512600	491400	512600	
497000	503000	497000	503000	497000	
502600	512000	502600	512000	502600	
500400	498400	500400	498400	500400	
505600	501000	505600	501000	505600	
492000	509600	492000	509600	492000	
495400	508600	495400	508600	495400	
515200	493000	515200	493000	515200	
512000	507000	512000	507000	512000	
488400	500400	488400	500400	488400	
506000	508600	506000	508600	506000	
500400	509000	500400	509000	500400	
508600	514600	508600	514600	508600	
510000	515600	510000	515600	510000	
498000	504000	498000	504000	498000	
513000	487800	513000	487800	513000	
503000	486400	503000	486400	503000	
494000	501000	494000	501000	494000	
505000	501400	505000	501400	505000	
497000	512000	497000	512000	497000	
501400	505000	501400	505000	501400	
504600	511000	504600	511000	504600	
508000	500400	508000	500400	508000	
523600	515600	523600	515600	523600	
498400	515200	498400	515200	498400	
495400	510600	495400	510600	495400	
499000	505600	499000	505600	499000	
505000	510000	505000	510000	505000	
500400	517600	500400	517600	500400	
515200	487400	515200	487400	515200	
497400	513000	497400	513000	497400	
494400	511600	494400	511600	494400	
512600	498000	512600	498000	512600	
511000	521600	511000	521600	511000	
507600	515600	507600	515600	507600	
503600	508600	503600	508600	503600	
495000	496400	495000	496400	495000	
506000	497000	506000	497000	506000	
516600	514600	516600	514600	516600	
513600	500400	513600	500400	513600	
507600	500000	507600	500000	507600	
501400	499000	501400	499000	501400	
506000	503600	506000	503600	506000	
516200	505000	516200	505000	516200	
498400	517200	498400	517200	498400	
503600	499000	503600	499000	503600	
511600	509600	511600	509600	511600	
508000	511600	508000	511600	508000	
501000	515600	501000	515600	501000	
502000	512600	502000	512600	502000	
516600	502600	516600	502600	516600	
517600	515600	517600	515600	517600	
519200	510600	519200	510600	519200	
507600	513600	507600	513600	507600	
516200	514000	516200	514000	516200	
495000	509000	495000	509000	495000	
502600	505600	502600	505600	502600	
500400	515200	500400	515200	500400	
511600	510600	511600	510600	511600	
500000	511000	500000	511000	500000	
508600	519600	508600	519600	508600	
505000	507600	505000	507600	505000	
510000	498400	510000	498400	510000	
498400	514000	498400	514000	498400	
504000	506600	504000	506600	504000	
506000	518600	506000	518600	506000	
494400	499400	494400	499400	494400	
510000	511000	510000	511000	510000	
512000	517200	512000	517200	512000	
523200	505000	523200	505000	523200	
505000	517200	505000	517200	505000	
504000	510600	504000	510600	504000	
507000	506600	507000	506600	507000	
505000	509600	505000	509600	505000	
508600	515600	508600	515600	508600	
514600	504600	514600	504600	514600	
504000	508000	504000	508000	504000	
517600	512000	517600	512000	517600	
486400	515600	486400	515600	486400	
486800	512600	486800	512600	486800	
515200	498000	515200	498000	515200	
511000	525200	511000	525200	511000	
505600	507000	505600	507000	505600	
497000	502600	497000	502600	497000	
501400	492000	501400	492000	501400	
525600	516200	525600	516200	525600	
504600	514600	504600	514600	504600	
505600	519600	505600	519600	505600	
507600	512000	507600	512000	507600	
501400	502000	501400	502000	501400	
519600	508000	519600	508000	519600	
498000	513000	498000	513000	498000	
508600	505600	508600	505600	508600	
507600	514000	507600	514000	507600	
509600	498000	509600	498000	509600	
511600	505000	511600	505000	511600	
491000	508600	491000	508600	491000	
492000	505600	492000	505600	492000	
504600	504000	504600	504000	504600	
494400	510000	494400	510000	494400	
493400	504600	493400	504600	493400	
502600	499000	502600	499000	502600	
499000	499400	499000	499400	499000	
504000	497000	504000	497000	504000	
505000	510000	505000	510000	505000	
507600	515200	507600	515200	507600	
495000	502600	495000	502600	495000	
507600	506600	507600	506600	507600	
502000	507600	502000	507600	502000	
491400	508000	491400	508000	491400	
515600	501400	515600	501400	515600	
496400	515200	496400	515200	496400	
487400	504000	487400	504000	487400	
492000	496400	492000	496400	492000	
504600	502000	504600	502000	504600	
517600	519600	517600	519600	517600	
498000	500400	498000	500400	498000	
514600	505000	514600	505000	514600	
488800	495000	488800	495000	488800	
498000	510000	498000	510000	498000	
516600	508600	516600	508600	516600	
500000	505000	500000	505000	500000	
500000	508600	500000	508600	500000	
503600	496400	503600	496400	503600	
518200	502000	518200	502000	518200	
492000	506000	492000	506000	492000	
514000	522600	514000	522600	514000	
503000	513000	503000	513000	503000	
514600	506000	514600	506000	514600	
515200	503000	515200	503000	515200	
506000	499000	506000	499000	506000	
501000	513000	501000	513000	501000	
515600	510600	515600	510600	515600	
513000	515200	513000	515200	513000	
501400	501400	501400	501400	501400	
502000	506600	502000	506600	502000	
499400	496400	499400	496400	499400	
515600	492000	515600	492000	515600	
505600	503600	505600	503600	505600	
495400	502600	495400	502600	495400	
511000	497000	511000	497000	511000	
513600	503000	513600	503000	513600	
505600	498000	505600	498000	505600	
486400	513600	486400	513600	486400	
509600	517200	509600	517200	509600	
516600	507600	516600	507600	516600	
495400	496400	495400	496400	495400	
505600	507000	505600	507000	505600	
502000	509600	502000	509600	502000	
506600	508600	506600	508600	506600	
503000	501400	503000	501400	503000	
500400	496000	500400	496000	500400	
524600	503600	524600	503600	524600	
487800	508600	487800	508600	487800	
491000	520200	491000	520200	491000	
508600	505600	508600	505600	508600	
503000	511000	503000	511000	503000	
508000	489400	508000	489400	508000	
495000	512000	495000	512000	495000	
509600	516200	509600	516200	509600	
506000	504600	506000	504600	506000	
499400	493400	499400	493400	499400	
511000	512600	511000	512600	511000	
523600	521200	523600	521200	523600	
505600	501000	505600	501000	505600	
510000	509000	510000	509000	510000	
501400	515600	501400	515600	501400	
502600	508000	502600	508000	502600	
492400	514600	492400	514600	492400	
499400	491400	499400	491400	499400	
503000	499400	503000	499400	503000	
508600	509600	508600	509600	508600	
511000	501000	511000	501000	511000	
509000	508000	509000	508000	509000	
513600	498400	513600	498400	513600	
502600	506600	502600	506600	502600	
506000	497400	506000	497400	506000	
495400	507600	495400	507600	495400	
504600	510000	504600	510000	504600	
502600	502000	502600	502000	502600	
490000	510000	490000	510000	490000	
511000	504600	511000	504600	511000	
497400	510600	497400	510600	497400	
501000	516200	501000	516200	501000	
503000	513000	503000	513000	503000	
512000	514000	512000	514000	512000	
499400	499000	499400	499000	499400	
510600	504000	510600	504000	510600	
509600	501000	509600	501000	509600	
512600	504600	512600	504600	512600	
495000	506000	495000	506000	495000	
493400	509600	493400	509600	493400	
508000	508000	508000	508000	508000	
525600	504600	525600	504600	525600	
501000	539400	501000	539400	501000	
503600	504000	503600	504000	503600	
506600	502600	506600	502600	506600	
492000	494000	492000	494000	492000	
508600	514000	508600	514000	508600	
499400	500400	499400	500400	499400	
497400	509000	497400	509000	497400	
491000	506000	491000	506000	491000	
516200	496000	516200	496000	516200	
508000	499000	508000	499000	508000	
504600	493000	504600	493000	504600	
510600	509600	510600	509600	510600	
501400	512000	501400	512000	501400	
506000	507000	506000	507000	506000	
491000	500400	491000	500400	491000	
510000	498400	510000	498400	510000	
504000	506600	504000	506600	504000	
496400	498000	496400	498000	496400	
510000	495400	510000	495400	510000	
505600	491000	505600	491000	505600	
501000	505000	501000	505000	501000	
515200	493000	515200	493000	515200	
505000	515200	505000	515200	505000	
502000	509600	502000	509600	502000	
498400	505600	498400	505600	498400	
506600	510600	506600	510600	506600	
514600	507600	514600	507600	514600	
514600	503600	514600	503600	514600	
508000	508600	508000	508600	508000	
510000	515600	510000	515600	510000	
506000	513000	506000	513000	506000	
510000	505600	510000	505600	510000	
520200	500400	520200	500400	520200	
517200	494000	517200	494000	517200	
490000	508600	490000	508600	490000	
491000	505600	491000	505600	491000	
522200	518600	522200	518600	522200	
504000	513000	504000	513000	504000	
507600	504000	507600	504000	507600	
502000	513000	502000	513000	502000	
511600	510600	511600	510600	511600	
506000	514000	506000	514000	506000	
502000	506600	502000	506600	502000	
496400	509000	496400	509000	496400	
507000	521600	507000	521600	507000	
502600	501000	502600	501000	502600	
508000	503000	508000	503000	508000	
508000	498000	508000	498000	508000	
507000	505600	507000	505600	507000	
503600	503600	503600	503600	503600	
517200	503600	517200	503600	517200	
503000	521600	503000	521600	503000	
501000	509000	501000	509000	501000	
493400	506600	493400	506600	493400	
499400	520600	499400	520600	499400	
512600	496400	512600	496400	512600	
511600	492400	511600	492400	511600	
514600	502600	514600	502600	514600	
496400	513000	496400	513000	496400	
497400	498000	497400	498000	497400	
503000	522200	503000	522200	503000	
495400	510000	495400	510000	495400	
504000	512000	504000	512000	504000	
508000	509600	508000	509600	508000	
509600	514000	509600	514000	509600	
518600	508000	518600	508000	518600	
494400	506000	494400	506000	494400	
486800	504000	486800	504000	486800	
495000	507600	495000	507600	495000	
504600	506000	504600	506000	504600	
502000	501000	502000	501000	502000	
496000	503000	496000	503000	496000	
504600	520200	504600	520200	504600	
509600	513600	509600	513600	509600	
501000	513000	501000	513000	501000	
501000	500400	501000	500400	501000	
517200	514600	517200	514600	517200	
490000	510000	490000	510000	490000	
499400	497400	499400	497400	499400	
518600	495400	518600	495400	518600	
505600	498000	505600	498000	505600	
499400	513000	499400	513000	499400	
512000	505000	512000	505000	512000	
488400	510600	488400	510600	488400	
494000	503600	494000	503600	494000	
494400	496000	494400	496000	494400	
519600	509600	519600	509600	519600	
501000	505600	501000	505600	501000	
503000	500000	503000	500000	503000	
501000	507600	501000	507600	501000	
512000	498000	512000	498000	512000	
497400	509600	497400	509600	497400	
504600	500400	504600	500400	504600	
508600	499000	508600	499000	508600	
499400	503600	499400	503600	499400	
510000	511000	510000	511000	510000	
504600	511600	504600	511600	504600	
504000	501000	504000	501000	504000	
509000	520600	509000	520600	509000	
514600	522600	514600	522600	514600	
505000	512600	505000	512600	505000	
496000	494400	496000	494400	496000	
504000	507600	504000	507600	504000	
493400	511000	493400	511000	493400	
505000	499000	505000	499000	505000	
508600	493000	508600	493000	508600	
506000	499000	506000	499000	506000	
503000	500400	503000	500400	503000	
508600	502600	508600	502600	508600	
496400	495400	496400	495400	496400	
492000	523600	492000	523600	492000	
493000	505600	493000	505600	493000	
516600	481800	516600	481800	516600	
513000	502000	513000	502000	513000	
492000	486400	492000	486400	492000	
509000	484400	509000	484400	509000	
497400	491400	497400	491400	497400	
505000	502000	505000	502000	505000	
509600	503000	509600	503000	509600	
506000	505000	506000	505000	506000	
504600	487800	504600	487800	504600	
509600	498400	509600	498400	509600	
502600	502000	502600	502000	502600	
518600	501400	518600	501400	518600	
501000	508600	501000	508600	501000	
519200	504000	519200	504000	519200	
496400	502000	496400	502000	496400	
501000	505000	501000	505000	501000	
508000	497400	508000	497400	508000	
497400	498000	497400	498000	497400	
505600	512000	505600	512000	505600	
499000	511000	499000	511000	499000	
504600	514600	504600	514600	504600	
496000	496400	496000	496400	496000	
519600	516200	519600	516200	519600	
510600	502000	510600	502000	510600	
510600	492400	510600	492400	510600	
502000	507000	502000	507000	502000	
505000	498000	505000	498000	505000	
516600	509000	516600	509000	516600	
517200	502000	517200	502000	517200	
504000	503000	504000	503000	504000	
498000	495400	498000	495400	498000	
519600	518200	519600	518200	519600	
501000	514600	501000	514600	501000	
505600	508000	505600	508000	505600	
503000	505600	503000	505600	503000	
506000	493400	506000	493400	506000	
515600	506000	515600	506000	515600	
515600	512000	515600	512000	515600	
490400	508000	490400	508000	490400	
514600	507600	514600	507600	514600	
511000	506600	511000	506600	511000	
506600	515200	506600	515200	506600	
506600	499000	506600	499000	506600	
498000	505000	498000	505000	498000	
515200	504600	515200	504600	515200	
501400	505000	501400	505000	501400	
509000	509600	509000	509600	509000	
496000	502600	496000	502600	496000	
506000	501400	506000	501400	506000	
503600	492000	503600	492000	503600	
494400	508600	494400	508600	494400	
508600	506600	508600	506600	508600	
501000	507000	501000	507000	501000	
501000	507600	501000	507600	501000	
502600	506000	502600	506000	502600	
518200	506000	518200	506000	518200	
515200	522200	515200	522200	515200	
494400	492400	494400	492400	494400	
507600	503600	507600	503600	507600	
495000	512000	495000	512000	495000	
517200	490000	517200	490000	517200	
508600	500000	508600	500000	508600	
509000	493000	509000	493000	509000	
507600	514600	507600	514600	507600	
513600	507000	513600	507000	513600	
510600	494000	510600	494000	510600	
500000	487800	500000	487800	500000	
502600	507600	502600	507600	502600	
510600	511000	510600	511000	510600	
502600	509600	502600	509600	502600	
504000	505000	504000	505000	504000	
501000	512000	501000	512000	501000	
507000	501400	507000	501400	507000	
519200	506600	519200	506600	519200	
499000	532800	499000	532800	499000	
506000	496400	506000	496400	506000	
497400	505000	497400	505000	497400	
506600	492400	506600	492400	506600	
521600	516200	521600	516200	521600	
497400	511000	497400	511000	497400	
506000	500000	506000	500000	506000	
505600	507600	505600	507600	505600	
492000	476800	492000	476800	492000	
512600	512000	512600	512000	512600	
497400	508600	497400	508600	497400	
509000	505000	509000	505000	509000	
494400	510600	494400	510600	494400	
496000	514600	496000	514600	496000	
498000	517200	498000	517200	498000	
498400	513000	498400	513000	498400	
503600	510600	503600	510600	503600	
509000	502000	509000	502000	509000	
503000	503000	503000	503000	503000	
500000	510600	500000	510600	500000	
516200	517600	516200	517600	516200	
498400	508000	498400	508000	498400	
495400	513000	495400	513000	495400	
500400	500400	500400	500400	500400	
507000	500000	507000	500000	507000	
506000	499400	506000	499400	506000	
508000	495000	508000	495000	508000	
491400	517600	491400	517600	491400	
497000	503000	497000	503000	497000	
505600	506000	505600	506000	505600	
504000	503600	504000	503600	504000	
503000	497400	503000	497400	503000	
503600	500400	503600	500400	503600	
510600	503600	510600	503600	510600	
509600	503000	509600	503000	509600	
504000	503600	504000	503600	504000	
504600	503600	504600	503600	504600	
511600	510000	511600	510000	511600	
500000	503600	500000	503600	500000	
502600	508600	502600	508600	502600	
504000	497400	504000	497400	504000	
518200	513600	518200	513600	518200	
494400	508000	494400	508000	494400	
500000	502600	500000	502600	500000	
504000	502000	504000	502000	504000	
499000	514600	499000	514600	499000	
508000	509600	508000	509600	508000	
512000	513000	512000	513000	512000	
511000	512000	511000	512000	511000	
497000	494000	497000	494000	497000	
502600	497000	502600	497000	502600	
508000	504600	508000	504600	508000	
512000	513600	512000	513600	512000	
505600	507000	505600	507000	505600	
495400	497000	495400	497000	495400	
509000	507600	509000	507600	509000	
507000	503000	507000	503000	507000	
500000	508600	500000	508600	500000	
499400	505600	499400	505600	499400	
489400	502600	489400	502600	489400	
507600	503600	507600	503600	507600	
517600	498400	517600	498400	517600	
496000	502000	496000	502000	496000	
501400	505600	501400	505600	501400	
495400	513000	495400	513000	495400	
507600	504600	507600	504600	507600	
509600	496000	509600	496000	509600	
498000	505000	498000	505000	498000	
497400	500400	497400	500400	497400	
499400	512600	499400	512600	499400	
503600	517200	503600	517200	503600	
510600	506000	510600	506000	510600	
515200	503600	515200	503600	515200	
496400	503000	496400	503000	496400	
520600	504000	520600	504000	520600	
504600	515600	504600	515600	504600	
504000	504000	504000	504000	504000	
504600	501400	504600	501400	504600	
515200	503600	515200	503600	515200	
510000	506000	510000	506000	510000	
499000	501400	499000	501400	499000	
497000	506000	497000	506000	497000	
502000	504600	502000	504600	502000	
507600	512600	507600	512600	507600	
498000	505000	498000	505000	498000	
489400	511600	489400	511600	489400	
507600	502000	507600	502000	507600	
502000	507000	502000	507000	502000	
499400	520200	499400	520200	499400	
510000	503600	510000	503600	510000	
499400	495400	499400	495400	499400	
497400	507000	497400	507000	497400	
502000	493400	502000	493400	502000	
518600	501000	518600	501000	518600	
513000	504600	513000	504600	513000	
494400	497400	494400	497400	494400	
509600	513600	509600	513600	509600	
506000	509600	506000	509600	506000	
493000	508600	493000	508600	493000	
497400	512000	497400	512000	497400	
510000	505600	510000	505600	510000	
511600	501400	511600	501400	511600	
494000	499400	494000	499400	494000	
521600	504000	521600	504000	521600	
499400	503000	499400	503000	499400	
505000	498400	505000	498400	505000	
492400	494400	492400	494400	492400	
494000	512600	494000	512600	494000	
507600	486800	507600	486800	507600	
499400	507600	499400	507600	499400	
507600	512000	507600	512000	507600	
504000	498000	504000	498000	504000	
504000	503000	504000	503000	504000	
495400	502600	495400	502600	495400	
513600	495400	513600	495400	513600	
504600	497000	504600	497000	504600	
509000	502000	509000	502000	509000	
521200	503600	521200	503600	521200	
514600	501000	514600	501000	514600	
498400	498400	498400	498400	498400	
512000	488400	512000	488400	512000	
497400	504000	497400	504000	497400	
503600	519600	503600	519600	503600	
501000	504600	501000	504600	501000	
504000	522200	504000	522200	504000	
504000	500000	504000	500000	504000	
507600	507000	507600	507000	507600	
514600	502600	514600	502600	514600	
510600	499000	510600	499000	510600	
492000	504000	492000	504000	492000	
507000	510000	507000	510000	507000	
498400	510600	498400	510600	498400	
496000	501000	496000	501000	496000	
514000	500400	514000	500400	514000	
496000	499000	496000	499000	496000	
497400	505000	497400	505000	497400	
504000	514000	504000	514000	504000	
521200	509600	521200	509600	521200	
511000	503000	511000	503000	511000	
501000	507600	501000	507600	501000	
519600	507600	519600	507600	519600	
506000	511000	506000	511000	506000	
510600	498400	510600	498400	510600	
500400	500400	500400	500400	500400	
496400	492400	496400	492400	496400	
516600	511600	516600	511600	516600	
492000	503600	492000	503600	492000	
502000	487800	502000	487800	502000	
497000	494000	497000	494000	497000	
515200	501000	515200	501000	515200	
511000	508600	511000	508600	511000	
510000	500400	510000	500400	510000	
504000	503000	504000	503000	504000	
515600	514000	515600	514000	515600	
509600	502600	509600	502600	509600	
504600	501000	504600	501000	504600	
503000	502000	503000	502000	503000	
508000	507600	508000	507600	508000	
511600	497000	511600	497000	511600	
500400	515200	500400	515200	500400	
499000	495400	499000	495400	499000	
498400	510000	498400	510000	498400	
511000	501400	511000	501400	511000	
504600	501400	504600	501400	504600	
506000	498400	506000	498400	506000	
508600	498400	508600	498400	508600	
499000	490000	499000	490000	499000	
515600	506600	515600	506600	515600	
501000	502600	501000	502600	501000	
491000	501000	491000	501000	491000	
506000	508000	506000	508000	506000	
506600	505000	506600	505000	506600	
508600	503000	508600	503000	508600	
494400	501000	494400	501000	494400	
500400	497400	500400	497400	500400	
503000	497000	503000	497000	503000	
508000	501400	508000	501400	508000	
503000	509600	503000	509600	503000	
495000	501400	495000	501400	495000	
485800	494400	485800	494400	485800	
498400	497400	498400	497400	498400	
500000	498400	500000	498400	500000	
510600	493400	510600	493400	510600	
488400	498400	488400	498400	488400	
502000	491000	502000	491000	502000	
500000	503600	500000	503600	500000	
501000	503000	501000	503000	501000	
518200	508600	518200	508600	518200	
506000	506000	506000	506000	506000	
506000	495400	506000	495400	506000	
516200	511600	516200	511600	516200	
501400	500400	501400	500400	501400	
500000	507000	500000	507000	500000	
502000	504000	502000	504000	502000	
496000	519600	496000	519600	496000	
497000	502600	497000	502600	497000	
505600	482800	505600	482800	505600	
500000	511600	500000	511600	500000	
497000	503000	497000	503000	497000	
496000	493400	496000	493400	496000	
497400	501000	497400	501000	497400	
505600	502600	505600	502600	505600	
506000	497400	506000	497400	506000	
500400	500400	500400	500400	500400	
501000	492400	501000	492400	501000	
507600	506600	507600	506600	507600	
503600	510000	503600	510000	503600	
497000	491400	497000	491400	497000	
498000	506000	498000	506000	498000	
509600	520200	509600	520200	509600	
491400	492000	491400	492000	491400	
496400	491000	496400	491000	496400	
511600	508600	511600	508600	511600	
500000	503000	500000	503000	500000	
499400	484800	499400	484800	499400	
497400	502000	497400	502000	497400	
502000	494400	502000	494400	502000	
502600	500000	502600	500000	502600	
498000	512600	498000	512600	498000	
509600	507600	509600	507600	509600	
503600	496000	503600	496000	503600	
500000	509000	500000	509000	500000	
502000	499000	502000	499000	502000	
509000	510000	509000	510000	509000	
509600	495400	509600	495400	509600	
504600	500000	504600	500000	504600	
495000	505600	495000	505600	495000	
508000	508600	508000	508600	508000	
506600	491000	506600	491000	506600	
515600	490400	515600	490400	515600	
500000	497000	500000	497000	500000	
509600	481400	509600	481400	509600	
517200	508000	517200	508000	517200	
499000	494400	499000	494400	499000	
495400	499000	495400	499000	495400	
510000	508600	510000	508600	510000	
504600	511600	504600	511600	504600	
505600	507000	505600	507000	505600	
495400	504000	495400	504000	495400	
508600	504600	508600	504600	508600	
498000	501000	498000	501000	498000	
504000	508600	504000	508600	504000	
508600	507600	508600	507600	508600	
503600	504000	503600	504000	503600	
504000	509000	504000	509000	504000	
497000	503600	497000	503600	497000	
502000	513000	502000	513000	502000	
517200	494400	517200	494400	517200	
505600	500000	505600	500000	505600	
502000	506600	502000	506600	502000	
501400	506600	501400	506600	501400	
478800	504600	478800	504600	478800	
499400	500000	499400	500000	499400	
506600	511000	506600	511000	506600	
505000	509000	505000	509000	505000	
502600	512000	502600	512000	502600	
505600	519200	505600	519200	505600	
514600	511000	514600	511000	514600	
492000	508600	492000	508600	492000	
513600	501400	513600	501400	513600	
516200	491000	516200	491000	516200	
495400	504600	495400	504600	495400	
514000	495400	514000	495400	514000	
514000	525200	514000	525200	514000	
499400	518600	499400	518600	499400	
508000	498400	508000	498400	508000	
503600	514000	503600	514000	503600	
506000	507600	506000	507600	506000	
508000	508600	508000	508600	508000	
492400	510000	492400	510000	492400	
503000	498000	503000	498000	503000	
495400	516200	495400	516200	495400	
505000	497400	505000	497400	505000	
501000	497000	501000	497000	501000	
520200	497000	520200	497000	520200	
506600	502000	506600	502000	506600	
507600	502000	507600	502000	507600	
500400	497400	500400	497400	500400	
512600	495400	512600	495400	512600	
494000	513600	494000	513600	494000	
503000	505000	503000	505000	503000	
519600	499000	519600	499000	519600	
505000	507600	505000	507600	505000	
500000	509600	500000	509600	500000	
494000	509600	494000	509600	494000	
495400	499400	495400	499400	495400	
507600	485400	507600	485400	507600	
487400	496400	487400	496400	487400	
498000	500400	498000	500400	498000	
502000	498400	502000	498400	502000	
491400	509600	491400	509600	491400	
504600	495400	504600	495400	504600	
504600	510000	504600	510000	504600	
494000	513000	494000	513000	494000	
510000	502000	510000	502000	510000	
517600	506600	517600	506600	517600	
504000	490400	504000	490400	504000	
516200	498000	516200	498000	516200	
505000	510600	505000	510600	505000	
482800	503000	482800	503000	482800	
513600	500000	513600	500000	513600	
512000	500000	512000	500000	512000	
498000	511000	498000	511000	498000	
512600	495000	512600	495000	512600	
500400	507600	500400	507600	500400	
500400	513000	500400	513000	500400	
490000	495000	490000	495000	490000	
503000	511600	503000	511600	503000	
492000	501400	492000	501400	492000	
520200	504600	520200	504600	520200	
514000	504600	514000	504600	514000	
485800	506600	485800	506600	485800	
519600	510600	519600	510600	519600	
505000	502600	505000	502600	505000	
503000	495000	503000	495000	503000	
506000	488800	506000	488800	506000	
505000	498000	505000	498000	505000	
496400	511000	496400	511000	496400	
501400	496000	501400	496000	501400	
505600	505600	505600	505600	505600	
501000	509600	501000	509600	501000	
494400	512000	494400	512000	494400	
506000	517600	506000	517600	506000	
506600	503000	506600	503000	506600	
502600	507600	502600	507600	502600	
496400	492400	496400	492400	496400	
491000	512000	491000	512000	491000	
515200	505600	515200	505600	515200	
507000	507600	507000	507600	507000	
508000	507600	508000	507600	508000	
501000	493000	501000	493000	501000	
499400	518200	499400	518200	499400	
490400	512600	490400	512600	490400	
503600	500400	503600	500400	503600	
514000	509600	514000	509600	514000	
508600	487400	508600	487400	508600	
500400	508000	500400	508000	500400	
494000	502000	494000	502000	494000	
499400	497000	499400	497000	499400	
498000	515600	498000	515600	498000	
504000	512600	504000	512600	504000	
503000	494000	503000	494000	503000	
506000	495000	506000	495000	506000	
494400	505600	494400	505600	494400	
498000	513600	498000	513600	498000	
506000	501000	506000	501000	506000	
493400	508000	493400	508000	493400	
507000	508600	507000	508600	507000	
502000	496400	502000	496400	502000	
512000	501400	512000	501400	512000	
506000	498400	506000	498400	506000	
506600	504000	506600	504000	506600	
493400	501000	493400	501000	493400	
501000	500000	501000	500000	501000	
491000	510600	491000	510600	491000	
501000	520200	501000	520200	501000	
498000	502000	498000	502000	498000	
501400	504600	501400	504600	501400	
502600	505000	502600	505000	502600	
507600	512000	507600	512000	507600	
498400	495000	498400	495000	498400	
507000	502000	507000	502000	507000	
513600	509000	513600	509000	513600	
507000	504600	507000	504600	507000	
509600	499000	509600	499000	509600	
511000	510600	511000	510600	511000	
504600	506000	504600	506000	504600	
505600	495400	505600	495400	505600	
494400	512000	494400	512000	494400	
514600	504600	514600	504600	514600	
513600	520200	513600	520200	513600	
510000	502000	510000	502000	510000	
500400	519600	500400	519600	500400	
515200	509000	515200	509000	515200	
498000	501000	498000	501000	498000	
508600	513000	508600	513000	508600	
514000	503000	514000	503000	514000	
499000	506600	499000	506600	499000	
508600	527800	508600	527800	508600	
505000	499400	505000	499400	505000	
506000	510600	506000	510600	506000	
492000	507600	492000	507600	492000	
502600	504000	502600	504000	502600	
498000	502600	498000	502600	498000	
497400	502600	497400	502600	497400	
512000	506000	512000	506000	512000	
505000	500400	505000	500400	505000	
503000	516200	503000	516200	503000	
508000	507000	508000	507000	508000	
487400	499000	487400	499000	487400	
510000	501000	510000	501000	510000	
501400	501000	501400	501000	501400	
513600	504000	513600	504000	513600	
501000	497400	501000	497400	501000	
491400	500400	491400	500400	491400	
507000	508600	507000	508600	507000	
509600	502600	509600	502600	509600	
505600	503000	505600	503000	505600	
498400	511600	498400	511600	498400	
510600	498000	510600	498000	510600	
507600	495000	507600	495000	507600	
492400	505000	492400	505000	492400	
492400	495400	492400	495400	492400	
509000	493400	509000	493400	509000	
492000	502000	492000	502000	492000	
499400	513600	499400	513600	499400	
502000	510600	502000	510600	502000	
517200	503600	517200	503600	517200	
510600	505600	510600	505600	510600	
511000	511000	511000	511000	511000	
523600	510600	523600	510600	523600	
499000	500000	499000	500000	499000	
496400	510600	496400	510600	496400	
504000	517600	504000	517600	504000	
505600	502600	505600	502600	505600	
512600	501000	512600	501000	512600	
505600	485800	505600	485800	505600	
501000	503000	501000	503000	501000	
513000	512600	513000	512600	513000	
497400	516200	497400	516200	497400	
498000	510600	498000	510600	498000	
508600	503000	508600	503000	508600	
493400	509600	493400	509600	493400	
509600	511000	509600	511000	509600	
501400	518200	501400	518200	501400	
507000	503000	507000	503000	507000	
486800	500400	486800	500400	486800	
498400	501400	498400	501400	498400	
512600	510600	512600	510600	512600	
502600	512000	502600	512000	502600	
510600	505600	510600	505600	510600	
508600	508000	508600	508000	508600	
513000	480400	513000	480400	513000	
516200	512000	516200	512000	516200	
520200	522200	520200	522200	520200	
496000	518600	496000	518600	496000	
491000	513000	491000	513000	491000	
511600	504000	511600	504000	511600	
496000	518200	496000	518200	496000	
513000	504000	513000	504000	513000	
512000	508000	512000	508000	512000	
495400	509600	495400	509600	495400	
500400	510000	500400	510000	500400	
490000	508000	490000	508000	490000	
511600	504000	511600	504000	511600	
514000	506000	514000	506000	514000	
492400	498400	492400	498400	492400	
501000	513000	501000	513000	501000	
511000	502000	511000	502000	511000	
506600	512000	506600	512000	506600	
512000	487800	512000	487800	512000	
500000	521200	500000	521200	500000	
499400	503600	499400	503600	499400	
513600	519200	513600	519200	513600	
508000	515200	508000	515200	508000	
505000	510000	505000	510000	505000	
505000	505600	505000	505600	505000	
506600	499400	506600	499400	506600	
518600	506600	518600	506600	518600	
498000	505600	498000	505600	498000	
499400	517200	499400	517200	499400	
505600	512600	505600	512600	505600	
506000	507600	506000	507600	506000	
516200	485800	516200	485800	516200	
506000	509600	506000	509600	506000	
507600	505600	507600	505600	507600	
495400	496000	495400	496000	495400	
503000	499400	503000	499400	503000	
511000	497000	511000	497000	511000	
501000	512600	501000	512600	501000	
500400	515600	500400	515600	500400	
501400	497000	501400	497000	501400	
498400	502600	498400	502600	498400	
512600	508600	512600	508600	512600	
512600	490000	512600	490000	512600	
500000	494400	500000	494400	500000	
509600	497400	509600	497400	509600	
503000	508000	503000	508000	503000	
495000	497000	495000	497000	495000	
515200	505000	515200	505000	515200	
496000	511000	496000	511000	496000	
514600	505600	514600	505600	514600	
504600	513000	504600	513000	504600	
492400	497400	492400	497400	492400	
515600	507600	515600	507600	515600	
508000	502600	508000	502600	508000	
500000	506600	500000	506600	500000	
504000	505600	504000	505600	504000	
496000	509600	496000	509600	496000	
496400	501400	496400	501400	496400	
488800	499000	488800	499000	488800	
511000	497000	511000	497000	511000	
500000	495400	500000	495400	500000	
505000	509600	505000	509600	505000	
498000	505600	498000	505600	498000	
505600	492400	505600	492400	505600	
512600	522600	512600	522600	512600	
511000	507600	511000	507600	511000	
502600	506600	502600	506600	502600	
502000	503600	502000	503600	502000	
508600	504000	508600	504000	508600	
507000	513000	507000	513000	507000	
502600	514600	502600	514600	502600	
510000	511000	510000	511000	510000	
508000	499400	508000	499400	508000	
509000	507000	509000	507000	509000	
496400	493400	496400	493400	496400	
509000	508000	509000	508000	509000	
507000	500400	507000	500400	507000	
498000	505600	498000	505600	498000	
511600	496400	511600	496400	511600	
513000	510600	513000	510600	513000	
500400	509000	500400	509000	500400	
504600	503000	504600	503000	504600	
519200	499400	519200	499400	519200	
517600	507000	517600	507000	517600	
504600	503000	504600	503000	504600	
500000	504600	500000	504600	500000	
514000	502600	514000	502600	514000	
510600	503600	510600	503600	510600	
508600	505600	508600	505600	508600	
501000	508600	501000	508600	501000	
518200	496000	518200	496000	518200	
498000	512000	498000	512000	498000	
499000	502600	499000	502600	499000	
509000	510600	509000	510600	509000	
512600	511000	512600	511000	512600	
510000	498000	510000	498000	510000	
513000	503000	513000	503000	513000	
488400	502000	488400	502000	488400	
507600	502000	507600	502000	507600	
503000	511600	503000	511600	503000	
511000	501000	511000	501000	511000	
505600	511600	505600	511600	505600	
495000	499000	495000	499000	495000	
504600	502000	504600	502000	504600	
515600	496400	515600	496400	515600	
516600	503600	516600	503600	516600	
509600	501400	509600	501400	509600	
500400	500400	500400	500400	500400	
498000	496000	498000	496000	498000	
499400	509000	499400	509000	499400	
486800	514600	486800	514600	486800	
496400	505600	496400	505600	496400	
501000	510000	501000	510000	501000	
497000	502000	497000	502000	497000	
505600	497400	505600	497400	505600	
506600	509000	506600	509000	506600	
503000	496400	503000	496400	503000	
508600	499000	508600	499000	508600	
505600	498000	505600	498000	505600	
487400	508600	487400	508600	487400	
508000	501400	508000	501400	508000	
493400	505000	493400	505000	493400	
506000	514600	506000	514600	506000	
499400	500000	499400	500000	499400	
495400	507000	495400	507000	495400	
498000	504600	498000	504600	498000	
507600	502600	507600	502600	507600	
504000	497000	504000	497000	504000	
504600	500000	504600	500000	504600	
506600	499400	506600	499400	506600	
503000	494000	503000	494000	503000	
503600	511000	503600	511000	503600	
500000	511600	500000	511600	500000	
497000	516200	497000	516200	497000	
499000	504600	499000	504600	499000	
515600	503000	515600	503000	515600	
514600	497400	514600	497400	514600	
492000	502600	492000	502600	492000	
505600	503000	505600	503000	505600	
494400	513000	494400	513000	494400	
506600	492400	506600	492400	506600	
499000	511600	499000	511600	499000	
493000	507000	493000	507000	493000	
513600	512600	513600	512600	513600	
500000	489400	500000	489400	500000	
498000	502000	498000	502000	498000	
505600	499400	505600	499400	505600	
495400	503600	495400	503600	495400	
507600	501000	507600	501000	507600	
502000	511600	502000	511600	502000	
503000	497000	503000	497000	503000	
500400	500400	500400	500400	500400	
498400	512600	498400	512600	498400	
518600	520600	518600	520600	518600	
515200	513600	515200	513600	515200	
511600	517600	511600	517600	511600	
513000	502000	513000	502000	513000	
510000	497000	510000	497000	510000	
514000	498000	514000	498000	514000	
508600	509600	508600	509600	508600	
517600	517600	517600	517600	517600	
503600	497000	503600	497000	503600	
505000	489400	505000	489400	505000	
493000	495000	493000	495000	493000	
508000	495400	508000	495400	508000	
502600	495400	502600	495400	502600	
504600	499400	504600	499400	504600	
512600	510600	512600	510600	512600	
505600	514600	505600	514600	505600	
508000	505600	508000	505600	508000	
504000	514600	504000	514600	504000	
506000	505600	506000	505600	506000	
507000	507000	507000	507000	507000	
502600	490000	502600	490000	502600	
507000	512600	507000	512600	507000	
506000	500000	506000	500000	506000	
502000	500400	502000	500400	502000	
516600	508600	516600	508600	516600	
512000	507000	512000	507000	512000	
498400	517200	498400	517200	498400	
500000	496000	500000	496000	500000	
508000	504000	508000	504000	508000	
504000	491000	504000	491000	504000	
506000	506600	506000	506600	506000	
494000	505600	494000	505600	494000	
503000	505000	503000	505000	503000	
506000	509000	506000	509000	506000	
502000	521600	502000	521600	502000	
506000	497000	506000	497000	506000	
511000	510600	511000	510600	511000	
518600	510600	518600	510600	518600	
486800	499400	486800	499400	486800	
513000	495400	513000	495400	513000	
506000	510600	506000	510600	506000	
504600	507000	504600	507000	504600	
503000	503000	503000	503000	503000	
502600	508600	502600	508600	502600	
508600	508600	508600	508600	508600	
517200	503000	517200	503000	517200	
512000	503600	512000	503600	512000	
495400	506600	495400	506600	495400	
513000	502000	513000	502000	513000	
501000	509000	501000	509000	501000	
499400	508600	499400	508600	499400	
497000	509600	497000	509600	497000	
513600	507000	513600	507000	513600	
497400	510000	497400	510000	497400	
510600	493400	510600	493400	510600	
511600	508000	511600	508000	511600	
499400	499400	499400	499400	499400	
508600	503600	508600	503600	508600	
516600	500000	516600	500000	516600	
495000	506600	495000	506600	495000	
486400	505000	486400	505000	486400	
509600	500400	509600	500400	509600	
493000	505600	493000	505600	493000	
500000	511000	500000	511000	500000	
507600	499000	507600	499000	507600	
497000	525600	497000	525600	497000	
481400	508000	481400	508000	481400	
505600	513600	505600	513600	505600	
503000	498400	503000	498400	503000	
524600	509600	524600	509600	524600	
509600	498400	509600	498400	509600	
502600	509000	502600	509000	502600	
509600	503600	509600	503600	509600	
511600	506000	511600	506000	511600	
505000	501400	505000	501400	505000	
503600	503000	503600	503000	503600	
512000	509600	512000	509600	512000	
509600	512600	509600	512600	509600	
497400	508000	497400	508000	497400	
499400	517600	499400	517600	499400	
492400	493400	492400	493400	492400	
495000	510600	495000	510600	495000	
509600	501000	509600	501000	509600	
488400	499000	488400	499000	488400	
503600	498400	503600	498400	503600	
495000	497400	495000	497400	495000	
509600	512000	509600	512000	509600	
499400	509600	499400	509600	499400	
512000	504600	512000	504600	512000	
507600	503000	507600	503000	507600	
515600	498400	515600	498400	515600	
504600	490000	504600	490000	504600	
503600	498400	503600	498400	503600	
500000	506000	500000	506000	500000	
498400	485400	498400	485400	498400	
485400	503000	485400	503000	485400	
512000	503000	512000	503000	512000	
495400	499000	495400	499000	495400	
494000	504000	494000	504000	494000	
497000	504600	497000	504600	497000	
489400	502600	489400	502600	489400	
506000	507600	506000	507600	506000	
494400	500400	494400	500400	494400	
499000	491000	499000	491000	499000	
495400	509000	495400	509000	495400	
505600	499000	505600	499000	505600	
513000	501400	513000	501400	513000	
513000	497000	513000	497000	513000	
528800	520600	528800	520600	528800	
505600	514600	505600	514600	505600	
506600	498400	506600	498400	506600	
505600	508600	505600	508600	505600	
505600	512600	505600	512600	505600	
495000	509000	495000	509000	495000	
491400	504000	491400	504000	491400	
506000	507000	506000	507000	506000	
495400	510000	495400	510000	495400	
505600	508000	505600	508000	505600	
509600	506600	509600	506600	509600	
490400	501000	490400	501000	490400	
508000	502600	508000	502600	508000	
502600	498000	502600	498000	502600	
509600	496000	509600	496000	509600	
495400	502000	495400	502000	495400	
506000	507600	506000	507600	506000	
486800	508000	486800	508000	486800	
496000	497000	496000	497000	496000	
496400	508000	496400	508000	496400	
503600	497000	503600	497000	503600	
513000	499400	513000	499400	513000	
492400	510000	492400	510000	492400	
497000	496400	497000	496400	497000	
502000	514000	502000	514000	502000	
504600	491400	504600	491400	504600	
503600	513600	503600	513600	503600	
500000	506000	500000	506000	500000	
493400	499000	493400	499000	493400	
512000	498000	512000	498000	512000	
509000	502600	509000	502600	509000	
521600	509600	521600	509600	521600	
496000	502000	496000	502000	496000	
502600	508600	502600	508600	502600	
500000	513000	500000	513000	500000	
506600	484800	506600	484800	506600	
498400	512600	498400	512600	498400	
514000	503000	514000	503000	514000	
497000	496000	497000	496000	497000	
493000	507600	493000	507600	493000	
500000	512600	500000	512600	500000	
499000	494000	499000	494000	499000	
515200	506600	515200	506600	515200	
504600	507000	504600	507000	504600	
491400	503600	491400	503600	491400	
505000	510000	505000	510000	505000	
506600	494000	506600	494000	506600	
507600	496000	507600	496000	507600	
497000	494400	497000	494400	497000	
505600	515600	505600	515600	505600	
500400	507000	500400	507000	500400	
512000	506000	512000	506000	512000	
510600	497000	510600	497000	510600	
499400	501000	499400	501000	499400	
513600	515600	513600	515600	513600	
494000	519600	494000	519600	494000	
510000	501000	510000	501000	510000	
499000	506600	499000	506600	499000	
501400	509600	501400	509600	501400	
507600	497400	507600	497400	507600	
508000	508600	508000	508600	508000	
510000	508600	510000	508600	510000	
511600	500000	511600	500000	511600	
497400	513600	497400	513600	497400	
513600	492400	513600	492400	513600	
505000	506000	505000	506000	505000	
505000	500000	505000	500000	505000	
503600	507000	503600	507000	503600	
513600	498400	513600	498400	513600	
509600	506000	509600	506000	509600	
499400	509000	499400	509000	499400	
508600	504000	508600	504000	508600	
516600	506600	516600	506600	516600	
500400	505000	500400	505000	500400	
508600	497000	508600	497000	508600	
506600	519600	506600	519600	506600	
490000	496000	490000	496000	490000	
505000	505000	505000	505000	505000	
500000	509600	500000	509600	500000	
519200	506600	519200	506600	519200	
508000	499400	508000	499400	508000	
506000	493000	506000	493000	506000	
516600	513600	516600	513600	516600	
508000	510600	508000	510600	508000	
509600	508000	509600	508000	509600	
512000	488400	512000	488400	512000	
504000	501400	504000	501400	504000	
501000	499400	501000	499400	501000	
493000	506000	493000	506000	493000	
503600	508000	503600	508000	503600	
505000	495000	505000	495000	505000	
507000	493400	507000	493400	507000	
503600	501400	503600	501400	503600	
496400	507000	496400	507000	496400	
510600	505000	510600	505000	510600	
510600	505600	510600	505600	510600	
493400	506600	493400	506600	493400	
493400	500400	493400	500400	493400	
507000	494400	507000	494400	507000	
504000	495400	504000	495400	504000	
497000	493400	497000	493400	497000	
502600	515200	502600	515200	502600	
502600	495000	502600	495000	502600	
499400	499000	499400	499000	499400	
508000	504600	508000	504600	508000	
499400	506600	499400	506600	499400	
512000	500400	512000	500400	512000	
511000	502600	511000	502600	511000	
499400	514600	499400	514600	499400	
513000	508000	513000	508000	513000	
498400	507000	498400	507000	498400	
500000	506000	500000	506000	500000	
505600	495000	505600	495000	505600	
501400	524200	501400	524200	501400	
509600	520200	509600	520200	509600	
516200	503600	516200	503600	516200	
510000	505000	510000	505000	510000	
498400	495400	498400	495400	498400	
506600	506000	506600	506000	506600	
508600	510000	508600	510000	508600	
512000	506600	512000	506600	512000	
504000	502600	504000	502600	504000	
515200	500400	515200	500400	515200	
516200	504000	516200	504000	516200	
501000	511000	501000	511000	501000	
523200	499000	523200	499000	523200	
497000	502000	497000	502000	497000	
502600	510000	502600	510000	502600	
504000	514000	504000	514000	504000	
510600	505600	510600	505600	510600	
485400	507600	485400	507600	485400	
506600	507000	506600	507000	506600	
518200	506000	518200	506000	518200	
508000	511000	508000	511000	508000	
493000	494400	493000	494400	493000	
500400	510600	500400	510600	500400	
490000	509600	490000	509600	490000	
522200	503000	522200	503000	522200	
487800	496400	487800	496400	487800	
506600	506000	506600	506000	506600	
505000	504000	505000	504000	505000	
503000	504600	503000	504600	503000	
495000	506600	495000	506600	495000	
503000	511000	503000	511000	503000	
496000	491000	496000	491000	496000	
499400	505000	499400	505000	499400	
500400	512000	500400	512000	500400	
513600	498000	513600	498000	513600	
504600	515600	504600	515600	504600	
494000	498400	494000	498400	494000	
504600	504600	504600	504600	504600	
498000	510000	498000	510000	498000	
504600	514000	504600	514000	504600	
507000	504600	507000	504600	507000	
505000	504000	505000	504000	505000	
510000	497000	510000	497000	510000	
510000	510000	510000	510000	510000	
509000	501000	509000	501000	509000	
503600	501000	503600	501000	503600	
494400	502000	494400	502000	494400	
495000	505600	495000	505600	495000	
503000	514000	503000	514000	503000	
506600	512600	506600	512600	506600	
496400	499400	496400	499400	496400	
512000	511000	512000	511000	512000	
509600	504600	509600	504600	509600	
482400	504000	482400	504000	482400	
511000	508000	511000	508000	511000	
516200	492400	516200	492400	516200	
490000	508600	490000	508600	490000	
502600	507000	502600	507000	502600	
493000	493000	493000	493000	493000	
498400	521200	498400	521200	498400	
505000	508000	505000	508000	505000	
507000	497000	507000	497000	507000	
498000	497400	498000	497400	498000	
496400	499400	496400	499400	496400	
495000	502600	495000	502600	495000	
506600	495000	506600	495000	506600	
503600	504600	503600	504600	503600	
504000	497400	504000	497400	504000	
507000	509600	507000	509600	507000	
497400	515200	497400	515200	497400	
501000	514600	501000	514600	501000	
499400	513000	499400	513000	499400	
512000	499400	512000	499400	512000	
502600	490400	502600	490400	502600	
514600	503600	514600	503600	514600	
495400	504000	495400	504000	495400	
498400	516600	498400	516600	498400	
506000	511600	506000	511600	506000	
505000	493000	505000	493000	505000	
498000	510600	498000	510600	498000	
502600	502000	502600	502000	502600	
511000	504000	511000	504000	511000	
510000	508600	510000	508600	510000	
493400	501400	493400	501400	493400	
505000	505000	505000	505000	505000	
516200	500000	516200	500000	516200	
493400	510000	493400	510000	493400	
501000	521200	501000	521200	501000	
496400	500400	496400	500400	496400	
514600	502600	514600	502600	514600	
514000	517200	514000	517200	514000	
509600	506000	509600	506000	509600	
506600	494400	506600	494400	506600	
488800	507000	488800	507000	488800	
500000	507000	500000	507000	500000	
510000	497400	510000	497400	510000	
506600	501000	506600	501000	506600	
512000	506000	512000	506000	512000	
499400	493400	499400	493400	499400	
503000	489400	503000	489400	503000	
501000	482400	501000	482400	501000	
511000	501400	511000	501400	511000	
517200	508000	517200	508000	517200	
495400	508600	495400	508600	495400	
489400	497400	489400	497400	489400	
502600	508000	502600	508000	502600	
497400	498400	497400	498400	497400	
505600	503000	505600	503000	505600	
481400	504000	481400	504000	481400	
501400	517600	501400	517600	501400	
513000	505000	513000	505000	513000	
500400	525200	500400	525200	500400	
508600	505600	508600	505600	508600	
492400	517200	492400	517200	492400	
513600	499400	513600	499400	513600	
496400	503600	496400	503600	496400	
508000	510600	508000	510600	508000	
505000	500400	505000	500400	505000	
514000	495400	514000	495400	514000	
495400	502600	495400	502600	495400	
514000	517600	514000	517600	514000	
510000	511000	510000	511000	510000	
500400	503000	500400	503000	500400	
511000	509600	511000	509600	511000	
513600	481800	513600	481800	513600	
513000	513600	513000	513600	513000	
495000	509600	495000	509600	495000	
506000	503600	506000	503600	506000	
509600	509600	509600	509600	509600	
503600	505000	503600	505000	503600	
506600	501400	506600	501400	506600	
503600	508600	503600	508600	503600	
497000	511600	497000	511600	497000	
494400	508600	494400	508600	494400	
490400	517600	490400	517600	490400	
504000	501400	504000	501400	504000	
510600	503000	510600	503000	510600	
499400	505600	499400	505600	499400	
509000	496000	509000	496000	509000	
503000	502600	503000	502600	503000	
491000	487400	491000	487400	491000	
500000	505600	500000	505600	500000	
504600	518600	504600	518600	504600	
495400	513000	495400	513000	495400	
500400	496000	500400	496000	500400	
510600	505600	510600	505600	510600	
500000	498400	500000	498400	500000	
506000	505000	506000	505000	506000	
505600	507600	505600	507600	505600	
500000	512000	500000	512000	500000	
521200	507600	521200	507600	521200	
495000	499000	495000	499000	495000	
513000	493400	513000	493400	513000	
505600	504600	505600	504600	505600	
517200	499000	517200	499000	517200	
505600	498400	505600	498400	505600	
500400	494400	500400	494400	500400	
502600	495400	502600	495400	502600	
501400	504000	501400	504000	501400	
510600	503600	510600	503600	510600	
502600	506000	502600	506000	502600	
500000	514000	500000	514000	500000	
509000	497400	509000	497400	509000	
500400	494000	500400	494000	500400	
498000	499400	498000	499400	498000	
515200	507000	515200	507000	515200	
507000	498000	507000	498000	507000	
505600	506600	505600	506600	505600	
502000	496000	502000	496000	502000	
493000	500400	493000	500400	493000	
504600	513600	504600	513600	504600	
509600	497000	509600	497000	509600	
506600	515200	506600	515200	506600	
506600	515200	506600	515200	506600	
506600	515200	506600	515200	506600	
