425	425	425	425	425	
713825	713825	713825	713825	713825	
54675	54175	54675	54175	54675	
52600	50850	52600	50850	52600	
50850	52175	50850	52175	50850	
50275	52550	50275	52550	50275	
51350	51975	51350	51975	51350	
50975	53425	50975	53425	50975	
52350	51225	52350	51225	52350	
50200	51025	50200	51025	50200	
52475	53350	52475	53350	52475	
53225	52300	53225	52300	53225	
52675	54800	52675	54800	52675	
53225	54550	53225	54550	53225	
51275	53625	51275	53625	51275	
54925	54125	54925	54125	54925	
55575	55375	55575	55375	55575	
55575	55625	55575	55625	55575	
56450	55875	56450	55875	56450	
57025	56775	57025	56775	57025	
56700	56500	56700	56500	56700	
57400	57900	57400	57900	57400	
57275	57650	57275	57650	57275	
58850	57150	58850	57150	58850	
60100	59350	60100	59350	60100	
57700	58975	57700	58975	57700	
59650	58275	59650	58275	59650	
58600	58775	58600	58775	58600	
59400	61550	59400	61550	59400	
59800	60425	59800	60425	59800	
62125	60725	62125	60725	62125	
62300	62000	62300	62000	62300	
61675	62500	61675	62500	61675	
61800	61500	61800	61500	61800	
62375	62425	62375	62425	62375	
62675	63625	62675	63625	62675	
61750	61875	61750	61875	61750	
62425	62625	62425	62625	62425	
62250	63125	62250	63125	62250	
62950	63700	62950	63700	62950	
63450	64700	63450	64700	63450	
63250	62825	63250	62825	63250	
62050	62050	62050	62050	62050	
63750	61675	63750	61675	63750	
60425	63075	60425	63075	60425	
64075	62825	64075	62825	64075	
63625	62375	63625	62375	63625	
63875	63000	63875	63000	63875	
62375	62825	62375	62825	62375	
62950	63750	62950	63750	62950	
65275	62875	65275	62875	65275	
61550	62300	61550	62300	61550	
62675	63375	62675	63375	62675	
63325	62875	63325	62875	63325	
64325	64250	64325	64250	64325	
62750	62950	62750	62950	62750	
63250	59975	63250	59975	63250	
62175	63075	62175	63075	62175	
62875	62050	62875	62050	62875	
62125	63125	62125	63125	62125	
61500	62950	61500	62950	61500	
61750	63625	61750	63625	61750	
63700	62125	63700	62125	63700	
61925	63000	61925	63000	61925	
60550	60800	60550	60800	60550	
61750	62425	61750	62425	61750	
63750	61925	63750	61925	63750	
62175	62675	62175	62675	62175	
62050	63375	62050	63375	62050	
64125	63625	64125	63625	64125	
60975	61675	60975	61675	60975	
62625	62825	62625	62825	62625	
62050	61800	62050	61800	62050	
62500	63200	62500	63200	62500	
59925	62825	59925	62825	59925	
62875	61425	62875	61425	62875	
60675	62625	60675	62625	60675	
63250	63875	63250	63875	63250	
61875	63825	61875	63825	61875	
62300	62375	62300	62375	62300	
60800	61550	60800	61550	60800	
62550	63825	62550	63825	62550	
62500	61800	62500	61800	62500	
61800	62500	61800	62500	61800	
62125	61175	62125	61175	62125	
61500	61500	61500	61500	61500	
62375	60975	62375	60975	62375	
62250	63125	62250	63125	62250	
62500	62000	62500	62000	62500	
62050	63575	62050	63575	62050	
62125	61100	62125	61100	62125	
61550	60100	61550	60100	61550	
61250	62425	61250	62425	61250	
63000	62500	63000	62500	63000	
61250	62000	61250	62000	61250	
61925	62675	61925	62675	61925	
61875	62175	61875	62175	61875	
61250	62050	61250	62050	61250	
61250	62875	61250	62875	61250	
62250	64000	62250	64000	62250	
61425	63825	61425	63825	61425	
62550	62950	62550	62950	62550	
61875	62250	61875	62250	61875	
62000	61675	62000	61675	62000	
61375	63000	61375	63000	61375	
63200	62875	63200	62875	63200	
62000	62825	62000	62825	62000	
60425	63375	60425	63375	60425	
62000	62950	62000	62950	62000	
63325	62375	63325	62375	63325	
62675	62675	62675	62675	62675	
61500	61875	61500	61875	61500	
61550	62175	61550	62175	61550	
61100	61550	61100	61550	61100	
62875	61550	62875	61550	62875	
62050	62550	62050	62550	62050	
62125	63575	62125	63575	62125	
64000	62950	64000	62950	64000	
61800	63500	61800	63500	61800	
63200	63375	63200	63375	63200	
62750	63375	62750	63375	62750	
62825	62500	62825	62500	62825	
63000	61425	63000	61425	63000	
62625	62625	62625	62625	62625	
64325	62425	64325	62425	64325	
61750	63325	61750	63325	61750	
62500	60975	62500	60975	62500	
61875	60550	61875	60550	61875	
62175	62825	62175	62825	62175	
62625	63575	62625	63575	62625	
64250	62125	64250	62125	64250	
64650	62750	64650	62750	64650	
63450	61875	63450	61875	63450	
63950	62375	63950	62375	63950	
63200	62875	63200	62875	63200	
62625	64325	62625	64325	62625	
63075	64000	63075	64000	63075	
63700	63325	63700	63325	63700	
63200	61425	63200	61425	63200	
63325	62825	63325	62825	63325	
64700	62375	64700	62375	64700	
62875	61500	62875	61500	62875	
63200	63125	63200	63125	63200	
61425	65450	61425	65450	61425	
63500	63375	63500	63375	63500	
63325	63950	63325	63950	63325	
61925	62250	61925	62250	61925	
62425	62825	62425	62825	62425	
62300	62300	62300	62300	62300	
62500	61300	62500	61300	62500	
64000	62675	64000	62675	64000	
62300	61625	62300	61625	62300	
61550	63500	61550	63500	61550	
63375	63375	63375	63375	63375	
64400	64250	64400	64250	64400	
64525	64200	64525	64200	64525	
63875	62825	63875	62825	63875	
62625	64000	62625	64000	62625	
63325	62050	63325	62050	63325	
61425	61750	61425	61750	61425	
62625	62825	62625	62825	62625	
61425	64125	61425	64125	61425	
62175	62250	62175	62250	62175	
63375	62750	63375	62750	63375	
61800	63000	61800	63000	61800	
62950	63625	62950	63625	62950	
62825	61800	62825	61800	62825	
63075	63375	63075	63375	63075	
60925	63750	60925	63750	60925	
63750	63750	63750	63750	63750	
61675	64575	61675	64575	61675	
62750	61875	62750	61875	62750	
61500	61050	61500	61050	61500	
62175	62000	62175	62000	62175	
62625	62875	62625	62875	62625	
61800	62125	61800	62125	61800	
60475	63575	60475	63575	60475	
60850	61500	60850	61500	60850	
63950	61750	63950	61750	63950	
63950	63200	63950	63200	63950	
61625	63325	61625	63325	61625	
61875	65150	61875	65150	61875	
62950	63125	62950	63125	62950	
63325	62250	63325	62250	63325	
63700	63700	63700	63700	63700	
63700	63375	63700	63375	63700	
62300	63825	62300	63825	62300	
63700	61550	63700	61550	63700	
62500	63125	62500	63125	62500	
64200	63575	64200	63575	64200	
62675	63325	62675	63325	62675	
61875	62375	61875	62375	61875	
62300	61500	62300	61500	62300	
63500	63075	63500	63075	63500	
61925	60600	61925	60600	61925	
61425	60850	61425	60850	61425	
62300	65200	62300	65200	62300	
62375	62000	62375	62000	62375	
63250	61375	63250	61375	63250	
62175	60300	62175	60300	62175	
62825	61050	62825	61050	62825	
64000	61300	64000	61300	64000	
63700	63625	63700	63625	63700	
63625	61800	63625	61800	63625	
63450	63375	63450	63375	63450	
62500	63375	62500	63375	62500	
60600	61100	60600	61100	60600	
64200	63450	64200	63450	64200	
62950	61100	62950	61100	62950	
62950	62300	62950	62300	62950	
62000	62425	62000	62425	62000	
63825	60675	63825	60675	63825	
63450	61425	63450	61425	63450	
63075	63450	63075	63450	63075	
62550	64900	62550	64900	62550	
63000	64200	63000	64200	63000	
61375	61425	61375	61425	61375	
62050	62825	62050	62825	62050	
62875	63575	62875	63575	62875	
63875	61800	63875	61800	63875	
64525	64200	64525	64200	64525	
63075	62300	63075	62300	63075	
63250	61875	63250	61875	63250	
62425	63250	62425	63250	62425	
62175	62500	62175	62500	62175	
59725	64700	59725	64700	59725	
64000	64250	64000	64250	64000	
65025	63700	65025	63700	65025	
62950	61250	62950	61250	62950	
63200	63375	63200	63375	63200	
61500	65450	61500	65450	61500	
61375	62250	61375	62250	61375	
62750	63200	62750	63200	62750	
63075	62125	63075	62125	63075	
63700	63325	63700	63325	63700	
62375	62175	62375	62175	62375	
61675	61375	61675	61375	61675	
62250	62425	62250	62425	62250	
63250	61425	63250	61425	63250	
64200	61750	64200	61750	64200	
63825	64075	63825	64075	63825	
63700	63325	63700	63325	63700	
63375	63825	63375	63825	63375	
63000	62175	63000	62175	63000	
61300	63500	61300	63500	61300	
62250	63500	62250	63500	62250	
62300	63375	62300	63375	62300	
61925	63625	61925	63625	61925	
63750	62675	63750	62675	63750	
62500	62250	62500	62250	62500	
62500	63250	62500	63250	62500	
60475	61800	60475	61800	60475	
62675	61925	62675	61925	62675	
63375	63200	63375	63200	63375	
61500	61875	61500	61875	61500	
63125	62625	63125	62625	63125	
62875	62125	62875	62125	62875	
64575	62675	64575	62675	64575	
63825	60425	63825	60425	63825	
63000	62300	63000	62300	63000	
62825	64450	62825	64450	62825	
63200	61800	63200	61800	63200	
62875	62050	62875	62050	62875	
63250	62825	63250	62825	63250	
63375	62625	63375	62625	63375	
63125	64825	63125	64825	63125	
63325	62375	63325	62375	63325	
64825	61875	64825	61875	64825	
63375	61875	63375	61875	63375	
63825	61050	63825	61050	63825	
63200	61250	63200	61250	63200	
62375	63325	62375	63325	62375	
63000	63575	63000	63575	63000	
62950	62300	62950	62300	62950	
63000	62250	63000	62250	63000	
63075	62250	63075	62250	63075	
61675	63500	61675	63500	61675	
63375	63625	63375	63625	63375	
62950	60350	62950	60350	62950	
63625	64400	63625	64400	63625	
62750	62375	62750	62375	62750	
63075	62000	63075	62000	63075	
62425	61425	62425	61425	62425	
63325	63575	63325	63575	63325	
63325	63950	63325	63950	63325	
62875	62050	62875	62050	62875	
60850	62250	60850	62250	60850	
63200	63450	63200	63450	63200	
63375	62250	63375	62250	63375	
62250	65450	62250	65450	62250	
63200	62750	63200	62750	63200	
61925	62000	61925	62000	61925	
62550	61550	62550	61550	62550	
63450	62500	63450	62500	63450	
63625	62675	63625	62675	63625	
64450	64125	64450	64125	64450	
62050	62375	62050	62375	62050	
63125	65150	63125	65150	63125	
62175	62625	62175	62625	62175	
64075	63575	64075	63575	64075	
62050	63575	62050	63575	62050	
63125	61300	63125	61300	63125	
62550	63700	62550	63700	62550	
63575	63075	63575	63075	63575	
62875	62875	62875	62875	62875	
62625	63750	62625	63750	62625	
63450	62750	63450	62750	63450	
63125	64325	63125	64325	63125	
62500	62625	62500	62625	62500	
63825	61925	63825	61925	63825	
63200	63875	63200	63875	63200	
64075	63500	64075	63500	64075	
63700	63000	63700	63000	63700	
62625	62425	62625	62425	62625	
62375	62550	62375	62550	62375	
62950	63450	62950	63450	62950	
65650	65525	65650	65525	65650	
64825	63750	64825	63750	64825	
64325	63575	64325	63575	64325	
62675	63375	62675	63375	62675	
62175	63950	62175	63950	62175	
62950	61500	62950	61500	62950	
62000	62000	62000	62000	62000	
62375	63000	62375	63000	62375	
64950	62825	64950	62825	64950	
63950	64450	63950	64450	63950	
62950	63250	62950	63250	62950	
64250	63500	64250	63500	64250	
64575	63625	64575	63625	64575	
61925	63750	61925	63750	61925	
65075	65325	65075	65325	65075	
62050	63250	62050	63250	62050	
62875	62500	62875	62500	62875	
63375	63825	63375	63825	63375	
62550	62750	62550	62750	62550	
63125	62625	63125	62625	63125	
62750	62625	62750	62625	62750	
63200	63500	63200	63500	63200	
63450	63500	63450	63500	63450	
62750	63625	62750	63625	62750	
63075	66600	63075	66600	63075	
62875	63825	62875	63825	62875	
63325	63250	63325	63250	63325	
64575	63125	64575	63125	64575	
62000	61550	62000	61550	62000	
62875	64525	62875	64525	62875	
63200	62625	63200	62625	63200	
62750	63750	62750	63750	62750	
62625	61675	62625	61675	62625	
64250	62125	64250	62125	64250	
62550	62375	62550	62375	62550	
63450	63950	63450	63950	63450	
63875	62875	63875	62875	63875	
63200	62825	63200	62825	63200	
62625	64200	62625	64200	62625	
64775	63200	64775	63200	64775	
63200	63200	63200	63200	63200	
63950	62550	63950	62550	63950	
64575	63500	64575	63500	64575	
64575	61175	64575	61175	64575	
63875	62825	63875	62825	63875	
64950	64200	64950	64200	64950	
64325	62375	64325	62375	64325	
64125	64125	64125	64125	64125	
62125	63075	62125	63075	62125	
62950	64000	62950	64000	62950	
64325	63700	64325	63700	64325	
64000	64450	64000	64450	64000	
61800	62675	61800	62675	61800	
61925	62375	61925	62375	61925	
61175	63250	61175	63250	61175	
63500	63200	63500	63200	63500	
64400	63575	64400	63575	64400	
61625	61925	61625	61925	61625	
62825	64450	62825	64450	62825	
62050	61750	62050	61750	62050	
65150	64200	65150	64200	65150	
61800	62875	61800	62875	61800	
62175	60800	62175	60800	62175	
62875	62825	62875	62825	62875	
64125	64775	64125	64775	64125	
62300	62950	62300	62950	62300	
62375	64200	62375	64200	62375	
63325	65275	63325	65275	63325	
64950	63625	64950	63625	64950	
62950	62750	62950	62750	62950	
62375	63075	62375	63075	62375	
62825	62300	62825	62300	62825	
63250	63125	63250	63125	63250	
64075	62825	64075	62825	64075	
63325	61750	63325	61750	63325	
63825	64400	63825	64400	63825	
64000	63750	64000	63750	64000	
62625	63200	62625	63200	62625	
62875	63500	62875	63500	62875	
63375	64250	63375	64250	63375	
64125	63700	64125	63700	64125	
65025	63625	65025	63625	65025	
63700	62950	63700	62950	63700	
63200	63625	63200	63625	63200	
63325	62625	63325	62625	63325	
63950	63575	63950	63575	63950	
63750	63075	63750	63075	63750	
64825	61800	64825	61800	64825	
62950	63325	62950	63325	62950	
64000	62425	64000	62425	64000	
64325	63125	64325	63125	64325	
62875	62250	62875	62250	62875	
65025	61100	65025	61100	65025	
64075	62250	64075	62250	64075	
64525	62825	64525	62825	64525	
63750	61925	63750	61925	63750	
63450	63875	63450	63875	63450	
64650	60925	64650	60925	64650	
62875	63125	62875	63125	62875	
63750	61500	63750	61500	63750	
63500	65075	63500	65075	63500	
63575	64950	63575	64950	63575	
63200	63450	63200	63450	63200	
62825	64075	62825	64075	62825	
62625	64000	62625	64000	62625	
62125	62625	62125	62625	62125	
63875	64450	63875	64450	63875	
63200	64075	63200	64075	63200	
63750	62000	63750	62000	63750	
62950	62750	62950	62750	62950	
61925	63950	61925	63950	61925	
64200	63325	64200	63325	64200	
64450	63000	64450	63000	64450	
61375	63875	61375	63875	61375	
62425	62375	62425	62375	62425	
63450	63325	63450	63325	63450	
63325	63125	63325	63125	63325	
64200	64125	64200	64125	64200	
64075	62825	64075	62825	64075	
63325	65850	63325	65850	63325	
64825	63875	64825	63875	64825	
63500	62825	63500	62825	63500	
63575	63075	63575	63075	63575	
63250	63625	63250	63625	63250	
62750	63250	62750	63250	62750	
63625	63450	63625	63450	63625	
63750	64250	63750	64250	63750	
64650	62875	64650	62875	64650	
62750	64325	62750	64325	62750	
64125	63375	64125	63375	64125	
61550	64575	61550	64575	61550	
64650	63000	64650	63000	64650	
63950	62825	63950	62825	63950	
64525	62125	64525	62125	64525	
62675	61925	62675	61925	62675	
64650	63625	64650	63625	64650	
64950	65025	64950	65025	64950	
64200	64400	64200	64400	64200	
63250	61925	63250	61925	63250	
61925	62175	61925	62175	61925	
62050	63700	62050	63700	62050	
64450	62250	64450	62250	64450	
63575	63200	63575	63200	63575	
63625	63700	63625	63700	63625	
62175	63200	62175	63200	62175	
62375	61675	62375	61675	62375	
62675	63625	62675	63625	62675	
64000	60800	64000	60800	64000	
62950	63075	62950	63075	62950	
63575	63075	63575	63075	63575	
62300	62825	62300	62825	62300	
63075	64325	63075	64325	63075	
65025	62750	65025	62750	65025	
65075	63125	65075	63125	65075	
62625	62250	62625	62250	62625	
62125	61500	62125	61500	62125	
62625	62000	62625	62000	62625	
64400	63250	64400	63250	64400	
65275	62300	65275	62300	65275	
62175	63125	62175	63125	62175	
61800	62375	61800	62375	61800	
63200	61750	63200	61750	63200	
63825	64650	63825	64650	63825	
63500	62500	63500	62500	63500	
63075	64200	63075	64200	63075	
64250	63200	64250	63200	64250	
63200	62250	63200	62250	63200	
63000	61925	63000	61925	63000	
63375	63125	63375	63125	63375	
63750	63575	63750	63575	63750	
63375	61800	63375	61800	63375	
64075	64250	64075	64250	64075	
74725	74525	74725	74525	74725	
63575	61425	63575	61425	63575	
65650	63875	65650	63875	65650	
63450	64775	63450	64775	63450	
64525	63125	64525	63125	64525	
63825	65450	63825	65450	63825	
64775	62300	64775	62300	64775	
63950	63450	63950	63450	63950	
63575	63625	63575	63625	63575	
62375	63325	62375	63325	62375	
63250	63825	63250	63825	63250	
64525	63625	64525	63625	64525	
64575	61425	64575	61425	64575	
62875	65075	62875	65075	62875	
62825	64250	62825	64250	62825	
64650	60850	64650	60850	64650	
61750	63450	61750	63450	61750	
63625	63700	63625	63700	63625	
62825	62625	62825	62625	62825	
65775	64125	65775	64125	65775	
63325	63575	63325	63575	63325	
64000	65575	64000	65575	64000	
64325	65575	64325	65575	64325	
64000	63325	64000	63325	64000	
64000	62825	64000	62825	64000	
61875	63500	61875	63500	61875	
63625	64900	63625	64900	63625	
62750	64900	62750	64900	62750	
63500	63125	63500	63125	63500	
65275	64900	65275	64900	65275	
64700	64400	64700	64400	64700	
62050	62950	62050	62950	62050	
64000	65075	64000	65075	64000	
63375	63200	63375	63200	63375	
65275	63325	65275	63325	65275	
64075	62425	64075	62425	64075	
63625	64075	63625	64075	63625	
66025	63125	66025	63125	66025	
63825	63075	63825	63075	63825	
63000	62500	63000	62500	63000	
63000	63200	63000	63200	63000	
62675	64650	62675	64650	62675	
62500	62300	62500	62300	62500	
64125	63500	64125	63500	64125	
62375	60975	62375	60975	62375	
62625	63450	62625	63450	62625	
63450	63700	63450	63700	63450	
63750	63625	63750	63625	63750	
61800	63000	61800	63000	61800	
63450	62750	63450	62750	63450	
63575	62300	63575	62300	63575	
64825	61925	64825	61925	64825	
62750	61925	62750	61925	62750	
62125	63375	62125	63375	62125	
64200	63000	64200	63000	64200	
63125	63875	63125	63875	63125	
62375	64075	62375	64075	62375	
61625	63325	61625	63325	61625	
62950	63325	62950	63325	62950	
62425	63500	62425	63500	62425	
61925	64325	61925	64325	61925	
63575	62625	63575	62625	63575	
63200	63375	63200	63375	63200	
63575	63250	63575	63250	63575	
63450	63125	63450	63125	63450	
62050	63000	62050	63000	62050	
62625	61300	62625	61300	62625	
62550	61550	62550	61550	62550	
62375	62750	62375	62750	62375	
62550	63075	62550	63075	62550	
63500	63000	63500	63000	63500	
63450	64000	63450	64000	63450	
62875	63750	62875	63750	62875	
62950	65525	62950	65525	62950	
63500	63250	63500	63250	63500	
62750	63250	62750	63250	62750	
63325	62500	63325	62500	63325	
60800	63625	60800	63625	60800	
63700	64775	63700	64775	63700	
64400	64125	64400	64125	64400	
63375	62750	63375	62750	63375	
63625	64900	63625	64900	63625	
63625	61675	63625	61675	63625	
63075	64525	63075	64525	63075	
63450	62550	63450	62550	63450	
63325	63375	63325	63375	63325	
62550	63700	62550	63700	62550	
63575	63825	63575	63825	63575	
64000	63625	64000	63625	64000	
64325	62250	64325	62250	64325	
64775	63450	64775	63450	64775	
61750	63450	61750	63450	61750	
63875	64125	63875	64125	63875	
63125	62950	63125	62950	63125	
62250	63375	62250	63375	62250	
64250	63950	64250	63950	64250	
63000	62950	63000	62950	63000	
61550	63950	61550	63950	61550	
63575	63450	63575	63450	63575	
64400	62300	64400	62300	64400	
63250	61925	63250	61925	63250	
63000	64825	63000	64825	63000	
62250	64825	62250	64825	62250	
63875	63825	63875	63825	63875	
63950	64125	63950	64125	63950	
62250	64450	62250	64450	62250	
63625	61750	63625	61750	63625	
63750	65400	63750	65400	63750	
62425	64000	62425	64000	62425	
63825	63450	63825	63450	63825	
63875	62175	63875	62175	63875	
63700	63750	63700	63750	63700	
63625	64825	63625	64825	63625	
63950	63125	63950	63125	63950	
63750	62550	63750	62550	63750	
64325	62950	64325	62950	64325	
63450	64125	63450	64125	63450	
62825	63375	62825	63375	62825	
63825	62425	63825	62425	63825	
63125	62125	63125	62125	63125	
63375	63200	63375	63200	63375	
62825	62050	62825	62050	62825	
63375	62175	63375	62175	63375	
61875	63825	61875	63825	61875	
63825	63950	63825	63950	63825	
63575	62825	63575	62825	63575	
63500	62000	63500	62000	63500	
64200	63575	64200	63575	64200	
61675	64900	61675	64900	61675	
64525	64450	64525	64450	64525	
63250	64000	63250	64000	63250	
65025	63000	65025	63000	65025	
64325	63875	64325	63875	64325	
63700	62425	63700	62425	63700	
62750	65325	62750	65325	62750	
63375	64125	63375	64125	63375	
62750	66150	62750	66150	62750	
63250	62300	63250	62300	63250	
62675	63700	62675	63700	62675	
62875	63000	62875	63000	62875	
62675	63450	62675	63450	62675	
63125	63450	63125	63450	63125	
64000	64900	64000	64900	64000	
62425	64075	62425	64075	62425	
62175	62625	62175	62625	62175	
65450	62825	65450	62825	65450	
62675	62825	62675	62825	62675	
62500	64075	62500	64075	62500	
63575	65650	63575	65650	63575	
63325	63075	63325	63075	63325	
63575	64525	63575	64525	63575	
64450	63250	64450	63250	64450	
62750	63625	62750	63625	62750	
63500	64075	63500	64075	63500	
62625	63375	62625	63375	62625	
63250	63500	63250	63500	63250	
64700	64400	64700	64400	64700	
64775	63200	64775	63200	64775	
62000	61875	62000	61875	62000	
62425	65700	62425	65700	62425	
61375	63875	61375	63875	61375	
63325	64325	63325	64325	63325	
62750	62050	62750	62050	62750	
62375	63950	62375	63950	62375	
64325	63325	64325	63325	64325	
64700	62825	64700	62825	64700	
62875	62375	62875	62375	62875	
60975	63500	60975	63500	60975	
64200	61675	64200	61675	64200	
63750	63750	63750	63750	63750	
63075	63000	63075	63000	63075	
63325	64200	63325	64200	63325	
64125	65150	64125	65150	64125	
64075	62300	64075	62300	64075	
63625	61500	63625	61500	63625	
62625	63375	62625	63375	62625	
61625	62050	61625	62050	61625	
63950	62550	63950	62550	63950	
63000	63000	63000	63000	63000	
62825	63875	62825	63875	62825	
61925	63825	61925	63825	61925	
62950	62875	62950	62875	62950	
64575	62875	64575	62875	64575	
63125	62500	63125	62500	63125	
65025	61800	65025	61800	65025	
63700	64400	63700	64400	63700	
63200	64450	63200	64450	63200	
63750	63700	63750	63700	63750	
61675	62375	61675	62375	61675	
62875	63625	62875	63625	62875	
61425	61800	61425	61800	61425	
63325	63575	63325	63575	63325	
63625	63950	63625	63950	63625	
63325	64200	63325	64200	63325	
62300	62550	62300	62550	62300	
62675	62875	62675	62875	62675	
64250	63500	64250	63500	64250	
63200	62675	63200	62675	63200	
63750	62675	63750	62675	63750	
62375	63375	62375	63375	62375	
64075	62300	64075	62300	64075	
64775	63750	64775	63750	64775	
64200	64450	64200	64450	64200	
64525	64575	64525	64575	64525	
62425	62175	62425	62175	62425	
62875	62875	62875	62875	62875	
64000	64775	64000	64775	64000	
62825	62950	62825	62950	62825	
62375	63750	62375	63750	62375	
62950	62825	62950	62825	62950	
63700	63450	63700	63450	63700	
64650	63125	64650	63125	64650	
62750	63825	62750	63825	62750	
63325	62000	63325	62000	63325	
62175	63625	62175	63625	62175	
63325	62300	63325	62300	63325	
62425	62675	62425	62675	62425	
63125	62875	63125	62875	63125	
63125	63000	63125	63000	63125	
61550	61800	61550	61800	61550	
62000	62875	62000	62875	62000	
63325	63075	63325	63075	63325	
63075	63575	63075	63575	63075	
62425	64525	62425	64525	62425	
63375	63375	63375	63375	63375	
63125	64200	63125	64200	63125	
62250	65525	62250	65525	62250	
62125	65150	62125	65150	62125	
62675	62875	62675	62875	62675	
64075	63450	64075	63450	64075	
61175	64075	61175	64075	61175	
63500	63875	63500	63875	63500	
62825	62175	62825	62175	62825	
62675	63575	62675	63575	62675	
63500	62425	63500	62425	63500	
63825	64525	63825	64525	63825	
64125	63950	64125	63950	64125	
64900	62950	64900	62950	64900	
64325	62500	64325	62500	64325	
62625	63700	62625	63700	62625	
62750	62375	62750	62375	62750	
63325	62550	63325	62550	63325	
64325	61925	64325	61925	64325	
64525	63375	64525	63375	64525	
62675	66225	62675	66225	62675	
62250	62300	62250	62300	62250	
62000	63500	62000	63500	62000	
62750	64075	62750	64075	62750	
63250	65700	63250	65700	63250	
63200	64200	63200	64200	63200	
63625	63875	63625	63875	63625	
65150	64000	65150	64000	65150	
61625	63000	61625	63000	61625	
64000	63950	64000	63950	64000	
64950	62175	64950	62175	64950	
62425	62950	62425	62950	62425	
62425	62125	62425	62125	62425	
61925	63500	61925	63500	61925	
62125	63075	62125	63075	62125	
62825	63450	62825	63450	62825	
63450	64450	63450	64450	63450	
64450	62425	64450	62425	64450	
64075	62625	64075	62625	64075	
62175	64900	62175	64900	62175	
64000	65450	64000	65450	64000	
63450	63450	63450	63450	63450	
64575	63075	64575	63075	64575	
62875	63075	62875	63075	62875	
63450	64575	63450	64575	63450	
62500	64325	62500	64325	62500	
62950	64075	62950	64075	62950	
63250	64525	63250	64525	63250	
64075	65275	64075	65275	64075	
63825	63750	63825	63750	63825	
62875	62250	62875	62250	62875	
64075	61625	64075	61625	64075	
64125	63750	64125	63750	64125	
63875	62250	63875	62250	63875	
63000	61375	63000	61375	63000	
63950	63000	63950	63000	63950	
62875	63575	62875	63575	62875	
63575	64125	63575	64125	63575	
62675	63250	62675	63250	62675	
64400	62050	64400	62050	64400	
63200	62875	63200	62875	63200	
61175	63625	61175	63625	61175	
62000	62425	62000	62425	62000	
61800	64400	61800	64400	61800	
62550	64000	62550	64000	62550	
64325	63075	64325	63075	64325	
64200	63825	64200	63825	64200	
63625	64450	63625	64450	63625	
63625	64200	63625	64200	63625	
62500	62125	62500	62125	62500	
62625	62375	62625	62375	62625	
62550	63125	62550	63125	62550	
63075	62175	63075	62175	63075	
62950	63575	62950	63575	62950	
62250	62675	62250	62675	62250	
62950	62175	62950	62175	62950	
63375	62675	63375	62675	63375	
62625	61675	62625	61675	62625	
64200	64400	64200	64400	64200	
63875	60925	63875	60925	63875	
63950	63450	63950	63450	63950	
63200	63700	63200	63700	63200	
62825	62675	62825	62675	62825	
63700	62050	63700	62050	63700	
64575	61550	64575	61550	64575	
61550	63200	61550	63200	61550	
63825	62825	63825	62825	63825	
64400	64325	64400	64325	64400	
64325	64000	64325	64000	64325	
64250	63000	64250	63000	64250	
64000	63575	64000	63575	64000	
62750	64250	62750	64250	62750	
64450	61875	64450	61875	64450	
62250	61625	62250	61625	62250	
64400	64125	64400	64125	64400	
64125	61750	64125	61750	64125	
62875	64125	62875	64125	62875	
64575	63450	64575	63450	64575	
64900	63325	64900	63325	64900	
65850	63200	65850	63200	65850	
64450	61625	64450	61625	64450	
63450	62425	63450	62425	63450	
62375	62675	62375	62675	62375	
63200	64400	63200	64400	63200	
63500	62175	63500	62175	63500	
62950	64075	62950	64075	62950	
65075	60550	65075	60550	65075	
61675	62425	61675	62425	61675	
62825	64700	62825	64700	62825	
63250	63200	63250	63200	63250	
62675	65025	62675	65025	62675	
64125	64125	64125	64125	64125	
63075	62675	63075	62675	63075	
62625	63950	62625	63950	62625	
63750	64075	63750	64075	63750	
63700	64250	63700	64250	63700	
63075	64325	63075	64325	63075	
63375	64575	63375	64575	63375	
62825	63450	62825	63450	62825	
63000	64125	63000	64125	63000	
61925	65150	61925	65150	61925	
63000	62875	63000	62875	63000	
62050	62875	62050	62875	62050	
61625	64075	61625	64075	61625	
63500	62950	63500	62950	63500	
62425	63450	62425	63450	62425	
61750	62675	61750	62675	61750	
63875	62825	63875	62825	63875	
64575	64250	64575	64250	64575	
63500	63950	63500	63950	63500	
62550	64325	62550	64325	62550	
63125	63075	63125	63075	63125	
62950	63500	62950	63500	62950	
64250	64400	64250	64400	64250	
62875	63200	62875	63200	62875	
62125	65275	62125	65275	62125	
63825	62000	63825	62000	63825	
62050	63000	62050	63000	62050	
63250	63575	63250	63575	63250	
64325	63450	64325	63450	64325	
64325	64250	64325	64250	64325	
63625	65275	63625	65275	63625	
65400	63000	65400	63000	65400	
63875	64900	63875	64900	63875	
62875	63450	62875	63450	62875	
62875	64525	62875	64525	62875	
66475	60850	66475	60850	66475	
64825	65400	64825	65400	64825	
63075	64075	63075	64075	63075	
64075	62825	64075	62825	64075	
63075	62000	63075	62000	63075	
61675	64200	61675	64200	61675	
64775	64200	64775	64200	64775	
62500	62125	62500	62125	62500	
63750	63750	63750	63750	63750	
63375	62000	63375	62000	63375	
64450	62550	64450	62550	64450	
61875	63700	61875	63700	61875	
63625	62825	63625	62825	63625	
62250	64000	62250	64000	62250	
64575	63375	64575	63375	64575	
64950	62500	64950	62500	64950	
62675	65200	62675	65200	62675	
64575	63625	64575	63625	64575	
64000	66525	64000	66525	64000	
62250	63825	62250	63825	62250	
63450	63000	63450	63000	63450	
62675	63450	62675	63450	62675	
63125	64200	63125	64200	63125	
63250	63125	63250	63125	63250	
64250	63375	64250	63375	64250	
62825	65275	62825	65275	62825	
63200	63325	63200	63325	63200	
63575	64825	63575	64825	63575	
65650	65325	65650	65325	65650	
63625	63325	63625	63325	63625	
63500	64000	63500	64000	63500	
63075	63250	63075	63250	63075	
62500	63750	62500	63750	62500	
64325	64250	64325	64250	64325	
61925	64900	61925	64900	61925	
63500	63375	63500	63375	63500	
63000	62625	63000	62625	63000	
62625	62625	62625	62625	62625	
64000	64000	64000	64000	64000	
63450	61925	63450	61925	63450	
62750	64200	62750	64200	62750	
64250	63575	64250	63575	64250	
63575	65075	63575	65075	63575	
64000	62500	64000	62500	64000	
63075	64825	63075	64825	63075	
63500	64575	63500	64575	63500	
62000	63875	62000	63875	62000	
65025	63250	65025	63250	65025	
63750	62500	63750	62500	63750	
63875	62750	63875	62750	63875	
64000	64125	64000	64125	64000	
62875	61425	62875	61425	62875	
65150	64125	65150	64125	65150	
62750	64650	62750	64650	62750	
65325	64400	65325	64400	65325	
62375	63700	62375	63700	62375	
63575	64075	63575	64075	63575	
63950	64325	63950	64325	63950	
63125	63825	63125	63825	63125	
62875	62950	62875	62950	62875	
61925	63075	61925	63075	61925	
62750	62875	62750	62875	62750	
63575	63875	63575	63875	63575	
63700	63625	63700	63625	63700	
64575	63575	64575	63575	64575	
64200	63500	64200	63500	64200	
62875	62425	62875	62425	62875	
62875	66225	62875	66225	62875	
64700	64075	64700	64075	64700	
61625	63125	61625	63125	61625	
63450	63875	63450	63875	63450	
63075	63575	63075	63575	63075	
63200	64325	63200	64325	63200	
62550	64250	62550	64250	62550	
64700	63325	64700	63325	64700	
63700	64700	63700	64700	63700	
64000	61875	64000	61875	64000	
62675	63375	62675	63375	62675	
62875	62750	62875	62750	62875	
63825	64525	63825	64525	63825	
62950	63825	62950	63825	62950	
63500	64575	63500	64575	63500	
64450	63450	64450	63450	64450	
63825	63250	63825	63250	63825	
61750	61625	61750	61625	61750	
63700	63750	63700	63750	63700	
64900	62250	64900	62250	64900	
64075	63825	64075	63825	64075	
65400	64125	65400	64125	65400	
62500	62825	62500	62825	62500	
63950	63625	63950	63625	63950	
64950	62125	64950	62125	64950	
61625	63375	61625	63375	61625	
64075	62175	64075	62175	64075	
65400	63500	65400	63500	65400	
62550	63575	62550	63575	62550	
63325	62175	63325	62175	63325	
63200	63075	63200	63075	63200	
63625	62050	63625	62050	63625	
64700	63000	64700	63000	64700	
62625	63000	62625	63000	62625	
63125	62550	63125	62550	63125	
65700	65525	65700	65525	65700	
63325	64400	63325	64400	63325	
64075	65775	64075	65775	64075	
64075	62625	64075	62625	64075	
64200	61500	64200	61500	64200	
66225	63750	66225	63750	66225	
64000	62175	64000	62175	64000	
62625	62250	62625	62250	62625	
63625	63075	63625	63075	63625	
63825	63625	63825	63625	63825	
62050	62250	62050	62250	62050	
64400	63450	64400	63450	64400	
63825	63250	63825	63250	63825	
62050	64400	62050	64400	62050	
63875	63075	63875	63075	63875	
65025	61500	65025	61500	65025	
62425	61925	62425	61925	62425	
63625	63625	63625	63625	63625	
63250	65975	63250	65975	63250	
62550	63250	62550	63250	62550	
63125	65150	63125	65150	63125	
64450	62950	64450	62950	64450	
64450	64200	64450	64200	64450	
61750	64825	61750	64825	61750	
64525	63625	64525	63625	64525	
63325	63825	63325	63825	63325	
61300	63075	61300	63075	61300	
62825	63450	62825	63450	62825	
63375	65650	63375	65650	63375	
62875	62950	62875	62950	62875	
63375	65650	63375	65650	63375	
63375	64125	63375	64125	63375	
62750	64200	62750	64200	62750	
65975	61800	65975	61800	65975	
65975	63575	65975	63575	65975	
63700	62825	63700	62825	63700	
62425	62300	62425	62300	62425	
64400	63450	64400	63450	64400	
63825	64400	63825	64400	63825	
63700	63750	63700	63750	63700	
63700	65525	63700	65525	63700	
63075	64250	63075	64250	63075	
62425	62675	62425	62675	62425	
63000	62425	63000	62425	63000	
63825	63500	63825	63500	63825	
62550	62250	62550	62250	62550	
63500	63875	63500	63875	63500	
63575	62550	63575	62550	63575	
63375	63450	63375	63450	63375	
62625	62625	62625	62625	62625	
64250	64000	64250	64000	64250	
64525	65575	64525	65575	64525	
62500	63375	62500	63375	62500	
61675	62425	61675	62425	61675	
63825	63950	63825	63950	63825	
62875	63750	62875	63750	62875	
63625	63250	63625	63250	63625	
63750	64575	63750	64575	63750	
62675	64700	62675	64700	62675	
65150	65325	65150	65325	65150	
63825	63750	63825	63750	63825	
64200	64125	64200	64125	64200	
62375	62250	62375	62250	62375	
64200	63825	64200	63825	64200	
63950	62250	63950	62250	63950	
63500	63750	63500	63750	63500	
63200	62950	63200	62950	63200	
63325	61750	63325	61750	63325	
63700	62375	63700	62375	63700	
64200	62625	64200	62625	64200	
62250	63250	62250	63250	62250	
62825	63450	62825	63450	62825	
64125	64650	64125	64650	64125	
61550	62825	61550	62825	61550	
62050	62675	62050	62675	62050	
63250	64000	63250	64000	63250	
64125	64075	64125	64075	64125	
65325	64075	65325	64075	65325	
62875	61750	62875	61750	62875	
66150	61050	66150	61050	66150	
64125	64525	64125	64525	64125	
63950	62375	63950	62375	63950	
63875	64650	63875	64650	63875	
62425	62125	62425	62125	62425	
63700	63375	63700	63375	63700	
61800	62875	61800	62875	61800	
62425	62300	62425	62300	62425	
64325	63200	64325	63200	64325	
62425	64325	62425	64325	62425	
65575	61675	65575	61675	65575	
64000	62550	64000	62550	64000	
62675	63875	62675	63875	62675	
62625	63700	62625	63700	62625	
62825	62875	62825	62875	62825	
63875	63200	63875	63200	63875	
63125	64125	63125	64125	63125	
63450	62675	63450	62675	63450	
63325	63825	63325	63825	63325	
63500	63950	63500	63950	63500	
64700	63325	64700	63325	64700	
63075	63700	63075	63700	63075	
61925	63950	61925	63950	61925	
64250	64900	64250	64900	64250	
62125	61800	62125	61800	62125	
63950	61750	63950	61750	63950	
64125	64075	64125	64075	64125	
62425	64950	62425	64950	62425	
64000	63700	64000	63700	64000	
64200	63000	64200	63000	64200	
63575	64400	63575	64400	63575	
62550	63000	62550	63000	62550	
62825	63575	62825	63575	62825	
64400	64075	64400	64075	64400	
64200	62750	64200	62750	64200	
63000	62950	63000	62950	63000	
63375	62750	63375	62750	63375	
64400	64900	64400	64900	64400	
63700	63125	63700	63125	63700	
62300	63375	62300	63375	62300	
64000	63825	64000	63825	64000	
63325	63375	63325	63375	63325	
64950	63075	64950	63075	64950	
61175	63075	61175	63075	61175	
62750	63200	62750	63200	62750	
64000	62750	64000	62750	64000	
63250	62550	63250	62550	63250	
64450	63500	64450	63500	64450	
62825	61250	62825	61250	62825	
61625	63075	61625	63075	61625	
64525	64525	64525	64525	64525	
62625	62375	62625	62375	62625	
62050	62625	62050	62625	62050	
62875	63000	62875	63000	62875	
63325	65650	63325	65650	63325	
62500	62500	62500	62500	62500	
62050	63700	62050	63700	62050	
62875	63825	62875	63825	62875	
63950	63625	63950	63625	63950	
64125	63825	64125	63825	64125	
61500	64650	61500	64650	61500	
64525	62300	64525	62300	64525	
62825	64000	62825	64000	62825	
63575	63950	63575	63950	63575	
64325	67025	64325	67025	64325	
63750	61925	63750	61925	63750	
63625	62625	63625	62625	63625	
63000	63875	63000	63875	63000	
64775	63200	64775	63200	64775	
63000	63750	63000	63750	63000	
62125	60425	62125	60425	62125	
63075	62175	63075	62175	63075	
65025	63450	65025	63450	65025	
63750	61800	63750	61800	63750	
63250	64775	63250	64775	63250	
63325	64450	63325	64450	63325	
64250	63700	64250	63700	64250	
62875	64575	62875	64575	62875	
64250	62750	64250	62750	64250	
64250	62250	64250	62250	64250	
65275	62550	65275	62550	65275	
63250	62300	63250	62300	63250	
62550	63250	62550	63250	62550	
63250	62500	63250	62500	63250	
64250	63375	64250	63375	64250	
63625	62875	63625	62875	63625	
60850	62375	60850	62375	60850	
64125	61500	64125	61500	64125	
64250	63625	64250	63625	64250	
63125	61300	63125	61300	63125	
63200	63450	63200	63450	63200	
64575	62825	64575	62825	64575	
64825	62375	64825	62375	64825	
62875	62425	62875	62425	62875	
63950	65025	63950	65025	63950	
62825	63825	62825	63825	62825	
63625	63750	63625	63750	63625	
64400	62425	64400	62425	64400	
65450	62825	65450	62825	65450	
62550	64650	62550	64650	62550	
63875	63000	63875	63000	63875	
63700	63000	63700	63000	63700	
63325	62675	63325	62675	63325	
63950	63625	63950	63625	63950	
62125	64450	62125	64450	62125	
63450	62875	63450	62875	63450	
63700	62500	63700	62500	63700	
62250	64075	62250	64075	62250	
62050	63075	62050	63075	62050	
64575	64325	64575	64325	64575	
65075	64950	65075	64950	65075	
64450	64000	64450	64000	64450	
61625	61750	61625	61750	61625	
62625	65025	62625	65025	62625	
63500	62250	63500	62250	63500	
63125	64200	63125	64200	63125	
63325	63875	63325	63875	63325	
64450	63500	64450	63500	64450	
62175	62500	62175	62500	62175	
62625	63750	62625	63750	62625	
64575	62950	64575	62950	64575	
64525	64075	64525	64075	64525	
64200	63000	64200	63000	64200	
63950	62375	63950	62375	63950	
63450	62125	63450	62125	63450	
60350	63075	60350	63075	60350	
63625	64250	63625	64250	63625	
64075	64125	64075	64125	64075	
63200	63325	63200	63325	63200	
62825	64575	62825	64575	62825	
61550	61750	61550	61750	61550	
63575	64400	63575	64400	63575	
62375	64075	62375	64075	62375	
63075	64400	63075	64400	63075	
62750	63625	62750	63625	62750	
64250	64525	64250	64525	64250	
65275	63950	65275	63950	65275	
63450	63500	63450	63500	63450	
65025	63575	65025	63575	65025	
62000	65700	62000	65700	62000	
62875	64000	62875	64000	62875	
63500	65850	63500	65850	63500	
63575	63500	63575	63500	63575	
62500	64650	62500	64650	62500	
62875	62425	62875	62425	62875	
63825	64900	63825	64900	63825	
62750	62750	62750	62750	62750	
63375	62125	63375	62125	63375	
63875	63325	63875	63325	63875	
62825	62950	62825	62950	62825	
63375	65200	63375	65200	63375	
63750	63875	63750	63875	63750	
61175	63825	61175	63825	61175	
63075	62750	63075	62750	63075	
63250	62425	63250	62425	63250	
63200	62825	63200	62825	63200	
63625	64450	63625	64450	63625	
64325	63875	64325	63875	64325	
63125	62875	63125	62875	63125	
64000	64075	64000	64075	64000	
62175	64400	62175	64400	62175	
63950	64950	63950	64950	63950	
64900	64200	64900	64200	64900	
63700	62950	63700	62950	63700	
64125	62000	64125	62000	64125	
64325	65075	64325	65075	64325	
64075	63575	64075	63575	64075	
64450	62050	64450	62050	64450	
65700	63325	65700	63325	65700	
63950	63125	63950	63125	63950	
65025	62250	65025	62250	65025	
64125	64525	64125	64525	64125	
62175	65400	62175	65400	62175	
64075	63500	64075	63500	64075	
63825	64575	63825	64575	63825	
63750	64000	63750	64000	63750	
63700	62875	63700	62875	63700	
63200	62675	63200	62675	63200	
62750	63750	62750	63750	62750	
63125	63375	63125	63375	63125	
62625	61250	62625	61250	62625	
63575	63575	63575	63575	63575	
63825	62675	63825	62675	63825	
63625	61625	63625	61625	63625	
61300	62300	61300	62300	61300	
63950	63875	63950	63875	63950	
64400	62250	64400	62250	64400	
63500	65575	63500	65575	63500	
64325	63075	64325	63075	64325	
62125	62625	62125	62625	62125	
63825	62425	63825	62425	63825	
62825	64000	62825	64000	62825	
63750	62875	63750	62875	63750	
63375	62125	63375	62125	63375	
63450	63950	63450	63950	63450	
65400	63950	65400	63950	65400	
61750	63625	61750	63625	61750	
64000	64325	64000	64325	64000	
61800	64825	61800	64825	61800	
63075	63825	63075	63825	63075	
64450	62425	64450	62425	64450	
64125	63200	64125	63200	64125	
66650	63500	66650	63500	66650	
61375	63375	61375	63375	61375	
64250	62375	64250	62375	64250	
63450	63325	63450	63325	63450	
63700	61675	63700	61675	63700	
63075	62875	63075	62875	63075	
63700	60800	63700	60800	63700	
63375	65200	63375	65200	63375	
64575	63500	64575	63500	64575	
63950	63575	63950	63575	63950	
63125	64325	63125	64325	63125	
63450	62875	63450	62875	63450	
61800	61425	61800	61425	61800	
62000	61875	62000	61875	62000	
62550	64000	62550	64000	62550	
63575	63125	63575	63125	63575	
64825	63950	64825	63950	64825	
63500	64825	63500	64825	63500	
64250	63575	64250	63575	64250	
63875	63000	63875	63000	63875	
64000	62050	64000	62050	64000	
64525	63825	64525	63825	64525	
63000	61375	63000	61375	63000	
62625	64400	62625	64400	62625	
63075	62625	63075	62625	63075	
63625	64650	63625	64650	63625	
63875	63375	63875	63375	63875	
64125	62950	64125	62950	64125	
62950	61675	62950	61675	62950	
66150	62175	66150	62175	66150	
62950	63325	62950	63325	62950	
61425	64950	61425	64950	61425	
61425	63825	61425	63825	61425	
60550	62300	60550	62300	60550	
62050	63075	62050	63075	62050	
64575	64250	64575	64250	64575	
64075	61800	64075	61800	64075	
62425	62625	62425	62625	62425	
62125	62875	62125	62875	62125	
64125	61625	64125	61625	64125	
63375	63000	63375	63000	63375	
64250	64525	64250	64525	64250	
62425	64200	62425	64200	62425	
63450	63700	63450	63700	63450	
64075	63325	64075	63325	64075	
62825	62750	62825	62750	62825	
63125	62750	63125	62750	63125	
64325	62175	64325	62175	64325	
63700	65450	63700	65450	63700	
65775	62125	65775	62125	65775	
61875	62625	61875	62625	61875	
62675	63125	62675	63125	62675	
63125	62825	63125	62825	63125	
62950	62675	62950	62675	62950	
63125	62300	63125	62300	63125	
64325	62175	64325	62175	64325	
63825	62825	63825	62825	63825	
64075	62625	64075	62625	64075	
62675	63950	62675	63950	62675	
63075	65275	63075	65275	63075	
64000	63575	64000	63575	64000	
62500	64250	62500	64250	62500	
62875	64825	62875	64825	62875	
63075	64825	63075	64825	63075	
64400	64650	64400	64650	64400	
62625	63000	62625	63000	62625	
63375	62875	63375	62875	63375	
63825	64525	63825	64525	63825	
62375	63000	62375	63000	62375	
63950	63575	63950	63575	63950	
63075	61500	63075	61500	63075	
62050	64075	62050	64075	62050	
63750	62625	63750	62625	63750	
62950	63125	62950	63125	62950	
65575	63250	65575	63250	65575	
62875	63625	62875	63625	62875	
64125	64775	64125	64775	64125	
64000	63075	64000	63075	64000	
64075	63075	64075	63075	64075	
64000	63000	64000	63000	64000	
62825	62675	62825	62675	62825	
63200	65150	63200	65150	63200	
62125	63000	62125	63000	62125	
63000	63000	63000	63000	63000	
64000	62625	64000	62625	64000	
63875	63200	63875	63200	63875	
63575	66600	63575	66600	63575	
62950	62875	62950	62875	62950	
63000	62250	63000	62250	63000	
63250	64325	63250	64325	63250	
61425	63450	61425	63450	61425	
64650	63750	64650	63750	64650	
60675	63950	60675	63950	60675	
63500	63125	63500	63125	63500	
64000	65025	64000	65025	64000	
63075	64075	63075	64075	63075	
62425	62625	62425	62625	62425	
62050	64450	62050	64450	62050	
64900	64325	64900	64325	64900	
63125	63875	63125	63875	63125	
63750	62500	63750	62500	63750	
63825	63200	63825	63200	63825	
62875	62825	62875	62825	62875	
61300	62250	61300	62250	61300	
62825	62950	62825	62950	62825	
65400	62000	65400	62000	65400	
63750	64450	63750	64450	63750	
61175	62750	61175	62750	61175	
62875	64400	62875	64400	62875	
63500	64700	63500	64700	63500	
62825	64525	62825	64525	62825	
63375	64200	63375	64200	63375	
61925	63875	61925	63875	61925	
64075	61425	64075	61425	64075	
63250	64325	63250	64325	63250	
64775	63125	64775	63125	64775	
60800	63700	60800	63700	60800	
62550	63325	62550	63325	62550	
62750	63700	62750	63700	62750	
63625	64000	63625	64000	63625	
62750	64700	62750	64700	62750	
63375	64200	63375	64200	63375	
64650	64000	64650	64000	64650	
63750	64575	63750	64575	63750	
63950	64250	63950	64250	63950	
62625	63700	62625	63700	62625	
61675	64200	61675	64200	61675	
66725	63125	66725	63125	66725	
65150	62500	65150	62500	65150	
65075	63500	65075	63500	65075	
63200	64075	63200	64075	63200	
64450	62425	64450	62425	64450	
63075	63200	63075	63200	63075	
64200	64900	64200	64900	64200	
61750	62875	61750	62875	61750	
62425	62750	62425	62750	62425	
65075	63325	65075	63325	65075	
63250	62950	63250	62950	63250	
62950	62675	62950	62675	62950	
63875	62675	63875	62675	63875	
62675	61875	62675	61875	62675	
63500	63000	63500	63000	63500	
62875	63325	62875	63325	62875	
62825	63450	62825	63450	62825	
64700	61925	64700	61925	64700	
64700	63575	64700	63575	64700	
62125	62750	62125	62750	62125	
63200	63000	63200	63000	63200	
60975	61550	60975	61550	60975	
62675	63075	62675	63075	62675	
62675	64250	62675	64250	62675	
63075	63500	63075	63500	63075	
62425	63500	62425	63500	62425	
63875	63500	63875	63500	63875	
64450	63750	64450	63750	64450	
62175	64775	62175	64775	62175	
63000	63875	63000	63875	63000	
63325	64250	63325	64250	63325	
64575	65025	64575	65025	64575	
62675	64650	62675	64650	62675	
60425	62750	60425	62750	60425	
62500	63075	62500	63075	62500	
62000	61875	62000	61875	62000	
64250	63000	64250	63000	64250	
65200	62300	65200	62300	65200	
63825	63875	63825	63875	63825	
63500	65275	63500	65275	63500	
63875	62675	63875	62675	63875	
62750	62000	62750	62000	62750	
65200	62500	65200	62500	65200	
63000	62675	63000	62675	63000	
64650	62875	64650	62875	64650	
63200	63450	63200	63450	63200	
64650	63625	64650	63625	64650	
63700	63875	63700	63875	63700	
62375	61175	62375	61175	62375	
63825	62950	63825	62950	63825	
63200	64450	63200	64450	63200	
63825	63825	63825	63825	63825	
63825	62175	63825	62175	63825	
63825	63950	63825	63950	63825	
62500	62175	62500	62175	62500	
63075	63450	63075	63450	63075	
64400	63625	64400	63625	64400	
61750	63950	61750	63950	61750	
64775	64450	64775	64450	64775	
63750	64700	63750	64700	63750	
63875	63950	63875	63950	63875	
65200	63700	65200	63700	65200	
63625	64075	63625	64075	63625	
63375	62825	63375	62825	63375	
63000	63700	63000	63700	63000	
63825	64950	63825	64950	63825	
61800	62300	61800	62300	61800	
61925	64525	61925	64525	61925	
63575	62875	63575	62875	63575	
64125	63950	64125	63950	64125	
65150	63700	65150	63700	65150	
62750	64650	62750	64650	62750	
62175	61625	62175	61625	62175	
62000	62550	62000	62550	62000	
62675	63450	62675	63450	62675	
63325	63200	63325	63200	63325	
64125	63075	64125	63075	64125	
63450	62675	63450	62675	63450	
63250	62375	63250	62375	63250	
63950	61175	63950	61175	63950	
64900	62675	64900	62675	64900	
63325	63125	63325	63125	63325	
61050	63700	61050	63700	61050	
62500	62675	62500	62675	62500	
63075	63075	63075	63075	63075	
63450	62550	63450	62550	63450	
63500	63950	63500	63950	63500	
63000	61550	63000	61550	63000	
63250	63700	63250	63700	63250	
63750	60975	63750	60975	63750	
63700	62625	63700	62625	63700	
61750	63075	61750	63075	61750	
63625	63500	63625	63500	63625	
64400	62175	64400	62175	64400	
62375	61100	62375	61100	62375	
64075	64325	64075	64325	64075	
62250	62875	62250	62875	62250	
63325	64400	63325	64400	63325	
63575	65200	63575	65200	63575	
62425	64450	62425	64450	62425	
64900	63625	64900	63625	64900	
64900	64575	64900	64575	64900	
61625	65975	61625	65975	61625	
63375	63700	63375	63700	63375	
62825	62175	62825	62175	62825	
63825	64700	63825	64700	63825	
63450	61250	63450	61250	63450	
62300	64075	62300	64075	62300	
62175	64450	62175	64450	62175	
61875	64700	61875	64700	61875	
63250	64575	63250	64575	63250	
63950	63000	63950	63000	63950	
62750	63750	62750	63750	62750	
63200	61800	63200	61800	63200	
61800	64450	61800	64450	61800	
64650	63875	64650	63875	64650	
63825	63000	63825	63000	63825	
62500	62125	62500	62125	62500	
62825	64900	62825	64900	62825	
64000	63200	64000	63200	64000	
64700	64075	64700	64075	64700	
63000	64650	63000	64650	63000	
63000	60675	63000	60675	63000	
63000	63575	63000	63575	63000	
61100	63200	61100	63200	61100	
64200	62625	64200	62625	64200	
62500	64075	62500	64075	62500	
63750	62175	63750	62175	63750	
63625	63000	63625	63000	63625	
63200	63325	63200	63325	63200	
62050	64450	62050	64450	62050	
63625	63500	63625	63500	63625	
65150	64700	65150	64700	65150	
63950	64000	63950	64000	63950	
66600	64525	66600	64525	66600	
63000	62950	63000	62950	63000	
62550	63750	62550	63750	62550	
64325	62825	64325	62825	64325	
64075	62125	64075	62125	64075	
63375	63125	63375	63125	63375	
62750	63200	62750	63200	62750	
62875	63250	62875	63250	62875	
64525	64000	64525	64000	64525	
62375	64700	62375	64700	62375	
63700	63950	63700	63950	63700	
64000	62175	64000	62175	64000	
61800	61875	61800	61875	61800	
62250	63875	62250	63875	62250	
64700	64200	64700	64200	64700	
64325	65700	64325	65700	64325	
63375	63825	63375	63825	63375	
64525	63450	64525	63450	64525	
61875	63450	61875	63450	61875	
64200	64450	64200	64450	64200	
61875	63825	61875	63825	61875	
62300	63750	62300	63750	62300	
64000	63450	64000	63450	64000	
64075	64450	64075	64450	64075	
63825	63450	63825	63450	63825	
62425	62875	62425	62875	62425	
64125	61100	64125	61100	64125	
63250	64575	63250	64575	63250	
63875	63075	63875	63075	63875	
63500	63575	63500	63575	63500	
63075	64075	63075	64075	63075	
62550	64450	62550	64450	62550	
64125	62000	64125	62000	64125	
61925	62250	61925	62250	61925	
63250	64650	63250	64650	63250	
64000	60850	64000	60850	64000	
63250	61925	63250	61925	63250	
62675	63375	62675	63375	62675	
61050	64000	61050	64000	61050	
62750	63450	62750	63450	62750	
64525	63450	64525	63450	64525	
65400	61300	65400	61300	65400	
61550	63075	61550	63075	61550	
63250	64525	63250	64525	63250	
63500	63950	63500	63950	63500	
62500	62550	62500	62550	62500	
63200	63000	63200	63000	63200	
62500	64125	62500	64125	62500	
63750	62375	63750	62375	63750	
62375	63575	62375	63575	62375	
63375	64250	63375	64250	63375	
62300	64000	62300	64000	62300	
62375	64200	62375	64200	62375	
64525	63575	64525	63575	64525	
61050	63625	61050	63625	61050	
63575	63625	63575	63625	63575	
62625	63875	62625	63875	62625	
62050	61550	62050	61550	62050	
61750	63000	61750	63000	61750	
65275	61675	65275	61675	65275	
61875	61800	61875	61800	61875	
63200	61425	63200	61425	63200	
62750	62625	62750	62625	62750	
62250	63125	62250	63125	62250	
64900	62825	64900	62825	64900	
63200	63250	63200	63250	63200	
62300	63575	62300	63575	62300	
64650	63200	64650	63200	64650	
62500	61425	62500	61425	62500	
63950	62375	63950	62375	63950	
63200	63000	63200	63000	63200	
64125	62125	64125	62125	64125	
63325	61800	63325	61800	63325	
62625	63325	62625	63325	62625	
63200	62825	63200	62825	63200	
64075	64400	64075	64400	64075	
62175	62300	62175	62300	62175	
62250	61875	62250	61875	62250	
62550	63500	62550	63500	62550	
64200	63500	64200	63500	64200	
63875	62825	63875	62825	63875	
62050	63875	62050	63875	62050	
62500	60925	62500	60925	62500	
61750	64000	61750	64000	61750	
62175	62875	62175	62875	62175	
64075	63000	64075	63000	64075	
64400	62550	64400	62550	64400	
64525	63075	64525	63075	64525	
63875	64250	63875	64250	63875	
63950	62550	63950	62550	63950	
65025	64775	65025	64775	65025	
63325	63000	63325	63000	63325	
62625	65025	62625	65025	62625	
62550	63875	62550	63875	62550	
62300	62250	62300	62250	62300	
64125	63625	64125	63625	64125	
61375	64775	61375	64775	61375	
64450	63000	64450	63000	64450	
62625	61925	62625	61925	62625	
62000	61500	62000	61500	62000	
62675	64075	62675	64075	62675	
62675	61625	62675	61625	62675	
62300	63750	62300	63750	62300	
64450	64325	64450	64325	64450	
61500	61500	61500	61500	61500	
63075	63625	63075	63625	63075	
63075	62425	63075	62425	63075	
62375	63000	62375	63000	62375	
63575	64125	63575	64125	63575	
63750	63750	63750	63750	63750	
64525	64200	64525	64200	64525	
62125	63450	62125	63450	62125	
61425	64650	61425	64650	61425	
62250	62950	62250	62950	62250	
63875	62875	63875	62875	63875	
62875	65325	62875	65325	62875	
64950	64200	64950	64200	64950	
63700	64575	63700	64575	63700	
62000	63075	62000	63075	62000	
62300	63700	62300	63700	62300	
63950	64400	63950	64400	63950	
63575	61675	63575	61675	63575	
64200	64650	64200	64650	64200	
63125	64125	63125	64125	63125	
62375	63200	62375	63200	62375	
63450	63950	63450	63950	63450	
63000	63075	63000	63075	63000	
62950	62300	62950	62300	62950	
62300	63575	62300	63575	62300	
64325	62425	64325	62425	64325	
62675	63200	62675	63200	62675	
64400	62750	64400	62750	64400	
63575	64525	63575	64525	63575	
62750	62375	62750	62375	62750	
64525	64575	64525	64575	64525	
64450	61675	64450	61675	64450	
63450	63125	63450	63125	63450	
63875	63000	63875	63000	63875	
62250	61925	62250	61925	62250	
63625	64525	63625	64525	63625	
61300	62675	61300	62675	61300	
63325	62950	63325	62950	63325	
62425	63500	62425	63500	62425	
63625	62825	63625	62825	63625	
64575	62625	64575	62625	64575	
63875	63950	63875	63950	63875	
63250	63200	63250	63200	63250	
64200	61875	64200	61875	64200	
61800	63500	61800	63500	61800	
63875	61550	63875	61550	63875	
63575	63825	63575	63825	63575	
63375	63075	63375	63075	63375	
62425	64075	62425	64075	62425	
62250	64125	62250	64125	62250	
63200	61500	63200	61500	63200	
63750	63625	63750	63625	63750	
62050	62375	62050	62375	62050	
63325	61500	63325	61500	63325	
64250	63700	64250	63700	64250	
65075	60850	65075	60850	65075	
63750	62950	63750	62950	63750	
63125	63325	63125	63325	63125	
63250	63750	63250	63750	63250	
62625	60675	62625	60675	62625	
63125	62175	63125	62175	63125	
63500	65325	63500	65325	63500	
64700	62875	64700	62875	64700	
63375	62500	63375	62500	63375	
64325	62050	64325	62050	64325	
62300	63950	62300	63950	62300	
61500	63000	61500	63000	61500	
65325	65075	65325	65075	65325	
61300	63000	61300	63000	61300	
63000	63625	63000	63625	63000	
62875	64200	62875	64200	62875	
61625	63500	61625	63500	61625	
64650	62125	64650	62125	64650	
63250	63000	63250	63000	63250	
63875	61425	63875	61425	63875	
63325	61925	63325	61925	63325	
63450	64125	63450	64125	63450	
62950	63450	62950	63450	62950	
63625	63500	63625	63500	63625	
62825	62300	62825	62300	62825	
61100	63075	61100	63075	61100	
63575	64700	63575	64700	63575	
62425	62300	62425	62300	62425	
62950	62875	62950	62875	62950	
60350	63125	60350	63125	60350	
63700	62750	63700	62750	63700	
62625	63950	62625	63950	62625	
63825	63125	63825	63125	63825	
62300	62950	62300	62950	62300	
63700	63450	63700	63450	63700	
62425	62250	62425	62250	62425	
61925	64825	61925	64825	61925	
62500	63075	62500	63075	62500	
62750	64950	62750	64950	62750	
64825	62675	64825	62675	64825	
62300	64000	62300	64000	62300	
63200	63500	63200	63500	63200	
62250	61375	62250	61375	62250	
65025	64575	65025	64575	65025	
64400	62675	64400	62675	64400	
61500	63000	61500	63000	61500	
62550	65025	62550	65025	62550	
61375	61300	61375	61300	61375	
64775	63000	64775	63000	64775	
63325	62425	63325	62425	63325	
64900	61750	64900	61750	64900	
62750	62375	62750	62375	62750	
62175	63125	62175	63125	62175	
63125	64400	63125	64400	63125	
64000	62950	64000	62950	64000	
64575	62750	64575	62750	64575	
64650	63200	64650	63200	64650	
63075	61800	63075	61800	63075	
62825	64075	62825	64075	62825	
62500	62550	62500	62550	62500	
63000	62500	63000	62500	63000	
61800	63325	61800	63325	61800	
61625	64125	61625	64125	61625	
63250	62500	63250	62500	63250	
63625	63625	63625	63625	63625	
62875	64125	62875	64125	62875	
64900	65025	64900	65025	64900	
66975	65075	66975	65075	66975	
64900	63125	64900	63125	64900	
62950	62050	62950	62050	62950	
64450	63950	64450	63950	64450	
63700	64250	63700	64250	63700	
64200	62875	64200	62875	64200	
63700	64075	63700	64075	63700	
63575	63375	63575	63375	63575	
62425	63075	62425	63075	62425	
61925	63875	61925	63875	61925	
61550	61800	61550	61800	61550	
63200	64125	63200	64125	63200	
62875	62825	62875	62825	62875	
65200	64900	65200	64900	65200	
63575	63575	63575	63575	63575	
63625	63875	63625	63875	63625	
63450	63700	63450	63700	63450	
63575	62250	63575	62250	63575	
64200	63700	64200	63700	64200	
63750	64775	63750	64775	63750	
63200	60925	63200	60925	63200	
62550	60425	62550	60425	62550	
65400	62750	65400	62750	65400	
63450	62175	63450	62175	63450	
62875	63875	62875	63875	62875	
63950	62825	63950	62825	63950	
64125	62300	64125	62300	64125	
62675	64000	62675	64000	62675	
62175	62550	62175	62550	62175	
62050	65575	62050	65575	62050	
62950	62500	62950	62500	62950	
64450	63000	64450	63000	64450	
72275	70825	72275	70825	72275	
61425	62500	61425	62500	61425	
62625	63250	62625	63250	62625	
62050	64250	62050	64250	62050	
63575	63000	63575	63000	63575	
63200	63500	63200	63500	63200	
64200	63125	64200	63125	64200	
61925	64650	61925	64650	61925	
61625	62875	61625	62875	61625	
62250	63500	62250	63500	62250	
62825	61750	62825	61750	62825	
65075	61675	65075	61675	65075	
63825	63200	63825	63200	63825	
65200	62425	65200	62425	65200	
62500	63125	62500	63125	62500	
64400	64400	64400	64400	64400	
63125	62550	63125	62550	63125	
62875	63575	62875	63575	62875	
61425	63950	61425	63950	61425	
62750	62425	62750	62425	62750	
63950	62675	63950	62675	63950	
63700	61875	63700	61875	63700	
63575	63875	63575	63875	63575	
63450	63200	63450	63200	63450	
61875	63200	61875	63200	61875	
61800	62950	61800	62950	61800	
63075	63950	63075	63950	63075	
62125	62175	62125	62175	62125	
64325	65075	64325	65075	64325	
64075	62550	64075	62550	64075	
65400	61550	65400	61550	65400	
64250	62825	64250	62825	64250	
63075	63825	63075	63825	63075	
63000	62875	63000	62875	63000	
64400	64250	64400	64250	64400	
63575	63000	63575	63000	63575	
61375	63625	61375	63625	61375	
62250	64125	62250	64125	62250	
63375	63325	63375	63325	63375	
63575	62500	63575	62500	63575	
63625	61375	63625	61375	63625	
60550	64075	60550	64075	60550	
62875	64075	62875	64075	62875	
62425	64400	62425	64400	62425	
64650	63625	64650	63625	64650	
61925	63950	61925	63950	61925	
62875	63625	62875	63625	62875	
63450	63875	63450	63875	63450	
63325	63450	63325	63450	63325	
64950	61425	64950	61425	64950	
63700	64575	63700	64575	63700	
63450	62550	63450	62550	63450	
62950	62825	62950	62825	62950	
63125	63200	63125	63200	63125	
63700	63950	63700	63950	63700	
61800	64250	61800	64250	61800	
63825	63125	63825	63125	63825	
61925	63125	61925	63125	61925	
63575	62675	63575	62675	63575	
62825	64575	62825	64575	62825	
63000	63375	63000	63375	63000	
64000	62825	64000	62825	64000	
63575	63950	63575	63950	63575	
63250	63950	63250	63950	63250	
63250	64900	63250	64900	63250	
61875	64700	61875	64700	61875	
63500	63500	63500	63500	63500	
62875	62825	62875	62825	62875	
64125	62675	64125	62675	64125	
63375	62675	63375	62675	63375	
63325	62425	63325	62425	63325	
62125	65150	62125	65150	62125	
62175	62000	62175	62000	62175	
62550	64075	62550	64075	62550	
61675	63825	61675	63825	61675	
63125	63575	63125	63575	63125	
63700	63325	63700	63325	63700	
65325	63375	65325	63375	65325	
62250	63875	62250	63875	62250	
62675	63375	62675	63375	62675	
63950	63500	63950	63500	63950	
63950	64525	63950	64525	63950	
62500	63950	62500	63950	62500	
63625	62300	63625	62300	63625	
64450	64325	64450	64325	64450	
63200	62375	63200	62375	63200	
64450	61750	64450	61750	64450	
63500	61675	63500	61675	63500	
62675	62750	62675	62750	62675	
62300	62750	62300	62750	62300	
63950	62425	63950	62425	63950	
65075	63750	65075	63750	65075	
64250	64325	64250	64325	64250	
62175	63125	62175	63125	62175	
63625	64000	63625	64000	63625	
61925	63575	61925	63575	61925	
63625	64000	63625	64000	63625	
64900	63125	64900	63125	64900	
62825	64450	62825	64450	62825	
64575	62500	64575	62500	64575	
61300	62500	61300	62500	61300	
63950	63250	63950	63250	63950	
63075	64325	63075	64325	63075	
63750	61300	63750	61300	63750	
63500	62625	63500	62625	63500	
62125	64125	62125	64125	62125	
61675	63125	61675	63125	61675	
63000	62875	63000	62875	63000	
62125	62375	62125	62375	62125	
61750	63075	61750	63075	61750	
62950	62550	62950	62550	62950	
62550	61425	62550	61425	62550	
63250	62950	63250	62950	63250	
64575	62175	64575	62175	64575	
62375	62875	62375	62875	62375	
64200	63125	64200	63125	64200	
62750	63450	62750	63450	62750	
64250	61675	64250	61675	64250	
64900	64825	64900	64825	64900	
63700	63075	63700	63075	63700	
63075	64325	63075	64325	63075	
63000	64200	63000	64200	63000	
63750	62550	63750	62550	63750	
63325	62000	63325	62000	63325	
61925	63125	61925	63125	61925	
63875	64650	63875	64650	63875	
64000	62825	64000	62825	64000	
64775	64000	64775	64000	64775	
63000	63000	63000	63000	63000	
62950	62425	62950	62425	62950	
65200	64450	65200	64450	65200	
64000	62500	64000	62500	64000	
62500	62500	62500	62500	62500	
63750	62375	63750	62375	63750	
63200	63325	63200	63325	63200	
62550	63325	62550	63325	62550	
63500	62125	63500	62125	63500	
63000	64125	63000	64125	63000	
61375	62175	61375	62175	61375	
64325	61625	64325	61625	64325	
62875	63750	62875	63750	62875	
64000	64075	64000	64075	64000	
62875	64075	62875	64075	62875	
63575	63825	63575	63825	63575	
62750	63700	62750	63700	62750	
63450	64125	63450	64125	63450	
63750	62375	63750	62375	63750	
64325	64250	64325	64250	64325	
64125	61875	64125	61875	64125	
63000	62550	63000	62550	63000	
63325	61050	63325	61050	63325	
63500	61550	63500	61550	63500	
65275	63000	65275	63000	65275	
63700	63950	63700	63950	63700	
64525	63500	64525	63500	64525	
61500	62625	61500	62625	61500	
65025	64125	65025	64125	65025	
63625	64400	63625	64400	63625	
63200	63950	63200	63950	63200	
64525	64000	64525	64000	64525	
62250	64075	62250	64075	62250	
62875	61675	62875	61675	62875	
63075	62550	63075	62550	63075	
63325	61800	63325	61800	63325	
63500	61750	63500	61750	63500	
63250	63625	63250	63625	63250	
61925	63075	61925	63075	61925	
61875	61750	61875	61750	61875	
63375	62000	63375	62000	63375	
59850	63500	59850	63500	59850	
60850	63450	60850	63450	60850	
64200	62750	64200	62750	64200	
63700	63375	63700	63375	63700	
63075	63250	63075	63250	63075	
63950	63125	63950	63125	63950	
63575	63075	63575	63075	63575	
63950	63375	63950	63375	63950	
64200	63325	64200	63325	64200	
61250	62625	61250	62625	61250	
62300	61550	62300	61550	62300	
63250	60850	63250	60850	63250	
61925	63575	61925	63575	61925	
62050	64250	62050	64250	62050	
63375	62675	63375	62675	63375	
63125	64650	63125	64650	63125	
61875	62950	61875	62950	61875	
63575	63250	63575	63250	63575	
64125	63250	64125	63250	64125	
63075	64450	63075	64450	63075	
62825	63450	62825	63450	62825	
63575	63825	63575	63825	63575	
62625	63125	62625	63125	62625	
61175	64525	61175	64525	61175	
61625	63700	61625	63700	61625	
63375	61300	63375	61300	63375	
63250	63250	63250	63250	63250	
64700	63325	64700	63325	64700	
63075	62750	63075	62750	63075	
62825	62050	62825	62050	62825	
62675	63000	62675	63000	62675	
62375	64525	62375	64525	62375	
63575	63500	63575	63500	63575	
63000	64000	63000	64000	63000	
61250	62000	61250	62000	61250	
64450	64125	64450	64125	64450	
64575	63125	64575	63125	64575	
62125	62500	62125	62500	62125	
62250	61750	62250	61750	62250	
62500	64525	62500	64525	62500	
62950	64325	62950	64325	62950	
63750	64450	63750	64450	63750	
62425	62000	62425	62000	62425	
62500	64400	62500	64400	62500	
61500	63875	61500	63875	61500	
62550	64000	62550	64000	62550	
63000	63575	63000	63575	63000	
64200	63500	64200	63500	64200	
62750	63200	62750	63200	62750	
62125	63325	62125	63325	62125	
63250	62625	63250	62625	63250	
63625	63625	63625	63625	63625	
64950	62375	64950	62375	64950	
63500	61925	63500	61925	63500	
62425	62625	62425	62625	62425	
64250	62175	64250	62175	64250	
62300	64700	62300	64700	62300	
63825	63075	63825	63075	63825	
63625	63825	63625	63825	63625	
62550	62675	62550	62675	62550	
63000	64575	63000	64575	63000	
63125	60550	63125	60550	63125	
64400	63375	64400	63375	64400	
62675	64000	62675	64000	62675	
65275	61925	65275	61925	65275	
62250	63250	62250	63250	62250	
61925	64650	61925	64650	61925	
64075	63700	64075	63700	64075	
63950	62750	63950	62750	63950	
62500	61550	62500	61550	62500	
63125	64525	63125	64525	63125	
63075	62675	63075	62675	63075	
62500	63575	62500	63575	62500	
63825	62125	63825	62125	63825	
62625	64525	62625	64525	62625	
62950	65650	62950	65650	62950	
62875	63450	62875	63450	62875	
64775	62625	64775	62625	64775	
62875	63700	62875	63700	62875	
65325	62000	65325	62000	65325	
63575	61800	63575	61800	63575	
63450	64200	63450	64200	63450	
64900	62950	64900	62950	64900	
63450	63950	63450	63950	63450	
62750	63125	62750	63125	62750	
62500	63875	62500	63875	62500	
63325	62825	63325	62825	63325	
61300	65325	61300	65325	61300	
62175	62050	62175	62050	62175	
60850	63950	60850	63950	60850	
62250	62175	62250	62175	62250	
64250	63750	64250	63750	64250	
65025	63500	65025	63500	65025	
64075	64525	64075	64525	64075	
63200	65450	63200	65450	63200	
61500	63575	61500	63575	61500	
64000	62250	64000	62250	64000	
63750	63750	63750	63750	63750	
63500	63625	63500	63625	63500	
62825	63325	62825	63325	62825	
62625	64125	62625	64125	62625	
63500	63750	63500	63750	63500	
65650	63750	65650	63750	65650	
63875	61675	63875	61675	63875	
63500	61500	63500	61500	63500	
62825	64325	62825	64325	62825	
64525	63375	64525	63375	64525	
64575	64125	64575	64125	64575	
64075	61300	64075	61300	64075	
62125	63000	62125	63000	62125	
61500	62500	61500	62500	61500	
60975	62825	60975	62825	60975	
65650	62550	65650	62550	65650	
63250	63375	63250	63375	63250	
64075	63000	64075	63000	64075	
63625	63000	63625	63000	63625	
64250	63250	64250	63250	64250	
64250	63250	64250	63250	64250	
64250	63250	64250	63250	64250	
