3400	3400	3400	3400	3400	
5.7106e+06	5.7106e+06	5.7106e+06	5.7106e+06	5.7106e+06	
412800	444000	412800	444000	412800	
417400	404800	417400	404800	417400	
405800	411200	405800	411200	405800	
411800	409200	411800	409200	411800	
411800	413200	411800	413200	411800	
410800	425400	410800	425400	410800	
414200	403600	414200	403600	414200	
413200	423400	413200	423400	413200	
429400	417400	429400	417400	429400	
411200	417400	411200	417400	411200	
416800	413200	416800	413200	416800	
409800	426400	409800	426400	409800	
428400	441600	428400	441600	428400	
437400	437400	437400	437400	437400	
436400	428400	436400	428400	436400	
434000	430400	434000	430400	434000	
441600	447000	441600	447000	441600	
459200	442600	459200	442600	459200	
463600	458600	463600	458600	463600	
462200	453000	462200	453000	462200	
464600	469200	464600	469200	464600	
453600	468200	453600	468200	453600	
471200	471200	471200	471200	471200	
469800	466200	469800	466200	469800	
479800	471200	479800	471200	479800	
484400	489400	484400	489400	484400	
478800	471800	478800	471800	478800	
482400	485400	482400	485400	482400	
485800	488800	485800	488800	485800	
505000	495400	505000	495400	505000	
498000	485400	498000	485400	498000	
482400	501000	482400	501000	482400	
483800	497400	483800	497400	483800	
488800	488400	488800	488400	488800	
506600	493400	506600	493400	506600	
498000	497400	498000	497400	498000	
485800	501400	485800	501400	485800	
502000	506600	502000	506600	502000	
497400	504000	497400	504000	497400	
509000	493400	509000	493400	509000	
507000	497400	507000	497400	507000	
495000	499400	495000	499400	495000	
497000	497000	497000	497000	497000	
497400	500000	497400	500000	497400	
508600	503600	508600	503600	508600	
508600	512600	508600	512600	508600	
505600	498400	505600	498400	505600	
510600	485400	510600	485400	510600	
496400	488800	496400	488800	496400	
501000	507600	501000	507600	501000	
495000	515200	495000	515200	495000	
505600	512000	505600	512000	505600	
495000	493400	495000	493400	495000	
501000	509600	501000	509600	501000	
494400	515600	494400	515600	494400	
496400	484400	496400	484400	496400	
507600	507000	507600	507000	507600	
505600	487400	505600	487400	505600	
484400	498400	484400	498400	484400	
503000	496400	503000	496400	503000	
494000	479800	494000	479800	494000	
486400	493400	486400	493400	486400	
494400	496400	494400	496400	494400	
505000	490000	505000	490000	505000	
499400	493000	499400	493000	499400	
488800	494000	488800	494000	488800	
498000	489400	498000	489400	498000	
496000	494000	496000	494000	496000	
497400	495000	497400	495000	497400	
497400	493400	497400	493400	497400	
485400	490000	485400	490000	485400	
503000	500400	503000	500400	503000	
502000	511000	502000	511000	502000	
508600	496400	508600	496400	508600	
491400	497400	491400	497400	491400	
501400	493000	501400	493000	501400	
480400	498000	480400	498000	480400	
490000	492400	490000	492400	490000	
488800	509000	488800	509000	488800	
502600	499400	502600	499400	502600	
495400	493400	495400	493400	495400	
482800	479800	482800	479800	482800	
498000	492000	498000	492000	498000	
493400	500400	493400	500400	493400	
490000	491400	490000	491400	490000	
498400	507600	498400	507600	498400	
488400	497000	488400	497000	488400	
496000	497000	496000	497000	496000	
494400	487800	494400	487800	494400	
485800	484400	485800	484400	485800	
493000	496400	493000	496400	493000	
502000	477200	502000	477200	502000	
490000	491400	490000	491400	490000	
501000	504000	501000	504000	501000	
483800	497000	483800	497000	483800	
500400	501000	500400	501000	500400	
497000	506600	497000	506600	497000	
498000	491400	498000	491400	498000	
487400	484800	487400	484800	487400	
504000	498400	504000	498400	504000	
499000	493400	499000	493400	499000	
501400	500000	501400	500000	501400	
502000	506600	502000	506600	502000	
491400	488400	491400	488400	491400	
507000	500000	507000	500000	507000	
509600	498400	509600	498400	509600	
494400	498000	494400	498000	494400	
505000	502000	505000	502000	505000	
500400	481800	500400	481800	500400	
503600	511000	503600	511000	503600	
495400	502000	495400	502000	495400	
493000	504000	493000	504000	493000	
488400	508000	488400	508000	488400	
501000	481800	501000	481800	501000	
507600	498400	507600	498400	507600	
495400	495000	495400	495000	495400	
501400	493000	501400	493000	501400	
501000	503000	501000	503000	501000	
493400	509000	493400	509000	493400	
507600	505000	507600	505000	507600	
504600	495400	504600	495400	504600	
506600	507600	506600	507600	506600	
500400	493400	500400	493400	500400	
513600	508600	513600	508600	513600	
509600	501400	509600	501400	509600	
499000	490400	499000	490400	499000	
513000	499400	513000	499400	513000	
504000	491400	504000	491400	504000	
506600	503000	506600	503000	506600	
487400	511600	487400	511600	487400	
498400	493000	498400	493000	498400	
510600	506600	510600	506600	510600	
497000	507600	497000	507600	497000	
498000	507600	498000	507600	498000	
502600	494400	502600	494400	502600	
503000	487400	503000	487400	503000	
497000	484800	497000	484800	497000	
500400	492400	500400	492400	500400	
486800	492400	486800	492400	486800	
499000	498000	499000	498000	499000	
489400	507600	489400	507600	489400	
495400	497400	495400	497400	495400	
494000	501000	494000	501000	494000	
498400	486800	498400	486800	498400	
498400	499000	498400	499000	498400	
488400	500400	488400	500400	488400	
504600	507600	504600	507600	504600	
487800	494400	487800	494400	487800	
497000	516600	497000	516600	497000	
487800	485400	487800	485400	487800	
498000	506000	498000	506000	498000	
511000	497400	511000	497400	511000	
503000	497000	503000	497000	503000	
509600	492000	509600	492000	509600	
501000	511600	501000	511600	501000	
505000	495000	505000	495000	505000	
505600	483400	505600	483400	505600	
501400	493400	501400	493400	501400	
496400	495000	496400	495000	496400	
499400	495400	499400	495400	499400	
493400	496400	493400	496400	493400	
509600	500400	509600	500400	509600	
504600	506600	504600	506600	504600	
511000	500400	511000	500400	511000	
504600	508600	504600	508600	504600	
500400	499000	500400	499000	500400	
494400	499000	494400	499000	494400	
482800	494000	482800	494000	482800	
499400	503000	499400	503000	499400	
480800	502000	480800	502000	480800	
506000	505600	506000	505600	506000	
511000	497400	511000	497400	511000	
501400	503000	501400	503000	501400	
487400	506600	487400	506600	487400	
492400	505000	492400	505000	492400	
502000	499400	502000	499400	502000	
491400	511600	491400	511600	491400	
505600	503600	505600	503600	505600	
521600	496000	521600	496000	521600	
493000	493400	493000	493400	493000	
502000	487400	502000	487400	502000	
493400	493400	493400	493400	493400	
497400	482400	497400	482400	497400	
492400	500000	492400	500000	492400	
510600	488400	510600	488400	510600	
503000	503600	503000	503600	503000	
500400	507600	500400	507600	500400	
499400	481800	499400	481800	499400	
498000	492000	498000	492000	498000	
502000	507000	502000	507000	502000	
484400	501400	484400	501400	484400	
514000	500400	514000	500400	514000	
496400	498000	496400	498000	496400	
493000	493000	493000	493000	493000	
505000	500400	505000	500400	505000	
502000	498400	502000	498400	502000	
504000	493000	504000	493000	504000	
496000	513000	496000	513000	496000	
491400	506600	491400	506600	491400	
484400	491000	484400	491000	484400	
479800	500000	479800	500000	479800	
493000	507600	493000	507600	493000	
494000	501400	494000	501400	494000	
491400	490000	491400	490000	491400	
513000	488400	513000	488400	513000	
501000	500000	501000	500000	501000	
496400	496400	496400	496400	496400	
497000	502600	497000	502600	497000	
505600	500000	505600	500000	505600	
490400	488800	490400	488800	490400	
504600	498000	504600	498000	504600	
507000	503000	507000	503000	507000	
474200	481800	474200	481800	474200	
509600	511000	509600	511000	509600	
507000	490400	507000	490400	507000	
508000	505000	508000	505000	508000	
500400	499400	500400	499400	500400	
499000	497000	499000	497000	499000	
510600	501400	510600	501400	510600	
498400	492000	498400	492000	498400	
500000	503600	500000	503600	500000	
503000	521600	503000	521600	503000	
489400	508600	489400	508600	489400	
484800	502600	484800	502600	484800	
497000	495000	497000	495000	497000	
504000	491400	504000	491400	504000	
493400	500400	493400	500400	493400	
498400	498000	498400	498000	498400	
494400	507000	494400	507000	494400	
509600	495400	509600	495400	509600	
503000	491400	503000	491400	503000	
509600	500000	509600	500000	509600	
490000	482800	490000	482800	490000	
507000	484400	507000	484400	507000	
499400	512600	499400	512600	499400	
500400	500400	500400	500400	500400	
509600	498000	509600	498000	509600	
509000	508600	509000	508600	509000	
508600	488800	508600	488800	508600	
509600	498000	509600	498000	509600	
507000	507000	507000	507000	507000	
501400	500000	501400	500000	501400	
496400	503000	496400	503000	496400	
498000	507600	498000	507600	498000	
494400	511000	494400	511000	494400	
512600	486400	512600	486400	512600	
507600	509000	507600	509000	507600	
508000	512600	508000	512600	508000	
507000	495400	507000	495400	507000	
506000	520600	506000	520600	506000	
503000	495000	503000	495000	503000	
507600	502600	507600	502600	507600	
504000	504000	504000	504000	504000	
502600	510600	502600	510600	502600	
512000	493000	512000	493000	512000	
489400	506600	489400	506600	489400	
501400	495000	501400	495000	501400	
497000	514000	497000	514000	497000	
511000	499000	511000	499000	511000	
501000	511600	501000	511600	501000	
485400	510000	485400	510000	485400	
493400	507600	493400	507600	493400	
495400	520200	495400	520200	495400	
506600	514600	506600	514600	506600	
512600	506600	512600	506600	512600	
500400	501000	500400	501000	500400	
500400	504600	500400	504600	500400	
491400	490000	491400	490000	491400	
506000	491000	506000	491000	506000	
501000	510000	501000	510000	501000	
500000	506600	500000	506600	500000	
494000	504000	494000	504000	494000	
498400	483800	498400	483800	498400	
501000	506600	501000	506600	501000	
503600	491000	503600	491000	503600	
516200	508000	516200	508000	516200	
496000	506000	496000	506000	496000	
492000	513000	492000	513000	492000	
500400	502000	500400	502000	500400	
498400	494400	498400	494400	498400	
501000	494000	501000	494000	501000	
501000	482800	501000	482800	501000	
488800	493400	488800	493400	488800	
505000	495000	505000	495000	505000	
503000	504000	503000	504000	503000	
498400	497000	498400	497000	498400	
508600	492400	508600	492400	508600	
512600	502600	512600	502600	512600	
501400	505600	501400	505600	501400	
494400	509000	494400	509000	494400	
499000	511600	499000	511600	499000	
514000	505000	514000	505000	514000	
502000	505000	502000	505000	502000	
499400	504600	499400	504600	499400	
485800	485400	485800	485400	485800	
508600	505600	508600	505600	508600	
487800	512600	487800	512600	487800	
509000	497400	509000	497400	509000	
500400	503000	500400	503000	500400	
504000	487400	504000	487400	504000	
499000	505600	499000	505600	499000	
493000	499000	493000	499000	493000	
502600	504600	502600	504600	502600	
496000	508600	496000	508600	496000	
500000	506600	500000	506600	500000	
503600	506600	503600	506600	503600	
495400	502600	495400	502600	495400	
502000	531200	502000	531200	502000	
508000	498000	508000	498000	508000	
504000	509000	504000	509000	504000	
506600	505000	506600	505000	506600	
503600	504000	503600	504000	503600	
514000	508600	514000	508600	514000	
498000	493000	498000	493000	498000	
511000	505600	511000	505600	511000	
503000	490400	503000	490400	503000	
503600	505000	503600	505000	503600	
497000	499000	497000	499000	497000	
502000	501400	502000	501400	502000	
508600	501400	508600	501400	508600	
485400	497000	485400	497000	485400	
515600	496400	515600	496400	515600	
517600	499400	517600	499400	517600	
512000	501400	512000	501400	512000	
499000	500400	499000	500400	499000	
502600	500400	502600	500400	502600	
502600	510000	502600	510000	502600	
506600	515600	506600	515600	506600	
508000	495400	508000	495400	508000	
509600	492000	509600	492000	509600	
506000	513000	506000	513000	506000	
496000	504000	496000	504000	496000	
503000	501400	503000	501400	503000	
504000	495400	504000	495400	504000	
497400	498000	497400	498000	497400	
503000	503600	503000	503600	503000	
499000	485800	499000	485800	499000	
496400	503600	496400	503600	496400	
496000	497400	496000	497400	496000	
509600	503000	509600	503000	509600	
486400	508600	486400	508600	486400	
502600	501000	502600	501000	502600	
501000	503600	501000	503600	501000	
502000	494400	502000	494400	502000	
488400	497400	488400	497400	488400	
504000	513000	504000	513000	504000	
509000	511600	509000	511600	509000	
500400	508600	500400	508600	500400	
501000	510000	501000	510000	501000	
500000	488400	500000	488400	500000	
495000	508600	495000	508600	495000	
506600	497400	506600	497400	506600	
493000	499000	493000	499000	493000	
507600	487800	507600	487800	507600	
499000	504000	499000	504000	499000	
497400	499000	497400	499000	497400	
494000	513600	494000	513600	494000	
499400	495400	499400	495400	499400	
512600	510000	512600	510000	512600	
490400	504000	490400	504000	490400	
508600	509600	508600	509600	508600	
503000	504600	503000	504600	503000	
495400	510600	495400	510600	495400	
505000	495000	505000	495000	505000	
501000	513000	501000	513000	501000	
499000	495400	499000	495400	499000	
497400	503000	497400	503000	497400	
506600	521200	506600	521200	506600	
508600	502600	508600	502600	508600	
503600	498400	503600	498400	503600	
504600	504600	504600	504600	504600	
506600	512600	506600	512600	506600	
500000	497400	500000	497400	500000	
508000	490000	508000	490000	508000	
498400	518200	498400	518200	498400	
517200	511000	517200	511000	517200	
498000	514000	498000	514000	498000	
503000	509600	503000	509600	503000	
504000	516200	504000	516200	504000	
507000	502000	507000	502000	507000	
506600	502600	506600	502600	506600	
511000	494000	511000	494000	511000	
508600	503600	508600	503600	508600	
506000	507000	506000	507000	506000	
500400	503000	500400	503000	500400	
500000	499000	500000	499000	500000	
495400	510000	495400	510000	495400	
519200	510600	519200	510600	519200	
491000	505600	491000	505600	491000	
504000	509600	504000	509600	504000	
512000	502600	512000	502600	512000	
489400	506000	489400	506000	489400	
513600	512000	513600	512000	513600	
511600	509600	511600	509600	511600	
502000	518600	502000	518600	502000	
513000	507000	513000	507000	513000	
499400	511000	499400	511000	499400	
498400	513000	498400	513000	498400	
491400	511600	491400	511600	491400	
516200	512000	516200	512000	516200	
510600	496400	510600	496400	510600	
510600	507600	510600	507600	510600	
512000	500400	512000	500400	512000	
494400	497400	494400	497400	494400	
504000	492000	504000	492000	504000	
505000	494000	505000	494000	505000	
500000	506600	500000	506600	500000	
505000	505000	505000	505000	505000	
483800	498400	483800	498400	483800	
494000	514000	494000	514000	494000	
504600	515200	504600	515200	504600	
502000	496000	502000	496000	502000	
510600	515600	510600	515600	510600	
501000	508000	501000	508000	501000	
496000	502000	496000	502000	496000	
504000	494400	504000	494400	504000	
504000	509000	504000	509000	504000	
497000	490400	497000	490400	497000	
503600	507000	503600	507000	503600	
499000	506000	499000	506000	499000	
501000	495000	501000	495000	501000	
500000	504600	500000	504600	500000	
499400	502000	499400	502000	499400	
508600	515600	508600	515600	508600	
491400	495000	491400	495000	491400	
501400	498400	501400	498400	501400	
507000	500000	507000	500000	507000	
508600	507000	508600	507000	508600	
495000	516600	495000	516600	495000	
510600	504600	510600	504600	510600	
520600	499000	520600	499000	520600	
505600	527200	505600	527200	505600	
496000	513600	496000	513600	496000	
497400	513000	497400	513000	497400	
509000	506000	509000	506000	509000	
514000	502600	514000	502600	514000	
505600	505600	505600	505600	505600	
519200	502600	519200	502600	519200	
504600	508600	504600	508600	504600	
512600	507000	512600	507000	512600	
512000	504000	512000	504000	512000	
520600	498400	520600	498400	520600	
503600	487800	503600	487800	503600	
508000	504000	508000	504000	508000	
507000	515600	507000	515600	507000	
498000	495000	498000	495000	498000	
498000	520200	498000	520200	498000	
495400	517200	495400	517200	495400	
492000	494000	492000	494000	492000	
508600	511600	508600	511600	508600	
517200	513600	517200	513600	517200	
500000	515200	500000	515200	500000	
507600	489400	507600	489400	507600	
493000	496000	493000	496000	493000	
486800	504600	486800	504600	486800	
508600	501400	508600	501400	508600	
486800	518600	486800	518600	486800	
515600	504600	515600	504600	515600	
513600	505000	513600	505000	513600	
507600	503000	507600	503000	507600	
505000	499400	505000	499400	505000	
504600	499000	504600	499000	504600	
492400	501000	492400	501000	492400	
511600	493400	511600	493400	511600	
496400	506600	496400	506600	496400	
509600	505600	509600	505600	509600	
508000	512600	508000	512600	508000	
500000	518600	500000	518600	500000	
495400	501400	495400	501400	495400	
511000	501000	511000	501000	511000	
497400	528800	497400	528800	497400	
501000	508000	501000	508000	501000	
488800	503000	488800	503000	488800	
497400	492400	497400	492400	497400	
520600	507600	520600	507600	520600	
519600	508000	519600	508000	519600	
500400	500000	500400	500000	500400	
504600	509600	504600	509600	504600	
511600	503000	511600	503000	511600	
499000	501400	499000	501400	499000	
508600	511000	508600	511000	508600	
515200	508000	515200	508000	515200	
499000	504600	499000	504600	499000	
496400	505600	496400	505600	496400	
486400	503600	486400	503600	486400	
507000	495400	507000	495400	507000	
525600	524200	525600	524200	525600	
502600	497000	502600	497000	502600	
514000	504600	514000	504600	514000	
499000	503600	499000	503600	499000	
509600	511600	509600	511600	509600	
504600	510000	504600	510000	504600	
506000	499400	506000	499400	506000	
488800	502000	488800	502000	488800	
515600	513600	515600	513600	515600	
513600	517600	513600	517600	513600	
506000	498000	506000	498000	506000	
501000	500400	501000	500400	501000	
510600	505000	510600	505000	510600	
501400	495400	501400	495400	501400	
501400	494400	501400	494400	501400	
508000	504000	508000	504000	508000	
505600	505000	505600	505000	505600	
499000	500400	499000	500400	499000	
505600	512600	505600	512600	505600	
497400	493000	497400	493000	497400	
506000	498000	506000	498000	506000	
499400	508600	499400	508600	499400	
496400	510000	496400	510000	496400	
493400	511000	493400	511000	493400	
502600	498400	502600	498400	502600	
491000	510000	491000	510000	491000	
500400	507000	500400	507000	500400	
505000	493000	505000	493000	505000	
510600	503600	510600	503600	510600	
497000	502000	497000	502000	497000	
498400	496000	498400	496000	498400	
502000	493400	502000	493400	502000	
512600	527800	512600	527800	512600	
493000	502600	493000	502600	493000	
504600	507000	504600	507000	504600	
500000	500000	500000	500000	500000	
493000	515600	493000	515600	493000	
511000	526800	511000	526800	511000	
503600	519200	503600	519200	503600	
509000	497400	509000	497400	509000	
508000	507000	508000	507000	508000	
493400	509600	493400	509600	493400	
500400	509000	500400	509000	500400	
503600	505600	503600	505600	503600	
496400	496400	496400	496400	496400	
518200	510600	518200	510600	518200	
518600	505600	518600	505600	518600	
512000	505600	512000	505600	512000	
512600	501400	512600	501400	512600	
506000	496000	506000	496000	506000	
506000	504000	506000	504000	506000	
498000	512600	498000	512600	498000	
496000	490400	496000	490400	496000	
493000	495400	493000	495400	493000	
514000	522200	514000	522200	514000	
504000	517200	504000	517200	504000	
488800	499000	488800	499000	488800	
507000	498000	507000	498000	507000	
497400	508600	497400	508600	497400	
504000	524200	504000	524200	504000	
496000	508600	496000	508600	496000	
505600	495400	505600	495400	505600	
504600	504000	504600	504000	504600	
511600	509000	511600	509000	511600	
496000	505000	496000	505000	496000	
496000	503000	496000	503000	496000	
514600	508600	514600	508600	514600	
499000	500000	499000	500000	499000	
510600	499400	510600	499400	510600	
495000	520600	495000	520600	495000	
519200	516600	519200	516600	519200	
505000	510000	505000	510000	505000	
507600	492000	507600	492000	507600	
499000	512600	499000	512600	499000	
499400	488800	499400	488800	499400	
510600	502000	510600	502000	510600	
499400	519200	499400	519200	499400	
515600	520200	515600	520200	515600	
495400	507000	495400	507000	495400	
512600	505600	512600	505600	512600	
518200	506000	518200	506000	518200	
506600	508600	506600	508600	506600	
504600	525200	504600	525200	504600	
497400	504600	497400	504600	497400	
515200	507600	515200	507600	515200	
518200	512000	518200	512000	518200	
502000	505000	502000	505000	502000	
505000	518600	505000	518600	505000	
510600	508000	510600	508000	510600	
496400	486400	496400	486400	496400	
507000	519200	507000	519200	507000	
534200	507600	534200	507600	534200	
495400	503000	495400	503000	495400	
514000	508000	514000	508000	514000	
527200	486800	527200	486800	527200	
525600	509600	525600	509600	525600	
519200	502600	519200	502600	519200	
502600	505600	502600	505600	502600	
509000	516200	509000	516200	509000	
507600	508600	507600	508600	507600	
494400	518600	494400	518600	494400	
502600	509000	502600	509000	502600	
504000	507600	504000	507600	504000	
506600	504000	506600	504000	506600	
505600	505000	505600	505000	505600	
512000	501000	512000	501000	512000	
506000	504600	506000	504600	506000	
509000	500400	509000	500400	509000	
508000	502000	508000	502000	508000	
495400	504600	495400	504600	495400	
501000	505600	501000	505600	501000	
505000	518200	505000	518200	505000	
499400	502000	499400	502000	499400	
501000	508000	501000	508000	501000	
526800	510000	526800	510000	526800	
510600	512600	510600	512600	510600	
494400	501000	494400	501000	494400	
507600	499000	507600	499000	507600	
496400	503000	496400	503000	496400	
510000	503000	510000	503000	510000	
499000	512000	499000	512000	499000	
501000	517600	501000	517600	501000	
511600	510600	511600	510600	511600	
510000	480400	510000	480400	510000	
502000	502600	502000	502600	502000	
495400	495000	495400	495000	495400	
502600	495400	502600	495400	502600	
495400	499000	495400	499000	495400	
497000	511000	497000	511000	497000	
501000	494000	501000	494000	501000	
525600	516600	525600	516600	525600	
512000	517600	512000	517600	512000	
501400	502600	501400	502600	501400	
512600	499400	512600	499400	512600	
499400	511000	499400	511000	499400	
501400	520200	501400	520200	501400	
494000	507600	494000	507600	494000	
506600	505000	506600	505000	506600	
498000	506600	498000	506600	498000	
502600	496400	502600	496400	502600	
513600	504000	513600	504000	513600	
503000	511600	503000	511600	503000	
519200	516600	519200	516600	519200	
496000	503000	496000	503000	496000	
496000	508000	496000	508000	496000	
506600	497000	506600	497000	506600	
504600	490400	504600	490400	504600	
511600	500000	511600	500000	511600	
515200	516600	515200	516600	515200	
510000	494000	510000	494000	510000	
501000	505600	501000	505600	501000	
510000	520200	510000	520200	510000	
501400	516200	501400	516200	501400	
492400	493000	492400	493000	492400	
507000	507000	507000	507000	507000	
518600	502600	518600	502600	518600	
518200	507000	518200	507000	518200	
497400	509000	497400	509000	497400	
503000	515600	503000	515600	503000	
506600	507600	506600	507600	506600	
514000	501000	514000	501000	514000	
511000	514600	511000	514600	511000	
494400	506600	494400	506600	494400	
500400	500400	500400	500400	500400	
506000	503600	506000	503600	506000	
520200	512600	520200	512600	520200	
488400	512000	488400	512000	488400	
502000	502000	502000	502000	502000	
513000	512000	513000	512000	513000	
498000	503600	498000	503600	498000	
498000	508000	498000	508000	498000	
497000	497000	497000	497000	497000	
511000	504000	511000	504000	511000	
504600	501000	504600	501000	504600	
500000	513600	500000	513600	500000	
512000	503000	512000	503000	512000	
512600	502600	512600	502600	512600	
522600	503000	522600	503000	522600	
499000	501400	499000	501400	499000	
497000	503600	497000	503600	497000	
510000	502600	510000	502600	510000	
501000	497000	501000	497000	501000	
496000	503600	496000	503600	496000	
505600	494400	505600	494400	505600	
505600	504600	505600	504600	505600	
523200	512000	523200	512000	523200	
506600	506600	506600	506600	506600	
503000	509600	503000	509600	503000	
523600	503000	523600	503000	523600	
511600	500000	511600	500000	511600	
488400	507000	488400	507000	488400	
509000	522200	509000	522200	509000	
501400	497400	501400	497400	501400	
505600	496400	505600	496400	505600	
484400	504000	484400	504000	484400	
511000	502600	511000	502600	511000	
490400	513000	490400	513000	490400	
496400	488400	496400	488400	496400	
505600	494000	505600	494000	505600	
501000	509000	501000	509000	501000	
510600	505000	510600	505000	510600	
500000	506600	500000	506600	500000	
513000	500000	513000	500000	513000	
505600	497000	505600	497000	505600	
504600	505600	504600	505600	504600	
512000	507600	512000	507600	512000	
507000	518200	507000	518200	507000	
504600	514000	504600	514000	504600	
510600	507600	510600	507600	510600	
507000	526800	507000	526800	507000	
499000	508600	499000	508600	499000	
506600	501000	506600	501000	506600	
512000	509000	512000	509000	512000	
509000	500400	509000	500400	509000	
499400	487800	499400	487800	499400	
506600	506000	506600	506000	506600	
496000	505600	496000	505600	496000	
503000	502600	503000	502600	503000	
502600	502000	502600	502000	502600	
505600	497000	505600	497000	505600	
513000	523200	513000	523200	513000	
510000	505600	510000	505600	510000	
509600	490000	509600	490000	509600	
508000	509000	508000	509000	508000	
501400	510600	501400	510600	501400	
504600	505600	504600	505600	504600	
513000	520600	513000	520600	513000	
492400	504000	492400	504000	492400	
511000	504600	511000	504600	511000	
507600	508000	507600	508000	507600	
495000	497400	495000	497400	495000	
497400	493000	497400	493000	497400	
506000	509000	506000	509000	506000	
507600	505000	507600	505000	507600	
514600	516200	514600	516200	514600	
503600	503600	503600	503600	503600	
516600	508600	516600	508600	516600	
493000	508600	493000	508600	493000	
496400	508600	496400	508600	496400	
513000	511000	513000	511000	513000	
505600	499400	505600	499400	505600	
504000	511000	504000	511000	504000	
505600	508000	505600	508000	505600	
501000	492000	501000	492000	501000	
501400	512600	501400	512600	501400	
502600	513600	502600	513600	502600	
498000	508600	498000	508600	498000	
502600	504000	502600	504000	502600	
514600	496000	514600	496000	514600	
504600	503000	504600	503000	504600	
516200	498400	516200	498400	516200	
511000	511000	511000	511000	511000	
504000	510000	504000	510000	504000	
495000	504000	495000	504000	495000	
500000	502600	500000	502600	500000	
507000	499000	507000	499000	507000	
498400	518600	498400	518600	498400	
520200	507000	520200	507000	520200	
510600	504000	510600	504000	510600	
514000	499000	514000	499000	514000	
492400	496400	492400	496400	492400	
512000	518200	512000	518200	512000	
493000	494400	493000	494400	493000	
507000	506000	507000	506000	507000	
515200	498400	515200	498400	515200	
507000	498000	507000	498000	507000	
504000	492000	504000	492000	504000	
510600	494000	510600	494000	510600	
504600	511000	504600	511000	504600	
488400	515200	488400	515200	488400	
515600	506000	515600	506000	515600	
511000	514000	511000	514000	511000	
513000	509000	513000	509000	513000	
504000	508600	504000	508600	504000	
509000	506600	509000	506600	509000	
512600	513000	512600	513000	512600	
492400	508000	492400	508000	492400	
506600	514600	506600	514600	506600	
498000	511000	498000	511000	498000	
511600	496000	511600	496000	511600	
500000	506600	500000	506600	500000	
501000	500000	501000	500000	501000	
505000	512000	505000	512000	505000	
507000	497400	507000	497400	507000	
498400	494000	498400	494000	498400	
500000	509000	500000	509000	500000	
500400	495000	500400	495000	500400	
487400	509000	487400	509000	487400	
484400	501400	484400	501400	484400	
510000	497000	510000	497000	510000	
504000	502600	504000	502600	504000	
505000	502600	505000	502600	505000	
510600	501400	510600	501400	510600	
512000	502600	512000	502600	512000	
516200	495400	516200	495400	516200	
504000	505000	504000	505000	504000	
507600	511000	507600	511000	507600	
518200	503600	518200	503600	518200	
503000	497000	503000	497000	503000	
508000	499400	508000	499400	508000	
503000	501400	503000	501400	503000	
506600	501400	506600	501400	506600	
507000	499400	507000	499400	507000	
514600	506600	514600	506600	514600	
513000	503600	513000	503600	513000	
488400	492400	488400	492400	488400	
504000	497400	504000	497400	504000	
500400	504600	500400	504600	500400	
504000	513000	504000	513000	504000	
508600	520600	508600	520600	508600	
509000	513000	509000	513000	509000	
497000	509600	497000	509600	497000	
514000	514000	514000	514000	514000	
494000	520600	494000	520600	494000	
513000	511000	513000	511000	513000	
505600	499400	505600	499400	505600	
506600	502600	506600	502600	506600	
517200	493000	517200	493000	517200	
502000	494000	502000	494000	502000	
501400	511600	501400	511600	501400	
504600	513600	504600	513600	504600	
500000	497000	500000	497000	500000	
484400	511600	484400	511600	484400	
508000	497000	508000	497000	508000	
508600	501400	508600	501400	508600	
498000	502600	498000	502600	498000	
506000	501400	506000	501400	506000	
518200	520600	518200	520600	518200	
501000	496400	501000	496400	501000	
504000	506600	504000	506600	504000	
499000	500000	499000	500000	499000	
515200	504600	515200	504600	515200	
500000	518200	500000	518200	500000	
514600	505000	514600	505000	514600	
499000	495000	499000	495000	499000	
508600	506000	508600	506000	508600	
519600	507000	519600	507000	519600	
494000	512000	494000	512000	494000	
503000	505600	503000	505600	503000	
507600	499400	507600	499400	507600	
518200	506000	518200	506000	518200	
508600	514600	508600	514600	508600	
500000	509000	500000	509000	500000	
503600	520600	503600	520600	503600	
502600	505600	502600	505600	502600	
515200	499000	515200	499000	515200	
511000	503000	511000	503000	511000	
499000	510600	499000	510600	499000	
505600	503000	505600	503000	505600	
505000	508600	505000	508600	505000	
506600	497400	506600	497400	506600	
507600	498400	507600	498400	507600	
504600	501000	504600	501000	504600	
519600	497400	519600	497400	519600	
517600	509000	517600	509000	517600	
512000	508600	512000	508600	512000	
495400	512000	495400	512000	495400	
513000	495400	513000	495400	513000	
520600	503600	520600	503600	520600	
520600	504600	520600	504600	520600	
508000	510000	508000	510000	508000	
503600	491000	503600	491000	503600	
515600	495400	515600	495400	515600	
504000	506600	504000	506600	504000	
500000	511000	500000	511000	500000	
502000	511000	502000	511000	502000	
509600	506600	509600	506600	509600	
514600	517600	514600	517600	514600	
511000	508000	511000	508000	511000	
500000	488400	500000	488400	500000	
497000	505600	497000	505600	497000	
501400	504000	501400	504000	501400	
508000	500400	508000	500400	508000	
495400	522200	495400	522200	495400	
502000	498000	502000	498000	502000	
510600	509600	510600	509600	510600	
495400	506000	495400	506000	495400	
499000	508000	499000	508000	499000	
505600	504000	505600	504000	505600	
503000	497000	503000	497000	503000	
501000	504600	501000	504600	501000	
486400	507000	486400	507000	486400	
496400	494000	496400	494000	496400	
504600	505000	504600	505000	504600	
492400	508600	492400	508600	492400	
507600	505000	507600	505000	507600	
496000	499400	496000	499400	496000	
492000	517200	492000	517200	492000	
487800	513600	487800	513600	487800	
501000	507000	501000	507000	501000	
500400	502600	500400	502600	500400	
498000	513600	498000	513600	498000	
504000	511600	504000	511600	504000	
513000	503600	513000	503600	513000	
507600	509600	507600	509600	507600	
509000	500000	509000	500000	509000	
500000	507600	500000	507600	500000	
519200	508600	519200	508600	519200	
503600	511600	503600	511600	503600	
500400	507600	500400	507600	500400	
522600	502000	522600	502000	522600	
501000	518600	501000	518600	501000	
507600	491000	507600	491000	507600	
500400	502600	500400	502600	500400	
504000	514600	504000	514600	504000	
516200	520200	516200	520200	516200	
495400	518200	495400	518200	495400	
502600	504600	502600	504600	502600	
515200	486800	515200	486800	515200	
507000	496000	507000	496000	507000	
512000	499000	512000	499000	512000	
502600	509000	502600	509000	502600	
513000	502000	513000	502000	513000	
501400	517600	501400	517600	501400	
512600	509000	512600	509000	512600	
490000	494400	490000	494400	490000	
483800	511600	483800	511600	483800	
496400	502000	496400	502000	496400	
508600	523600	508600	523600	508600	
507000	498400	507000	498400	507000	
493000	510000	493000	510000	493000	
503000	519600	503000	519600	503000	
496000	509000	496000	509000	496000	
515200	502600	515200	502600	515200	
498400	515200	498400	515200	498400	
507600	501000	507600	501000	507600	
498400	497400	498400	497400	498400	
512000	510600	512000	510600	512000	
514600	497000	514600	497000	514600	
513000	507600	513000	507600	513000	
504600	512600	504600	512600	504600	
497000	493400	497000	493400	497000	
503000	508000	503000	508000	503000	
504000	499400	504000	499400	504000	
507600	503600	507600	503600	507600	
496000	497000	496000	497000	496000	
511600	517600	511600	517600	511600	
502600	503000	502600	503000	502600	
496000	511600	496000	511600	496000	
513600	502600	513600	502600	513600	
511000	512600	511000	512600	511000	
492400	516600	492400	516600	492400	
483800	495400	483800	495400	483800	
508000	501400	508000	501400	508000	
516600	502000	516600	502000	516600	
509600	495000	509600	495000	509600	
494000	503000	494000	503000	494000	
496000	493400	496000	493400	496000	
502000	506600	502000	506600	502000	
499000	500000	499000	500000	499000	
502600	505600	502600	505600	502600	
508000	509600	508000	509600	508000	
509000	509600	509000	509600	509000	
508000	513000	508000	513000	508000	
513600	485800	513600	485800	513600	
507000	508600	507000	508600	507000	
513000	503600	513000	503600	513000	
520600	506600	520600	506600	520600	
504000	487400	504000	487400	504000	
498400	499000	498400	499000	498400	
511600	499000	511600	499000	511600	
513600	504600	513600	504600	513600	
508000	500000	508000	500000	508000	
484800	498400	484800	498400	484800	
512000	510600	512000	510600	512000	
512600	514600	512600	514600	512600	
493400	515200	493400	515200	493400	
510000	505000	510000	505000	510000	
513600	513000	513600	513000	513600	
493000	508000	493000	508000	493000	
506000	512000	506000	512000	506000	
522600	498400	522600	498400	522600	
509000	503600	509000	503600	509000	
509600	500400	509600	500400	509600	
501400	514000	501400	514000	501400	
499000	505000	499000	505000	499000	
500000	508000	500000	508000	500000	
519600	520600	519600	520600	519600	
502600	509000	502600	509000	502600	
504600	503000	504600	503000	504600	
508600	508600	508600	508600	508600	
508000	513000	508000	513000	508000	
510600	502000	510600	502000	510600	
498000	518600	498000	518600	498000	
509000	486400	509000	486400	509000	
505000	508000	505000	508000	505000	
504000	497400	504000	497400	504000	
507000	509000	507000	509000	507000	
503000	504000	503000	504000	503000	
505600	506000	505600	506000	505600	
498400	518200	498400	518200	498400	
501000	508600	501000	508600	501000	
519600	508600	519600	508600	519600	
500400	496000	500400	496000	500400	
507600	518200	507600	518200	507600	
518200	507000	518200	507000	518200	
506600	503000	506600	503000	506600	
499400	497000	499400	497000	499400	
510000	513000	510000	513000	510000	
495400	511000	495400	511000	495400	
506000	507600	506000	507600	506000	
501000	492400	501000	492400	501000	
504600	497400	504600	497400	504600	
503000	501400	503000	501400	503000	
507600	506600	507600	506600	507600	
488800	523600	488800	523600	488800	
500400	496000	500400	496000	500400	
514000	489400	514000	489400	514000	
501400	506600	501400	506600	501400	
507600	504000	507600	504000	507600	
503600	501400	503600	501400	503600	
498000	504000	498000	504000	498000	
496000	502600	496000	502600	496000	
499400	513000	499400	513000	499400	
507600	501000	507600	501000	507600	
519600	501400	519600	501400	519600	
501000	501000	501000	501000	501000	
508000	508000	508000	508000	508000	
507600	510600	507600	510600	507600	
507600	480400	507600	480400	507600	
503600	503600	503600	503600	503600	
506600	501400	506600	501400	506600	
508000	497000	508000	497000	508000	
500400	516200	500400	516200	500400	
512600	509000	512600	509000	512600	
510600	519600	510600	519600	510600	
507000	505600	507000	505600	507000	
504000	511600	504000	511600	504000	
508000	508000	508000	508000	508000	
492000	510600	492000	510600	492000	
501000	500400	501000	500400	501000	
490400	495400	490400	495400	490400	
496000	493400	496000	493400	496000	
502000	499000	502000	499000	502000	
520200	493000	520200	493000	520200	
495400	507000	495400	507000	495400	
500000	494400	500000	494400	500000	
508000	504600	508000	504600	508000	
503000	509600	503000	509600	503000	
498000	512600	498000	512600	498000	
503600	510600	503600	510600	503600	
505000	504000	505000	504000	505000	
500000	500000	500000	500000	500000	
498400	508600	498400	508600	498400	
506000	496000	506000	496000	506000	
518600	518200	518600	518200	518600	
503600	497000	503600	497000	503600	
493000	501000	493000	501000	493000	
508000	498000	508000	498000	508000	
501000	511000	501000	511000	501000	
499000	510000	499000	510000	499000	
506600	506600	506600	506600	506600	
504600	498400	504600	498400	504600	
509000	508000	509000	508000	509000	
509600	506600	509600	506600	509600	
498400	514000	498400	514000	498400	
503000	507000	503000	507000	503000	
512000	501000	512000	501000	512000	
505600	508000	505600	508000	505600	
497400	512000	497400	512000	497400	
493000	513000	493000	513000	493000	
491400	499400	491400	499400	491400	
516200	499400	516200	499400	516200	
509600	514000	509600	514000	509600	
501400	493000	501400	493000	501400	
502600	509600	502600	509600	502600	
508600	505600	508600	505600	508600	
503000	505600	503000	505600	503000	
510600	514000	510600	514000	510600	
498400	492400	498400	492400	498400	
495000	505600	495000	505600	495000	
499000	497400	499000	497400	499000	
515600	508600	515600	508600	515600	
515200	503000	515200	503000	515200	
510000	504000	510000	504000	510000	
509600	499400	509600	499400	509600	
508600	493400	508600	493400	508600	
509600	491000	509600	491000	509600	
495400	494400	495400	494400	495400	
504000	504000	504000	504000	504000	
504600	491400	504600	491400	504600	
497000	504600	497000	504600	497000	
504600	513600	504600	513600	504600	
509600	494000	509600	494000	509600	
510000	498000	510000	498000	510000	
511000	484400	511000	484400	511000	
513600	507000	513600	507000	513600	
505000	517600	505000	517600	505000	
506600	500000	506600	500000	506600	
515200	511000	515200	511000	515200	
507600	504000	507600	504000	507600	
493400	494400	493400	494400	493400	
503600	505600	503600	505600	503600	
496000	508000	496000	508000	496000	
504600	509600	504600	509600	504600	
501400	515200	501400	515200	501400	
516600	510000	516600	510000	516600	
499400	514600	499400	514600	499400	
514000	501000	514000	501000	514000	
512000	500400	512000	500400	512000	
505600	514600	505600	514600	505600	
505000	500000	505000	500000	505000	
504600	513000	504600	513000	504600	
497000	507600	497000	507600	497000	
509000	485800	509000	485800	509000	
510600	506000	510600	506000	510600	
508600	507000	508600	507000	508600	
500000	514600	500000	514600	500000	
509600	500400	509600	500400	509600	
500400	508000	500400	508000	500400	
504000	511000	504000	511000	504000	
511000	513600	511000	513600	511000	
503000	514000	503000	514000	503000	
510600	505000	510600	505000	510600	
501000	513000	501000	513000	501000	
510000	507600	510000	507600	510000	
508600	500400	508600	500400	508600	
513600	509000	513600	509000	513600	
497000	501400	497000	501400	497000	
508600	504600	508600	504600	508600	
502000	501400	502000	501400	502000	
493000	507000	493000	507000	493000	
513600	503600	513600	503600	513600	
512600	520600	512600	520600	512600	
505000	506000	505000	506000	505000	
499000	496400	499000	496400	499000	
503600	511600	503600	511600	503600	
507600	492400	507600	492400	507600	
502000	511000	502000	511000	502000	
500400	501000	500400	501000	500400	
506600	513000	506600	513000	506600	
505600	502600	505600	502600	505600	
509600	502000	509600	502000	509600	
507000	506600	507000	506600	507000	
524200	513600	524200	513600	524200	
501000	495400	501000	495400	501000	
517600	517200	517600	517200	517600	
500400	506000	500400	506000	500400	
505600	514000	505600	514000	505600	
513000	507600	513000	507600	513000	
516600	507600	516600	507600	516600	
507600	507600	507600	507600	507600	
514000	505000	514000	505000	514000	
521600	509000	521600	509000	521600	
498400	506600	498400	506600	498400	
501000	518600	501000	518600	501000	
511600	500400	511600	500400	511600	
509000	502600	509000	502600	509000	
500400	500400	500400	500400	500400	
499000	503000	499000	503000	499000	
510600	512000	510600	512000	510600	
498400	503000	498400	503000	498400	
508600	514000	508600	514000	508600	
498000	508000	498000	508000	498000	
510600	498400	510600	498400	510600	
512000	496000	512000	496000	512000	
504000	500400	504000	500400	504000	
513000	498000	513000	498000	513000	
509000	504000	509000	504000	509000	
499000	522200	499000	522200	499000	
505000	504000	505000	504000	505000	
503000	495000	503000	495000	503000	
493400	508000	493400	508000	493400	
509600	496000	509600	496000	509600	
510600	499000	510600	499000	510600	
506600	507000	506600	507000	506600	
508600	500400	508600	500400	508600	
502600	502000	502600	502000	502600	
503600	508000	503600	508000	503600	
510000	501400	510000	501400	510000	
502000	503600	502000	503600	502000	
515200	502000	515200	502000	515200	
500000	497000	500000	497000	500000	
497400	520200	497400	520200	497400	
496000	508600	496000	508600	496000	
507000	487400	507000	487400	507000	
495400	498000	495400	498000	495400	
507000	517600	507000	517600	507000	
509600	513000	509600	513000	509600	
500000	497000	500000	497000	500000	
482400	507600	482400	507600	482400	
500400	501000	500400	501000	500400	
503600	505600	503600	505600	503600	
503600	512600	503600	512600	503600	
493000	501400	493000	501400	493000	
505000	495400	505000	495400	505000	
514000	513600	514000	513600	514000	
498400	496400	498400	496400	498400	
496400	511000	496400	511000	496400	
499400	508600	499400	508600	499400	
492400	500400	492400	500400	492400	
525200	506600	525200	506600	525200	
501000	483800	501000	483800	501000	
495000	509600	495000	509600	495000	
507600	495000	507600	495000	507600	
506000	508000	506000	508000	506000	
504600	507000	504600	507000	504600	
488400	523200	488400	523200	488400	
507600	499400	507600	499400	507600	
502600	494400	502600	494400	502600	
501000	515200	501000	515200	501000	
494000	508600	494000	508600	494000	
496000	513600	496000	513600	496000	
492400	501400	492400	501400	492400	
494000	505000	494000	505000	494000	
476200	512600	476200	512600	476200	
502000	497000	502000	497000	502000	
493000	507600	493000	507600	493000	
512000	512600	512000	512600	512000	
506000	504600	506000	504600	506000	
518200	505000	518200	505000	518200	
504000	520600	504000	520600	504000	
509600	509600	509600	509600	509600	
485800	508000	485800	508000	485800	
509000	517200	509000	517200	509000	
512000	500400	512000	500400	512000	
511000	510000	511000	510000	511000	
520600	493400	520600	493400	520600	
500000	505000	500000	505000	500000	
496400	499400	496400	499400	496400	
516200	498000	516200	498000	516200	
495400	498000	495400	498000	495400	
498000	517600	498000	517600	498000	
512000	516600	512000	516600	512000	
509000	498400	509000	498400	509000	
498000	495000	498000	495000	498000	
505600	514000	505600	514000	505600	
493000	506600	493000	506600	493000	
507000	505000	507000	505000	507000	
522600	497000	522600	497000	522600	
519200	499400	519200	499400	519200	
513600	516200	513600	516200	513600	
512600	505000	512600	505000	512600	
509600	509600	509600	509600	509600	
512000	510600	512000	510600	512000	
503600	510600	503600	510600	503600	
504600	506000	504600	506000	504600	
504000	510600	504000	510600	504000	
494400	495400	494400	495400	494400	
498000	507000	498000	507000	498000	
507600	506000	507600	506000	507600	
498000	508000	498000	508000	498000	
499000	510000	499000	510000	499000	
504000	500400	504000	500400	504000	
495000	495400	495000	495400	495000	
505600	511000	505600	511000	505600	
493000	513000	493000	513000	493000	
493400	495000	493400	495000	493400	
506000	515200	506000	515200	506000	
497400	513600	497400	513600	497400	
508600	497400	508600	497400	508600	
506600	514600	506600	514600	506600	
507600	486400	507600	486400	507600	
515200	502600	515200	502600	515200	
507600	507600	507600	507600	507600	
509000	507600	509000	507600	509000	
514000	495000	514000	495000	514000	
500400	516200	500400	516200	500400	
502600	518200	502600	518200	502600	
511600	515600	511600	515600	511600	
508600	512600	508600	512600	508600	
499000	502600	499000	502600	499000	
504000	480800	504000	480800	504000	
503000	506000	503000	506000	503000	
488400	496400	488400	496400	488400	
496000	499000	496000	499000	496000	
512600	487800	512600	487800	512600	
513000	506600	513000	506600	513000	
496400	504000	496400	504000	496400	
499000	505000	499000	505000	499000	
496000	495400	496000	495400	496000	
507000	497000	507000	497000	507000	
514600	509000	514600	509000	514600	
499000	510000	499000	510000	499000	
497400	508600	497400	508600	497400	
508000	490400	508000	490400	508000	
500400	504600	500400	504600	500400	
505000	500400	505000	500400	505000	
498400	508000	498400	508000	498400	
502600	504000	502600	504000	502600	
522200	504000	522200	504000	522200	
512000	505000	512000	505000	512000	
491400	521200	491400	521200	491400	
498000	505000	498000	505000	498000	
508000	511000	508000	511000	508000	
502000	511000	502000	511000	502000	
498000	491400	498000	491400	498000	
497400	513600	497400	513600	497400	
508000	517600	508000	517600	508000	
514000	499400	514000	499400	514000	
515200	498400	515200	498400	515200	
490000	508600	490000	508600	490000	
506600	498400	506600	498400	506600	
520200	510600	520200	510600	520200	
485800	509600	485800	509600	485800	
512600	520200	512600	520200	512600	
503000	516200	503000	516200	503000	
501000	500000	501000	500000	501000	
506000	488800	506000	488800	506000	
495000	501400	495000	501400	495000	
511000	499000	511000	499000	511000	
505600	497000	505600	497000	505600	
510600	523200	510600	523200	510600	
503000	506600	503000	506600	503000	
514600	510600	514600	510600	514600	
499400	502600	499400	502600	499400	
509600	515600	509600	515600	509600	
500000	507600	500000	507600	500000	
503600	515200	503600	515200	503600	
500000	509000	500000	509000	500000	
507600	509000	507600	509000	507600	
509600	505600	509600	505600	509600	
495000	496400	495000	496400	495000	
499400	506600	499400	506600	499400	
495000	506600	495000	506600	495000	
508600	515600	508600	515600	508600	
493400	504600	493400	504600	493400	
493400	515200	493400	515200	493400	
498400	505000	498400	505000	498400	
502600	494000	502600	494000	502600	
499000	514600	499000	514600	499000	
495400	508000	495400	508000	495400	
507600	508600	507600	508600	507600	
496000	505600	496000	505600	496000	
502000	497000	502000	497000	502000	
509600	500000	509600	500000	509600	
498400	496000	498400	496000	498400	
508600	500000	508600	500000	508600	
491000	504600	491000	504600	491000	
505000	524600	505000	524600	505000	
497400	504000	497400	504000	497400	
504000	495000	504000	495000	504000	
510000	501000	510000	501000	510000	
507600	537200	507600	537200	507600	
512600	512000	512600	512000	512600	
503600	498000	503600	498000	503600	
515200	496400	515200	496400	515200	
512000	504600	512000	504600	512000	
505600	505600	505600	505600	505600	
511000	520200	511000	520200	511000	
495400	503000	495400	503000	495400	
498400	499000	498400	499000	498400	
505000	512000	505000	512000	505000	
506600	500400	506600	500400	506600	
504600	511000	504600	511000	504600	
498400	522600	498400	522600	498400	
506000	506600	506000	506600	506000	
495400	505000	495400	505000	495400	
511000	508000	511000	508000	511000	
501000	502600	501000	502600	501000	
505000	491000	505000	491000	505000	
518200	482800	518200	482800	518200	
510600	491400	510600	491400	510600	
490400	494000	490400	494000	490400	
514600	494000	514600	494000	514600	
499400	490400	499400	490400	499400	
501000	490400	501000	490400	501000	
508000	502600	508000	502600	508000	
517200	506000	517200	506000	517200	
511000	497000	511000	497000	511000	
491400	506000	491400	506000	491400	
509600	495000	509600	495000	509600	
510000	510000	510000	510000	510000	
506600	505000	506600	505000	506600	
505600	501400	505600	501400	505600	
496400	506000	496400	506000	496400	
501400	501400	501400	501400	501400	
508000	523200	508000	523200	508000	
497000	505600	497000	505600	497000	
512600	519600	512600	519600	512600	
508000	511000	508000	511000	508000	
496400	499400	496400	499400	496400	
497000	509600	497000	509600	497000	
504600	492400	504600	492400	504600	
490000	500400	490000	500400	490000	
506000	504600	506000	504600	506000	
495000	510600	495000	510600	495000	
504600	496400	504600	496400	504600	
508000	497000	508000	497000	508000	
501000	503000	501000	503000	501000	
523200	493000	523200	493000	523200	
501400	506000	501400	506000	501400	
496000	509000	496000	509000	496000	
505000	500400	505000	500400	505000	
514600	504600	514600	504600	514600	
498400	514600	498400	514600	498400	
499400	503000	499400	503000	499400	
501000	497400	501000	497400	501000	
498400	503000	498400	503000	498400	
504000	511000	504000	511000	504000	
510000	508000	510000	508000	510000	
514600	513600	514600	513600	514600	
495400	511600	495400	511600	495400	
508000	511600	508000	511600	508000	
502000	489400	502000	489400	502000	
517200	498000	517200	498000	517200	
513000	502600	513000	502600	513000	
508600	504600	508600	504600	508600	
496000	477200	496000	477200	496000	
495000	503600	495000	503600	495000	
501400	502000	501400	502000	501400	
509600	514000	509600	514000	509600	
516200	498000	516200	498000	516200	
512000	508600	512000	508600	512000	
506600	507600	506600	507600	506600	
501400	518200	501400	518200	501400	
504600	511000	504600	511000	504600	
503000	512000	503000	512000	503000	
511000	506000	511000	506000	511000	
504000	512600	504000	512600	504000	
509600	506000	509600	506000	509600	
508000	509600	508000	509600	508000	
508600	502000	508600	502000	508600	
507600	509000	507600	509000	507600	
500000	511000	500000	511000	500000	
515600	490000	515600	490000	515600	
491000	507600	491000	507600	491000	
507000	506000	507000	506000	507000	
494400	506600	494400	506600	494400	
515200	508600	515200	508600	515200	
512600	494000	512600	494000	512600	
499400	512600	499400	512600	499400	
510600	491000	510600	491000	510600	
510000	508000	510000	508000	510000	
504600	506000	504600	506000	504600	
502000	511000	502000	511000	502000	
510600	510000	510600	510000	510600	
494000	507600	494000	507600	494000	
491000	496000	491000	496000	491000	
518200	512000	518200	512000	518200	
513000	519600	513000	519600	513000	
501000	500000	501000	500000	501000	
509000	495400	509000	495400	509000	
506600	508000	506600	508000	506600	
509000	507000	509000	507000	509000	
509600	504600	509600	504600	509600	
515600	513000	515600	513000	515600	
518600	513600	518600	513600	518600	
511000	493000	511000	493000	511000	
498400	512600	498400	512600	498400	
504600	493000	504600	493000	504600	
505600	492400	505600	492400	505600	
496000	511600	496000	511600	496000	
504600	501400	504600	501400	504600	
494000	514000	494000	514000	494000	
511000	515600	511000	515600	511000	
510600	499000	510600	499000	510600	
495000	505600	495000	505600	495000	
491000	497400	491000	497400	491000	
519200	504000	519200	504000	519200	
512600	498400	512600	498400	512600	
505000	507600	505000	507600	505000	
510600	499400	510600	499400	510600	
497400	507600	497400	507600	497400	
498400	496000	498400	496000	498400	
498000	506000	498000	506000	498000	
493400	506600	493400	506600	493400	
501000	510600	501000	510600	501000	
504600	522600	504600	522600	504600	
502000	497000	502000	497000	502000	
499000	492000	499000	492000	499000	
518600	502000	518600	502000	518600	
513600	501000	513600	501000	513600	
517200	498000	517200	498000	517200	
513000	502600	513000	502600	513000	
519600	515200	519600	515200	519600	
506000	497000	506000	497000	506000	
514600	497400	514600	497400	514600	
499400	521200	499400	521200	499400	
504600	506000	504600	506000	504600	
503600	507600	503600	507600	503600	
512000	512600	512000	512600	512000	
516200	506600	516200	506600	516200	
499400	513600	499400	513600	499400	
500000	492000	500000	492000	500000	
514600	510600	514600	510600	514600	
504000	502000	504000	502000	504000	
507000	498000	507000	498000	507000	
499400	514600	499400	514600	499400	
516200	497000	516200	497000	516200	
511000	503000	511000	503000	511000	
500000	512000	500000	512000	500000	
503600	503000	503600	503000	503600	
515600	517200	515600	517200	515600	
504000	517600	504000	517600	504000	
501400	505600	501400	505600	501400	
490000	497000	490000	497000	490000	
507600	513600	507600	513600	507600	
510600	510600	510600	510600	510600	
510000	508600	510000	508600	510000	
501400	499400	501400	499400	501400	
509000	498400	509000	498400	509000	
500400	503600	500400	503600	500400	
516200	510000	516200	510000	516200	
517200	499000	517200	499000	517200	
493400	497400	493400	497400	493400	
499400	507000	499400	507000	499400	
493000	507600	493000	507600	493000	
512000	496000	512000	496000	512000	
500400	507600	500400	507600	500400	
498400	513600	498400	513600	498400	
493400	494400	493400	494400	493400	
489400	484400	489400	484400	489400	
500000	495000	500000	495000	500000	
514000	513600	514000	513600	514000	
505000	507600	505000	507600	505000	
493400	498000	493400	498000	493400	
513600	497000	513600	497000	513600	
500000	509600	500000	509600	500000	
510000	513600	510000	513600	510000	
502600	498400	502600	498400	502600	
481400	500000	481400	500000	481400	
501400	495400	501400	495400	501400	
498000	503600	498000	503600	498000	
499000	502600	499000	502600	499000	
516200	498000	516200	498000	516200	
495400	510000	495400	510000	495400	
504600	491400	504600	491400	504600	
500000	510600	500000	510600	500000	
499400	511000	499400	511000	499400	
500000	490000	500000	490000	500000	
506600	495000	506600	495000	506600	
508000	503600	508000	503600	508000	
510000	499000	510000	499000	510000	
508600	510600	508600	510600	508600	
493000	501000	493000	501000	493000	
506000	504600	506000	504600	506000	
511000	508600	511000	508600	511000	
520200	498400	520200	498400	520200	
502000	497000	502000	497000	502000	
498400	509600	498400	509600	498400	
516200	508000	516200	508000	516200	
506600	502000	506600	502000	506600	
485800	516200	485800	516200	485800	
516200	505600	516200	505600	516200	
501000	504600	501000	504600	501000	
511000	505000	511000	505000	511000	
514000	500000	514000	500000	514000	
510000	498000	510000	498000	510000	
510000	508600	510000	508600	510000	
513600	501000	513600	501000	513600	
503600	500400	503600	500400	503600	
519200	498000	519200	498000	519200	
503000	498000	503000	498000	503000	
496000	499000	496000	499000	496000	
501400	508600	501400	508600	501400	
503600	494000	503600	494000	503600	
504600	511000	504600	511000	504600	
499400	500000	499400	500000	499400	
516200	505600	516200	505600	516200	
512600	522200	512600	522200	512600	
507600	510000	507600	510000	507600	
504000	488400	504000	488400	504000	
501400	499000	501400	499000	501400	
507000	506600	507000	506600	507000	
493000	510000	493000	510000	493000	
501400	496000	501400	496000	501400	
506000	507000	506000	507000	506000	
498400	496400	498400	496400	498400	
511600	504000	511600	504000	511600	
506600	505000	506600	505000	506600	
502600	516200	502600	516200	502600	
504000	500400	504000	500400	504000	
500000	501000	500000	501000	500000	
502600	511000	502600	511000	502600	
507000	510600	507000	510600	507000	
510000	496000	510000	496000	510000	
497000	505000	497000	505000	497000	
519200	505600	519200	505600	519200	
511000	497400	511000	497400	511000	
503600	503000	503600	503000	503600	
496000	508000	496000	508000	496000	
499400	506600	499400	506600	499400	
507600	489400	507600	489400	507600	
525600	502600	525600	502600	525600	
516600	498400	516600	498400	516600	
503000	505000	503000	505000	503000	
508600	499000	508600	499000	508600	
499400	496400	499400	496400	499400	
514600	508000	514600	508000	514600	
498000	499000	498000	499000	498000	
493400	495400	493400	495400	493400	
513000	495400	513000	495400	513000	
505600	497000	505600	497000	505600	
512000	501000	512000	501000	512000	
503000	511600	503000	511600	503000	
509600	514600	509600	514600	509600	
504600	499400	504600	499400	504600	
491400	500400	491400	500400	491400	
500000	509600	500000	509600	500000	
497400	510600	497400	510600	497400	
496400	510000	496400	510000	496400	
509000	505600	509000	505600	509000	
496400	518200	496400	518200	496400	
495000	518600	495000	518600	495000	
507600	505000	507600	505000	507600	
502000	513000	502000	513000	502000	
492400	515600	492400	515600	492400	
505000	505000	505000	505000	505000	
508600	504000	508600	504000	508600	
518600	495400	518600	495400	518600	
508000	494400	508000	494400	508000	
493000	507600	493000	507600	493000	
511600	500400	511600	500400	511600	
504000	508000	504000	508000	504000	
504000	503600	504000	503600	504000	
494000	486800	494000	486800	494000	
503600	505600	503600	505600	503600	
503600	504000	503600	504000	503600	
507000	503000	507000	503000	507000	
484800	514600	484800	514600	484800	
516200	504600	516200	504600	516200	
496400	498400	496400	498400	496400	
510600	503000	510600	503000	510600	
502600	511600	502600	511600	502600	
486400	507000	486400	507000	486400	
510000	488800	510000	488800	510000	
497000	499000	497000	499000	497000	
505000	502600	505000	502600	505000	
504000	498400	504000	498400	504000	
497000	513600	497000	513600	497000	
505000	508600	505000	508600	505000	
501400	515600	501400	515600	501400	
500400	502000	500400	502000	500400	
502000	502000	502000	502000	502000	
500400	508600	500400	508600	500400	
495400	507000	495400	507000	495400	
500400	517600	500400	517600	500400	
518200	492000	518200	492000	518200	
500000	502000	500000	502000	500000	
504000	512000	504000	512000	504000	
500400	513600	500400	513600	500400	
491000	498400	491000	498400	491000	
506000	511000	506000	511000	506000	
494000	514000	494000	514000	494000	
504000	498000	504000	498000	504000	
511000	512600	511000	512600	511000	
497400	510000	497400	510000	497400	
488800	511600	488800	511600	488800	
506000	505000	506000	505000	506000	
496000	506000	496000	506000	496000	
499400	498000	499400	498000	499400	
499400	505000	499400	505000	499400	
515600	501400	515600	501400	515600	
496000	512600	496000	512600	496000	
510000	510000	510000	510000	510000	
498400	505000	498400	505000	498400	
496400	490400	496400	490400	496400	
500400	512600	500400	512600	500400	
509000	500000	509000	500000	509000	
515200	493000	515200	493000	515200	
516200	496400	516200	496400	516200	
495000	510000	495000	510000	495000	
501000	516200	501000	516200	501000	
498400	513000	498400	513000	498400	
513600	512600	513600	512600	513600	
491000	506000	491000	506000	491000	
492400	495000	492400	495000	492400	
486400	506000	486400	506000	486400	
502000	507600	502000	507600	502000	
500400	500000	500400	500000	500400	
508600	506000	508600	506000	508600	
496000	507600	496000	507600	496000	
509000	500000	509000	500000	509000	
506000	503600	506000	503600	506000	
502000	508000	502000	508000	502000	
506000	507000	506000	507000	506000	
500000	508600	500000	508600	500000	
510600	503000	510600	503000	510600	
499000	487400	499000	487400	499000	
505000	511000	505000	511000	505000	
506000	502600	506000	502600	506000	
492000	500000	492000	500000	492000	
493000	507600	493000	507600	493000	
495400	501400	495400	501400	495400	
501400	500400	501400	500400	501400	
515200	494000	515200	494000	515200	
515200	497000	515200	497000	515200	
511600	507600	511600	507600	511600	
511600	501400	511600	501400	511600	
506600	503000	506600	503000	506600	
504600	510000	504600	510000	504600	
489400	516600	489400	516600	489400	
501400	501400	501400	501400	501400	
505600	503600	505600	503600	505600	
494000	495400	494000	495400	494000	
495000	506000	495000	506000	495000	
503600	506000	503600	506000	503600	
498400	508600	498400	508600	498400	
515600	496400	515600	496400	515600	
501000	520600	501000	520600	501000	
502600	488800	502600	488800	502600	
496400	500000	496400	500000	496400	
519200	492000	519200	492000	519200	
492400	508000	492400	508000	492400	
515600	499000	515600	499000	515600	
492000	504600	492000	504600	492000	
504000	519200	504000	519200	504000	
507600	498000	507600	498000	507600	
497000	491000	497000	491000	497000	
499400	506600	499400	506600	499400	
499000	502000	499000	502000	499000	
498000	509600	498000	509600	498000	
498400	498000	498400	498000	498400	
503600	496400	503600	496400	503600	
496400	509000	496400	509000	496400	
508600	504000	508600	504000	508600	
492000	508600	492000	508600	492000	
499000	492000	499000	492000	499000	
491400	502000	491400	502000	491400	
501000	508600	501000	508600	501000	
484800	491000	484800	491000	484800	
503000	501000	503000	501000	503000	
517600	518200	517600	518200	517600	
506600	497000	506600	497000	506600	
503600	517200	503600	517200	503600	
501400	496400	501400	496400	501400	
506600	504600	506600	504600	506600	
502600	488800	502600	488800	502600	
495000	506600	495000	506600	495000	
511600	508600	511600	508600	511600	
512600	502000	512600	502000	512600	
504000	498000	504000	498000	504000	
486800	501400	486800	501400	486800	
508600	505000	508600	505000	508600	
498400	509000	498400	509000	498400	
505000	507000	505000	507000	505000	
521200	503000	521200	503000	521200	
505600	515600	505600	515600	505600	
500000	515600	500000	515600	500000	
508000	514600	508000	514600	508000	
498400	503600	498400	503600	498400	
492400	505600	492400	505600	492400	
513600	508600	513600	508600	513600	
509000	518600	509000	518600	509000	
503000	505000	503000	505000	503000	
504000	511600	504000	511600	504000	
521200	511600	521200	511600	521200	
501400	503000	501400	503000	501400	
509600	500000	509600	500000	509600	
494400	509600	494400	509600	494400	
499000	501400	499000	501400	499000	
512600	497400	512600	497400	512600	
519600	504600	519600	504600	519600	
508600	507000	508600	507000	508600	
509000	504600	509000	504600	509000	
495400	514600	495400	514600	495400	
501000	500400	501000	500400	501000	
505600	501000	505600	501000	505600	
504000	497400	504000	497400	504000	
520600	513000	520600	513000	520600	
508600	491000	508600	491000	508600	
496400	496000	496400	496000	496400	
514600	509600	514600	509600	514600	
511000	505600	511000	505600	511000	
500000	501400	500000	501400	500000	
528200	504600	528200	504600	528200	
504000	509000	504000	509000	504000	
498000	498400	498000	498400	498000	
501400	510600	501400	510600	501400	
499000	499400	499000	499400	499000	
502000	508000	502000	508000	502000	
508000	505600	508000	505600	508000	
513000	495000	513000	495000	513000	
508600	496000	508600	496000	508600	
514600	502600	514600	502600	514600	
502000	495000	502000	495000	502000	
498000	496400	498000	496400	498000	
503600	501400	503600	501400	503600	
500000	502000	500000	502000	500000	
517200	508000	517200	508000	517200	
502000	490400	502000	490400	502000	
520200	512000	520200	512000	520200	
494400	517600	494400	517600	494400	
505000	498000	505000	498000	505000	
509600	513000	509600	513000	509600	
496000	497000	496000	497000	496000	
495000	487800	495000	487800	495000	
507000	496400	507000	496400	507000	
492400	507000	492400	507000	492400	
495400	500400	495400	500400	495400	
492000	501400	492000	501400	492000	
498400	509000	498400	509000	498400	
493400	511000	493400	511000	493400	
508000	492400	508000	492400	508000	
505600	511000	505600	511000	505600	
511000	503600	511000	503600	511000	
511000	494400	511000	494400	511000	
496400	501400	496400	501400	496400	
509000	513000	509000	513000	509000	
502600	520600	502600	520600	502600	
497400	500400	497400	500400	497400	
494400	517200	494400	517200	494400	
502000	504600	502000	504600	502000	
511600	507600	511600	507600	511600	
498000	502000	498000	502000	498000	
514600	499000	514600	499000	514600	
492000	510600	492000	510600	492000	
497000	505000	497000	505000	497000	
495400	503600	495400	503600	495400	
495000	504000	495000	504000	495000	
495000	501400	495000	501400	495000	
499000	507000	499000	507000	499000	
504600	500400	504600	500400	504600	
495400	497400	495400	497400	495400	
497400	498000	497400	498000	497400	
497400	500400	497400	500400	497400	
492400	513600	492400	513600	492400	
515200	488800	515200	488800	515200	
506600	501400	506600	501400	506600	
518600	503000	518600	503000	518600	
515600	503000	515600	503000	515600	
500000	493400	500000	493400	500000	
510600	506600	510600	506600	510600	
510000	513600	510000	513600	510000	
503000	513600	503000	513600	503000	
493400	496400	493400	496400	493400	
497000	500400	497000	500400	497000	
509000	514000	509000	514000	509000	
502000	504600	502000	504600	502000	
492400	508600	492400	508600	492400	
516600	501000	516600	501000	516600	
496400	509000	496400	509000	496400	
503600	495000	503600	495000	503600	
493000	507000	493000	507000	493000	
506000	507000	506000	507000	506000	
505000	489400	505000	489400	505000	
503000	492400	503000	492400	503000	
494400	509600	494400	509600	494400	
500400	503600	500400	503600	500400	
503000	502600	503000	502600	503000	
502600	496400	502600	496400	502600	
497400	488800	497400	488800	497400	
503000	517600	503000	517600	503000	
503000	517600	503000	517600	503000	
503600	498000	503600	498000	503600	
506000	499000	506000	499000	506000	
504600	517600	504600	517600	504600	
514600	495400	514600	495400	514600	
510600	506600	510600	506600	510600	
491400	516200	491400	516200	491400	
510000	511600	510000	511600	510000	
504000	501400	504000	501400	504000	
510000	508600	510000	508600	510000	
488800	498000	488800	498000	488800	
496400	490000	496400	490000	496400	
514000	495400	514000	495400	514000	
507000	505600	507000	505600	507000	
511000	499000	511000	499000	511000	
497400	502000	497400	502000	497400	
501000	511000	501000	511000	501000	
514000	521600	514000	521600	514000	
505600	501400	505600	501400	505600	
525600	508600	525600	508600	525600	
514600	495000	514600	495000	514600	
505600	494400	505600	494400	505600	
502000	496400	502000	496400	502000	
491400	504600	491400	504600	491400	
502600	505000	502600	505000	502600	
498000	499400	498000	499400	498000	
514600	502000	514600	502000	514600	
515200	502000	515200	502000	515200	
502600	504000	502600	504000	502600	
507000	503600	507000	503600	507000	
509000	512600	509000	512600	509000	
500000	509000	500000	509000	500000	
492400	502000	492400	502000	492400	
517200	500000	517200	500000	517200	
499400	510600	499400	510600	499400	
501400	502000	501400	502000	501400	
510000	504600	510000	504600	510000	
500000	504000	500000	504000	500000	
503600	501000	503600	501000	503600	
504600	493000	504600	493000	504600	
507600	492000	507600	492000	507600	
517200	504000	517200	504000	517200	
503000	507000	503000	507000	503000	
517600	500400	517600	500400	517600	
508000	501400	508000	501400	508000	
512600	496000	512600	496000	512600	
500400	506000	500400	506000	500400	
505600	520600	505600	520600	505600	
518600	507000	518600	507000	518600	
504000	514600	504000	514600	504000	
488800	496000	488800	496000	488800	
506000	483800	506000	483800	506000	
503600	499000	503600	499000	503600	
513000	502600	513000	502600	513000	
508000	512000	508000	512000	508000	
513600	507000	513600	507000	513600	
512000	512000	512000	512000	512000	
504600	515600	504600	515600	504600	
510600	505000	510600	505000	510600	
502000	507000	502000	507000	502000	
505600	494400	505600	494400	505600	
486800	504000	486800	504000	486800	
506000	495400	506000	495400	506000	
493000	506600	493000	506600	493000	
498000	495400	498000	495400	498000	
499400	509000	499400	509000	499400	
484400	500000	484400	500000	484400	
504000	498400	504000	498400	504000	
516600	497000	516600	497000	516600	
512000	494400	512000	494400	512000	
511600	510600	511600	510600	511600	
507000	511000	507000	511000	507000	
491000	499000	491000	499000	491000	
511000	506600	511000	506600	511000	
504000	510000	504000	510000	504000	
513600	509000	513600	509000	513600	
491400	493400	491400	493400	491400	
503600	505600	503600	505600	503600	
500400	511000	500400	511000	500400	
493000	502000	493000	502000	493000	
492400	499400	492400	499400	492400	
495400	498400	495400	498400	495400	
508600	500400	508600	500400	508600	
494000	502600	494000	502600	494000	
505600	499000	505600	499000	505600	
507000	507600	507000	507600	507000	
500400	504000	500400	504000	500400	
504000	491000	504000	491000	504000	
502000	513000	502000	513000	502000	
501400	506600	501400	506600	501400	
494400	499400	494400	499400	494400	
517200	505000	517200	505000	517200	
502000	513600	502000	513600	502000	
512000	505600	512000	505600	512000	
502600	498000	502600	498000	502600	
499000	503600	499000	503600	499000	
496400	512600	496400	512600	496400	
488800	505600	488800	505600	488800	
503000	500400	503000	500400	503000	
500000	494000	500000	494000	500000	
504600	507600	504600	507600	504600	
515200	500000	515200	500000	515200	
506600	495400	506600	495400	506600	
488400	506000	488400	506000	488400	
506000	515200	506000	515200	506000	
501000	500400	501000	500400	501000	
513600	512000	513600	512000	513600	
498000	502600	498000	502600	498000	
493000	507000	493000	507000	493000	
498000	495400	498000	495400	498000	
496400	509000	496400	509000	496400	
510600	511000	510600	511000	510600	
503000	505000	503000	505000	503000	
506600	499400	506600	499400	506600	
504000	508600	504000	508600	504000	
507000	509600	507000	509600	507000	
508000	504600	508000	504600	508000	
510600	503600	510600	503600	510600	
505000	514600	505000	514600	505000	
514000	504000	514000	504000	514000	
507600	508600	507600	508600	507600	
509000	499000	509000	499000	509000	
508000	511600	508000	511600	508000	
511600	493000	511600	493000	511600	
509000	481800	509000	481800	509000	
507600	496000	507600	496000	507600	
498400	502600	498400	502600	498400	
506000	492400	506000	492400	506000	
512600	513600	512600	513600	512600	
509600	500000	509600	500000	509600	
503600	498000	503600	498000	503600	
494000	487800	494000	487800	494000	
495000	504000	495000	504000	495000	
506000	509600	506000	509600	506000	
500400	493000	500400	493000	500400	
493400	503000	493400	503000	493400	
507000	516200	507000	516200	507000	
501400	507000	501400	507000	501400	
511000	514600	511000	514600	511000	
509000	504600	509000	504600	509000	
513600	506600	513600	506600	513600	
513600	484800	513600	484800	513600	
506600	506600	506600	506600	506600	
507600	512000	507600	512000	507600	
503600	500000	503600	500000	503600	
511600	494000	511600	494000	511600	
523600	512600	523600	512600	523600	
504000	508000	504000	508000	504000	
498400	508000	498400	508000	498400	
496400	513000	496400	513000	496400	
514600	498000	514600	498000	514600	
508600	503000	508600	503000	508600	
504000	501000	504000	501000	504000	
511000	514000	511000	514000	511000	
488800	495400	488800	495400	488800	
514000	514000	514000	514000	514000	
509000	502600	509000	502600	509000	
474800	508600	474800	508600	474800	
506600	492000	506600	492000	506600	
498400	505600	498400	505600	498400	
505000	496000	505000	496000	505000	
497400	509000	497400	509000	497400	
497400	500000	497400	500000	497400	
501000	494000	501000	494000	501000	
504000	515600	504000	515600	504000	
513600	497000	513600	497000	513600	
505600	512600	505600	512600	505600	
516600	507000	516600	507000	516600	
493400	505000	493400	505000	493400	
500000	505600	500000	505600	500000	
506600	509600	506600	509600	506600	
510600	492000	510600	492000	510600	
495000	503600	495000	503600	495000	
489400	496400	489400	496400	489400	
519200	513600	519200	513600	519200	
498000	513600	498000	513600	498000	
502000	505000	502000	505000	502000	
503600	508600	503600	508600	503600	
497400	511000	497400	511000	497400	
507600	510600	507600	510600	507600	
511000	499400	511000	499400	511000	
502000	504600	502000	504600	502000	
507600	501000	507600	501000	507600	
516600	510600	516600	510600	516600	
504600	492000	504600	492000	504600	
497400	503600	497400	503600	497400	
516200	509000	516200	509000	516200	
503600	482400	503600	482400	503600	
507000	497000	507000	497000	507000	
515200	503000	515200	503000	515200	
507600	487400	507600	487400	507600	
502000	506600	502000	506600	502000	
501400	505000	501400	505000	501400	
488400	502600	488400	502600	488400	
484400	503600	484400	503600	484400	
504600	504600	504600	504600	504600	
502000	502000	502000	502000	502000	
506600	499400	506600	499400	506600	
508000	512000	508000	512000	508000	
505000	498400	505000	498400	505000	
500000	495000	500000	495000	500000	
496000	514000	496000	514000	496000	
495000	498400	495000	498400	495000	
490000	504000	490000	504000	490000	
501400	498000	501400	498000	501400	
498000	494400	498000	494400	498000	
509000	505000	509000	505000	509000	
507600	507000	507600	507000	507600	
493000	512000	493000	512000	493000	
496400	503000	496400	503000	496400	
515200	499000	515200	499000	515200	
496400	507600	496400	507600	496400	
499400	508600	499400	508600	499400	
498400	522200	498400	522200	498400	
509000	485400	509000	485400	509000	
504600	510600	504600	510600	504600	
503000	504600	503000	504600	503000	
518600	512000	518600	512000	518600	
501000	517200	501000	517200	501000	
509600	497400	509600	497400	509600	
513000	503000	513000	503000	513000	
502600	511000	502600	511000	502600	
515200	488800	515200	488800	515200	
517600	485400	517600	485400	517600	
517600	485400	517600	485400	517600	
517600	485400	517600	485400	517600	
