459.459	459.459	459.459	459.459	459.459	
771703	771703	771703	771703	771703	
55837.8	57540.5	57486.5	59378.4	58243.2	
55378.4	54351.4	54540.5	54973	57351.4	
56540.5	55432.4	54081.1	54702.7	55108.1	
54351.4	54351.4	57486.5	56108.1	55108.1	
56405.4	54891.9	55513.5	56594.6	55432.4	
55432.4	55648.6	56459.5	57270.3	55783.8	
56540.5	55783.8	55297.3	58243.2	55378.4	
56324.3	55378.4	56054.1	57135.1	56945.9	
56729.7	57405.4	55973	55162.2	57351.4	
57351.4	56729.7	56189.2	58783.8	57135.1	
56864.9	57351.4	57486.5	57216.2	55783.8	
58513.5	59459.5	59513.5	58783.8	59378.4	
57135.1	59810.8	57810.8	57973	58432.4	
59378.4	59459.5	57973	56324.3	59324.3	
59054.1	58297.3	57756.8	60000	60135.1	
60135.1	60000	60216.2	60081.1	60135.1	
59054.1	59108.1	59189.2	59324.3	61297.3	
60945.9	62189.2	60621.6	59729.7	58918.9	
61027	61027	62189.2	61648.6	63270.3	
61378.4	64567.6	62378.4	61567.6	60810.8	
62189.2	63081.1	62648.6	62864.9	61918.9	
68189.2	67162.2	67432.4	71027	68243.2	
82216.2	81459.5	82891.9	82135.1	80783.8	
83243.2	82000	82405.4	83378.4	83783.8	
83918.9	84459.5	82973	84324.3	84324.3	
84189.2	86567.6	84729.7	86162.2	83378.4	
84864.9	84108.1	83432.4	85216.2	86567.6	
83837.8	86648.6	86918.9	86432.4	85891.9	
86297.3	87054.1	87108.1	84729.7	85756.8	
87189.2	87729.7	86027	85756.8	86973	
89351.4	86702.7	87189.2	89648.6	86783.8	
86837.8	87810.8	88945.9	86027	86702.7	
87378.4	87459.5	87459.5	89351.4	86108.1	
86973	87513.5	85756.8	88135.1	86973	
85405.4	90189.2	87945.9	86837.8	87594.6	
89351.4	89351.4	88540.5	88540.5	88216.2	
89567.6	87864.9	88081.1	88891.9	88000	
89567.6	87459.5	88135.1	89513.5	88675.7	
86378.4	88945.9	88891.9	88756.8	86648.6	
87945.9	88945.9	88891.9	92297.3	87810.8	
88000	88135.1	87324.3	89918.9	87243.2	
89702.7	87945.9	88405.4	89081.1	89783.8	
89162.2	91810.8	88621.6	90513.5	88486.5	
85135.1	86162.2	86648.6	86432.4	88540.5	
87810.8	86837.8	87594.6	85351.4	86648.6	
85000	86973	87810.8	87189.2	89918.9	
90594.6	90783.8	88486.5	91675.7	92837.8	
92081.1	91810.8	89216.2	92621.6	94054.1	
90378.4	88540.5	88810.8	88540.5	90864.9	
88270.3	87378.4	86973	89648.6	89081.1	
88270.3	87324.3	88540.5	90054.1	90189.2	
89432.4	88000	88621.6	91756.8	86432.4	
89351.4	87054.1	87945.9	89513.5	87459.5	
89837.8	87189.2	88675.7	89648.6	89162.2	
90189.2	89837.8	91000	87459.5	87864.9	
89513.5	89027	92351.4	91891.9	88540.5	
89513.5	87864.9	88945.9	90918.9	89918.9	
90729.7	90378.4	89297.3	92297.3	88540.5	
88891.9	89081.1	88891.9	90189.2	87864.9	
87054.1	89567.6	88675.7	88675.7	88756.8	
90108.1	88891.9	90864.9	89648.6	88540.5	
89567.6	88216.2	90918.9	88351.4	91945.9	
91810.8	90513.5	90108.1	90513.5	91000	
90324.3	92216.2	89918.9	92351.4	88621.6	
92162.2	90243.2	92567.6	92432.4	91621.6	
93783.8	91270.3	92702.7	94135.1	91675.7	
89837.8	89297.3	90108.1	90864.9	89702.7	
90864.9	91405.4	90918.9	92216.2	92351.4	
89567.6	90918.9	93729.7	91540.5	89918.9	
91135.1	91540.5	93108.1	91135.1	93594.6	
91000	92486.5	93324.3	90648.6	91621.6	
91891.9	94891.9	93513.5	92973	93459.5	
94189.2	91891.9	94324.3	94054.1	92486.5	
92973	93378.4	92216.2	93459.5	94810.8	
96648.6	92486.5	94054.1	91891.9	93648.6	
93189.2	94621.6	91351.4	91351.4	92486.5	
94135.1	92351.4	92486.5	90729.7	92621.6	
91891.9	92783.8	92918.9	93459.5	93648.6	
94405.4	91621.6	93648.6	92621.6	94405.4	
94756.8	90648.6	94000	93189.2	91621.6	
93729.7	94270.3	93324.3	91945.9	94054.1	
95297.3	92783.8	92297.3	93864.9	94540.5	
93189.2	92702.7	96324.3	91270.3	94486.5	
91621.6	94000	94621.6	91135.1	93108.1	
94324.3	92702.7	93054.1	93189.2	93189.2	
91675.7	92081.1	92432.4	92837.8	92783.8	
94054.1	94891.9	94486.5	92027	92351.4	
93864.9	94405.4	94054.1	94270.3	92973	
91945.9	93864.9	92351.4	92432.4	92567.6	
95621.6	92351.4	91756.8	93189.2	92216.2	
93243.2	92918.9	91675.7	90243.2	92432.4	
90864.9	92081.1	90918.9	92027	91000	
91621.6	93648.6	91405.4	91405.4	90594.6	
92432.4	93243.2	93594.6	92486.5	91756.8	
90864.9	93864.9	94054.1	93459.5	91216.2	
91675.7	91945.9	90108.1	94540.5	94135.1	
94054.1	95081.1	92027	93918.9	94000	
92918.9	92837.8	94756.8	92297.3	93648.6	
94540.5	95081.1	94756.8	96918.9	95837.8	
95162.2	96378.4	95216.2	94405.4	96918.9	
95702.7	97756.8	95162.2	94675.7	95027	
97945.9	99162.2	97594.6	96918.9	98486.5	
96324.3	96513.5	96783.8	95702.7	99513.5	
95756.8	97540.5	95567.6	95702.7	95973	
98621.6	96513.5	96243.2	97459.5	96243.2	
95216.2	96648.6	99162.2	96918.9	94621.6	
94621.6	97540.5	95486.5	96783.8	98837.8	
98162.2	96594.6	97000	94810.8	94675.7	
95837.8	95216.2	94054.1	94135.1	97270.3	
95351.4	95081.1	97270.3	96108.1	94675.7	
97459.5	93243.2	95216.2	98162.2	94135.1	
94675.7	94675.7	94486.5	93189.2	96783.8	
96729.7	95432.4	95081.1	95486.5	96918.9	
93918.9	94621.6	95351.4	96243.2	93459.5	
94945.9	97540.5	94135.1	97891.9	95567.6	
90918.9	95216.2	92837.8	93189.2	93783.8	
92837.8	93513.5	94891.9	91540.5	94270.3	
97000	96324.3	93594.6	93243.2	92027	
95297.3	92783.8	93594.6	95756.8	92621.6	
96243.2	94135.1	94891.9	94540.5	94189.2	
94891.9	98432.4	93378.4	96189.2	96054.1	
98027	97000	98216.2	98216.2	98081.1	
99027	97756.8	96783.8	97405.4	98297.3	
98432.4	96918.9	98432.4	98567.6	97945.9	
99162.2	95702.7	97000	98891.9	96243.2	
95351.4	100000	97594.6	98891.9	97594.6	
98973	97405.4	99108.1	95837.8	97810.8	
101297	99513.5	98756.8	100865	98567.6	
99162.2	100459	100405	101568	100865	
99594.6	101622	101486	100541	98891.9	
101486	102568	101216	100135	99864.9	
100135	102108	100324	104135	101216	
103054	99729.7	101432	104486	101027	
101486	103730	107135	102243	104216	
106730	105297	103459	100946	101757	
104838	104838	105784	106189	104703	
102919	104973	104486	106135	105243	
104892	104892	106000	105784	106324	
107000	104568	105027	106135	106459	
106324	105784	104000	103189	106459	
103189	105378	102865	102514	103946	
102784	101351	103189	99918.9	100541	
98216.2	100000	97675.7	99594.6	100135	
99918.9	101432	97756.8	101568	99108.1	
99459.5	97405.4	96918.9	97594.6	99648.6	
103459	99513.5	99243.2	98351.4	99918.9	
99459.5	103135	100865	102784	100676	
104135	103270	104297	102784	103595	
104568	106946	106054	104568	106324	
105162	108919	107135	104757	103595	
109459	106000	107892	106270	105108	
103541	104973	106676	106541	105649	
104486	102730	105378	107892	105297	
106595	105649	106000	106054	105703	
107892	106189	105703	105514	106000	
108649	108297	109270	108703	107000	
111027	111297	112054	113892	111649	
116135	117703	116000	113486	116135	
117027	118054	116622	119892	116892	
120973	119676	120162	121514	119622	
121189	119541	123162	122189	119135	
125676	122811	124919	123027	124324	
123973	123162	124324	125000	123162	
126757	125892	124108	127378	125324	
127784	126838	129000	126297	124378	
125270	126757	127378	123216	127108	
125730	129757	129892	126757	127784	
130378	129000	128324	127595	127919	
127514	131054	127595	131135	128730	
130919	129757	130432	131270	130297	
128811	134054	132081	128865	127595	
130162	131730	128270	129432	129162	
126486	128811	129432	130378	128135	
130243	129432	129162	133243	126757	
128135	131865	127595	131135	129703	
130568	131865	130432	129568	127514	
133703	133297	133027	130378	126703	
129568	131946	129162	132081	126568	
132135	130649	129838	133649	129703	
131730	133784	132973	133243	134189	
134189	130243	135351	136162	133784	
132757	132703	132270	134541	132703	
133838	135405	134054	132622	134541	
134865	137946	139027	137676	131730	
137811	136649	139378	136784	137811	
139568	138676	139297	141081	140459	
138541	142378	141081	142703	139784	
140865	141811	138405	145297	142027	
140054	141270	142649	144676	141892	
138757	142703	139838	141405	140811	
139784	141811	141135	142973	142162	
143514	142973	142973	144757	142919	
147000	141486	144405	143730	144135	
149865	146649	147189	145081	144216	
147135	146649	145784	148351	147351	
147676	148703	149054	151703	151162	
153459	152108	150757	151622	148703	
150054	149324	149865	150324	148351	
148757	154351	152730	149378	153000	
155027	153270	150000	154297	149378	
150270	155378	152459	157973	150892	
156541	154892	154622	152649	155919	
151703	156811	156405	157432	153189	
157081	155108	156595	159541	153324	
153946	155243	156595	158297	157622	
156459	158703	158649	157297	152649	
159189	158108	156054	161568	156135	
164514	161514	162270	162865	160351	
157568	159135	158378	160270	158649	
162676	163676	161649	158432	160838	
158162	161649	163216	159135	160351	
159135	157622	162459	161297	161297	
162595	163676	162054	160270	159730	
162405	165811	163622	161703	158432	
166486	165730	164162	161649	160216	
167514	165946	165811	164703	167919	
168108	166541	170027	170568	163892	
169000	166811	171865	170432	167027	
171784	168054	174324	171054	169000	
172757	167703	172946	170703	166622	
172676	175892	171459	172270	167973	
177514	174919	172216	171649	172541	
171784	173162	174459	172135	172351	
171730	175676	170514	171595	171108	
172486	175405	171730	175270	168595	
174324	173486	174784	173162	173216	
173919	173703	172622	172622	170568	
179892	176216	174784	178270	171865	
174649	173486	175676	176892	175757	
179027	177324	177243	180919	177324	
178946	177459	176216	179486	173757	
182162	181270	178541	184541	178595	
180243	181000	182081	179838	174595	
181324	181541	180865	179703	176432	
178189	180027	180730	179297	174324	
183432	184459	182351	179622	178946	
185486	182568	185270	184595	182486	
174054	180108	175892	180378	177865	
178405	177108	177459	177459	177027	
179703	173757	177514	182838	175405	
175622	176027	178595	174784	172946	
173486	174108	172216	170351	170216	
169811	176568	167081	171108	171459	
169135	171649	167838	169757	167514	
171189	175135	172541	172622	168324	
172541	174514	178000	178811	177459	
181000	181459	178595	180514	180162	
183243	181054	183649	183514	183243	
190108	193054	190595	196595	187676	
196324	195838	193189	194757	192838	
197270	198568	198216	199189	195378	
199865	198784	196108	197351	195378	
194892	199243	196054	197892	196378	
201432	195973	198973	199919	193811	
199784	205514	199459	199378	199649	
199324	202378	198027	200405	196865	
201432	207973	204838	205027	205595	
206541	207486	203189	207757	211649	
211297	210216	212000	212459	213216	
215541	216892	215541	214108	217378	
218595	219000	214649	215189	216811	
212135	213892	212054	214243	208378	
212405	210297	215459	218865	211108	
216000	216811	213216	212189	211919	
213622	216351	211162	212189	209324	
216757	214919	215595	210973	210000	
213135	217162	213216	211703	210297	
211649	213135	214919	218108	210297	
216973	214649	215054	213405	212865	
222081	216757	219216	217649	216216	
224595	221189	222892	220973	220514	
224243	227514	224595	223838	221865	
216405	224649	222946	225405	220514	
232838	225811	227108	224514	226973	
233784	233865	230595	230027	229622	
237189	231135	227514	229973	232297	
236784	234865	238973	237405	237595	
243054	240135	242649	239514	237730	
243243	238081	240135	238568	235162	
244541	241703	240324	242378	238622	
243243	243730	241405	245919	241081	
238838	239919	238703	240459	234730	
235297	242919	243243	240189	238892	
241622	240405	242378	241757	241000	
239027	241703	242243	243108	238351	
245568	239432	241838	244622	238622	
245297	241622	248649	237405	236027	
244081	249243	245568	248703	242973	
242297	239243	244622	245784	241081	
245784	248378	248216	252459	243946	
254757	254703	251973	249514	254027	
252730	253486	254973	254216	252189	
258108	255378	256676	257027	248297	
260622	261595	257432	256946	256892	
262811	263135	262135	262459	258027	
262946	252243	257568	260432	255730	
260703	267162	256054	263486	263568	
260486	262405	266081	266622	261027	
267378	264297	271459	269351	263703	
263973	267514	262946	263622	259811	
266622	269541	265811	263568	260568	
265730	265595	263973	271108	267297	
256135	260486	267919	266000	262000	
262270	263892	262541	262054	258378	
254703	260027	260486	260973	252514	
261243	263216	257297	257216	255189	
258324	261378	263432	263486	257622	
256676	257892	258459	262000	255784	
261919	258649	263973	257973	256946	
261108	263216	259811	262189	265324	
270784	269216	265811	268676	264784	
264703	265000	268189	265946	261514	
267568	266703	267108	264784	263568	
267027	266892	270514	269405	258730	
276432	274946	275135	277649	266973	
270649	273297	275405	270838	268459	
272946	269541	267568	268811	270378	
274514	272811	272892	270108	271108	
270973	273081	271865	272946	269000	
273081	276838	273081	273027	266703	
267703	268405	271324	267162	267432	
270514	270162	271108	276081	261027	
272270	272351	269973	269757	262270	
271865	271108	270649	275270	267568	
270838	271676	270703	277919	273784	
276216	278486	274324	280730	273784	
276351	282351	277108	276027	275486	
279027	273243	279784	280514	273514	
276081	280649	280784	279568	275216	
280108	287730	286162	280243	277595	
281000	284054	281541	284757	278270	
281054	284054	280784	287324	276432	
285297	285622	282757	287270	278676	
288297	285027	286162	280649	278486	
278892	278757	281757	281270	273081	
280649	278811	277514	279027	274243	
282757	282351	282622	280054	278405	
279703	285838	281811	283919	275946	
279027	282568	279568	282703	281486	
283324	278622	281324	278351	276838	
279838	277243	280595	282568	278946	
281541	284324	280514	289162	276919	
283865	280784	286784	282838	278541	
281622	290459	287459	289730	279973	
284946	288892	286730	288757	278892	
292514	286865	288892	287459	289730	
289919	289730	284811	291432	290730	
290270	289162	289568	296054	289243	
293541	296865	290054	295784	291486	
290135	288838	290865	294351	291486	
295973	293946	297676	291973	289919	
293324	293054	293595	292703	290730	
294703	288162	292703	295432	288351	
299189	298703	301568	303622	295162	
294486	302324	303892	301081	295838	
300946	303351	300486	306189	300676	
304297	310703	307703	311730	300270	
309459	307568	312405	309946	303946	
309270	309135	309189	313351	311730	
319838	314108	319216	319216	313703	
310568	314297	316432	314243	306892	
316000	317162	320973	321108	313622	
318054	316973	319973	312730	317108	
321946	328405	326784	322892	320297	
326108	318459	323108	318324	317027	
324865	325135	326703	329027	326027	
325405	328622	334324	326514	325351	
331757	336108	329703	325270	331541	
338486	333919	335297	335973	330595	
331946	324459	331135	326838	330189	
337324	338838	338162	335216	337946	
338162	334189	341973	343324	331351	
341081	345297	338838	342162	339027	
343595	352811	350081	348243	344703	
352189	355649	353676	353892	346676	
356000	357027	352459	351784	350270	
354919	352811	349054	356270	349865	
354703	350405	359486	358919	354514	
364324	363703	363568	361189	354919	
363973	367162	368405	369838	360919	
374459	368135	365054	369757	359486	
369973	370919	375757	365730	367162	
372135	372351	370568	377108	374405	
374676	380459	379027	374459	372135	
376919	373108	375757	379703	369838	
377811	379027	376243	378351	372216	
377324	380649	380946	388027	379378	
377595	384676	381622	377541	374270	
386649	389243	383784	387892	383189	
377243	384081	378486	391351	377243	
378405	380649	380459	379649	379297	
379243	379568	378892	383108	376027	
371189	378135	378135	376919	370919	
368541	368865	363568	371054	364459	
366568	365459	367027	364459	363568	
362324	353811	354514	358730	350270	
360568	360757	356081	352054	353270	
363622	360973	357162	359135	357486	
362459	362622	358865	362757	353351	
370703	367432	368811	373919	366622	
374730	380189	374405	380189	375405	
388703	381351	384946	392108	380189	
389189	394216	388351	394162	389243	
395378	399811	392243	402730	394757	
405108	406757	401568	403676	403892	
406946	408324	406000	411595	396270	
412622	415189	417919	409811	406541	
413486	417784	418541	412622	405108	
414730	411054	412757	415946	407162	
417784	413973	410973	418459	406541	
413703	414784	409405	416297	405054	
407514	413703	411378	415676	408189	
416838	412000	410919	415541	410703	
411189	415892	422000	423514	412135	
418811	419216	419892	423649	410919	
420865	421541	421459	419703	415324	
428135	422486	428405	425703	421135	
431946	426027	431622	427270	421541	
432703	429703	439595	432432	429108	
433243	443135	439514	437676	435027	
438216	443189	442730	445514	440189	
437351	436595	442649	441568	428838	
442784	440135	441973	446189	435703	
445784	448649	446324	441297	445027	
446865	444838	435973	449054	441892	
447297	448162	446405	450000	442730	
442378	448108	445162	447486	444351	
451243	454378	449730	447892	443054	
448649	443946	443459	448730	442784	
446459	448027	440892	446054	443676	
444216	452000	445784	455270	444351	
446000	451027	445027	455324	447081	
449324	447622	451838	446676	445108	
448568	450703	450081	452000	446730	
449946	453270	450568	457243	450568	
442378	448432	438838	442054	445162	
446676	435432	433243	449189	437541	
452459	454162	450703	443189	444351	
450568	454243	454027	454973	439730	
447568	451432	449000	449054	444081	
449405	459622	443676	451649	445324	
456000	448784	461730	459892	453351	
454703	455541	453405	457973	443676	
456081	451378	457514	463027	452000	
461243	471595	456892	466216	459216	
471270	465054	471405	473649	469757	
474865	462946	463027	469838	471595	
478838	479649	475622	480865	472216	
473108	474054	481486	489108	470919	
487405	495595	487270	486676	482027	
494757	499270	495378	499595	490216	
497486	499730	500027	505595	494351	
498243	498514	500622	501297	498378	
502595	502946	509270	505189	497297	
499270	505000	496892	510784	495108	
511108	502189	501378	507568	501784	
510432	507378	504378	504027	498243	
504432	507568	509000	506486	507243	
511378	514946	513649	514324	506703	
521000	516514	521622	530324	520865	
519568	523459	525892	528162	517378	
531892	527270	527000	533324	520919	
526162	530189	526595	548189	530054	
545459	545459	544162	541081	532919	
537757	544081	552324	550162	538243	
543676	543486	548919	552054	543676	
555459	551514	559838	559135	547216	
560919	559081	557703	561676	553838	
566973	568216	566649	576243	559081	
563568	558676	567189	564324	564459	
569514	571622	570243	575892	563108	
568351	566514	567811	568000	568405	
576108	569162	569297	576730	562081	
582919	571405	584703	576919	565081	
583270	582730	580324	588297	577892	
594162	585108	588784	588919	584973	
588108	599622	588649	597784	589541	
593351	591649	593081	595054	597649	
597027	584216	594216	591027	588378	
591514	593000	596270	603432	588378	
590405	589108	590405	595784	587703	
584081	585919	592811	595189	575703	
581838	584757	585243	591108	574270	
589676	597027	604865	595649	585703	
598324	601784	603297	606892	607108	
613027	621000	616838	621081	612757	
653486	643892	652000	641297	628432	
646216	647027	642459	647703	639730	
668000	661865	667676	671405	664405	
684973	685514	688865	692811	679054	
692730	692946	700514	689676	698730	
708189	716784	714676	717946	702757	
721081	725568	727216	732189	716568	
749000	735865	739946	743216	727541	
745730	752135	758054	754324	752757	
747568	765703	766162	762973	755216	
759838	753784	772162	765486	759973	
772243	769865	780757	778784	773270	
793973	792730	793838	787838	786811	
809216	805216	815432	815838	799270	
815622	829054	820135	825784	815081	
836081	833270	837838	845676	829189	
853297	845135	843216	846757	842892	
860324	859027	861757	872649	855135	
876135	868297	879946	868162	870054	
868703	865919	872162	875297	858757	
864757	860514	865216	869730	852081	
850514	861000	863730	865351	848135	
869378	861270	868622	881568	855351	
856568	849000	866243	866378	864892	
871027	881973	884838	889270	870135	
878838	879324	887784	898324	878649	
908486	920541	923946	920946	907730	
929000	933351	939081	937649	927432	
953514	956108	967081	960865	945270	
968216	983216	968027	973405	972108	
982054	991054	973351	982405	984568	
1.00549e+06	993784	1.00162e+06	1.00459e+06	993378	
1.007e+06	1.01668e+06	1.02008e+06	1.01095e+06	1.00897e+06	
1.01257e+06	1.00816e+06	1.00862e+06	1.01897e+06	1.01354e+06	
1.04651e+06	1.03941e+06	1.035e+06	1.04841e+06	1.02832e+06	
1.0277e+06	1.01981e+06	1.03997e+06	1.03614e+06	1.0217e+06	
1.04405e+06	1.04038e+06	1.03554e+06	1.05351e+06	1.03362e+06	
1.02708e+06	1.03778e+06	1.03362e+06	1.039e+06	1.026e+06	
1.02578e+06	1.03089e+06	1.03049e+06	1.02573e+06	1.01795e+06	
1.01878e+06	1.02995e+06	1.03424e+06	1.03676e+06	1.02859e+06	
1.02968e+06	1.02819e+06	1.03854e+06	1.04016e+06	1.02178e+06	
1.03935e+06	1.04132e+06	1.03097e+06	1.03684e+06	1.02676e+06	
1.04392e+06	1.05216e+06	1.04254e+06	1.04459e+06	1.04186e+06	
1.05638e+06	1.05659e+06	1.05432e+06	1.06081e+06	1.04616e+06	
1.06497e+06	1.07192e+06	1.05557e+06	1.08089e+06	1.06741e+06	
1.08227e+06	1.08043e+06	1.07976e+06	1.08984e+06	1.07381e+06	
1.10141e+06	1.08581e+06	1.09522e+06	1.09227e+06	1.08097e+06	
1.10605e+06	1.09841e+06	1.10305e+06	1.10938e+06	1.10584e+06	
1.10284e+06	1.10122e+06	1.11422e+06	1.10481e+06	1.09638e+06	
1.10414e+06	1.10311e+06	1.10951e+06	1.11919e+06	1.09786e+06	
1.09808e+06	1.09159e+06	1.11305e+06	1.10938e+06	1.09903e+06	
1.09011e+06	1.09997e+06	1.10127e+06	1.10719e+06	1.08914e+06	
1.10562e+06	1.116e+06	1.11081e+06	1.10727e+06	1.10714e+06	
1.10292e+06	1.11476e+06	1.11041e+06	1.11457e+06	1.09084e+06	
1.11722e+06	1.11927e+06	1.11959e+06	1.11246e+06	1.09992e+06	
1.11632e+06	1.11286e+06	1.12327e+06	1.11341e+06	1.10522e+06	
1.126e+06	1.11019e+06	1.12381e+06	1.13343e+06	1.10646e+06	
1.11197e+06	1.117e+06	1.11443e+06	1.11865e+06	1.10592e+06	
1.11046e+06	1.11586e+06	1.10414e+06	1.12049e+06	1.10768e+06	
1.10359e+06	1.10216e+06	1.10816e+06	1.10965e+06	1.08568e+06	
1.11524e+06	1.11884e+06	1.11054e+06	1.12676e+06	1.10835e+06	
1.09392e+06	1.09051e+06	1.10686e+06	1.10557e+06	1.0933e+06	
1.09768e+06	1.09624e+06	1.08227e+06	1.10646e+06	1.08868e+06	
1.09024e+06	1.09705e+06	1.10535e+06	1.10646e+06	1.09159e+06	
1.10195e+06	1.09168e+06	1.10803e+06	1.11216e+06	1.09908e+06	
1.11359e+06	1.10222e+06	1.11251e+06	1.12008e+06	1.10149e+06	
1.11116e+06	1.12443e+06	1.12608e+06	1.13249e+06	1.10292e+06	
1.12211e+06	1.11843e+06	1.12192e+06	1.12041e+06	1.12143e+06	
1.12922e+06	1.12224e+06	1.11959e+06	1.13935e+06	1.107e+06	
1.11954e+06	1.12511e+06	1.11914e+06	1.12981e+06	1.11851e+06	
1.12681e+06	1.12824e+06	1.13581e+06	1.14386e+06	1.12989e+06	
1.14059e+06	1.13773e+06	1.12738e+06	1.14173e+06	1.13459e+06	
1.13492e+06	1.13976e+06	1.15565e+06	1.1553e+06	1.13895e+06	
1.14311e+06	1.13908e+06	1.15735e+06	1.15346e+06	1.14343e+06	
1.15162e+06	1.14173e+06	1.15468e+06	1.15346e+06	1.1433e+06	
1.14814e+06	1.14003e+06	1.14584e+06	1.1613e+06	1.13922e+06	
1.16005e+06	1.16641e+06	1.16176e+06	1.16735e+06	1.15162e+06	
1.14705e+06	1.15597e+06	1.15208e+06	1.15381e+06	1.15176e+06	
1.14392e+06	1.13778e+06	1.14841e+06	1.15808e+06	1.13984e+06	
1.16408e+06	1.154e+06	1.16211e+06	1.15046e+06	1.14495e+06	
1.14589e+06	1.14849e+06	1.14541e+06	1.14276e+06	1.13568e+06	
1.15332e+06	1.14808e+06	1.13554e+06	1.15292e+06	1.14665e+06	
1.14795e+06	1.15686e+06	1.16776e+06	1.16586e+06	1.16184e+06	
1.15346e+06	1.16157e+06	1.15938e+06	1.16914e+06	1.15468e+06	
1.14132e+06	1.145e+06	1.1523e+06	1.16681e+06	1.13922e+06	
1.15454e+06	1.15422e+06	1.15611e+06	1.16224e+06	1.15189e+06	
1.17178e+06	1.1713e+06	1.17403e+06	1.18289e+06	1.15892e+06	
1.17043e+06	1.17654e+06	1.17819e+06	1.17927e+06	1.16592e+06	
1.15835e+06	1.15651e+06	1.16346e+06	1.16716e+06	1.16116e+06	
1.16319e+06	1.16408e+06	1.15722e+06	1.17457e+06	1.16457e+06	
1.15973e+06	1.16716e+06	1.16511e+06	1.172e+06	1.15892e+06	
1.16286e+06	1.16578e+06	1.1677e+06	1.17949e+06	1.15441e+06	
1.17214e+06	1.17273e+06	1.17846e+06	1.18119e+06	1.17165e+06	
1.16762e+06	1.16489e+06	1.17941e+06	1.17976e+06	1.16259e+06	
1.17178e+06	1.18616e+06	1.17738e+06	1.18295e+06	1.16538e+06	
1.15714e+06	1.14773e+06	1.176e+06	1.17062e+06	1.15565e+06	
1.17586e+06	1.17595e+06	1.18424e+06	1.18608e+06	1.16265e+06	
1.17151e+06	1.16565e+06	1.18635e+06	1.17627e+06	1.16565e+06	
1.17784e+06	1.16816e+06	1.16546e+06	1.17384e+06	1.1583e+06	
1.16354e+06	1.17757e+06	1.18514e+06	1.18711e+06	1.17111e+06	
1.17697e+06	1.16941e+06	1.17859e+06	1.1927e+06	1.16246e+06	
1.1893e+06	1.19303e+06	1.1893e+06	1.19643e+06	1.17532e+06	
1.18724e+06	1.17232e+06	1.17559e+06	1.18649e+06	1.15992e+06	
1.1737e+06	1.16462e+06	1.16546e+06	1.16811e+06	1.15611e+06	
1.16789e+06	1.16251e+06	1.16886e+06	1.17778e+06	1.16184e+06	
1.14459e+06	1.16511e+06	1.15795e+06	1.17541e+06	1.14978e+06	
1.14741e+06	1.16068e+06	1.16251e+06	1.17354e+06	1.15073e+06	
1.14038e+06	1.13697e+06	1.15251e+06	1.16189e+06	1.13146e+06	
1.13943e+06	1.12716e+06	1.13778e+06	1.15351e+06	1.12981e+06	
1.12457e+06	1.11695e+06	1.12805e+06	1.142e+06	1.11797e+06	
1.11197e+06	1.117e+06	1.13186e+06	1.13022e+06	1.11359e+06	
1.12354e+06	1.11784e+06	1.11762e+06	1.12846e+06	1.11149e+06	
1.10073e+06	1.1023e+06	1.1057e+06	1.11395e+06	1.10222e+06	
1.09249e+06	1.08743e+06	1.1113e+06	1.11449e+06	1.09214e+06	
1.08819e+06	1.10059e+06	1.09808e+06	1.10535e+06	1.09589e+06	
1.09235e+06	1.07811e+06	1.09222e+06	1.10149e+06	1.08486e+06	
1.0837e+06	1.08957e+06	1.08786e+06	1.09978e+06	1.08219e+06	
1.0967e+06	1.08886e+06	1.10189e+06	1.10359e+06	1.10141e+06	
1.10673e+06	1.11265e+06	1.10535e+06	1.10781e+06	1.0893e+06	
1.09427e+06	1.09759e+06	1.1057e+06	1.10122e+06	1.09154e+06	
1.08743e+06	1.10051e+06	1.09759e+06	1.10195e+06	1.09214e+06	
1.08357e+06	1.08908e+06	1.09365e+06	1.09338e+06	1.07708e+06	
1.08962e+06	1.07349e+06	1.08759e+06	1.08532e+06	1.07389e+06	
1.07573e+06	1.08765e+06	1.10149e+06	1.08716e+06	1.07532e+06	
1.07273e+06	1.07197e+06	1.085e+06	1.09324e+06	1.07792e+06	
1.06946e+06	1.07914e+06	1.07376e+06	1.08505e+06	1.06243e+06	
1.07095e+06	1.07327e+06	1.07246e+06	1.07886e+06	1.06005e+06	
1.06551e+06	1.07478e+06	1.07224e+06	1.0837e+06	1.06803e+06	
1.06032e+06	1.06443e+06	1.06584e+06	1.073e+06	1.06489e+06	
1.05149e+06	1.05535e+06	1.05638e+06	1.05222e+06	1.04943e+06	
1.04657e+06	1.02932e+06	1.04111e+06	1.04692e+06	1.03984e+06	
1.04119e+06	1.02789e+06	1.04454e+06	1.04692e+06	1.03246e+06	
1.01749e+06	1.02157e+06	1.03016e+06	1.03465e+06	1.02492e+06	
1.01341e+06	1.02103e+06	1.02232e+06	1.02614e+06	1.00508e+06	
1.01046e+06	1.00889e+06	1.01932e+06	1.00924e+06	994324	
1.00149e+06	999027	1.01427e+06	1.01857e+06	998946	
1.01068e+06	1.00454e+06	998811	1.00441e+06	983135	
998270	991865	1.00419e+06	1.01354e+06	988189	
999351	994730	996432	1.00324e+06	984027	
974568	975189	979000	994378	982054	
978378	978514	980703	986703	979054	
966514	969595	967676	975649	963946	
963189	957811	955081	964270	953378	
948459	960054	950649	963459	944865	
938676	948622	945054	953865	930568	
929405	933405	935054	938189	917351	
914081	912027	923595	918622	904595	
905973	900865	901676	913865	911676	
909378	902351	904730	906649	904595	
894919	898541	902216	921757	888730	
897919	902973	903514	907946	888243	
889757	896757	900514	906027	890973	
897108	891054	888054	892622	884568	
880270	875162	891054	895135	880622	
887514	889892	889811	890838	871081	
885324	877757	893973	892405	864676	
872108	868973	879946	890216	873541	
856838	860108	867892	869730	862838	
855000	855676	857108	860514	848865	
839270	848865	844514	849486	846162	
833000	832459	846703	831378	827703	
833622	836405	837216	831784	831838	
819865	815757	819784	828703	818892	
820541	822378	824892	824135	810649	
817054	813919	818568	822162	809838	
810514	801270	813919	814486	794919	
808486	805135	808405	800243	800108	
798865	794649	797919	802757	796622	
778919	774270	788459	775027	777270	
784162	781649	787081	793081	773865	
770946	774622	771703	775378	766108	
774135	775838	780757	784297	777541	
759757	773324	769784	783676	766730	
770811	763027	762757	765568	750919	
772432	778838	772432	774892	765162	
762703	762351	767595	776541	760459	
766378	761622	763649	758486	763459	
751108	748676	760784	767324	755270	
756919	755622	756568	760459	753649	
756216	754946	755405	765216	749757	
754514	756649	760108	755270	749270	
740162	748946	742459	744784	745865	
746135	752135	752216	744162	750378	
747243	743622	746270	750784	744514	
748811	733622	745270	747432	741108	
730135	730486	739730	741243	725162	
729459	733054	726514	739541	724270	
721973	717595	725432	721405	716297	
715973	718000	714541	721405	717865	
706973	706162	716243	714595	701730	
694243	703216	696541	706973	696757	
697568	702622	696892	705892	685459	
700081	696000	697432	705270	697243	
690297	696486	701108	694784	691243	
682649	686189	693838	684838	680946	
677757	688649	681622	689054	677000	
657784	663703	674216	673946	667405	
644027	654243	654189	656973	647081	
632027	635865	637622	640270	627486	
632297	623189	624541	625919	624541	
609838	618541	613973	614676	611405	
615270	613973	610919	623730	607784	
607162	610514	609622	624000	614946	
611270	624892	629054	619703	611270	
624486	623459	622649	628216	615405	
623054	628622	633946	629514	620811	
628486	626189	629189	632027	625432	
628081	619162	624946	627405	628703	
624676	634216	630054	630676	624135	
627324	627270	626865	639865	620946	
619838	619108	623784	628351	626730	
621081	619919	629189	635243	613784	
610784	621405	618216	629108	618270	
619703	627892	625351	623378	611676	
613378	614459	615486	615838	611270	
613162	609000	608324	611054	601649	
603703	604919	600027	606297	606351	
616027	607297	608676	612892	611865	
602622	609568	605892	609351	601730	
607378	613243	608541	611865	601649	
618811	618541	622162	616568	598514	
612892	616919	608865	624946	610243	
606892	595865	609351	617730	613568	
598730	608730	608676	609297	601784	
615270	609892	609703	606486	597297	
603703	600162	608730	609081	596000	
600297	596081	599405	596541	598595	
594297	599541	595108	603432	593270	
597027	600703	604459	603027	593135	
597027	598514	596000	601324	592676	
589865	594649	592946	603838	594027	
605730	594514	594378	603838	587541	
599486	587081	598919	604162	590081	
589108	594919	587351	597568	594514	
582027	583730	588432	592189	578486	
586730	591703	588703	594297	584757	
583270	589324	579297	580811	577946	
584486	585108	585703	588973	581703	
586405	592243	578162	588297	584270	
585027	587216	590135	587892	576595	
593486	581703	593676	590486	583270	
590000	591649	587351	597081	584892	
590216	588297	581568	587270	574324	
583135	591243	589865	590216	577676	
581081	584351	587973	592459	583676	
584081	569162	576649	592108	584135	
585703	578892	582514	582730	576378	
571405	576730	574000	582730	573649	
571000	572838	573243	580000	569649	
579784	572973	571216	574541	563919	
570108	565351	559270	565811	570378	
563432	568622	571486	569027	569514	
567324	564541	563432	573378	560378	
561811	557649	560703	563432	561405	
550892	549811	554378	561108	552405	
551243	548459	554027	558541	549622	
546541	549405	552595	552189	547027	
553027	547351	548054	555730	540405	
542054	548595	537405	547757	532703	
541378	540541	539459	547162	534622	
527676	537000	530676	541919	526595	
540405	532703	531892	540000	534000	
539730	530865	532297	533865	527405	
533405	537351	525216	536946	528622	
535649	526649	525432	527000	523459	
516568	526108	521757	535378	522162	
515000	524811	517595	525027	524595	
517243	518811	513027	514595	507297	
509892	506703	510027	513432	508054	
507703	514108	515676	510108	504514	
500216	507703	504162	503081	501243	
500703	505595	505541	505135	501378	
497703	506135	499135	497216	491486	
494973	493811	496270	504649	501162	
491297	503216	498459	500568	489054	
483730	480541	493622	491703	483054	
485514	489595	484216	491486	487892	
486595	480054	485919	490811	482378	
481973	474676	477405	481892	468135	
470730	471054	476027	474946	471054	
469081	472838	473243	475297	471595	
474054	479108	474135	477459	468189	
468054	474595	473595	482162	463514	
471892	462541	473162	474189	467865	
468892	465486	477270	480270	472568	
470243	475757	464514	472622	470649	
467649	470324	475081	473595	460514	
460973	473649	464189	469297	463514	
466027	464514	466703	474541	464730	
474730	473297	467649	463297	460514	
466027	463081	464784	465216	460784	
459270	462405	459622	461054	461054	
455108	458730	457027	459676	454108	
455595	452270	458946	456757	455946	
448243	450568	455459	458324	449459	
444027	452000	447892	450000	448243	
444486	451378	452541	448243	447703	
437622	441892	442108	443757	440541	
441568	445595	436649	446054	435432	
434351	434541	439189	446189	437946	
438784	434405	437676	437811	433514	
433108	431811	434000	435703	435297	
430946	432243	429784	435081	424054	
426108	426838	428000	429703	422216	
419757	415459	420919	427054	423162	
425486	426432	423568	430189	418811	
428270	420919	424865	429973	420919	
425000	420162	422351	422297	421676	
418324	415622	423919	422757	412757	
422000	418730	420919	421000	417595	
420243	419892	413838	416297	414189	
414649	410297	407649	408865	405946	
410162	409811	406946	407297	407297	
405730	406811	410568	412892	402811	
404568	408784	404568	415135	408514	
402595	403973	404162	404568	402324	
403892	409081	411324	413027	404432	
400838	401784	403622	414514	397081	
397432	404243	399000	406405	400973	
392595	401243	402946	404973	397432	
403757	401432	394162	406892	397486	
401243	393324	401297	402270	397432	
400973	399541	394027	405595	396189	
398568	394622	397135	398297	389459	
401973	394892	396541	403405	398297	
392162	394568	399811	399189	392459	
392027	404027	390405	400973	394081	
391486	397135	387189	392027	395243	
389865	396324	398703	400757	392784	
395514	392919	390189	393000	388622	
385838	391703	384622	395784	389649	
391757	394216	391892	393946	388162	
387811	387135	391297	393676	385351	
388892	390811	387189	384946	388216	
388892	381757	390892	388568	381081	
388432	394486	384946	382919	385973	
380324	382351	381486	386054	379378	
379568	380189	383378	384405	378892	
378351	378351	379162	379919	374595	
384486	377676	384000	380946	378135	
380054	375973	381135	380243	374865	
376649	374946	373432	377459	376838	
371946	373027	372216	379243	374459	
370514	372703	370919	367595	373784	
367730	365135	372216	362946	370378	
368595	368324	364243	370649	364649	
364027	361595	362459	368946	363892	
358595	360622	357081	356486	356000	
354973	360568	359541	361189	356892	
352378	349324	351378	356541	355730	
347757	359216	349243	350676	345243	
350000	351514	352054	354243	350892	
343865	347081	347757	344838	345027	
350351	342649	352514	354162	340270	
346324	343054	348432	345838	344892	
338297	349324	342297	346189	334622	
342027	337892	341703	343324	336730	
334892	331541	335703	334135	334054	
343135	335351	340541	339730	330595	
336378	338568	338216	344135	336459	
332351	332297	329838	331270	325757	
330784	325757	324946	327243	331676	
326973	329514	325622	333108	327108	
319892	321595	317108	326649	322622	
323108	320378	317865	322622	311784	
311919	321730	318595	321054	315459	
317703	313838	316973	316486	311027	
313351	306811	318541	313162	313297	
310081	306541	313297	311649	311595	
308514	308784	308514	305865	307351	
304027	309324	301514	306000	299243	
302324	304297	301378	298973	300486	
301514	303000	296054	299865	300892	
299324	295784	302243	299514	292297	
296324	300541	294541	298027	293189	
291892	293730	291216	298378	289378	
291351	293135	289919	295243	288486	
296243	291838	297486	298027	294135	
291081	294351	294838	294838	292568	
295838	292108	293189	297757	292378	
294270	294270	287000	296865	288703	
292378	289162	289784	282486	287405	
292649	290865	286730	290270	289432	
291703	291703	290324	289378	286027	
286730	285027	291135	289162	287324	
286919	289919	288973	289027	289162	
285297	290054	289865	296405	283865	
287459	290000	288973	290730	285703	
286027	285081	282081	286784	282081	
283919	280649	285892	285162	281541	
283378	283649	276649	284811	278892	
277514	275000	283595	277054	276081	
269486	277243	271730	278351	266838	
263838	264297	259946	264108	262811	
257757	255189	253405	257973	255189	
253270	252324	255054	251649	248568	
251973	254486	247622	257027	250946	
254757	256324	254351	254568	257622	
260486	258162	253541	257757	255784	
264297	261784	261027	263432	258378	
265324	263081	265405	266703	255054	
260838	262135	261514	262811	262135	
264432	270784	262730	264162	260973	
263892	266405	266838	264027	260703	
262946	266270	259541	264378	257622	
266838	266568	267568	270108	264162	
267162	268270	265054	266568	263892	
266135	266838	261595	268730	262054	
263297	259892	257351	267027	263135	
259270	263081	267784	265000	262595	
263216	263892	263757	257892	254703	
259595	259730	261378	266351	257027	
259892	253541	254486	257351	256054	
256811	257703	260027	258162	254432	
261514	257568	258514	259892	254162	
254351	256622	254622	251703	253892	
250486	256405	255595	257703	247135	
253757	252378	250811	256622	254973	
252919	250892	247676	254973	249649	
250622	249459	251568	249108	247622	
246946	249108	249649	249378	245297	
252054	250405	247135	247216	244270	
246054	249730	244757	253189	247757	
249189	246108	247811	249108	245243	
244757	246243	245919	244811	245568	
246189	239378	242649	243865	240054	
241838	240459	246459	246054	239027	
241973	238757	241838	243324	241541	
241081	238000	243676	243189	243189	
242243	246243	245027	238081	234459	
239703	240135	239568	240730	234459	
243541	237541	236432	238135	234189	
239243	240865	239703	242514	237811	
238486	237946	236514	239568	237135	
237730	238892	239243	241622	237270	
232757	235568	239919	244351	237811	
235081	237811	240946	232297	232216	
238270	234730	231135	237189	231811	
232162	233514	234189	233649	228622	
230324	228541	229838	234000	228000	
232432	234000	235486	236432	232486	
230324	233027	231459	232486	230243	
229351	230459	228054	233297	229216	
229027	229162	228541	231135	226432	
227243	230730	230459	233459	228405	
231595	227459	230243	228811	228757	
232297	230784	226216	233514	230514	
232486	231270	225351	230919	231459	
226622	231054	225811	230649	228189	
229027	228135	225000	229486	223703	
229297	229351	222081	225946	226216	
227595	224919	230243	232703	224243	
227514	226622	223432	231135	230459	
228000	230378	226486	230027	226919	
227459	225054	228405	225054	222486	
229757	230459	229568	230243	226973	
224649	225811	225892	225054	221378	
227649	228405	232297	232162	219541	
229216	229486	225216	224784	224730	
226081	223297	228486	224649	226351	
227919	224054	222000	224108	225351	
225676	226081	225054	229027	224595	
227324	226297	229081	230108	220784	
228486	226838	223649	224243	220919	
224054	223351	221595	225946	220784	
220514	220973	221595	226486	220838	
224108	228676	222757	230324	219486	
222081	223351	225000	228135	225054	
226081	225541	227324	226568	222811	
224378	222541	221784	223568	219622	
223432	223973	225892	224649	222541	
223919	221946	222676	220568	220081	
225054	221730	224730	226162	222892	
223784	224595	222081	222946	220243	
222946	225676	224243	223919	222892	
225757	223027	223838	229622	219676	
219676	224324	222757	221189	224054	
222216	223919	225135	227108	224784	
224919	222757	224919	226568	223027	
227108	225486	225622	222000	220568	
223351	224865	222811	224189	221514	
223838	226568	223784	226216	222216	
225811	220081	224108	228135	222081	
223081	225676	224595	227865	223216	
219135	214919	215946	221459	216405	
213838	212541	214649	215324	210351	
205378	209730	207216	206811	204297	
203189	203622	197351	204081	197270	
204568	206811	203676	204486	202595	
203946	209189	205243	207027	207486	
206865	213081	207568	214973	211297	
210000	212865	215324	214162	212595	
211919	218243	214162	213081	213892	
215189	217027	215459	217649	216541	
216676	221459	217703	222405	220649	
224108	228757	224459	226703	223784	
222135	224784	225486	228757	227514	
231676	239108	233919	240054	233108	
236432	234811	237135	236027	229892	
242784	244757	238000	245108	239703	
244622	244622	242432	244000	240054	
249324	245243	248568	249243	246595	
255459	254297	252378	250000	251703	
255784	256892	257216	259405	258784	
262270	261432	258378	261108	258649	
265054	265054	268189	264108	262270	
266216	269892	270838	265189	265676	
266405	266216	270973	273784	269135	
275946	273919	277378	275081	276649	
276649	273081	283108	278486	280784	
284135	287676	284892	289919	283730	
291703	289297	291838	290189	287054	
294081	297676	296811	302649	301703	
303757	301216	303541	307432	301649	
315946	314162	312135	318270	312324	
328676	316432	321730	324541	317297	
333324	331405	331757	337459	327054	
334189	338486	336243	340541	339378	
341216	345568	336378	344000	342243	
347081	344568	349108	351919	343189	
358459	356811	357027	363622	355378	
362811	367162	362892	367784	358324	
361919	364459	357649	365730	361649	
376297	371946	371324	378541	374405	
381811	380054	386378	382784	372703	
383054	381946	382838	388351	383108	
388351	393270	391486	387270	389243	
388973	391081	393405	389108	392514	
402459	404784	402946	405324	406000	
403135	413703	411189	415054	407162	
411919	410973	415405	417730	416081	
427946	425351	426919	434216	423514	
425838	425622	427189	431351	430324	
445108	437676	439730	443135	436784	
448162	449324	450568	449595	444432	
454973	455189	460838	462270	455459	
476243	468676	466838	470784	469757	
482784	477135	478270	483946	476297	
488919	487757	488919	491838	487081	
490405	497973	500351	500838	486108	
496946	505676	507784	506351	494622	
507703	506568	509541	513297	503000	
518216	519081	514865	518676	522892	
524000	522351	524405	532027	526919	
531432	529108	535432	542784	526730	
542595	542595	538784	545784	538568	
550973	547568	546351	560432	548514	
561946	559568	560568	559622	560649	
562270	574270	570243	571351	560027	
567595	574757	575757	577946	571000	
575486	583541	579297	589946	578162	
589676	592324	595108	592324	577676	
591973	590405	595784	599135	590270	
597351	603622	607027	600757	594973	
611054	613784	608459	623324	608135	
615676	607297	620324	629054	617108	
626865	623378	630676	628432	628757	
640000	639595	639595	643405	627811	
641027	633676	643676	648595	635378	
648189	653919	661054	664541	649811	
656216	654324	657189	664405	649811	
670243	665216	662622	662162	659892	
666973	663514	667595	668270	658459	
675703	676784	679459	686405	674757	
686054	690000	681216	689189	679243	
684757	686135	683324	697297	678568	
684973	693486	699135	708189	694784	
704459	704243	713649	709622	704459	
702676	711270	709351	705622	697568	
715486	711324	718703	716919	717811	
729189	713108	723541	733811	721270	
724486	726459	731838	731622	722432	
737757	735919	749216	743351	726324	
737162	734216	738730	749270	733946	
720541	725973	724622	740892	724541	
706162	700297	709027	710378	698811	
694919	694703	694784	706162	687216	
683054	678162	672162	691162	682108	
663243	673378	668000	677486	665081	
653027	663784	662568	662973	657243	
648189	644568	648784	661054	650919	
642405	643811	655676	659486	647838	
643135	643811	642054	643811	641432	
646486	641973	653486	654919	647081	
641649	652351	648730	652757	653027	
648595	643405	662000	650568	656486	
666973	664270	672514	663378	656622	
689405	686865	699216	697649	691297	
724486	726730	732595	730757	718892	
751054	755892	754189	767541	745595	
793216	794432	800108	798730	793081	
807054	809351	823054	823676	808541	
838595	834973	846486	842405	832054	
844919	852757	859243	852405	848135	
869378	851676	858270	856108	851811	
837486	843973	838054	849892	832811	
832243	824432	839892	837838	824973	
820946	824838	822162	821757	816324	
817135	810324	820189	812973	811270	
826270	812622	829541	834703	822784	
830351	826324	825973	838595	836405	
842000	835784	853838	842892	833216	
850108	838595	863243	861135	854324	
856243	871486	874973	871892	857946	
879865	869243	880405	878784	864270	
896081	884568	885730	902000	885243	
903432	893216	909108	909027	901865	
899703	903649	906027	913514	902622	
896351	902486	908351	912784	901865	
915297	916649	921568	934108	912649	
918351	923324	931568	933135	929946	
942892	945811	952622	940514	947514	
955000	949757	954405	951730	942892	
934568	940784	960459	952568	938108	
956432	952486	963946	968297	956432	
974432	971919	987432	990162	974351	
1.00073e+06	981784	1.00289e+06	1.0057e+06	993378	
1.00624e+06	996973	1.01143e+06	1.01373e+06	1.00822e+06	
1.00911e+06	1.01905e+06	1.02614e+06	1.02165e+06	1.01224e+06	
1.02605e+06	1.01781e+06	1.04016e+06	1.04084e+06	1.0273e+06	
1.03559e+06	1.03935e+06	1.05489e+06	1.05297e+06	1.04576e+06	
1.061e+06	1.06108e+06	1.06184e+06	1.07641e+06	1.07081e+06	
1.09057e+06	1.09411e+06	1.11551e+06	1.10373e+06	1.08846e+06	
1.12103e+06	1.11292e+06	1.12273e+06	1.12241e+06	1.12492e+06	
1.14427e+06	1.14557e+06	1.14924e+06	1.15965e+06	1.14854e+06	
1.16103e+06	1.16189e+06	1.17322e+06	1.16886e+06	1.16403e+06	
1.18335e+06	1.18846e+06	1.18595e+06	1.20127e+06	1.19316e+06	
1.21381e+06	1.21259e+06	1.22327e+06	1.22997e+06	1.21184e+06	
1.24092e+06	1.24162e+06	1.2487e+06	1.24311e+06	1.2367e+06	
1.24257e+06	1.24543e+06	1.25476e+06	1.2677e+06	1.24489e+06	
1.23732e+06	1.25114e+06	1.25611e+06	1.27043e+06	1.24768e+06	
1.26197e+06	1.26265e+06	1.27595e+06	1.27219e+06	1.25981e+06	
1.25951e+06	1.25811e+06	1.26927e+06	1.27165e+06	1.25768e+06	
1.27062e+06	1.25749e+06	1.28978e+06	1.27159e+06	1.26062e+06	
1.27473e+06	1.27232e+06	1.29059e+06	1.28043e+06	1.28365e+06	
1.27914e+06	1.27684e+06	1.29589e+06	1.29773e+06	1.28092e+06	
1.29176e+06	1.28541e+06	1.30176e+06	1.29973e+06	1.28795e+06	
1.29816e+06	1.29692e+06	1.30511e+06	1.30843e+06	1.29986e+06	
1.32662e+06	1.3113e+06	1.32773e+06	1.33186e+06	1.32608e+06	
1.33195e+06	1.31981e+06	1.3367e+06	1.35811e+06	1.34222e+06	
1.3457e+06	1.32943e+06	1.35341e+06	1.34481e+06	1.32778e+06	
1.34495e+06	1.35386e+06	1.354e+06	1.35968e+06	1.35027e+06	
1.32908e+06	1.33965e+06	1.34454e+06	1.35068e+06	1.35565e+06	
1.33938e+06	1.33276e+06	1.3523e+06	1.34632e+06	1.34495e+06	
1.357e+06	1.35995e+06	1.37124e+06	1.36859e+06	1.34781e+06	
1.36716e+06	1.36595e+06	1.37684e+06	1.39038e+06	1.36989e+06	
1.37478e+06	1.38065e+06	1.39203e+06	1.39468e+06	1.38043e+06	
1.38841e+06	1.3833e+06	1.39884e+06	1.39481e+06	1.39176e+06	
1.38481e+06	1.39597e+06	1.40162e+06	1.40886e+06	1.39141e+06	
1.38997e+06	1.39127e+06	1.40959e+06	1.41497e+06	1.38384e+06	
1.39462e+06	1.38951e+06	1.39208e+06	1.42138e+06	1.38957e+06	
1.40416e+06	1.41035e+06	1.42222e+06	1.43222e+06	1.40892e+06	
1.40619e+06	1.39822e+06	1.42222e+06	1.41457e+06	1.42357e+06	
1.42008e+06	1.41627e+06	1.42178e+06	1.44011e+06	1.42132e+06	
1.43616e+06	1.43557e+06	1.43984e+06	1.44154e+06	1.44141e+06	
1.44257e+06	1.44843e+06	1.45354e+06	1.46519e+06	1.45789e+06	
1.4487e+06	1.45081e+06	1.45538e+06	1.47527e+06	1.44592e+06	
1.46595e+06	1.46819e+06	1.47962e+06	1.47024e+06	1.46859e+06	
1.45816e+06	1.46689e+06	1.48146e+06	1.47622e+06	1.47038e+06	
1.4793e+06	1.46927e+06	1.48235e+06	1.47908e+06	1.47805e+06	
1.46492e+06	1.4677e+06	1.47949e+06	1.48441e+06	1.48195e+06	
1.47508e+06	1.48289e+06	1.47227e+06	1.48862e+06	1.48332e+06	
1.48189e+06	1.47024e+06	1.48876e+06	1.49905e+06	1.49032e+06	
1.48714e+06	1.49951e+06	1.50178e+06	1.50789e+06	1.48835e+06	
1.48651e+06	1.49516e+06	1.50578e+06	1.50959e+06	1.4897e+06	
1.49216e+06	1.49189e+06	1.50546e+06	1.50205e+06	1.48719e+06	
1.4987e+06	1.49668e+06	1.5073e+06	1.51084e+06	1.49592e+06	
1.49516e+06	1.48897e+06	1.49932e+06	1.50484e+06	1.50349e+06	
1.5e+06	1.50197e+06	1.51219e+06	1.52576e+06	1.49897e+06	
1.49803e+06	1.49395e+06	1.50878e+06	1.51492e+06	1.50389e+06	
1.50592e+06	1.50551e+06	1.50789e+06	1.51859e+06	1.51362e+06	
1.50184e+06	1.50546e+06	1.51949e+06	1.5203e+06	1.51622e+06	
1.50238e+06	1.49135e+06	1.52254e+06	1.52411e+06	1.51089e+06	
1.497e+06	1.50335e+06	1.51186e+06	1.516e+06	1.49789e+06	
1.49441e+06	1.50805e+06	1.50457e+06	1.50314e+06	1.50335e+06	
1.50122e+06	1.50308e+06	1.51554e+06	1.51711e+06	1.50205e+06	
1.49878e+06	1.4917e+06	1.50892e+06	1.50484e+06	1.49395e+06	
1.50449e+06	1.49951e+06	1.50735e+06	1.51738e+06	1.50492e+06	
1.49184e+06	1.48916e+06	1.50743e+06	1.51362e+06	1.51165e+06	
1.48522e+06	1.4923e+06	1.49073e+06	1.51643e+06	1.50211e+06	
1.47868e+06	1.48346e+06	1.50968e+06	1.51349e+06	1.49749e+06	
1.47976e+06	1.49395e+06	1.50135e+06	1.50873e+06	1.49973e+06	
1.48508e+06	1.49395e+06	1.48951e+06	1.50462e+06	1.49781e+06	
1.49265e+06	1.49638e+06	1.51016e+06	1.50505e+06	1.49659e+06	
1.49059e+06	1.48216e+06	1.49359e+06	1.50238e+06	1.50027e+06	
1.49524e+06	1.50022e+06	1.50062e+06	1.50649e+06	1.50259e+06	
1.48911e+06	1.48857e+06	1.50081e+06	1.50381e+06	1.50395e+06	
1.49668e+06	1.49086e+06	1.50103e+06	1.51035e+06	1.48597e+06	
1.49878e+06	1.50232e+06	1.51124e+06	1.51984e+06	1.50689e+06	
1.5013e+06	1.49695e+06	1.50292e+06	1.51514e+06	1.50041e+06	
1.49654e+06	1.49427e+06	1.50457e+06	1.51008e+06	1.50689e+06	
1.49224e+06	1.49292e+06	1.50505e+06	1.50027e+06	1.50824e+06	
1.48105e+06	1.49476e+06	1.50178e+06	1.50695e+06	1.4863e+06	
1.48686e+06	1.48589e+06	1.49597e+06	1.50492e+06	1.49122e+06	
1.47465e+06	1.4827e+06	1.49605e+06	1.49597e+06	1.47773e+06	
1.48659e+06	1.48773e+06	1.49005e+06	1.49224e+06	1.47935e+06	
1.469e+06	1.47805e+06	1.47962e+06	1.49073e+06	1.47678e+06	
1.48289e+06	1.47522e+06	1.47868e+06	1.48781e+06	1.4797e+06	
1.45954e+06	1.46043e+06	1.45973e+06	1.47711e+06	1.46389e+06	
1.47549e+06	1.46259e+06	1.47105e+06	1.47854e+06	1.47665e+06	
1.46527e+06	1.46457e+06	1.47908e+06	1.47976e+06	1.46954e+06	
1.4573e+06	1.4573e+06	1.47351e+06	1.47235e+06	1.46595e+06	
1.4483e+06	1.44032e+06	1.44973e+06	1.45484e+06	1.44435e+06	
1.43235e+06	1.43692e+06	1.45538e+06	1.44932e+06	1.44681e+06	
1.40286e+06	1.40516e+06	1.41076e+06	1.41451e+06	1.40973e+06	
1.30184e+06	1.28978e+06	1.31354e+06	1.32232e+06	1.31368e+06	
1.12511e+06	1.1213e+06	1.12981e+06	1.12662e+06	1.1177e+06	
900730	898324	912162	918973	901189	
695595	697162	697838	712622	708676	
559703	551459	564324	567189	555405	
467784	464324	472432	473514	470459	
457378	451649	450568	452676	452541	
503351	509081	510297	514649	511865	
604595	597919	604514	610514	602405	
657784	655270	663243	664811	656703	
678297	683405	688919	689324	675027	
658946	666027	661811	659703	661000	
642243	642676	645730	651189	644514	
639054	643757	650919	649270	647649	
649081	644514	650162	661000	647568	
664865	669378	676459	682649	679189	
690757	692135	699541	698946	699000	
745135	734838	749973	751324	743757	
790622	795459	808270	815622	793568	
835189	841865	844730	849000	847784	
888865	891649	915216	906973	899838	
933973	937649	957811	948676	939135	
997378	987568	1.01041e+06	1.00549e+06	992757	
1.0377e+06	1.03343e+06	1.04624e+06	1.04541e+06	1.04159e+06	
1.08616e+06	1.09208e+06	1.09432e+06	1.09549e+06	1.08832e+06	
1.13478e+06	1.13438e+06	1.12873e+06	1.16062e+06	1.1393e+06	
1.16892e+06	1.17116e+06	1.18138e+06	1.18635e+06	1.16851e+06	
1.19965e+06	1.21586e+06	1.22527e+06	1.23235e+06	1.21995e+06	
1.23124e+06	1.22697e+06	1.24127e+06	1.24714e+06	1.22724e+06	
1.24432e+06	1.25054e+06	1.26273e+06	1.26151e+06	1.248e+06	
1.24903e+06	1.25332e+06	1.25905e+06	1.26695e+06	1.25824e+06	
1.25708e+06	1.25032e+06	1.27505e+06	1.27424e+06	1.26165e+06	
1.2673e+06	1.25932e+06	1.26932e+06	1.27111e+06	1.26927e+06	
1.27016e+06	1.26076e+06	1.27186e+06	1.27343e+06	1.27192e+06	
1.26484e+06	1.27076e+06	1.275e+06	1.28581e+06	1.27595e+06	
1.26919e+06	1.26851e+06	1.29441e+06	1.29373e+06	1.29305e+06	
1.28384e+06	1.27438e+06	1.29951e+06	1.29462e+06	1.27949e+06	
1.2703e+06	1.27519e+06	1.28084e+06	1.28405e+06	1.27008e+06	
1.26995e+06	1.27343e+06	1.29032e+06	1.28697e+06	1.28705e+06	
1.25162e+06	1.25216e+06	1.28249e+06	1.28268e+06	1.26565e+06	
1.26689e+06	1.25781e+06	1.27608e+06	1.26919e+06	1.26408e+06	
1.24549e+06	1.25762e+06	1.25824e+06	1.27008e+06	1.26292e+06	
1.25462e+06	1.26035e+06	1.27097e+06	1.26519e+06	1.27635e+06	
1.26022e+06	1.26178e+06	1.26641e+06	1.27443e+06	1.26108e+06	
1.25768e+06	1.25319e+06	1.26265e+06	1.27908e+06	1.25611e+06	
1.23235e+06	1.251e+06	1.25468e+06	1.26703e+06	1.25484e+06	
1.23746e+06	1.23522e+06	1.24795e+06	1.24965e+06	1.24289e+06	
1.23792e+06	1.23451e+06	1.24378e+06	1.24597e+06	1.24243e+06	
1.21703e+06	1.23581e+06	1.24005e+06	1.25005e+06	1.24284e+06	
1.2173e+06	1.22214e+06	1.23581e+06	1.23738e+06	1.22451e+06	
1.2147e+06	1.21695e+06	1.22832e+06	1.23608e+06	1.23411e+06	
1.22443e+06	1.21816e+06	1.23419e+06	1.23235e+06	1.22062e+06	
1.21789e+06	1.21376e+06	1.22751e+06	1.24141e+06	1.22519e+06	
1.23357e+06	1.21054e+06	1.23405e+06	1.23881e+06	1.22214e+06	
1.21681e+06	1.21068e+06	1.23208e+06	1.23508e+06	1.22832e+06	
1.21592e+06	1.22116e+06	1.21986e+06	1.22214e+06	1.21873e+06	
1.21103e+06	1.20681e+06	1.21846e+06	1.23773e+06	1.21676e+06	
1.19181e+06	1.19678e+06	1.20951e+06	1.22205e+06	1.21162e+06	
1.18208e+06	1.191e+06	1.20722e+06	1.19992e+06	1.19473e+06	
1.19943e+06	1.19719e+06	1.19876e+06	1.21265e+06	1.19903e+06	
1.17757e+06	1.19508e+06	1.20081e+06	1.20714e+06	1.18854e+06	
1.1957e+06	1.19303e+06	1.2083e+06	1.21273e+06	1.19692e+06	
1.18649e+06	1.18889e+06	1.18322e+06	1.20203e+06	1.19727e+06	
1.19365e+06	1.18092e+06	1.20305e+06	1.19481e+06	1.19141e+06	
1.17711e+06	1.18527e+06	1.19297e+06	1.198e+06	1.18343e+06	
1.17424e+06	1.18241e+06	1.1933e+06	1.18916e+06	1.18527e+06	
1.17376e+06	1.17322e+06	1.18846e+06	1.18635e+06	1.17273e+06	
1.17581e+06	1.17076e+06	1.18151e+06	1.1927e+06	1.17792e+06	
1.17586e+06	1.16743e+06	1.17349e+06	1.17654e+06	1.17349e+06	
1.16497e+06	1.16686e+06	1.17184e+06	1.18022e+06	1.16968e+06	
1.16516e+06	1.15714e+06	1.18519e+06	1.18876e+06	1.18473e+06	
1.17027e+06	1.17819e+06	1.18622e+06	1.19208e+06	1.18051e+06	
1.17443e+06	1.16986e+06	1.19257e+06	1.1927e+06	1.18349e+06	
1.15727e+06	1.16681e+06	1.18514e+06	1.18038e+06	1.1677e+06	
1.15754e+06	1.15659e+06	1.1707e+06	1.17689e+06	1.17451e+06	
1.15781e+06	1.16524e+06	1.1673e+06	1.17492e+06	1.15557e+06	
1.15122e+06	1.15216e+06	1.15892e+06	1.15938e+06	1.15441e+06	
1.14665e+06	1.14311e+06	1.15176e+06	1.16381e+06	1.14173e+06	
1.14243e+06	1.14897e+06	1.15522e+06	1.15803e+06	1.14951e+06	
1.14243e+06	1.15122e+06	1.15986e+06	1.16614e+06	1.15795e+06	
1.14159e+06	1.13724e+06	1.14289e+06	1.15135e+06	1.13949e+06	
1.13908e+06	1.13832e+06	1.15127e+06	1.15149e+06	1.14684e+06	
1.14378e+06	1.14173e+06	1.15422e+06	1.14557e+06	1.14324e+06	
1.13676e+06	1.13146e+06	1.14086e+06	1.14657e+06	1.14141e+06	
1.126e+06	1.13746e+06	1.13732e+06	1.14795e+06	1.138e+06	
1.12559e+06	1.13322e+06	1.15208e+06	1.154e+06	1.13092e+06	
1.12022e+06	1.117e+06	1.11627e+06	1.13868e+06	1.12411e+06	
1.11497e+06	1.1307e+06	1.11551e+06	1.12497e+06	1.12205e+06	
1.10597e+06	1.10619e+06	1.12681e+06	1.12424e+06	1.11265e+06	
1.10414e+06	1.098e+06	1.11416e+06	1.10992e+06	1.09624e+06	
1.08335e+06	1.08773e+06	1.09705e+06	1.10414e+06	1.09146e+06	
1.09459e+06	1.08997e+06	1.08962e+06	1.09276e+06	1.09881e+06	
1.08446e+06	1.091e+06	1.0933e+06	1.10503e+06	1.079e+06	
1.06686e+06	1.0617e+06	1.06924e+06	1.07519e+06	1.06327e+06	
1.05141e+06	1.05665e+06	1.06784e+06	1.08138e+06	1.06e+06	
1.06184e+06	1.04616e+06	1.06054e+06	1.05768e+06	1.05324e+06	
1.03657e+06	1.04568e+06	1.06484e+06	1.06435e+06	1.04957e+06	
1.0553e+06	1.05773e+06	1.07211e+06	1.06762e+06	1.05624e+06	
1.04692e+06	1.04732e+06	1.05468e+06	1.05419e+06	1.06054e+06	
1.02886e+06	1.03662e+06	1.04424e+06	1.05938e+06	1.03043e+06	
1.03662e+06	1.02976e+06	1.03751e+06	1.04276e+06	1.03941e+06	
1.04051e+06	1.026e+06	1.0377e+06	1.04514e+06	1.04249e+06	
1.02354e+06	1.01865e+06	1.03608e+06	1.03451e+06	1.03165e+06	
1.02403e+06	1.02232e+06	1.03089e+06	1.0343e+06	1.02278e+06	
1.01524e+06	1.01695e+06	1.02797e+06	1.03689e+06	1.02505e+06	
1.00181e+06	1.00549e+06	1.01238e+06	1.02681e+06	1.01659e+06	
1.01143e+06	1.02022e+06	1.01557e+06	1.02259e+06	1.01511e+06	
1.00289e+06	1.01203e+06	1.00276e+06	1.01659e+06	1.01314e+06	
999757	1.00459e+06	1.0187e+06	1.00132e+06	1.01046e+06	
1.011e+06	1.00141e+06	1.01497e+06	1.01843e+06	1.00719e+06	
995622	993919	1.00373e+06	1.00549e+06	1.00678e+06	
997514	1.00086e+06	1.00562e+06	1.01727e+06	1.004e+06	
1.00597e+06	1.007e+06	996216	1.00992e+06	1.00781e+06	
990784	986486	999297	1.00065e+06	992946	
977162	981378	982405	982000	976892	
968216	962514	987703	982865	976405	
958703	958351	972730	969243	962243	
967541	962514	966108	962703	964676	
953595	953730	970351	973054	955622	
966649	960189	974297	972054	974838	
964892	965703	980216	981919	974838	
963541	957541	965514	971973	971027	
972595	971162	993432	989973	980432	
948622	949622	961622	969919	957811	
950784	958568	959378	959297	960595	
936676	940378	938189	948459	934297	
939405	945405	957811	950459	962108	
930568	922514	937838	931649	930568	
922378	926459	928514	927757	925378	
906703	905135	924081	926811	916378	
901459	902486	898405	912919	902568	
905838	907865	913378	926054	913595	
908081	903919	911811	916649	908486	
897027	898135	908405	901189	889405	
905270	898730	915297	914757	902486	
891054	884784	901405	899081	889405	
879054	876405	901405	888378	880216	
879405	876595	883676	886000	875243	
871568	895270	896568	906432	882730	
870892	879324	882324	885595	881919	
876324	867189	880135	884162	883541	
859703	864892	876189	879189	862162	
842811	852486	858892	855405	851811	
859784	859378	867189	869730	867676	
861351	857541	876189	872649	863865	
861757	873811	867757	874081	860595	
854405	860811	865216	872297	864054	
861622	871892	872784	873595	870324	
841459	854054	870000	865784	869514	
860946	848676	856649	871216	855486	
845054	843297	851324	852568	852351	
832676	838595	842135	841054	825378	
831784	828973	831108	827405	835865	
833135	831649	835784	841054	832459	
822568	826811	828297	829324	819595	
819514	819297	830270	829676	825784	
796973	797108	804324	802270	797297	
793838	793892	803432	811270	790432	
789054	787622	800838	796135	792811	
784432	790351	784162	790568	794243	
783216	789757	789270	795595	788108	
765351	764459	772432	780000	767865	
772919	761946	773811	777541	763595	
763865	764405	773865	778973	765216	
755270	755405	765622	763108	755676	
745676	742676	762486	756351	752081	
737568	738649	747378	753378	747297	
734432	726595	739324	740432	729324	
724541	719108	730811	720270	718973	
696973	698108	707459	713730	701514	
676108	677216	680270	699811	683541	
656351	657595	663865	673811	659216	
652757	655000	668541	669514	653622	
646081	639000	645108	637351	652811	
618486	623730	621000	633811	626108	
613108	613378	613568	616784	619568	
603757	601649	608595	607865	615000	
599405	588919	605946	604514	606216	
574000	583811	585378	591297	581703	
575297	573054	579459	579595	572973	
559838	562838	567811	570243	565351	
573784	572486	580324	580324	583135	
565081	575757	580054	574189	579378	
564811	566162	566784	570730	573378	
556568	546351	560162	570595	551865	
550081	559351	560027	562081	552811	
569162	576027	571892	579243	577811	
568892	565946	570919	579162	576730	
562757	559757	571676	568622	565946	
569027	564865	582378	567595	573595	
563568	566297	570730	576919	564378	
586324	588297	588649	596000	586595	
593135	602459	597838	608676	603757	
612838	606162	622514	618892	618541	
612973	615270	623730	616243	619243	
606703	604784	615757	610243	611054	
604324	606973	604784	612568	609622	
587541	580676	586541	590000	587703	
553973	557432	562351	561324	552892	
510568	517595	520189	519432	512216	
489730	490000	487541	496811	499676	
502000	495595	493405	504108	499459	
521135	521000	514649	525486	518216	
537216	539054	539865	548243	545784	
553216	548189	553297	553568	557865	
571270	560919	578486	577541	575027	
571541	588784	582514	589946	581622	
590405	582568	591108	583189	585649	
577054	577946	586135	587892	573595	
576730	580054	585649	579108	585568	
574189	570378	575622	584135	577946	
593000	582243	595730	594027	589730	
581027	585162	588838	592108	585027	
572027	568541	588162	585378	568135	
555405	557703	557649	559703	549324	
544838	535703	539730	540270	538838	
534216	541919	546757	551784	545378	
539108	537405	542514	551649	545108	
531892	527189	536730	546757	535297	
528081	531270	531135	537351	525486	
515351	522486	525027	528162	530324	
538649	532649	534135	546189	539595	
528838	532838	543351	541378	532378	
527676	533730	531000	538378	532108	
533946	531432	538432	544703	537270	
532162	536189	537811	537486	528892	
524459	534000	539946	542865	543216	
528000	521892	532703	538378	526514	
526649	515351	537135	528297	527595	
524892	523730	526459	530811	526108	
516216	524595	529919	527189	529865	
521189	514378	523514	527405	516703	
525432	517865	531351	529784	530405	
508270	519622	520324	517514	521135	
510108	520865	520054	524405	511108	
517378	519081	517378	530324	519027	
517649	519838	530541	535919	523324	
527270	516703	534081	534892	533054	
528081	529568	530730	532838	528432	
529162	531135	533865	531135	532514	
534973	532432	535378	538027	530459	
533865	523649	531351	535649	539730	
524270	525892	531622	534622	533811	
529162	526378	538514	536459	525622	
533541	535297	532838	543081	533676	
531622	531757	532919	534703	530595	
536405	528973	530135	530865	543135	
528622	527676	530541	526865	528622	
525216	524189	529568	528432	533676	
524405	528000	526919	533270	531973	
532703	520243	526514	528757	530405	
522973	516919	526514	518676	518135	
521405	524459	528892	528000	528622	
521757	527324	536459	534216	521486	
526919	519973	529108	529568	531757	
522081	518946	528216	524324	516027	
526730	520054	520730	516838	527054	
508541	511811	526459	525297	521405	
516703	509000	519973	516703	508108	
513297	515811	524595	521324	514514	
513919	513162	519027	522351	512622	
516081	506622	514054	525162	512811	
514595	511865	514730	523243	519703	
508595	509405	510919	514595	515892	
512757	510514	510243	518946	506135	
499054	500838	502811	513514	505459	
493054	494162	494622	500297	492784	
506486	497892	506270	506703	496054	
493541	493000	497838	499811	504243	
495865	500486	499541	497622	493541	
494351	492784	504514	501595	499189	
499135	499811	499595	509973	502405	
496676	491568	502054	513838	500892	
494027	497838	497838	500838	496135	
494757	495054	500297	503297	499324	
491297	492054	494622	501027	500703	
484000	490892	492189	499405	494216	
485649	487351	495730	487811	494568	
485568	486676	489649	494703	487541	
480459	480054	489919	490622	487676	
478351	477459	487486	484405	488216	
476568	481541	482703	487270	486324	
482162	477324	483108	484216	480135	
466622	472351	478757	478703	474405	
469081	460568	471541	477595	468054	
450757	450432	446595	457838	453081	
446054	441973	451432	450973	445595	
440270	438486	441838	441703	441838	
442730	450892	452189	449946	448243	
450892	444703	440405	449270	446270	
447973	451919	453270	452054	444486	
445919	448919	449811	450568	448514	
444216	450432	450216	451649	447216	
440946	440541	446946	446595	445919	
442730	443324	450135	451027	448730	
452189	447757	446946	452054	447703	
440270	443946	443676	443135	440486	
435703	434351	441162	438081	437081	
421405	412892	427135	429703	423919	
397351	400135	406676	409676	405243	
388757	390189	384081	389784	386108	
383054	387054	382703	390595	389595	
392919	398649	394162	393000	398919	
399676	403135	401432	400270	407162	
403811	404027	407568	409622	401919	
413297	410351	415459	419838	416081	
404432	408649	418459	416703	412486	
418270	419081	414649	420027	419081	
413432	415622	428081	433514	423865	
425216	415459	427189	428622	423027	
418324	419892	420514	425270	428081	
419622	414108	424595	421000	422432	
420162	425351	415189	425270	422081	
421135	417027	420865	425892	423649	
420514	423919	423649	422486	421595	
418135	412676	420162	412216	413081	
414054	418595	417189	422351	412541	
410351	410784	418459	410703	411324	
405514	409622	412216	413757	406216	
402730	408378	402946	419432	405730	
406486	401568	407081	413027	413622	
406081	410081	409270	405730	409270	
398378	400216	406081	409676	407297	
397973	394297	401568	405243	402405	
394432	395432	405378	394027	396865	
396676	393270	399730	403892	403135	
399730	392784	399324	405189	407649	
391838	395568	402595	394351	399676	
396000	390324	402270	398514	401162	
390135	393459	391757	402189	399135	
393270	390054	389919	392378	391081	
386919	386865	389865	391432	393865	
393865	388486	389189	392784	391757	
387351	389189	388162	387135	386378	
379649	378757	390946	384757	381270	
377378	379649	380378	382838	372757	
373703	374054	377459	379108	375405	
361378	360297	367027	371595	357432	
354432	348243	353757	353892	350973	
344270	347838	343270	341973	349595	
336243	336784	330243	347270	342784	
341486	339297	341432	346459	341892	
343595	345378	349054	351568	345027	
343000	350270	351514	351838	352865	
345162	351162	350486	350676	350135	
345919	352324	355324	361108	350676	
344432	350541	344703	356622	352676	
349324	352676	349459	351243	350000	
355108	353216	355459	356270	350973	
346405	350757	351919	351378	347541	
346946	350135	348378	350676	349324	
354514	348568	351649	351432	352595	
348378	349459	349946	354649	347757	
350000	348649	351568	349541	350405	
348919	343595	355946	354027	345703	
341703	354243	342865	347135	346730	
342378	339243	349243	344486	341162	
337135	345027	345378	348568	342243	
348162	340946	342784	341757	343054	
342162	334189	347405	348784	345297	
345784	340189	338568	343865	341351	
331270	340459	336865	336649	342243	
332027	335297	332351	335297	340865	
324595	329568	327946	328486	330243	
328946	328541	332432	333649	329297	
326432	325135	331541	329432	330189	
328405	328135	331757	323784	325892	
325405	323243	331811	332351	321676	
330243	323649	324459	322973	323568	
319892	319405	325622	322838	327324	
313892	317297	319703	326973	319568	
313757	316351	321324	314595	318000	
319216	316757	317649	317649	317243	
312405	315730	318730	317297	313568	
315000	310351	317703	316568	319892	
311730	311243	320162	316892	318189	
307703	317297	310081	311514	316081	
306622	306892	312459	314784	312270	
307568	305784	316432	310973	311378	
304649	305324	307919	303757	305730	
307351	305595	305054	305054	304162	
301784	302514	304081	303676	300946	
299595	298919	306486	298784	303541	
296946	298649	300135	307081	297486	
293054	301297	297811	301973	299054	
292243	296676	295297	299243	297811	
292162	292514	299054	297216	290541	
289730	292919	292838	291081	285027	
288757	294541	291486	291000	286027	
288757	288622	291000	293324	290946	
285757	285351	291216	294703	295514	
287595	286297	291081	287811	284892	
283514	286919	288081	289649	287865	
282892	279838	288351	284757	284270	
284270	280649	288297	283595	284405	
282351	284324	281811	285351	283595	
282892	281946	278351	283784	282216	
280189	277108	278216	282027	278811	
277649	275622	281189	281486	277649	
279432	278892	278486	276649	275405	
277378	269676	274811	279703	279216	
273432	277324	273784	282892	276784	
275622	271946	273162	275486	271811	
271243	263703	274514	271946	269622	
267919	263297	270568	271243	266973	
265405	263568	265865	264378	266270	
268595	260568	263703	263757	262595	
259595	259135	264243	260757	263135	
258919	262189	257703	259405	257838	
257486	257757	257216	263703	261108	
258459	254757	260162	263351	257216	
254568	254216	254027	258162	255919	
257568	254081	256054	260757	255649	
250541	253946	254297	257622	253000	
247541	251351	256000	248838	248649	
252919	256000	254568	256189	255054	
249054	251486	248378	255919	253000	
250135	252378	250622	244270	247270	
250622	247676	245784	248568	245838	
244892	248162	250892	247135	244757	
245649	248703	243459	247811	245514	
243865	247541	248297	249054	243243	
242108	243595	246676	244486	240135	
243108	244811	241405	241270	241135	
244351	240405	237135	241838	235838	
236297	232892	237811	239027	240189	
237865	236865	235973	234865	237270	
230865	231189	230919	233649	233784	
227649	230027	229838	228270	228189	
229216	226297	230784	228946	228000	
228189	227730	228000	233108	226919	
223162	224108	224243	224514	224865	
226297	222541	223081	222135	220973	
219811	220027	223784	218324	221459	
215108	216973	213892	217162	215730	
211378	210838	208514	215730	211514	
212270	205784	209270	213351	204081	
204027	204027	209324	207486	204216	
201703	203757	201892	204351	203459	
195162	196730	199054	203541	200757	
190811	193243	194676	198027	194135	
194541	194541	193054	191946	192649	
190541	190811	198486	193946	192973	
192378	189703	192514	190595	189703	
190595	191811	194081	191946	192027	
188541	190324	191892	192297	190946	
180108	185270	183297	181541	179432	
176568	177378	176351	178405	176568	
174514	171919	178676	175811	174378	
175270	173568	179027	180595	177730	
177378	176351	176703	178811	180595	
173162	173297	179216	177514	174054	
170568	177243	177784	172405	174378	
173081	176297	175811	174108	174649	
173568	173703	175486	174865	176297	
174243	174784	172000	174919	176757	
171459	174649	173486	172676	175000	
175054	175946	175270	175811	173703	
176838	173027	173973	176703	170297	
174243	177459	175324	176892	172892	
172811	174865	178892	175486	174730	
179162	177243	181000	178405	176027	
182622	181541	188541	187324	181405	
187324	184730	193514	187541	183378	
189297	185973	188757	191270	187270	
190595	189568	189838	190054	194000	
189162	190108	193730	195568	194270	
197135	194270	192919	195297	194892	
190405	187865	196054	194270	194270	
188081	190946	192838	190865	190189	
191622	194622	194081	191622	193189	
188135	193108	195378	194892	189108	
185216	181054	188541	194351	188270	
185216	180595	180027	180919	183919	
180514	179081	183162	183865	181595	
178324	173973	180919	177784	177649	
175000	174730	176027	178324	175757	
171189	169946	174649	174649	173838	
173757	169135	170919	174108	169351	
170919	167973	166622	172000	170081	
170081	170649	173027	173622	172757	
165676	161703	165541	165730	167838	
164568	165324	165108	165541	165108	
168459	162730	167027	165243	166405	
165676	162054	163541	165378	163351	
165108	163216	160757	162811	164973	
163081	160973	165730	165108	161432	
167297	163541	165676	162595	161297	
163757	167027	170162	164919	166405	
165811	164919	164027	164838	162054	
166351	164973	166622	164378	167243	
166946	167243	167838	166892	167243	
164568	162541	166081	171459	165541	
164973	163351	164919	166081	164514	
164378	160892	162108	163216	162595	
156459	157000	158649	159541	157703	
157432	155108	157622	156459	157297	
156000	158514	155514	156946	152784	
156189	157000	162405	156459	157973	
157216	157568	159811	158027	161649	
161162	155162	159270	160838	160000	
156324	158568	160270	159135	156270	
149784	154027	153595	157351	153865	
150135	149730	148757	153270	149378	
148081	150811	151568	152595	149459	
150892	154432	152784	152324	152324	
153595	151081	155027	152459	152919	
153054	150135	153324	153324	152919	
154757	152108	152730	149919	153270	
151432	150459	146730	150946	150459	
150892	151162	146919	150676	148622	
148162	149378	149189	147622	149459	
151297	146865	149108	151568	149054	
149865	152324	149108	147135	149243	
149919	149054	153730	154351	149459	
152784	150324	156135	152595	152514	
154568	151081	153324	152378	154973	
153000	155027	155568	152595	155162	
154351	154216	154216	157757	155649	
156405	153811	156676	158514	156054	
155784	157973	158432	159946	158243	
158568	159865	157432	157622	157703	
155514	156270	158432	156541	159459	
156459	155162	154622	156000	153270	
154757	151973	154622	157000	150757	
153189	154162	155649	151757	149784	
153000	151838	155784	155243	152514	
152514	153459	155514	154297	155297	
151216	153324	151432	150054	150892	
150811	151027	151297	149324	153946	
149595	149108	150541	148351	152108	
148703	143324	146919	149378	146784	
148162	147676	147486	146595	145784	
143865	146243	145703	146108	148162	
144757	147270	147946	147000	145622	
146054	146595	145432	147622	144541	
140108	143189	143595	144541	142703	
140108	143054	144270	143730	142216	
142649	143919	141757	145622	142432	
140054	143784	141270	142027	142973	
144000	138405	142162	142162	140108	
143459	140514	143054	141216	139973	
139378	140054	143378	140514	140459	
141216	140324	141405	139568	141486	
138676	139973	137108	136649	136838	
137108	136378	138622	138757	136649	
135351	134811	133919	134054	137108	
129216	129000	128054	133568	131405	
130514	124784	130649	129838	129568	
126973	125135	128189	125000	129297	
124108	124730	124595	126162	126351	
120351	120622	123216	124243	121243	
119351	121189	120297	122054	122189	
118243	116622	112595	117216	118459	
116757	113757	114649	118459	115730	
112730	111514	115649	113892	110405	
111784	110676	111568	111973	111297	
108432	106459	109054	111432	107973	
105568	105838	104622	106270	102919	
103459	103324	104135	101297	103054	
102243	99324.3	101973	103135	100405	
98216.2	97135.1	97594.6	98351.4	98027	
98351.4	97756.8	98486.5	97405.4	95216.2	
92027	95702.7	96054.1	95621.6	93648.6	
91891.9	95891.9	93729.7	94054.1	91945.9	
91000	92837.8	91000	89432.4	90378.4	
90243.2	88486.5	90324.3	87729.7	91621.6	
98081.1	95702.7	97891.9	97891.9	94189.2	
86432.4	86918.9	87513.5	88135.1	85216.2	
85135.1	86243.2	85675.7	86378.4	87648.6	
86513.5	83162.2	85675.7	87189.2	89837.8	
87459.5	87513.5	86837.8	85810.8	85540.5	
86648.6	85675.7	84864.9	85945.9	86702.7	
84459.5	82540.5	88540.5	86432.4	86973	
86567.6	84243.2	85216.2	86378.4	85756.8	
86702.7	85000	86567.6	87594.6	85486.5	
85405.4	86783.8	85891.9	86378.4	84459.5	
88270.3	83702.7	83837.8	84108.1	84729.7	
85135.1	84864.9	83918.9	83513.5	84324.3	
87243.2	83783.8	84810.8	85270.3	85891.9	
85675.7	87189.2	85891.9	85486.5	84243.2	
84540.5	85756.8	85270.3	86108.1	86378.4	
87324.3	86243.2	85216.2	84540.5	84189.2	
85216.2	87378.4	87594.6	86567.6	86567.6	
89918.9	89702.7	89648.6	91405.4	88540.5	
88621.6	89648.6	92351.4	91621.6	90324.3	
92351.4	91891.9	91675.7	92216.2	90054.1	
92567.6	92567.6	94324.3	93459.5	94405.4	
94324.3	94324.3	93648.6	93918.9	93783.8	
93864.9	90594.6	91945.9	95297.3	92486.5	
92783.8	92081.1	94135.1	96189.2	93108.1	
93189.2	91405.4	91756.8	93378.4	92162.2	
93243.2	91486.5	92351.4	94675.7	92837.8	
91135.1	90864.9	92432.4	92702.7	95351.4	
90513.5	93648.6	92027	93243.2	94054.1	
93513.5	91405.4	91081.1	90324.3	91621.6	
92351.4	92567.6	92297.3	93108.1	89351.4	
91405.4	87810.8	91405.4	90378.4	89432.4	
89702.7	88891.9	88945.9	86513.5	88945.9	
89918.9	89567.6	86567.6	89918.9	86378.4	
88540.5	88081.1	88540.5	90108.1	89513.5	
86108.1	87648.6	88756.8	86297.3	88135.1	
86973	87864.9	86973	87945.9	85405.4	
88270.3	84864.9	85756.8	86973	86702.7	
86648.6	85486.5	85351.4	85675.7	87054.1	
87054.1	86108.1	85810.8	84945.9	87810.8	
87054.1	86702.7	85486.5	86702.7	85756.8	
87189.2	84540.5	86378.4	83567.6	87810.8	
85000	86973	87108.1	85135.1	85135.1	
84189.2	83973	84054.1	83432.4	83702.7	
85216.2	85945.9	85810.8	84540.5	85540.5	
85081.1	82540.5	85216.2	84324.3	84378.4	
83783.8	85810.8	85000	86027	86243.2	
84594.6	86108.1	84675.7	84378.4	87108.1	
82270.3	85945.9	86432.4	84054.1	86783.8	
83297.3	84810.8	85270.3	87594.6	85000	
84054.1	84594.6	86297.3	85081.1	84108.1	
82486.5	84594.6	83783.8	86027	85081.1	
85621.6	84054.1	83702.7	84243.2	86297.3	
84189.2	84540.5	86243.2	86702.7	86297.3	
85756.8	83918.9	88000	87378.4	85000	
82756.8	84945.9	80837.8	83378.4	83837.8	
82891.9	83837.8	82621.6	86567.6	83378.4	
83243.2	81540.5	84054.1	84054.1	83567.6	
81324.3	83513.5	82891.9	83648.6	83973	
84108.1	84459.5	84189.2	86702.7	83108.1	
83297.3	85756.8	86432.4	85135.1	85486.5	
85810.8	85891.9	86513.5	88216.2	83918.9	
86702.7	87189.2	85216.2	85756.8	85621.6	
84945.9	84540.5	84594.6	85945.9	86378.4	
81810.8	84324.3	82270.3	85945.9	84729.7	
82351.4	80567.6	81864.9	80837.8	84810.8	
83918.9	82000	81405.4	81270.3	83513.5	
81324.3	83243.2	81675.7	83567.6	82973	
81810.8	84054.1	82891.9	82621.6	84189.2	
84594.6	82081.1	84459.5	82621.6	85540.5	
82675.7	82351.4	82081.1	83567.6	84054.1	
81594.6	83513.5	81675.7	83243.2	82081.1	
82756.8	83432.4	81135.1	82621.6	82756.8	
83108.1	81675.7	80918.9	83243.2	82837.8	
82351.4	82000	81594.6	82270.3	80108.1	
83702.7	83108.1	83513.5	83567.6	82216.2	
83027	83702.7	84810.8	81405.4	84054.1	
85621.6	83783.8	82351.4	81054.1	81945.9	
83243.2	82621.6	82540.5	82891.9	83108.1	
83783.8	79405.4	83162.2	81054.1	82540.5	
83783.8	81054.1	80702.7	81405.4	83162.2	
79621.6	82837.8	81594.6	82621.6	81405.4	
79405.4	82621.6	81729.7	80567.6	81945.9	
82081.1	80918.9	82000	83648.6	83243.2	
82081.1	83027	80648.6	82351.4	82973	
83027	82081.1	82837.8	81405.4	82540.5	
81054.1	83108.1	82081.1	81864.9	83837.8	
81405.4	82837.8	82675.7	79216.2	81945.9	
81189.2	81054.1	81864.9	81729.7	83973	
79837.8	82486.5	81729.7	82973	83162.2	
80837.8	81594.6	79837.8	80702.7	83513.5	
80162.2	83513.5	80378.4	81675.7	79081.1	
80837.8	84189.2	81270.3	83297.3	81675.7	
79837.8	80567.6	80973	82837.8	78864.9	
81594.6	79216.2	80378.4	83297.3	82270.3	
80432.4	80432.4	80513.5	80513.5	78000	
81729.7	79891.9	80513.5	80432.4	79973	
81270.3	78864.9	80513.5	79891.9	78945.9	
79837.8	81540.5	82675.7	82973	82081.1	
80297.3	81540.5	80378.4	80973	81189.2	
83648.6	81594.6	79891.9	79891.9	80918.9	
81054.1	83108.1	81675.7	81324.3	80162.2	
82000	79216.2	81135.1	82675.7	79891.9	
82540.5	82135.1	80162.2	82486.5	81189.2	
83837.8	83108.1	80783.8	81054.1	82540.5	
81459.5	82621.6	81864.9	81729.7	84459.5	
78675.7	81459.5	81540.5	81405.4	80243.2	
82973	78945.9	81945.9	82216.2	80648.6	
80648.6	81135.1	81054.1	80162.2	80513.5	
81810.8	79837.8	80432.4	83162.2	81864.9	
79270.3	80918.9	82081.1	80378.4	82973	
78810.8	81189.2	81324.3	80297.3	82081.1	
80837.8	80162.2	78540.5	82891.9	79702.7	
80513.5	80567.6	81540.5	80648.6	80027	
82000	80918.9	82973	79405.4	82081.1	
79000	81594.6	84054.1	80243.2	79216.2	
80108.1	82675.7	78945.9	80567.6	81324.3	
78270.3	80783.8	79837.8	80783.8	80702.7	
80567.6	78540.5	80918.9	80783.8	78675.7	
80918.9	81324.3	78540.5	81270.3	81459.5	
81594.6	81135.1	81675.7	81135.1	83027	
81189.2	83837.8	80702.7	78945.9	79891.9	
80243.2	80027	80378.4	81135.1	80378.4	
83432.4	80783.8	80243.2	80567.6	80567.6	
80108.1	82891.9	80378.4	82000	82405.4	
81405.4	83567.6	81675.7	83432.4	84108.1	
82135.1	81405.4	82675.7	80837.8	80513.5	
81945.9	80702.7	81594.6	82891.9	82135.1	
82540.5	82351.4	80567.6	80027	81810.8	
81594.6	80648.6	82675.7	83243.2	81675.7	
81945.9	82621.6	81405.4	80513.5	81540.5	
85081.1	84378.4	78675.7	83702.7	81945.9	
81810.8	82000	83162.2	81459.5	80432.4	
82405.4	81189.2	81945.9	78810.8	83648.6	
80973	82405.4	81135.1	82216.2	81405.4	
83162.2	79567.6	80027	81945.9	82405.4	
81054.1	82756.8	80837.8	82405.4	80837.8	
81459.5	82837.8	79837.8	82270.3	82405.4	
80973	80783.8	79351.4	80918.9	80243.2	
80513.5	82081.1	78810.8	81135.1	80027	
80108.1	78189.2	80702.7	79756.8	80837.8	
80837.8	78945.9	79351.4	79621.6	79351.4	
78459.5	79405.4	79567.6	79135.1	79081.1	
78729.7	80162.2	79973	79135.1	78810.8	
77702.7	78324.3	79702.7	79081.1	80567.6	
79837.8	77513.5	78054.1	80027	75675.7	
76756.8	79351.4	77513.5	78189.2	78189.2	
77783.8	80297.3	77918.9	79891.9	79000	
78189.2	79702.7	78945.9	79486.5	76432.4	
78189.2	78135.1	76621.6	76432.4	78135.1	
76837.8	78540.5	77567.6	76621.6	77702.7	
78135.1	76567.6	78405.4	76432.4	77783.8	
76756.8	75945.9	76162.2	78729.7	77918.9	
77243.2	78270.3	78135.1	78000	80973	
76297.3	78945.9	77648.6	78270.3	77432.4	
76702.7	76702.7	79756.8	75189.2	77513.5	
76216.2	78054.1	77027	76081.1	77027	
76486.5	75945.9	79081.1	78729.7	77918.9	
79216.2	77108.1	76756.8	77918.9	77108.1	
77783.8	78270.3	77108.1	78189.2	78054.1	
75675.7	78000	75540.5	81189.2	77864.9	
75405.4	77702.7	75000	78594.6	75675.7	
76486.5	76486.5	76973	76837.8	76432.4	
76351.4	76973	78135.1	76162.2	76297.3	
78810.8	75189.2	77783.8	77243.2	76891.9	
76216.2	73432.4	76000	74243.2	76891.9	
75540.5	76432.4	77108.1	77027	76351.4	
74297.3	77297.3	78810.8	77243.2	75540.5	
75189.2	75675.7	75135.1	76351.4	77513.5	
75729.7	76162.2	76081.1	76216.2	75729.7	
74864.9	75135.1	76432.4	74594.6	77783.8	
77918.9	78810.8	77108.1	76891.9	76837.8	
78000	76081.1	77378.4	75405.4	76702.7	
76000	76351.4	78135.1	76973	75675.7	
75459.5	74027	76837.8	75000	75459.5	
76081.1	76216.2	76486.5	75675.7	75675.7	
76297.3	77648.6	75459.5	75189.2	76837.8	
75054.1	76702.7	76432.4	75945.9	75810.8	
76702.7	75729.7	75405.4	74594.6	75810.8	
74648.6	75945.9	75324.3	76702.7	75054.1	
76702.7	75000	74864.9	76486.5	75540.5	
77783.8	76000	75729.7	77243.2	77513.5	
75405.4	75540.5	74297.3	74864.9	75189.2	
77027	75864.9	75540.5	75540.5	76000	
74783.8	76351.4	76351.4	76486.5	74027	
73081.1	74108.1	75540.5	75540.5	75729.7	
74162.2	76162.2	76837.8	77297.3	76891.9	
75135.1	75594.6	76351.4	74432.4	76567.6	
74594.6	76486.5	74378.4	74783.8	75594.6	
76891.9	73027	75729.7	74594.6	74297.3	
76000	75054.1	76297.3	75729.7	73567.6	
75864.9	75135.1	75864.9	73756.8	75594.6	
74297.3	75675.7	75459.5	76162.2	75729.7	
75405.4	76621.6	73837.8	72675.7	73351.4	
74243.2	74918.9	74513.5	74864.9	76081.1	
74108.1	72000	74243.2	75594.6	73702.7	
74594.6	73081.1	73216.2	75135.1	76216.2	
74594.6	73891.9	72729.7	74594.6	74783.8	
73756.8	72891.9	74918.9	73621.6	73837.8	
74432.4	73432.4	73891.9	74162.2	72891.9	
71918.9	75459.5	74594.6	75405.4	76891.9	
75675.7	72189.2	72270.3	75000	74432.4	
75945.9	75189.2	70432.4	74594.6	74864.9	
73216.2	76486.5	73567.6	76432.4	73837.8	
71108.1	73891.9	73702.7	72324.3	72540.5	
73162.2	72459.5	73351.4	73891.9	73702.7	
71324.3	73432.4	73702.7	75054.1	73432.4	
73621.6	74513.5	73081.1	73081.1	71027	
74729.7	73216.2	73973	73891.9	73702.7	
76432.4	74378.4	75405.4	73081.1	75459.5	
75270.3	73297.3	72594.6	72729.7	72540.5	
72945.9	73891.9	73486.5	75405.4	72540.5	
71378.4	75135.1	75054.1	75324.3	73216.2	
72891.9	72405.4	72810.8	73702.7	74297.3	
73351.4	73297.3	73216.2	72054.1	73027	
72729.7	73297.3	72405.4	72189.2	71513.5	
72135.1	71108.1	72405.4	73486.5	72459.5	
73297.3	70891.9	73621.6	74027	73891.9	
71594.6	71864.9	71378.4	72675.7	73891.9	
72324.3	72594.6	73081.1	74027	71378.4	
74108.1	73567.6	73621.6	72729.7	73351.4	
74729.7	72189.2	72270.3	73621.6	74783.8	
72459.5	70432.4	69756.8	71027	71378.4	
71594.6	72540.5	74243.2	71324.3	71783.8	
72810.8	73351.4	72189.2	73621.6	74513.5	
71378.4	72189.2	72189.2	73162.2	71513.5	
73297.3	70702.7	71918.9	74108.1	73486.5	
71783.8	72405.4	71648.6	72540.5	71243.2	
72135.1	73432.4	71189.2	71324.3	72540.5	
73432.4	71918.9	74108.1	72189.2	73081.1	
72189.2	73027	72189.2	71027	72405.4	
72324.3	72810.8	72594.6	71378.4	71189.2	
72945.9	73621.6	72459.5	71513.5	73081.1	
72540.5	72000	72054.1	72540.5	71648.6	
73081.1	70837.8	72891.9	71648.6	72189.2	
73297.3	70837.8	71648.6	71729.7	71189.2	
74162.2	71783.8	72405.4	71513.5	71783.8	
71027	72729.7	70432.4	72540.5	71243.2	
71243.2	72459.5	70081.1	70973	72459.5	
70162.2	73432.4	71459.5	70702.7	70702.7	
71378.4	71918.9	72189.2	72729.7	71108.1	
72324.3	72270.3	71729.7	71324.3	70756.8	
69945.9	70702.7	70486.5	72459.5	71324.3	
70081.1	70027	70702.7	71189.2	71648.6	
71189.2	71864.9	72324.3	71864.9	71027	
70567.6	72594.6	71648.6	72459.5	70567.6	
71324.3	70432.4	72054.1	71324.3	71864.9	
71027	72540.5	69945.9	73432.4	71459.5	
70027	69756.8	70891.9	72729.7	70432.4	
69459.5	72000	69135.1	71324.3	71594.6	
70837.8	70621.6	70162.2	70973	70837.8	
69540.5	72810.8	70756.8	71594.6	70891.9	
71189.2	71108.1	70756.8	70351.4	72054.1	
72594.6	70567.6	70027	71648.6	69135.1	
72891.9	70162.2	69405.4	69540.5	68864.9	
70432.4	69621.6	72270.3	73621.6	70837.8	
71108.1	67432.4	72675.7	69945.9	69621.6	
72729.7	70702.7	71027	71108.1	71594.6	
71864.9	73027	72891.9	72459.5	70891.9	
70351.4	71027	73486.5	71513.5	70621.6	
70621.6	71594.6	71513.5	70297.3	71243.2	
69756.8	71594.6	70351.4	68864.9	71594.6	
70567.6	70486.5	70621.6	68513.5	70081.1	
69675.7	68513.5	72945.9	70162.2	69756.8	
69054.1	70486.5	72810.8	73621.6	70702.7	
71243.2	72945.9	71189.2	71243.2	71324.3	
71918.9	71189.2	68108.1	71594.6	70216.2	
70297.3	69945.9	71378.4	71324.3	70837.8	
69540.5	70621.6	71027	69000	71108.1	
70081.1	71189.2	70973	70432.4	72000	
70486.5	70891.9	70162.2	71864.9	70621.6	
70567.6	70567.6	72891.9	69405.4	69945.9	
71648.6	69135.1	70973	69945.9	72324.3	
71243.2	70973	70891.9	68378.4	71378.4	
69324.3	70702.7	72405.4	69540.5	68783.8	
70891.9	69891.9	68459.5	70621.6	70297.3	
70297.3	70027	69135.1	69270.3	68729.7	
71108.1	70891.9	68459.5	70216.2	69810.8	
70351.4	70081.1	72189.2	72729.7	70702.7	
70621.6	69675.7	72945.9	69891.9	71864.9	
71513.5	70081.1	70297.3	68513.5	69621.6	
72054.1	69621.6	70216.2	67162.2	70297.3	
69891.9	70973	69324.3	68864.9	70162.2	
68378.4	68378.4	72189.2	70027	69000	
69621.6	70756.8	71729.7	68864.9	72405.4	
73081.1	67973	70702.7	70891.9	71729.7	
70081.1	69675.7	70486.5	71189.2	71783.8	
70081.1	69675.7	70486.5	71189.2	71783.8	
70081.1	69675.7	70486.5	71189.2	71783.8	
