500	500	500	500	500	
839794	839794	839794	839794	839794	
63000	60264.7	63588.2	60029.4	61205.9	
61970.6	59441.2	59205.9	61676.5	60852.9	
60558.8	59735.3	59147.1	61588.2	57882.4	
61000	61823.5	59676.5	59529.4	61294.1	
58323.5	59205.9	60029.4	61676.5	57294.1	
60264.7	59735.3	60176.5	61058.8	57970.6	
58852.9	59970.6	60264.7	60617.6	58705.9	
60323.5	60264.7	60705.9	60411.8	60176.5	
60117.6	60705.9	60911.8	60117.6	62029.4	
61000	62323.5	60558.8	61205.9	58852.9	
61529.4	63529.4	61058.8	62411.8	64558.8	
62470.6	62411.8	60617.6	64558.8	60911.8	
63529.4	63147.1	61588.2	62764.7	64617.6	
61294.1	63529.4	62029.4	64117.6	62411.8	
63529.4	62705.9	65529.4	62323.5	63823.5	
64852.9	64323.5	63000	63529.4	61882.4	
64558.8	65294.1	63088.2	65441.2	62617.6	
66264.7	65382.4	64705.9	65000	64470.6	
65735.3	67294.1	63147.1	65970.6	67088.2	
66264.7	64852.9	67588.2	65088.2	66558.8	
68852.9	67588.2	69588.2	70705.9	67529.4	
74794.1	74117.6	74794.1	74352.9	74852.9	
89176.5	85323.5	86411.8	88058.8	88735.3	
88117.6	89823.5	86411.8	84558.8	86588.2	
89323.5	88882.4	88352.9	88441.2	87235.3	
88205.9	88941.2	90352.9	92000	87823.5	
88647.1	90294.1	91176.5	88882.4	90058.8	
87676.5	89176.5	91676.5	89235.3	90441.2	
89970.6	91029.4	92441.2	90294.1	92794.1	
91176.5	90500	92058.8	91029.4	90588.2	
93470.6	91764.7	91382.4	92794.1	88647.1	
92647.1	91529.4	91823.5	94794.1	93176.5	
93323.5	92147.1	92205.9	92941.2	93382.4	
93323.5	92941.2	91823.5	92147.1	92794.1	
93470.6	95617.6	94352.9	92058.8	92588.2	
91176.5	93617.6	94147.1	93088.2	94147.1	
93470.6	93911.8	93470.6	93176.5	93705.9	
92588.2	95705.9	93235.3	93470.6	91911.8	
94794.1	93323.5	94058.8	94058.8	92794.1	
94588.2	94500	94441.2	91235.3	93705.9	
95382.4	93029.4	92588.2	92794.1	94352.9	
94441.2	93764.7	92500	93852.9	93088.2	
94588.2	94058.8	91676.5	93705.9	94147.1	
93764.7	96294.1	93529.4	90882.4	94294.1	
91764.7	89470.6	92000	92000	91617.6	
94205.9	93323.5	94735.3	90735.3	91323.5	
96882.4	92500	96205.9	94647.1	94000	
97705.9	97852.9	98294.1	96500	95382.4	
93852.9	92882.4	95705.9	95852.9	96941.2	
93176.5	94205.9	92058.8	91764.7	93529.4	
95705.9	94794.1	93911.8	94294.1	94441.2	
92882.4	94882.4	94794.1	92205.9	90882.4	
96147.1	93852.9	95705.9	92147.1	92147.1	
94500	94000	93617.6	94441.2	92941.2	
96205.9	93764.7	94647.1	94058.8	94352.9	
94941.2	95382.4	94647.1	92794.1	93911.8	
92794.1	95911.8	94058.8	93852.9	94794.1	
93852.9	94205.9	95235.3	93176.5	94058.8	
92588.2	92352.9	95558.8	94058.8	93029.4	
90647.1	95029.4	93088.2	93382.4	95029.4	
95323.5	94500	95176.5	96500	94647.1	
95617.6	96588.2	94588.2	94647.1	96588.2	
94941.2	94205.9	94588.2	95911.8	95323.5	
93529.4	95235.3	95029.4	92794.1	94794.1	
95382.4	94352.9	96647.1	96352.9	94941.2	
93470.6	95382.4	96941.2	94941.2	93852.9	
97764.7	96735.3	94441.2	95764.7	97176.5	
96941.2	94941.2	93705.9	94205.9	96735.3	
95235.3	96058.8	97470.6	97558.8	94500	
95088.2	96058.8	94882.4	95764.7	97558.8	
97705.9	95235.3	94735.3	96794.1	95382.4	
95235.3	97558.8	96294.1	97558.8	93764.7	
96205.9	99029.4	98000	99411.8	98000	
99617.6	95911.8	96588.2	94441.2	97029.4	
96294.1	95323.5	95323.5	97088.2	95323.5	
96294.1	95470.6	96882.4	96147.1	93911.8	
97852.9	96500	93470.6	98588.2	98147.1	
98058.8	97411.8	97323.5	96058.8	97470.6	
97235.3	98205.9	96147.1	99264.7	98000	
97764.7	98205.9	96588.2	96294.1	94500	
99852.9	98588.2	95088.2	99470.6	97470.6	
97852.9	95382.4	98294.1	94352.9	99470.6	
96882.4	96294.1	98588.2	96058.8	98058.8	
97235.3	98294.1	98294.1	96882.4	97470.6	
96735.3	99176.5	97764.7	99117.6	98647.1	
96000	99411.8	97029.4	98500	96441.2	
97411.8	99411.8	96000	97411.8	98794.1	
97176.5	95382.4	98058.8	96647.1	95382.4	
95323.5	95705.9	96588.2	94794.1	96000	
97558.8	96000	97470.6	95176.5	95382.4	
94500	96352.9	95764.7	95617.6	95323.5	
95705.9	95617.6	97029.4	96000	95764.7	
96441.2	94205.9	96441.2	98000	98500	
96294.1	98352.9	95705.9	96294.1	94941.2	
96794.1	96294.1	94058.8	99176.5	96441.2	
95558.8	96352.9	95323.5	96000	94647.1	
97911.8	100588	98000	94941.2	96941.2	
96500	97470.6	97705.9	99264.7	99764.7	
99558.8	99558.8	98794.1	97176.5	97411.8	
101618	103118	99911.8	100000	102441	
98735.3	98294.1	99411.8	100000	97705.9	
98735.3	100206	97617.6	99764.7	99617.6	
98647.1	100441	101176	98500	101912	
98647.1	98794.1	100500	101471	100735	
100735	99411.8	100971	101118	99852.9	
98441.2	103118	100059	100353	101029	
100059	100059	101559	98647.1	98588.2	
99264.7	98205.9	100206	96794.1	101471	
101765	99911.8	99176.5	100353	102647	
100588	99764.7	100441	99176.5	97470.6	
99176.5	101471	98205.9	101765	99117.6	
97029.4	98205.9	98058.8	98500	102971	
97764.7	101412	98735.3	100588	97705.9	
98588.2	98588.2	98500	99852.9	98735.3	
100971	99852.9	96735.3	97323.5	97029.4	
97176.5	97852.9	101706	95911.8	98147.1	
97088.2	96794.1	98058.8	97705.9	96205.9	
96588.2	96352.9	97852.9	95617.6	97176.5	
99117.6	99411.8	100059	99117.6	97411.8	
99558.8	100441	100206	96500	98147.1	
97323.5	102000	101412	99558.8	101706	
100000	99705.9	100000	101618	97617.6	
100882	100647	104059	100882	99558.8	
101706	102294	98941.2	102735	100000	
100735	100735	102441	103118	102441	
103471	98147.1	99764.7	101029	101853	
105853	100647	103765	102059	100206	
102000	102206	101412	102294	99264.7	
105118	102294	103853	101471	100353	
102206	101029	103265	103853	100294	
103029	106147	104588	103706	104147	
102294	102206	106882	103324	101559	
103912	104882	102441	103765	105765	
105765	105412	106000	106147	105765	
105029	108588	108235	108529	107176	
109029	104971	107559	105029	106882	
108529	104441	107118	107265	108735	
107559	104882	108441	105559	108294	
106676	106676	105029	103618	107706	
107765	105559	106294	109412	104735	
106206	105412	104147	104971	105324	
103618	106000	105265	103706	106206	
106824	103412	102206	101265	104059	
103118	102500	102294	105618	100206	
104735	103324	101912	101412	103176	
103324	104294	103765	100971	102147	
101765	103853	102882	105765	104059	
106882	104735	107118	107706	102441	
104588	107118	107912	107029	107471	
109412	106676	106824	110000	108088	
107706	104588	107912	108294	107853	
108235	107765	107176	108441	107176	
110382	109706	107912	108235	106529	
108000	107029	110588	105853	108735	
111029	107853	109706	106882	108000	
109265	113647	111618	111176	109471	
113412	111853	110971	114529	112882	
113706	118588	117265	116088	115794	
118912	118000	118588	117412	120000	
121059	120441	119794	122676	118912	
121500	124235	122235	121853	123059	
125206	121118	127500	125118	122824	
126382	124088	124618	124147	126824	
123794	128235	124088	126176	125059	
125118	124529	121412	125206	124971	
123118	127647	126176	125265	124971	
126912	126824	125412	128088	126471	
129559	128618	127500	125647	124324	
127853	128176	126824	129353	128029	
127794	127794	129059	129118	129647	
130324	130529	130088	128765	129500	
130912	128765	132088	128971	129059	
129559	127853	128529	127412	131794	
129882	133441	128471	128971	129500	
130618	130176	130618	129500	130176	
131588	130176	131882	134176	132471	
133500	129412	130235	135647	131941	
128676	129735	132324	132765	129500	
131059	132382	132088	130618	130971	
133647	131647	130824	130676	129559	
132324	130618	134676	130971	127853	
134618	128618	132382	133794	132235	
134765	133353	133118	133794	132912	
135353	136176	137206	135147	135294	
136618	138176	135941	139294	139059	
135941	140029	135794	138235	139353	
137147	141206	137353	139206	140559	
141647	143147	139353	137441	139206	
143882	141000	141500	139441	142471	
141353	138176	140618	143294	135500	
143735	142324	140088	142029	140706	
139588	143206	145147	141500	142618	
143588	144176	144706	143882	140912	
147971	148471	146912	146618	148029	
145500	150471	147971	149000	145588	
149206	150176	148029	145735	147588	
151441	148118	151735	151206	149588	
148559	150765	149588	147824	150471	
154324	146265	150265	154559	149735	
151000	150706	152118	151441	151529	
150324	148912	151676	152912	149971	
154265	155147	156794	156118	155000	
157588	155882	156794	153824	153676	
156794	155235	155294	157441	155088	
155529	158647	156706	156324	154941	
156559	158941	153971	156794	157971	
160118	159235	160353	158412	158559	
155882	161676	162706	160941	162647	
160353	160353	161088	157294	158471	
160029	158941	161676	159676	161971	
161294	159824	161441	160647	161676	
159088	162029	159735	161882	161529	
163294	161882	162559	161088	158265	
163147	167912	164853	161824	162265	
163735	165588	168559	165676	167382	
166059	166353	168647	163735	169294	
167765	169088	165824	164559	165382	
167441	169618	169765	169000	167000	
172265	167088	168853	168500	170794	
173471	173088	172059	170706	174412	
174353	168118	172647	174647	171088	
175912	172265	175235	174647	175029	
173088	173176	174882	173324	173324	
171676	173971	173088	169912	171971	
174059	175618	175824	171000	171529	
174941	174059	177176	172265	172853	
170500	177765	173912	173471	176588	
178265	180588	177382	176353	174706	
178206	177971	176647	176882	180294	
175382	177471	178647	181824	177235	
179971	176118	175765	176588	178059	
177618	179029	178265	181471	182441	
179971	182794	177176	179324	179382	
184000	180735	177971	177088	177471	
181088	179029	183176	180294	183324	
180441	185176	179471	182882	182294	
182059	181676	183088	186206	184882	
177029	180206	181235	176059	174647	
180059	182588	176265	177618	176794	
176500	178265	176941	180882	178206	
177824	173824	178353	175471	177529	
177618	172941	173382	175824	177676	
174941	173676	175235	173382	173912	
175088	173824	168206	171824	175088	
174941	174353	174706	175971	174059	
181382	176735	177676	177529	179618	
182500	181912	180206	180588	182647	
187412	188500	187559	184500	190147	
194735	191706	191118	193853	194294	
193176	200294	193176	193265	193912	
196529	197912	202676	195765	197412	
199029	200676	200971	202088	201471	
200000	193853	194588	200000	193912	
202735	198441	196059	196676	200882	
202000	203941	201559	201412	201029	
205559	205265	204971	204588	199765	
206382	208971	210294	203647	212235	
211500	209559	210824	208971	212000	
217118	209794	212618	213353	210441	
216176	214000	215647	216176	213059	
212294	218676	218824	220618	216529	
216324	212088	214824	218765	210000	
215559	213559	219412	217265	211706	
213059	213559	215412	212235	214618	
212441	211500	216176	211706	213853	
209794	216382	213206	216000	216324	
214294	212765	211794	215647	213353	
217353	212912	215412	217559	214235	
218471	215559	213559	214765	214765	
216676	217941	217059	221206	219265	
223794	222471	216765	224088	218324	
226176	222324	222824	222971	222324	
225353	222824	227941	226765	224529	
223941	226088	232324	227588	227441	
231206	227000	225059	231735	230324	
233000	235147	235147	234765	236765	
237441	235941	235647	235735	239353	
236618	239971	241882	235794	238706	
240765	242324	244559	237588	237353	
237441	243382	242265	243824	239500	
242765	246412	243294	238176	235647	
236853	241882	243059	237500	238853	
240912	231441	240706	238412	243000	
244029	241676	241147	243000	241147	
240118	242618	240324	243441	239971	
244118	244912	240265	241059	247382	
243676	241882	245000	244324	240118	
248853	244118	246029	243294	248559	
246853	248471	245824	241147	238559	
247676	248941	254206	249088	243441	
250412	253235	249235	247294	251147	
248412	258353	257824	253971	255824	
255588	253676	252118	254647	259765	
258794	262118	257971	256647	260706	
260059	258059	258853	255588	258265	
261324	260941	261324	256353	255147	
263824	262265	260118	263088	260853	
260647	266941	258265	265324	262118	
269029	264059	263471	268118	266412	
262412	257382	262118	264794	257971	
264500	268500	261529	263971	270941	
259382	266794	265382	270588	266647	
256500	264353	262559	268588	263324	
268059	262794	265618	264353	263529	
260794	259618	265382	257824	257824	
254118	259088	259147	259765	254794	
260265	258059	263471	258500	263029	
254412	259235	255676	259088	258265	
260647	256206	258206	260706	258353	
268441	270647	261971	264559	259382	
268353	264412	267324	265235	268059	
262500	265529	264706	266206	264500	
265088	268794	261971	265765	269088	
269971	269676	269029	268647	266735	
274735	271235	277471	275471	274206	
271471	269471	279412	272588	277382	
269235	270647	274059	269618	270118	
268794	271971	270647	274147	266941	
276588	271971	273853	271912	269029	
268882	268265	266206	276353	276294	
266206	266941	268941	270118	267088	
268647	273765	271176	272941	269235	
268265	266559	267676	263971	264794	
271971	269971	273471	270735	274294	
268882	266941	271382	271912	269176	
275088	275471	276647	274000	273029	
276500	281265	277176	275706	281706	
281618	278000	277618	275765	280059	
280500	272441	280059	281853	274882	
278794	279029	279765	280059	278794	
281618	288824	283176	276500	281324	
284735	284735	279559	281471	284676	
282824	279706	282294	282735	284294	
278588	281471	281618	276735	280059	
273529	274441	276588	276294	277706	
277618	277706	280500	279088	277912	
282588	281265	283706	283471	278147	
279088	276500	280500	282824	281324	
284735	285118	279853	284824	280294	
277765	279412	276882	282353	282971	
283912	283265	283765	288059	282000	
285853	283412	281471	283029	276941	
293118	288441	277235	286206	277029	
281706	290529	288147	280588	283618	
284000	285853	284588	281559	286735	
281471	284059	287765	289618	282588	
289412	291706	293559	290088	290882	
286059	295853	292971	287765	285559	
295029	298235	297500	292676	293176	
292588	289118	287559	287853	289853	
294147	290882	291265	295118	294441	
295324	297176	291324	288382	291941	
296147	295706	284500	293647	293706	
299059	298088	290441	294735	298529	
298088	293706	299265	296441	291265	
299941	294000	298000	303059	296971	
301559	303941	300588	304912	302824	
304912	307794	301206	305412	306971	
307853	305706	311265	308235	307559	
310471	316029	310176	316324	316235	
311265	314824	312529	307794	310971	
310765	319353	318088	320382	317735	
314912	316088	315735	315353	317294	
326324	319794	323000	318088	318324	
324265	319735	319941	320176	324912	
323588	324471	326765	315500	325353	
325882	327971	331294	325794	328471	
323794	330618	325941	322382	330176	
329676	318676	325000	322559	325353	
330559	325000	327647	332029	322853	
334912	330618	335382	332706	332412	
335971	331529	334471	336029	333382	
337147	339824	342029	336559	338559	
339147	345824	343088	341676	344118	
350118	345294	347088	346118	348059	
350559	348265	346941	347088	350500	
348265	352559	345147	351529	342500	
355971	349294	355912	353618	356647	
360353	361912	356559	349765	357382	
361382	359471	359471	361471	365853	
358500	365088	362353	366588	365029	
362882	363824	365324	366882	360882	
368353	376588	368882	365235	366294	
371412	367029	370588	371176	364441	
370588	372441	374500	364000	371029	
367559	372882	368441	374824	369029	
377853	372882	378059	374647	376147	
373471	374971	371265	371029	374059	
376676	378735	372647	372353	379412	
374294	383559	379118	377559	379118	
374882	380529	377706	378382	368206	
377471	373559	372000	366147	378000	
372794	367029	369324	366353	365088	
369176	362059	362588	357971	358735	
356735	360206	356500	360882	358735	
352412	356882	356941	351529	346706	
354941	348794	356206	351324	357088	
353324	351147	354412	354118	352559	
361029	365471	359912	360294	354118	
363382	368353	363529	368882	361382	
375618	370000	378735	368794	372882	
384735	382382	376735	384382	381029	
384971	383853	383265	391706	390824	
386441	387941	393265	389353	392147	
402471	393941	398088	398529	395647	
393559	397706	404765	400676	395500	
401118	411206	398176	408618	407882	
412176	409882	414912	400618	405647	
410088	412618	401794	408471	411941	
411441	405118	406765	407147	405059	
405353	405353	407294	408029	404971	
410912	405882	412853	411000	407647	
400618	405353	410676	406382	402529	
411441	410765	411147	416265	404618	
407941	415882	416559	413647	411882	
421206	410853	411794	419147	409441	
416853	421294	421059	415735	420118	
425529	419735	425676	425147	417735	
425441	426265	427971	437147	422618	
435382	428559	431971	432794	430559	
429588	433735	436412	428265	437000	
431235	429000	431294	435000	440706	
447912	438647	439088	443382	432706	
434353	438794	438706	442853	438412	
444794	440059	440706	433735	437088	
439824	445765	439088	439441	448265	
448059	441471	438500	439912	438118	
434353	440353	441294	434559	437676	
441000	439235	438941	439382	436706	
445235	443912	440941	436412	440206	
442853	447176	445618	438853	436559	
446412	445471	439088	440265	436265	
445324	440206	444794	442647	440647	
445676	442265	442853	449912	438059	
452588	453235	447765	447529	455235	
448412	439912	444412	435882	440500	
438794	438412	439235	438206	440941	
442500	443676	448353	442059	441971	
439000	448118	448118	452794	441971	
448059	444412	445235	448941	445971	
447912	451235	442500	458441	448735	
457324	448118	452794	450500	456059	
457235	456500	455618	455529	452735	
456441	453824	458735	455912	453618	
466735	464588	464000	456647	462147	
477324	471412	469265	472971	456206	
471912	466441	471176	473853	468971	
488676	478529	475559	482000	477176	
478882	487118	487647	481206	475265	
483059	483853	483265	488235	484765	
488618	498382	492029	492529	495118	
501206	505000	508559	493265	496618	
500676	500471	497647	499147	502176	
503206	499294	505059	499000	501206	
501882	503294	511441	508765	504765	
508618	507147	503941	502176	506412	
500853	500529	505294	513971	507882	
519882	512029	514765	515059	514559	
524853	521235	521882	518412	512265	
536059	527824	525676	518706	522794	
527235	525735	533235	534853	525088	
539088	542500	534059	534353	531912	
545324	541235	540118	541471	538500	
548000	546441	544294	549029	546882	
552059	552294	554735	548735	553324	
561618	563265	554353	558441	563765	
567706	559912	556588	570088	559324	
567853	565941	576971	574235	575118	
581500	578618	578765	574441	568294	
574912	577265	584088	570294	576147	
577059	580824	582618	574971	578971	
588676	587441	582382	586912	581059	
587118	587353	592529	591059	583059	
592618	600176	592853	595000	587353	
606471	601000	586912	599000	599441	
602559	603971	605147	602853	600559	
608471	616941	613235	610412	618941	
613529	619824	614706	607000	610706	
614941	619147	619294	610618	614794	
618853	613000	612647	601353	615529	
611882	611824	606765	617676	613676	
608176	616118	603735	609882	608765	
608941	612941	621971	602853	604118	
640147	614559	621147	611294	627029	
631324	629971	631765	632353	625618	
645765	642294	634294	640941	635529	
674324	677500	678176	674088	677265	
670088	677588	676029	670618	677441	
703441	695147	693676	701235	690853	
719971	719618	725235	723176	715324	
732941	741618	726353	734147	741324	
753941	757412	753500	750529	748000	
758765	760471	758471	761559	767059	
783000	774088	781059	776235	767647	
794412	789882	788265	794941	793971	
808412	801529	801000	803382	802265	
809471	818735	806706	806706	823088	
810647	824294	825029	820647	822206	
834235	838382	829265	844147	829765	
854176	859441	853559	856618	860471	
880118	881000	863647	863941	877676	
889824	887824	889824	890265	894706	
891147	894559	899235	905235	884176	
916000	920735	915176	918441	909029	
923765	933029	924971	919471	912500	
915853	917176	917265	929706	913853	
925412	924147	920824	913176	910647	
921765	920353	917559	921706	914735	
922824	926824	907382	913618	915765	
926382	918735	928588	926000	914647	
937412	938382	934824	938382	928235	
955647	946471	942088	948971	940147	
987382	974647	981382	985235	969735	
1.01415e+06	1.00694e+06	1.00006e+06	1.00703e+06	1.00094e+06	
1.02424e+06	1.03356e+06	1.02653e+06	1.03024e+06	1.01571e+06	
1.04424e+06	1.04891e+06	1.05544e+06	1.03365e+06	1.03847e+06	
1.05871e+06	1.05365e+06	1.06144e+06	1.05179e+06	1.05174e+06	
1.07441e+06	1.06968e+06	1.07085e+06	1.06479e+06	1.05612e+06	
1.08991e+06	1.09074e+06	1.09074e+06	1.08903e+06	1.08288e+06	
1.10221e+06	1.08138e+06	1.09147e+06	1.09138e+06	1.07776e+06	
1.11341e+06	1.11453e+06	1.10932e+06	1.11385e+06	1.09956e+06	
1.10859e+06	1.1175e+06	1.10809e+06	1.11038e+06	1.09088e+06	
1.13068e+06	1.12121e+06	1.10221e+06	1.11726e+06	1.10985e+06	
1.10853e+06	1.11185e+06	1.11185e+06	1.10347e+06	1.09976e+06	
1.10874e+06	1.11059e+06	1.10897e+06	1.11609e+06	1.10747e+06	
1.11194e+06	1.10362e+06	1.10903e+06	1.10726e+06	1.10206e+06	
1.11268e+06	1.12068e+06	1.11297e+06	1.11e+06	1.10274e+06	
1.11765e+06	1.11941e+06	1.12565e+06	1.11059e+06	1.10747e+06	
1.12506e+06	1.12185e+06	1.11521e+06	1.12e+06	1.12365e+06	
1.13838e+06	1.13944e+06	1.13862e+06	1.14412e+06	1.12156e+06	
1.14797e+06	1.16694e+06	1.15988e+06	1.14921e+06	1.14944e+06	
1.16391e+06	1.17991e+06	1.16391e+06	1.16079e+06	1.161e+06	
1.18347e+06	1.17859e+06	1.17815e+06	1.17782e+06	1.18176e+06	
1.18821e+06	1.18956e+06	1.19021e+06	1.19074e+06	1.17815e+06	
1.19859e+06	1.19809e+06	1.18606e+06	1.19341e+06	1.17665e+06	
1.19282e+06	1.18956e+06	1.19288e+06	1.19718e+06	1.19297e+06	
1.19235e+06	1.19074e+06	1.19532e+06	1.18726e+06	1.19562e+06	
1.19253e+06	1.19688e+06	1.19118e+06	1.19785e+06	1.18303e+06	
1.19576e+06	1.19776e+06	1.20653e+06	1.19556e+06	1.19341e+06	
1.19785e+06	1.20721e+06	1.19659e+06	1.19482e+06	1.19029e+06	
1.21721e+06	1.20535e+06	1.20653e+06	1.20024e+06	1.20482e+06	
1.21091e+06	1.21676e+06	1.21741e+06	1.21024e+06	1.20941e+06	
1.20697e+06	1.21638e+06	1.20379e+06	1.20785e+06	1.20579e+06	
1.21988e+06	1.20897e+06	1.21053e+06	1.21512e+06	1.208e+06	
1.20565e+06	1.20541e+06	1.20512e+06	1.20024e+06	1.20585e+06	
1.18088e+06	1.19112e+06	1.18474e+06	1.17924e+06	1.18941e+06	
1.20282e+06	1.21253e+06	1.19526e+06	1.19726e+06	1.20503e+06	
1.18494e+06	1.19326e+06	1.19347e+06	1.18615e+06	1.17532e+06	
1.19376e+06	1.18259e+06	1.19e+06	1.18221e+06	1.19021e+06	
1.20118e+06	1.18541e+06	1.1885e+06	1.19453e+06	1.19347e+06	
1.18971e+06	1.19659e+06	1.19356e+06	1.192e+06	1.19532e+06	
1.21029e+06	1.2075e+06	1.20785e+06	1.21335e+06	1.20015e+06	
1.20497e+06	1.22068e+06	1.20965e+06	1.20571e+06	1.20044e+06	
1.21276e+06	1.21447e+06	1.22174e+06	1.204e+06	1.21306e+06	
1.23291e+06	1.21038e+06	1.22262e+06	1.21979e+06	1.21603e+06	
1.19903e+06	1.20809e+06	1.21385e+06	1.20147e+06	1.202e+06	
1.2095e+06	1.22335e+06	1.22438e+06	1.21541e+06	1.20674e+06	
1.2215e+06	1.22165e+06	1.23062e+06	1.21921e+06	1.21297e+06	
1.24626e+06	1.25221e+06	1.23418e+06	1.24174e+06	1.23768e+06	
1.24788e+06	1.24153e+06	1.24338e+06	1.23944e+06	1.22979e+06	
1.25041e+06	1.24988e+06	1.25338e+06	1.23812e+06	1.23247e+06	
1.23691e+06	1.23959e+06	1.24115e+06	1.23929e+06	1.23974e+06	
1.25626e+06	1.27338e+06	1.25138e+06	1.25485e+06	1.26124e+06	
1.25338e+06	1.25515e+06	1.25391e+06	1.25441e+06	1.26318e+06	
1.25197e+06	1.23915e+06	1.24694e+06	1.24418e+06	1.23226e+06	
1.26021e+06	1.26474e+06	1.2645e+06	1.26132e+06	1.25138e+06	
1.25124e+06	1.25359e+06	1.23988e+06	1.24188e+06	1.24271e+06	
1.23826e+06	1.24012e+06	1.24515e+06	1.23456e+06	1.24353e+06	
1.2565e+06	1.26909e+06	1.26718e+06	1.26426e+06	1.25544e+06	
1.25315e+06	1.25635e+06	1.25729e+06	1.24968e+06	1.251e+06	
1.26303e+06	1.24426e+06	1.25329e+06	1.25012e+06	1.26265e+06	
1.26924e+06	1.26124e+06	1.25968e+06	1.25315e+06	1.25962e+06	
1.27771e+06	1.27168e+06	1.28015e+06	1.28668e+06	1.26747e+06	
1.26962e+06	1.27532e+06	1.28474e+06	1.27474e+06	1.26182e+06	
1.26459e+06	1.26703e+06	1.24588e+06	1.25835e+06	1.27074e+06	
1.27479e+06	1.27153e+06	1.26288e+06	1.26421e+06	1.26532e+06	
1.27615e+06	1.26441e+06	1.26782e+06	1.28206e+06	1.26865e+06	
1.27059e+06	1.27635e+06	1.26382e+06	1.27215e+06	1.27362e+06	
1.29194e+06	1.28244e+06	1.27859e+06	1.28824e+06	1.26782e+06	
1.27015e+06	1.28274e+06	1.27235e+06	1.27562e+06	1.28859e+06	
1.27703e+06	1.27362e+06	1.27932e+06	1.272e+06	1.26309e+06	
1.27606e+06	1.27524e+06	1.26109e+06	1.26376e+06	1.27094e+06	
1.28318e+06	1.28074e+06	1.27806e+06	1.26859e+06	1.27571e+06	
1.28318e+06	1.27665e+06	1.26924e+06	1.26353e+06	1.25991e+06	
1.26859e+06	1.26035e+06	1.27591e+06	1.28391e+06	1.25841e+06	
1.29224e+06	1.27835e+06	1.27941e+06	1.27385e+06	1.2805e+06	
1.28444e+06	1.26421e+06	1.28406e+06	1.274e+06	1.27524e+06	
1.29332e+06	1.29926e+06	1.29365e+06	1.28297e+06	1.27644e+06	
1.28356e+06	1.28888e+06	1.2825e+06	1.27021e+06	1.27415e+06	
1.27006e+06	1.27094e+06	1.27176e+06	1.26568e+06	1.2685e+06	
1.26776e+06	1.2585e+06	1.27947e+06	1.27741e+06	1.26738e+06	
1.26303e+06	1.27435e+06	1.2545e+06	1.27079e+06	1.27294e+06	
1.24403e+06	1.25041e+06	1.25915e+06	1.25471e+06	1.24641e+06	
1.24744e+06	1.24374e+06	1.24944e+06	1.23691e+06	1.24388e+06	
1.25524e+06	1.25329e+06	1.24568e+06	1.25626e+06	1.24494e+06	
1.22529e+06	1.22824e+06	1.2335e+06	1.23529e+06	1.2195e+06	
1.22024e+06	1.23188e+06	1.21941e+06	1.212e+06	1.22062e+06	
1.20779e+06	1.21379e+06	1.21906e+06	1.21832e+06	1.20971e+06	
1.2095e+06	1.20156e+06	1.20179e+06	1.20288e+06	1.20297e+06	
1.19221e+06	1.18947e+06	1.18356e+06	1.19274e+06	1.19726e+06	
1.19682e+06	1.19474e+06	1.18488e+06	1.19794e+06	1.18356e+06	
1.19979e+06	1.20068e+06	1.18244e+06	1.18629e+06	1.18879e+06	
1.19253e+06	1.19518e+06	1.18391e+06	1.18474e+06	1.18709e+06	
1.18918e+06	1.19371e+06	1.19853e+06	1.19362e+06	1.19006e+06	
1.20682e+06	1.20482e+06	1.20394e+06	1.18971e+06	1.19065e+06	
1.18347e+06	1.19844e+06	1.18488e+06	1.19541e+06	1.19815e+06	
1.18362e+06	1.18912e+06	1.18429e+06	1.18518e+06	1.17962e+06	
1.17938e+06	1.19021e+06	1.17703e+06	1.18674e+06	1.18629e+06	
1.18703e+06	1.17509e+06	1.16709e+06	1.17591e+06	1.16612e+06	
1.19332e+06	1.18732e+06	1.18185e+06	1.18956e+06	1.19429e+06	
1.16997e+06	1.17168e+06	1.17079e+06	1.16021e+06	1.17465e+06	
1.16338e+06	1.16821e+06	1.15271e+06	1.17006e+06	1.15871e+06	
1.16685e+06	1.16694e+06	1.16553e+06	1.17441e+06	1.16606e+06	
1.16124e+06	1.17597e+06	1.17288e+06	1.16294e+06	1.16026e+06	
1.15632e+06	1.16656e+06	1.15091e+06	1.14159e+06	1.15447e+06	
1.15388e+06	1.15129e+06	1.15665e+06	1.14559e+06	1.14403e+06	
1.13082e+06	1.13121e+06	1.13144e+06	1.12262e+06	1.13315e+06	
1.13232e+06	1.13365e+06	1.12335e+06	1.13165e+06	1.11585e+06	
1.12179e+06	1.13121e+06	1.11585e+06	1.11253e+06	1.11326e+06	
1.10747e+06	1.10459e+06	1.112e+06	1.09888e+06	1.10609e+06	
1.09065e+06	1.08703e+06	1.10097e+06	1.09912e+06	1.09971e+06	
1.10171e+06	1.09265e+06	1.08021e+06	1.08226e+06	1.08797e+06	
1.08406e+06	1.0985e+06	1.08709e+06	1.09288e+06	1.08679e+06	
1.09629e+06	1.08435e+06	1.08426e+06	1.07694e+06	1.08382e+06	
1.08968e+06	1.07494e+06	1.07671e+06	1.08168e+06	1.07315e+06	
1.06324e+06	1.06047e+06	1.06447e+06	1.06818e+06	1.05618e+06	
1.07641e+06	1.05559e+06	1.05218e+06	1.059e+06	1.05729e+06	
1.05753e+06	1.04994e+06	1.04603e+06	1.05085e+06	1.04409e+06	
1.0355e+06	1.03882e+06	1.02535e+06	1.03291e+06	1.03209e+06	
1.03526e+06	1.01503e+06	1.01844e+06	1.02771e+06	1.03076e+06	
1.02179e+06	1.02379e+06	1.00991e+06	1.03668e+06	1.02385e+06	
1.01771e+06	1.01794e+06	1.00006e+06	1.00274e+06	1.00385e+06	
996647	998794	985618	991382	979735	
983765	985235	986941	981382	985000	
970706	969824	969000	979971	972029	
973882	977441	968706	970706	981912	
975294	976853	966029	976412	970559	
963882	965500	960412	964912	966853	
959647	966324	972029	956235	960853	
962176	962765	950029	940971	947882	
949059	963882	956382	959353	959735	
942529	953647	950176	948529	949647	
952529	945059	950765	948324	946324	
932147	927471	932000	932235	920882	
920971	922000	915029	921471	918000	
906441	913235	913765	916441	911912	
898559	901765	897618	895765	896059	
901029	896412	895529	892559	888706	
886265	889824	879529	887294	897382	
883441	884853	889088	883588	876471	
871588	875882	871441	875000	867500	
870176	874176	874176	868029	861794	
860912	863059	864529	862324	860529	
862529	849059	857735	847794	844529	
826882	838735	839029	834235	833176	
842000	845647	831559	838088	841176	
830353	825706	829265	819176	840824	
834000	828441	831706	831765	831324	
834824	821088	821765	826588	816647	
819529	828882	821912	814882	818206	
826971	825324	830294	820941	826059	
810735	820588	808559	812882	814941	
815088	810794	810500	812059	820735	
814882	819618	816206	809176	810735	
808412	805676	811088	807029	806559	
809471	819176	804353	812882	805324	
809382	806412	810500	811176	812941	
796265	794118	795588	797441	802647	
810735	799735	804706	803824	796029	
796029	785353	796794	793588	792324	
798500	793147	795382	785824	794324	
786324	783059	788618	790765	782176	
782265	788176	787588	781971	778765	
778265	774235	786029	770324	771206	
758471	758294	760618	763882	752588	
753853	755059	756294	758235	752971	
745706	747941	745559	744529	744382	
744588	744441	745471	751265	757647	
744382	746676	747471	743765	749412	
743912	753941	737912	727529	726941	
738059	728000	732941	734500	728294	
726882	724118	728441	724794	724441	
707676	704647	706029	707588	711529	
701441	691353	694265	687353	699676	
678382	682235	674971	681500	666088	
662735	669706	665500	664971	662147	
649853	659029	641471	648529	650441	
653176	656529	657118	656529	647265	
656294	651265	655618	653412	649176	
660000	658235	657853	661853	656235	
672824	658088	662588	659265	661706	
656735	665353	659941	667500	661029	
666676	665706	666765	673882	658824	
668382	666294	655176	660294	661706	
666088	669941	675412	662882	664971	
656971	663353	663412	660088	650206	
662088	660147	665206	660382	660382	
652529	655794	661647	652588	657324	
662294	665559	661353	658529	655118	
665706	654441	669206	659853	659706	
653765	649559	656088	652235	653471	
655559	655941	651176	649265	643176	
648441	641176	645853	636735	651118	
651706	650206	648353	653765	653412	
641235	637529	652735	631029	638941	
650382	646500	651559	645176	640000	
659265	647324	649118	645765	649559	
638794	652382	652235	653265	650059	
648441	648441	640147	643118	642500	
642794	634294	640059	645706	643559	
643029	632794	637382	641618	644206	
646882	645706	640500	644588	632294	
639912	642735	643559	641559	635324	
638500	637029	637618	632588	631824	
641176	637529	640147	632588	627765	
639235	630265	634206	633176	632735	
638500	629912	631176	637324	632500	
632206	631824	629529	631676	631529	
639029	636794	634882	631324	628735	
634588	627765	626647	632059	632941	
629471	630794	612559	621529	623676	
630735	623147	631382	622265	622118	
618706	615235	619765	618118	615824	
612500	616265	627912	615735	615735	
626265	618412	620647	616412	610794	
618206	619588	620559	624059	618118	
630882	625000	616647	630794	618265	
618353	626206	615735	623382	618059	
622500	623618	615676	609882	610176	
628059	627088	627176	623824	622206	
628118	623088	615971	619382	618353	
614176	611971	611235	616029	613529	
614412	621765	622647	615588	607294	
607735	610412	606118	610794	611235	
608471	606471	607882	613147	601059	
602559	612794	607588	601735	599441	
603735	607382	588912	595500	605971	
605529	606912	602029	596618	596471	
597735	595647	598706	596853	596324	
600324	601059	594853	597147	591000	
587118	596559	585647	590824	589588	
587588	586382	595735	580912	580088	
573500	581882	582088	584618	573853	
581412	580824	576618	579794	576294	
570882	575265	567412	574912	572147	
575412	572529	565647	572382	564294	
562147	562735	557912	553471	564000	
570676	568588	572588	566000	562676	
557412	559618	555618	567559	551618	
559412	567706	556059	551618	563471	
553118	552794	546294	551706	554059	
551029	554441	551029	549853	542794	
544647	549559	551265	544794	544647	
540794	543529	546147	531529	541471	
533676	543176	537029	532265	536265	
536118	536412	530941	530706	526853	
530353	524029	524412	532706	519735	
528353	525882	531971	522941	527294	
528206	533471	527735	520471	520706	
523882	525529	518471	514471	521971	
515382	516412	521824	516912	517235	
519882	515824	509647	513971	514559	
514118	512029	506912	509500	511500	
506029	507206	508176	508853	502765	
505059	496235	502235	498618	497118	
502324	504912	500029	502618	493118	
496382	494088	490235	498176	490765	
498529	496176	501206	494029	494765	
502853	493941	496029	494618	484618	
494618	489353	492618	492176	494824	
492382	492912	491794	495647	487353	
492971	490912	493118	489559	493588	
490765	487500	487059	486765	491265	
481353	489647	481353	490029	487206	
487647	491647	487353	481794	487853	
489353	483500	485794	485941	484912	
480441	485353	482000	477559	482088	
476824	484676	485206	481941	471706	
482294	477853	481412	479412	472971	
482088	480235	480588	475706	475647	
475794	471118	476382	470676	459912	
465118	470824	464882	463853	466500	
467324	462794	470000	462588	459559	
455382	455235	455676	451824	456206	
451824	454353	450353	458882	459765	
455853	454794	457176	461265	455176	
453029	449471	452118	451324	448941	
454588	448588	441824	452353	447088	
448412	449529	446059	447088	448735	
444412	444206	447529	438059	449765	
435294	439676	438353	438500	443765	
440853	446500	441765	439765	439441	
445676	440559	436206	444559	439088	
438118	437235	442412	443824	434412	
441765	439000	438265	442559	435529	
436500	436118	432029	437000	433294	
434353	435676	432118	427294	429088	
425382	427676	428794	432176	427382	
423971	425000	431147	423971	431735	
423206	427088	430559	421735	425000	
428794	433441	432029	421882	431588	
423529	422706	428941	423735	412765	
424118	418559	422559	418618	421059	
414471	418265	423294	421441	419735	
411294	418853	422853	415294	413059	
420618	419059	415882	412853	413735	
413500	418765	418618	415441	418118	
407588	415353	413941	407794	411882	
415353	411647	416559	412471	414912	
415735	415794	410382	414176	403118	
414765	413353	415206	406088	414088	
411794	414853	411647	414412	405647	
414176	410912	409941	408176	408176	
411059	411000	406912	411294	409353	
403588	401206	406382	413294	413294	
409588	412029	409941	408529	408382	
405588	408765	406529	400088	408029	
410912	414471	403794	412235	406912	
404618	402088	402235	403588	403500	
404618	405647	405882	404971	401559	
399706	398618	397853	401412	399265	
408676	403206	402235	398676	392765	
395059	398912	396088	394235	387559	
398324	392294	396529	394676	394618	
399353	394676	397559	388824	393647	
399118	397794	395941	397706	391059	
395118	395206	396235	391500	388676	
394676	385500	387941	392971	386235	
388882	395853	390676	384441	380235	
394147	385647	384529	382235	384529	
378206	380382	379118	382088	380382	
382588	380382	380441	376000	382882	
380588	377176	381765	380735	371029	
376206	375265	374000	366294	373176	
368000	370441	372206	372000	371176	
369235	369706	364941	362441	366441	
358206	361676	363529	360735	360882	
367176	356559	360794	358647	361176	
356794	352941	357471	356882	358588	
363529	364147	360118	357676	347912	
357618	352647	356941	357618	355324	
359824	352353	353765	345529	354206	
355824	354412	352500	353235	347824	
345441	348118	343294	340500	350059	
347529	350353	349235	353618	353324	
352118	347088	344353	346059	343235	
343735	345441	343235	336265	339441	
335824	344265	339000	343971	338029	
342500	337147	340941	336118	335000	
330618	329059	336324	333529	325794	
327735	326559	329147	331529	329206	
328559	329000	323000	330765	322559	
323882	323206	323500	317588	319206	
319647	323206	318529	319441	318382	
315206	321206	312971	314235	319441	
317441	314176	319353	319353	313588	
313882	315294	313882	314676	313206	
311353	306000	315353	311794	313206	
307794	309412	308529	310471	302235	
305265	306324	303118	302971	303941	
297941	303118	294294	298000	298676	
297647	295324	294824	300971	295176	
296676	301559	299706	303706	298735	
294441	300000	297500	298294	302147	
296735	302294	293706	298235	298147	
300294	294294	301206	301706	299500	
293941	294147	294441	297412	295853	
296294	295647	295706	291941	297794	
288971	293794	294294	290735	293412	
294235	291265	293647	295706	289471	
293941	301059	296588	293324	290441	
291618	290294	292971	292676	289618	
290000	294000	294588	291706	283618	
292000	294824	290088	293794	293794	
290441	292088	290441	291765	286588	
289853	287471	285118	284206	289176	
285765	285559	285559	284206	281471	
279324	278500	282206	280735	276588	
275235	277382	274000	279559	275853	
264706	265235	264412	265529	268265	
257765	260265	259824	260559	263324	
253441	256059	257676	259529	259912	
257971	256353	259971	255971	257000	
261529	257765	255588	257912	255912	
263529	259676	261618	261324	265176	
265088	263676	267176	264412	261088	
265324	266353	265971	264794	269765	
268500	265176	268882	263618	259235	
269088	267765	270588	266500	261824	
272882	266941	270441	268500	271324	
266735	263765	268794	265912	262794	
267382	267029	264647	265824	267529	
263824	264647	262941	267471	262706	
266206	266265	264559	267824	264059	
262559	264500	265088	267824	264794	
258647	263235	262647	264265	264941	
261471	264118	262794	261765	259000	
266059	260559	257294	261382	261235	
264706	257824	260206	264941	256853	
259529	258412	254265	256500	258412	
261529	257618	255088	258706	258500	
255235	253588	257088	255235	255971	
258412	255382	252706	252265	254706	
250647	250794	250794	251824	250559	
252647	251088	252265	252941	247529	
249235	249735	248029	251676	245441	
250794	252500	249235	251971	247588	
249588	250853	247882	244118	249235	
246706	245147	244853	248471	245529	
245971	243824	242912	242412	244853	
239353	246853	245294	242471	247382	
246176	244853	242176	242912	241353	
241294	241059	239147	241059	241882	
245088	239059	239206	238265	240912	
240853	238412	237500	243824	242471	
243000	239676	238412	243235	238412	
239441	240265	240559	237500	244176	
240853	234088	238912	235294	241735	
238912	237500	235941	237000	236265	
237824	239000	236324	239000	233882	
229882	233794	232618	233941	232176	
240559	234412	235735	236029	235941	
234412	233588	234618	230618	228912	
235353	232471	230471	231147	229441	
234853	228029	228324	230088	232853	
232324	233588	229000	228912	227441	
233941	232853	231588	228618	231059	
228853	234765	230088	230912	228618	
227500	227294	225500	224235	231794	
230706	228618	223588	223735	227000	
233735	236118	229059	232176	230382	
229059	231588	224765	233500	225059	
228382	227794	223735	229294	231588	
230235	224382	227647	225500	230029	
227588	223735	230088	223353	224676	
228324	228324	229588	227588	223265	
227353	229206	226235	227941	225059	
223441	226676	226324	223118	225059	
226471	232088	225441	227500	224382	
221735	223353	223265	228324	223353	
223735	221647	227147	222912	228029	
224529	228176	223118	222029	226088	
223500	221735	223441	226324	221941	
227500	219794	221206	219882	224088	
230176	227441	227588	220324	220912	
227206	223941	222676	224235	225059	
223441	227500	220529	219647	224824	
222324	223206	223794	225059	225294	
227441	222235	223441	222765	222471	
217059	224176	220824	224471	224912	
222382	221647	221206	218088	221794	
222029	220471	224088	220971	219118	
220382	215059	223353	221500	222029	
218824	223353	226029	222676	222971	
221941	220471	218618	225647	221882	
223265	221882	218382	223647	220324	
225294	223941	225588	223588	219706	
223118	227294	223882	225353	223794	
227000	223882	223882	223118	222676	
223500	222618	225794	219118	223588	
227441	225941	223500	222676	226824	
224676	223118	221118	222088	224912	
225294	224971	225206	224324	219059	
227206	223118	228618	223059	224912	
228529	222765	224529	224912	220618	
225647	230382	223794	223735	232471	
223206	223941	227059	228912	223059	
228676	222765	222765	228235	230471	
227441	225588	222971	224324	223647	
227206	222088	222824	219941	221206	
224618	215853	212088	223500	216000	
214471	216618	214000	212000	209647	
208441	208294	210824	209706	204294	
202824	205118	202676	201853	205029	
204735	208000	199912	208088	204147	
210147	212912	212441	208529	208382	
217206	214618	209412	213647	212765	
221353	218765	218529	214235	220029	
220029	219353	220676	220235	217559	
222324	221412	223118	223206	223353	
222471	228765	229000	225941	221412	
232088	227206	228765	232088	226471	
235500	235794	236029	237147	234559	
238265	242324	236912	238176	238765	
243382	243382	238912	240265	241971	
246559	251529	249971	244471	249441	
254647	249382	253294	254206	249441	
260647	258265	259618	260265	257971	
266941	266265	265971	261676	264500	
268735	269765	272735	264647	266118	
272147	274000	271618	272147	273853	
276735	278882	273529	275176	273235	
282294	279765	286353	278353	279324	
280941	286588	283471	290088	284500	
291618	297176	290088	290382	285765	
291265	299794	293853	292000	298235	
299500	296441	306676	303059	301353	
308382	305794	308765	308324	303941	
318529	310676	317294	323059	318382	
326706	327206	322471	326324	326559	
334471	340412	334765	341088	336471	
339382	345088	349000	345912	347824	
357912	358059	351824	355912	356735	
362353	364206	365324	363471	357235	
373118	368941	367471	368794	366059	
374824	378971	373765	380588	375765	
386294	387647	387118	380824	379853	
391412	389853	392235	391265	384147	
398971	390971	393647	391941	391647	
407147	403588	404324	410471	400235	
409500	415882	413294	409735	408471	
421147	414559	411647	411588	414235	
431147	423059	426176	429588	420265	
429588	422912	430324	428559	428265	
434853	437824	428412	426559	441294	
448206	445765	434941	445471	443235	
454882	453382	452794	453529	449676	
461265	466824	460206	466353	464647	
470059	468676	461265	469559	464971	
483118	477324	478235	471853	472088	
500176	482735	488000	486147	490382	
497882	499206	496971	492324	498382	
516176	509000	509588	507735	508559	
526647	523294	522118	517382	518324	
524265	528059	537824	530794	530353	
544647	546941	554147	543029	539324	
555118	544794	550206	547853	553706	
555618	553412	554441	552735	558529	
565794	562147	564676	565265	560147	
575706	586029	570294	571559	577265	
582471	586029	570735	581941	567647	
601059	590824	591206	590618	587118	
601882	604176	598324	601824	603971	
614118	616853	612647	613529	616500	
625324	626265	622412	618059	617441	
635765	625676	628735	630794	623912	
639618	626353	630794	635824	621676	
637618	645029	636147	637618	640882	
650000	650441	643912	647618	637529	
662676	655324	659794	656088	656676	
671647	660971	677118	672529	668088	
679500	674912	677588	669559	672324	
686618	690765	679353	681294	681147	
700559	695588	688912	693882	689441	
701088	702647	697294	701529	694706	
704853	716706	710706	704412	715529	
719324	720735	720265	721618	716265	
733559	730882	724588	737706	719676	
730882	737265	729912	729324	721618	
742529	747029	740676	747176	742441	
747559	754235	747029	738000	752588	
750000	751029	749029	751353	749118	
763647	771500	755500	753853	763559	
772088	775000	769294	776088	767353	
770824	774853	763353	781294	766765	
788029	791676	787294	785588	778559	
788765	786176	794412	787382	788618	
791735	796265	795382	797382	789382	
807382	807088	802265	812059	797147	
806353	802265	805235	799382	796118	
789000	784412	792029	785353	772382	
771882	774088	770824	765059	769735	
761647	743853	746971	749794	747706	
739324	730735	726000	742147	729912	
728441	728059	730882	721676	716206	
715324	714941	711676	710412	702412	
706941	703441	709088	709588	696324	
697529	704647	694765	701529	700618	
695824	696118	695529	692765	690706	
698706	703529	696765	689353	691824	
707235	695529	691059	689971	694265	
710794	708118	704265	695824	705882	
717324	717471	724735	705971	711912	
746441	745853	745265	745618	746088	
790412	790618	781000	787382	776029	
826735	815088	815971	819382	811324	
874176	854029	860676	863735	860029	
876265	893676	884265	881235	878118	
908000	902647	910500	913853	900735	
915765	920294	920971	914206	914206	
920000	920676	915176	912147	915412	
902206	909765	896500	900059	898353	
903235	891912	892118	884647	891676	
877441	883235	881824	890853	881382	
884559	883000	866559	886176	876118	
870706	889235	892412	889441	876706	
894412	897324	905176	897324	888794	
907088	908647	897235	897176	901912	
919706	913559	918882	908882	911853	
943559	935794	926382	925118	914882	
942088	934441	932088	931794	930882	
959147	963147	956088	949206	949353	
968912	973824	971235	966029	965294	
973294	972118	973588	972618	967000	
971588	974324	969971	965735	968765	
984059	984206	985382	976029	974265	
979529	991176	997529	987471	981912	
1.01824e+06	1.02468e+06	1.02009e+06	1.00829e+06	1.00406e+06	
1.01132e+06	1.01429e+06	1.02009e+06	998882	1.01132e+06	
1.01482e+06	1.02253e+06	1.01771e+06	1.01453e+06	1.01609e+06	
1.02921e+06	1.03253e+06	1.0315e+06	1.03141e+06	1.02668e+06	
1.04959e+06	1.04447e+06	1.05612e+06	1.04618e+06	1.04453e+06	
1.06285e+06	1.06003e+06	1.06294e+06	1.06665e+06	1.05759e+06	
1.09279e+06	1.08318e+06	1.07376e+06	1.07382e+06	1.07606e+06	
1.09288e+06	1.09109e+06	1.08103e+06	1.08397e+06	1.08524e+06	
1.10526e+06	1.08547e+06	1.09785e+06	1.08724e+06	1.08488e+06	
1.11979e+06	1.11379e+06	1.11103e+06	1.11468e+06	1.11785e+06	
1.13112e+06	1.13535e+06	1.13862e+06	1.13335e+06	1.13076e+06	
1.18035e+06	1.17582e+06	1.17562e+06	1.15988e+06	1.16591e+06	
1.20147e+06	1.19215e+06	1.19718e+06	1.19082e+06	1.18015e+06	
1.22676e+06	1.23321e+06	1.21979e+06	1.22921e+06	1.22803e+06	
1.23938e+06	1.25109e+06	1.24968e+06	1.24309e+06	1.24241e+06	
1.27918e+06	1.26703e+06	1.27429e+06	1.27571e+06	1.26294e+06	
1.29518e+06	1.29941e+06	1.29771e+06	1.28303e+06	1.28882e+06	
1.31876e+06	1.32018e+06	1.32921e+06	1.32603e+06	1.3275e+06	
1.34344e+06	1.33997e+06	1.33494e+06	1.33247e+06	1.32447e+06	
1.33106e+06	1.34421e+06	1.32535e+06	1.33559e+06	1.33271e+06	
1.36221e+06	1.35362e+06	1.35382e+06	1.36332e+06	1.35753e+06	
1.35597e+06	1.34271e+06	1.35709e+06	1.34709e+06	1.33724e+06	
1.36509e+06	1.35503e+06	1.364e+06	1.36503e+06	1.33997e+06	
1.35924e+06	1.35406e+06	1.36844e+06	1.35776e+06	1.3545e+06	
1.36815e+06	1.36079e+06	1.37406e+06	1.36274e+06	1.37235e+06	
1.37941e+06	1.38044e+06	1.376e+06	1.36162e+06	1.37844e+06	
1.38444e+06	1.38541e+06	1.37747e+06	1.38935e+06	1.38741e+06	
1.41856e+06	1.40594e+06	1.41841e+06	1.40721e+06	1.40374e+06	
1.43529e+06	1.42782e+06	1.42344e+06	1.43188e+06	1.41812e+06	
1.42418e+06	1.43821e+06	1.43041e+06	1.4365e+06	1.41256e+06	
1.44909e+06	1.45138e+06	1.42959e+06	1.44479e+06	1.43635e+06	
1.44168e+06	1.43612e+06	1.44976e+06	1.43924e+06	1.43279e+06	
1.44197e+06	1.4425e+06	1.433e+06	1.44006e+06	1.43085e+06	
1.45274e+06	1.44888e+06	1.44918e+06	1.43456e+06	1.44279e+06	
1.47029e+06	1.46297e+06	1.46288e+06	1.4545e+06	1.46065e+06	
1.47888e+06	1.49418e+06	1.46947e+06	1.46976e+06	1.46806e+06	
1.48053e+06	1.49232e+06	1.49838e+06	1.49018e+06	1.48024e+06	
1.49682e+06	1.49759e+06	1.48706e+06	1.49159e+06	1.47824e+06	
1.48803e+06	1.49482e+06	1.48415e+06	1.49374e+06	1.48941e+06	
1.48682e+06	1.49359e+06	1.50344e+06	1.48682e+06	1.48647e+06	
1.49944e+06	1.5075e+06	1.49729e+06	1.50409e+06	1.50115e+06	
1.50306e+06	1.50365e+06	1.50847e+06	1.50374e+06	1.49447e+06	
1.51329e+06	1.51679e+06	1.51285e+06	1.51247e+06	1.51291e+06	
1.53382e+06	1.52388e+06	1.53768e+06	1.53679e+06	1.52856e+06	
1.55635e+06	1.53821e+06	1.55488e+06	1.54124e+06	1.53347e+06	
1.55615e+06	1.556e+06	1.54776e+06	1.56082e+06	1.55771e+06	
1.57779e+06	1.57244e+06	1.55903e+06	1.55962e+06	1.56668e+06	
1.56971e+06	1.56244e+06	1.56726e+06	1.55897e+06	1.56674e+06	
1.58018e+06	1.57565e+06	1.57053e+06	1.57141e+06	1.56356e+06	
1.57691e+06	1.56556e+06	1.59276e+06	1.56444e+06	1.56038e+06	
1.58653e+06	1.57476e+06	1.58106e+06	1.5695e+06	1.58174e+06	
1.59441e+06	1.59618e+06	1.58535e+06	1.58935e+06	1.58482e+06	
1.59321e+06	1.59388e+06	1.60382e+06	1.57579e+06	1.59915e+06	
1.59247e+06	1.59053e+06	1.59344e+06	1.58482e+06	1.57853e+06	
1.59856e+06	1.60256e+06	1.59135e+06	1.58224e+06	1.58409e+06	
1.59626e+06	1.60553e+06	1.60388e+06	1.61353e+06	1.59285e+06	
1.61085e+06	1.60491e+06	1.59997e+06	1.59574e+06	1.59471e+06	
1.60197e+06	1.60797e+06	1.60062e+06	1.59982e+06	1.60047e+06	
1.61315e+06	1.61115e+06	1.595e+06	1.61529e+06	1.60441e+06	
1.61324e+06	1.6105e+06	1.60524e+06	1.59262e+06	1.59744e+06	
1.60559e+06	1.61494e+06	1.60729e+06	1.61435e+06	1.603e+06	
1.61791e+06	1.61388e+06	1.61368e+06	1.60441e+06	1.60032e+06	
1.60232e+06	1.60285e+06	1.60524e+06	1.59818e+06	1.59256e+06	
1.60632e+06	1.59832e+06	1.59441e+06	1.60203e+06	1.595e+06	
1.61065e+06	1.60959e+06	1.60603e+06	1.60197e+06	1.60485e+06	
1.61041e+06	1.601e+06	1.60812e+06	1.59209e+06	1.58565e+06	
1.60709e+06	1.60047e+06	1.60641e+06	1.59721e+06	1.59485e+06	
1.60403e+06	1.59968e+06	1.59818e+06	1.60271e+06	1.595e+06	
1.60291e+06	1.60306e+06	1.58906e+06	1.58668e+06	1.58803e+06	
1.59885e+06	1.60321e+06	1.58794e+06	1.59179e+06	1.59238e+06	
1.60418e+06	1.59535e+06	1.593e+06	1.58618e+06	1.57491e+06	
1.60091e+06	1.60056e+06	1.59535e+06	1.59344e+06	1.59285e+06	
1.61109e+06	1.59959e+06	1.60553e+06	1.58506e+06	1.59218e+06	
1.60538e+06	1.59671e+06	1.59974e+06	1.58003e+06	1.58959e+06	
1.59291e+06	1.60226e+06	1.59506e+06	1.59594e+06	1.58232e+06	
1.57988e+06	1.59788e+06	1.58721e+06	1.57862e+06	1.58988e+06	
1.60153e+06	1.58803e+06	1.59744e+06	1.59735e+06	1.59159e+06	
1.60574e+06	1.60291e+06	1.61715e+06	1.59788e+06	1.605e+06	
1.60509e+06	1.591e+06	1.60091e+06	1.60306e+06	1.58653e+06	
1.5975e+06	1.60871e+06	1.59579e+06	1.59121e+06	1.59818e+06	
1.60241e+06	1.59706e+06	1.59174e+06	1.58312e+06	1.58047e+06	
1.58462e+06	1.5955e+06	1.59271e+06	1.58091e+06	1.58618e+06	
1.58853e+06	1.591e+06	1.58326e+06	1.59885e+06	1.5815e+06	
1.595e+06	1.57818e+06	1.57126e+06	1.57847e+06	1.58453e+06	
1.57876e+06	1.5875e+06	1.57632e+06	1.57385e+06	1.56756e+06	
1.57229e+06	1.57276e+06	1.56935e+06	1.56132e+06	1.56326e+06	
1.5735e+06	1.56668e+06	1.57609e+06	1.57282e+06	1.56985e+06	
1.55606e+06	1.55282e+06	1.55547e+06	1.55421e+06	1.54791e+06	
1.56906e+06	1.57326e+06	1.55897e+06	1.55621e+06	1.57291e+06	
1.56009e+06	1.55926e+06	1.55659e+06	1.54265e+06	1.54674e+06	
1.56644e+06	1.55674e+06	1.54494e+06	1.56512e+06	1.55853e+06	
1.54303e+06	1.54079e+06	1.53115e+06	1.53147e+06	1.53797e+06	
1.52279e+06	1.53079e+06	1.52841e+06	1.52568e+06	1.52835e+06	
1.50179e+06	1.49106e+06	1.49126e+06	1.48224e+06	1.49632e+06	
1.39756e+06	1.37503e+06	1.38141e+06	1.37697e+06	1.37844e+06	
1.19376e+06	1.17762e+06	1.18556e+06	1.1845e+06	1.18829e+06	
967529	950382	961882	952529	956382	
746088	739559	740735	736000	726794	
582618	587441	583265	576824	581500	
497294	494324	497353	486382	490824	
474971	483647	477853	472147	472382	
543618	551412	542735	540265	543824	
641706	644500	639471	637382	642441	
707735	703971	701882	702647	697882	
716559	725176	719382	714941	714941	
705382	698618	702706	695971	692265	
685588	684618	688265	677265	676235	
689294	687735	679588	684471	684765	
687735	682176	686176	679882	677941	
711147	711618	707676	715235	690176	
738000	747706	738588	742059	749706	
802853	801147	785676	791000	786324	
850088	845559	845206	847353	828824	
912735	905971	909176	892353	896412	
958853	947353	943794	946088	950324	
998647	1.01629e+06	1.00309e+06	998206	999618	
1.06612e+06	1.06359e+06	1.06626e+06	1.05706e+06	1.04638e+06	
1.10644e+06	1.11429e+06	1.11482e+06	1.11088e+06	1.11244e+06	
1.17562e+06	1.16762e+06	1.16626e+06	1.15709e+06	1.16465e+06	
1.21453e+06	1.2175e+06	1.21379e+06	1.20521e+06	1.21171e+06	
1.25576e+06	1.25656e+06	1.24715e+06	1.25465e+06	1.24797e+06	
1.28994e+06	1.29726e+06	1.28497e+06	1.28747e+06	1.29579e+06	
1.30179e+06	1.30912e+06	1.30662e+06	1.31082e+06	1.29697e+06	
1.341e+06	1.32885e+06	1.33071e+06	1.31706e+06	1.32515e+06	
1.34026e+06	1.33982e+06	1.33826e+06	1.32344e+06	1.33738e+06	
1.34144e+06	1.33938e+06	1.33597e+06	1.33174e+06	1.33538e+06	
1.35012e+06	1.33818e+06	1.33929e+06	1.34026e+06	1.33462e+06	
1.3525e+06	1.34426e+06	1.34315e+06	1.34753e+06	1.34056e+06	
1.343e+06	1.35012e+06	1.33671e+06	1.34485e+06	1.34947e+06	
1.37406e+06	1.36288e+06	1.34894e+06	1.35382e+06	1.35085e+06	
1.37006e+06	1.36679e+06	1.36465e+06	1.35812e+06	1.35221e+06	
1.347e+06	1.35953e+06	1.3425e+06	1.34797e+06	1.34441e+06	
1.34909e+06	1.3525e+06	1.35568e+06	1.33709e+06	1.35332e+06	
1.34806e+06	1.34729e+06	1.35347e+06	1.32476e+06	1.33626e+06	
1.34576e+06	1.33309e+06	1.34421e+06	1.35226e+06	1.34515e+06	
1.33441e+06	1.32788e+06	1.33085e+06	1.32968e+06	1.33694e+06	
1.33938e+06	1.33462e+06	1.33812e+06	1.33432e+06	1.33494e+06	
1.34026e+06	1.34715e+06	1.34397e+06	1.33797e+06	1.33582e+06	
1.33782e+06	1.33597e+06	1.343e+06	1.34041e+06	1.32491e+06	
1.31159e+06	1.33759e+06	1.32506e+06	1.32876e+06	1.32953e+06	
1.32476e+06	1.33203e+06	1.3255e+06	1.31144e+06	1.30453e+06	
1.32529e+06	1.31476e+06	1.32203e+06	1.30897e+06	1.2995e+06	
1.30335e+06	1.30788e+06	1.31559e+06	1.31321e+06	1.30291e+06	
1.30691e+06	1.30044e+06	1.30312e+06	1.29912e+06	1.29365e+06	
1.30091e+06	1.29579e+06	1.30647e+06	1.29794e+06	1.28853e+06	
1.30512e+06	1.29438e+06	1.30106e+06	1.30185e+06	1.30165e+06	
1.29912e+06	1.30126e+06	1.30609e+06	1.29615e+06	1.30476e+06	
1.30653e+06	1.30497e+06	1.31594e+06	1.29565e+06	1.2995e+06	
1.29688e+06	1.29859e+06	1.28897e+06	1.28562e+06	1.30024e+06	
1.30624e+06	1.29697e+06	1.28556e+06	1.29453e+06	1.28191e+06	
1.30506e+06	1.29053e+06	1.29297e+06	1.29274e+06	1.27429e+06	
1.29288e+06	1.28132e+06	1.27844e+06	1.25924e+06	1.27762e+06	
1.272e+06	1.27059e+06	1.26894e+06	1.26041e+06	1.26353e+06	
1.28526e+06	1.27865e+06	1.27371e+06	1.26035e+06	1.27353e+06	
1.25982e+06	1.26256e+06	1.26797e+06	1.27015e+06	1.25894e+06	
1.27791e+06	1.26976e+06	1.27762e+06	1.27162e+06	1.28e+06	
1.2665e+06	1.25391e+06	1.25124e+06	1.25085e+06	1.25679e+06	
1.29059e+06	1.26465e+06	1.28371e+06	1.27147e+06	1.25656e+06	
1.25582e+06	1.26812e+06	1.25612e+06	1.26162e+06	1.25679e+06	
1.2725e+06	1.26094e+06	1.25479e+06	1.24885e+06	1.26006e+06	
1.24938e+06	1.24559e+06	1.24894e+06	1.25806e+06	1.24909e+06	
1.2505e+06	1.25041e+06	1.23676e+06	1.23803e+06	1.25747e+06	
1.26459e+06	1.259e+06	1.25359e+06	1.24494e+06	1.23603e+06	
1.24188e+06	1.25115e+06	1.24529e+06	1.24626e+06	1.24262e+06	
1.24647e+06	1.24056e+06	1.24124e+06	1.23662e+06	1.24885e+06	
1.249e+06	1.25324e+06	1.26538e+06	1.247e+06	1.23535e+06	
1.24471e+06	1.25041e+06	1.25976e+06	1.24915e+06	1.23797e+06	
1.25279e+06	1.24759e+06	1.24509e+06	1.23179e+06	1.24203e+06	
1.24144e+06	1.24338e+06	1.24479e+06	1.25279e+06	1.22803e+06	
1.24359e+06	1.22906e+06	1.24124e+06	1.22871e+06	1.23321e+06	
1.21847e+06	1.2195e+06	1.21238e+06	1.22053e+06	1.21029e+06	
1.2175e+06	1.22091e+06	1.22112e+06	1.21497e+06	1.21306e+06	
1.22432e+06	1.21726e+06	1.22891e+06	1.2235e+06	1.21632e+06	
1.22297e+06	1.22838e+06	1.21794e+06	1.22491e+06	1.21565e+06	
1.21409e+06	1.21306e+06	1.21868e+06	1.20415e+06	1.20385e+06	
1.21268e+06	1.21926e+06	1.22018e+06	1.21579e+06	1.21824e+06	
1.21618e+06	1.21935e+06	1.22097e+06	1.20688e+06	1.20891e+06	
1.22253e+06	1.21906e+06	1.20541e+06	1.19474e+06	1.20815e+06	
1.21771e+06	1.20815e+06	1.19947e+06	1.20624e+06	1.20844e+06	
1.21756e+06	1.20179e+06	1.20653e+06	1.20074e+06	1.19318e+06	
1.18562e+06	1.18474e+06	1.19332e+06	1.18615e+06	1.18435e+06	
1.1845e+06	1.19118e+06	1.19229e+06	1.18376e+06	1.18338e+06	
1.16918e+06	1.17976e+06	1.17815e+06	1.17768e+06	1.17279e+06	
1.16738e+06	1.17235e+06	1.1645e+06	1.16012e+06	1.16597e+06	
1.17012e+06	1.16932e+06	1.14574e+06	1.15797e+06	1.15256e+06	
1.15753e+06	1.14818e+06	1.16406e+06	1.15959e+06	1.15026e+06	
1.16221e+06	1.15041e+06	1.14218e+06	1.15574e+06	1.149e+06	
1.12838e+06	1.15329e+06	1.14462e+06	1.12974e+06	1.13321e+06	
1.12809e+06	1.11297e+06	1.12832e+06	1.11691e+06	1.124e+06	
1.12106e+06	1.11882e+06	1.12082e+06	1.11156e+06	1.11609e+06	
1.11535e+06	1.11274e+06	1.10732e+06	1.11891e+06	1.11482e+06	
1.11126e+06	1.13091e+06	1.11594e+06	1.12262e+06	1.11282e+06	
1.12712e+06	1.10874e+06	1.11009e+06	1.11015e+06	1.10391e+06	
1.10088e+06	1.10771e+06	1.10312e+06	1.10347e+06	1.10082e+06	
1.10244e+06	1.08859e+06	1.10497e+06	1.08212e+06	1.08644e+06	
1.10712e+06	1.09118e+06	1.08947e+06	1.10132e+06	1.09206e+06	
1.08597e+06	1.08421e+06	1.07376e+06	1.08479e+06	1.08109e+06	
1.08753e+06	1.09124e+06	1.0845e+06	1.079e+06	1.08124e+06	
1.08465e+06	1.08362e+06	1.07315e+06	1.08118e+06	1.07479e+06	
1.06909e+06	1.06218e+06	1.06753e+06	1.08235e+06	1.06494e+06	
1.08494e+06	1.07412e+06	1.07435e+06	1.08026e+06	1.06626e+06	
1.06441e+06	1.0705e+06	1.06797e+06	1.06144e+06	1.06447e+06	
1.06909e+06	1.07391e+06	1.06026e+06	1.06182e+06	1.06174e+06	
1.07279e+06	1.06232e+06	1.06841e+06	1.06456e+06	1.06612e+06	
1.07197e+06	1.05906e+06	1.05447e+06	1.05656e+06	1.06218e+06	
1.06197e+06	1.06812e+06	1.05671e+06	1.06529e+06	1.06447e+06	
1.05485e+06	1.06618e+06	1.07694e+06	1.06003e+06	1.05706e+06	
1.05344e+06	1.04862e+06	1.05218e+06	1.05768e+06	1.04609e+06	
1.04268e+06	1.03394e+06	1.04915e+06	1.03876e+06	1.03076e+06	
1.03179e+06	1.0295e+06	1.03282e+06	1.018e+06	1.02379e+06	
1.03015e+06	1.0235e+06	1.01185e+06	1.01021e+06	1.00444e+06	
1.02365e+06	1.0255e+06	1.0105e+06	1.02565e+06	1.02921e+06	
1.01794e+06	1.01503e+06	1.01609e+06	1.01779e+06	1.01526e+06	
1.02215e+06	1.02341e+06	1.03506e+06	1.02321e+06	1.01459e+06	
1.03497e+06	1.01762e+06	1.03238e+06	1.02794e+06	1.02712e+06	
1.01532e+06	1.02e+06	1.02379e+06	1.02179e+06	1.02215e+06	
1.04306e+06	1.03609e+06	1.028e+06	1.02371e+06	1.03038e+06	
1.01215e+06	1.00138e+06	1.00679e+06	1.02303e+06	1.00785e+06	
1.01682e+06	1.02215e+06	1.01644e+06	1.01171e+06	1.00679e+06	
995912	993912	1.0025e+06	990500	990794	
998882	1.00029e+06	1.00371e+06	998059	997088	
987676	989382	987088	985235	980706	
980500	989088	976029	972618	970912	
980206	974559	965588	970324	968618	
966912	961147	964118	955147	951588	
972265	960765	956235	966324	958176	
975382	965000	956706	962029	960176	
951794	959941	948529	944029	951147	
959059	968706	974706	961059	945412	
958176	940618	946382	949500	937941	
938147	924000	930588	931794	933794	
942971	930088	938235	932882	935118	
935941	943559	936088	933118	923176	
937794	932676	923118	918971	914794	
930088	928147	936235	923853	916735	
912941	906794	919853	910500	890794	
897471	898559	897765	895971	899029	
917471	918647	914147	918441	910059	
917559	916441	918500	913618	919706	
917706	917765	921029	899765	909088	
919176	908588	918500	910294	904588	
918000	916588	920059	921853	923765	
915706	917324	907471	915706	907235	
920735	903324	903176	901618	897235	
895147	899235	903382	896853	898412	
893971	886029	892059	893529	876176	
876765	890794	881676	885235	876118	
885000	886118	882618	878029	877059	
877147	857882	860765	869647	852912	
871147	869647	873647	854382	868912	
854088	847206	847500	848088	843265	
848000	847941	848382	847059	845647	
837324	831912	833618	834735	822353	
840529	839029	834382	840000	831471	
839118	839706	833412	835941	838147	
825118	816794	821559	813529	807971	
821765	820588	815324	823559	815971	
811088	808265	809235	798118	800500	
805324	809765	803676	798941	794118	
798941	794029	792706	789382	788559	
786765	794176	786765	782912	790618	
774382	772029	774029	763559	762618	
769794	754000	761941	756235	761265	
743471	744382	754235	740147	731559	
734500	714412	713000	713294	713618	
700118	707382	701441	714206	699382	
702706	698706	698176	695824	693059	
675794	673500	683441	669118	671794	
661853	662588	662529	659794	663500	
648676	649706	647559	639706	643118	
643471	637471	643853	640000	646206	
636588	625382	623529	632735	612324	
614118	617235	615971	617912	612853	
606412	606765	606118	595000	602618	
605147	602118	601588	590529	595941	
614118	610941	602265	602265	607588	
601588	609824	598176	605588	598559	
596765	600706	606118	597000	590176	
593353	587118	588765	587500	581794	
583059	593588	587794	586029	583500	
601206	613676	610559	603441	607882	
612265	614500	602265	602706	595206	
597441	597000	604471	598706	602559	
603000	599441	599500	600324	599000	
600324	603353	596912	589353	592382	
615824	619971	622706	615147	626412	
636735	639324	640500	641471	628500	
659118	656971	651412	652059	648824	
655412	655265	658824	657471	651912	
647559	644294	647765	639235	641618	
641029	643412	646147	636735	643706	
621382	622265	620206	612324	613882	
589735	582471	588971	588618	579706	
545029	546588	541235	538206	541824	
519588	516618	504471	508618	510853	
522412	522853	520559	520412	525676	
544353	549853	549382	545471	539971	
568088	569941	566529	569941	569941	
585647	590088	583118	583559	584176	
611882	606559	604324	600765	594912	
616118	621676	614176	621971	611676	
619824	617824	609882	615824	614853	
612265	608029	611088	611588	611000	
606706	617529	615088	608471	612500	
615971	606176	608765	602118	609088	
627676	619676	620353	616853	621765	
628794	618059	618794	621765	617147	
605441	612118	614500	606765	600559	
588912	588088	591294	583559	584529	
573059	582529	573794	573853	574088	
574441	576382	571706	564588	570441	
571794	569353	569706	569118	571559	
578471	569176	564588	576000	562824	
560441	556147	560882	558206	554206	
547618	553412	550059	560735	555118	
561618	570000	564441	559118	559912	
564882	567853	566382	573353	565853	
558000	557706	562235	563029	557471	
576765	567176	563765	564971	560882	
572088	568882	561324	568588	563412	
570235	567412	570441	566294	570824	
564147	566382	560441	555471	558206	
555912	553412	561618	559618	562529	
556441	564088	555853	550059	548647	
563265	551471	549176	556353	555118	
556882	556206	553559	554882	551088	
562441	551265	551559	551412	549853	
545853	548735	541176	552735	548147	
550147	546206	546882	545618	547088	
552500	556824	550794	549765	557324	
562529	556971	561853	553176	557265	
560676	561912	556000	559618	550206	
566441	563765	562088	570971	557559	
564735	572441	567412	562088	560735	
566529	567794	566882	557765	563618	
567706	560882	563471	558147	564588	
551912	563853	557029	556441	560206	
563412	551853	556971	562147	565324	
564235	558735	571206	559176	568294	
563941	562588	564824	564588	560382	
566882	562588	557176	559265	552441	
566235	565265	565412	570147	560882	
560147	551706	560441	558588	555912	
562882	565471	560000	554735	546441	
562882	554794	561265	557471	557412	
557853	553618	559118	558059	558206	
555324	559265	562147	551471	555765	
555118	556353	566088	560971	557559	
569500	561765	559029	559029	555324	
554971	556441	551765	552588	554882	
557324	554206	552794	551706	544794	
555471	543824	550441	546588	541765	
544735	550647	553324	544794	542647	
545382	552059	549618	551412	546588	
550588	548059	549706	542118	543824	
547176	550941	556441	544059	540735	
547235	543529	549765	554647	542500	
549176	543824	544147	541765	534794	
547706	546441	544353	545235	539235	
534118	540882	538559	529000	533912	
527088	525147	523882	522853	528500	
527588	539971	528265	528206	527294	
534941	531235	533618	528706	529088	
533324	522706	521971	521824	530412	
527235	527235	526059	527824	529529	
531765	534500	532647	527235	527824	
534059	532412	534853	526353	520853	
529441	530265	529382	531088	534206	
535912	530412	523235	526853	519882	
527088	530353	520706	523676	525235	
516559	519588	523676	522941	515235	
522941	520176	518559	517294	518265	
522853	517000	519676	518471	517382	
512412	519882	519441	511147	504706	
518118	521971	515059	512412	512559	
510618	512118	506765	509971	508765	
508029	503353	514853	504029	497206	
501294	509971	503294	510118	505353	
502324	492824	496765	499000	494029	
481853	483500	469412	480529	472147	
469853	477706	473118	478235	478824	
474147	463118	471912	475706	462500	
480441	469618	481265	479029	473853	
486147	475647	478441	476294	470000	
483206	481353	475941	474088	467324	
476441	478294	473618	473324	468588	
476382	474088	472441	474000	479265	
467176	471412	474735	475853	470441	
472735	476088	477500	470588	470147	
481941	480235	470735	470529	474000	
472882	471029	467324	470588	474000	
463559	467853	464353	466059	454882	
453765	450647	451176	448412	450941	
431735	423529	419735	420912	423824	
413647	413294	413441	411353	410765	
411794	418029	412765	413500	408676	
416912	420412	415735	422618	423000	
430412	427676	425588	424176	415647	
433088	432941	433000	438794	440941	
435294	440118	432176	434853	433235	
439971	441147	439294	429588	437971	
450265	455382	445824	443471	440706	
453029	445088	445971	443088	443382	
451235	444794	445088	448118	450441	
450265	445235	451529	446206	444059	
448588	450353	450059	446647	444794	
445765	442500	449029	443088	440647	
445765	445971	441382	443912	441088	
444412	446559	442706	440353	450588	
446206	446059	445029	435824	445765	
447529	436265	443529	442559	442118	
437382	439000	433235	435441	439147	
432500	436941	427529	435882	432559	
430794	437235	432794	431735	430941	
431676	432176	430176	430941	428029	
430853	434118	429441	428853	435294	
427147	427824	431882	422618	425676	
428559	429588	425000	420471	424706	
425147	425294	423529	419588	422265	
429735	424706	424265	419588	426471	
425676	423735	420618	428618	422118	
422176	418471	418176	419294	419353	
417353	430647	422853	422412	421059	
418324	417500	422559	417059	412324	
422853	423588	423824	419588	417647	
410912	412471	412853	417882	418029	
410618	408765	415000	404029	414853	
412382	418118	405647	411500	411735	
410765	399265	409941	403500	402618	
403882	404824	406676	404765	400235	
401412	399412	395853	398971	400676	
387029	387500	392676	390588	389500	
378294	380882	375559	374000	377559	
359676	365088	358735	365088	367471	
359235	351676	364353	353765	355029	
370441	358794	359529	364206	358353	
371559	371176	373029	375706	368353	
374588	374588	373412	366647	367706	
373765	371706	369088	376147	369471	
372206	377618	376059	372882	367088	
381324	377618	377706	373765	367912	
376588	366000	381765	372000	367706	
370647	376294	373912	371029	370353	
375029	371176	372353	374147	369029	
377471	374441	375706	369235	375559	
369618	370588	377559	372971	368500	
369765	373912	368500	367324	370059	
367559	377618	374353	376882	378676	
372353	373412	371029	370588	364794	
362647	360941	369912	364441	367618	
370147	363324	362353	365088	364353	
362647	357324	368500	364500	353176	
371176	366441	365853	360118	360294	
356647	361029	365912	357971	361618	
364735	360588	363176	359529	359471	
354941	358647	351382	363824	356647	
354647	360294	361529	352706	354353	
353235	355324	355176	350412	344559	
348647	355618	349000	350353	347441	
352559	347971	350559	344941	345912	
353471	341382	352118	348706	349676	
340559	345000	345294	348206	343529	
346794	343676	342559	338265	338029	
341676	335088	339088	339735	338265	
338794	339588	344412	344265	337971	
333000	333441	333529	338794	330176	
341824	333059	340176	332118	332176	
339294	339529	334324	333971	338324	
338618	334765	334412	330265	336618	
331000	332559	333676	328118	329206	
331676	335147	329676	332618	328912	
325206	331971	326912	329735	326471	
328853	320235	329500	325441	337441	
325000	331676	323588	327441	325441	
321147	326265	324853	321500	325294	
324176	317588	316912	321647	321882	
319000	320176	322559	319647	316235	
324706	325441	320529	320029	316971	
316676	322088	316529	316676	318853	
314765	311794	311265	312971	314765	
308971	309559	311265	311118	307412	
305353	312618	308912	301853	309941	
300824	308000	308235	304235	307353	
308235	306912	306676	306324	299941	
306676	304000	306529	306971	305206	
311500	307353	305353	303353	307559	
305059	306912	308324	305853	304971	
302235	299853	304912	301412	301353	
304618	295500	303941	298000	297176	
298882	299353	297647	294294	303353	
305941	296000	300588	297265	298294	
300441	300382	303265	299265	295265	
295941	298735	296676	293324	294000	
291471	298382	295794	292088	291029	
294882	296000	297941	293471	288676	
293324	292382	297176	297500	290294	
292382	298294	286353	289853	288735	
283324	284000	288588	289559	286529	
286735	287471	290676	280059	283706	
278353	279324	282971	286676	277176	
283029	276794	281853	280500	278441	
280353	275912	276882	281471	273029	
280735	279412	278441	276882	276059	
274588	278353	275324	275088	274794	
276294	275912	272059	276735	272735	
270206	273324	268441	268500	271176	
272588	272735	266794	268206	270941	
273912	271765	268794	269471	270735	
268500	268588	264559	263971	268265	
273029	270353	267824	270441	264706	
270735	267971	267765	271529	270059	
266265	265471	262059	267676	265176	
261000	265324	263382	266206	264647	
272441	265176	260941	260500	270206	
263235	260853	264353	262706	259824	
263618	261471	263765	255382	253588	
257382	260794	262353	259529	254853	
254559	254794	256500	254941	264559	
254941	256059	257824	253882	256647	
252853	255676	252706	255441	248794	
251882	249147	250176	254706	246412	
249088	246941	242618	249235	243059	
249000	243882	245235	243529	249824	
246471	241294	245000	243147	246324	
242176	243294	245676	241294	239882	
244118	239441	243971	241353	237206	
237647	235353	232912	235059	235941	
232235	234618	235294	229647	232235	
229941	231206	225500	231147	224676	
228235	222029	230029	228088	226235	
223588	222912	222029	224471	217206	
223353	219059	214471	218029	216971	
218235	217794	212088	219059	215559	
215059	215647	208235	212088	217118	
207029	204824	206588	208147	203559	
205794	206441	204235	205029	208824	
198059	201706	206529	204588	203324	
205324	204235	201324	203471	201324	
207265	201618	200735	201324	204294	
199412	200235	198441	197765	200088	
193029	194059	192059	192353	192147	
186500	190971	186588	187088	187765	
186735	186735	184735	185618	186941	
189471	185176	188000	191265	188147	
193853	188882	188735	190971	189265	
192147	186588	188353	186441	185618	
187088	186059	184735	186059	182059	
184206	184353	182647	185765	179765	
187412	183765	182059	188882	184941	
185382	183235	182588	181029	184000	
186794	182794	184000	184794	185618	
186941	183176	182206	188353	188294	
183382	186000	183382	180941	185618	
183853	185559	187412	185324	185853	
185618	185176	190147	183618	181382	
191118	189265	188059	192000	191265	
195324	195618	200824	196441	199706	
198000	200441	198147	199118	199118	
200882	201853	201941	199118	204676	
204000	203941	204294	202088	198441	
205706	203559	206382	202000	201176	
205265	208088	202824	201559	208971	
206441	205941	204588	209412	204824	
200971	204529	202088	203941	204441	
202088	205853	202971	205412	205029	
207500	206588	205794	203706	203471	
200735	199765	206382	199176	203647	
195706	194882	198824	196588	195471	
193265	196206	192647	194294	191324	
188941	192735	189265	189265	185559	
184647	184500	192588	183529	186500	
184294	183618	182353	183471	187176	
185471	183676	182735	181176	187559	
179471	182882	178265	178941	177618	
177324	181324	184000	182941	181235	
173382	180147	176206	176882	177618	
174412	174794	176735	177235	172265	
173382	178441	171382	179971	176353	
174941	174882	172118	169088	178353	
175824	174706	173676	174353	171529	
170412	172353	174206	174559	168853	
176412	171324	174500	173676	174353	
178118	174706	177471	177029	176059	
174647	178118	178441	181029	173824	
175971	175971	180206	178206	174706	
173971	177176	176500	176206	172794	
175824	175324	177088	182294	173618	
172059	175088	177235	174500	174412	
168706	175471	169971	172500	173618	
168500	167441	169235	166353	166059	
162118	163294	167235	163824	163294	
165588	164853	164412	164647	168353	
166941	164794	166265	165971	166500	
172706	167294	169912	167000	167147	
167824	172647	165971	170647	165588	
167294	162559	163382	167000	166265	
162853	161588	162265	160706	162412	
162647	162706	163294	160176	157824	
163294	158794	159382	157882	157676	
162500	157294	161971	160647	161088	
162206	164118	163971	165765	163441	
162353	161294	161882	163088	161971	
161235	163441	162265	163382	161735	
156794	157382	157676	155735	160794	
161000	157382	160265	157382	161147	
158029	158412	157882	156706	156853	
160176	160559	160853	158647	154941	
157382	161588	161588	163235	161824	
162706	162559	159294	162647	163088	
163088	163294	163882	165824	162412	
161588	162029	162118	163147	160559	
164412	160794	162265	163676	164059	
164353	161147	161588	167147	169088	
169676	168118	166059	164059	168853	
166500	168353	166853	166647	169088	
169765	163735	167441	166059	165676	
165529	165912	165588	164559	165912	
163824	165824	162794	165824	161735	
168118	165000	165000	164706	165971	
164647	164353	163294	162206	161588	
162559	167824	163735	162500	163588	
166794	168500	164500	163382	164941	
165824	161735	166353	163529	163294	
160853	162265	163147	160794	161971	
159235	160412	159735	157441	158029	
156853	157588	159235	157294	158559	
155147	158029	158412	156559	157441	
156265	155294	153588	158118	153382	
154559	157882	154941	151382	156559	
155088	152412	155735	154941	157000	
151529	152029	152412	152912	152029	
153147	153735	155529	152265	152853	
151824	151882	153294	152118	151971	
151676	149971	151441	151588	152265	
153735	151059	150618	152471	150412	
151971	151588	151206	150559	147588	
150853	154853	151000	151735	153235	
150618	150618	142029	148559	148912	
147588	147735	144765	146324	147294	
144912	145971	145294	143647	141735	
145971	143794	143941	140618	144912	
139000	139647	139794	138088	135882	
135500	139500	137147	137735	135059	
136176	138176	135059	134676	134382	
136912	133441	136676	134676	132235	
131353	127941	126529	127941	128176	
128176	130029	125941	128324	125853	
124971	122088	124147	123853	125059	
119794	122294	125353	122912	125559	
122676	119794	118000	119059	117265	
120235	115265	117206	118824	115353	
114882	112294	114382	114824	116294	
111118	109941	113176	112441	113029	
109706	108735	108441	107265	107706	
107853	108382	107471	108882	107853	
105324	103118	104353	103559	106588	
105471	105176	103265	104353	103176	
99117.6	102206	101029	96058.8	100647	
97411.8	99117.6	101176	97323.5	98588.2	
95558.8	97323.5	96000	96794.1	96294.1	
97411.8	93911.8	93529.4	95911.8	96000	
100147	104000	100353	99470.6	100500	
93529.4	90647.1	91088.2	93235.3	91676.5	
93617.6	92058.8	90441.2	91764.7	95558.8	
90441.2	90735.3	90500	94500	93176.5	
92735.3	91529.4	90941.2	94500	90794.1	
91823.5	93617.6	90500	93764.7	93852.9	
90941.2	91823.5	92352.9	90058.8	90441.2	
93029.4	92000	93235.3	93176.5	92205.9	
92352.9	93705.9	91029.4	90794.1	91911.8	
92147.1	90058.8	90941.2	91235.3	91323.5	
90500	91676.5	90147.1	93852.9	93911.8	
92735.3	89764.7	91382.4	91823.5	89235.3	
91088.2	90294.1	89176.5	91029.4	90147.1	
90352.9	91029.4	90735.3	88941.2	89823.5	
92000	89470.6	91088.2	90941.2	90588.2	
89382.4	92647.1	91470.6	90941.2	92000	
90205.9	90058.8	93088.2	93911.8	92794.1	
97235.3	94500	95235.3	95470.6	95911.8	
95852.9	97088.2	95911.8	97411.8	96205.9	
95176.5	96735.3	101559	101029	98058.8	
100588	99117.6	99117.6	99411.8	99323.5	
98735.3	100147	100971	100882	99176.5	
99764.7	98205.9	98735.3	99911.8	98500	
98735.3	100000	98794.1	104882	98500	
97411.8	99176.5	98205.9	100735	100000	
100206	99029.4	101118	99176.5	96500	
98588.2	98647.1	99411.8	99176.5	99852.9	
102206	99470.6	98000	97852.9	97852.9	
96058.8	98441.2	100500	97764.7	96205.9	
96588.2	96441.2	97411.8	99117.6	97088.2	
96205.9	96647.1	99176.5	96000	98205.9	
93029.4	96588.2	95029.4	98058.8	94500	
94352.9	96000	96735.3	96647.1	92500	
95029.4	96058.8	98882.4	95852.9	93029.4	
93764.7	95323.5	96000	94000	93911.8	
93470.6	94735.3	94500	91676.5	93705.9	
92882.4	89470.6	92441.2	89764.7	93470.6	
91911.8	91823.5	92647.1	92205.9	90588.2	
91676.5	91323.5	93029.4	92500	93323.5	
92941.2	93029.4	92147.1	93088.2	91235.3	
91617.6	90941.2	91823.5	90294.1	91029.4	
92352.9	91382.4	89323.5	90941.2	91323.5	
90588.2	90205.9	90352.9	89382.4	90794.1	
90588.2	92647.1	88294.1	89823.5	92147.1	
91382.4	88294.1	91088.2	88941.2	91676.5	
91176.5	89470.6	90058.8	91382.4	89088.2	
90794.1	89970.6	91029.4	91676.5	91029.4	
90794.1	92058.8	90941.2	90500	89235.3	
92000	92588.2	92441.2	89088.2	91382.4	
89970.6	88294.1	91029.4	91323.5	89970.6	
92441.2	90352.9	90058.8	89382.4	91529.4	
91470.6	88441.2	89823.5	90735.3	91764.7	
93529.4	92000	91823.5	88647.1	91764.7	
92794.1	92205.9	91382.4	94500	92058.8	
90794.1	88441.2	89235.3	90882.4	91676.5	
91235.3	90352.9	89176.5	90205.9	90500	
88441.2	89676.5	89970.6	88941.2	91235.3	
91235.3	90294.1	88735.3	89676.5	91235.3	
91029.4	89235.3	89382.4	92000	89323.5	
90294.1	91176.5	90588.2	91235.3	87911.8	
90941.2	90500	91235.3	91764.7	88941.2	
94588.2	93617.6	90352.9	91323.5	94058.8	
91529.4	89470.6	92058.8	91382.4	91382.4	
88352.9	89970.6	89911.8	89823.5	91617.6	
88882.4	88117.6	88294.1	87235.3	88441.2	
86941.2	87029.4	86500	87823.5	89235.3	
88647.1	86058.8	88588.2	87470.6	89676.5	
87970.6	88117.6	87970.6	89529.4	87764.7	
89529.4	90058.8	89235.3	90588.2	92500	
91529.4	89970.6	86941.2	89970.6	87617.6	
89823.5	89323.5	89470.6	89529.4	88058.8	
88941.2	89382.4	88588.2	89088.2	88441.2	
87529.4	88794.1	88294.1	91029.4	86264.7	
88647.1	88588.2	89529.4	86058.8	88647.1	
85029.4	91676.5	88058.8	88588.2	88588.2	
89529.4	88647.1	89323.5	89382.4	90294.1	
88941.2	88588.2	89470.6	89029.4	86882.4	
89382.4	87529.4	86205.9	87911.8	88647.1	
88794.1	88735.3	88941.2	87470.6	88794.1	
88117.6	86588.2	87029.4	86205.9	87529.4	
86264.7	86882.4	85235.3	87676.5	86500	
86882.4	88882.4	88588.2	87176.5	87911.8	
89176.5	87470.6	90205.9	87382.4	86588.2	
90058.8	91029.4	88500	90294.1	88882.4	
89382.4	90882.4	89176.5	91088.2	88058.8	
89235.3	87176.5	86941.2	89029.4	89470.6	
88352.9	91088.2	89176.5	87029.4	87676.5	
86058.8	87323.5	88205.9	87676.5	89382.4	
89176.5	87176.5	87529.4	86205.9	87823.5	
87676.5	91529.4	87676.5	87029.4	87323.5	
85529.4	87911.8	86264.7	88058.8	87382.4	
86882.4	85676.5	86941.2	86352.9	85617.6	
86882.4	85029.4	84735.3	87382.4	88588.2	
87970.6	89676.5	86588.2	86500	88500	
88735.3	87970.6	86352.9	86647.1	87823.5	
87382.4	87823.5	86882.4	86735.3	87970.6	
88352.9	87764.7	84794.1	88794.1	86058.8	
87617.6	87529.4	85764.7	86941.2	86352.9	
87970.6	87382.4	86264.7	87382.4	87088.2	
89382.4	85617.6	88647.1	87911.8	89823.5	
86647.1	86411.8	87323.5	86941.2	87382.4	
87911.8	87764.7	88205.9	87529.4	86411.8	
86647.1	86735.3	89676.5	87911.8	89529.4	
86941.2	90500	86588.2	87382.4	87970.6	
87235.3	87676.5	86882.4	87382.4	87617.6	
89235.3	86500	88882.4	86411.8	87676.5	
87235.3	87323.5	87970.6	84941.2	87529.4	
86264.7	87382.4	89176.5	89029.4	85088.2	
88352.9	86735.3	88794.1	85617.6	87970.6	
88058.8	87970.6	90294.1	85470.6	85764.7	
87764.7	85617.6	87088.2	88117.6	85176.5	
85088.2	87529.4	86794.1	85617.6	86735.3	
84500	85911.8	85764.7	86882.4	84647.1	
87764.7	87382.4	87088.2	89617.6	84558.8	
87176.5	86794.1	86794.1	87029.4	87029.4	
85823.5	85911.8	84735.3	85676.5	86411.8	
85529.4	87176.5	84411.8	86205.9	87235.3	
84500	86941.2	88647.1	87911.8	84735.3	
85970.6	87823.5	85911.8	86117.6	87470.6	
86588.2	90205.9	86500	86500	85029.4	
88294.1	85764.7	85617.6	87029.4	89176.5	
89323.5	86882.4	88294.1	86500	88794.1	
85088.2	85088.2	88352.9	90352.9	86058.8	
86411.8	88058.8	86941.2	88735.3	87911.8	
88058.8	85823.5	87823.5	87382.4	86500	
86794.1	86882.4	86647.1	87823.5	87088.2	
87176.5	88058.8	85764.7	85764.7	86794.1	
89088.2	86411.8	87323.5	86794.1	85970.6	
86794.1	88941.2	88058.8	86117.6	89029.4	
89970.6	86794.1	87470.6	87529.4	90205.9	
89176.5	87911.8	88500	88794.1	88882.4	
86735.3	88794.1	86411.8	88647.1	86205.9	
88588.2	89470.6	85617.6	88294.1	86735.3	
87970.6	88058.8	88500	87382.4	89088.2	
87676.5	88294.1	86588.2	85823.5	86588.2	
87676.5	89176.5	87382.4	86794.1	85323.5	
88294.1	86941.2	87676.5	87911.8	86794.1	
86941.2	87088.2	88117.6	86205.9	85911.8	
86647.1	86588.2	86205.9	85470.6	85617.6	
86500	83970.6	85088.2	86794.1	84941.2	
86647.1	89617.6	86205.9	86941.2	86941.2	
86058.8	86117.6	83823.5	86500	83970.6	
83617.6	84735.3	84794.1	85911.8	84735.3	
84647.1	84352.9	85323.5	85823.5	86647.1	
82647.1	83470.6	84500	84117.6	85176.5	
83470.6	83176.5	82794.1	85382.4	84352.9	
85823.5	82205.9	84882.4	83529.4	85529.4	
83911.8	83529.4	83470.6	83382.4	86647.1	
84264.7	84411.8	85029.4	85911.8	85823.5	
85176.5	82941.2	84205.9	84735.3	84500	
84411.8	83529.4	82558.8	84500	84882.4	
83382.4	82705.9	84352.9	84117.6	83970.6	
83764.7	84735.3	83529.4	85235.3	82411.8	
84058.8	83088.2	80705.9	81911.8	81323.5	
84647.1	84411.8	83617.6	82794.1	83029.4	
83529.4	84882.4	83529.4	82264.7	83764.7	
84352.9	82882.4	83088.2	83088.2	82705.9	
84735.3	82941.2	82058.8	85029.4	80794.1	
85617.6	82882.4	83176.5	83764.7	81970.6	
82794.1	83529.4	84941.2	84058.8	83323.5	
84264.7	80647.1	82647.1	81000	82647.1	
82941.2	85029.4	83029.4	83764.7	84647.1	
82352.9	80705.9	84558.8	81617.6	83382.4	
83823.5	83382.4	84117.6	81000	82794.1	
82117.6	83676.5	82647.1	81176.5	83176.5	
82705.9	82705.9	82941.2	84794.1	84735.3	
83088.2	83823.5	83617.6	80558.8	81764.7	
83676.5	80500	82264.7	79470.6	81382.4	
81470.6	83323.5	82500	82882.4	82411.8	
82705.9	82882.4	83970.6	81323.5	80852.9	
83323.5	81088.2	83676.5	82117.6	80852.9	
84794.1	79529.4	82264.7	82941.2	83088.2	
80941.2	86205.9	82058.8	80205.9	80264.7	
81764.7	82411.8	82558.8	82647.1	81235.3	
84500	82058.8	81235.3	81676.5	83529.4	
82558.8	81617.6	80941.2	81382.4	80264.7	
81235.3	83617.6	81323.5	80705.9	80205.9	
80205.9	81617.6	83823.5	82941.2	79823.5	
82647.1	82411.8	82647.1	82941.2	80500	
81970.6	79382.4	82117.6	82205.9	82794.1	
82352.9	80941.2	82264.7	79676.5	80264.7	
80058.8	81970.6	83029.4	82411.8	81764.7	
81323.5	81823.5	82941.2	79235.3	82264.7	
80558.8	81382.4	80411.8	78794.1	81176.5	
81323.5	80411.8	81235.3	82705.9	80500	
81617.6	83176.5	80558.8	82647.1	79529.4	
79470.6	80411.8	80352.9	83764.7	80264.7	
80058.8	80205.9	79529.4	82882.4	79235.3	
81911.8	81000	81529.4	79823.5	81000	
80205.9	83617.6	83176.5	81529.4	81176.5	
80352.9	81176.5	82205.9	78352.9	82117.6	
79911.8	79617.6	82882.4	80117.6	79970.6	
80500	80852.9	81529.4	79676.5	80794.1	
78264.7	79911.8	82705.9	80205.9	81088.2	
79970.6	80205.9	78647.1	77970.6	79382.4	
80352.9	80705.9	80647.1	81823.5	82705.9	
80264.7	82205.9	79823.5	80794.1	81323.5	
79235.3	81911.8	79470.6	81764.7	78205.9	
80647.1	79676.5	81529.4	78941.2	78352.9	
80411.8	81911.8	81529.4	78705.9	81000	
79323.5	79617.6	77676.5	78705.9	80500	
78941.2	81529.4	81676.5	79382.4	81529.4	
79000	79617.6	81382.4	79088.2	78647.1	
79764.7	79529.4	80352.9	80058.8	79000	
78852.9	81823.5	78852.9	79382.4	80058.8	
77911.8	80117.6	79470.6	80264.7	78794.1	
79911.8	78852.9	79382.4	80558.8	79000	
81176.5	79235.3	80264.7	77470.6	79147.1	
80941.2	80647.1	82558.8	81088.2	79676.5	
76352.9	78264.7	78411.8	79823.5	79147.1	
80558.8	79147.1	79764.7	79823.5	77617.6	
80411.8	79617.6	78352.9	78352.9	80558.8	
78794.1	77529.4	78794.1	78264.7	78411.8	
78264.7	78558.8	78058.8	79088.2	79235.3	
77617.6	80352.9	77147.1	79470.6	79617.6	
78794.1	76352.9	77529.4	79764.7	79235.3	
80500	75529.4	78852.9	77529.4	79088.2	
78352.9	78941.2	79088.2	75911.8	80705.9	
79470.6	80647.1	77823.5	79676.5	79470.6	
78941.2	79470.6	78411.8	77676.5	79970.6	
77911.8	79823.5	77911.8	78117.6	77823.5	
76852.9	78794.1	78411.8	78794.1	79970.6	
77382.4	79147.1	80558.8	76352.9	79323.5	
79000	77676.5	78352.9	80117.6	77235.3	
79470.6	78852.9	78647.1	77823.5	77911.8	
78647.1	77382.4	77911.8	76852.9	80852.9	
78411.8	78794.1	76264.7	77911.8	77000	
79617.6	77676.5	78647.1	78794.1	78941.2	
78941.2	78705.9	79147.1	76794.1	77294.1	
80058.8	79000	76794.1	78352.9	78205.9	
79147.1	77235.3	76558.8	77823.5	79970.6	
77294.1	78500	78705.9	78647.1	77764.7	
78500	77529.4	77676.5	79088.2	76500	
78705.9	75382.4	77088.2	78264.7	78205.9	
76647.1	79235.3	76941.2	78705.9	78352.9	
78264.7	78205.9	77235.3	78647.1	77147.1	
77764.7	77470.6	76705.9	77529.4	77529.4	
78205.9	75529.4	77529.4	76117.6	75000	
78941.2	78264.7	79000	78411.8	75676.5	
78058.8	73088.2	76852.9	79970.6	77382.4	
77676.5	77470.6	76117.6	76205.9	77235.3	
75000	75911.8	73911.8	76558.8	77294.1	
79235.3	77911.8	75529.4	76264.7	76794.1	
77235.3	74705.9	77000	78205.9	77970.6	
77235.3	76117.6	76941.2	77764.7	74852.9	
76352.9	76058.8	75382.4	78264.7	76117.6	
76647.1	77088.2	77970.6	77235.3	75529.4	
78705.9	77617.6	78205.9	76794.1	76941.2	
78794.1	76794.1	76411.8	76264.7	77823.5	
76852.9	78794.1	78794.1	76352.9	78058.8	
77617.6	78352.9	75911.8	77235.3	77617.6	
77470.6	77823.5	76941.2	76264.7	74941.2	
76264.7	75088.2	75235.3	78117.6	75088.2	
77764.7	75147.1	78941.2	73970.6	75382.4	
77970.6	76705.9	77617.6	77147.1	77382.4	
76558.8	76794.1	77529.4	75088.2	75823.5	
77529.4	75676.5	75823.5	74705.9	76117.6	
75911.8	76647.1	76558.8	75676.5	76941.2	
77676.5	76411.8	78558.8	76852.9	74852.9	
76647.1	77147.1	75823.5	75147.1	74852.9	
75147.1	76794.1	77000	78558.8	74647.1	
76411.8	75294.1	76264.7	77235.3	76264.7	
76794.1	75382.4	76941.2	75294.1	76264.7	
76647.1	74647.1	76794.1	76500	75970.6	
76117.6	74264.7	78058.8	75382.4	78205.9	
77147.1	75764.7	76117.6	75588.2	75676.5	
77147.1	75000	77676.5	74352.9	76647.1	
76794.1	75441.2	75088.2	77235.3	76500	
75823.5	75529.4	75294.1	76941.2	75911.8	
75823.5	74352.9	76352.9	74558.8	72852.9	
76352.9	77470.6	76852.9	78117.6	75147.1	
77676.5	75588.2	75911.8	76411.8	75676.5	
73970.6	74794.1	75588.2	76264.7	75147.1	
76264.7	74500	75764.7	75823.5	76058.8	
76705.9	75970.6	78794.1	77000	76117.6	
75676.5	75911.8	75764.7	75823.5	76264.7	
77235.3	75441.2	74558.8	76411.8	74705.9	
75823.5	76647.1	76647.1	75294.1	75970.6	
77088.2	76794.1	75382.4	76852.9	74205.9	
75235.3	76352.9	75676.5	77000	74794.1	
75764.7	75911.8	77764.7	76411.8	77823.5	
76411.8	75529.4	75823.5	76558.8	74264.7	
74500	75382.4	77147.1	74852.9	75764.7	
74705.9	75911.8	76941.2	75294.1	74117.6	
75088.2	75823.5	76352.9	76264.7	75911.8	
75235.3	77970.6	75294.1	75823.5	77470.6	
75235.3	77970.6	75294.1	75823.5	77470.6	
75235.3	77970.6	75294.1	75823.5	77470.6	
