515.152	515.152	515.152	515.152	515.152	
865242	865242	865242	865242	865242	
65212.1	64363.6	65212.1	64363.6	65212.1	
64818.2	63151.5	64818.2	63151.5	64818.2	
62090.9	63151.5	62090.9	63151.5	62090.9	
61787.9	62697	61787.9	62697	61787.9	
62454.5	63393.9	62454.5	63393.9	62454.5	
61484.8	61242.4	61484.8	61242.4	61484.8	
61545.5	61333.3	61545.5	61333.3	61545.5	
65666.7	61636.4	65666.7	61636.4	65666.7	
61242.4	64000	61242.4	64000	61242.4	
62697	63606.1	62697	63606.1	62697	
62909.1	64363.6	62909.1	64363.6	62909.1	
65303	63757.6	65303	63757.6	65303	
65969.7	62545.5	65969.7	62545.5	65969.7	
65454.5	64060.6	65454.5	64060.6	65454.5	
66909.1	64151.5	66909.1	64151.5	66909.1	
64757.6	66818.2	64757.6	66818.2	64757.6	
70484.8	68030.3	70484.8	68030.3	70484.8	
67363.6	67575.8	67363.6	67575.8	67363.6	
68424.2	67727.3	68424.2	67727.3	68424.2	
70242.4	69787.9	70242.4	69787.9	70242.4	
69030.3	71242.4	69030.3	71242.4	69030.3	
71242.4	71848.5	71242.4	71848.5	71242.4	
69575.8	69939.4	69575.8	69939.4	69575.8	
70242.4	71393.9	70242.4	71393.9	70242.4	
72545.5	70939.4	72545.5	70939.4	72545.5	
71181.8	72848.5	71181.8	72848.5	71181.8	
74545.5	72848.5	74545.5	72848.5	74545.5	
72939.4	72848.5	72939.4	72848.5	72939.4	
74242.4	73697	74242.4	73697	74242.4	
73393.9	74697	73393.9	74697	73393.9	
74545.5	73545.5	74545.5	73545.5	74545.5	
73909.1	74303	73909.1	74303	73909.1	
74757.6	75969.7	74757.6	75969.7	74757.6	
75303	75000	75303	75000	75303	
77424.2	74606.1	77424.2	74606.1	77424.2	
75000	74757.6	75000	74757.6	75000	
74545.5	77575.8	74545.5	77575.8	74545.5	
76303	75969.7	76303	75969.7	76303	
75818.2	77818.2	75818.2	77818.2	75818.2	
75515.2	74060.6	75515.2	74060.6	75515.2	
74454.5	74151.5	74454.5	74151.5	74454.5	
74545.5	76515.2	74545.5	76515.2	74545.5	
77060.6	73545.5	77060.6	73545.5	77060.6	
77121.2	75818.2	77121.2	75818.2	77121.2	
77878.8	75212.1	77878.8	75212.1	77878.8	
77515.2	74909.1	77515.2	74909.1	77515.2	
76060.6	75060.6	76060.6	75060.6	76060.6	
75757.6	78272.7	75757.6	78272.7	75757.6	
75363.6	77424.2	75363.6	77424.2	75363.6	
77727.3	77272.7	77727.3	77272.7	77727.3	
75363.6	77575.8	75363.6	77575.8	75363.6	
75303	77515.2	75303	77515.2	75303	
75757.6	73454.5	75757.6	73454.5	75757.6	
75969.7	75969.7	75969.7	75969.7	75969.7	
74303	77121.2	74303	77121.2	74303	
78272.7	75909.1	78272.7	75909.1	78272.7	
74000	75060.6	74000	75060.6	74000	
75303	76606.1	75303	76606.1	75303	
75818.2	76757.6	75818.2	76757.6	75818.2	
77727.3	77060.6	77727.3	77060.6	77727.3	
78212.1	75666.7	78212.1	75666.7	78212.1	
75909.1	73697	75909.1	73697	75909.1	
73242.4	74757.6	73242.4	74757.6	73242.4	
75303	75000	75303	75000	75303	
74151.5	71333.3	74151.5	71333.3	74151.5	
76212.1	73393.9	76212.1	73393.9	76212.1	
75363.6	73909.1	75363.6	73909.1	75363.6	
77060.6	72787.9	77060.6	72787.9	77060.6	
76151.5	75212.1	76151.5	75212.1	76151.5	
77515.2	75666.7	77515.2	75666.7	77515.2	
74454.5	73606.1	74454.5	73606.1	74454.5	
75818.2	74242.4	75818.2	74242.4	75818.2	
76060.6	75606.1	76060.6	75606.1	76060.6	
73454.5	75000	73454.5	75000	73454.5	
75818.2	76454.5	75818.2	76454.5	75818.2	
76303	76969.7	76303	76969.7	76303	
74848.5	75606.1	74848.5	75606.1	74848.5	
72545.5	73545.5	72545.5	73545.5	72545.5	
74303	77212.1	74303	77212.1	74303	
73606.1	74393.9	73606.1	74393.9	73606.1	
75060.6	76363.6	75060.6	76363.6	75060.6	
75454.5	76151.5	75454.5	76151.5	75454.5	
75515.2	74151.5	75515.2	74151.5	75515.2	
73000	72939.4	73000	72939.4	73000	
75606.1	73090.9	75606.1	73090.9	75606.1	
75212.1	73757.6	75212.1	73757.6	75212.1	
76818.2	76969.7	76818.2	76969.7	76818.2	
75000	76454.5	75000	76454.5	75000	
72242.4	76757.6	72242.4	76757.6	72242.4	
74606.1	73606.1	74606.1	73606.1	74606.1	
74545.5	76606.1	74545.5	76606.1	74545.5	
74757.6	75454.5	74757.6	75454.5	74757.6	
75212.1	74060.6	75212.1	74060.6	75212.1	
77818.2	75303	77818.2	75303	77818.2	
72393.9	74393.9	72393.9	74393.9	72393.9	
75303	75515.2	75303	75515.2	75303	
75060.6	75000	75060.6	75000	75060.6	
75454.5	75515.2	75454.5	75515.2	75454.5	
75818.2	75060.6	75818.2	75060.6	75818.2	
75757.6	74000	75757.6	74000	75757.6	
73697	76666.7	73697	76666.7	73697	
74757.6	73848.5	74757.6	73848.5	74757.6	
75606.1	76060.6	75606.1	76060.6	75606.1	
75000	76757.6	75000	76757.6	75000	
77727.3	75909.1	77727.3	75909.1	77727.3	
76363.6	75757.6	76363.6	75757.6	76363.6	
74000	74757.6	74000	74757.6	74000	
74757.6	75303	74757.6	75303	74757.6	
73090.9	76060.6	73090.9	76060.6	73090.9	
76606.1	78121.2	76606.1	78121.2	76606.1	
74242.4	75454.5	74242.4	75454.5	74242.4	
75454.5	75969.7	75454.5	75969.7	75454.5	
75818.2	76151.5	75818.2	76151.5	75818.2	
76818.2	75303	76818.2	75303	76818.2	
76606.1	75818.2	76606.1	75818.2	76606.1	
75757.6	76515.2	75757.6	76515.2	75757.6	
74545.5	74000	74545.5	74000	74545.5	
76363.6	76363.6	76363.6	76363.6	76363.6	
75666.7	76303	75666.7	76303	75666.7	
74151.5	76363.6	74151.5	76363.6	74151.5	
74545.5	77363.6	74545.5	77363.6	74545.5	
75454.5	76060.6	75454.5	76060.6	75454.5	
73757.6	76212.1	73757.6	76212.1	73757.6	
75515.2	74454.5	75515.2	74454.5	75515.2	
73393.9	75000	73393.9	75000	73393.9	
76363.6	75000	76363.6	75000	76363.6	
76212.1	74697	76212.1	74697	76212.1	
73393.9	73545.5	73393.9	73545.5	73393.9	
75454.5	77969.7	75454.5	77969.7	75454.5	
75303	75363.6	75303	75363.6	75303	
74697	75969.7	74697	75969.7	74697	
75515.2	75969.7	75515.2	75969.7	75515.2	
75151.5	74606.1	75151.5	74606.1	75151.5	
76515.2	75151.5	76515.2	75151.5	76515.2	
76151.5	74909.1	76151.5	74909.1	76151.5	
74303	74606.1	74303	74606.1	74303	
76060.6	73090.9	76060.6	73090.9	76060.6	
76515.2	78818.2	76515.2	78818.2	76515.2	
75818.2	75454.5	75818.2	75454.5	75818.2	
74545.5	75606.1	74545.5	75606.1	74545.5	
76363.6	76212.1	76363.6	76212.1	76363.6	
73303	74060.6	73303	74060.6	73303	
73545.5	76212.1	73545.5	76212.1	73545.5	
76969.7	75151.5	76969.7	75151.5	76969.7	
75303	76151.5	75303	76151.5	75303	
75303	75515.2	75303	75515.2	75303	
75606.1	76454.5	75606.1	76454.5	75606.1	
76757.6	75060.6	76757.6	75060.6	76757.6	
76666.7	75909.1	76666.7	75909.1	76666.7	
75666.7	76818.2	75666.7	76818.2	75666.7	
73848.5	77878.8	73848.5	77878.8	73848.5	
73242.4	76212.1	73242.4	76212.1	73242.4	
75757.6	76909.1	75757.6	76909.1	75757.6	
77727.3	76151.5	77727.3	76151.5	77727.3	
74606.1	76151.5	74606.1	76151.5	74606.1	
76303	76363.6	76303	76363.6	76303	
76303	73697	76303	73697	76303	
76515.2	76303	76515.2	76303	76515.2	
75818.2	76515.2	75818.2	76515.2	75818.2	
72697	73454.5	72697	73454.5	72697	
75666.7	76818.2	75666.7	76818.2	75666.7	
77515.2	76666.7	77515.2	76666.7	77515.2	
75212.1	74909.1	75212.1	74909.1	75212.1	
75000	75818.2	75000	75818.2	75000	
75757.6	75666.7	75757.6	75666.7	75757.6	
73848.5	77060.6	73848.5	77060.6	73848.5	
75515.2	76363.6	75515.2	76363.6	75515.2	
76212.1	76969.7	76212.1	76969.7	76212.1	
76151.5	74060.6	76151.5	74060.6	76151.5	
78515.2	76151.5	78515.2	76151.5	78515.2	
75515.2	76060.6	75515.2	76060.6	75515.2	
78060.6	75454.5	78060.6	75454.5	78060.6	
74909.1	76363.6	74909.1	76363.6	74909.1	
75757.6	74454.5	75757.6	74454.5	75757.6	
76666.7	75909.1	76666.7	75909.1	76666.7	
76515.2	75000	76515.2	75000	76515.2	
74606.1	76363.6	74606.1	76363.6	74606.1	
76060.6	76666.7	76060.6	76666.7	76060.6	
76818.2	74757.6	76818.2	74757.6	76818.2	
77272.7	74909.1	77272.7	74909.1	77272.7	
75818.2	76151.5	75818.2	76151.5	75818.2	
76969.7	78212.1	76969.7	78212.1	76969.7	
76212.1	75606.1	76212.1	75606.1	76212.1	
76151.5	75212.1	76151.5	75212.1	76151.5	
76515.2	73000	76515.2	73000	76515.2	
75909.1	75454.5	75909.1	75454.5	75909.1	
77575.8	76666.7	77575.8	76666.7	77575.8	
76151.5	75060.6	76151.5	75060.6	76151.5	
75757.6	74697	75757.6	74697	75757.6	
76151.5	75454.5	76151.5	75454.5	76151.5	
74606.1	75757.6	74606.1	75757.6	74606.1	
75303	76212.1	75303	76212.1	75303	
76060.6	76606.1	76060.6	76606.1	76060.6	
74545.5	76454.5	74545.5	76454.5	74545.5	
75000	75303	75000	75303	75000	
76515.2	74242.4	76515.2	74242.4	76515.2	
76454.5	73697	76454.5	73697	76454.5	
76060.6	76454.5	76060.6	76454.5	76060.6	
76515.2	76363.6	76515.2	76363.6	76515.2	
77818.2	79484.8	77818.2	79484.8	77818.2	
76606.1	76212.1	76606.1	76212.1	76606.1	
75606.1	79575.8	75606.1	79575.8	75606.1	
75909.1	75303	75909.1	75303	75909.1	
74303	76060.6	74303	76060.6	74303	
76757.6	76363.6	76757.6	76363.6	76757.6	
74454.5	75969.7	74454.5	75969.7	74454.5	
76151.5	74757.6	76151.5	74757.6	76151.5	
75666.7	76757.6	75666.7	76757.6	75666.7	
76515.2	75303	76515.2	75303	76515.2	
77272.7	75151.5	77272.7	75151.5	77272.7	
77969.7	75212.1	77969.7	75212.1	77969.7	
76212.1	77818.2	76212.1	77818.2	76212.1	
75969.7	74545.5	75969.7	74545.5	75969.7	
77060.6	75666.7	77060.6	75666.7	77060.6	
75606.1	74848.5	75606.1	74848.5	75606.1	
76818.2	76818.2	76818.2	76818.2	76818.2	
74454.5	75969.7	74454.5	75969.7	74454.5	
76757.6	76666.7	76757.6	76666.7	76757.6	
76818.2	75666.7	76818.2	75666.7	76818.2	
74909.1	74545.5	74909.1	74545.5	74909.1	
76303	76606.1	76303	76606.1	76303	
75818.2	74757.6	75818.2	74757.6	75818.2	
74545.5	75757.6	74545.5	75757.6	74545.5	
74757.6	76454.5	74757.6	76454.5	74757.6	
75303	76060.6	75303	76060.6	75303	
77060.6	74606.1	77060.6	74606.1	77060.6	
77575.8	76757.6	77575.8	76757.6	77575.8	
75909.1	75909.1	75909.1	75909.1	75909.1	
77212.1	76666.7	77212.1	76666.7	77212.1	
75212.1	76212.1	75212.1	76212.1	75212.1	
78363.6	78060.6	78363.6	78060.6	78363.6	
75606.1	75454.5	75606.1	75454.5	75606.1	
73697	75969.7	73697	75969.7	73697	
75060.6	74697	75060.6	74697	75060.6	
76363.6	75969.7	76363.6	75969.7	76363.6	
75666.7	74606.1	75666.7	74606.1	75666.7	
75363.6	76060.6	75363.6	76060.6	75363.6	
78363.6	77060.6	78363.6	77060.6	78363.6	
77666.7	74757.6	77666.7	74757.6	77666.7	
77575.8	74757.6	77575.8	74757.6	77575.8	
75363.6	74060.6	75363.6	74060.6	75363.6	
76757.6	76060.6	76757.6	76060.6	76757.6	
76757.6	74545.5	76757.6	74545.5	76757.6	
77272.7	75363.6	77272.7	75363.6	77272.7	
79575.8	77818.2	79575.8	77818.2	79575.8	
74454.5	74000	74454.5	74000	74454.5	
78515.2	78818.2	78515.2	78818.2	78515.2	
75606.1	78969.7	75606.1	78969.7	75606.1	
76060.6	73545.5	76060.6	73545.5	76060.6	
75060.6	74606.1	75060.6	74606.1	75060.6	
77969.7	73454.5	77969.7	73454.5	77969.7	
76212.1	74848.5	76212.1	74848.5	76212.1	
76303	75666.7	76303	75666.7	76303	
76818.2	74757.6	76818.2	74757.6	76818.2	
75666.7	77424.2	75666.7	77424.2	75666.7	
77424.2	75060.6	77424.2	75060.6	77424.2	
75212.1	77272.7	75212.1	77272.7	75212.1	
77060.6	77666.7	77060.6	77666.7	77060.6	
77818.2	73393.9	77818.2	73393.9	77818.2	
76151.5	76454.5	76151.5	76454.5	76151.5	
76757.6	78272.7	76757.6	78272.7	76757.6	
74848.5	76969.7	74848.5	76969.7	74848.5	
75000	76666.7	75000	76666.7	75000	
73848.5	75454.5	73848.5	75454.5	73848.5	
75303	74242.4	75303	74242.4	75303	
77272.7	74697	77272.7	74697	77272.7	
75454.5	73303	75454.5	73303	75454.5	
74303	76515.2	74303	76515.2	74303	
76606.1	76363.6	76606.1	76363.6	76606.1	
73545.5	74697	73545.5	74697	73545.5	
76666.7	76151.5	76666.7	76151.5	76666.7	
76969.7	76515.2	76969.7	76515.2	76969.7	
76666.7	75363.6	76666.7	75363.6	76666.7	
78272.7	76969.7	78272.7	76969.7	78272.7	
75969.7	76757.6	75969.7	76757.6	75969.7	
74848.5	75606.1	74848.5	75606.1	74848.5	
76515.2	76757.6	76515.2	76757.6	76515.2	
75303	78121.2	75303	78121.2	75303	
77272.7	75757.6	77272.7	75757.6	77272.7	
75818.2	76060.6	75818.2	76060.6	75818.2	
75000	75515.2	75000	75515.2	75000	
75969.7	78060.6	75969.7	78060.6	75969.7	
76606.1	76909.1	76606.1	76909.1	76606.1	
75757.6	77727.3	75757.6	77727.3	75757.6	
76666.7	75000	76666.7	75000	76666.7	
76151.5	76212.1	76151.5	76212.1	76151.5	
73393.9	75060.6	73393.9	75060.6	73393.9	
77969.7	77363.6	77969.7	77363.6	77969.7	
76666.7	75363.6	76666.7	75363.6	76666.7	
76060.6	75818.2	76060.6	75818.2	76060.6	
77575.8	74909.1	77575.8	74909.1	77575.8	
75454.5	75515.2	75454.5	75515.2	75454.5	
77121.2	77272.7	77121.2	77272.7	77121.2	
78212.1	74000	78212.1	74000	78212.1	
75757.6	76818.2	75757.6	76818.2	75757.6	
78666.7	76212.1	78666.7	76212.1	78666.7	
75151.5	75757.6	75151.5	75757.6	75151.5	
77515.2	77121.2	77515.2	77121.2	77515.2	
76363.6	76212.1	76363.6	76212.1	76363.6	
77121.2	77060.6	77121.2	77060.6	77121.2	
75969.7	76151.5	75969.7	76151.5	75969.7	
77878.8	75606.1	77878.8	75606.1	77878.8	
76909.1	76454.5	76909.1	76454.5	76909.1	
76666.7	76454.5	76666.7	76454.5	76666.7	
75515.2	74545.5	75515.2	74545.5	75515.2	
77363.6	73000	77363.6	73000	77363.6	
76666.7	75969.7	76666.7	75969.7	76666.7	
77060.6	77121.2	77060.6	77121.2	77060.6	
76818.2	75909.1	76818.2	75909.1	76818.2	
74393.9	78515.2	74393.9	78515.2	74393.9	
78666.7	77121.2	78666.7	77121.2	78666.7	
75000	76757.6	75000	76757.6	75000	
75000	78121.2	75000	78121.2	75000	
75060.6	77666.7	75060.6	77666.7	75060.6	
78272.7	78666.7	78272.7	78666.7	78272.7	
76606.1	75363.6	76606.1	75363.6	76606.1	
76606.1	74848.5	76606.1	74848.5	76606.1	
75969.7	78575.8	75969.7	78575.8	75969.7	
76606.1	75303	76606.1	75303	76606.1	
77575.8	74454.5	77575.8	74454.5	77575.8	
76151.5	76303	76151.5	76303	76151.5	
77060.6	77727.3	77060.6	77727.3	77060.6	
76303	80030.3	76303	80030.3	76303	
77212.1	74454.5	77212.1	74454.5	77212.1	
76818.2	77818.2	76818.2	77818.2	76818.2	
76363.6	79333.3	76363.6	79333.3	76363.6	
75606.1	75818.2	75606.1	75818.2	75606.1	
77363.6	76212.1	77363.6	76212.1	77363.6	
75666.7	76757.6	75666.7	76757.6	75666.7	
77212.1	76454.5	77212.1	76454.5	77212.1	
78515.2	76757.6	78515.2	76757.6	78515.2	
75818.2	75757.6	75818.2	75757.6	75818.2	
75757.6	76303	75757.6	76303	75757.6	
76909.1	78515.2	76909.1	78515.2	76909.1	
75060.6	75757.6	75060.6	75757.6	75060.6	
75606.1	75757.6	75606.1	75757.6	75606.1	
76363.6	77272.7	76363.6	77272.7	76363.6	
73757.6	77515.2	73757.6	77515.2	73757.6	
79030.3	76818.2	79030.3	76818.2	79030.3	
78272.7	76969.7	78272.7	76969.7	78272.7	
76909.1	77424.2	76909.1	77424.2	76909.1	
76363.6	75454.5	76363.6	75454.5	76363.6	
78575.8	77363.6	78575.8	77363.6	78575.8	
73697	75969.7	73697	75969.7	73697	
76969.7	77272.7	76969.7	77272.7	76969.7	
74000	75969.7	74000	75969.7	74000	
75151.5	78363.6	75151.5	78363.6	75151.5	
75454.5	77272.7	75454.5	77272.7	75454.5	
77424.2	76454.5	77424.2	76454.5	77424.2	
76969.7	76212.1	76969.7	76212.1	76969.7	
75757.6	76151.5	75757.6	76151.5	75757.6	
77121.2	78121.2	77121.2	78121.2	77121.2	
77121.2	74545.5	77121.2	74545.5	77121.2	
75212.1	78363.6	75212.1	78363.6	75212.1	
77878.8	77363.6	77878.8	77363.6	77878.8	
78515.2	77121.2	78515.2	77121.2	78515.2	
75515.2	75060.6	75515.2	75060.6	75515.2	
75212.1	77878.8	75212.1	77878.8	75212.1	
77272.7	78424.2	77272.7	78424.2	77272.7	
77121.2	73303	77121.2	73303	77121.2	
76212.1	74909.1	76212.1	74909.1	76212.1	
77727.3	76909.1	77727.3	76909.1	77727.3	
76818.2	78666.7	76818.2	78666.7	76818.2	
77272.7	76757.6	77272.7	76757.6	77272.7	
73848.5	75909.1	73848.5	75909.1	73848.5	
75515.2	76212.1	75515.2	76212.1	75515.2	
77212.1	76909.1	77212.1	76909.1	77212.1	
76606.1	77969.7	76606.1	77969.7	76606.1	
74393.9	76212.1	74393.9	76212.1	74393.9	
77818.2	76909.1	77818.2	76909.1	77818.2	
76969.7	76757.6	76969.7	76757.6	76969.7	
79333.3	76606.1	79333.3	76606.1	79333.3	
75060.6	76212.1	75060.6	76212.1	75060.6	
76303	74606.1	76303	74606.1	76303	
76757.6	75212.1	76757.6	75212.1	76757.6	
75303	77878.8	75303	77878.8	75303	
75515.2	76151.5	75515.2	76151.5	75515.2	
76151.5	78878.8	76151.5	78878.8	76151.5	
79333.3	75606.1	79333.3	75606.1	79333.3	
76515.2	75909.1	76515.2	75909.1	76515.2	
76909.1	75303	76909.1	75303	76909.1	
76969.7	76060.6	76969.7	76060.6	76969.7	
74848.5	78060.6	74848.5	78060.6	74848.5	
77060.6	77818.2	77060.6	77818.2	77060.6	
76606.1	77363.6	76606.1	77363.6	76606.1	
78575.8	79333.3	78575.8	79333.3	78575.8	
77121.2	78363.6	77121.2	78363.6	77121.2	
77575.8	75666.7	77575.8	75666.7	77575.8	
75454.5	76757.6	75454.5	76757.6	75454.5	
76909.1	76969.7	76909.1	76969.7	76909.1	
76666.7	76303	76666.7	76303	76666.7	
75363.6	75363.6	75363.6	75363.6	75363.6	
75757.6	75060.6	75757.6	75060.6	75757.6	
73757.6	75909.1	73757.6	75909.1	73757.6	
78727.3	75000	78727.3	75000	78727.3	
77878.8	75969.7	77878.8	75969.7	77878.8	
76454.5	77363.6	76454.5	77363.6	76454.5	
77121.2	78272.7	77121.2	78272.7	77121.2	
77363.6	79030.3	77363.6	79030.3	77363.6	
75666.7	76606.1	75666.7	76606.1	75666.7	
78969.7	76757.6	78969.7	76757.6	78969.7	
77575.8	76666.7	77575.8	76666.7	77575.8	
75818.2	76363.6	75818.2	76363.6	75818.2	
76969.7	76757.6	76969.7	76757.6	76969.7	
75212.1	76909.1	75212.1	76909.1	75212.1	
78272.7	77727.3	78272.7	77727.3	78272.7	
77878.8	76515.2	77878.8	76515.2	77878.8	
76515.2	75303	76515.2	75303	76515.2	
76060.6	75303	76060.6	75303	76060.6	
76060.6	76151.5	76060.6	76151.5	76060.6	
78060.6	76151.5	78060.6	76151.5	78060.6	
76212.1	76454.5	76212.1	76454.5	76212.1	
77212.1	77818.2	77212.1	77818.2	77212.1	
77878.8	76454.5	77878.8	76454.5	77878.8	
75454.5	78818.2	75454.5	78818.2	75454.5	
77060.6	76212.1	77060.6	76212.1	77060.6	
75363.6	77424.2	75363.6	77424.2	75363.6	
77515.2	76606.1	77515.2	76606.1	77515.2	
77878.8	77878.8	77878.8	77878.8	77878.8	
76818.2	77272.7	76818.2	77272.7	76818.2	
75909.1	75666.7	75909.1	75666.7	75909.1	
77060.6	74606.1	77060.6	74606.1	77060.6	
76606.1	75969.7	76606.1	75969.7	76606.1	
75606.1	75454.5	75606.1	75454.5	75606.1	
74909.1	73303	74909.1	73303	74909.1	
76454.5	77818.2	76454.5	77818.2	76454.5	
72848.5	76060.6	72848.5	76060.6	72848.5	
77515.2	77060.6	77515.2	77060.6	77515.2	
75666.7	75757.6	75666.7	75757.6	75666.7	
76666.7	78363.6	76666.7	78363.6	76666.7	
77121.2	75666.7	77121.2	75666.7	77121.2	
77515.2	75454.5	77515.2	75454.5	77515.2	
75666.7	78515.2	75666.7	78515.2	75666.7	
74303	76666.7	74303	76666.7	74303	
76969.7	77060.6	76969.7	77060.6	76969.7	
77060.6	76606.1	77060.6	76606.1	77060.6	
76151.5	78363.6	76151.5	78363.6	76151.5	
74303	76515.2	74303	76515.2	74303	
76060.6	73606.1	76060.6	73606.1	76060.6	
76969.7	76060.6	76969.7	76060.6	76969.7	
76515.2	75515.2	76515.2	75515.2	76515.2	
76818.2	77060.6	76818.2	77060.6	76818.2	
78060.6	76909.1	78060.6	76909.1	78060.6	
74697	76515.2	74697	76515.2	74697	
76212.1	75757.6	76212.1	75757.6	76212.1	
76303	75757.6	76303	75757.6	76303	
78424.2	76818.2	78424.2	76818.2	78424.2	
75818.2	75363.6	75818.2	75363.6	75818.2	
77212.1	75363.6	77212.1	75363.6	77212.1	
77666.7	76212.1	77666.7	76212.1	77666.7	
75212.1	77878.8	75212.1	77878.8	75212.1	
76757.6	76454.5	76757.6	76454.5	76757.6	
75909.1	74303	75909.1	74303	75909.1	
76606.1	75060.6	76606.1	75060.6	76606.1	
76969.7	76454.5	76969.7	76454.5	76969.7	
77272.7	76363.6	77272.7	76363.6	77272.7	
76363.6	76818.2	76363.6	76818.2	76363.6	
75212.1	76060.6	75212.1	76060.6	75212.1	
75666.7	75515.2	75666.7	75515.2	75666.7	
77121.2	75151.5	77121.2	75151.5	77121.2	
74393.9	76363.6	74393.9	76363.6	74393.9	
76818.2	75515.2	76818.2	75515.2	76818.2	
76666.7	76666.7	76666.7	76666.7	76666.7	
78575.8	77121.2	78575.8	77121.2	78575.8	
77060.6	76363.6	77060.6	76363.6	77060.6	
78121.2	76969.7	78121.2	76969.7	78121.2	
76909.1	76515.2	76909.1	76515.2	76909.1	
74060.6	75757.6	74060.6	75757.6	74060.6	
78363.6	76303	78363.6	76303	78363.6	
76969.7	76363.6	76969.7	76363.6	76969.7	
75969.7	76363.6	75969.7	76363.6	75969.7	
77363.6	77212.1	77363.6	77212.1	77363.6	
76909.1	76363.6	76909.1	76363.6	76909.1	
77060.6	77363.6	77060.6	77363.6	77060.6	
77272.7	76969.7	77272.7	76969.7	77272.7	
77363.6	76969.7	77363.6	76969.7	77363.6	
77424.2	74454.5	77424.2	74454.5	77424.2	
76757.6	76515.2	76757.6	76515.2	76757.6	
76060.6	77121.2	76060.6	77121.2	76060.6	
75000	77424.2	75000	77424.2	75000	
76060.6	77121.2	76060.6	77121.2	76060.6	
77363.6	77060.6	77363.6	77060.6	77363.6	
76060.6	76303	76060.6	76303	76060.6	
78666.7	77212.1	78666.7	77212.1	78666.7	
75212.1	79030.3	75212.1	79030.3	75212.1	
79121.2	77666.7	79121.2	77666.7	79121.2	
88272.7	90272.7	88272.7	90272.7	88272.7	
75151.5	77212.1	75151.5	77212.1	75151.5	
77060.6	74757.6	77060.6	74757.6	77060.6	
77575.8	76303	77575.8	76303	77575.8	
77121.2	77272.7	77121.2	77272.7	77121.2	
76363.6	76454.5	76363.6	76454.5	76363.6	
73757.6	77212.1	73757.6	77212.1	73757.6	
76060.6	75666.7	76060.6	75666.7	76060.6	
75757.6	76606.1	75757.6	76606.1	75757.6	
74606.1	76515.2	74606.1	76515.2	74606.1	
75909.1	76969.7	75909.1	76969.7	75909.1	
75212.1	76303	75212.1	76303	75212.1	
76363.6	74303	76363.6	74303	76363.6	
75606.1	76151.5	75606.1	76151.5	75606.1	
77424.2	77363.6	77424.2	77363.6	77424.2	
76909.1	75909.1	76909.1	75909.1	76909.1	
78363.6	77212.1	78363.6	77212.1	78363.6	
78363.6	76969.7	78363.6	76969.7	78363.6	
76151.5	74697	76151.5	74697	76151.5	
75212.1	78060.6	75212.1	78060.6	75212.1	
76606.1	74303	76606.1	74303	76606.1	
78121.2	75212.1	78121.2	75212.1	78121.2	
77666.7	78969.7	77666.7	78969.7	77666.7	
77424.2	78121.2	77424.2	78121.2	77424.2	
77727.3	77060.6	77727.3	77060.6	77727.3	
77515.2	75606.1	77515.2	75606.1	77515.2	
77666.7	75757.6	77666.7	75757.6	77666.7	
76212.1	75515.2	76212.1	75515.2	76212.1	
78575.8	75060.6	78575.8	75060.6	78575.8	
78272.7	77878.8	78272.7	77878.8	78272.7	
73242.4	75515.2	73242.4	75515.2	73242.4	
76969.7	75606.1	76969.7	75606.1	76969.7	
76151.5	77878.8	76151.5	77878.8	76151.5	
76818.2	77515.2	76818.2	77515.2	76818.2	
76515.2	77272.7	76515.2	77272.7	76515.2	
77212.1	76818.2	77212.1	76818.2	77212.1	
75454.5	75818.2	75454.5	75818.2	75454.5	
76060.6	77272.7	76060.6	77272.7	76060.6	
76606.1	77666.7	76606.1	77666.7	76606.1	
75060.6	75606.1	75060.6	75606.1	75060.6	
74303	76606.1	74303	76606.1	74303	
74545.5	76818.2	74545.5	76818.2	74545.5	
77727.3	77121.2	77727.3	77121.2	77727.3	
75515.2	77575.8	75515.2	77575.8	75515.2	
76303	78424.2	76303	78424.2	76303	
75000	78878.8	75000	78878.8	75000	
76515.2	78424.2	76515.2	78424.2	76515.2	
76454.5	75666.7	76454.5	75666.7	76454.5	
77272.7	77575.8	77272.7	77575.8	77272.7	
75363.6	78121.2	75363.6	78121.2	75363.6	
78878.8	77121.2	78878.8	77121.2	78878.8	
76606.1	75666.7	76606.1	75666.7	76606.1	
76818.2	76303	76818.2	76303	76818.2	
76515.2	76515.2	76515.2	76515.2	76515.2	
76303	74757.6	76303	74757.6	76303	
74697	77060.6	74697	77060.6	74697	
76757.6	74303	76757.6	74303	76757.6	
75818.2	77969.7	75818.2	77969.7	75818.2	
77363.6	76757.6	77363.6	76757.6	77363.6	
74606.1	78121.2	74606.1	78121.2	74606.1	
79030.3	76666.7	79030.3	76666.7	79030.3	
76969.7	75454.5	76969.7	75454.5	76969.7	
78666.7	79121.2	78666.7	79121.2	78666.7	
77272.7	77575.8	77272.7	77575.8	77272.7	
78363.6	78121.2	78363.6	78121.2	78363.6	
76909.1	76060.6	76909.1	76060.6	76909.1	
75757.6	76818.2	75757.6	76818.2	75757.6	
77818.2	76666.7	77818.2	76666.7	77818.2	
77272.7	75151.5	77272.7	75151.5	77272.7	
77666.7	74454.5	77666.7	74454.5	77666.7	
78878.8	76818.2	78878.8	76818.2	78878.8	
75606.1	76606.1	75606.1	76606.1	75606.1	
76909.1	78060.6	76909.1	78060.6	76909.1	
74545.5	78212.1	74545.5	78212.1	74545.5	
77121.2	77515.2	77121.2	77515.2	77121.2	
76363.6	77212.1	76363.6	77212.1	76363.6	
79636.4	76303	79636.4	76303	79636.4	
78727.3	77666.7	78727.3	77666.7	78727.3	
77272.7	76060.6	77272.7	76060.6	77272.7	
77060.6	77969.7	77060.6	77969.7	77060.6	
77272.7	76606.1	77272.7	76606.1	77272.7	
77515.2	75212.1	77515.2	75212.1	77515.2	
77363.6	75000	77363.6	75000	77363.6	
76515.2	76818.2	76515.2	76818.2	76515.2	
78515.2	77575.8	78515.2	77575.8	78515.2	
76060.6	75666.7	76060.6	75666.7	76060.6	
76757.6	78212.1	76757.6	78212.1	76757.6	
76818.2	76303	76818.2	76303	76818.2	
77515.2	78575.8	77515.2	78575.8	77515.2	
77727.3	75757.6	77727.3	75757.6	77727.3	
76060.6	76303	76060.6	76303	76060.6	
76818.2	75606.1	76818.2	75606.1	76818.2	
77363.6	77666.7	77363.6	77666.7	77363.6	
77363.6	76666.7	77363.6	76666.7	77363.6	
76454.5	76818.2	76454.5	76818.2	76454.5	
76515.2	75515.2	76515.2	75515.2	76515.2	
77212.1	76909.1	77212.1	76909.1	77212.1	
77878.8	76515.2	77878.8	76515.2	77878.8	
76060.6	77575.8	76060.6	77575.8	76060.6	
76818.2	74606.1	76818.2	74606.1	76818.2	
75969.7	77272.7	75969.7	77272.7	75969.7	
75818.2	77363.6	75818.2	77363.6	75818.2	
76060.6	77060.6	76060.6	77060.6	76060.6	
76666.7	78060.6	76666.7	78060.6	76666.7	
74151.5	78212.1	74151.5	78212.1	74151.5	
76757.6	78666.7	76757.6	78666.7	76757.6	
76060.6	76212.1	76060.6	76212.1	76060.6	
76212.1	76515.2	76212.1	76515.2	76212.1	
75757.6	77969.7	75757.6	77969.7	75757.6	
76151.5	77575.8	76151.5	77575.8	76151.5	
77575.8	77363.6	77575.8	77363.6	77575.8	
75454.5	76303	75454.5	76303	75454.5	
76151.5	73848.5	76151.5	73848.5	76151.5	
75909.1	77575.8	75909.1	77575.8	75909.1	
76363.6	76818.2	76363.6	76818.2	76363.6	
77121.2	75454.5	77121.2	75454.5	77121.2	
77575.8	78121.2	77575.8	78121.2	77575.8	
77575.8	75363.6	77575.8	75363.6	77575.8	
76757.6	77272.7	76757.6	77272.7	76757.6	
77727.3	74757.6	77727.3	74757.6	77727.3	
78575.8	77727.3	78575.8	77727.3	78575.8	
78060.6	77666.7	78060.6	77666.7	78060.6	
75151.5	77969.7	75151.5	77969.7	75151.5	
77121.2	75909.1	77121.2	75909.1	77121.2	
77363.6	76606.1	77363.6	76606.1	77363.6	
77878.8	74606.1	77878.8	74606.1	77878.8	
76151.5	78363.6	76151.5	78363.6	76151.5	
77727.3	74242.4	77727.3	74242.4	77727.3	
75666.7	76303	75666.7	76303	75666.7	
74393.9	77666.7	74393.9	77666.7	74393.9	
76818.2	76969.7	76818.2	76969.7	76818.2	
76515.2	76757.6	76515.2	76757.6	76515.2	
75212.1	75757.6	75212.1	75757.6	75212.1	
74454.5	78575.8	74454.5	78575.8	74454.5	
77212.1	75454.5	77212.1	75454.5	77212.1	
76454.5	76212.1	76454.5	76212.1	76454.5	
78121.2	75606.1	78121.2	75606.1	78121.2	
76363.6	75454.5	76363.6	75454.5	76363.6	
76454.5	77575.8	76454.5	77575.8	76454.5	
78424.2	76515.2	78424.2	76515.2	78424.2	
77878.8	79030.3	77878.8	79030.3	77878.8	
76151.5	76606.1	76151.5	76606.1	76151.5	
77727.3	75606.1	77727.3	75606.1	77727.3	
78818.2	74697	78818.2	74697	78818.2	
77060.6	77969.7	77060.6	77969.7	77060.6	
77575.8	78121.2	77575.8	78121.2	77575.8	
77575.8	76757.6	77575.8	76757.6	77575.8	
75666.7	78121.2	75666.7	78121.2	75666.7	
76060.6	78121.2	76060.6	78121.2	76060.6	
76666.7	76363.6	76666.7	76363.6	76666.7	
78212.1	76757.6	78212.1	76757.6	78212.1	
75757.6	76969.7	75757.6	76969.7	75757.6	
76606.1	77212.1	76606.1	77212.1	76606.1	
73757.6	77363.6	73757.6	77363.6	73757.6	
77272.7	75909.1	77272.7	75909.1	77272.7	
75606.1	75606.1	75606.1	75606.1	75606.1	
76515.2	77121.2	76515.2	77121.2	76515.2	
76303	77969.7	76303	77969.7	76303	
75969.7	75454.5	75969.7	75454.5	75969.7	
76363.6	75060.6	76363.6	75060.6	76363.6	
77515.2	77060.6	77515.2	77060.6	77515.2	
78424.2	77515.2	78424.2	77515.2	78424.2	
78727.3	75757.6	78727.3	75757.6	78727.3	
76303	77878.8	76303	77878.8	76303	
74697	77212.1	74697	77212.1	74697	
78121.2	76515.2	78121.2	76515.2	78121.2	
76909.1	77060.6	76909.1	77060.6	76909.1	
75515.2	76818.2	75515.2	76818.2	75515.2	
76606.1	78212.1	76606.1	78212.1	76606.1	
74909.1	78575.8	74909.1	78575.8	74909.1	
77818.2	75969.7	77818.2	75969.7	77818.2	
76606.1	76818.2	76606.1	76818.2	76606.1	
77575.8	74909.1	77575.8	74909.1	77575.8	
75969.7	76969.7	75969.7	76969.7	75969.7	
75151.5	76363.6	75151.5	76363.6	75151.5	
79181.8	76303	79181.8	76303	79181.8	
75666.7	76454.5	75666.7	76454.5	75666.7	
78363.6	75909.1	78363.6	75909.1	78363.6	
76909.1	76060.6	76909.1	76060.6	76909.1	
76363.6	76969.7	76363.6	76969.7	76363.6	
75000	74606.1	75000	74606.1	75000	
77363.6	76212.1	77363.6	76212.1	77363.6	
75666.7	75060.6	75666.7	75060.6	75666.7	
78424.2	76363.6	78424.2	76363.6	78424.2	
76666.7	78212.1	76666.7	78212.1	76666.7	
77515.2	78060.6	77515.2	78060.6	77515.2	
75303	77818.2	75303	77818.2	75303	
76606.1	77060.6	76606.1	77060.6	76606.1	
77515.2	78363.6	77515.2	78363.6	77515.2	
75454.5	77424.2	75454.5	77424.2	75454.5	
76303	76757.6	76303	76757.6	76303	
77363.6	76303	77363.6	76303	77363.6	
78272.7	75909.1	78272.7	75909.1	78272.7	
75363.6	77060.6	75363.6	77060.6	75363.6	
76212.1	79030.3	76212.1	79030.3	76212.1	
77212.1	76060.6	77212.1	76060.6	77212.1	
76060.6	74909.1	76060.6	74909.1	76060.6	
73151.5	77363.6	73151.5	77363.6	73151.5	
74151.5	75909.1	74151.5	75909.1	74151.5	
76151.5	77969.7	76151.5	77969.7	76151.5	
77666.7	76666.7	77666.7	76666.7	77666.7	
76060.6	77121.2	76060.6	77121.2	76060.6	
77818.2	76969.7	77818.2	76969.7	77818.2	
76151.5	75515.2	76151.5	75515.2	76151.5	
73606.1	77878.8	73606.1	77878.8	73606.1	
77424.2	76212.1	77424.2	76212.1	77424.2	
76212.1	76454.5	76212.1	76454.5	76212.1	
75969.7	75909.1	75969.7	75909.1	75969.7	
75909.1	76666.7	75909.1	76666.7	75909.1	
77575.8	76515.2	77575.8	76515.2	77575.8	
76909.1	77212.1	76909.1	77212.1	76909.1	
77060.6	76818.2	77060.6	76818.2	77060.6	
76606.1	76909.1	76606.1	76909.1	76606.1	
77060.6	78060.6	77060.6	78060.6	77060.6	
73757.6	76606.1	73757.6	76606.1	73757.6	
77515.2	79030.3	77515.2	79030.3	77515.2	
77878.8	75060.6	77878.8	75060.6	77878.8	
76454.5	76757.6	76454.5	76757.6	76454.5	
76666.7	77212.1	76666.7	77212.1	76666.7	
77515.2	77969.7	77515.2	77969.7	77515.2	
77212.1	77969.7	77212.1	77969.7	77212.1	
75606.1	78121.2	75606.1	78121.2	75606.1	
77272.7	76818.2	77272.7	76818.2	77272.7	
78818.2	77212.1	78818.2	77212.1	78818.2	
76757.6	76515.2	76757.6	76515.2	76757.6	
75666.7	77121.2	75666.7	77121.2	75666.7	
78424.2	74909.1	78424.2	74909.1	78424.2	
76212.1	77363.6	76212.1	77363.6	76212.1	
76969.7	75969.7	76969.7	75969.7	76969.7	
76363.6	77363.6	76363.6	77363.6	76363.6	
75969.7	77363.6	75969.7	77363.6	75969.7	
75515.2	75757.6	75515.2	75757.6	75515.2	
75060.6	76818.2	75060.6	76818.2	75060.6	
77575.8	77969.7	77575.8	77969.7	77575.8	
77575.8	77121.2	77575.8	77121.2	77575.8	
74909.1	78060.6	74909.1	78060.6	74909.1	
76969.7	75303	76969.7	75303	76969.7	
75969.7	78121.2	75969.7	78121.2	75969.7	
76818.2	75909.1	76818.2	75909.1	76818.2	
76060.6	77363.6	76060.6	77363.6	76060.6	
78212.1	74151.5	78212.1	74151.5	78212.1	
76363.6	76454.5	76363.6	76454.5	76363.6	
76151.5	75666.7	76151.5	75666.7	76151.5	
77666.7	79030.3	77666.7	79030.3	77666.7	
75757.6	74545.5	75757.6	74545.5	75757.6	
78818.2	75515.2	78818.2	75515.2	78818.2	
76666.7	76515.2	76666.7	76515.2	76666.7	
76969.7	74757.6	76969.7	74757.6	76969.7	
77272.7	77666.7	77272.7	77666.7	77272.7	
76060.6	76666.7	76060.6	76666.7	76060.6	
77272.7	77121.2	77272.7	77121.2	77272.7	
78515.2	77515.2	78515.2	77515.2	78515.2	
77727.3	76606.1	77727.3	76606.1	77727.3	
78060.6	77878.8	78060.6	77878.8	78060.6	
77575.8	78212.1	77575.8	78212.1	77575.8	
78818.2	75060.6	78818.2	75060.6	78818.2	
76818.2	78575.8	76818.2	78575.8	76818.2	
78575.8	75060.6	78575.8	75060.6	78575.8	
78424.2	76060.6	78424.2	76060.6	78424.2	
76969.7	75909.1	76969.7	75909.1	76969.7	
78818.2	77818.2	78818.2	77818.2	78818.2	
78424.2	79424.2	78424.2	79424.2	78424.2	
76666.7	75363.6	76666.7	75363.6	76666.7	
78878.8	75151.5	78878.8	75151.5	78878.8	
77727.3	76454.5	77727.3	76454.5	77727.3	
76515.2	76606.1	76515.2	76606.1	76515.2	
76909.1	76515.2	76909.1	76515.2	76909.1	
77424.2	75515.2	77424.2	75515.2	77424.2	
78666.7	75303	78666.7	75303	78666.7	
75969.7	79121.2	75969.7	79121.2	75969.7	
76606.1	76303	76606.1	76303	76606.1	
76606.1	77060.6	76606.1	77060.6	76606.1	
76606.1	77121.2	76606.1	77121.2	76606.1	
78121.2	77666.7	78121.2	77666.7	78121.2	
76151.5	77575.8	76151.5	77575.8	76151.5	
77969.7	77060.6	77969.7	77060.6	77969.7	
77212.1	76666.7	77212.1	76666.7	77212.1	
75818.2	75363.6	75818.2	75363.6	75818.2	
76606.1	75606.1	76606.1	75606.1	76606.1	
75909.1	75757.6	75909.1	75757.6	75909.1	
75454.5	76060.6	75454.5	76060.6	75454.5	
78272.7	76363.6	78272.7	76363.6	78272.7	
78060.6	75060.6	78060.6	75060.6	78060.6	
77818.2	75666.7	77818.2	75666.7	77818.2	
75666.7	79272.7	75666.7	79272.7	75666.7	
77121.2	77878.8	77121.2	77878.8	77121.2	
76818.2	75909.1	76818.2	75909.1	76818.2	
76757.6	77515.2	76757.6	77515.2	76757.6	
77363.6	77060.6	77363.6	77060.6	77363.6	
75969.7	76606.1	75969.7	76606.1	75969.7	
77212.1	74697	77212.1	74697	77212.1	
77818.2	77666.7	77818.2	77666.7	77818.2	
77727.3	77060.6	77727.3	77060.6	77727.3	
76515.2	75757.6	76515.2	75757.6	76515.2	
74454.5	76151.5	74454.5	76151.5	74454.5	
76606.1	76151.5	76606.1	76151.5	76606.1	
76151.5	77727.3	76151.5	77727.3	76151.5	
74606.1	76060.6	74606.1	76060.6	74606.1	
75969.7	74060.6	75969.7	74060.6	75969.7	
76606.1	76060.6	76606.1	76060.6	76606.1	
76151.5	77272.7	76151.5	77272.7	76151.5	
76515.2	76606.1	76515.2	76606.1	76515.2	
77424.2	77575.8	77424.2	77575.8	77424.2	
77060.6	77060.6	77060.6	77060.6	77060.6	
75969.7	77272.7	75969.7	77272.7	75969.7	
76363.6	79727.3	76363.6	79727.3	76363.6	
77666.7	77363.6	77666.7	77363.6	77666.7	
78121.2	75757.6	78121.2	75757.6	78121.2	
76515.2	78060.6	76515.2	78060.6	76515.2	
75818.2	77121.2	75818.2	77121.2	75818.2	
76969.7	76515.2	76969.7	76515.2	76969.7	
76818.2	78060.6	76818.2	78060.6	76818.2	
76151.5	77727.3	76151.5	77727.3	76151.5	
76151.5	75969.7	76151.5	75969.7	76151.5	
76212.1	77666.7	76212.1	77666.7	76212.1	
77121.2	76454.5	77121.2	76454.5	77121.2	
76303	76303	76303	76303	76303	
78363.6	75060.6	78363.6	75060.6	78363.6	
76363.6	77060.6	76363.6	77060.6	76363.6	
78272.7	78060.6	78272.7	78060.6	78272.7	
79030.3	74848.5	79030.3	74848.5	79030.3	
76151.5	74909.1	76151.5	74909.1	76151.5	
75666.7	76909.1	75666.7	76909.1	75666.7	
77727.3	75909.1	77727.3	75909.1	77727.3	
77424.2	75969.7	77424.2	75969.7	77424.2	
74757.6	76818.2	74757.6	76818.2	74757.6	
76818.2	74848.5	76818.2	74848.5	76818.2	
77666.7	77515.2	77666.7	77515.2	77666.7	
77212.1	79333.3	77212.1	79333.3	77212.1	
77212.1	77212.1	77212.1	77212.1	77212.1	
76454.5	75212.1	76454.5	75212.1	76454.5	
76606.1	76060.6	76606.1	76060.6	76606.1	
77575.8	76757.6	77575.8	76757.6	77575.8	
76303	76606.1	76303	76606.1	76303	
73545.5	78727.3	73545.5	78727.3	73545.5	
77424.2	75303	77424.2	75303	77424.2	
78424.2	75454.5	78424.2	75454.5	78424.2	
77272.7	78212.1	77272.7	78212.1	77272.7	
74909.1	75363.6	74909.1	75363.6	74909.1	
77515.2	75818.2	77515.2	75818.2	77515.2	
77060.6	75969.7	77060.6	75969.7	77060.6	
77363.6	77121.2	77363.6	77121.2	77363.6	
75909.1	75757.6	75909.1	75757.6	75909.1	
77727.3	75060.6	77727.3	75060.6	77727.3	
75212.1	76515.2	75212.1	76515.2	75212.1	
75909.1	78575.8	75909.1	78575.8	75909.1	
75757.6	76151.5	75757.6	76151.5	75757.6	
76606.1	75606.1	76606.1	75606.1	76606.1	
76606.1	74909.1	76606.1	74909.1	76606.1	
78212.1	77212.1	78212.1	77212.1	78212.1	
77515.2	76818.2	77515.2	76818.2	77515.2	
76515.2	77272.7	76515.2	77272.7	76515.2	
76909.1	77666.7	76909.1	77666.7	76909.1	
76303	76060.6	76303	76060.6	76303	
73606.1	76151.5	73606.1	76151.5	73606.1	
76454.5	78272.7	76454.5	78272.7	76454.5	
73848.5	75454.5	73848.5	75454.5	73848.5	
76151.5	78212.1	76151.5	78212.1	76151.5	
76303	78818.2	76303	78818.2	76303	
78515.2	79424.2	78515.2	79424.2	78515.2	
76666.7	77424.2	76666.7	77424.2	76666.7	
75363.6	75606.1	75363.6	75606.1	75363.6	
77727.3	74848.5	77727.3	74848.5	77727.3	
76606.1	77424.2	76606.1	77424.2	76606.1	
75000	76818.2	75000	76818.2	75000	
78212.1	76606.1	78212.1	76606.1	78212.1	
75666.7	76909.1	75666.7	76909.1	75666.7	
76606.1	76515.2	76606.1	76515.2	76606.1	
78272.7	76454.5	78272.7	76454.5	78272.7	
78272.7	78121.2	78272.7	78121.2	78272.7	
78060.6	77515.2	78060.6	77515.2	78060.6	
78424.2	77363.6	78424.2	77363.6	78424.2	
76909.1	77515.2	76909.1	77515.2	76909.1	
76515.2	76212.1	76515.2	76212.1	76515.2	
76060.6	75818.2	76060.6	75818.2	76060.6	
78424.2	76454.5	78424.2	76454.5	78424.2	
74909.1	79272.7	74909.1	79272.7	74909.1	
75818.2	76606.1	75818.2	76606.1	75818.2	
74757.6	75969.7	74757.6	75969.7	74757.6	
75909.1	78666.7	75909.1	78666.7	75909.1	
77363.6	78060.6	77363.6	78060.6	77363.6	
75454.5	76909.1	75454.5	76909.1	75454.5	
73757.6	77666.7	73757.6	77666.7	73757.6	
73848.5	75818.2	73848.5	75818.2	73848.5	
76151.5	75666.7	76151.5	75666.7	76151.5	
76060.6	75060.6	76060.6	75060.6	76060.6	
76818.2	76909.1	76818.2	76909.1	76818.2	
77666.7	78515.2	77666.7	78515.2	77666.7	
74757.6	75606.1	74757.6	75606.1	74757.6	
77121.2	77818.2	77121.2	77818.2	77121.2	
76818.2	76454.5	76818.2	76454.5	76818.2	
75818.2	76606.1	75818.2	76606.1	75818.2	
77121.2	75000	77121.2	75000	77121.2	
78575.8	75969.7	78575.8	75969.7	78575.8	
75818.2	75666.7	75818.2	75666.7	75818.2	
76606.1	77121.2	76606.1	77121.2	76606.1	
75757.6	78424.2	75757.6	78424.2	75757.6	
74757.6	74909.1	74757.6	74909.1	74757.6	
76969.7	76606.1	76969.7	76606.1	76969.7	
76818.2	77666.7	76818.2	77666.7	76818.2	
77212.1	78575.8	77212.1	78575.8	77212.1	
74545.5	75969.7	74545.5	75969.7	74545.5	
78424.2	76515.2	78424.2	76515.2	78424.2	
76969.7	76909.1	76969.7	76909.1	76969.7	
75666.7	77878.8	75666.7	77878.8	75666.7	
75818.2	75454.5	75818.2	75454.5	75818.2	
76515.2	77212.1	76515.2	77212.1	76515.2	
79818.2	77060.6	79818.2	77060.6	79818.2	
75909.1	77060.6	75909.1	77060.6	75909.1	
76303	75454.5	76303	75454.5	76303	
76969.7	75909.1	76969.7	75909.1	76969.7	
76303	76909.1	76303	76909.1	76303	
76363.6	77121.2	76363.6	77121.2	76363.6	
76757.6	75606.1	76757.6	75606.1	76757.6	
80272.7	77121.2	80272.7	77121.2	80272.7	
74848.5	77060.6	74848.5	77060.6	74848.5	
76909.1	76909.1	76909.1	76909.1	76909.1	
78363.6	77818.2	78363.6	77818.2	78363.6	
75606.1	78424.2	75606.1	78424.2	75606.1	
74606.1	76757.6	74606.1	76757.6	74606.1	
76666.7	77121.2	76666.7	77121.2	76666.7	
76757.6	77969.7	76757.6	77969.7	76757.6	
78727.3	76303	78727.3	76303	78727.3	
74757.6	75060.6	74757.6	75060.6	74757.6	
78363.6	74848.5	78363.6	74848.5	78363.6	
77272.7	75818.2	77272.7	75818.2	77272.7	
76969.7	73909.1	76969.7	73909.1	76969.7	
76757.6	76454.5	76757.6	76454.5	76757.6	
77363.6	75363.6	77363.6	75363.6	77363.6	
78272.7	78060.6	78272.7	78060.6	78272.7	
77272.7	77727.3	77272.7	77727.3	77272.7	
77727.3	77272.7	77727.3	77272.7	77727.3	
76212.1	77272.7	76212.1	77272.7	76212.1	
78363.6	79484.8	78363.6	79484.8	78363.6	
77878.8	75818.2	77878.8	75818.2	77878.8	
77727.3	76909.1	77727.3	76909.1	77727.3	
75969.7	77121.2	75969.7	77121.2	75969.7	
77818.2	76969.7	77818.2	76969.7	77818.2	
77363.6	75909.1	77363.6	75909.1	77363.6	
76212.1	74697	76212.1	74697	76212.1	
75212.1	75515.2	75212.1	75515.2	75212.1	
78272.7	75212.1	78272.7	75212.1	78272.7	
77363.6	77121.2	77363.6	77121.2	77363.6	
77575.8	76454.5	77575.8	76454.5	77575.8	
76757.6	75515.2	76757.6	75515.2	76757.6	
75151.5	74393.9	75151.5	74393.9	75151.5	
76969.7	78060.6	76969.7	78060.6	76969.7	
74242.4	76757.6	74242.4	76757.6	74242.4	
77272.7	76666.7	77272.7	76666.7	77272.7	
76969.7	76212.1	76969.7	76212.1	76969.7	
77121.2	75818.2	77121.2	75818.2	77121.2	
77121.2	77969.7	77121.2	77969.7	77121.2	
78666.7	80030.3	78666.7	80030.3	78666.7	
76969.7	78212.1	76969.7	78212.1	76969.7	
78212.1	75515.2	78212.1	75515.2	78212.1	
77666.7	75757.6	77666.7	75757.6	77666.7	
77969.7	75000	77969.7	75000	77969.7	
77515.2	76363.6	77515.2	76363.6	77515.2	
75303	75757.6	75303	75757.6	75303	
78515.2	77121.2	78515.2	77121.2	78515.2	
77272.7	78363.6	77272.7	78363.6	77272.7	
73757.6	77818.2	73757.6	77818.2	73757.6	
75818.2	73757.6	75818.2	73757.6	75818.2	
77515.2	78818.2	77515.2	78818.2	77515.2	
75454.5	75969.7	75454.5	75969.7	75454.5	
75606.1	78121.2	75606.1	78121.2	75606.1	
78424.2	78424.2	78424.2	78424.2	78424.2	
75606.1	75363.6	75606.1	75363.6	75606.1	
76909.1	76363.6	76909.1	76363.6	76909.1	
74697	79030.3	74697	79030.3	74697	
77212.1	77666.7	77212.1	77666.7	77212.1	
75969.7	77212.1	75969.7	77212.1	75969.7	
75818.2	75969.7	75818.2	75969.7	75818.2	
78272.7	76818.2	78272.7	76818.2	78272.7	
75818.2	73393.9	75818.2	73393.9	75818.2	
77363.6	75909.1	77363.6	75909.1	77363.6	
77363.6	77515.2	77363.6	77515.2	77363.6	
77575.8	75969.7	77575.8	75969.7	77575.8	
78060.6	75515.2	78060.6	75515.2	78060.6	
75151.5	78060.6	75151.5	78060.6	75151.5	
76969.7	75363.6	76969.7	75363.6	76969.7	
75303	76909.1	75303	76909.1	75303	
74848.5	76151.5	74848.5	76151.5	74848.5	
77515.2	76363.6	77515.2	76363.6	77515.2	
77121.2	77515.2	77121.2	77515.2	77121.2	
76969.7	74606.1	76969.7	74606.1	76969.7	
75818.2	76303	75818.2	76303	75818.2	
77575.8	78060.6	77575.8	78060.6	77575.8	
78424.2	78818.2	78424.2	78818.2	78424.2	
77060.6	78121.2	77060.6	78121.2	77060.6	
76515.2	76363.6	76515.2	76363.6	76515.2	
77424.2	75060.6	77424.2	75060.6	77424.2	
77424.2	74303	77424.2	74303	77424.2	
77212.1	77575.8	77212.1	77575.8	77212.1	
75454.5	75666.7	75454.5	75666.7	75454.5	
77666.7	76060.6	77666.7	76060.6	77666.7	
76757.6	78575.8	76757.6	78575.8	76757.6	
77212.1	77121.2	77212.1	77121.2	77212.1	
77818.2	76515.2	77818.2	76515.2	77818.2	
76212.1	75818.2	76212.1	75818.2	76212.1	
76666.7	77575.8	76666.7	77575.8	76666.7	
77727.3	77121.2	77727.3	77121.2	77727.3	
76606.1	78424.2	76606.1	78424.2	76606.1	
78727.3	76151.5	78727.3	76151.5	78727.3	
77818.2	75151.5	77818.2	75151.5	77818.2	
78818.2	75454.5	78818.2	75454.5	78818.2	
76909.1	75060.6	76909.1	75060.6	76909.1	
77515.2	76606.1	77515.2	76606.1	77515.2	
75212.1	76060.6	75212.1	76060.6	75212.1	
79181.8	76515.2	79181.8	76515.2	79181.8	
76666.7	75000	76666.7	75000	76666.7	
76909.1	77212.1	76909.1	77212.1	76909.1	
77969.7	77969.7	77969.7	77969.7	77969.7	
76212.1	76666.7	76212.1	76666.7	76212.1	
76969.7	78878.8	76969.7	78878.8	76969.7	
74060.6	77515.2	74060.6	77515.2	74060.6	
75818.2	76909.1	75818.2	76909.1	75818.2	
77575.8	75606.1	77575.8	75606.1	77575.8	
76454.5	75303	76454.5	75303	76454.5	
74545.5	77121.2	74545.5	77121.2	74545.5	
78575.8	76454.5	78575.8	76454.5	78575.8	
77575.8	76909.1	77575.8	76909.1	77575.8	
76666.7	78272.7	76666.7	78272.7	76666.7	
77121.2	79030.3	77121.2	79030.3	77121.2	
76818.2	77363.6	76818.2	77363.6	76818.2	
74545.5	76515.2	74545.5	76515.2	74545.5	
77727.3	77969.7	77727.3	77969.7	77727.3	
76666.7	76969.7	76666.7	76969.7	76666.7	
75666.7	77969.7	75666.7	77969.7	75666.7	
77515.2	76060.6	77515.2	76060.6	77515.2	
75606.1	76909.1	75606.1	76909.1	75606.1	
74000	76818.2	74000	76818.2	74000	
78212.1	78060.6	78212.1	78060.6	78212.1	
76151.5	76969.7	76151.5	76969.7	76151.5	
79969.7	74848.5	79969.7	74848.5	79969.7	
78272.7	77969.7	78272.7	77969.7	78272.7	
75757.6	76454.5	75757.6	76454.5	75757.6	
75151.5	75515.2	75151.5	75515.2	75151.5	
77272.7	76969.7	77272.7	76969.7	77272.7	
77818.2	76666.7	77818.2	76666.7	77818.2	
76363.6	76818.2	76363.6	76818.2	76363.6	
78666.7	77727.3	78666.7	77727.3	78666.7	
76212.1	78212.1	76212.1	78212.1	76212.1	
77121.2	78969.7	77121.2	78969.7	77121.2	
75060.6	73606.1	75060.6	73606.1	75060.6	
76363.6	75212.1	76363.6	75212.1	76363.6	
77969.7	76454.5	77969.7	76454.5	77969.7	
75666.7	76363.6	75666.7	76363.6	75666.7	
78121.2	77060.6	78121.2	77060.6	78121.2	
77060.6	77121.2	77060.6	77121.2	77060.6	
76666.7	76666.7	76666.7	76666.7	76666.7	
76212.1	75000	76212.1	75000	76212.1	
76151.5	76969.7	76151.5	76969.7	76151.5	
74909.1	74848.5	74909.1	74848.5	74909.1	
76363.6	77363.6	76363.6	77363.6	76363.6	
76969.7	75454.5	76969.7	75454.5	76969.7	
76757.6	77363.6	76757.6	77363.6	76757.6	
77121.2	76666.7	77121.2	76666.7	77121.2	
75606.1	75909.1	75606.1	75909.1	75606.1	
77272.7	75000	77272.7	75000	77272.7	
76515.2	78060.6	76515.2	78060.6	76515.2	
78515.2	76212.1	78515.2	76212.1	78515.2	
75060.6	73909.1	75060.6	73909.1	75060.6	
75818.2	77666.7	75818.2	77666.7	75818.2	
76515.2	77515.2	76515.2	77515.2	76515.2	
77969.7	77818.2	77969.7	77818.2	77969.7	
76818.2	77666.7	76818.2	77666.7	76818.2	
78272.7	78666.7	78272.7	78666.7	78272.7	
77575.8	77878.8	77575.8	77878.8	77575.8	
76909.1	76909.1	76909.1	76909.1	76909.1	
75757.6	76909.1	75757.6	76909.1	75757.6	
75969.7	78515.2	75969.7	78515.2	75969.7	
77272.7	76909.1	77272.7	76909.1	77272.7	
76515.2	77575.8	76515.2	77575.8	76515.2	
75969.7	76757.6	75969.7	76757.6	75969.7	
77424.2	75969.7	77424.2	75969.7	77424.2	
77666.7	76060.6	77666.7	76060.6	77666.7	
77121.2	75060.6	77121.2	75060.6	77121.2	
76303	76818.2	76303	76818.2	76303	
76151.5	77121.2	76151.5	77121.2	76151.5	
74909.1	77363.6	74909.1	77363.6	74909.1	
76515.2	75757.6	76515.2	75757.6	76515.2	
76909.1	75515.2	76909.1	75515.2	76909.1	
76757.6	76606.1	76757.6	76606.1	76757.6	
75757.6	75818.2	75757.6	75818.2	75757.6	
77878.8	78515.2	77878.8	78515.2	77878.8	
77969.7	76212.1	77969.7	76212.1	77969.7	
75818.2	79121.2	75818.2	79121.2	75818.2	
77272.7	76303	77272.7	76303	77272.7	
77272.7	77121.2	77272.7	77121.2	77272.7	
77424.2	75757.6	77424.2	75757.6	77424.2	
76818.2	77969.7	76818.2	77969.7	76818.2	
75909.1	78969.7	75909.1	78969.7	75909.1	
77575.8	74757.6	77575.8	74757.6	77575.8	
76969.7	76909.1	76969.7	76909.1	76969.7	
77363.6	76969.7	77363.6	76969.7	77363.6	
76909.1	76212.1	76909.1	76212.1	76909.1	
76151.5	77515.2	76151.5	77515.2	76151.5	
75151.5	78121.2	75151.5	78121.2	75151.5	
75606.1	76454.5	75606.1	76454.5	75606.1	
73757.6	77121.2	73757.6	77121.2	73757.6	
78121.2	75818.2	78121.2	75818.2	78121.2	
76363.6	75515.2	76363.6	75515.2	76363.6	
76818.2	77666.7	76818.2	77666.7	76818.2	
75515.2	78212.1	75515.2	78212.1	75515.2	
75969.7	77060.6	75969.7	77060.6	75969.7	
75818.2	75606.1	75818.2	75606.1	75818.2	
76060.6	76818.2	76060.6	76818.2	76060.6	
75969.7	74697	75969.7	74697	75969.7	
75606.1	77121.2	75606.1	77121.2	75606.1	
76909.1	76060.6	76909.1	76060.6	76909.1	
75606.1	78424.2	75606.1	78424.2	75606.1	
78818.2	75666.7	78818.2	75666.7	78818.2	
75515.2	77060.6	75515.2	77060.6	75515.2	
77969.7	78424.2	77969.7	78424.2	77969.7	
78272.7	77575.8	78272.7	77575.8	78272.7	
79181.8	75515.2	79181.8	75515.2	79181.8	
77575.8	77969.7	77575.8	77969.7	77575.8	
76666.7	76818.2	76666.7	76818.2	76666.7	
77727.3	75060.6	77727.3	75060.6	77727.3	
77121.2	75454.5	77121.2	75454.5	77121.2	
75303	75757.6	75303	75757.6	75303	
77272.7	77121.2	77272.7	77121.2	77272.7	
76666.7	77666.7	76666.7	77666.7	76666.7	
76757.6	75363.6	76757.6	75363.6	76757.6	
76909.1	78515.2	76909.1	78515.2	76909.1	
77666.7	77727.3	77666.7	77727.3	77666.7	
76363.6	75666.7	76363.6	75666.7	76363.6	
74242.4	74242.4	74242.4	74242.4	74242.4	
75303	78272.7	75303	78272.7	75303	
75969.7	78212.1	75969.7	78212.1	75969.7	
77575.8	76909.1	77575.8	76909.1	77575.8	
76969.7	75818.2	76969.7	75818.2	76969.7	
77424.2	75909.1	77424.2	75909.1	77424.2	
75818.2	76818.2	75818.2	76818.2	75818.2	
76151.5	75303	76151.5	75303	76151.5	
75151.5	76909.1	75151.5	76909.1	75151.5	
73757.6	77878.8	73757.6	77878.8	73757.6	
76909.1	77212.1	76909.1	77212.1	76909.1	
74697	77666.7	74697	77666.7	74697	
76818.2	76454.5	76818.2	76454.5	76818.2	
78212.1	78272.7	78212.1	78272.7	78212.1	
76757.6	75000	76757.6	75000	76757.6	
77060.6	75818.2	77060.6	75818.2	77060.6	
77363.6	74060.6	77363.6	74060.6	77363.6	
74303	76818.2	74303	76818.2	74303	
76969.7	76060.6	76969.7	76060.6	76969.7	
77272.7	76454.5	77272.7	76454.5	77272.7	
76818.2	78515.2	76818.2	78515.2	76818.2	
76818.2	78121.2	76818.2	78121.2	76818.2	
76363.6	76909.1	76363.6	76909.1	76363.6	
76969.7	78212.1	76969.7	78212.1	76969.7	
76060.6	77878.8	76060.6	77878.8	76060.6	
75666.7	77575.8	75666.7	77575.8	75666.7	
74000	77212.1	74000	77212.1	74000	
77727.3	75515.2	77727.3	75515.2	77727.3	
75909.1	77727.3	75909.1	77727.3	75909.1	
78363.6	77272.7	78363.6	77272.7	78363.6	
77969.7	75606.1	77969.7	75606.1	77969.7	
76666.7	75818.2	76666.7	75818.2	76666.7	
78575.8	76515.2	78575.8	76515.2	78575.8	
78272.7	78575.8	78272.7	78575.8	78272.7	
76303	75000	76303	75000	76303	
75151.5	76454.5	75151.5	76454.5	75151.5	
77878.8	76666.7	77878.8	76666.7	77878.8	
78515.2	75969.7	78515.2	75969.7	78515.2	
75909.1	78515.2	75909.1	78515.2	75909.1	
75969.7	75060.6	75969.7	75060.6	75969.7	
76515.2	74393.9	76515.2	74393.9	76515.2	
77121.2	78515.2	77121.2	78515.2	77121.2	
75757.6	74303	75757.6	74303	75757.6	
77060.6	75454.5	77060.6	75454.5	77060.6	
77515.2	77060.6	77515.2	77060.6	77515.2	
75515.2	76303	75515.2	76303	75515.2	
77363.6	75454.5	77363.6	75454.5	77363.6	
78212.1	77575.8	78212.1	77575.8	78212.1	
74393.9	77272.7	74393.9	77272.7	74393.9	
76757.6	77424.2	76757.6	77424.2	76757.6	
79272.7	77666.7	79272.7	77666.7	79272.7	
76060.6	77575.8	76060.6	77575.8	76060.6	
75454.5	75757.6	75454.5	75757.6	75454.5	
76757.6	76969.7	76757.6	76969.7	76757.6	
76363.6	74303	76363.6	74303	76363.6	
76303	75454.5	76303	75454.5	76303	
77878.8	75454.5	77878.8	75454.5	77878.8	
78060.6	76060.6	78060.6	76060.6	78060.6	
78666.7	76818.2	78666.7	76818.2	78666.7	
77575.8	77424.2	77575.8	77424.2	77575.8	
77060.6	76212.1	77060.6	76212.1	77060.6	
76666.7	76666.7	76666.7	76666.7	76666.7	
77363.6	76818.2	77363.6	76818.2	77363.6	
75969.7	76606.1	75969.7	76606.1	75969.7	
75454.5	74606.1	75454.5	74606.1	75454.5	
77272.7	76454.5	77272.7	76454.5	77272.7	
74697	78060.6	74697	78060.6	74697	
77121.2	76757.6	77121.2	76757.6	77121.2	
75363.6	77212.1	75363.6	77212.1	75363.6	
75454.5	77424.2	75454.5	77424.2	75454.5	
76060.6	76666.7	76060.6	76666.7	76060.6	
76303	76757.6	76303	76757.6	76303	
77363.6	73151.5	77363.6	73151.5	77363.6	
77363.6	77515.2	77363.6	77515.2	77363.6	
76818.2	77060.6	76818.2	77060.6	76818.2	
76969.7	75606.1	76969.7	75606.1	76969.7	
76909.1	75000	76909.1	75000	76909.1	
76060.6	76303	76060.6	76303	76060.6	
75303	77212.1	75303	77212.1	75303	
75515.2	73757.6	75515.2	73757.6	75515.2	
76818.2	75515.2	76818.2	75515.2	76818.2	
75363.6	77666.7	75363.6	77666.7	75363.6	
76666.7	76757.6	76666.7	76757.6	76666.7	
76454.5	76151.5	76454.5	76151.5	76454.5	
78666.7	74757.6	78666.7	74757.6	78666.7	
77363.6	77424.2	77363.6	77424.2	77363.6	
75363.6	78666.7	75363.6	78666.7	75363.6	
77121.2	76969.7	77121.2	76969.7	77121.2	
74697	77424.2	74697	77424.2	74697	
74909.1	76303	74909.1	76303	74909.1	
78818.2	77060.6	78818.2	77060.6	78818.2	
76454.5	75666.7	76454.5	75666.7	76454.5	
78878.8	75909.1	78878.8	75909.1	78878.8	
76909.1	76151.5	76909.1	76151.5	76909.1	
77121.2	76606.1	77121.2	76606.1	77121.2	
76212.1	76060.6	76212.1	76060.6	76212.1	
77121.2	76909.1	77121.2	76909.1	77121.2	
78060.6	76606.1	78060.6	76606.1	78060.6	
75515.2	76818.2	75515.2	76818.2	75515.2	
74909.1	76454.5	74909.1	76454.5	74909.1	
77060.6	77727.3	77060.6	77727.3	77060.6	
77969.7	75969.7	77969.7	75969.7	77969.7	
76454.5	76757.6	76454.5	76757.6	76454.5	
76212.1	73393.9	76212.1	73393.9	76212.1	
76515.2	76969.7	76515.2	76969.7	76515.2	
77575.8	75666.7	77575.8	75666.7	77575.8	
76515.2	76151.5	76515.2	76151.5	76515.2	
75909.1	74848.5	75909.1	74848.5	75909.1	
75515.2	75757.6	75515.2	75757.6	75515.2	
75969.7	76969.7	75969.7	76969.7	75969.7	
76060.6	75969.7	76060.6	75969.7	76060.6	
77969.7	75909.1	77969.7	75909.1	77969.7	
75212.1	76818.2	75212.1	76818.2	75212.1	
76969.7	74393.9	76969.7	74393.9	76969.7	
76303	76515.2	76303	76515.2	76303	
77878.8	73545.5	77878.8	73545.5	77878.8	
76666.7	74757.6	76666.7	74757.6	76666.7	
75151.5	77666.7	75151.5	77666.7	75151.5	
77121.2	76151.5	77121.2	76151.5	77121.2	
77515.2	77212.1	77515.2	77212.1	77515.2	
76969.7	76757.6	76969.7	76757.6	76969.7	
74848.5	78878.8	74848.5	78878.8	74848.5	
74545.5	77727.3	74545.5	77727.3	74545.5	
75060.6	75909.1	75060.6	75909.1	75060.6	
75969.7	77818.2	75969.7	77818.2	75969.7	
76666.7	77575.8	76666.7	77575.8	76666.7	
74242.4	77272.7	74242.4	77272.7	74242.4	
78060.6	77969.7	78060.6	77969.7	78060.6	
75969.7	76303	75969.7	76303	75969.7	
76606.1	76606.1	76606.1	76606.1	76606.1	
76515.2	76363.6	76515.2	76363.6	76515.2	
77121.2	75909.1	77121.2	75909.1	77121.2	
75818.2	77272.7	75818.2	77272.7	75818.2	
75060.6	76151.5	75060.6	76151.5	75060.6	
79181.8	76454.5	79181.8	76454.5	79181.8	
75666.7	75303	75666.7	75303	75666.7	
76454.5	75666.7	76454.5	75666.7	76454.5	
78060.6	78666.7	78060.6	78666.7	78060.6	
77818.2	76818.2	77818.2	76818.2	77818.2	
78818.2	75151.5	78818.2	75151.5	78818.2	
77363.6	75818.2	77363.6	75818.2	77363.6	
78515.2	77515.2	78515.2	77515.2	78515.2	
75363.6	74454.5	75363.6	74454.5	75363.6	
76757.6	75969.7	76757.6	75969.7	76757.6	
77878.8	76515.2	77878.8	76515.2	77878.8	
78515.2	76666.7	78515.2	76666.7	78515.2	
76060.6	75818.2	76060.6	75818.2	76060.6	
75666.7	78575.8	75666.7	78575.8	75666.7	
76060.6	75515.2	76060.6	75515.2	76060.6	
77424.2	74303	77424.2	74303	77424.2	
76060.6	76060.6	76060.6	76060.6	76060.6	
76060.6	76060.6	76060.6	76060.6	76060.6	
78727.3	76818.2	78727.3	76818.2	78727.3	
74060.6	77121.2	74060.6	77121.2	74060.6	
77363.6	76666.7	77363.6	76666.7	77363.6	
76515.2	76818.2	76515.2	76818.2	76515.2	
75757.6	76060.6	75757.6	76060.6	75757.6	
76454.5	78272.7	76454.5	78272.7	76454.5	
76454.5	77060.6	76454.5	77060.6	76454.5	
76060.6	76969.7	76060.6	76969.7	76060.6	
75363.6	75060.6	75363.6	75060.6	75363.6	
76818.2	75454.5	76818.2	75454.5	76818.2	
76969.7	76666.7	76969.7	76666.7	76969.7	
74545.5	77727.3	74545.5	77727.3	74545.5	
76666.7	78212.1	76666.7	78212.1	76666.7	
76606.1	77363.6	76606.1	77363.6	76606.1	
77212.1	76818.2	77212.1	76818.2	77212.1	
78212.1	76363.6	78212.1	76363.6	78212.1	
77424.2	75818.2	77424.2	75818.2	77424.2	
75757.6	75757.6	75757.6	75757.6	75757.6	
77818.2	77424.2	77818.2	77424.2	77818.2	
78878.8	78424.2	78878.8	78424.2	78878.8	
76060.6	77727.3	76060.6	77727.3	76060.6	
75969.7	75606.1	75969.7	75606.1	75969.7	
77424.2	76666.7	77424.2	76666.7	77424.2	
76757.6	76454.5	76757.6	76454.5	76757.6	
78363.6	75969.7	78363.6	75969.7	78363.6	
77727.3	76606.1	77727.3	76606.1	77727.3	
75212.1	75818.2	75212.1	75818.2	75212.1	
76606.1	78363.6	76606.1	78363.6	76606.1	
76060.6	76363.6	76060.6	76363.6	76060.6	
76303	75363.6	76303	75363.6	76303	
77363.6	76151.5	77363.6	76151.5	77363.6	
76969.7	77727.3	76969.7	77727.3	76969.7	
75060.6	77515.2	75060.6	77515.2	75060.6	
76363.6	78666.7	76363.6	78666.7	76363.6	
76454.5	76303	76454.5	76303	76454.5	
77878.8	77121.2	77878.8	77121.2	77878.8	
76666.7	77818.2	76666.7	77818.2	76666.7	
75666.7	75969.7	75666.7	75969.7	75666.7	
75909.1	75969.7	75909.1	75969.7	75909.1	
75454.5	77060.6	75454.5	77060.6	75454.5	
76363.6	77060.6	76363.6	77060.6	76363.6	
77272.7	77060.6	77272.7	77060.6	77272.7	
75060.6	74000	75060.6	74000	75060.6	
75969.7	77212.1	75969.7	77212.1	75969.7	
74848.5	76060.6	74848.5	76060.6	74848.5	
75000	76060.6	75000	76060.6	75000	
76515.2	77424.2	76515.2	77424.2	76515.2	
73848.5	79424.2	73848.5	79424.2	73848.5	
76303	75060.6	76303	75060.6	76303	
76212.1	75303	76212.1	75303	76212.1	
75212.1	75757.6	75212.1	75757.6	75212.1	
77060.6	77363.6	77060.6	77363.6	77060.6	
76151.5	76969.7	76151.5	76969.7	76151.5	
78121.2	74000	78121.2	74000	78121.2	
77818.2	75060.6	77818.2	75060.6	77818.2	
77121.2	75757.6	77121.2	75757.6	77121.2	
77121.2	76515.2	77121.2	76515.2	77121.2	
76666.7	76515.2	76666.7	76515.2	76666.7	
75363.6	77424.2	75363.6	77424.2	75363.6	
77666.7	77818.2	77666.7	77818.2	77666.7	
77363.6	76818.2	77363.6	76818.2	77363.6	
75666.7	78575.8	75666.7	78575.8	75666.7	
77272.7	75212.1	77272.7	75212.1	77272.7	
77363.6	77060.6	77363.6	77060.6	77363.6	
76969.7	77212.1	76969.7	77212.1	76969.7	
76666.7	76151.5	76666.7	76151.5	76666.7	
76606.1	78666.7	76606.1	78666.7	76606.1	
75909.1	76818.2	75909.1	76818.2	75909.1	
76212.1	76212.1	76212.1	76212.1	76212.1	
77272.7	76909.1	77272.7	76909.1	77272.7	
79575.8	76666.7	79575.8	76666.7	79575.8	
76909.1	74454.5	76909.1	74454.5	76909.1	
79181.8	77212.1	79181.8	77212.1	79181.8	
78878.8	77666.7	78878.8	77666.7	78878.8	
76363.6	75515.2	76363.6	75515.2	76363.6	
76151.5	73757.6	76151.5	73757.6	76151.5	
76757.6	77060.6	76757.6	77060.6	76757.6	
76969.7	76303	76969.7	76303	76969.7	
78363.6	76666.7	78363.6	76666.7	78363.6	
77878.8	78363.6	77878.8	78363.6	77878.8	
75303	77969.7	75303	77969.7	75303	
76060.6	76212.1	76060.6	76212.1	76060.6	
75909.1	76303	75909.1	76303	75909.1	
75969.7	76060.6	75969.7	76060.6	75969.7	
77727.3	77363.6	77727.3	77363.6	77727.3	
77818.2	76666.7	77818.2	76666.7	77818.2	
76363.6	75818.2	76363.6	75818.2	76363.6	
77212.1	77212.1	77212.1	77212.1	77212.1	
77060.6	79727.3	77060.6	79727.3	77060.6	
76757.6	75303	76757.6	75303	76757.6	
77363.6	74545.5	77363.6	74545.5	77363.6	
76363.6	75606.1	76363.6	75606.1	76363.6	
76909.1	76757.6	76909.1	76757.6	76909.1	
76818.2	75303	76818.2	75303	76818.2	
76818.2	73848.5	76818.2	73848.5	76818.2	
78515.2	76818.2	78515.2	76818.2	78515.2	
76060.6	75818.2	76060.6	75818.2	76060.6	
77212.1	80484.8	77212.1	80484.8	77212.1	
76606.1	76303	76606.1	76303	76606.1	
76909.1	78575.8	76909.1	78575.8	76909.1	
77575.8	76757.6	77575.8	76757.6	77575.8	
76515.2	76363.6	76515.2	76363.6	76515.2	
77060.6	78878.8	77060.6	78878.8	77060.6	
76757.6	75818.2	76757.6	75818.2	76757.6	
77060.6	75303	77060.6	75303	77060.6	
75303	78060.6	75303	78060.6	75303	
75212.1	74848.5	75212.1	74848.5	75212.1	
77727.3	76666.7	77727.3	76666.7	77727.3	
76060.6	75000	76060.6	75000	76060.6	
76212.1	75818.2	76212.1	75818.2	76212.1	
76757.6	74757.6	76757.6	74757.6	76757.6	
77424.2	79424.2	77424.2	79424.2	77424.2	
76151.5	78515.2	76151.5	78515.2	76151.5	
76212.1	76757.6	76212.1	76757.6	76212.1	
76454.5	76060.6	76454.5	76060.6	76454.5	
76666.7	76757.6	76666.7	76757.6	76666.7	
76757.6	76818.2	76757.6	76818.2	76757.6	
75757.6	77575.8	75757.6	77575.8	75757.6	
76454.5	76666.7	76454.5	76666.7	76454.5	
77121.2	78060.6	77121.2	78060.6	77121.2	
77272.7	76515.2	77272.7	76515.2	77272.7	
78515.2	75363.6	78515.2	75363.6	78515.2	
75454.5	76666.7	75454.5	76666.7	75454.5	
78060.6	76363.6	78060.6	76363.6	78060.6	
77363.6	73242.4	77363.6	73242.4	77363.6	
74697	76303	74697	76303	74697	
77575.8	75818.2	77575.8	75818.2	77575.8	
76969.7	75757.6	76969.7	75757.6	76969.7	
77818.2	75303	77818.2	75303	77818.2	
77878.8	77666.7	77878.8	77666.7	77878.8	
76757.6	76303	76757.6	76303	76757.6	
75454.5	75909.1	75454.5	75909.1	75454.5	
74848.5	75757.6	74848.5	75757.6	74848.5	
76454.5	75515.2	76454.5	75515.2	76454.5	
78212.1	77424.2	78212.1	77424.2	78212.1	
76060.6	76757.6	76060.6	76757.6	76060.6	
75151.5	75363.6	75151.5	75363.6	75151.5	
75000	76515.2	75000	76515.2	75000	
76363.6	76363.6	76363.6	76363.6	76363.6	
76212.1	78424.2	76212.1	78424.2	76212.1	
78363.6	76818.2	78363.6	76818.2	78363.6	
76363.6	76909.1	76363.6	76909.1	76363.6	
78727.3	74303	78727.3	74303	78727.3	
76515.2	76060.6	76515.2	76060.6	76515.2	
74303	76757.6	74303	76757.6	74303	
77363.6	74606.1	77363.6	74606.1	77363.6	
77121.2	78121.2	77121.2	78121.2	77121.2	
77363.6	76060.6	77363.6	76060.6	77363.6	
74606.1	75909.1	74606.1	75909.1	74606.1	
76212.1	75757.6	76212.1	75757.6	76212.1	
78666.7	76818.2	78666.7	76818.2	78666.7	
75363.6	76606.1	75363.6	76606.1	75363.6	
74393.9	76969.7	74393.9	76969.7	74393.9	
76969.7	77818.2	76969.7	77818.2	76969.7	
75969.7	79272.7	75969.7	79272.7	75969.7	
78121.2	76454.5	78121.2	76454.5	78121.2	
77515.2	76606.1	77515.2	76606.1	77515.2	
76303	78060.6	76303	78060.6	76303	
75000	76151.5	75000	76151.5	75000	
76151.5	75969.7	76151.5	75969.7	76151.5	
74454.5	77727.3	74454.5	77727.3	74454.5	
76151.5	75060.6	76151.5	75060.6	76151.5	
76909.1	76606.1	76909.1	76606.1	76909.1	
75363.6	74545.5	75363.6	74545.5	75363.6	
77727.3	76454.5	77727.3	76454.5	77727.3	
78121.2	75212.1	78121.2	75212.1	78121.2	
76818.2	76151.5	76818.2	76151.5	76818.2	
78878.8	75969.7	78878.8	75969.7	78878.8	
75363.6	75454.5	75363.6	75454.5	75363.6	
76909.1	75909.1	76909.1	75909.1	76909.1	
77515.2	76969.7	77515.2	76969.7	77515.2	
76606.1	77878.8	76606.1	77878.8	76606.1	
76666.7	76151.5	76666.7	76151.5	76666.7	
76454.5	75303	76454.5	75303	76454.5	
78121.2	76303	78121.2	76303	78121.2	
78575.8	77424.2	78575.8	77424.2	78575.8	
75666.7	79272.7	75666.7	79272.7	75666.7	
77727.3	75909.1	77727.3	75909.1	77727.3	
74242.4	78727.3	74242.4	78727.3	74242.4	
77515.2	75363.6	77515.2	75363.6	77515.2	
76212.1	77515.2	76212.1	77515.2	76212.1	
76151.5	76909.1	76151.5	76909.1	76151.5	
76909.1	75060.6	76909.1	75060.6	76909.1	
78212.1	76151.5	78212.1	76151.5	78212.1	
78575.8	78121.2	78575.8	78121.2	78575.8	
76606.1	75515.2	76606.1	75515.2	76606.1	
77272.7	76151.5	77272.7	76151.5	77272.7	
75969.7	75818.2	75969.7	75818.2	75969.7	
76515.2	75909.1	76515.2	75909.1	76515.2	
76666.7	77363.6	76666.7	77363.6	76666.7	
77212.1	76212.1	77212.1	76212.1	77212.1	
76818.2	75454.5	76818.2	75454.5	76818.2	
74606.1	76969.7	74606.1	76969.7	74606.1	
78121.2	76606.1	78121.2	76606.1	78121.2	
75454.5	76666.7	75454.5	76666.7	75454.5	
76454.5	74303	76454.5	74303	76454.5	
77515.2	76666.7	77515.2	76666.7	77515.2	
77424.2	77575.8	77424.2	77575.8	77424.2	
77363.6	77818.2	77363.6	77818.2	77363.6	
77121.2	75303	77121.2	75303	77121.2	
77121.2	76212.1	77121.2	76212.1	77121.2	
74757.6	74393.9	74757.6	74393.9	74757.6	
75969.7	75909.1	75969.7	75909.1	75969.7	
74697	75969.7	74697	75969.7	74697	
75969.7	76909.1	75969.7	76909.1	75969.7	
76757.6	77666.7	76757.6	77666.7	76757.6	
77212.1	75666.7	77212.1	75666.7	77212.1	
77212.1	75818.2	77212.1	75818.2	77212.1	
76303	75363.6	76303	75363.6	76303	
76151.5	77363.6	76151.5	77363.6	76151.5	
76515.2	77878.8	76515.2	77878.8	76515.2	
75363.6	75363.6	75363.6	75363.6	75363.6	
75969.7	77878.8	75969.7	77878.8	75969.7	
77212.1	78272.7	77212.1	78272.7	77212.1	
74697	76212.1	74697	76212.1	74697	
76909.1	74060.6	76909.1	74060.6	76909.1	
74606.1	76303	74606.1	76303	74606.1	
77818.2	76818.2	77818.2	76818.2	77818.2	
75969.7	75757.6	75969.7	75757.6	75969.7	
77363.6	74757.6	77363.6	74757.6	77363.6	
80272.7	77969.7	80272.7	77969.7	80272.7	
76818.2	75212.1	76818.2	75212.1	76818.2	
77212.1	74606.1	77212.1	74606.1	77212.1	
77060.6	72848.5	77060.6	72848.5	77060.6	
75000	76303	75000	76303	75000	
75363.6	75606.1	75363.6	75606.1	75363.6	
75969.7	75000	75969.7	75000	75969.7	
76454.5	76666.7	76454.5	76666.7	76454.5	
75909.1	77515.2	75909.1	77515.2	75909.1	
76909.1	74000	76909.1	74000	76909.1	
76151.5	76757.6	76151.5	76757.6	76151.5	
76454.5	77060.6	76454.5	77060.6	76454.5	
75909.1	77727.3	75909.1	77727.3	75909.1	
75060.6	76303	75060.6	76303	75060.6	
77363.6	74393.9	77363.6	74393.9	77363.6	
75909.1	76818.2	75909.1	76818.2	75909.1	
75909.1	75000	75909.1	75000	75909.1	
75969.7	77666.7	75969.7	77666.7	75969.7	
77666.7	74303	77666.7	74303	77666.7	
75606.1	76606.1	75606.1	76606.1	75606.1	
76303	77666.7	76303	77666.7	76303	
75060.6	78121.2	75060.6	78121.2	75060.6	
75060.6	76363.6	75060.6	76363.6	75060.6	
77727.3	78363.6	77727.3	78363.6	77727.3	
78272.7	77969.7	78272.7	77969.7	78272.7	
74606.1	76363.6	74606.1	76363.6	74606.1	
76909.1	74606.1	76909.1	74606.1	76909.1	
75969.7	76363.6	75969.7	76363.6	75969.7	
77060.6	75969.7	77060.6	75969.7	77060.6	
76363.6	76060.6	76363.6	76060.6	76363.6	
76515.2	77121.2	76515.2	77121.2	76515.2	
75666.7	76969.7	75666.7	76969.7	75666.7	
76303	75000	76303	75000	76303	
74545.5	77363.6	74545.5	77363.6	74545.5	
76818.2	75454.5	76818.2	75454.5	76818.2	
77060.6	76757.6	77060.6	76757.6	77060.6	
75969.7	76060.6	75969.7	76060.6	75969.7	
76909.1	75969.7	76909.1	75969.7	76909.1	
75303	75909.1	75303	75909.1	75303	
77060.6	76666.7	77060.6	76666.7	77060.6	
75454.5	79121.2	75454.5	79121.2	75454.5	
73545.5	75303	73545.5	75303	73545.5	
74151.5	76909.1	74151.5	76909.1	74151.5	
77060.6	77363.6	77060.6	77363.6	77060.6	
73757.6	74242.4	73757.6	74242.4	73757.6	
76818.2	76060.6	76818.2	76060.6	76818.2	
78272.7	78878.8	78272.7	78878.8	78272.7	
76454.5	78424.2	76454.5	78424.2	76454.5	
76212.1	74545.5	76212.1	74545.5	76212.1	
76454.5	76515.2	76454.5	76515.2	76454.5	
79333.3	76666.7	79333.3	76666.7	79333.3	
76969.7	76212.1	76969.7	76212.1	76969.7	
78060.6	75818.2	78060.6	75818.2	78060.6	
76151.5	77878.8	76151.5	77878.8	76151.5	
75757.6	77666.7	75757.6	77666.7	75757.6	
76757.6	76060.6	76757.6	76060.6	76757.6	
74697	74151.5	74697	74151.5	74697	
76454.5	77272.7	76454.5	77272.7	76454.5	
76060.6	75606.1	76060.6	75606.1	76060.6	
75606.1	76060.6	75606.1	76060.6	75606.1	
76666.7	75454.5	76666.7	75454.5	76666.7	
78272.7	78424.2	78272.7	78424.2	78272.7	
77575.8	76969.7	77575.8	76969.7	77575.8	
74393.9	76303	74393.9	76303	74393.9	
77363.6	78515.2	77363.6	78515.2	77363.6	
75303	75909.1	75303	75909.1	75303	
77727.3	77363.6	77727.3	77363.6	77727.3	
76212.1	76060.6	76212.1	76060.6	76212.1	
77212.1	75363.6	77212.1	75363.6	77212.1	
76060.6	75454.5	76060.6	75454.5	76060.6	
76303	76909.1	76303	76909.1	76303	
76909.1	76969.7	76909.1	76969.7	76909.1	
77363.6	78212.1	77363.6	78212.1	77363.6	
76151.5	78878.8	76151.5	78878.8	76151.5	
76363.6	76969.7	76363.6	76969.7	76363.6	
75515.2	74151.5	75515.2	74151.5	75515.2	
76909.1	76060.6	76909.1	76060.6	76909.1	
75757.6	76515.2	75757.6	76515.2	75757.6	
75454.5	78212.1	75454.5	78212.1	75454.5	
77424.2	76515.2	77424.2	76515.2	77424.2	
76212.1	78878.8	76212.1	78878.8	76212.1	
75060.6	78515.2	75060.6	78515.2	75060.6	
78969.7	76303	78969.7	76303	78969.7	
77121.2	77121.2	77121.2	77121.2	77121.2	
76454.5	75363.6	76454.5	75363.6	76454.5	
75515.2	76363.6	75515.2	76363.6	75515.2	
77515.2	76666.7	77515.2	76666.7	77515.2	
77969.7	77666.7	77969.7	77666.7	77969.7	
75363.6	75515.2	75363.6	75515.2	75363.6	
77575.8	75969.7	77575.8	75969.7	77575.8	
74393.9	76818.2	74393.9	76818.2	74393.9	
75212.1	75606.1	75212.1	75606.1	75212.1	
76515.2	78818.2	76515.2	78818.2	76515.2	
76303	75151.5	76303	75151.5	76303	
75000	78121.2	75000	78121.2	75000	
75818.2	76454.5	75818.2	76454.5	75818.2	
74242.4	77515.2	74242.4	77515.2	74242.4	
76303	76060.6	76303	76060.6	76303	
77060.6	76515.2	77060.6	76515.2	77060.6	
75060.6	75515.2	75060.6	75515.2	75060.6	
76515.2	76969.7	76515.2	76969.7	76515.2	
77121.2	75515.2	77121.2	75515.2	77121.2	
76151.5	77575.8	76151.5	77575.8	76151.5	
78212.1	75666.7	78212.1	75666.7	78212.1	
76909.1	76818.2	76909.1	76818.2	76909.1	
78424.2	77272.7	78424.2	77272.7	78424.2	
74909.1	76969.7	74909.1	76969.7	74909.1	
75757.6	79727.3	75757.6	79727.3	75757.6	
76818.2	76454.5	76818.2	76454.5	76818.2	
77212.1	77363.6	77212.1	77363.6	77212.1	
75515.2	74393.9	75515.2	74393.9	75515.2	
77878.8	77575.8	77878.8	77575.8	77878.8	
76969.7	75757.6	76969.7	75757.6	76969.7	
76454.5	75757.6	76454.5	75757.6	76454.5	
77666.7	76363.6	77666.7	76363.6	77666.7	
76818.2	77060.6	76818.2	77060.6	76818.2	
75151.5	75606.1	75151.5	75606.1	75151.5	
77272.7	78060.6	77272.7	78060.6	77272.7	
76666.7	75757.6	76666.7	75757.6	76666.7	
76818.2	76060.6	76818.2	76060.6	76818.2	
76909.1	75757.6	76909.1	75757.6	76909.1	
76363.6	76757.6	76363.6	76757.6	76363.6	
75606.1	73848.5	75606.1	73848.5	75606.1	
75757.6	74848.5	75757.6	74848.5	75757.6	
78272.7	77424.2	78272.7	77424.2	78272.7	
74606.1	76363.6	74606.1	76363.6	74606.1	
76515.2	75454.5	76515.2	75454.5	76515.2	
77363.6	76909.1	77363.6	76909.1	77363.6	
76212.1	74848.5	76212.1	74848.5	76212.1	
79424.2	77666.7	79424.2	77666.7	79424.2	
77121.2	77424.2	77121.2	77424.2	77121.2	
75818.2	74393.9	75818.2	74393.9	75818.2	
75909.1	78272.7	75909.1	78272.7	75909.1	
77060.6	77727.3	77060.6	77727.3	77060.6	
75151.5	79272.7	75151.5	79272.7	75151.5	
76909.1	77060.6	76909.1	77060.6	76909.1	
75909.1	76303	75909.1	76303	75909.1	
75818.2	76212.1	75818.2	76212.1	75818.2	
76212.1	76454.5	76212.1	76454.5	76212.1	
75303	78878.8	75303	78878.8	75303	
79484.8	75606.1	79484.8	75606.1	79484.8	
75212.1	78878.8	75212.1	78878.8	75212.1	
76969.7	76757.6	76969.7	76757.6	76969.7	
75666.7	75909.1	75666.7	75909.1	75666.7	
75666.7	77575.8	75666.7	77575.8	75666.7	
75757.6	77818.2	75757.6	77818.2	75757.6	
77121.2	76060.6	77121.2	76060.6	77121.2	
75757.6	75757.6	75757.6	75757.6	75757.6	
78272.7	78424.2	78272.7	78424.2	78272.7	
73848.5	76515.2	73848.5	76515.2	73848.5	
77575.8	75363.6	77575.8	75363.6	77575.8	
76454.5	74697	76454.5	74697	76454.5	
75151.5	77121.2	75151.5	77121.2	75151.5	
74848.5	78878.8	74848.5	78878.8	74848.5	
76757.6	76606.1	76757.6	76606.1	76757.6	
75454.5	77212.1	75454.5	77212.1	75454.5	
76818.2	77515.2	76818.2	77515.2	76818.2	
75303	76606.1	75303	76606.1	75303	
76363.6	75909.1	76363.6	75909.1	76363.6	
76515.2	75666.7	76515.2	75666.7	76515.2	
75606.1	76909.1	75606.1	76909.1	75606.1	
75363.6	76151.5	75363.6	76151.5	75363.6	
75666.7	76909.1	75666.7	76909.1	75666.7	
77878.8	74757.6	77878.8	74757.6	77878.8	
77060.6	77515.2	77060.6	77515.2	77060.6	
74909.1	76303	74909.1	76303	74909.1	
77969.7	76515.2	77969.7	76515.2	77969.7	
75666.7	77060.6	75666.7	77060.6	75666.7	
78969.7	78575.8	78969.7	78575.8	78969.7	
76060.6	75060.6	76060.6	75060.6	76060.6	
76818.2	76909.1	76818.2	76909.1	76818.2	
75909.1	77363.6	75909.1	77363.6	75909.1	
75666.7	76060.6	75666.7	76060.6	75666.7	
77212.1	77121.2	77212.1	77121.2	77212.1	
77575.8	77818.2	77575.8	77818.2	77575.8	
75060.6	76151.5	75060.6	76151.5	75060.6	
76909.1	76818.2	76909.1	76818.2	76909.1	
74454.5	76818.2	74454.5	76818.2	74454.5	
75515.2	76151.5	75515.2	76151.5	75515.2	
76060.6	76606.1	76060.6	76606.1	76060.6	
75969.7	75606.1	75969.7	75606.1	75969.7	
75666.7	74757.6	75666.7	74757.6	75666.7	
75666.7	76909.1	75666.7	76909.1	75666.7	
75151.5	77575.8	75151.5	77575.8	75151.5	
76212.1	75363.6	76212.1	75363.6	76212.1	
77060.6	80272.7	77060.6	80272.7	77060.6	
75515.2	76454.5	75515.2	76454.5	75515.2	
76454.5	73848.5	76454.5	73848.5	76454.5	
75606.1	78363.6	75606.1	78363.6	75606.1	
76757.6	73697	76757.6	73697	76757.6	
76060.6	75818.2	76060.6	75818.2	76060.6	
75303	77121.2	75303	77121.2	75303	
75303	77060.6	75303	77060.6	75303	
76909.1	76303	76909.1	76303	76909.1	
76060.6	77272.7	76060.6	77272.7	76060.6	
75909.1	76818.2	75909.1	76818.2	75909.1	
73697	77666.7	73697	77666.7	73697	
76303	75909.1	76303	75909.1	76303	
74757.6	75666.7	74757.6	75666.7	74757.6	
76666.7	76212.1	76666.7	76212.1	76666.7	
75212.1	75969.7	75212.1	75969.7	75212.1	
75757.6	76515.2	75757.6	76515.2	75757.6	
76909.1	74757.6	76909.1	74757.6	76909.1	
79484.8	75212.1	79484.8	75212.1	79484.8	
76666.7	75666.7	76666.7	75666.7	76666.7	
79121.2	74303	79121.2	74303	79121.2	
78060.6	76303	78060.6	76303	78060.6	
78575.8	77515.2	78575.8	77515.2	78575.8	
75303	76212.1	75303	76212.1	75303	
75757.6	75363.6	75757.6	75363.6	75757.6	
75151.5	75909.1	75151.5	75909.1	75151.5	
76909.1	77515.2	76909.1	77515.2	76909.1	
75303	74909.1	75303	74909.1	75303	
75666.7	77515.2	75666.7	77515.2	75666.7	
74848.5	76303	74848.5	76303	74848.5	
76363.6	76151.5	76363.6	76151.5	76363.6	
76151.5	79484.8	76151.5	79484.8	76151.5	
74151.5	75757.6	74151.5	75757.6	74151.5	
76454.5	77666.7	76454.5	77666.7	76454.5	
75757.6	77363.6	75757.6	77363.6	75757.6	
79272.7	78666.7	79272.7	78666.7	79272.7	
76515.2	77272.7	76515.2	77272.7	76515.2	
74606.1	75303	74606.1	75303	74606.1	
75454.5	75303	75454.5	75303	75454.5	
77575.8	78969.7	77575.8	78969.7	77575.8	
74151.5	75515.2	74151.5	75515.2	74151.5	
75363.6	76515.2	75363.6	76515.2	75363.6	
77272.7	75212.1	77272.7	75212.1	77272.7	
75454.5	76151.5	75454.5	76151.5	75454.5	
78363.6	79030.3	78363.6	79030.3	78363.6	
76151.5	78212.1	76151.5	78212.1	76151.5	
76757.6	76303	76757.6	76303	76757.6	
78363.6	76515.2	78363.6	76515.2	78363.6	
75909.1	75303	75909.1	75303	75909.1	
76454.5	77363.6	76454.5	77363.6	76454.5	
76969.7	76818.2	76969.7	76818.2	76969.7	
78515.2	73848.5	78515.2	73848.5	78515.2	
75818.2	76303	75818.2	76303	75818.2	
75212.1	78575.8	75212.1	78575.8	75212.1	
76060.6	77272.7	76060.6	77272.7	76060.6	
79878.8	79969.7	79878.8	79969.7	79878.8	
76818.2	77818.2	76818.2	77818.2	76818.2	
76515.2	76757.6	76515.2	76757.6	76515.2	
76060.6	75000	76060.6	75000	76060.6	
78060.6	76363.6	78060.6	76363.6	78060.6	
75212.1	76606.1	75212.1	76606.1	75212.1	
75212.1	73393.9	75212.1	73393.9	75212.1	
77969.7	76363.6	77969.7	76363.6	77969.7	
76363.6	76909.1	76363.6	76909.1	76363.6	
75666.7	76666.7	75666.7	76666.7	75666.7	
74848.5	77818.2	74848.5	77818.2	74848.5	
75909.1	76818.2	75909.1	76818.2	75909.1	
75909.1	77121.2	75909.1	77121.2	75909.1	
76818.2	76151.5	76818.2	76151.5	76818.2	
77212.1	77424.2	77212.1	77424.2	77212.1	
74848.5	77666.7	74848.5	77666.7	74848.5	
75969.7	78575.8	75969.7	78575.8	75969.7	
76454.5	77515.2	76454.5	77515.2	76454.5	
76454.5	75606.1	76454.5	75606.1	76454.5	
73242.4	78878.8	73242.4	78878.8	73242.4	
74060.6	77272.7	74060.6	77272.7	74060.6	
76303	77272.7	76303	77272.7	76303	
76060.6	75666.7	76060.6	75666.7	76060.6	
76969.7	74909.1	76969.7	74909.1	76969.7	
77666.7	74697	77666.7	74697	77666.7	
75515.2	74060.6	75515.2	74060.6	75515.2	
77212.1	77272.7	77212.1	77272.7	77212.1	
76969.7	74606.1	76969.7	74606.1	76969.7	
76212.1	76363.6	76212.1	76363.6	76212.1	
76363.6	76606.1	76363.6	76606.1	76363.6	
75909.1	77818.2	75909.1	77818.2	75909.1	
76454.5	77727.3	76454.5	77727.3	76454.5	
83545.5	84303	83545.5	84303	83545.5	
76151.5	76818.2	76151.5	76818.2	76151.5	
77727.3	76151.5	77727.3	76151.5	77727.3	
76151.5	74909.1	76151.5	74909.1	76151.5	
77121.2	77212.1	77121.2	77212.1	77121.2	
75818.2	75757.6	75818.2	75757.6	75818.2	
76212.1	75666.7	76212.1	75666.7	76212.1	
75818.2	79575.8	75818.2	79575.8	75818.2	
75909.1	75757.6	75909.1	75757.6	75909.1	
75363.6	76606.1	75363.6	76606.1	75363.6	
75454.5	75757.6	75454.5	75757.6	75454.5	
77969.7	76757.6	77969.7	76757.6	77969.7	
79424.2	76151.5	79424.2	76151.5	79424.2	
76757.6	76818.2	76757.6	76818.2	76757.6	
77060.6	76757.6	77060.6	76757.6	77060.6	
74060.6	76515.2	74060.6	76515.2	74060.6	
75757.6	77424.2	75757.6	77424.2	75757.6	
74060.6	78212.1	74060.6	78212.1	74060.6	
74545.5	76454.5	74545.5	76454.5	74545.5	
76969.7	78515.2	76969.7	78515.2	76969.7	
76757.6	77666.7	76757.6	77666.7	76757.6	
76060.6	75818.2	76060.6	75818.2	76060.6	
77363.6	77272.7	77363.6	77272.7	77363.6	
75454.5	76515.2	75454.5	76515.2	75454.5	
75151.5	75151.5	75151.5	75151.5	75151.5	
75151.5	75606.1	75151.5	75606.1	75151.5	
76060.6	77727.3	76060.6	77727.3	76060.6	
75454.5	75303	75454.5	75303	75454.5	
76969.7	74303	76969.7	74303	76969.7	
74848.5	75000	74848.5	75000	74848.5	
76060.6	76606.1	76060.6	76606.1	76060.6	
74393.9	77818.2	74393.9	77818.2	74393.9	
76515.2	76454.5	76515.2	76454.5	76515.2	
75151.5	76515.2	75151.5	76515.2	75151.5	
76363.6	76757.6	76363.6	76757.6	76363.6	
75606.1	77666.7	75606.1	77666.7	75606.1	
75666.7	76606.1	75666.7	76606.1	75666.7	
76757.6	77272.7	76757.6	77272.7	76757.6	
75000	76303	75000	76303	75000	
76060.6	75303	76060.6	75303	76060.6	
77060.6	75454.5	77060.6	75454.5	77060.6	
76606.1	75212.1	76606.1	75212.1	76606.1	
75454.5	75303	75454.5	75303	75454.5	
74757.6	75666.7	74757.6	75666.7	74757.6	
77424.2	77212.1	77424.2	77212.1	77424.2	
76818.2	77272.7	76818.2	77272.7	76818.2	
74454.5	75909.1	74454.5	75909.1	74454.5	
77121.2	76151.5	77121.2	76151.5	77121.2	
74151.5	76909.1	74151.5	76909.1	74151.5	
80575.8	75515.2	80575.8	75515.2	80575.8	
75969.7	77575.8	75969.7	77575.8	75969.7	
77212.1	77515.2	77212.1	77515.2	77212.1	
76909.1	73757.6	76909.1	73757.6	76909.1	
78272.7	75818.2	78272.7	75818.2	78272.7	
76151.5	76666.7	76151.5	76666.7	76151.5	
74454.5	77424.2	74454.5	77424.2	74454.5	
75818.2	74000	75818.2	74000	75818.2	
77212.1	78121.2	77212.1	78121.2	77212.1	
76666.7	76212.1	76666.7	76212.1	76666.7	
76515.2	76515.2	76515.2	76515.2	76515.2	
76303	76151.5	76303	76151.5	76303	
76060.6	77424.2	76060.6	77424.2	76060.6	
76606.1	75363.6	76606.1	75363.6	76606.1	
75909.1	77060.6	75909.1	77060.6	75909.1	
74151.5	75969.7	74151.5	75969.7	74151.5	
75212.1	76969.7	75212.1	76969.7	75212.1	
76818.2	77060.6	76818.2	77060.6	76818.2	
77060.6	77363.6	77060.6	77363.6	77060.6	
75363.6	76818.2	75363.6	76818.2	75363.6	
73545.5	76757.6	73545.5	76757.6	73545.5	
75909.1	76666.7	75909.1	76666.7	75909.1	
77818.2	76666.7	77818.2	76666.7	77818.2	
77424.2	75909.1	77424.2	75909.1	77424.2	
76909.1	76303	76909.1	76303	76909.1	
75666.7	75454.5	75666.7	75454.5	75666.7	
76151.5	75606.1	76151.5	75606.1	76151.5	
76151.5	77272.7	76151.5	77272.7	76151.5	
75060.6	77515.2	75060.6	77515.2	75060.6	
74151.5	79030.3	74151.5	79030.3	74151.5	
77060.6	76363.6	77060.6	76363.6	77060.6	
76060.6	77212.1	76060.6	77212.1	76060.6	
76363.6	73909.1	76363.6	73909.1	76363.6	
76606.1	77060.6	76606.1	77060.6	76606.1	
77515.2	75060.6	77515.2	75060.6	77515.2	
73757.6	75909.1	73757.6	75909.1	73757.6	
77727.3	78424.2	77727.3	78424.2	77727.3	
75151.5	77727.3	75151.5	77727.3	75151.5	
75818.2	76060.6	75818.2	76060.6	75818.2	
75363.6	76909.1	75363.6	76909.1	75363.6	
77060.6	76454.5	77060.6	76454.5	77060.6	
77666.7	76757.6	77666.7	76757.6	77666.7	
77121.2	76303	77121.2	76303	77121.2	
75757.6	75909.1	75757.6	75909.1	75757.6	
76606.1	75212.1	76606.1	75212.1	76606.1	
78363.6	78212.1	78363.6	78212.1	78363.6	
78363.6	76969.7	78363.6	76969.7	78363.6	
77212.1	76303	77212.1	76303	77212.1	
75454.5	75969.7	75454.5	75969.7	75454.5	
76151.5	76363.6	76151.5	76363.6	76151.5	
77818.2	77272.7	77818.2	77272.7	77818.2	
76757.6	76515.2	76757.6	76515.2	76757.6	
76909.1	75666.7	76909.1	75666.7	76909.1	
76666.7	76303	76666.7	76303	76666.7	
76363.6	73606.1	76363.6	73606.1	76363.6	
76757.6	76818.2	76757.6	76818.2	76757.6	
76969.7	76303	76969.7	76303	76969.7	
75515.2	74303	75515.2	74303	75515.2	
75303	78272.7	75303	78272.7	75303	
76666.7	78363.6	76666.7	78363.6	76666.7	
76060.6	76757.6	76060.6	76757.6	76060.6	
76515.2	78424.2	76515.2	78424.2	76515.2	
75606.1	76666.7	75606.1	76666.7	75606.1	
75969.7	79575.8	75969.7	79575.8	75969.7	
77121.2	75969.7	77121.2	75969.7	77121.2	
75606.1	76666.7	75606.1	76666.7	75606.1	
77666.7	77515.2	77666.7	77515.2	77666.7	
75969.7	77575.8	75969.7	77575.8	75969.7	
75515.2	77363.6	75515.2	77363.6	75515.2	
75363.6	74909.1	75363.6	74909.1	75363.6	
75818.2	75757.6	75818.2	75757.6	75818.2	
74848.5	77818.2	74848.5	77818.2	74848.5	
75363.6	76060.6	75363.6	76060.6	75363.6	
76818.2	77121.2	76818.2	77121.2	76818.2	
73697	75757.6	73697	75757.6	73697	
77878.8	74545.5	77878.8	74545.5	77878.8	
75606.1	75515.2	75606.1	75515.2	75606.1	
76454.5	75303	76454.5	75303	76454.5	
74151.5	75666.7	74151.5	75666.7	74151.5	
76818.2	76818.2	76818.2	76818.2	76818.2	
75757.6	75454.5	75757.6	75454.5	75757.6	
77515.2	77121.2	77515.2	77121.2	77515.2	
77424.2	78727.3	77424.2	78727.3	77424.2	
75666.7	74606.1	75666.7	74606.1	75666.7	
77060.6	76151.5	77060.6	76151.5	77060.6	
75757.6	77575.8	75757.6	77575.8	75757.6	
75969.7	76606.1	75969.7	76606.1	75969.7	
74454.5	76909.1	74454.5	76909.1	74454.5	
77666.7	74697	77666.7	74697	77666.7	
75909.1	77575.8	75909.1	77575.8	75909.1	
76060.6	74697	76060.6	74697	76060.6	
74909.1	77060.6	74909.1	77060.6	74909.1	
78575.8	77212.1	78575.8	77212.1	78575.8	
76818.2	76757.6	76818.2	76757.6	76818.2	
75666.7	77121.2	75666.7	77121.2	75666.7	
77575.8	75212.1	77575.8	75212.1	77575.8	
78060.6	74545.5	78060.6	74545.5	78060.6	
76060.6	76909.1	76060.6	76909.1	76060.6	
76909.1	77575.8	76909.1	77575.8	76909.1	
78424.2	77666.7	78424.2	77666.7	78424.2	
75151.5	75757.6	75151.5	75757.6	75151.5	
74151.5	77272.7	74151.5	77272.7	74151.5	
75909.1	77363.6	75909.1	77363.6	75909.1	
75969.7	78060.6	75969.7	78060.6	75969.7	
75969.7	77121.2	75969.7	77121.2	75969.7	
77272.7	78666.7	77272.7	78666.7	77272.7	
77060.6	76666.7	77060.6	76666.7	77060.6	
74909.1	77272.7	74909.1	77272.7	74909.1	
76606.1	75515.2	76606.1	75515.2	76606.1	
77060.6	76151.5	77060.6	76151.5	77060.6	
75909.1	74909.1	75909.1	74909.1	75909.1	
75303	75151.5	75303	75151.5	75303	
76969.7	77424.2	76969.7	77424.2	76969.7	
76303	75454.5	76303	75454.5	76303	
77272.7	79424.2	77272.7	79424.2	77272.7	
75818.2	76969.7	75818.2	76969.7	75818.2	
75212.1	77878.8	75212.1	77878.8	75212.1	
76212.1	76757.6	76212.1	76757.6	76212.1	
75969.7	77424.2	75969.7	77424.2	75969.7	
76363.6	78969.7	76363.6	78969.7	76363.6	
76060.6	76515.2	76060.6	76515.2	76060.6	
74697	75606.1	74697	75606.1	74697	
75969.7	76969.7	75969.7	76969.7	75969.7	
77818.2	76303	77818.2	76303	77818.2	
77727.3	75969.7	77727.3	75969.7	77727.3	
76666.7	73393.9	76666.7	73393.9	76666.7	
75363.6	76454.5	75363.6	76454.5	75363.6	
78575.8	77575.8	78575.8	77575.8	78575.8	
79818.2	77363.6	79818.2	77363.6	79818.2	
76151.5	76151.5	76151.5	76151.5	76151.5	
77272.7	76060.6	77272.7	76060.6	77272.7	
76606.1	76818.2	76606.1	76818.2	76606.1	
75454.5	74393.9	75454.5	74393.9	75454.5	
77121.2	78363.6	77121.2	78363.6	77121.2	
77424.2	74545.5	77424.2	74545.5	77424.2	
76212.1	74060.6	76212.1	74060.6	76212.1	
74000	76303	74000	76303	74000	
75909.1	75515.2	75909.1	75515.2	75909.1	
76151.5	76909.1	76151.5	76909.1	76151.5	
77969.7	76818.2	77969.7	76818.2	77969.7	
77666.7	76757.6	77666.7	76757.6	77666.7	
74060.6	78575.8	74060.6	78575.8	74060.6	
77060.6	74545.5	77060.6	74545.5	77060.6	
75606.1	77212.1	75606.1	77212.1	75606.1	
76666.7	76151.5	76666.7	76151.5	76666.7	
76363.6	76515.2	76363.6	76515.2	76363.6	
77515.2	76515.2	77515.2	76515.2	77515.2	
75151.5	76515.2	75151.5	76515.2	75151.5	
76606.1	77969.7	76606.1	77969.7	76606.1	
75757.6	77272.7	75757.6	77272.7	75757.6	
76818.2	75969.7	76818.2	75969.7	76818.2	
75212.1	77515.2	75212.1	77515.2	75212.1	
75909.1	78727.3	75909.1	78727.3	75909.1	
75818.2	77272.7	75818.2	77272.7	75818.2	
76515.2	76363.6	76515.2	76363.6	76515.2	
74000	74909.1	74000	74909.1	74000	
77424.2	75515.2	77424.2	75515.2	77424.2	
76757.6	79030.3	76757.6	79030.3	76757.6	
76363.6	77727.3	76363.6	77727.3	76363.6	
76303	74393.9	76303	74393.9	76303	
75151.5	76515.2	75151.5	76515.2	75151.5	
76606.1	75606.1	76606.1	75606.1	76606.1	
76969.7	75666.7	76969.7	75666.7	76969.7	
78212.1	78878.8	78212.1	78878.8	78212.1	
76606.1	77060.6	76606.1	77060.6	76606.1	
76060.6	77060.6	76060.6	77060.6	76060.6	
76151.5	77212.1	76151.5	77212.1	76151.5	
76212.1	76454.5	76212.1	76454.5	76212.1	
76818.2	77727.3	76818.2	77727.3	76818.2	
76909.1	76060.6	76909.1	76060.6	76909.1	
74545.5	75757.6	74545.5	75757.6	74545.5	
75454.5	75212.1	75454.5	75212.1	75454.5	
77666.7	76212.1	77666.7	76212.1	77666.7	
75515.2	74303	75515.2	74303	75515.2	
75818.2	76363.6	75818.2	76363.6	75818.2	
78515.2	76363.6	78515.2	76363.6	78515.2	
75757.6	75454.5	75757.6	75454.5	75757.6	
76363.6	76151.5	76363.6	76151.5	76363.6	
76666.7	77424.2	76666.7	77424.2	76666.7	
78515.2	74848.5	78515.2	74848.5	78515.2	
75909.1	76363.6	75909.1	76363.6	75909.1	
76515.2	75757.6	76515.2	75757.6	76515.2	
73757.6	76818.2	73757.6	76818.2	73757.6	
74242.4	79030.3	74242.4	79030.3	74242.4	
76363.6	77424.2	76363.6	77424.2	76363.6	
79030.3	77575.8	79030.3	77575.8	79030.3	
77818.2	76666.7	77818.2	76666.7	77818.2	
75666.7	77060.6	75666.7	77060.6	75666.7	
76515.2	76151.5	76515.2	76151.5	76515.2	
76818.2	76303	76818.2	76303	76818.2	
77363.6	75151.5	77363.6	75151.5	77363.6	
76757.6	77878.8	76757.6	77878.8	76757.6	
75515.2	76515.2	75515.2	76515.2	75515.2	
74606.1	77272.7	74606.1	77272.7	74606.1	
76757.6	74606.1	76757.6	74606.1	76757.6	
75303	75606.1	75303	75606.1	75303	
75909.1	76515.2	75909.1	76515.2	75909.1	
75303	76151.5	75303	76151.5	75303	
73757.6	76818.2	73757.6	76818.2	73757.6	
75303	78060.6	75303	78060.6	75303	
77212.1	77969.7	77212.1	77969.7	77212.1	
76909.1	75363.6	76909.1	75363.6	76909.1	
76454.5	76818.2	76454.5	76818.2	76454.5	
77060.6	75818.2	77060.6	75818.2	77060.6	
77666.7	76151.5	77666.7	76151.5	77666.7	
77363.6	76060.6	77363.6	76060.6	77363.6	
75818.2	76454.5	75818.2	76454.5	75818.2	
75303	77363.6	75303	77363.6	75303	
77272.7	75757.6	77272.7	75757.6	77272.7	
77272.7	77272.7	77272.7	77272.7	77272.7	
75909.1	76212.1	75909.1	76212.1	75909.1	
75909.1	76060.6	75909.1	76060.6	75909.1	
76454.5	75909.1	76454.5	75909.1	76454.5	
76363.6	78060.6	76363.6	78060.6	76363.6	
77878.8	76212.1	77878.8	76212.1	77878.8	
75969.7	75060.6	75969.7	75060.6	75969.7	
75969.7	75909.1	75969.7	75909.1	75969.7	
76363.6	75666.7	76363.6	75666.7	76363.6	
79121.2	77363.6	79121.2	77363.6	79121.2	
77272.7	75969.7	77272.7	75969.7	77272.7	
76303	76303	76303	76303	76303	
78727.3	77818.2	78727.3	77818.2	78727.3	
78363.6	78121.2	78363.6	78121.2	78363.6	
76515.2	77121.2	76515.2	77121.2	76515.2	
76363.6	77515.2	76363.6	77515.2	76363.6	
75212.1	75969.7	75212.1	75969.7	75212.1	
77060.6	75212.1	77060.6	75212.1	77060.6	
77818.2	74909.1	77818.2	74909.1	77818.2	
76909.1	76606.1	76909.1	76606.1	76909.1	
76969.7	78424.2	76969.7	78424.2	76969.7	
73757.6	75969.7	73757.6	75969.7	73757.6	
74393.9	75909.1	74393.9	75909.1	74393.9	
76606.1	77878.8	76606.1	77878.8	76606.1	
74606.1	75060.6	74606.1	75060.6	74606.1	
77727.3	76151.5	77727.3	76151.5	77727.3	
76454.5	76909.1	76454.5	76909.1	76454.5	
77363.6	76454.5	77363.6	76454.5	77363.6	
77363.6	76454.5	77363.6	76454.5	77363.6	
77363.6	76454.5	77363.6	76454.5	77363.6	
