607.143	607.143	607.143	607.143	607.143	
1.01975e+06	1.01975e+06	1.01975e+06	1.01975e+06	1.01975e+06	
74785.7	73535.7	75321.4	76678.6	73892.9	
72071.4	74714.3	73785.7	76321.4	72000	
73607.1	72821.4	74714.3	71642.9	72821.4	
70821.4	71285.7	70392.9	72535.7	73785.7	
71714.3	72071.4	72178.6	74071.4	71714.3	
71107.1	72464.3	74250	74321.4	75071.4	
73964.3	74428.6	71821.4	73964.3	75964.3	
73535.7	74714.3	73892.9	72714.3	75250	
74785.7	74142.9	73357.1	75142.9	76500	
76500	76500	76392.9	74071.4	75607.1	
77678.6	75785.7	75964.3	72821.4	78035.7	
74785.7	77857.1	75321.4	76785.7	79571.4	
76678.6	75142.9	75250	74535.7	77035.7	
77142.9	77214.3	76964.3	77500	76392.9	
76964.3	80178.6	75250	76607.1	76857.1	
78214.3	77321.4	81000	79571.4	76607.1	
79285.7	77214.3	83535.7	81178.6	79214.3	
79214.3	80357.1	80642.9	80107.1	79035.7	
80464.3	82178.6	81821.4	81178.6	82071.4	
83250	83250	84428.6	82178.6	81821.4	
82071.4	82535.7	84250	86035.7	83250	
90535.7	87928.6	88392.9	93321.4	89285.7	
110357	109643	105500	109714	105214	
107750	106214	108893	110429	104214	
110000	108714	110607	109464	109071	
110893	109821	108893	110893	111071	
112964	112679	109536	113786	113964	
112607	112607	112321	112071	110536	
113214	116286	115464	112607	115107	
115821	116643	112321	114143	111429	
115036	113964	115286	113964	111143	
111143	113964	118071	113571	111893	
112071	115464	110714	114321	113786	
115464	115393	118179	113143	115286	
116393	115393	116107	114143	115107	
116036	112964	114143	114750	117464	
116571	113143	112857	116036	112071	
117536	115464	116571	118714	111964	
115464	116571	117714	116286	113214	
117357	116393	118000	112143	117286	
119179	117464	116464	117464	112321	
116929	113036	118893	113786	116464	
117286	115107	114036	119250	117357	
115464	114036	118071	117000	115107	
116286	114500	113143	113143	113679	
111786	115393	115643	117000	115571	
117286	119000	118464	116464	118714	
120714	121429	123571	119536	121321	
117107	118714	118071	114143	116571	
116821	116286	115393	113571	114750	
119250	115821	114679	114143	115036	
115464	115464	117536	111500	116571	
115750	117893	118286	115571	115929	
120786	115286	117000	116821	116214	
116036	115571	117464	114929	117821	
119000	116571	118714	116643	119250	
120714	114036	115643	115286	117286	
118357	119429	118893	117179	116821	
117643	119179	119893	115821	114750	
117357	117536	119714	115571	113036	
118179	116214	114750	117000	120250	
115571	118714	117179	118821	115286	
117821	117107	117536	113500	114750	
117286	121321	115750	116929	117643	
120250	122143	116929	118821	116643	
117714	121786	118536	116107	117000	
119536	117286	118357	117536	118643	
119000	117893	119250	119000	116929	
123750	120786	119786	121071	119429	
123321	122964	120893	121857	119893	
123500	120786	119357	120143	119536	
121857	120357	119250	119429	118357	
122321	126107	123143	121607	117464	
123214	124857	120357	120250	123393	
122321	120714	118000	117464	122393	
119893	117464	121071	121071	124036	
122143	120250	120964	121071	118893	
120893	121857	122214	121607	120786	
121321	120714	121143	120607	120536	
122857	121679	120893	124571	119536	
124393	121679	120607	122036	120357	
126929	121500	119536	120071	123500	
123214	123036	120714	120357	123214	
123143	120250	120357	115929	121429	
124036	123500	118000	121500	119179	
119607	121679	123679	119179	122393	
120143	122857	121500	122679	122607	
123321	120536	118464	120250	120250	
124929	120607	120429	119357	117536	
118536	120250	121071	118536	118821	
119179	122786	118893	117714	119893	
119250	120071	120893	119429	118179	
121429	120893	117357	119357	118821	
122214	120250	117464	118536	118357	
120429	120250	123143	119357	119000	
121143	120429	121321	118821	122393	
120429	124857	122500	121429	121679	
122393	120893	125464	122143	121321	
125571	124214	125821	124036	120714	
125571	124214	126179	123571	124643	
128071	125571	126000	127643	122964	
126643	125214	123857	125821	121143	
126179	126464	125750	124929	126000	
126821	126714	126821	126821	125643	
127000	128536	126464	123321	124750	
123929	128429	122607	125571	125571	
129536	126821	124571	123750	121964	
126643	124571	128536	125464	120429	
127821	122607	124929	127821	122786	
124464	123857	125286	124643	126643	
126929	124107	125571	123571	122143	
126821	126179	123500	121786	122857	
121429	123500	125107	124857	125571	
126536	122857	121500	128000	121679	
123750	123857	124036	121321	118000	
120714	123750	120143	121857	122036	
122036	121786	120607	124036	119179	
121679	124036	121964	121786	121250	
125571	120607	121964	122321	122036	
123929	123500	123571	124571	123571	
124393	126464	128250	123929	122964	
126179	127464	124214	126286	121500	
126000	126643	125036	125286	126464	
128429	127464	126464	131679	123857	
127286	128714	128536	126179	124036	
124643	124214	125107	122036	125036	
129179	126714	130500	128786	127000	
129964	127536	128179	128179	127107	
127179	128000	127643	126464	122393	
129893	131321	126536	133500	128071	
133036	130500	128607	132143	129964	
137429	129429	130250	130071	129179	
131250	131429	129964	133571	131786	
136286	131321	131679	130500	131964	
135107	129536	134393	132214	134214	
134929	139071	136643	132857	137714	
136893	135821	133286	132321	134393	
134929	136464	134821	135179	133929	
136179	132750	135821	135643	129893	
135000	133286	129071	130857	132750	
132571	135000	130250	130500	132750	
130500	131964	133393	127893	130500	
130786	131036	130429	127714	126536	
129429	132750	128893	129179	128250	
126179	130321	128786	128429	128071	
129429	126179	130964	128607	129357	
127714	128964	129893	128714	129536	
130857	133571	135750	133500	132393	
136357	137071	136107	133107	133929	
136893	135750	134929	130429	135464	
132750	134750	133500	134464	135536	
134571	134286	134929	137821	131679	
137607	137179	133393	133500	133857	
134750	133107	137000	135286	131786	
136643	138964	133286	135357	132857	
136000	140964	137607	138714	134036	
140143	142750	142679	142500	137429	
148893	146357	147357	147893	145536	
151214	150214	148071	150036	150857	
153107	156964	154464	153393	148321	
153464	152750	153393	154464	154286	
160750	156893	155536	155821	151321	
160679	154714	156429	157964	156250	
162393	159321	159143	156000	159679	
158250	157143	160214	157536	157143	
164536	163821	161286	162929	159571	
167679	165000	163643	163179	160036	
166357	162821	161393	164286	160929	
165429	163179	166357	164714	157429	
163357	163714	161643	163000	167679	
165071	166893	164179	165357	157893	
163893	165071	164464	162036	163893	
167250	170107	162036	164000	157536	
170214	165250	169929	160500	159143	
163357	166607	164000	167500	161393	
168607	170036	163286	167250	164286	
171214	164107	168607	166714	164536	
166429	165000	166714	166071	166786	
169857	165071	164536	170214	169214	
169143	170036	168036	163821	167250	
172464	166357	169143	168964	169036	
171286	168607	170107	168500	163464	
171393	176429	170857	173893	167071	
177250	174357	173357	176321	173714	
177786	175357	172929	173536	174179	
181286	176071	175964	175893	174536	
179929	175536	175250	172286	173179	
184536	177500	176500	176250	173000	
177143	181821	179393	176321	173821	
181179	185071	180571	179286	175786	
180464	177321	181750	179571	177429	
183179	176500	180821	183000	179857	
179750	180393	180214	182821	183357	
190821	186500	187929	186250	183179	
186679	189571	184964	183429	182357	
184536	190929	184250	188750	187679	
190571	189571	190643	187036	190393	
192643	186857	188393	185679	190821	
191714	193714	191714	194071	187500	
185500	194893	188393	188571	192536	
192714	194071	194500	187750	191000	
193893	194500	197393	193250	193786	
197857	193536	193714	190750	186500	
199000	196964	196321	196964	197929	
200179	199643	199286	194714	194893	
201464	193179	197500	197036	195071	
208036	201464	200179	199000	196214	
203143	200821	198214	201000	199107	
202786	205571	197143	197857	199929	
205036	200821	195786	198464	198214	
202429	202964	202786	200357	199750	
202429	202429	202179	198821	201071	
204857	207107	201714	199286	200357	
203429	204321	208036	208571	201071	
213429	206214	205500	205571	206214	
214036	211429	207750	207857	202964	
210821	208464	212143	209893	209107	
216036	212607	207214	211786	206571	
215857	216107	213250	212786	210179	
216857	210714	214679	217286	210714	
215929	213679	214786	215500	210714	
219893	214607	216036	212607	213071	
226286	219536	216286	214036	210357	
218821	209000	215679	213500	213250	
219286	218929	215500	214143	214964	
215036	214857	218464	222607	214786	
218643	222857	217107	214500	214143	
222786	221357	221893	222607	220000	
228179	217214	224857	223607	217821	
224857	231679	229250	220429	218750	
228643	224036	220250	223607	217571	
229893	227357	223250	224750	219714	
228179	223143	224679	221786	220714	
232500	225214	226036	227929	220000	
229821	226214	224393	224321	218821	
229179	232429	225857	225750	221607	
232679	228714	225571	226643	226286	
228357	225321	227357	219286	218750	
225107	221893	225500	214036	216214	
222500	225929	220536	219821	218821	
228893	225321	221607	217643	214857	
223607	219107	213786	217929	213964	
220000	214857	219893	214964	219000	
215857	216571	211179	210357	211250	
215321	217214	216107	213071	212357	
221357	221357	218286	221536	211964	
230429	228179	224036	224500	217107	
229714	235750	228536	227929	226464	
243500	237714	235393	242679	230893	
247357	244821	244107	244929	237536	
246714	249250	252214	246464	238464	
254214	249250	250607	247464	243571	
252036	249250	240607	245750	243571	
246821	249893	244571	246821	243214	
254393	249714	252750	248964	242393	
254929	250964	253750	248714	244286	
259964	253464	255107	262286	250679	
260500	260857	258357	255536	257536	
265821	262857	263750	260429	257536	
264536	263643	268250	263107	256536	
270036	266071	266000	269786	267429	
271321	263929	274286	267786	261214	
270143	262393	267071	262571	257964	
269500	265000	261143	263214	261036	
266357	266607	265536	262214	266536	
265536	261929	266000	263214	251214	
269607	258893	269429	265464	263286	
271857	266714	261500	265893	258964	
269429	269500	259964	266071	261036	
266714	273000	274464	272214	259607	
277321	278429	275179	281036	267964	
281107	277250	275250	277964	275071	
283179	281286	274179	271571	267714	
286429	285071	283357	278143	277964	
286893	293286	284643	287679	283179	
290571	290750	289143	287964	283000	
302893	297036	298393	295607	288786	
293357	297214	292821	290393	290107	
300036	294071	296321	294071	291286	
297679	301643	294250	295786	291929	
309821	299107	300107	302179	295607	
301714	294714	295357	294714	288393	
296071	293893	299750	298571	289929	
303893	294071	293286	299679	293821	
300750	295357	294179	297143	290464	
304714	302000	294607	301179	297036	
306964	302536	299036	299286	292714	
301000	309464	300571	304071	297964	
305143	296607	297679	301536	298321	
313964	307679	305679	305679	307750	
316857	306679	304607	305607	306429	
315679	312000	312071	314857	302643	
318821	318036	309929	312429	302357	
326679	315500	315857	316750	306321	
321000	325036	316857	314857	311893	
326929	319107	315250	315321	310536	
324321	327750	323964	320000	315500	
327750	321179	325214	322357	317321	
330536	328750	326929	319821	318929	
320714	323607	317929	314071	315250	
333607	330357	328643	324679	323250	
334214	327286	328821	320893	326571	
331071	320643	320107	322964	317929	
331071	323893	325679	317393	320714	
321643	323071	320464	313250	311536	
327750	326857	318571	315321	302714	
323500	320464	316679	318643	311464	
323607	315143	314679	304607	309107	
322357	325571	315321	318214	317107	
326036	320464	320464	315429	321000	
330893	332607	329536	323964	323786	
331714	330179	326321	328571	318643	
327571	336107	325143	322786	320536	
335393	331429	326500	324679	318571	
343964	341714	326214	336643	329714	
339357	337821	331786	325036	324786	
330714	330714	323321	322893	320107	
340357	338000	328929	333679	319571	
332786	338714	331000	329714	327036	
335929	337750	333250	334500	323964	
330821	333250	327750	328821	319929	
335857	333857	324429	336036	326929	
337036	327750	327393	329536	323071	
345107	339107	332143	330071	327286	
338286	339357	333679	324964	324500	
345214	344143	334321	330357	330071	
346286	340786	336464	337929	333964	
344571	339357	338464	342071	330179	
346286	336750	340893	336750	324429	
351857	351321	344857	343786	333786	
339107	349000	341964	343429	337643	
348821	350607	348286	343786	341786	
353929	345393	346214	345286	341357	
352786	348000	348643	342607	337036	
344393	343607	339107	342857	342786	
339643	340786	341429	339107	331714	
350964	345571	340786	342857	335929	
351250	342429	341786	342607	334679	
357821	345214	340250	341250	342429	
357821	344929	334571	343143	333964	
350000	345036	345679	347000	336107	
354036	343964	339643	353214	339179	
349000	343679	341357	342143	339107	
350429	350071	345857	346107	338643	
348464	345107	350357	342607	336036	
359893	355571	348893	349000	337821	
361679	355036	360786	356464	345107	
360071	358714	355036	347821	344321	
359179	358071	362143	351250	350429	
364464	353857	353929	349357	350893	
361786	366286	361679	357536	343857	
360857	366000	358071	356286	353321	
362929	367250	358250	366179	349607	
369321	364107	368429	366286	359179	
376071	367357	366714	355036	357464	
375464	363679	365929	365643	357893	
375714	368429	375286	365179	362750	
379321	386000	374107	374821	363143	
380500	377179	380214	369786	372214	
388429	384357	380321	381321	378893	
385000	385464	373571	386964	369964	
392036	383821	396786	386893	382464	
391857	386536	380393	384357	377607	
396893	392929	403107	387429	383393	
399036	392214	393000	393357	381143	
404893	398143	392214	388964	392036	
404071	402179	398429	396893	390500	
410821	405357	401750	397786	388607	
410464	400571	398321	405964	382643	
415143	404714	399929	403000	394179	
410750	419393	405429	401821	390571	
414071	420214	401036	409571	404607	
419464	416857	419929	409679	402357	
426679	420464	424714	419750	402464	
441607	432786	423714	422536	417750	
430929	432714	425607	428286	412714	
430643	431000	425857	425679	416679	
436750	439536	423964	428929	420107	
438036	445679	434857	426214	432357	
444964	447036	438643	443143	433714	
449643	437929	441250	442607	434607	
451357	453321	446036	438393	432429	
464857	460964	449107	455143	436679	
452893	454857	448179	454143	445857	
464929	451429	449357	454857	442964	
466214	455500	456464	452250	442357	
472857	461786	460964	452893	456214	
465929	454214	447214	457286	443857	
468357	471500	455393	461786	456750	
469714	463500	465393	461429	450429	
471786	462143	460429	455143	440643	
460714	461143	450643	456821	443071	
463036	461893	452607	448286	441536	
453250	444071	447643	439929	436321	
451071	443250	435036	444071	436214	
437107	431643	433607	433179	425500	
443679	435607	432714	435214	421357	
437857	440643	426500	442357	420571	
455393	441786	435857	432179	422464	
452321	441786	436929	436393	426786	
467536	464750	457286	452786	438643	
478536	468893	460250	456286	451179	
486464	472857	471964	469429	466643	
482393	483214	469429	469714	464143	
500500	488607	485286	495464	479071	
504357	493571	487357	483500	470786	
501214	498679	492929	494750	474393	
510214	505000	495536	493214	491321	
503821	504464	498429	493750	489857	
503571	497786	492857	499964	480786	
505821	497714	492857	498071	481321	
507714	497607	499429	499607	484214	
500679	498607	494750	488893	485286	
507143	506071	503571	498893	494286	
513179	506714	497714	500214	489500	
503464	517071	502393	493286	489250	
515071	518857	509143	506357	504714	
524536	519857	510750	514821	502036	
539821	526857	524714	523107	508857	
523893	527500	520679	518500	505250	
542250	531464	523536	518321	511750	
535679	527857	523714	519571	519143	
538393	531000	529036	525250	504286	
537214	540286	525714	529929	519750	
546393	540286	533429	535071	521571	
547500	533607	534357	531750	520464	
533893	541000	530464	525893	522179	
536143	533357	541714	524893	520036	
539750	537143	531107	528321	519679	
548286	538750	530821	538321	514107	
552071	533250	532893	538393	523821	
553536	540179	528929	535143	520286	
531107	536143	531179	532286	516536	
544607	542179	529857	527143	519750	
542893	538857	535786	534179	536250	
538857	536500	529857	522464	523107	
541357	537393	525893	534357	517250	
548036	543357	532000	535786	515179	
542893	539464	536964	535071	523107	
543786	538393	535429	531179	519929	
547929	546750	536786	539750	522536	
552429	556929	536429	547143	520750	
556321	551643	548107	548929	532464	
554250	545321	540107	547321	535143	
575571	558464	543536	550179	543357	
572071	564679	560536	556500	548750	
571250	566857	562357	560893	539571	
583679	576464	567286	558393	553321	
583321	580714	572679	569107	557393	
587000	584750	567036	575036	564607	
596714	600250	593321	586643	572143	
600500	598429	594393	588071	572250	
610500	611214	589893	596000	578357	
608714	601393	591500	584679	584929	
612857	605107	600857	593571	588893	
608893	604571	588821	604036	587107	
605357	603107	595821	602750	586000	
620857	607357	604929	607964	587107	
632929	615893	618500	607357	601607	
639143	632000	621571	611500	599250	
627786	627786	616786	620679	601607	
642714	636250	623750	630321	612571	
646321	641036	634643	628964	622643	
662250	654714	635607	644607	632393	
656964	645786	637143	635179	629036	
670179	660286	644893	658857	637250	
667571	668286	654786	656143	640036	
683786	664143	669107	660286	642714	
688464	682714	669000	669000	651714	
679536	675750	671071	670821	656036	
685571	686393	674607	672179	657750	
690607	689357	676500	675857	656143	
697643	687643	673500	675214	662536	
688821	695679	694036	689536	666679	
706821	706571	696107	686464	675679	
715107	704500	697000	700429	686036	
720500	719893	711429	702143	695286	
729964	722036	718250	708250	688821	
717643	721393	718250	700714	689107	
723214	716000	707179	707821	678286	
718000	717000	710143	704107	681786	
714214	705214	706929	698714	679464	
709357	708429	703500	690786	683964	
739214	721321	717000	708429	692857	
734821	730857	720500	719143	707821	
743536	743536	737250	730679	718429	
790821	771357	775607	781464	771107	
794857	776786	781107	765786	753714	
819714	801714	797214	797464	778857	
837250	837821	822036	818821	803964	
858964	842571	839964	833214	824214	
876607	868500	856429	852107	835464	
888571	875714	877500	865179	846179	
907643	906036	878214	889643	866143	
917464	909821	895679	895321	875607	
909821	919464	919179	905214	899286	
933214	941607	923321	904964	897321	
942393	941071	931321	934321	890286	
958786	959429	947179	945107	922607	
988214	974286	973750	972286	938464	
1.00418e+06	1.00739e+06	986893	977786	962571	
1.02557e+06	1.01939e+06	993464	1.001e+06	975429	
1.02711e+06	1.02325e+06	1.00721e+06	1.02596e+06	997857	
1.07346e+06	1.05421e+06	1.05114e+06	1.03854e+06	1.0165e+06	
1.05764e+06	1.05314e+06	1.03125e+06	1.04154e+06	1.01236e+06	
1.06286e+06	1.05421e+06	1.04343e+06	1.04054e+06	1.01289e+06	
1.03829e+06	1.05268e+06	1.03864e+06	1.03557e+06	1.02875e+06	
1.07329e+06	1.04504e+06	1.04007e+06	1.04711e+06	1.00389e+06	
1.06854e+06	1.06107e+06	1.03396e+06	1.02911e+06	1.02839e+06	
1.05736e+06	1.05582e+06	1.021e+06	1.04396e+06	1.00289e+06	
1.07239e+06	1.07168e+06	1.05546e+06	1.05907e+06	1.01957e+06	
1.10211e+06	1.07346e+06	1.06107e+06	1.07139e+06	1.04332e+06	
1.12696e+06	1.13982e+06	1.09761e+06	1.09896e+06	1.08511e+06	
1.14639e+06	1.14443e+06	1.1365e+06	1.12039e+06	1.10418e+06	
1.188e+06	1.16557e+06	1.15e+06	1.14936e+06	1.12561e+06	
1.20571e+06	1.18986e+06	1.16989e+06	1.18321e+06	1.14836e+06	
1.215e+06	1.20339e+06	1.19429e+06	1.19175e+06	1.15379e+06	
1.23282e+06	1.23804e+06	1.20411e+06	1.20446e+06	1.17036e+06	
1.26307e+06	1.24282e+06	1.22371e+06	1.22146e+06	1.17789e+06	
1.26154e+06	1.25254e+06	1.2195e+06	1.22193e+06	1.19814e+06	
1.28432e+06	1.26739e+06	1.259e+06	1.24804e+06	1.21957e+06	
1.27196e+06	1.25846e+06	1.25011e+06	1.24396e+06	1.21471e+06	
1.287e+06	1.28386e+06	1.26046e+06	1.25071e+06	1.21636e+06	
1.27368e+06	1.26036e+06	1.24561e+06	1.25668e+06	1.21654e+06	
1.27889e+06	1.26196e+06	1.24507e+06	1.26307e+06	1.213e+06	
1.269e+06	1.26846e+06	1.26289e+06	1.24657e+06	1.21654e+06	
1.26989e+06	1.24946e+06	1.24793e+06	1.24596e+06	1.21175e+06	
1.28961e+06	1.26271e+06	1.24775e+06	1.24704e+06	1.22086e+06	
1.27864e+06	1.28314e+06	1.26421e+06	1.27054e+06	1.22779e+06	
1.30754e+06	1.29096e+06	1.26575e+06	1.26646e+06	1.24525e+06	
1.32636e+06	1.32679e+06	1.28493e+06	1.29446e+06	1.25911e+06	
1.33579e+06	1.333e+06	1.31346e+06	1.32489e+06	1.27954e+06	
1.35757e+06	1.34804e+06	1.33014e+06	1.32132e+06	1.29925e+06	
1.36561e+06	1.34857e+06	1.33354e+06	1.31979e+06	1.30286e+06	
1.37314e+06	1.35282e+06	1.33482e+06	1.34686e+06	1.29954e+06	
1.36336e+06	1.35811e+06	1.34839e+06	1.33157e+06	1.29618e+06	
1.37343e+06	1.35875e+06	1.33111e+06	1.33886e+06	1.29529e+06	
1.37207e+06	1.36568e+06	1.32957e+06	1.34011e+06	1.29879e+06	
1.38279e+06	1.35875e+06	1.34571e+06	1.34364e+06	1.32436e+06	
1.37125e+06	1.36343e+06	1.34346e+06	1.33329e+06	1.30907e+06	
1.38432e+06	1.36675e+06	1.3655e+06	1.3645e+06	1.32607e+06	
1.38846e+06	1.3745e+06	1.36893e+06	1.35696e+06	1.32618e+06	
1.38439e+06	1.37414e+06	1.35182e+06	1.36318e+06	1.32021e+06	
1.38361e+06	1.37414e+06	1.36018e+06	1.37236e+06	1.31607e+06	
1.36579e+06	1.35704e+06	1.35046e+06	1.35418e+06	1.30179e+06	
1.36804e+06	1.35868e+06	1.33482e+06	1.32679e+06	1.3025e+06	
1.37746e+06	1.37011e+06	1.35343e+06	1.35632e+06	1.32454e+06	
1.36461e+06	1.34761e+06	1.34129e+06	1.32554e+06	1.30789e+06	
1.35721e+06	1.36307e+06	1.32768e+06	1.33282e+06	1.30529e+06	
1.36164e+06	1.34625e+06	1.32264e+06	1.34318e+06	1.29393e+06	
1.37243e+06	1.37532e+06	1.33714e+06	1.32446e+06	1.30293e+06	
1.37775e+06	1.36775e+06	1.34389e+06	1.35418e+06	1.3095e+06	
1.38118e+06	1.37686e+06	1.36218e+06	1.35082e+06	1.32996e+06	
1.39493e+06	1.38064e+06	1.35318e+06	1.36136e+06	1.34329e+06	
1.40243e+06	1.38314e+06	1.38e+06	1.36432e+06	1.33146e+06	
1.39954e+06	1.3835e+06	1.3675e+06	1.3555e+06	1.32446e+06	
1.39332e+06	1.39196e+06	1.37839e+06	1.37143e+06	1.34354e+06	
1.41464e+06	1.39161e+06	1.37657e+06	1.37596e+06	1.3385e+06	
1.40754e+06	1.42014e+06	1.39979e+06	1.39125e+06	1.35921e+06	
1.41754e+06	1.41043e+06	1.38782e+06	1.38829e+06	1.34625e+06	
1.41143e+06	1.41275e+06	1.39143e+06	1.39214e+06	1.34779e+06	
1.41611e+06	1.41464e+06	1.4025e+06	1.38639e+06	1.36218e+06	
1.44382e+06	1.43193e+06	1.41221e+06	1.40054e+06	1.38232e+06	
1.44554e+06	1.42807e+06	1.39864e+06	1.4125e+06	1.36929e+06	
1.42457e+06	1.39782e+06	1.39439e+06	1.39196e+06	1.35739e+06	
1.44275e+06	1.43175e+06	1.41368e+06	1.40539e+06	1.378e+06	
1.43411e+06	1.40332e+06	1.38539e+06	1.39621e+06	1.36164e+06	
1.41593e+06	1.39882e+06	1.39907e+06	1.39521e+06	1.36036e+06	
1.43696e+06	1.42682e+06	1.41925e+06	1.41196e+06	1.37775e+06	
1.43671e+06	1.42571e+06	1.40943e+06	1.39504e+06	1.37182e+06	
1.43304e+06	1.42268e+06	1.39693e+06	1.40771e+06	1.3645e+06	
1.44418e+06	1.43779e+06	1.41736e+06	1.40296e+06	1.38368e+06	
1.45668e+06	1.44779e+06	1.42346e+06	1.446e+06	1.40143e+06	
1.45893e+06	1.44671e+06	1.43157e+06	1.42825e+06	1.39639e+06	
1.4495e+06	1.43157e+06	1.4045e+06	1.41979e+06	1.37432e+06	
1.44796e+06	1.44354e+06	1.43246e+06	1.40186e+06	1.37182e+06	
1.46525e+06	1.44393e+06	1.43132e+06	1.41582e+06	1.37396e+06	
1.44671e+06	1.43286e+06	1.42518e+06	1.41464e+06	1.38018e+06	
1.47389e+06	1.44436e+06	1.44561e+06	1.44454e+06	1.38846e+06	
1.46796e+06	1.44329e+06	1.41664e+06	1.4225e+06	1.39036e+06	
1.45689e+06	1.45236e+06	1.41564e+06	1.41457e+06	1.3925e+06	
1.45236e+06	1.44282e+06	1.42068e+06	1.41889e+06	1.37414e+06	
1.4665e+06	1.45346e+06	1.42718e+06	1.42582e+06	1.37389e+06	
1.45796e+06	1.45471e+06	1.41482e+06	1.41411e+06	1.39207e+06	
1.446e+06	1.44175e+06	1.42393e+06	1.42007e+06	1.38739e+06	
1.47004e+06	1.444e+06	1.42186e+06	1.43464e+06	1.40179e+06	
1.45914e+06	1.46371e+06	1.42854e+06	1.43754e+06	1.40357e+06	
1.48775e+06	1.48254e+06	1.44275e+06	1.43932e+06	1.406e+06	
1.44696e+06	1.45057e+06	1.43311e+06	1.42968e+06	1.39546e+06	
1.44957e+06	1.4475e+06	1.42871e+06	1.42114e+06	1.38629e+06	
1.45536e+06	1.436e+06	1.42204e+06	1.416e+06	1.37857e+06	
1.44825e+06	1.42914e+06	1.41007e+06	1.40143e+06	1.37279e+06	
1.44186e+06	1.44032e+06	1.40564e+06	1.40486e+06	1.35436e+06	
1.42364e+06	1.41196e+06	1.38704e+06	1.39125e+06	1.36011e+06	
1.42421e+06	1.41061e+06	1.39664e+06	1.38854e+06	1.35354e+06	
1.40132e+06	1.37479e+06	1.36343e+06	1.36318e+06	1.3385e+06	
1.39836e+06	1.39889e+06	1.36614e+06	1.36525e+06	1.32679e+06	
1.39457e+06	1.37946e+06	1.37325e+06	1.35289e+06	1.33229e+06	
1.38675e+06	1.36361e+06	1.36507e+06	1.35507e+06	1.31357e+06	
1.35804e+06	1.34929e+06	1.33346e+06	1.32543e+06	1.29914e+06	
1.35921e+06	1.33932e+06	1.33093e+06	1.32661e+06	1.29268e+06	
1.36514e+06	1.33318e+06	1.32525e+06	1.323e+06	1.29096e+06	
1.34561e+06	1.342e+06	1.32696e+06	1.31661e+06	1.29429e+06	
1.35496e+06	1.34543e+06	1.34329e+06	1.32489e+06	1.29357e+06	
1.35886e+06	1.35136e+06	1.32111e+06	1.34761e+06	1.30311e+06	
1.35271e+06	1.34607e+06	1.33121e+06	1.31175e+06	1.28314e+06	
1.35407e+06	1.33543e+06	1.33182e+06	1.31625e+06	1.28529e+06	
1.35768e+06	1.33732e+06	1.30796e+06	1.32879e+06	1.29386e+06	
1.32636e+06	1.33293e+06	1.30196e+06	1.30879e+06	1.25011e+06	
1.33904e+06	1.32346e+06	1.31736e+06	1.31364e+06	1.28511e+06	
1.32246e+06	1.31896e+06	1.30671e+06	1.29954e+06	1.27657e+06	
1.31943e+06	1.32464e+06	1.30139e+06	1.3025e+06	1.24939e+06	
1.32175e+06	1.32346e+06	1.29707e+06	1.29736e+06	1.27054e+06	
1.31907e+06	1.30429e+06	1.29186e+06	1.28557e+06	1.25875e+06	
1.3115e+06	1.29332e+06	1.29368e+06	1.26836e+06	1.24857e+06	
1.31346e+06	1.30257e+06	1.27161e+06	1.27018e+06	1.22857e+06	
1.28711e+06	1.29061e+06	1.26136e+06	1.2655e+06	1.224e+06	
1.27511e+06	1.26629e+06	1.24568e+06	1.25504e+06	1.213e+06	
1.26586e+06	1.25829e+06	1.23282e+06	1.23525e+06	1.21318e+06	
1.24318e+06	1.25821e+06	1.21446e+06	1.22093e+06	1.19536e+06	
1.23804e+06	1.23211e+06	1.2085e+06	1.21968e+06	1.18304e+06	
1.22311e+06	1.23382e+06	1.196e+06	1.19518e+06	1.18464e+06	
1.23436e+06	1.23157e+06	1.21318e+06	1.20725e+06	1.18961e+06	
1.23679e+06	1.21861e+06	1.206e+06	1.19825e+06	1.18914e+06	
1.22761e+06	1.21364e+06	1.19068e+06	1.2085e+06	1.1635e+06	
1.203e+06	1.20471e+06	1.17996e+06	1.17671e+06	1.14621e+06	
1.20779e+06	1.18979e+06	1.18546e+06	1.16918e+06	1.13225e+06	
1.18536e+06	1.17871e+06	1.17079e+06	1.17036e+06	1.13486e+06	
1.1905e+06	1.17475e+06	1.15675e+06	1.15107e+06	1.11721e+06	
1.17043e+06	1.16261e+06	1.13146e+06	1.13604e+06	1.10743e+06	
1.15064e+06	1.14011e+06	1.12164e+06	1.12811e+06	1.07861e+06	
1.14521e+06	1.13586e+06	1.12396e+06	1.11514e+06	1.07493e+06	
1.10489e+06	1.105e+06	1.11021e+06	1.08832e+06	1.06286e+06	
1.11443e+06	1.1075e+06	1.09075e+06	1.09004e+06	1.06896e+06	
1.10679e+06	1.08411e+06	1.07664e+06	1.07357e+06	1.0425e+06	
1.103e+06	1.08796e+06	1.09068e+06	1.07393e+06	1.05079e+06	
1.10068e+06	1.08482e+06	1.06446e+06	1.07086e+06	1.06061e+06	
1.08264e+06	1.08736e+06	1.07664e+06	1.06411e+06	1.03207e+06	
1.08529e+06	1.08157e+06	1.08021e+06	1.05611e+06	1.02954e+06	
1.07979e+06	1.07364e+06	1.05375e+06	1.06068e+06	1.02604e+06	
1.09843e+06	1.07329e+06	1.06746e+06	1.05243e+06	1.02964e+06	
1.07943e+06	1.05243e+06	1.04314e+06	1.03254e+06	1.01839e+06	
1.05675e+06	1.05782e+06	1.03664e+06	1.04386e+06	1.00911e+06	
1.05089e+06	1.03982e+06	1.02929e+06	1.02586e+06	1.01164e+06	
1.04143e+06	1.03189e+06	1.022e+06	1.02361e+06	983643	
1.03171e+06	1.01946e+06	1.00886e+06	1.00614e+06	971393	
1.03064e+06	1.01136e+06	991464	989036	965536	
1.00129e+06	1.00904e+06	986429	990214	952143	
996786	993714	968143	970750	954821	
1.00443e+06	985429	972393	975714	959321	
989679	977071	967250	958179	935571	
983000	963643	959143	956286	939357	
971214	972929	966536	955821	925929	
961036	948357	948000	943750	907464	
946536	937893	919893	924393	902536	
947464	938821	936393	918750	903250	
927750	918357	924750	913250	890393	
945929	942500	913679	919536	892000	
931143	933929	908036	915857	883821	
917036	914857	896500	896964	877429	
929893	920536	908393	908214	890750	
923857	921000	908107	892643	875250	
914429	915929	897393	902429	876429	
916393	905500	889643	902429	869857	
914143	906571	901000	895857	869857	
911250	908393	882821	885786	877036	
916107	909107	886321	886679	854893	
903536	890929	871750	873714	857143	
905964	895786	879929	877857	870571	
892357	881929	878571	868500	845536	
895429	895964	877036	862929	857964	
881464	881357	861929	865893	840429	
874429	874607	856607	854000	837071	
863643	866786	853643	845107	831321	
859500	857714	844000	840964	825643	
856357	846714	833679	835643	804679	
851214	837607	823036	826821	802071	
832036	834464	823500	839250	801786	
847714	833750	814571	830857	805929	
836821	826179	815750	811714	794679	
823679	822500	807107	817643	783429	
821500	824750	801607	802786	773000	
794786	794250	784786	786857	768857	
787107	775143	777036	770286	749500	
771107	753536	745071	753821	742821	
749036	748036	738786	738786	711071	
736964	738429	721750	725821	707821	
744107	728714	722750	721393	702857	
734000	744536	717821	736714	702607	
741857	742214	729321	720250	702679	
748607	743464	730500	730500	710679	
749929	729607	726357	734643	707821	
764536	749214	734893	738429	727179	
740214	748143	729429	734893	698536	
751464	745893	740214	733107	714107	
751286	737714	730500	723107	722214	
740929	752929	738500	721036	706357	
744286	746893	730393	727607	707821	
742571	730857	731929	718893	713143	
741750	748679	727250	728607	708250	
739857	731214	721857	720321	707643	
734107	718357	718893	712857	695036	
723929	734179	710143	714643	695571	
734893	735179	719714	721500	686750	
720679	722143	705643	713214	683964	
738964	721679	715571	724929	688643	
735893	726464	719321	710321	703929	
735893	732214	711321	719893	694321	
737786	723643	723107	698643	706286	
722571	717536	708536	702786	691607	
724821	713857	714571	709000	692143	
727071	724214	711429	705107	685036	
724214	719321	712679	696214	685214	
724643	709429	705750	705214	683143	
712143	718071	700429	704036	675036	
714393	709964	702786	700714	684857	
712214	705750	692500	688286	684571	
719429	704571	703571	703679	687214	
715000	701786	687036	689286	693143	
714286	699607	690071	692429	680250	
701071	697357	689821	688821	667393	
698536	700179	694214	692679	671893	
699607	686750	676393	678214	666571	
695393	696036	682536	684321	658571	
683143	691893	681357	684321	663250	
703929	690536	678643	680714	664964	
700179	701500	692250	686214	659286	
701071	692607	685857	670893	665964	
704286	686107	677929	681536	670286	
700536	694143	690071	681714	661464	
693321	687821	688714	679000	662821	
695929	682536	680821	671429	660357	
699607	690536	675750	667750	652000	
691143	688179	673786	677929	657750	
688536	680071	673786	674250	653536	
684214	677643	666571	656500	653429	
680643	677214	668036	663536	640393	
669929	678643	659036	660107	648750	
666571	662714	660929	658857	646607	
672607	668036	648321	657393	643286	
666143	651000	649214	647607	631464	
652107	648750	646679	642821	626071	
648036	641929	646321	632821	620679	
654250	648929	641929	639571	616357	
656429	642179	624286	634893	621393	
638571	636607	628500	623750	609321	
631750	634714	613750	616250	606643	
633643	629857	615536	618500	601393	
638786	635357	616000	623107	606643	
631036	622464	614750	611036	603571	
624286	613393	602321	608714	595393	
609857	620500	614929	603929	600143	
617964	603464	601607	598536	588536	
613214	611321	594393	607714	586643	
603929	602321	596107	590143	573607	
605536	600500	596000	596893	577464	
594929	582429	584857	591071	572786	
590714	590893	581607	582964	569179	
593750	588071	571357	574214	569464	
586179	589357	580357	573607	559179	
581786	572964	570000	566107	552607	
580250	580893	572143	565571	550107	
585929	568179	563321	561714	545786	
570179	573429	559286	559643	549750	
575036	561786	554250	547500	533821	
559821	551821	557750	549464	534607	
560536	548929	543714	538929	526679	
565857	558821	549571	554500	535143	
562536	554607	541000	544786	531357	
557750	546571	552893	544143	540571	
557464	555679	552179	549107	531179	
549393	549393	553786	543786	530107	
556214	562071	537750	538500	524607	
555964	549464	541107	546571	533179	
558821	545143	548107	529500	523893	
555607	545321	539643	538857	528214	
550643	542357	542429	538143	526786	
542357	539393	541286	535143	518321	
540286	537393	526500	525179	513179	
532893	537571	522107	520929	512750	
533250	528321	528679	518429	510750	
531286	526250	516071	523643	512750	
528750	520857	514357	514357	506536	
527607	523464	505179	510857	497786	
517964	514179	509321	508321	501571	
512929	507321	510750	505071	496429	
511393	514464	505000	505357	499250	
507071	504179	503107	500750	489250	
508964	498607	498500	499500	481679	
502036	500321	500036	498429	482500	
497357	491857	490500	482036	483857	
496179	496643	495536	486179	476107	
504107	501393	499071	489964	481679	
494821	485821	487607	486643	474286	
499429	488536	484929	484286	475464	
491321	494179	476536	489607	473571	
484286	491500	486286	483929	471500	
483571	479357	475821	473393	460786	
487357	483036	471500	474679	462679	
475821	473036	469786	469179	460250	
483679	478786	478250	468000	460357	
476179	484821	466036	476536	462964	
485179	480143	470536	466750	457214	
475214	468357	460071	468107	452071	
472143	470357	468536	464321	454750	
468286	472143	471143	461143	453607	
475214	474679	459821	464929	455036	
471250	464571	462964	453857	455393	
477357	461893	453786	469000	446393	
464857	466464	455857	459000	445036	
474107	465214	459714	453071	449643	
458643	466107	452071	456214	450179	
466929	462500	464036	453250	443857	
456643	461321	457286	459000	438643	
462857	466214	447929	460607	444321	
467643	460357	448929	452071	444071	
453607	458821	450893	448464	437500	
458821	461893	462071	455036	439357	
460357	458536	445750	444429	444321	
461500	451607	460000	449000	438750	
456821	449286	444250	445143	438393	
457750	452964	442714	445321	436036	
447036	447643	443607	441714	431893	
444964	437750	438571	439643	431357	
453607	444143	440286	434429	437214	
455571	447821	435786	440357	431643	
443250	442536	432357	429821	427750	
445321	441429	437679	429643	432714	
439929	437571	438571	432250	423607	
441179	434857	437214	430536	415143	
426857	421714	414071	425071	410036	
427036	426679	422286	417036	406500	
420107	417857	416857	418750	404607	
421536	421107	413357	411286	404071	
425964	412893	410821	410393	410464	
412000	409571	402929	403357	401214	
413893	408857	405893	399500	392286	
411107	406429	408571	402357	390393	
413464	410393	400214	391214	391571	
411179	406071	401643	401929	396964	
403107	405357	395357	395714	398429	
403893	399214	397500	394714	383929	
399393	393464	391464	388964	383464	
398964	397607	380321	382107	377964	
398786	390571	393286	387786	382286	
396714	398500	387786	388321	380679	
390750	388607	383643	384714	373571	
388857	385000	380393	383464	367429	
382036	383107	384179	370857	374750	
381571	383929	375000	371964	368429	
380679	373821	368536	365179	358071	
370679	371964	367000	367893	362143	
371036	366357	357643	361143	357107	
367643	369964	354679	357893	355464	
354393	359536	361250	353214	348179	
360607	357893	346286	350357	351500	
361786	358250	352857	350429	345929	
363036	354929	350000	353393	344679	
349786	363214	350179	349250	338821	
352500	344500	343143	342607	333607	
345929	342607	340357	343857	332321	
345750	339714	337750	334143	332250	
343321	345571	342071	337107	328750	
346464	341964	336750	333786	332714	
349071	341607	340964	335143	336393	
347179	342857	336107	337214	332536	
344750	337286	338286	333607	331357	
345036	343036	336821	335571	329643	
345464	339107	334143	332714	322429	
340357	338536	333071	331179	323893	
333071	335571	335857	333500	323071	
339643	338000	332250	332786	330893	
337214	342679	332250	330357	329000	
333143	335857	336107	339893	321071	
338643	333429	332321	332964	324857	
333964	328000	336036	322071	313607	
331607	331357	322893	325857	317571	
324679	325571	318036	323607	313000	
316500	320179	316393	312714	307571	
312071	306607	303714	300393	301536	
297679	296679	295429	303786	290750	
293821	301714	293714	290214	293286	
302893	299750	291821	290643	288214	
298500	305143	293179	296607	289857	
300393	301643	298393	299214	292821	
303250	311286	306321	306321	299857	
306036	306607	303071	298500	294964	
304607	305786	305429	306786	296429	
314321	309929	310000	308679	305143	
312179	308107	304357	304607	296679	
312536	312250	309036	302536	296964	
312893	309036	301464	304786	295964	
317750	302107	302286	305500	294893	
315786	309214	299214	307679	296429	
304250	309750	299571	300464	296857	
306250	304607	305500	302286	297143	
306036	303893	307500	308679	297214	
307036	306429	299286	304893	294893	
305143	307929	299036	304179	294893	
304429	300821	303000	299857	292286	
305071	299036	294964	297321	289679	
302464	299571	297214	299750	289929	
299107	296500	293821	283643	288393	
301643	299036	288679	288857	283714	
296786	293357	289750	290821	285786	
295964	294607	291286	285786	283107	
290393	296321	289036	288321	288786	
293357	290821	291464	286714	286786	
290107	287964	288143	284464	276357	
291107	285607	285250	285429	272821	
286786	291464	283357	286321	278500	
290107	289679	286714	285071	274893	
289393	289393	278250	281393	282393	
284357	281643	276000	284464	282750	
286714	281214	289500	276964	273929	
288679	282750	282107	281929	273357	
283643	279321	282107	277143	277321	
279679	279321	280393	276429	271679	
283643	278679	281821	275429	270393	
285179	279929	281036	276714	275536	
280750	278857	274643	279214	267714	
280214	274464	274464	270143	274893	
279857	278071	274643	274643	270143	
275893	282107	269607	270214	272036	
278500	273929	274464	273179	270393	
283821	272107	272286	271929	268321	
274893	275821	272750	269143	258607	
277964	279036	273179	272821	266607	
274536	273750	273929	266536	262393	
275179	270679	269500	265464	264107	
272929	273000	270929	268607	260679	
272821	273107	274107	263821	268964	
268429	270571	267964	272821	256643	
273571	274536	268857	267536	264179	
271321	269429	266179	274179	262571	
271679	269321	261857	264464	260321	
275893	270857	266607	265821	259786	
270321	267964	263036	265821	255536	
260607	273000	263821	267536	263107	
270857	268964	267893	267607	263750	
269250	269857	268429	259500	257607	
266786	275643	264536	264821	264536	
273929	268071	263821	264464	266000	
266893	267357	264000	261929	258964	
267714	270750	265536	261929	257714	
269429	263464	267786	269607	260214	
268964	265821	265643	264000	256821	
271393	267250	264357	262929	269607	
270393	262929	266607	262036	259250	
269786	265357	267607	258071	257536	
266071	268321	261857	257357	254286	
264286	267179	260964	261393	259607	
266000	265179	264464	263571	258250	
267000	264286	265821	262929	258179	
267179	266607	262107	256821	256179	
270750	260679	260857	258071	254571	
270929	261750	264536	257964	258357	
266714	269429	263821	267000	261036	
265107	263214	270214	264821	264107	
263750	262393	264286	263571	260429	
270929	267714	268679	264000	257786	
267786	262679	264000	268857	256643	
267786	264286	271036	264000	257964	
266429	261393	267786	264357	261679	
267964	273000	263571	260679	260500	
269429	267786	262107	267714	254571	
273000	267250	265536	267429	259500	
273000	273464	267071	265179	261321	
269857	271500	261143	263929	259500	
266250	264821	260679	263929	261321	
259429	260036	251500	253750	252750	
249714	254750	248893	251036	245821	
247714	252679	243321	242750	239536	
245821	240321	241071	239071	237179	
244214	240607	249143	240500	233929	
245643	247893	244036	250679	238536	
258071	256107	245214	250429	241679	
256000	254643	255536	247357	242857	
260964	253393	256821	250964	245643	
257786	262107	254929	254929	250321	
263036	264929	262036	258357	251393	
267786	266071	264643	258607	256714	
276357	270750	273750	265357	260607	
272286	280214	271857	271679	265893	
285000	282643	279393	280679	267536	
289929	280214	281643	276071	281214	
293893	294179	285714	290571	285000	
299679	295250	289857	294179	290286	
308750	298321	297964	308679	295893	
313893	307143	306036	305071	294000	
315071	312893	306964	305786	299571	
313964	311464	313357	311464	299107	
325143	315071	318821	321714	316500	
324321	323786	321071	319929	313893	
331000	330000	326571	329643	323429	
336821	333786	328286	331964	318286	
346750	341357	341143	339000	329357	
353036	354107	347000	348821	336643	
361071	356821	352964	353679	345393	
362750	365393	362571	366464	352679	
378893	377536	374929	369964	367250	
391750	393357	384464	376714	374750	
404429	400857	391679	390393	384893	
410750	409750	400929	406679	394821	
417750	416857	403821	402821	396893	
428464	422464	417321	410036	408679	
432607	428750	423000	424893	415071	
435679	442357	429821	436393	423071	
453250	448464	445857	442250	425500	
450071	446750	438821	440821	436214	
469893	464857	456571	449107	450071	
466036	467643	462786	462857	452500	
480857	477000	473571	465393	458536	
482571	484036	478893	474393	457214	
504821	487429	490500	485000	477893	
511643	501750	499250	506607	485357	
512929	512107	507893	498429	491571	
527250	532107	517964	518214	500393	
539750	524429	522286	525607	514107	
553071	547929	534000	535964	525179	
562607	560536	556036	544964	530929	
566857	573607	561786	560107	545321	
585107	587893	573321	577750	551536	
608536	594929	585571	580357	574036	
614286	604643	598071	591679	578357	
620143	625179	603464	605179	592750	
628500	633179	621321	608250	599250	
651179	639036	619321	621214	608429	
653357	651714	643643	629143	614821	
655500	659107	650464	650643	637143	
669750	672250	650107	655429	647393	
691786	677571	664607	671000	655500	
688357	695750	681250	681786	652357	
707643	713857	704929	697821	676857	
715929	718964	706929	698179	684786	
719607	720321	709964	702857	690607	
723929	731929	711786	711964	699357	
742929	739786	734179	728893	711250	
743179	751036	736071	739964	717357	
762107	760036	744643	745893	723464	
782000	779821	759679	766250	732750	
790464	779286	775679	764429	751821	
805143	793500	794321	781357	770750	
804929	810607	796107	799536	772179	
819071	824107	795571	805750	771821	
831143	824679	818000	803500	778107	
840964	834464	821143	822036	791786	
872643	858500	840250	849250	819250	
858143	860214	837179	837607	817286	
872179	872179	846071	849321	831500	
891536	877321	860321	858500	854107	
887500	872000	851500	870857	836107	
908214	898036	877607	869500	868500	
912429	900536	884179	883250	857964	
910821	898036	893786	883357	865786	
921964	924036	906857	892821	886500	
921714	936821	915036	915750	894607	
943929	945571	922857	922964	898393	
959607	959071	940071	936393	911786	
962750	956893	935643	924500	913607	
942786	937464	913964	919179	895679	
918821	915571	906679	905214	880643	
917571	905393	893357	882357	856429	
894607	883357	872357	865179	839143	
885143	870571	856893	836536	829250	
876250	851679	853393	837250	824679	
852036	846250	828893	834286	819607	
856071	854893	834286	823929	813500	
847179	834286	829714	819250	802321	
869393	840500	837071	825821	813036	
849321	843821	846536	829250	820607	
856250	867071	847429	838964	823679	
877964	870679	866357	847964	831250	
920429	898036	891179	888679	867071	
957357	958357	946357	933929	918357	
998750	995714	979393	969857	940143	
1.06314e+06	1.04457e+06	1.02596e+06	1.02332e+06	983464	
1.07879e+06	1.07718e+06	1.06257e+06	1.04296e+06	1.01964e+06	
1.11371e+06	1.10039e+06	1.08382e+06	1.093e+06	1.05557e+06	
1.13343e+06	1.11975e+06	1.12039e+06	1.09129e+06	1.067e+06	
1.12786e+06	1.122e+06	1.10021e+06	1.09021e+06	1.06782e+06	
1.11075e+06	1.10093e+06	1.08096e+06	1.06943e+06	1.04675e+06	
1.1065e+06	1.10371e+06	1.07286e+06	1.07168e+06	1.06014e+06	
1.09861e+06	1.08796e+06	1.08489e+06	1.05618e+06	1.03496e+06	
1.09654e+06	1.07618e+06	1.06411e+06	1.04629e+06	1.03704e+06	
1.10182e+06	1.09068e+06	1.06807e+06	1.05818e+06	1.03911e+06	
1.12029e+06	1.10139e+06	1.08239e+06	1.07464e+06	1.06511e+06	
1.11514e+06	1.12164e+06	1.08696e+06	1.08346e+06	1.05611e+06	
1.13964e+06	1.13811e+06	1.10507e+06	1.08132e+06	1.07121e+06	
1.15475e+06	1.14118e+06	1.1155e+06	1.12011e+06	1.08582e+06	
1.16504e+06	1.17729e+06	1.14236e+06	1.12336e+06	1.11325e+06	
1.17925e+06	1.18996e+06	1.16846e+06	1.15343e+06	1.12004e+06	
1.20679e+06	1.20193e+06	1.18707e+06	1.18268e+06	1.14811e+06	
1.22643e+06	1.24075e+06	1.20229e+06	1.18518e+06	1.14793e+06	
1.21814e+06	1.20429e+06	1.17818e+06	1.17429e+06	1.14368e+06	
1.23625e+06	1.22904e+06	1.20582e+06	1.18782e+06	1.17014e+06	
1.25307e+06	1.24164e+06	1.23507e+06	1.20661e+06	1.18493e+06	
1.28196e+06	1.26729e+06	1.2465e+06	1.23625e+06	1.20957e+06	
1.288e+06	1.27386e+06	1.25468e+06	1.22921e+06	1.22443e+06	
1.27036e+06	1.26271e+06	1.25614e+06	1.22518e+06	1.21725e+06	
1.28729e+06	1.29107e+06	1.26018e+06	1.24543e+06	1.23946e+06	
1.32996e+06	1.31754e+06	1.28836e+06	1.29593e+06	1.25296e+06	
1.33536e+06	1.34536e+06	1.31796e+06	1.30221e+06	1.27018e+06	
1.35029e+06	1.35757e+06	1.33761e+06	1.30754e+06	1.28557e+06	
1.37189e+06	1.37089e+06	1.34443e+06	1.33596e+06	1.31418e+06	
1.39154e+06	1.39036e+06	1.35793e+06	1.32843e+06	1.31286e+06	
1.41557e+06	1.40954e+06	1.39404e+06	1.37407e+06	1.35057e+06	
1.45318e+06	1.44411e+06	1.41654e+06	1.39143e+06	1.36154e+06	
1.48336e+06	1.4855e+06	1.45068e+06	1.42736e+06	1.41493e+06	
1.51789e+06	1.52314e+06	1.48325e+06	1.46229e+06	1.44311e+06	
1.56879e+06	1.55014e+06	1.52475e+06	1.49504e+06	1.472e+06	
1.58739e+06	1.5855e+06	1.55186e+06	1.5215e+06	1.498e+06	
1.61971e+06	1.60496e+06	1.59496e+06	1.56957e+06	1.53575e+06	
1.65629e+06	1.63682e+06	1.59975e+06	1.58164e+06	1.55204e+06	
1.67661e+06	1.67239e+06	1.64196e+06	1.61586e+06	1.57704e+06	
1.70004e+06	1.67525e+06	1.65932e+06	1.63132e+06	1.61279e+06	
1.70632e+06	1.68571e+06	1.66961e+06	1.63539e+06	1.61532e+06	
1.73775e+06	1.70586e+06	1.69911e+06	1.65618e+06	1.64504e+06	
1.72182e+06	1.73243e+06	1.68543e+06	1.65429e+06	1.63261e+06	
1.73611e+06	1.71675e+06	1.69271e+06	1.66743e+06	1.65843e+06	
1.75629e+06	1.73854e+06	1.70911e+06	1.68614e+06	1.65329e+06	
1.74593e+06	1.74179e+06	1.71479e+06	1.68418e+06	1.66268e+06	
1.75882e+06	1.76393e+06	1.71496e+06	1.70218e+06	1.67104e+06	
1.78607e+06	1.78346e+06	1.73854e+06	1.70821e+06	1.69364e+06	
1.79832e+06	1.80121e+06	1.75718e+06	1.73982e+06	1.70993e+06	
1.82407e+06	1.81121e+06	1.79346e+06	1.75979e+06	1.747e+06	
1.83071e+06	1.82111e+06	1.79536e+06	1.76996e+06	1.729e+06	
1.84207e+06	1.84425e+06	1.79093e+06	1.78275e+06	1.74321e+06	
1.83479e+06	1.84036e+06	1.81246e+06	1.77175e+06	1.76268e+06	
1.82379e+06	1.81768e+06	1.81336e+06	1.78625e+06	1.75871e+06	
1.84711e+06	1.84432e+06	1.81739e+06	1.7725e+06	1.77132e+06	
1.87457e+06	1.86314e+06	1.84504e+06	1.81218e+06	1.79168e+06	
1.89643e+06	1.88546e+06	1.8545e+06	1.82579e+06	1.79446e+06	
1.90832e+06	1.88682e+06	1.88168e+06	1.84368e+06	1.81264e+06	
1.91454e+06	1.88843e+06	1.87132e+06	1.85432e+06	1.82525e+06	
1.92632e+06	1.894e+06	1.86864e+06	1.84875e+06	1.81786e+06	
1.9185e+06	1.89832e+06	1.88357e+06	1.85757e+06	1.82639e+06	
1.93389e+06	1.93686e+06	1.89832e+06	1.85307e+06	1.84639e+06	
1.93354e+06	1.9385e+06	1.90075e+06	1.87007e+06	1.83982e+06	
1.95325e+06	1.94721e+06	1.91164e+06	1.87304e+06	1.85457e+06	
1.96936e+06	1.96461e+06	1.92975e+06	1.91164e+06	1.87593e+06	
1.98061e+06	1.97593e+06	1.96314e+06	1.91336e+06	1.88932e+06	
1.99636e+06	1.99232e+06	1.96296e+06	1.92986e+06	1.90546e+06	
2.03004e+06	2.01454e+06	1.97118e+06	1.95225e+06	1.92725e+06	
2.01239e+06	1.99979e+06	1.97793e+06	1.93625e+06	1.92814e+06	
2.03446e+06	2.00943e+06	1.98368e+06	1.94911e+06	1.94146e+06	
2.02014e+06	2.01996e+06	1.98854e+06	1.95893e+06	1.93775e+06	
2.03896e+06	2.01464e+06	1.97675e+06	1.94975e+06	1.93282e+06	
2.04336e+06	2.02732e+06	1.99504e+06	1.96864e+06	1.95468e+06	
2.04571e+06	2.02625e+06	2.00961e+06	1.98043e+06	1.95893e+06	
2.03968e+06	2.03257e+06	1.99971e+06	1.98621e+06	1.96143e+06	
2.0465e+06	2.05075e+06	2.01886e+06	1.98207e+06	1.9665e+06	
2.06282e+06	2.04886e+06	2.02843e+06	1.98593e+06	1.96593e+06	
2.04821e+06	2.04868e+06	2.02264e+06	1.98279e+06	1.97943e+06	
2.06361e+06	2.05625e+06	2.02132e+06	1.98854e+06	1.97682e+06	
2.061e+06	2.05271e+06	2.02482e+06	2.00707e+06	1.97196e+06	
2.06714e+06	2.06975e+06	2.04371e+06	2.00986e+06	1.98693e+06	
2.07071e+06	2.06739e+06	2.03336e+06	2.01464e+06	1.98071e+06	
2.07296e+06	2.05993e+06	2.04164e+06	2.00932e+06	1.98961e+06	
2.07189e+06	2.06732e+06	2.03004e+06	1.99889e+06	1.97611e+06	
2.07504e+06	2.06225e+06	2.02454e+06	1.99446e+06	1.98825e+06	
2.06261e+06	2.05568e+06	2.02032e+06	2.00518e+06	1.98007e+06	
2.06479e+06	2.05525e+06	2.01736e+06	1.99896e+06	1.96918e+06	
2.06993e+06	2.07071e+06	2.03193e+06	1.98564e+06	1.98989e+06	
2.06721e+06	2.05029e+06	2.03275e+06	2.00007e+06	1.97664e+06	
2.06336e+06	2.04993e+06	2.01529e+06	1.99879e+06	1.97439e+06	
2.05082e+06	2.04543e+06	2.02032e+06	1.98521e+06	1.96818e+06	
2.04832e+06	2.05182e+06	2.03489e+06	1.98918e+06	1.97964e+06	
2.05471e+06	2.05021e+06	2.015e+06	2.00032e+06	1.97071e+06	
2.07568e+06	2.06036e+06	2.03014e+06	2.00321e+06	1.99368e+06	
2.05425e+06	2.051e+06	2.0295e+06	2.00475e+06	1.97918e+06	
2.0585e+06	2.05543e+06	2.01475e+06	2.00221e+06	1.97793e+06	
2.05164e+06	2.04668e+06	2.00871e+06	1.98871e+06	1.96539e+06	
2.05118e+06	2.03364e+06	2.02814e+06	1.99232e+06	1.98621e+06	
2.08029e+06	2.04471e+06	2.02671e+06	2.01771e+06	1.96721e+06	
2.06432e+06	2.05443e+06	2.02832e+06	2.00214e+06	1.989e+06	
2.07632e+06	2.05929e+06	2.02564e+06	1.97964e+06	1.9835e+06	
2.06496e+06	2.05857e+06	2.02393e+06	2.00114e+06	1.98279e+06	
2.06011e+06	2.04211e+06	2.03632e+06	1.97379e+06	1.96404e+06	
2.06218e+06	2.05164e+06	2.02339e+06	1.97404e+06	1.961e+06	
2.04779e+06	2.04443e+06	2.01807e+06	1.97379e+06	1.95804e+06	
2.05246e+06	2.04004e+06	2.02104e+06	1.98339e+06	1.96125e+06	
2.04839e+06	2.03804e+06	2.00286e+06	1.96054e+06	1.95296e+06	
2.04471e+06	2.03264e+06	2.00346e+06	1.98054e+06	1.96036e+06	
2.02779e+06	2.02807e+06	1.99464e+06	1.94586e+06	1.93975e+06	
2.02564e+06	2.02554e+06	1.99239e+06	1.95532e+06	1.94632e+06	
2.02275e+06	2.01743e+06	1.99204e+06	1.95468e+06	1.94093e+06	
2.0275e+06	2.02257e+06	1.99646e+06	1.96218e+06	1.93839e+06	
2.00664e+06	2.00871e+06	1.96568e+06	1.93254e+06	1.90825e+06	
1.98593e+06	1.99575e+06	1.96486e+06	1.93793e+06	1.8985e+06	
1.96989e+06	1.97793e+06	1.91886e+06	1.87943e+06	1.85889e+06	
1.80821e+06	1.81921e+06	1.78382e+06	1.75529e+06	1.7255e+06	
1.57543e+06	1.57768e+06	1.55364e+06	1.5055e+06	1.49161e+06	
1.26757e+06	1.27261e+06	1.25254e+06	1.23325e+06	1.19104e+06	
988964	969964	969071	949714	928357	
780357	782786	765893	763464	747964	
670893	664321	652464	640821	627071	
632286	640643	627679	610143	608250	
730607	716179	711071	694214	686750	
844107	841929	843821	821607	804750	
937821	922857	912250	894429	885250	
966607	953464	944821	920429	908214	
939429	930071	918357	894321	888857	
918750	907750	897393	874607	863643	
913857	912429	903321	888393	863107	
925107	924679	881179	876429	868607	
946714	942679	928821	893536	897321	
982821	980679	964536	950321	938821	
1.06321e+06	1.06221e+06	1.03325e+06	1.01254e+06	997679	
1.12507e+06	1.11461e+06	1.11686e+06	1.07429e+06	1.07429e+06	
1.20714e+06	1.17818e+06	1.17043e+06	1.142e+06	1.14289e+06	
1.27646e+06	1.27593e+06	1.2355e+06	1.21714e+06	1.19725e+06	
1.34082e+06	1.31096e+06	1.314e+06	1.27396e+06	1.25846e+06	
1.40025e+06	1.40179e+06	1.38332e+06	1.33879e+06	1.32554e+06	
1.46004e+06	1.47768e+06	1.43339e+06	1.40168e+06	1.40204e+06	
1.55454e+06	1.53411e+06	1.49011e+06	1.48e+06	1.44696e+06	
1.6e+06	1.59343e+06	1.58164e+06	1.53196e+06	1.50604e+06	
1.66564e+06	1.64493e+06	1.60089e+06	1.59282e+06	1.55554e+06	
1.69157e+06	1.68425e+06	1.67086e+06	1.62143e+06	1.61764e+06	
1.72704e+06	1.70975e+06	1.68654e+06	1.648e+06	1.639e+06	
1.74979e+06	1.73586e+06	1.71975e+06	1.67418e+06	1.66636e+06	
1.78157e+06	1.75268e+06	1.70829e+06	1.68436e+06	1.66943e+06	
1.76339e+06	1.76457e+06	1.72189e+06	1.68632e+06	1.67471e+06	
1.77096e+06	1.76393e+06	1.74279e+06	1.70839e+06	1.67679e+06	
1.76061e+06	1.77357e+06	1.74846e+06	1.69046e+06	1.67914e+06	
1.79057e+06	1.77293e+06	1.72479e+06	1.71786e+06	1.68543e+06	
1.803e+06	1.78771e+06	1.76043e+06	1.73439e+06	1.68425e+06	
1.7995e+06	1.78736e+06	1.75143e+06	1.72764e+06	1.70893e+06	
1.78671e+06	1.75818e+06	1.74025e+06	1.70721e+06	1.69354e+06	
1.77204e+06	1.78175e+06	1.73296e+06	1.71714e+06	1.68354e+06	
1.76375e+06	1.76718e+06	1.72225e+06	1.70704e+06	1.69246e+06	
1.78061e+06	1.75907e+06	1.71918e+06	1.68904e+06	1.67229e+06	
1.76321e+06	1.75404e+06	1.721e+06	1.67975e+06	1.68032e+06	
1.76043e+06	1.75836e+06	1.72621e+06	1.70371e+06	1.67975e+06	
1.75918e+06	1.75989e+06	1.72379e+06	1.72236e+06	1.68489e+06	
1.76132e+06	1.75279e+06	1.71775e+06	1.69425e+06	1.67168e+06	
1.74096e+06	1.73396e+06	1.71407e+06	1.67879e+06	1.65671e+06	
1.73929e+06	1.72857e+06	1.70561e+06	1.65043e+06	1.65321e+06	
1.74621e+06	1.72711e+06	1.69146e+06	1.66582e+06	1.64125e+06	
1.72396e+06	1.71586e+06	1.68914e+06	1.65943e+06	1.63729e+06	
1.71082e+06	1.7175e+06	1.68725e+06	1.63457e+06	1.62964e+06	
1.71361e+06	1.70561e+06	1.67418e+06	1.64179e+06	1.61118e+06	
1.71414e+06	1.71586e+06	1.67211e+06	1.65161e+06	1.62432e+06	
1.73946e+06	1.70921e+06	1.68436e+06	1.65204e+06	1.64843e+06	
1.70811e+06	1.69957e+06	1.65996e+06	1.62621e+06	1.62286e+06	
1.70604e+06	1.70811e+06	1.66454e+06	1.63036e+06	1.61775e+06	
1.70732e+06	1.70561e+06	1.66293e+06	1.62964e+06	1.61521e+06	
1.70436e+06	1.69507e+06	1.67211e+06	1.62907e+06	1.62936e+06	
1.68904e+06	1.66275e+06	1.65014e+06	1.61154e+06	1.60396e+06	
1.68075e+06	1.66086e+06	1.62071e+06	1.60236e+06	1.59354e+06	
1.68407e+06	1.67861e+06	1.63432e+06	1.59704e+06	1.58696e+06	
1.66743e+06	1.66364e+06	1.64914e+06	1.59361e+06	1.58354e+06	
1.66571e+06	1.67175e+06	1.64043e+06	1.60739e+06	1.58704e+06	
1.65986e+06	1.64636e+06	1.61143e+06	1.60136e+06	1.57271e+06	
1.66832e+06	1.65161e+06	1.63711e+06	1.60739e+06	1.58929e+06	
1.65979e+06	1.65646e+06	1.621e+06	1.59714e+06	1.564e+06	
1.655e+06	1.64954e+06	1.63764e+06	1.57293e+06	1.57632e+06	
1.65689e+06	1.65718e+06	1.61054e+06	1.58668e+06	1.55582e+06	
1.65268e+06	1.64339e+06	1.61621e+06	1.59479e+06	1.55654e+06	
1.65061e+06	1.62746e+06	1.60136e+06	1.57607e+06	1.56229e+06	
1.64943e+06	1.62664e+06	1.60011e+06	1.56843e+06	1.54914e+06	
1.65096e+06	1.63404e+06	1.58739e+06	1.57714e+06	1.554e+06	
1.66382e+06	1.63854e+06	1.60764e+06	1.56804e+06	1.57507e+06	
1.64168e+06	1.63889e+06	1.61739e+06	1.59336e+06	1.57507e+06	
1.62196e+06	1.63214e+06	1.60054e+06	1.56868e+06	1.56336e+06	
1.63161e+06	1.63036e+06	1.57993e+06	1.56643e+06	1.54979e+06	
1.63439e+06	1.62682e+06	1.59236e+06	1.55411e+06	1.53221e+06	
1.61646e+06	1.60207e+06	1.57632e+06	1.55796e+06	1.53682e+06	
1.61586e+06	1.60982e+06	1.57543e+06	1.55229e+06	1.52096e+06	
1.60568e+06	1.60675e+06	1.56814e+06	1.54393e+06	1.54139e+06	
1.61711e+06	1.60371e+06	1.57886e+06	1.54564e+06	1.5305e+06	
1.59639e+06	1.57407e+06	1.56689e+06	1.5235e+06	1.52007e+06	
1.60579e+06	1.5975e+06	1.58175e+06	1.54286e+06	1.51864e+06	
1.59075e+06	1.59343e+06	1.56921e+06	1.546e+06	1.52907e+06	
1.61064e+06	1.59461e+06	1.56814e+06	1.52918e+06	1.51225e+06	
1.58939e+06	1.59846e+06	1.55707e+06	1.52054e+06	1.50846e+06	
1.59093e+06	1.58118e+06	1.55057e+06	1.53464e+06	1.48486e+06	
1.56607e+06	1.55957e+06	1.52196e+06	1.50089e+06	1.48129e+06	
1.55996e+06	1.56257e+06	1.53771e+06	1.51079e+06	1.48918e+06	
1.56636e+06	1.55382e+06	1.52079e+06	1.49261e+06	1.47154e+06	
1.53196e+06	1.53268e+06	1.52043e+06	1.47893e+06	1.47004e+06	
1.54996e+06	1.52421e+06	1.48768e+06	1.46821e+06	1.45893e+06	
1.52261e+06	1.52168e+06	1.49243e+06	1.48514e+06	1.43068e+06	
1.52457e+06	1.51225e+06	1.48704e+06	1.45068e+06	1.44021e+06	
1.50225e+06	1.4855e+06	1.46164e+06	1.43564e+06	1.42671e+06	
1.49443e+06	1.48846e+06	1.45354e+06	1.42411e+06	1.42043e+06	
1.48036e+06	1.47021e+06	1.44257e+06	1.43357e+06	1.40314e+06	
1.48218e+06	1.46461e+06	1.44671e+06	1.40546e+06	1.39261e+06	
1.48982e+06	1.48071e+06	1.45264e+06	1.43264e+06	1.42546e+06	
1.46982e+06	1.46525e+06	1.44175e+06	1.41529e+06	1.39818e+06	
1.47057e+06	1.46686e+06	1.43393e+06	1.39368e+06	1.38911e+06	
1.46211e+06	1.45275e+06	1.43364e+06	1.40071e+06	1.38314e+06	
1.46029e+06	1.43393e+06	1.40529e+06	1.38361e+06	1.36911e+06	
1.44707e+06	1.44807e+06	1.41404e+06	1.388e+06	1.36875e+06	
1.43636e+06	1.43204e+06	1.40107e+06	1.38911e+06	1.37279e+06	
1.43132e+06	1.42961e+06	1.41332e+06	1.38189e+06	1.37071e+06	
1.42996e+06	1.40529e+06	1.37704e+06	1.36289e+06	1.34039e+06	
1.43571e+06	1.41404e+06	1.38457e+06	1.36568e+06	1.34271e+06	
1.39611e+06	1.388e+06	1.37029e+06	1.34425e+06	1.33714e+06	
1.41671e+06	1.40432e+06	1.36614e+06	1.35579e+06	1.34514e+06	
1.40918e+06	1.40107e+06	1.37261e+06	1.35668e+06	1.33921e+06	
1.40375e+06	1.38586e+06	1.37586e+06	1.34182e+06	1.32175e+06	
1.39493e+06	1.40143e+06	1.389e+06	1.35993e+06	1.33068e+06	
1.41043e+06	1.38532e+06	1.37071e+06	1.33464e+06	1.33221e+06	
1.39754e+06	1.38646e+06	1.36486e+06	1.33879e+06	1.32661e+06	
1.38314e+06	1.3645e+06	1.34218e+06	1.31761e+06	1.28746e+06	
1.36189e+06	1.36443e+06	1.32868e+06	1.3205e+06	1.28161e+06	
1.34489e+06	1.351e+06	1.32643e+06	1.296e+06	1.28232e+06	
1.36093e+06	1.34561e+06	1.32264e+06	1.30861e+06	1.28393e+06	
1.35804e+06	1.33761e+06	1.31436e+06	1.27629e+06	1.26675e+06	
1.35461e+06	1.34354e+06	1.31943e+06	1.297e+06	1.28214e+06	
1.37207e+06	1.36129e+06	1.33571e+06	1.29771e+06	1.29664e+06	
1.34832e+06	1.35479e+06	1.31796e+06	1.28729e+06	1.27557e+06	
1.37218e+06	1.36579e+06	1.342e+06	1.30386e+06	1.28918e+06	
1.33779e+06	1.33761e+06	1.30386e+06	1.28214e+06	1.26443e+06	
1.34346e+06	1.32057e+06	1.30796e+06	1.28782e+06	1.27261e+06	
1.32339e+06	1.30321e+06	1.29096e+06	1.25054e+06	1.24264e+06	
1.31943e+06	1.30554e+06	1.306e+06	1.27379e+06	1.24739e+06	
1.29636e+06	1.29464e+06	1.26225e+06	1.23904e+06	1.23289e+06	
1.30836e+06	1.29654e+06	1.26657e+06	1.24507e+06	1.24018e+06	
1.28207e+06	1.28375e+06	1.26646e+06	1.23804e+06	1.23632e+06	
1.28332e+06	1.2635e+06	1.24207e+06	1.22229e+06	1.20607e+06	
1.27757e+06	1.27925e+06	1.2475e+06	1.22346e+06	1.21039e+06	
1.27071e+06	1.27061e+06	1.242e+06	1.22786e+06	1.20896e+06	
1.25532e+06	1.26196e+06	1.23336e+06	1.20311e+06	1.19457e+06	
1.27368e+06	1.24639e+06	1.24768e+06	1.21293e+06	1.18871e+06	
1.25918e+06	1.25396e+06	1.22868e+06	1.197e+06	1.1905e+06	
1.24136e+06	1.22761e+06	1.20725e+06	1.18368e+06	1.16871e+06	
1.24532e+06	1.24146e+06	1.19221e+06	1.18682e+06	1.17429e+06	
1.24389e+06	1.22254e+06	1.21146e+06	1.18375e+06	1.16621e+06	
1.23254e+06	1.22293e+06	1.19475e+06	1.18457e+06	1.15064e+06	
1.23721e+06	1.20814e+06	1.19671e+06	1.17564e+06	1.16071e+06	
1.20257e+06	1.22121e+06	1.18689e+06	1.15604e+06	1.15882e+06	
1.19214e+06	1.19375e+06	1.15189e+06	1.14846e+06	1.13243e+06	
1.21411e+06	1.20679e+06	1.18096e+06	1.15343e+06	1.15918e+06	
1.21636e+06	1.21293e+06	1.18375e+06	1.16261e+06	1.14368e+06	
1.21707e+06	1.20754e+06	1.18511e+06	1.16882e+06	1.15196e+06	
1.21571e+06	1.19104e+06	1.17782e+06	1.16132e+06	1.14218e+06	
1.22507e+06	1.21507e+06	1.1715e+06	1.15611e+06	1.15711e+06	
1.20546e+06	1.19393e+06	1.17771e+06	1.1535e+06	1.12668e+06	
1.20607e+06	1.19068e+06	1.16907e+06	1.12496e+06	1.12793e+06	
1.19293e+06	1.18221e+06	1.15729e+06	1.13029e+06	1.13514e+06	
1.17132e+06	1.16746e+06	1.13011e+06	1.11625e+06	1.11229e+06	
1.15604e+06	1.16529e+06	1.14279e+06	1.10986e+06	1.11346e+06	
1.16996e+06	1.17486e+06	1.14929e+06	1.11075e+06	1.10364e+06	
1.16207e+06	1.1455e+06	1.11039e+06	1.11064e+06	1.08807e+06	
1.15136e+06	1.14036e+06	1.12379e+06	1.11046e+06	1.08264e+06	
1.1265e+06	1.12325e+06	1.10157e+06	1.06782e+06	1.06332e+06	
1.12621e+06	1.10489e+06	1.09454e+06	1.07286e+06	1.07411e+06	
1.10257e+06	1.10193e+06	1.09039e+06	1.06971e+06	1.06096e+06	
1.1155e+06	1.09914e+06	1.06896e+06	1.04682e+06	1.04304e+06	
1.12029e+06	1.10939e+06	1.08168e+06	1.05611e+06	1.04864e+06	
1.08679e+06	1.07582e+06	1.05754e+06	1.03818e+06	1.02857e+06	
1.08068e+06	1.07996e+06	1.05979e+06	1.02468e+06	1.02154e+06	
1.07825e+06	1.06293e+06	1.04925e+06	1.03225e+06	1.00904e+06	
1.05861e+06	1.05096e+06	1.03514e+06	1.01307e+06	1.00436e+06	
1.05071e+06	1.04529e+06	1.039e+06	1.01054e+06	992000	
1.04889e+06	1.03911e+06	1.01396e+06	1.00946e+06	987250	
1.02586e+06	1.01075e+06	1.00082e+06	982000	974893	
1.01657e+06	1.00696e+06	985893	959143	971679	
992179	993000	962036	957714	943750	
963571	943929	932321	907464	913679	
944464	928179	903786	890393	883714	
924857	937643	910714	893357	872357	
904500	905321	888500	849500	849679	
894714	879393	861929	849679	829607	
857893	865357	848321	833571	821429	
854286	843214	842393	818893	810179	
844286	833750	819179	798464	811321	
823500	815750	801250	789464	777679	
799107	802964	792071	773714	763000	
803429	797750	786929	759393	768571	
816393	809714	798000	773071	765500	
812071	801607	790357	772464	769286	
810714	785786	797393	762714	757857	
777929	776321	769214	745429	752179	
780643	782714	771536	759393	740929	
817536	803607	787857	768750	765500	
805321	807464	777750	766786	759679	
796214	797571	774429	751643	758393	
800357	805500	781536	769107	760821	
800643	785786	773179	767500	748679	
820357	818000	801536	779393	780286	
844643	840857	824929	806107	794250	
864000	855357	841750	833857	815929	
876321	856607	840500	835750	814500	
857607	849071	836107	817286	801357	
853750	835821	834286	821250	806036	
824857	822964	793429	782000	786857	
780357	782179	764714	741679	736357	
723286	721214	706107	694750	680000	
683143	683786	678214	651464	660821	
705750	693500	676036	669821	664607	
738964	729071	709071	695036	689179	
757429	755607	751393	729964	725536	
780929	775429	761179	747607	735714	
801179	792536	783429	770393	753821	
812679	816643	795679	782250	780179	
824750	811714	797929	786571	766071	
806464	810607	792964	786214	772000	
807214	813857	790536	779571	765893	
810714	801893	793857	781464	761643	
821143	816286	806643	794964	790643	
824464	816286	803857	791000	769571	
803964	799714	796500	768321	766786	
783429	782250	762000	748964	724821	
766500	756500	738607	722857	726464	
761643	759750	745179	723821	712857	
756786	759929	735536	731214	717071	
749750	752179	734536	713214	719143	
739857	738250	733821	711857	698357	
748679	732571	725536	703143	712679	
756143	751643	731571	708821	712500	
756250	752286	721857	723107	698821	
750929	743000	726071	713036	711143	
748679	754357	739786	716893	704393	
748607	741464	725357	720429	712036	
744286	743643	737536	713214	704393	
742643	745000	724571	706821	700786	
723107	724214	715000	709357	703571	
739429	737429	723643	702143	698536	
740679	732214	707643	697714	697179	
729500	719250	720321	689643	697107	
736607	727536	722321	697464	690964	
725000	719250	708179	687571	687036	
734107	718536	698821	689893	681429	
721393	720429	708250	704750	700357	
736536	721679	722571	693857	702857	
744179	740571	717643	712036	697107	
750107	744893	727071	708000	704107	
742036	742750	723821	700714	700071	
746893	746000	743750	721393	704286	
749750	749143	728893	707357	699429	
730679	740571	722679	706750	698536	
743750	736071	734179	710607	705107	
741857	739500	725179	717821	710964	
739214	733036	728893	715929	709536	
743750	740036	714929	719143	713036	
746250	735179	725000	719143	707000	
737893	738857	718714	711250	701607	
740679	728321	732036	703857	699179	
741214	730500	721750	708250	698643	
749750	729321	714107	703929	695464	
736071	721321	724393	704286	695929	
740857	725536	716714	712036	693036	
734357	737536	717643	700964	696643	
726000	720786	709429	704500	690429	
729500	731929	714929	704857	699357	
712393	715286	708536	700536	690179	
715750	706821	713214	694679	692321	
728714	723571	706464	697929	684571	
716179	724036	699429	688714	689643	
727536	714464	696821	689821	694393	
719500	715000	700786	693786	685143	
722214	710607	701679	688107	680464	
720964	704929	698000	691714	671714	
704286	703321	681714	672893	677107	
697714	691143	680714	667107	655607	
692607	696643	686857	668036	663000	
688714	704571	681357	669750	668929	
692429	691250	687821	662893	657393	
685393	692071	680000	661000	667107	
695036	699000	681357	675214	660464	
704929	690536	668214	666679	656786	
689464	693214	677821	669929	662071	
696929	692857	684143	664679	655250	
689107	691714	675750	663357	651821	
678750	678393	666679	654964	652643	
689107	681000	670179	648571	644357	
678821	679107	669286	649857	651107	
673607	673321	662893	645429	645893	
683143	662536	664786	647786	644000	
670107	669179	662607	649214	640107	
675964	659107	650464	641821	638500	
662000	657321	645714	638500	640750	
659393	649750	640393	622643	612214	
631214	626714	615893	601321	603214	
620393	615464	604571	590143	576750	
610857	620143	605929	591857	589607	
625357	624286	611214	608536	592571	
635893	628607	618143	599357	591607	
622929	616893	612750	598429	600429	
626893	632821	612107	608536	600857	
617786	622929	603393	597464	591321	
625893	623750	607000	600786	596357	
617179	620321	607536	593143	587643	
623464	624536	603750	593929	587893	
612500	610214	601143	590321	583036	
600500	612500	590429	582607	581321	
597000	593571	589000	572250	567286	
559714	564857	548929	541000	531286	
547036	535321	519143	516071	511214	
535429	528500	525071	515000	510750	
556750	542071	534607	532357	517679	
562607	565750	538750	542250	520393	
572250	570786	558929	539286	543071	
576107	574750	561964	551821	543607	
566571	572071	562071	554321	547750	
586750	576750	564857	556393	550107	
581607	579714	577000	564429	554321	
590893	588000	577357	562179	562071	
585107	581679	571000	561964	560000	
582857	583036	575393	558571	561000	
588821	589000	572071	556321	560893	
588357	580250	567214	558393	558036	
584750	579357	569536	557750	556500	
584571	565571	564857	555679	555607	
583929	579893	565857	555393	555607	
578107	574393	560893	554143	543429	
561893	557857	552536	548643	540750	
572857	569286	557857	541000	540179	
571893	560893	545429	541893	535964	
560000	559821	551893	537857	537929	
561071	562429	549750	546750	540286	
567750	556500	550643	543250	532464	
556679	555786	555393	534607	527679	
558107	555321	536607	532357	536607	
555036	554964	545071	530821	528214	
557571	541536	547929	523821	514464	
549750	547393	535964	521821	511214	
550893	550643	538393	535857	520036	
550000	538143	532000	532821	521571	
539464	549464	525786	520286	511857	
540179	535250	523464	518964	512821	
545250	534536	530464	517071	509571	
530214	536857	519750	514714	507714	
527786	530286	524357	508679	507786	
521750	521571	517429	507536	506357	
517071	518036	493571	484107	492214	
489679	493929	477821	467893	475643	
471786	470071	465821	464393	449714	
477357	463857	459643	454500	442536	
481786	472143	467357	456821	448821	
479964	481143	478429	462607	459464	
493643	487607	469714	466571	460536	
487714	486000	479714	463321	461964	
484393	492393	475393	467714	460714	
483036	483750	485536	464036	468893	
493464	493821	468179	465464	470607	
489857	483929	476464	465643	464857	
485464	484750	465393	461500	457821	
477821	485643	470964	468464	462786	
488000	488536	471071	466929	467536	
488179	480071	476179	470143	466821	
495536	482321	473857	467893	466464	
487357	485357	468536	463679	473750	
477464	471607	473857	461250	465929	
465214	470536	468107	459179	457750	
471071	472607	463500	463143	456107	
475464	471250	466821	454857	461143	
464571	470250	465036	450714	451786	
470250	465464	466464	452786	448464	
462500	469071	458000	444500	445214	
464500	464571	459643	449357	445321	
461143	463500	454321	444857	434679	
450643	456571	448571	442429	430179	
459464	453607	447464	438643	439929	
454500	453071	443786	441714	431821	
453143	444679	448357	431714	430714	
444786	449357	439179	434143	430107	
451429	451357	442429	433071	431286	
446857	441179	439536	430464	426393	
443607	436750	430929	426214	423071	
438286	435857	437679	425964	414964	
435321	429929	433429	432536	415607	
437214	432714	427679	421179	420107	
436571	431179	423714	413071	417679	
434250	427393	422643	411464	411393	
425250	431464	418500	409393	411286	
428643	422179	422286	414071	412643	
432071	431107	420107	414179	411464	
426036	428393	415964	400929	405429	
422179	417679	406964	395786	393286	
418929	420393	413714	402179	399857	
411464	409321	413464	392464	399143	
421107	419286	406429	397143	398857	
414786	406964	399857	401750	395357	
403893	402571	390679	389786	384357	
401036	392929	391571	387607	381214	
395071	405000	396964	388679	383036	
399929	398500	393643	389607	384286	
402357	397143	388071	387536	381857	
396179	403643	394464	383393	382857	
405179	398786	398321	383929	382643	
393357	391679	387714	384464	375643	
393286	397429	390143	375536	372857	
390571	388321	386607	370857	376179	
392643	394286	384464	377964	369429	
386714	385179	378964	367071	367714	
394893	394536	376179	370607	369429	
387250	381750	370964	368000	372393	
378321	383393	378321	367821	358893	
381214	379321	377607	367714	364571	
379679	372036	369321	366643	354857	
374750	368429	372750	360607	355929	
368429	366536	368714	356643	353393	
370607	365393	361071	356571	354393	
356750	357643	362321	357000	345750	
366286	358250	353679	351429	342143	
361429	361500	352679	346107	346286	
355214	360429	349786	338536	344143	
362393	352964	349179	350536	337393	
352036	351786	349786	349357	342786	
353750	354107	349786	339893	337571	
348464	350000	345571	341893	339286	
345393	349071	340179	338643	335679	
349179	343857	349179	340357	337036	
350964	347107	342679	336643	328000	
345750	338714	336750	330714	325750	
344143	340964	337286	330821	329286	
344036	342679	336214	321643	325143	
338000	335750	334036	332893	324786	
332250	343321	331714	326571	326036	
332714	337286	325679	326857	323786	
330821	328214	322536	325393	324500	
333679	327214	320893	322429	322964	
332964	326321	320179	322179	311286	
322714	318750	313250	315786	313893	
321179	316929	313179	305607	306786	
318571	316750	317500	309929	307500	
317857	317107	312000	309750	303179	
323786	312893	305857	303429	303607	
308750	309821	302821	306036	296786	
307857	305143	297857	292107	295071	
305964	301286	293357	294429	294536	
300214	292464	289750	285714	284643	
293643	294000	285429	284357	281750	
289571	290643	282107	279393	281036	
282107	281286	285357	278143	273750	
277893	278607	275714	270857	265536	
273179	279571	275893	268143	268321	
268143	271036	271750	258964	266536	
264821	271500	259500	255821	259500	
267607	268786	259321	257357	261750	
263464	264750	261143	256357	251964	
268679	266357	257607	253929	256893	
263464	264536	256643	257250	254393	
253393	250429	246179	240964	245286	
247714	240607	235464	238643	236179	
242750	235464	244821	238357	237714	
249893	243857	239179	234214	233929	
241143	245286	240964	237536	234143	
242750	248179	239536	237464	234393	
239250	242500	242143	237179	232786	
238893	241429	234393	231500	230250	
247000	245036	237286	226750	228357	
241321	232964	238179	233929	230250	
244643	238000	236571	232321	232607	
242393	244036	229429	233036	237179	
240964	236286	234929	231893	235929	
246107	240429	239607	234679	234036	
244643	238179	239357	232679	229607	
248893	250964	244107	236571	241250	
251500	252143	256893	247357	242214	
265536	253107	253393	249893	249714	
260429	257000	259143	251964	255464	
265286	268321	259321	254393	251393	
266429	266071	256536	263571	256893	
265821	267357	258607	256179	258964	
263464	263571	263643	256536	252857	
267357	265821	260429	257179	253571	
264750	264286	262857	254643	253857	
264286	261393	258250	259250	252857	
259250	262036	255107	244750	249321	
254821	256179	250071	246000	243571	
251786	247714	246286	241786	238179	
250786	245571	244286	237643	235107	
248250	246643	240321	237464	237107	
240500	238821	236464	228179	230000	
236821	236643	234679	230250	226214	
232429	230250	231679	225107	230536	
236821	237107	228893	226821	226107	
224571	226107	222607	225857	219536	
230786	226643	228000	225321	222071	
227107	227750	224393	217036	216214	
230714	225857	223500	219643	211357	
230000	227286	220250	218357	218750	
224214	230071	223964	222857	210714	
227357	227821	223250	221893	216857	
229071	227464	228107	223143	222786	
230714	231321	222607	222679	219643	
231071	229179	223857	217393	217750	
227643	227357	225750	224143	220357	
226036	228714	223036	217821	221964	
226821	228893	228179	221536	220250	
223321	219357	215321	219714	217107	
220429	219357	212536	213429	211786	
214036	218821	214036	206036	206321	
211429	210286	211964	213500	207107	
216214	216857	213071	210286	209821	
215143	215143	212429	215500	213321	
218750	221964	214429	211429	214786	
216679	212143	214857	206321	212429	
213500	210286	214500	203786	205964	
209821	209000	208214	203429	196679	
212143	204071	204143	202429	201714	
213071	208393	207857	200893	204964	
209821	205786	209286	204679	205214	
210643	209536	208571	200357	199286	
215929	209286	205036	205571	205571	
203964	210000	206679	203250	200357	
203536	201357	206857	200000	198571	
202964	203893	199643	200286	193179	
209714	208286	199821	203143	199929	
203714	202893	205321	203250	197679	
208393	211714	204500	210714	204964	
211714	210464	205143	204250	202964	
214500	211714	212357	206321	202964	
211071	211607	207750	205964	202714	
211071	215214	209000	208036	210643	
214857	211536	212071	211536	207929	
219643	215929	219714	215321	210000	
221000	217286	217214	211714	208571	
216393	220786	206857	212250	204143	
216571	209821	209107	210893	208464	
209286	209286	208821	203143	203143	
208643	209107	208821	205036	207393	
213250	212536	209536	203607	201464	
213143	212429	208571	203714	209000	
212714	203714	210536	203143	201821	
210821	207393	206143	200536	198750	
203714	203143	203071	197929	199286	
203250	203786	200714	198643	192714	
202893	199643	199464	198643	193964	
199750	199750	195429	198929	195250	
204429	197679	196143	193714	193714	
200643	201286	199107	191464	193071	
196857	193893	194893	192536	195143	
195607	197214	194786	192536	183357	
195071	195964	193429	189464	190107	
192357	194071	191821	189571	189929	
196393	192429	194250	189464	190821	
188929	191643	193357	190179	190286	
200714	193607	189571	188929	189929	
193786	197500	185071	186857	186679	
190107	190821	185857	184964	184786	
188750	187500	184429	180393	178036	
183357	182536	181643	179107	179214	
180464	183357	179750	175250	175250	
172464	174000	176071	173357	175429	
174429	173714	170857	169679	169571	
171214	170929	167071	165964	166786	
165607	166893	167143	161393	162821	
165250	165429	160750	162286	161214	
154643	161286	155000	155643	153750	
154714	154536	155250	154464	155893	
154000	151321	153750	149964	148679	
154286	152214	149607	151214	143107	
146536	149857	147893	145714	143036	
140679	146714	140857	140964	143464	
140857	140786	138964	135750	139500	
138357	138071	136643	134036	132679	
132571	134750	132214	128357	129714	
128893	130857	130429	128607	126929	
128429	128071	126179	125214	124643	
128893	128179	126536	124393	127000	
123143	127000	125036	122214	120357	
121679	118643	117179	120357	120250	
127107	124107	122036	123143	126286	
117643	115643	115286	114929	116464	
115393	119714	115821	114750	115286	
116464	117821	117893	116750	117357	
115929	115643	118000	117000	113786	
116643	114571	116107	114500	117107	
112607	114857	116821	114500	114750	
117821	115464	116571	113143	115214	
112250	114143	114571	117536	112500	
115214	115929	114036	117179	110714	
116643	116643	114929	111786	115929	
116214	113393	115464	113214	113500	
116286	115107	111714	114143	113964	
109714	114143	111071	115821	113500	
114500	110179	112071	114036	112250	
114679	114857	117179	113500	111250	
116750	116643	114036	114393	113393	
116464	120357	117536	118643	119071	
121071	119000	121964	119607	120964	
124036	123321	123143	121250	120357	
122679	126929	128071	124214	119179	
127107	126536	125214	122143	124036	
126286	126714	125393	128250	121250	
125286	126464	128429	124214	125643	
127536	123393	125107	127536	122964	
130071	127179	122143	122607	123857	
122393	124464	124286	123321	124286	
129357	126357	124036	122393	123393	
128357	126179	123750	123321	122036	
125107	125393	123750	122214	121250	
121679	122964	122393	122143	122036	
123143	121250	119357	120357	120786	
122607	123143	118179	117000	121607	
120536	117286	118536	120143	118464	
120893	120964	118536	116036	115107	
115214	119429	116286	116107	116821	
113036	114393	113500	116464	113500	
113143	114500	114500	110714	112071	
116036	114036	115393	115821	116107	
113857	117179	117714	114321	117286	
115929	114571	116464	115107	114750	
114857	112786	112321	112964	114679	
112143	111607	110714	113143	111250	
112143	114036	112250	111893	111321	
116821	114571	110714	114214	112786	
115214	113036	111893	112964	111893	
113964	115750	112500	111893	115107	
112071	112857	110786	111250	113036	
113679	113857	112071	111714	112143	
114393	117714	116929	111071	111429	
113036	113786	114571	114036	113679	
112071	112071	113500	111893	114214	
115750	116393	113857	111786	115929	
112786	115750	112500	113036	114571	
114036	117179	113857	113143	113321	
112679	114679	113571	112786	110071	
109071	109464	116643	109714	111071	
113143	115214	111071	115286	112857	
111607	114393	111500	111071	113571	
116393	112607	113964	110893	113143	
115036	115464	114929	112500	112607	
112857	115036	114321	114750	114571	
112143	115750	116750	113571	110607	
108179	113857	111321	110786	110071	
108000	111321	112429	112321	108714	
107393	112071	111071	110071	112429	
109893	109357	108107	110964	109821	
110964	111143	112857	110964	110179	
112964	112857	111429	107929	107750	
110893	111964	114679	111786	109250	
111964	111071	112429	113143	110357	
112143	108821	111786	108536	114321	
110000	110607	109893	111250	109071	
110250	113679	109357	106643	111250	
111429	110714	112786	109000	107750	
111071	109179	110536	113036	107000	
109536	110179	109000	111714	109893	
110607	109071	111250	109464	109464	
107821	109536	104143	108714	108714	
110250	106286	107286	112607	106393	
109000	109643	109643	108714	106750	
108893	108000	108464	105500	109071	
108714	109071	108357	108714	110000	
112071	110000	111786	107821	112679	
111964	110000	113036	110964	111143	
110429	112071	113679	108536	108286	
112071	108357	111964	108714	108179	
112321	108714	113036	108536	108286	
110893	109536	107214	107393	108357	
108536	110250	108000	109643	106464	
107393	110893	109357	109714	108286	
110357	106214	108357	108357	108464	
108893	108179	110179	106821	107750	
111071	110536	108286	109250	105857	
112071	111429	107643	108821	109179	
106750	107464	109536	107929	105929	
110071	108357	106214	110000	106214	
107571	109357	106393	110071	104929	
108643	110893	105750	108286	108893	
109821	109893	109643	108357	105679	
110786	105750	107464	107571	107107	
111893	106393	108357	107393	106929	
107750	106643	110607	110071	107000	
109714	106750	108643	108286	109000	
108536	108893	105393	111607	108643	
111321	107929	108643	108107	107750	
108821	110964	108179	106750	111607	
107643	110357	105500	107750	108179	
109357	108464	109179	108107	108464	
107214	109893	110071	111250	107571	
107286	106821	107929	106929	106929	
105143	105321	109000	107000	105679	
109643	110786	106571	105679	109357	
109893	108536	107286	107821	103857	
107929	105500	106107	109250	107000	
109821	105036	105750	108179	110536	
109821	107393	104321	103143	107571	
108286	107571	105679	107214	106821	
108893	110786	106571	106464	108286	
106643	106750	108464	108821	106571	
108536	110250	107393	104321	106214	
109821	108179	109179	108821	109536	
108286	107571	107571	109714	106821	
111143	109893	113036	110964	109179	
110714	110786	108714	109464	107643	
107571	111429	110000	104321	105321	
109250	108286	110179	110714	110179	
109000	112071	106643	108107	106464	
111321	108000	109250	110000	107643	
108464	107214	110179	109643	106750	
110964	110607	107000	110786	106821	
106643	108286	109250	110250	109464	
110071	110000	108000	107821	105214	
105500	107286	105571	107929	108000	
110714	109179	106571	104857	109000	
109250	108179	106214	110964	105571	
109464	107000	106821	106571	108714	
105929	107929	106929	108286	106929	
106750	105143	106571	106107	105679	
107214	109071	107464	103857	106286	
108464	107929	105500	105679	103679	
109643	106929	105214	104036	108000	
109250	102321	104393	106464	101179	
108821	101714	105679	105929	106643	
102321	105679	104143	103786	103321	
103500	103964	106036	103071	104929	
106286	103500	105321	103500	105679	
102893	105321	103857	103964	101357	
105679	105214	101071	102607	105321	
102429	105214	104214	104214	100821	
102321	105214	101429	103857	103071	
102250	102500	101071	104679	101250	
104500	106107	105393	101607	101786	
100714	103679	101429	103679	103250	
102679	104214	101786	102500	102250	
103143	103143	104679	102893	101893	
103321	100536	102321	103250	104036	
103857	102500	100000	101893	103607	
102143	105679	104143	101893	101786	
102250	103429	103250	103429	101179	
102143	101964	100357	100179	97928.6	
100821	103500	102429	100179	101000	
106107	102500	102893	98821.4	102143	
101071	102893	103500	102250	103429	
102429	103143	102321	100643	99892.9	
102143	102786	99107.1	102250	103143	
99000	101250	100714	103500	101786	
101786	102321	104143	101964	100179	
102143	102893	101071	102250	102607	
103786	98928.6	103321	102321	100893	
101429	99821.4	99892.9	103143	99642.9	
99714.3	102250	101786	100000	101607	
102679	97571.4	102071	101357	102250	
103429	99464.3	100357	100821	97571.4	
99714.3	102321	102786	99714.3	102607	
99821.4	101000	100357	100893	102679	
101000	100250	101071	101786	100643	
99714.3	102786	100357	101250	99714.3	
101179	101714	98000	101536	97928.6	
99357.1	100250	100714	101179	98642.9	
99892.9	100000	101607	102607	99000	
100714	103607	101964	100893	99285.7	
102071	102321	100000	97035.7	99357.1	
100071	101071	100821	98821.4	98821.4	
100429	101607	100357	100429	97214.3	
97821.4	101607	98821.4	99178.6	99892.9	
99107.1	99285.7	100429	100071	99285.7	
100000	98464.3	98357.1	101607	101357	
98642.9	99821.4	101714	98357.1	96214.3	
100643	99714.3	100357	97928.6	99357.1	
97464.3	99178.6	99107.1	101429	96214.3	
100643	100179	100429	99357.1	98750	
98928.6	100357	98285.7	97214.3	100893	
98285.7	100071	98928.6	97928.6	99178.6	
98928.6	102607	98357.1	95750	99892.9	
100179	100000	101000	97642.9	97214.3	
96392.9	97035.7	99178.6	98285.7	95928.6	
98178.6	99464.3	99178.6	99000	98821.4	
99000	97571.4	98178.6	98285.7	95142.9	
99642.9	100071	96678.6	96678.6	97464.3	
99535.7	99285.7	95857.1	97035.7	97035.7	
98357.1	99285.7	98928.6	97928.6	94428.6	
96571.4	96678.6	98000	97392.9	100714	
99714.3	97750	98928.6	95571.4	96107.1	
100536	97214.3	99285.7	98000	96750	
99464.3	96750	97035.7	98357.1	100536	
98642.9	94428.6	95500	95214.3	95392.9	
97392.9	97464.3	97750	97107.1	96214.3	
97392.9	97821.4	98928.6	100179	97750	
97928.6	99357.1	100893	95571.4	100179	
96500	97821.4	94964.3	97571.4	96500	
96500	97928.6	96500	99285.7	94678.6	
94964.3	94964.3	94964.3	97642.9	95392.9	
96571.4	97107.1	96214.3	99178.6	92428.6	
95928.6	93964.3	94678.6	95321.4	95214.3	
101179	95500	95500	95750	96857.1	
96321.4	95214.3	98107.1	92785.7	96857.1	
96571.4	98571.4	94428.6	96321.4	97750	
96107.1	95500	95928.6	94607.1	96392.9	
96750	95214.3	96107.1	96392.9	97107.1	
97035.7	95750	95928.6	95571.4	91607.1	
93857.1	95500	96750	93678.6	93428.6	
96678.6	95142.9	95392.9	95142.9	96392.9	
96321.4	93607.1	93142.9	95321.4	94607.1	
94785.7	94428.6	92892.9	96392.9	95678.6	
96214.3	94857.1	93678.6	95678.6	96214.3	
97821.4	96857.1	94250	97035.7	93678.6	
97107.1	95571.4	92178.6	95750	95142.9	
96750	95392.9	98357.1	94607.1	94607.1	
96857.1	97571.4	97392.9	92250	97285.7	
94321.4	97107.1	94142.9	96392.9	96500	
96035.7	95928.6	94607.1	92785.7	93785.7	
98000	93500	95214.3	92535.7	93785.7	
93678.6	93964.3	95750	94785.7	94785.7	
95035.7	92178.6	95857.1	95392.9	93785.7	
98821.4	94964.3	92964.3	95142.9	92535.7	
90821.4	94607.1	93857.1	94964.3	94785.7	
94321.4	92607.1	96928.6	90892.9	98178.6	
95750	93785.7	93964.3	92357.1	97571.4	
93607.1	94321.4	93071.4	96321.4	96035.7	
94250	94250	95035.7	94678.6	92178.6	
94500	93500	94071.4	95678.6	97571.4	
94321.4	94678.6	93964.3	95678.6	93857.1	
94678.6	95678.6	94500	95857.1	95928.6	
94500	95035.7	94964.3	93321.4	95678.6	
93500	95678.6	93428.6	94857.1	94857.1	
94071.4	94607.1	94321.4	96928.6	92357.1	
94321.4	93964.3	93428.6	93321.4	94785.7	
93785.7	93857.1	93142.9	95928.6	94071.4	
94428.6	95035.7	93142.9	92892.9	95857.1	
92964.3	95857.1	93142.9	94964.3	92607.1	
94678.6	94964.3	91250	94321.4	93857.1	
94321.4	95571.4	90821.4	93607.1	94142.9	
92428.6	94785.7	93321.4	94964.3	92357.1	
92714.3	94321.4	96035.7	94142.9	92178.6	
93785.7	92178.6	91892.9	89357.1	94857.1	
95750	94428.6	93321.4	94678.6	93142.9	
93250	94964.3	92178.6	95214.3	94071.4	
94250	93607.1	94678.6	95500	91714.3	
93857.1	94857.1	92785.7	91892.9	94500	
93321.4	95571.4	89107.1	92535.7	96392.9	
92000	91428.6	93071.4	96678.6	95500	
91785.7	93678.6	98107.1	95500	92892.9	
93678.6	94500	93785.7	94500	92785.7	
93142.9	94964.3	94071.4	94500	94250	
92178.6	96392.9	94428.6	93428.6	92964.3	
92785.7	93607.1	93678.6	90107.1	94321.4	
94678.6	93964.3	93321.4	94500	93785.7	
95214.3	90285.7	92607.1	94250	92785.7	
94071.4	93142.9	93071.4	92785.7	95142.9	
89821.4	90642.9	90535.7	92785.7	91785.7	
92428.6	94678.6	91071.4	96678.6	94678.6	
91250	93071.4	91607.1	91892.9	93500	
95142.9	93500	92357.1	95500	92250	
95928.6	92607.1	95142.9	92428.6	92535.7	
89750	93857.1	94785.7	94607.1	94321.4	
94785.7	90357.1	93428.6	94428.6	91785.7	
92250	92607.1	93142.9	93071.4	94964.3	
92892.9	91000	94250	93607.1	96678.6	
95857.1	94321.4	90714.3	92785.7	93785.7	
94142.9	94964.3	91607.1	92071.4	93071.4	
93607.1	91785.7	92250	93785.7	95928.6	
93428.6	91607.1	91892.9	95857.1	92607.1	
91250	92071.4	93321.4	92892.9	92964.3	
92178.6	92892.9	94857.1	89535.7	89357.1	
93500	92428.6	92785.7	90821.4	95678.6	
93500	92428.6	92785.7	90821.4	95678.6	
93500	92428.6	92785.7	90821.4	95678.6	
