586.207	586.207	586.207	586.207	586.207	
984586	984586	984586	984586	984586	
74310.3	73069	74310.3	73069	74310.3	
72827.6	70896.6	72827.6	70896.6	72827.6	
71862.1	69069	71862.1	69069	71862.1	
71172.4	68827.6	71172.4	68827.6	71172.4	
70206.9	71586.2	70206.9	71586.2	70206.9	
70896.6	71344.8	70896.6	71344.8	70896.6	
67517.2	69689.7	67517.2	69689.7	67517.2	
71862.1	69793.1	71862.1	69793.1	71862.1	
71172.4	71586.2	71172.4	71586.2	71172.4	
73517.2	71965.5	73517.2	71965.5	73517.2	
71069	71241.4	71069	71241.4	71069	
73517.2	73241.4	73517.2	73241.4	73517.2	
73586.2	73241.4	73586.2	73241.4	73586.2	
76034.5	73862.1	76034.5	73862.1	76034.5	
78482.8	74034.5	78482.8	74034.5	78482.8	
76379.3	75241.4	76379.3	75241.4	76379.3	
77241.4	76034.5	77241.4	76034.5	77241.4	
78103.4	77758.6	78103.4	77758.6	78103.4	
80034.5	80724.1	80034.5	80724.1	80034.5	
79344.8	81000	79344.8	81000	79344.8	
77413.8	79344.8	77413.8	79344.8	77413.8	
78034.5	79517.2	78034.5	79517.2	78034.5	
81069	79172.4	81069	79172.4	81069	
82551.7	79069	82551.7	79069	82551.7	
81344.8	83069	81344.8	83069	81344.8	
82827.6	77862.1	82827.6	77862.1	82827.6	
84551.7	83344.8	84551.7	83344.8	84551.7	
86551.7	83517.2	86551.7	83517.2	86551.7	
84896.6	82103.4	84896.6	82103.4	84896.6	
83413.8	86206.9	83413.8	86206.9	83413.8	
83758.6	85689.7	83758.6	85689.7	83758.6	
83758.6	84896.6	83758.6	84896.6	83758.6	
84655.2	84827.6	84655.2	84827.6	84655.2	
86034.5	84827.6	86034.5	84827.6	86034.5	
85000	88275.9	85000	88275.9	85000	
87069	84896.6	87069	84896.6	87069	
88103.4	84827.6	88103.4	84827.6	88103.4	
87517.2	88103.4	87517.2	88103.4	87517.2	
85241.4	87069	85241.4	87069	85241.4	
87172.4	87931	87172.4	87931	87172.4	
84896.6	86896.6	84896.6	86896.6	84896.6	
86103.4	86896.6	86103.4	86896.6	86103.4	
85413.8	88379.3	85413.8	88379.3	85413.8	
85172.4	85586.2	85172.4	85586.2	85172.4	
88551.7	86896.6	88551.7	86896.6	88551.7	
87758.6	87931	87758.6	87931	87758.6	
85241.4	83758.6	85241.4	83758.6	85241.4	
86827.6	84482.8	86827.6	84482.8	86827.6	
87241.4	85689.7	87241.4	85689.7	87241.4	
88206.9	86379.3	88206.9	86379.3	88206.9	
85069	86724.1	85069	86724.1	85069	
86379.3	86896.6	86379.3	86896.6	86379.3	
84724.1	84103.4	84724.1	84103.4	84724.1	
88103.4	87172.4	88103.4	87172.4	88103.4	
84896.6	85758.6	84896.6	85758.6	84896.6	
87000	84551.7	87000	84551.7	87000	
86655.2	86034.5	86655.2	86034.5	86655.2	
86827.6	86379.3	86827.6	86379.3	86827.6	
86827.6	87172.4	86827.6	87172.4	86827.6	
85689.7	85241.4	85689.7	85241.4	85689.7	
85862.1	86206.9	85862.1	86206.9	85862.1	
87758.6	88551.7	87758.6	88551.7	87758.6	
84206.9	85931	84206.9	85931	84206.9	
86275.9	85931	86275.9	85931	86275.9	
85069	85689.7	85069	85689.7	85069	
84275.9	86379.3	84275.9	86379.3	84275.9	
86448.3	85413.8	86448.3	85413.8	86448.3	
85000	85344.8	85000	85344.8	85000	
84275.9	83586.2	84275.9	83586.2	84275.9	
84379.3	85758.6	84379.3	85758.6	84379.3	
85241.4	87000	85241.4	87000	85241.4	
85586.2	85241.4	85586.2	85241.4	85586.2	
85758.6	84551.7	85758.6	84551.7	85758.6	
82827.6	85241.4	82827.6	85241.4	82827.6	
86103.4	84551.7	86103.4	84551.7	86103.4	
87758.6	83931	87758.6	83931	87758.6	
85172.4	84103.4	85172.4	84103.4	85172.4	
83517.2	86379.3	83517.2	86379.3	83517.2	
84103.4	83586.2	84103.4	83586.2	84103.4	
90448.3	85689.7	90448.3	85689.7	90448.3	
86655.2	84896.6	86655.2	84896.6	86655.2	
85172.4	86206.9	85172.4	86206.9	85172.4	
85517.2	85586.2	85517.2	85586.2	85517.2	
84275.9	83344.8	84275.9	83344.8	84275.9	
82724.1	88206.9	82724.1	88206.9	82724.1	
84275.9	84655.2	84275.9	84655.2	84275.9	
85344.8	83241.4	85344.8	83241.4	85344.8	
86551.7	86551.7	86551.7	86551.7	86551.7	
86275.9	84206.9	86275.9	84206.9	86275.9	
85689.7	83000	85689.7	83000	85689.7	
85069	86103.4	85069	86103.4	85069	
85069	87517.2	85069	87517.2	85069	
86206.9	86206.9	86206.9	86206.9	86206.9	
84827.6	84827.6	84827.6	84827.6	84827.6	
90275.9	87689.7	90275.9	87689.7	90275.9	
86827.6	86827.6	86827.6	86827.6	86827.6	
85241.4	85413.8	85241.4	85413.8	85241.4	
86379.3	87586.2	86379.3	87586.2	86379.3	
85344.8	86379.3	85344.8	86379.3	85344.8	
84551.7	86206.9	84551.7	86206.9	84551.7	
84206.9	86827.6	84206.9	86827.6	84206.9	
85344.8	85931	85344.8	85931	85344.8	
85069	84103.4	85069	84103.4	85069	
86103.4	85931	86103.4	85931	86103.4	
87413.8	86206.9	87413.8	86206.9	87413.8	
87241.4	86275.9	87241.4	86275.9	87241.4	
88206.9	85862.1	88206.9	85862.1	88206.9	
87344.8	87241.4	87344.8	87241.4	87344.8	
86103.4	83586.2	86103.4	83586.2	86103.4	
87862.1	87931	87862.1	87931	87862.1	
86896.6	85862.1	86896.6	85862.1	86896.6	
85758.6	85689.7	85758.6	85689.7	85758.6	
84827.6	86551.7	84827.6	86551.7	84827.6	
84206.9	84206.9	84206.9	84206.9	84206.9	
84206.9	85517.2	84206.9	85517.2	84206.9	
85172.4	85172.4	85172.4	85172.4	85172.4	
87172.4	86655.2	87172.4	86655.2	87172.4	
85172.4	85517.2	85172.4	85517.2	85172.4	
85689.7	84482.8	85689.7	84482.8	85689.7	
86724.1	87758.6	86724.1	87758.6	86724.1	
86034.5	86379.3	86034.5	86379.3	86034.5	
87172.4	84482.8	87172.4	84482.8	87172.4	
87586.2	87241.4	87586.2	87241.4	87586.2	
86827.6	87241.4	86827.6	87241.4	86827.6	
87000	84724.1	87000	84724.1	87000	
85241.4	84896.6	85241.4	84896.6	85241.4	
85758.6	88103.4	85758.6	88103.4	85758.6	
84827.6	87413.8	84827.6	87413.8	84827.6	
85758.6	86379.3	85758.6	86379.3	85758.6	
86896.6	84034.5	86896.6	84034.5	86896.6	
85862.1	85172.4	85862.1	85172.4	85862.1	
83000	86827.6	83000	86827.6	83000	
83931	85413.8	83931	85413.8	83931	
87862.1	85758.6	87862.1	85758.6	87862.1	
86896.6	85758.6	86896.6	85758.6	86896.6	
86379.3	85344.8	86379.3	85344.8	86379.3	
85931	87000	85931	87000	85931	
86103.4	84724.1	86103.4	84724.1	86103.4	
87000	86103.4	87000	86103.4	87000	
88103.4	86827.6	88103.4	86827.6	88103.4	
87344.8	87517.2	87344.8	87517.2	87344.8	
84655.2	85862.1	84655.2	85862.1	84655.2	
86275.9	86275.9	86275.9	86275.9	86275.9	
86379.3	86827.6	86379.3	86827.6	86379.3	
85241.4	86275.9	85241.4	86275.9	85241.4	
85344.8	86655.2	85344.8	86655.2	85344.8	
87689.7	85517.2	87689.7	85517.2	87689.7	
87413.8	85689.7	87413.8	85689.7	87413.8	
86448.3	87689.7	86448.3	87689.7	86448.3	
85689.7	86034.5	85689.7	86034.5	85689.7	
85931	87931	85931	87931	85931	
85517.2	84655.2	85517.2	84655.2	85517.2	
86827.6	86275.9	86827.6	86275.9	86827.6	
85758.6	88103.4	85758.6	88103.4	85758.6	
84206.9	84724.1	84206.9	84724.1	84206.9	
87241.4	84482.8	87241.4	84482.8	87241.4	
85172.4	86448.3	85172.4	86448.3	85172.4	
86827.6	86379.3	86827.6	86379.3	86827.6	
83862.1	87000	83862.1	87000	83862.1	
88275.9	89586.2	88275.9	89586.2	88275.9	
86206.9	86724.1	86206.9	86724.1	86206.9	
87241.4	87344.8	87241.4	87344.8	87241.4	
87689.7	85758.6	87689.7	85758.6	87689.7	
86206.9	88620.7	86206.9	88620.7	86206.9	
87241.4	87344.8	87241.4	87344.8	87241.4	
84827.6	86827.6	84827.6	86827.6	84827.6	
84827.6	87758.6	84827.6	87758.6	84827.6	
85172.4	86827.6	85172.4	86827.6	85172.4	
86896.6	86551.7	86896.6	86551.7	86896.6	
85862.1	86206.9	85862.1	86206.9	85862.1	
87758.6	87172.4	87758.6	87172.4	87758.6	
85862.1	88724.1	85862.1	88724.1	85862.1	
85517.2	86275.9	85517.2	86275.9	85517.2	
87241.4	85172.4	87241.4	85172.4	87241.4	
86724.1	86206.9	86724.1	86206.9	86724.1	
87000	87000	87000	87000	87000	
86379.3	87413.8	86379.3	87413.8	86379.3	
88275.9	85344.8	88275.9	85344.8	88275.9	
85862.1	86379.3	85862.1	86379.3	85862.1	
84551.7	85344.8	84551.7	85344.8	84551.7	
84275.9	86379.3	84275.9	86379.3	84275.9	
84724.1	88206.9	84724.1	88206.9	84724.1	
84103.4	86827.6	84103.4	86827.6	84103.4	
86724.1	85413.8	86724.1	85413.8	86724.1	
85689.7	88896.6	85689.7	88896.6	85689.7	
83689.7	86655.2	83689.7	86655.2	83689.7	
86103.4	84379.3	86103.4	84379.3	86103.4	
87413.8	85069	87413.8	85069	87413.8	
85069	86655.2	85069	86655.2	85069	
86448.3	88379.3	86448.3	88379.3	86448.3	
86448.3	87931	86448.3	87931	86448.3	
87517.2	87689.7	87517.2	87689.7	87517.2	
84896.6	87517.2	84896.6	87517.2	84896.6	
88896.6	87413.8	88896.6	87413.8	88896.6	
86827.6	85344.8	86827.6	85344.8	86827.6	
87344.8	85862.1	87344.8	85862.1	87344.8	
87344.8	86034.5	87344.8	86034.5	87344.8	
82551.7	84724.1	82551.7	84724.1	82551.7	
86275.9	86275.9	86275.9	86275.9	86275.9	
84896.6	85586.2	84896.6	85586.2	84896.6	
85000	85862.1	85000	85862.1	85000	
89689.7	86103.4	89689.7	86103.4	89689.7	
86655.2	86827.6	86655.2	86827.6	86655.2	
87586.2	90206.9	87586.2	90206.9	87586.2	
85000	88448.3	85000	88448.3	85000	
84724.1	87758.6	84724.1	87758.6	84724.1	
83931	83000	83931	83000	83931	
88275.9	86655.2	88275.9	86655.2	88275.9	
86034.5	84379.3	86034.5	84379.3	86034.5	
84034.5	88551.7	84034.5	88551.7	84034.5	
86448.3	84724.1	86448.3	84724.1	86448.3	
85413.8	87344.8	85413.8	87344.8	85413.8	
84655.2	88620.7	84655.2	88620.7	84655.2	
84724.1	85069	84724.1	85069	84724.1	
87000	85931	87000	85931	87000	
87862.1	86275.9	87862.1	86275.9	87862.1	
85069	86551.7	85069	86551.7	85069	
86448.3	84482.8	86448.3	84482.8	86448.3	
87689.7	88551.7	87689.7	88551.7	87689.7	
87069	88448.3	87069	88448.3	87069	
87172.4	87758.6	87172.4	87758.6	87172.4	
86448.3	83413.8	86448.3	83413.8	86448.3	
88896.6	86551.7	88896.6	86551.7	88896.6	
87758.6	87689.7	87758.6	87689.7	87758.6	
86827.6	85931	86827.6	85931	86827.6	
88034.5	85586.2	88034.5	85586.2	88034.5	
87344.8	85000	87344.8	85000	87344.8	
89069	83931	89069	83931	89069	
87000	87069	87000	87069	87000	
85586.2	86206.9	85586.2	86206.9	85586.2	
86034.5	85689.7	86034.5	85689.7	86034.5	
85000	86827.6	85000	86827.6	85000	
87241.4	85586.2	87241.4	85586.2	87241.4	
85344.8	86275.9	85344.8	86275.9	85344.8	
85689.7	85862.1	85689.7	85862.1	85689.7	
87172.4	87517.2	87172.4	87517.2	87172.4	
85586.2	87172.4	85586.2	87172.4	85586.2	
85689.7	88103.4	85689.7	88103.4	85689.7	
84724.1	88620.7	84724.1	88620.7	84724.1	
84551.7	86724.1	84551.7	86724.1	84551.7	
87000	86275.9	87000	86275.9	87000	
87758.6	85241.4	87758.6	85241.4	87758.6	
87517.2	86275.9	87517.2	86275.9	87517.2	
87344.8	85172.4	87344.8	85172.4	87344.8	
87413.8	86275.9	87413.8	86275.9	87413.8	
87758.6	87241.4	87758.6	87241.4	87758.6	
83000	87069	83000	87069	83000	
86655.2	83931	86655.2	83931	86655.2	
87586.2	86896.6	87586.2	86896.6	87586.2	
88034.5	87586.2	88034.5	87586.2	88034.5	
89241.4	86896.6	89241.4	86896.6	89241.4	
85413.8	83862.1	85413.8	83862.1	85413.8	
85517.2	85069	85517.2	85069	85517.2	
86551.7	85344.8	86551.7	85344.8	86551.7	
88827.6	85689.7	88827.6	85689.7	88827.6	
88896.6	87241.4	88896.6	87241.4	88896.6	
88551.7	84103.4	88551.7	84103.4	88551.7	
88275.9	88379.3	88275.9	88379.3	88275.9	
86896.6	87689.7	86896.6	87689.7	86896.6	
85758.6	89069	85758.6	89069	85758.6	
86448.3	87931	86448.3	87931	86448.3	
87862.1	89172.4	87862.1	89172.4	87862.1	
88275.9	87931	88275.9	87931	88275.9	
87069	87413.8	87069	87413.8	87069	
86655.2	84482.8	86655.2	84482.8	86655.2	
86448.3	85689.7	86448.3	85689.7	86448.3	
86448.3	88896.6	86448.3	88896.6	86448.3	
89862.1	86724.1	89862.1	86724.1	89862.1	
86655.2	88379.3	86655.2	88379.3	86655.2	
87241.4	88620.7	87241.4	88620.7	87241.4	
89069	85069	89069	85069	89069	
85931	88034.5	85931	88034.5	85931	
87344.8	85241.4	87344.8	85241.4	87344.8	
89000	86724.1	89000	86724.1	89000	
86379.3	86896.6	86379.3	86896.6	86379.3	
86896.6	85931	86896.6	85931	86896.6	
86724.1	85517.2	86724.1	85517.2	86724.1	
88275.9	87241.4	88275.9	87241.4	88275.9	
86896.6	84896.6	86896.6	84896.6	86896.6	
86655.2	87586.2	86655.2	87586.2	86655.2	
89000	85000	89000	85000	89000	
87862.1	89862.1	87862.1	89862.1	87862.1	
87931	88448.3	87931	88448.3	87931	
86896.6	85517.2	86896.6	85517.2	86896.6	
86206.9	86724.1	86206.9	86724.1	86206.9	
87758.6	88724.1	87758.6	88724.1	87758.6	
88034.5	86275.9	88034.5	86275.9	88034.5	
89000	87344.8	89000	87344.8	89000	
86724.1	86724.1	86724.1	86724.1	86724.1	
84827.6	86275.9	84827.6	86275.9	84827.6	
86655.2	88275.9	86655.2	88275.9	86655.2	
90379.3	87931	90379.3	87931	90379.3	
86896.6	87069	86896.6	87069	86896.6	
83689.7	87172.4	83689.7	87172.4	83689.7	
88103.4	84655.2	88103.4	84655.2	88103.4	
86379.3	85000	86379.3	85000	86379.3	
87241.4	85689.7	87241.4	85689.7	87241.4	
89517.2	85758.6	89517.2	85758.6	89517.2	
86655.2	85586.2	86655.2	85586.2	86655.2	
88724.1	85758.6	88724.1	85758.6	88724.1	
87862.1	87172.4	87862.1	87172.4	87862.1	
85862.1	87517.2	85862.1	87517.2	85862.1	
87517.2	87689.7	87517.2	87689.7	87517.2	
89000	86206.9	89000	86206.9	89000	
85689.7	86275.9	85689.7	86275.9	85689.7	
86103.4	85931	86103.4	85931	86103.4	
86551.7	86827.6	86551.7	86827.6	86551.7	
87689.7	86896.6	87689.7	86896.6	87689.7	
86034.5	86379.3	86034.5	86379.3	86034.5	
86827.6	86551.7	86827.6	86551.7	86827.6	
84379.3	84482.8	84379.3	84482.8	84379.3	
88827.6	87517.2	88827.6	87517.2	88827.6	
89172.4	85000	89172.4	85000	89172.4	
84206.9	85931	84206.9	85931	84206.9	
88896.6	88275.9	88896.6	88275.9	88896.6	
85586.2	90379.3	85586.2	90379.3	85586.2	
85586.2	85241.4	85586.2	85241.4	85586.2	
88379.3	89241.4	88379.3	89241.4	88379.3	
85172.4	89862.1	85172.4	89862.1	85172.4	
85758.6	89862.1	85758.6	89862.1	85758.6	
89000	87241.4	89000	87241.4	89000	
85689.7	90206.9	85689.7	90206.9	85689.7	
87413.8	88206.9	87413.8	88206.9	87413.8	
87413.8	87344.8	87413.8	87344.8	87413.8	
88034.5	87344.8	88034.5	87344.8	88034.5	
87241.4	89689.7	87241.4	89689.7	87241.4	
87344.8	85241.4	87344.8	85241.4	87344.8	
87862.1	86103.4	87862.1	86103.4	87862.1	
87862.1	86896.6	87862.1	86896.6	87862.1	
86551.7	89517.2	86551.7	89517.2	86551.7	
85689.7	86551.7	85689.7	86551.7	85689.7	
85517.2	86896.6	85517.2	86896.6	85517.2	
89069	85758.6	89069	85758.6	89069	
87517.2	89172.4	87517.2	89172.4	87517.2	
87758.6	86275.9	87758.6	86275.9	87758.6	
87000	89862.1	87000	89862.1	87000	
85000	86551.7	85000	86551.7	85000	
85517.2	85931	85517.2	85931	85517.2	
85413.8	88206.9	85413.8	88206.9	85413.8	
86275.9	87586.2	86275.9	87586.2	86275.9	
85000	85931	85000	85931	85000	
87344.8	86896.6	87344.8	86896.6	87344.8	
86724.1	86896.6	86724.1	86896.6	86724.1	
89069	86103.4	89069	86103.4	89069	
86724.1	86724.1	86724.1	86724.1	86724.1	
88034.5	87413.8	88034.5	87413.8	88034.5	
86206.9	87931	86206.9	87931	86206.9	
85931	87586.2	85931	87586.2	85931	
86896.6	88206.9	86896.6	88206.9	86896.6	
83862.1	87000	83862.1	87000	83862.1	
86896.6	84379.3	86896.6	84379.3	86896.6	
85689.7	89344.8	85689.7	89344.8	85689.7	
85689.7	86896.6	85689.7	86896.6	85689.7	
86551.7	86448.3	86551.7	86448.3	86551.7	
86379.3	86034.5	86379.3	86034.5	86379.3	
86724.1	85586.2	86724.1	85586.2	86724.1	
86275.9	86379.3	86275.9	86379.3	86275.9	
87517.2	88827.6	87517.2	88827.6	87517.2	
89862.1	88034.5	89862.1	88034.5	89862.1	
85586.2	87862.1	85586.2	87862.1	85586.2	
84896.6	87758.6	84896.6	87758.6	84896.6	
87241.4	88206.9	87241.4	88206.9	87241.4	
90103.4	88206.9	90103.4	88206.9	90103.4	
89069	85862.1	89069	85862.1	89069	
86896.6	85758.6	86896.6	85758.6	86896.6	
86896.6	85931	86896.6	85931	86896.6	
89000	86275.9	89000	86275.9	89000	
86551.7	87000	86551.7	87000	86551.7	
86724.1	87931	86724.1	87931	86724.1	
87241.4	85931	87241.4	85931	87241.4	
89862.1	86379.3	89862.1	86379.3	89862.1	
87758.6	89862.1	87758.6	89862.1	87758.6	
89172.4	87241.4	89172.4	87241.4	89172.4	
85586.2	88620.7	85586.2	88620.7	85586.2	
88275.9	88827.6	88275.9	88827.6	88275.9	
86827.6	87517.2	86827.6	87517.2	86827.6	
88206.9	87689.7	88206.9	87689.7	88206.9	
84379.3	87758.6	84379.3	87758.6	84379.3	
88448.3	86379.3	88448.3	86379.3	88448.3	
86379.3	85413.8	86379.3	85413.8	86379.3	
86448.3	85069	86448.3	85069	86448.3	
85413.8	87758.6	85413.8	87758.6	85413.8	
85931	87517.2	85931	87517.2	85931	
87000	87689.7	87000	87689.7	87000	
87517.2	86448.3	87517.2	86448.3	87517.2	
90275.9	87689.7	90275.9	87689.7	90275.9	
87517.2	86827.6	87517.2	86827.6	87517.2	
90206.9	89069	90206.9	89069	90206.9	
86034.5	89172.4	86034.5	89172.4	86034.5	
87862.1	86655.2	87862.1	86655.2	87862.1	
89069	86034.5	89069	86034.5	89069	
89586.2	86448.3	89586.2	86448.3	89586.2	
86655.2	89689.7	86655.2	89689.7	86655.2	
86103.4	87689.7	86103.4	87689.7	86103.4	
85931	85689.7	85931	85689.7	85931	
88620.7	87344.8	88620.7	87344.8	88620.7	
88379.3	85758.6	88379.3	85758.6	88379.3	
85689.7	89689.7	85689.7	89689.7	85689.7	
88034.5	88448.3	88034.5	88448.3	88034.5	
89344.8	85413.8	89344.8	85413.8	89344.8	
88103.4	85000	88103.4	85000	88103.4	
89517.2	88379.3	89517.2	88379.3	89517.2	
85413.8	87069	85413.8	87069	85413.8	
86034.5	87862.1	86034.5	87862.1	86034.5	
86206.9	88206.9	86206.9	88206.9	86206.9	
87000	88034.5	87000	88034.5	87000	
87517.2	87413.8	87517.2	87413.8	87517.2	
86275.9	86655.2	86275.9	86655.2	86275.9	
87000	87000	87000	87000	87000	
88448.3	87344.8	88448.3	87344.8	88448.3	
86379.3	87586.2	86379.3	87586.2	86379.3	
85069	87344.8	85069	87344.8	85069	
88275.9	86896.6	88275.9	86896.6	88275.9	
88448.3	85689.7	88448.3	85689.7	88448.3	
87000	86034.5	87000	86034.5	87000	
88034.5	86551.7	88034.5	86551.7	88034.5	
87000	87069	87000	87069	87000	
88103.4	85000	88103.4	85000	88103.4	
87689.7	87000	87689.7	87000	87689.7	
87586.2	86275.9	87586.2	86275.9	87586.2	
87758.6	87586.2	87758.6	87586.2	87758.6	
89517.2	85413.8	89517.2	85413.8	89517.2	
87862.1	88034.5	87862.1	88034.5	87862.1	
86896.6	87931	86896.6	87931	86896.6	
88620.7	88827.6	88620.7	88827.6	88620.7	
86103.4	88448.3	86103.4	88448.3	86103.4	
85586.2	87689.7	85586.2	87689.7	85586.2	
88034.5	87931	88034.5	87931	88034.5	
87069	88103.4	87069	88103.4	87069	
88827.6	87000	88827.6	87000	88827.6	
87862.1	87862.1	87862.1	87862.1	87862.1	
88827.6	85172.4	88827.6	85172.4	88827.6	
85172.4	87069	85172.4	87069	85172.4	
89413.8	87517.2	89413.8	87517.2	89413.8	
86655.2	87413.8	86655.2	87413.8	86655.2	
88206.9	89758.6	88206.9	89758.6	88206.9	
87344.8	86206.9	87344.8	86206.9	87344.8	
85689.7	87517.2	85689.7	87517.2	85689.7	
85862.1	86827.6	85862.1	86827.6	85862.1	
87241.4	87172.4	87241.4	87172.4	87241.4	
84724.1	90206.9	84724.1	90206.9	84724.1	
87758.6	87241.4	87758.6	87241.4	87758.6	
86448.3	89413.8	86448.3	89413.8	86448.3	
86896.6	86655.2	86896.6	86655.2	86896.6	
86551.7	87517.2	86551.7	87517.2	86551.7	
86275.9	88206.9	86275.9	88206.9	86275.9	
86275.9	85689.7	86275.9	85689.7	86275.9	
85413.8	88620.7	85413.8	88620.7	85413.8	
88448.3	88827.6	88448.3	88827.6	88448.3	
88827.6	87689.7	88827.6	87689.7	88827.6	
87069	89586.2	87069	89586.2	87069	
90724.1	86827.6	90724.1	86827.6	90724.1	
86655.2	87931	86655.2	87931	86655.2	
87517.2	86655.2	87517.2	86655.2	87517.2	
88724.1	85517.2	88724.1	85517.2	88724.1	
88724.1	85413.8	88724.1	85413.8	88724.1	
88275.9	87000	88275.9	87000	88275.9	
87931	87931	87931	87931	87931	
87862.1	85172.4	87862.1	85172.4	87862.1	
86896.6	85000	86896.6	85000	86896.6	
86206.9	87000	86206.9	87000	86206.9	
87413.8	86896.6	87413.8	86896.6	87413.8	
87758.6	86034.5	87758.6	86034.5	87758.6	
86275.9	87931	86275.9	87931	86275.9	
86206.9	87344.8	86206.9	87344.8	86206.9	
86206.9	86206.9	86206.9	86206.9	86206.9	
85241.4	87931	85241.4	87931	85241.4	
91172.4	84206.9	91172.4	84206.9	91172.4	
88103.4	87241.4	88103.4	87241.4	88103.4	
86551.7	88275.9	86551.7	88275.9	86551.7	
86896.6	89862.1	86896.6	89862.1	86896.6	
87586.2	86551.7	87586.2	86551.7	87586.2	
88827.6	87241.4	88827.6	87241.4	88827.6	
85241.4	88448.3	85241.4	88448.3	85241.4	
89000	86034.5	89000	86034.5	89000	
85689.7	88379.3	85689.7	88379.3	85689.7	
86379.3	87931	86379.3	87931	86379.3	
87517.2	87931	87517.2	87931	87517.2	
84827.6	86827.6	84827.6	86827.6	84827.6	
87413.8	88896.6	87413.8	88896.6	87413.8	
88379.3	86551.7	88379.3	86551.7	88379.3	
87172.4	87586.2	87172.4	87586.2	87172.4	
85413.8	87069	85413.8	87069	85413.8	
87758.6	86448.3	87758.6	86448.3	87758.6	
88034.5	89241.4	88034.5	89241.4	88034.5	
85344.8	88827.6	85344.8	88827.6	85344.8	
100207	97517.2	100207	97517.2	100207	
89413.8	89758.6	89413.8	89758.6	89413.8	
85069	86827.6	85069	86827.6	85069	
86379.3	87517.2	86379.3	87517.2	86379.3	
88034.5	86448.3	88034.5	86448.3	88034.5	
88448.3	87862.1	88448.3	87862.1	88448.3	
87758.6	87241.4	87758.6	87241.4	87758.6	
88379.3	90275.9	88379.3	90275.9	88379.3	
87000	86448.3	87000	86448.3	87000	
89172.4	85069	89172.4	85069	89172.4	
86827.6	85241.4	86827.6	85241.4	86827.6	
86103.4	86379.3	86103.4	86379.3	86103.4	
91069	85586.2	91069	85586.2	91069	
86551.7	87000	86551.7	87000	86551.7	
89758.6	87344.8	89758.6	87344.8	89758.6	
89586.2	85172.4	89586.2	85172.4	89586.2	
86655.2	87862.1	86655.2	87862.1	86655.2	
87241.4	88275.9	87241.4	88275.9	87241.4	
86379.3	86034.5	86379.3	86034.5	86379.3	
88620.7	86206.9	88620.7	86206.9	88620.7	
85586.2	87586.2	85586.2	87586.2	85586.2	
90206.9	89586.2	90206.9	89586.2	90206.9	
89000	88103.4	89000	88103.4	89000	
88551.7	86655.2	88551.7	86655.2	88551.7	
88827.6	86379.3	88827.6	86379.3	88827.6	
86896.6	86724.1	86896.6	86724.1	86896.6	
87862.1	85241.4	87862.1	85241.4	87862.1	
87413.8	86827.6	87413.8	86827.6	87413.8	
87862.1	88275.9	87862.1	88275.9	87862.1	
86448.3	88896.6	86448.3	88896.6	86448.3	
86206.9	86448.3	86206.9	86448.3	86206.9	
88206.9	90724.1	88206.9	90724.1	88206.9	
87689.7	85931	87689.7	85931	87689.7	
86655.2	87069	86655.2	87069	86655.2	
88034.5	85931	88034.5	85931	88034.5	
89000	86103.4	89000	86103.4	89000	
88034.5	86896.6	88034.5	86896.6	88034.5	
89344.8	87758.6	89344.8	87758.6	89344.8	
87069	85586.2	87069	85586.2	87069	
87069	85689.7	87069	85689.7	87069	
86724.1	86275.9	86724.1	86275.9	86724.1	
85689.7	85517.2	85689.7	85517.2	85689.7	
87758.6	88206.9	87758.6	88206.9	87758.6	
89931	86379.3	89931	86379.3	89931	
87172.4	85586.2	87172.4	85586.2	87172.4	
89069	88103.4	89069	88103.4	89069	
88206.9	85689.7	88206.9	85689.7	88206.9	
87517.2	87517.2	87517.2	87517.2	87517.2	
86448.3	88896.6	86448.3	88896.6	86448.3	
87862.1	86034.5	87862.1	86034.5	87862.1	
84827.6	90448.3	84827.6	90448.3	84827.6	
88551.7	85931	88551.7	85931	88551.7	
87689.7	89241.4	87689.7	89241.4	87689.7	
88551.7	87517.2	88551.7	87517.2	88551.7	
86275.9	86275.9	86275.9	86275.9	86275.9	
88103.4	87413.8	88103.4	87413.8	88103.4	
84206.9	89172.4	84206.9	89172.4	84206.9	
87413.8	89758.6	87413.8	89758.6	87413.8	
88206.9	87000	88206.9	87000	88206.9	
85689.7	86206.9	85689.7	86206.9	85689.7	
87344.8	87000	87344.8	87000	87344.8	
85862.1	86275.9	85862.1	86275.9	85862.1	
87000	89000	87000	89000	87000	
86827.6	85000	86827.6	85000	86827.6	
87172.4	88448.3	87172.4	88448.3	87172.4	
89517.2	89689.7	89517.2	89689.7	89517.2	
87413.8	86034.5	87413.8	86034.5	87413.8	
87241.4	89862.1	87241.4	89862.1	87241.4	
89241.4	87517.2	89241.4	87517.2	89241.4	
86827.6	87689.7	86827.6	87689.7	86827.6	
85586.2	85689.7	85586.2	85689.7	85586.2	
87862.1	87172.4	87862.1	87172.4	87862.1	
87241.4	89069	87241.4	89069	87241.4	
89586.2	86655.2	89586.2	86655.2	89586.2	
88034.5	87069	88034.5	87069	88034.5	
85172.4	83517.2	85172.4	83517.2	85172.4	
88034.5	85758.6	88034.5	85758.6	88034.5	
84103.4	87413.8	84103.4	87413.8	84103.4	
88379.3	86724.1	88379.3	86724.1	88379.3	
86206.9	88896.6	86206.9	88896.6	86206.9	
86034.5	88275.9	86034.5	88275.9	86034.5	
88275.9	88034.5	88275.9	88034.5	88275.9	
86551.7	88551.7	86551.7	88551.7	86551.7	
88275.9	85758.6	88275.9	85758.6	88275.9	
87241.4	87862.1	87241.4	87862.1	87241.4	
89069	85862.1	89069	85862.1	89069	
88275.9	90034.5	88275.9	90034.5	88275.9	
86551.7	87862.1	86551.7	87862.1	86551.7	
89517.2	88206.9	89517.2	88206.9	89517.2	
87586.2	85758.6	87586.2	85758.6	87586.2	
85344.8	89689.7	85344.8	89689.7	85344.8	
86379.3	87241.4	86379.3	87241.4	86379.3	
87069	87517.2	87069	87517.2	87069	
88551.7	86448.3	88551.7	86448.3	88551.7	
87241.4	86103.4	87241.4	86103.4	87241.4	
86655.2	87931	86655.2	87931	86655.2	
87689.7	86724.1	87689.7	86724.1	87689.7	
87172.4	86448.3	87172.4	86448.3	87172.4	
87000	87689.7	87000	87689.7	87000	
88103.4	86448.3	88103.4	86448.3	88103.4	
86034.5	86551.7	86034.5	86551.7	86034.5	
87413.8	85413.8	87413.8	85413.8	87413.8	
87344.8	87344.8	87344.8	87344.8	87344.8	
88103.4	87241.4	88103.4	87241.4	88103.4	
87517.2	86827.6	87517.2	86827.6	87517.2	
87344.8	89689.7	87344.8	89689.7	87344.8	
86448.3	85586.2	86448.3	85586.2	86448.3	
89862.1	89689.7	89862.1	89689.7	89862.1	
88206.9	86206.9	88206.9	86206.9	88206.9	
87517.2	86827.6	87517.2	86827.6	87517.2	
86896.6	88620.7	86896.6	88620.7	86896.6	
87517.2	84103.4	87517.2	84103.4	87517.2	
87689.7	86206.9	87689.7	86206.9	87689.7	
87517.2	88275.9	87517.2	88275.9	87517.2	
85586.2	88896.6	85586.2	88896.6	85586.2	
85344.8	85172.4	85344.8	85172.4	85344.8	
85241.4	87241.4	85241.4	87241.4	85241.4	
86551.7	86551.7	86551.7	86551.7	86551.7	
86655.2	87413.8	86655.2	87413.8	86655.2	
87931	85413.8	87931	85413.8	87931	
87517.2	87758.6	87517.2	87758.6	87517.2	
87586.2	86724.1	87586.2	86724.1	87586.2	
86724.1	88620.7	86724.1	88620.7	86724.1	
87241.4	89758.6	87241.4	89758.6	87241.4	
86551.7	85586.2	86551.7	85586.2	86551.7	
88206.9	87517.2	88206.9	87517.2	88206.9	
84655.2	88896.6	84655.2	88896.6	84655.2	
87517.2	86034.5	87517.2	86034.5	87517.2	
88448.3	87758.6	88448.3	87758.6	88448.3	
87069	87586.2	87069	87586.2	87069	
87689.7	84379.3	87689.7	84379.3	87689.7	
86827.6	89069	86827.6	89069	86827.6	
86655.2	84034.5	86655.2	84034.5	86655.2	
87862.1	87517.2	87862.1	87517.2	87862.1	
88379.3	87241.4	88379.3	87241.4	88379.3	
87931	86448.3	87931	86448.3	87931	
89413.8	87241.4	89413.8	87241.4	89413.8	
86896.6	89931	86896.6	89931	86896.6	
87344.8	86827.6	87344.8	86827.6	87344.8	
86724.1	88620.7	86724.1	88620.7	86724.1	
86206.9	88379.3	86206.9	88379.3	86206.9	
86034.5	87241.4	86034.5	87241.4	86034.5	
83069	86655.2	83069	86655.2	83069	
88103.4	85758.6	88103.4	85758.6	88103.4	
88724.1	83758.6	88724.1	83758.6	88724.1	
85517.2	86551.7	85517.2	86551.7	85517.2	
85069	85862.1	85069	85862.1	85069	
88448.3	86896.6	88448.3	86896.6	88448.3	
85931	87689.7	85931	87689.7	85931	
87241.4	89000	87241.4	89000	87241.4	
87069	88103.4	87069	88103.4	87069	
87517.2	85862.1	87517.2	85862.1	87517.2	
87000	88448.3	87000	88448.3	87000	
85689.7	88275.9	85689.7	88275.9	85689.7	
89344.8	86551.7	89344.8	86551.7	89344.8	
86655.2	87517.2	86655.2	87517.2	86655.2	
86275.9	84275.9	86275.9	84275.9	86275.9	
88103.4	88206.9	88103.4	88206.9	88103.4	
88034.5	89000	88034.5	89000	88034.5	
89517.2	89000	89517.2	89000	89517.2	
88103.4	86827.6	88103.4	86827.6	88103.4	
85172.4	87517.2	85172.4	87517.2	85172.4	
86103.4	85586.2	86103.4	85586.2	86103.4	
87586.2	87241.4	87586.2	87241.4	87586.2	
87000	89172.4	87000	89172.4	87000	
84896.6	87000	84896.6	87000	84896.6	
86896.6	86827.6	86896.6	86827.6	86896.6	
84724.1	87069	84724.1	87069	84724.1	
86034.5	88620.7	86034.5	88620.7	86034.5	
90724.1	86827.6	90724.1	86827.6	90724.1	
87069	86724.1	87069	86724.1	87069	
85172.4	87517.2	85172.4	87517.2	85172.4	
89931	86275.9	89931	86275.9	89931	
88379.3	87069	88379.3	87069	88379.3	
86379.3	87000	86379.3	87000	86379.3	
88551.7	86655.2	88551.7	86655.2	88551.7	
88620.7	89586.2	88620.7	89586.2	88620.7	
89931	89517.2	89931	89517.2	89931	
89000	86655.2	89000	86655.2	89000	
87000	86551.7	87000	86551.7	87000	
91000	88275.9	91000	88275.9	91000	
87931	87689.7	87931	87689.7	87931	
86103.4	86448.3	86103.4	86448.3	86103.4	
89172.4	88620.7	89172.4	88620.7	89172.4	
88103.4	87413.8	88103.4	87413.8	88103.4	
88724.1	87241.4	88724.1	87241.4	88724.1	
89517.2	87069	89517.2	87069	89517.2	
90103.4	85758.6	90103.4	85758.6	90103.4	
86448.3	86896.6	86448.3	86896.6	86448.3	
87344.8	89586.2	87344.8	89586.2	87344.8	
87586.2	85344.8	87586.2	85344.8	87586.2	
85413.8	88896.6	85413.8	88896.6	85413.8	
87069	87862.1	87069	87862.1	87069	
84551.7	84482.8	84551.7	84482.8	84551.7	
90034.5	90103.4	90034.5	90103.4	90034.5	
85172.4	85758.6	85172.4	85758.6	85172.4	
87344.8	84206.9	87344.8	84206.9	87344.8	
86827.6	86827.6	86827.6	86827.6	86827.6	
88103.4	86724.1	88103.4	86724.1	88103.4	
86034.5	85862.1	86034.5	85862.1	86034.5	
87241.4	91000	87241.4	91000	87241.4	
87069	90379.3	87069	90379.3	87069	
86103.4	83862.1	86103.4	83862.1	86103.4	
89241.4	88206.9	89241.4	88206.9	89241.4	
85931	87931	85931	87931	85931	
85689.7	84724.1	85689.7	84724.1	85689.7	
88034.5	86206.9	88034.5	86206.9	88034.5	
87000	87931	87000	87931	87000	
87172.4	86655.2	87172.4	86655.2	87172.4	
88275.9	87069	88275.9	87069	88275.9	
88379.3	86448.3	88379.3	86448.3	88379.3	
88275.9	87758.6	88275.9	87758.6	88275.9	
86034.5	87758.6	86034.5	87758.6	86034.5	
86448.3	89000	86448.3	89000	86448.3	
86206.9	86827.6	86206.9	86827.6	86206.9	
88103.4	87000	88103.4	87000	88103.4	
86896.6	87689.7	86896.6	87689.7	86896.6	
88034.5	84379.3	88034.5	84379.3	88034.5	
89241.4	89172.4	89241.4	89172.4	89241.4	
89000	85931	89000	85931	89000	
88379.3	86379.3	88379.3	86379.3	88379.3	
85517.2	88103.4	85517.2	88103.4	85517.2	
87241.4	88551.7	87241.4	88551.7	87241.4	
85758.6	87000	85758.6	87000	85758.6	
85689.7	85000	85689.7	85000	85689.7	
87586.2	87172.4	87586.2	87172.4	87586.2	
89689.7	86448.3	89689.7	86448.3	89689.7	
87413.8	87689.7	87413.8	87689.7	87413.8	
88379.3	87586.2	88379.3	87586.2	88379.3	
88206.9	87517.2	88206.9	87517.2	88206.9	
90551.7	87344.8	90551.7	87344.8	90551.7	
87413.8	89069	87413.8	89069	87413.8	
86448.3	88620.7	86448.3	88620.7	86448.3	
87586.2	87931	87586.2	87931	87586.2	
89413.8	88551.7	89413.8	88551.7	89413.8	
87344.8	87241.4	87344.8	87241.4	87344.8	
85758.6	87758.6	85758.6	87758.6	85758.6	
87172.4	89000	87172.4	89000	87172.4	
85517.2	86034.5	85517.2	86034.5	85517.2	
88827.6	87172.4	88827.6	87172.4	88827.6	
86379.3	87241.4	86379.3	87241.4	86379.3	
86827.6	88551.7	86827.6	88551.7	86827.6	
88206.9	87069	88206.9	87069	88206.9	
89000	85413.8	89000	85413.8	89000	
87517.2	87000	87517.2	87000	87517.2	
88034.5	87931	88034.5	87931	88034.5	
87344.8	85413.8	87344.8	85413.8	87344.8	
85413.8	88551.7	85413.8	88551.7	85413.8	
87241.4	87344.8	87241.4	87344.8	87241.4	
85758.6	87586.2	85758.6	87586.2	85758.6	
86379.3	87586.2	86379.3	87586.2	86379.3	
86896.6	87862.1	86896.6	87862.1	86896.6	
86448.3	87517.2	86448.3	87517.2	86448.3	
83758.6	86379.3	83758.6	86379.3	83758.6	
85413.8	87931	85413.8	87931	85413.8	
87689.7	89862.1	87689.7	89862.1	87689.7	
89344.8	86655.2	89344.8	86655.2	89344.8	
87344.8	87517.2	87344.8	87517.2	87344.8	
87586.2	86655.2	87586.2	86655.2	87586.2	
87344.8	89689.7	87344.8	89689.7	87344.8	
90206.9	87689.7	90206.9	87689.7	90206.9	
86034.5	87758.6	86034.5	87758.6	86034.5	
88103.4	86827.6	88103.4	86827.6	88103.4	
87931	91931	87931	91931	87931	
86379.3	87758.6	86379.3	87758.6	86379.3	
86655.2	89000	86655.2	89000	86655.2	
87517.2	85586.2	87517.2	85586.2	87517.2	
88724.1	88034.5	88724.1	88034.5	88724.1	
87758.6	89241.4	87758.6	89241.4	87758.6	
89241.4	87344.8	89241.4	87344.8	89241.4	
85689.7	87758.6	85689.7	87758.6	85689.7	
87000	85862.1	87000	85862.1	87000	
83931	88275.9	83931	88275.9	83931	
86827.6	85586.2	86827.6	85586.2	86827.6	
89241.4	87586.2	89241.4	87586.2	89241.4	
86655.2	90448.3	86655.2	90448.3	86655.2	
87586.2	89344.8	87586.2	89344.8	87586.2	
89413.8	87758.6	89413.8	87758.6	89413.8	
85069	88275.9	85069	88275.9	85069	
87000	86896.6	87000	86896.6	87000	
88827.6	87241.4	88827.6	87241.4	88827.6	
87413.8	87069	87413.8	87069	87413.8	
87241.4	87000	87241.4	87000	87241.4	
89758.6	86551.7	89758.6	86551.7	89758.6	
84827.6	87241.4	84827.6	87241.4	84827.6	
84206.9	88275.9	84206.9	88275.9	84206.9	
90275.9	86448.3	90275.9	86448.3	90275.9	
89689.7	86206.9	89689.7	86206.9	89689.7	
88275.9	88275.9	88275.9	88275.9	88275.9	
86206.9	86551.7	86206.9	86551.7	86206.9	
87931	86896.6	87931	86896.6	87931	
86827.6	88551.7	86827.6	88551.7	86827.6	
86551.7	89000	86551.7	89000	86551.7	
85172.4	86896.6	85172.4	86896.6	85172.4	
87758.6	86724.1	87758.6	86724.1	87758.6	
87069	86896.6	87069	86896.6	87069	
89758.6	88896.6	89758.6	88896.6	89758.6	
86206.9	86034.5	86206.9	86034.5	86206.9	
85862.1	88827.6	85862.1	88827.6	85862.1	
87344.8	86275.9	87344.8	86275.9	87344.8	
86275.9	86379.3	86275.9	86379.3	86275.9	
87413.8	87862.1	87413.8	87862.1	87413.8	
84103.4	88034.5	84103.4	88034.5	84103.4	
83931	88034.5	83931	88034.5	83931	
87758.6	88827.6	87758.6	88827.6	87758.6	
87241.4	87862.1	87241.4	87862.1	87241.4	
86655.2	86275.9	86655.2	86275.9	86655.2	
86724.1	88103.4	86724.1	88103.4	86724.1	
88034.5	87586.2	88034.5	87586.2	88034.5	
87517.2	84379.3	87517.2	84379.3	87517.2	
86724.1	85758.6	86724.1	85758.6	86724.1	
87586.2	89689.7	87586.2	89689.7	87586.2	
84379.3	87862.1	84379.3	87862.1	84379.3	
89000	85517.2	89000	85517.2	89000	
87862.1	87862.1	87862.1	87862.1	87862.1	
88551.7	86448.3	88551.7	86448.3	88551.7	
88448.3	89172.4	88448.3	89172.4	88448.3	
89069	88206.9	89069	88206.9	89069	
89517.2	87241.4	89517.2	87241.4	89517.2	
88034.5	88896.6	88034.5	88896.6	88034.5	
85931	87000	85931	87000	85931	
90620.7	88724.1	90620.7	88724.1	90620.7	
89862.1	88206.9	89862.1	88206.9	89862.1	
87000	85689.7	87000	85689.7	87000	
85000	88206.9	85000	88206.9	85000	
88620.7	86896.6	88620.7	86896.6	88620.7	
86448.3	88827.6	86448.3	88827.6	86448.3	
89241.4	85931	89241.4	85931	89241.4	
86896.6	86448.3	86896.6	86448.3	86896.6	
86103.4	91000	86103.4	91000	86103.4	
88827.6	87586.2	88827.6	87586.2	88827.6	
86655.2	87000	86655.2	87000	86655.2	
87862.1	87413.8	87862.1	87413.8	87862.1	
86724.1	86827.6	86724.1	86827.6	86724.1	
86827.6	88896.6	86827.6	88896.6	86827.6	
87689.7	86896.6	87689.7	86896.6	87689.7	
88620.7	87241.4	88620.7	87241.4	88620.7	
86448.3	84379.3	86448.3	84379.3	86448.3	
86275.9	87344.8	86275.9	87344.8	86275.9	
86275.9	87172.4	86275.9	87172.4	86275.9	
87413.8	87241.4	87413.8	87241.4	87413.8	
86206.9	90206.9	86206.9	90206.9	86206.9	
87172.4	87000	87172.4	87000	87172.4	
88103.4	87758.6	88103.4	87758.6	88103.4	
87241.4	89241.4	87241.4	89241.4	87241.4	
86103.4	86206.9	86103.4	86206.9	86103.4	
87069	87000	87069	87000	87069	
85586.2	86206.9	85586.2	86206.9	85586.2	
87689.7	86103.4	87689.7	86103.4	87689.7	
86379.3	87000	86379.3	87000	86379.3	
86827.6	86896.6	86827.6	86896.6	86827.6	
87517.2	86379.3	87517.2	86379.3	87517.2	
90206.9	85000	90206.9	85000	90206.9	
87758.6	88724.1	87758.6	88724.1	87758.6	
85758.6	85000	85758.6	85000	85758.6	
88896.6	87931	88896.6	87931	88896.6	
86275.9	86655.2	86275.9	86655.2	86275.9	
87000	86655.2	87000	86655.2	87000	
86275.9	89000	86275.9	89000	86275.9	
85413.8	87862.1	85413.8	87862.1	85413.8	
88206.9	88103.4	88206.9	88103.4	88206.9	
85689.7	86896.6	85689.7	86896.6	85689.7	
87758.6	87241.4	87758.6	87241.4	87758.6	
87758.6	86551.7	87758.6	86551.7	87758.6	
87344.8	88034.5	87344.8	88034.5	87344.8	
86448.3	87000	86448.3	87000	86448.3	
86827.6	87069	86827.6	87069	86827.6	
86448.3	86379.3	86448.3	86379.3	86448.3	
87517.2	88620.7	87517.2	88620.7	87517.2	
89862.1	89344.8	89862.1	89344.8	89862.1	
88379.3	86551.7	88379.3	86551.7	88379.3	
89586.2	87517.2	89586.2	87517.2	89586.2	
90103.4	85413.8	90103.4	85413.8	90103.4	
88724.1	87758.6	88724.1	87758.6	88724.1	
86103.4	87931	86103.4	87931	86103.4	
88827.6	86379.3	88827.6	86379.3	88827.6	
85413.8	86103.4	85413.8	86103.4	85413.8	
86379.3	87344.8	86379.3	87344.8	86379.3	
89689.7	90275.9	89689.7	90275.9	89689.7	
85931	85862.1	85931	85862.1	85931	
85586.2	89241.4	85586.2	89241.4	85586.2	
87000	86655.2	87000	86655.2	87000	
88379.3	85862.1	88379.3	85862.1	88379.3	
87241.4	86448.3	87241.4	86448.3	87241.4	
87413.8	87931	87413.8	87931	87413.8	
86379.3	86655.2	86379.3	86655.2	86379.3	
86206.9	87069	86206.9	87069	86206.9	
86034.5	88448.3	86034.5	88448.3	86034.5	
87413.8	86655.2	87413.8	86655.2	87413.8	
89413.8	88275.9	89413.8	88275.9	89413.8	
88206.9	85344.8	88206.9	85344.8	88206.9	
84655.2	85241.4	84655.2	85241.4	84655.2	
86655.2	88034.5	86655.2	88034.5	86655.2	
88206.9	86551.7	88206.9	86551.7	88206.9	
88620.7	87241.4	88620.7	87241.4	88620.7	
86827.6	87000	86827.6	87000	86827.6	
85758.6	85862.1	85758.6	85862.1	85758.6	
85172.4	88827.6	85172.4	88827.6	85172.4	
90103.4	89862.1	90103.4	89862.1	90103.4	
87413.8	86724.1	87413.8	86724.1	87413.8	
86275.9	85689.7	86275.9	85689.7	86275.9	
87344.8	84827.6	87344.8	84827.6	87344.8	
85172.4	88379.3	85172.4	88379.3	85172.4	
86379.3	87000	86379.3	87000	86379.3	
86448.3	86448.3	86448.3	86448.3	86448.3	
87069	83689.7	87069	83689.7	87069	
89000	88448.3	89000	88448.3	89000	
89689.7	86379.3	89689.7	86379.3	89689.7	
85413.8	86379.3	85413.8	86379.3	85413.8	
85069	86655.2	85069	86655.2	85069	
88206.9	87172.4	88206.9	87172.4	88206.9	
87069	87689.7	87069	87689.7	87069	
86724.1	86827.6	86724.1	86827.6	86724.1	
88551.7	87172.4	88551.7	87172.4	88551.7	
88206.9	87069	88206.9	87069	88206.9	
90620.7	88379.3	90620.7	88379.3	90620.7	
88379.3	86724.1	88379.3	86724.1	88379.3	
87000	88551.7	87000	88551.7	87000	
86448.3	86827.6	86448.3	86827.6	86448.3	
86448.3	90103.4	86448.3	90103.4	86448.3	
85931	87241.4	85931	87241.4	85931	
86724.1	87689.7	86724.1	87689.7	86724.1	
88103.4	88206.9	88103.4	88206.9	88103.4	
88551.7	88379.3	88551.7	88379.3	88551.7	
86275.9	89689.7	86275.9	89689.7	86275.9	
85517.2	87586.2	85517.2	87586.2	85517.2	
85931	85517.2	85931	85517.2	85931	
87689.7	83862.1	87689.7	83862.1	87689.7	
88724.1	86896.6	88724.1	86896.6	88724.1	
88275.9	88103.4	88275.9	88103.4	88275.9	
89172.4	85344.8	89172.4	85344.8	89172.4	
88620.7	86206.9	88620.7	86206.9	88620.7	
89000	88827.6	89000	88827.6	89000	
86724.1	86551.7	86724.1	86551.7	86724.1	
87069	87344.8	87069	87344.8	87069	
86827.6	88206.9	86827.6	88206.9	86827.6	
88448.3	88275.9	88448.3	88275.9	88448.3	
87758.6	89069	87758.6	89069	87758.6	
87689.7	88103.4	87689.7	88103.4	87689.7	
86655.2	88448.3	86655.2	88448.3	86655.2	
87862.1	86655.2	87862.1	86655.2	87862.1	
85586.2	86206.9	85586.2	86206.9	85586.2	
89931	89344.8	89931	89344.8	89931	
86379.3	88379.3	86379.3	88379.3	86379.3	
84655.2	89069	84655.2	89069	84655.2	
90103.4	86724.1	90103.4	86724.1	90103.4	
87931	86379.3	87931	86379.3	87931	
86655.2	89000	86655.2	89000	86655.2	
89069	85689.7	89069	85689.7	89069	
85758.6	86034.5	85758.6	86034.5	85758.6	
86724.1	87172.4	86724.1	87172.4	86724.1	
87758.6	84206.9	87758.6	84206.9	87758.6	
85862.1	86896.6	85862.1	86896.6	85862.1	
88103.4	87172.4	88103.4	87172.4	88103.4	
88551.7	87172.4	88551.7	87172.4	88551.7	
86827.6	87689.7	86827.6	87689.7	86827.6	
88034.5	88103.4	88034.5	88103.4	88034.5	
89344.8	88827.6	89344.8	88827.6	89344.8	
88206.9	86103.4	88206.9	86103.4	88206.9	
87517.2	89241.4	87517.2	89241.4	87517.2	
87689.7	87758.6	87689.7	87758.6	87689.7	
86896.6	87000	86896.6	87000	86896.6	
88103.4	87517.2	88103.4	87517.2	88103.4	
88551.7	85931	88551.7	85931	88551.7	
88379.3	84896.6	88379.3	84896.6	88379.3	
85344.8	88551.7	85344.8	88551.7	85344.8	
87586.2	87069	87586.2	87069	87586.2	
88724.1	88034.5	88724.1	88034.5	88724.1	
85931	87931	85931	87931	85931	
85862.1	89172.4	85862.1	89172.4	85862.1	
87862.1	86448.3	87862.1	86448.3	87862.1	
85862.1	85413.8	85862.1	85413.8	85862.1	
89000	87586.2	89000	87586.2	89000	
88620.7	86206.9	88620.7	86206.9	88620.7	
86551.7	85931	86551.7	85931	86551.7	
86448.3	88551.7	86448.3	88551.7	86448.3	
87413.8	86275.9	87413.8	86275.9	87413.8	
89689.7	87413.8	89689.7	87413.8	89689.7	
87931	88103.4	87931	88103.4	87931	
87586.2	87069	87586.2	87069	87586.2	
86448.3	85931	86448.3	85931	86448.3	
88379.3	85689.7	88379.3	85689.7	88379.3	
86034.5	84379.3	86034.5	84379.3	86034.5	
89000	86655.2	89000	86655.2	89000	
89517.2	89586.2	89517.2	89586.2	89517.2	
87344.8	86551.7	87344.8	86551.7	87344.8	
86034.5	86827.6	86034.5	86827.6	86034.5	
86827.6	86448.3	86827.6	86448.3	86827.6	
87586.2	88275.9	87586.2	88275.9	87586.2	
88206.9	87172.4	88206.9	87172.4	88206.9	
85862.1	87241.4	85862.1	87241.4	85862.1	
87862.1	85758.6	87862.1	85758.6	87862.1	
86655.2	87000	86655.2	87000	86655.2	
87413.8	86896.6	87413.8	86896.6	87413.8	
86827.6	85931	86827.6	85931	86827.6	
89000	87931	89000	87931	89000	
89931	88379.3	89931	88379.3	89931	
86896.6	87586.2	86896.6	87586.2	86896.6	
86655.2	89172.4	86655.2	89172.4	86655.2	
87517.2	86896.6	87517.2	86896.6	87517.2	
89689.7	87758.6	89689.7	87758.6	89689.7	
85931	86551.7	85931	86551.7	85931	
87931	87931	87931	87931	87931	
87069	86103.4	87069	86103.4	87069	
88379.3	87758.6	88379.3	87758.6	88379.3	
87586.2	85413.8	87586.2	85413.8	87586.2	
87586.2	87069	87586.2	87069	87586.2	
90379.3	86551.7	90379.3	86551.7	90379.3	
85931	85586.2	85931	85586.2	85931	
86379.3	87172.4	86379.3	87172.4	86379.3	
86379.3	84379.3	86379.3	84379.3	86379.3	
84655.2	88551.7	84655.2	88551.7	84655.2	
86206.9	86551.7	86206.9	86551.7	86206.9	
84827.6	89344.8	84827.6	89344.8	84827.6	
85931	87000	85931	87000	85931	
88034.5	86448.3	88034.5	86448.3	88034.5	
89241.4	87000	89241.4	87000	89241.4	
84275.9	89517.2	84275.9	89517.2	84275.9	
88448.3	88448.3	88448.3	88448.3	88448.3	
87586.2	85000	87586.2	85000	87586.2	
85689.7	87344.8	85689.7	87344.8	85689.7	
88551.7	88448.3	88551.7	88448.3	88551.7	
85758.6	88379.3	85758.6	88379.3	85758.6	
88896.6	87689.7	88896.6	87689.7	88896.6	
88275.9	84724.1	88275.9	84724.1	88275.9	
89069	87758.6	89069	87758.6	89069	
85069	88034.5	85069	88034.5	85069	
86103.4	87241.4	86103.4	87241.4	86103.4	
86655.2	87758.6	86655.2	87758.6	86655.2	
87069	88379.3	87069	88379.3	87069	
85689.7	87689.7	85689.7	87689.7	85689.7	
88034.5	88103.4	88034.5	88103.4	88034.5	
86275.9	88275.9	86275.9	88275.9	86275.9	
87241.4	87000	87241.4	87000	87241.4	
88724.1	86896.6	88724.1	86896.6	88724.1	
85241.4	86896.6	85241.4	86896.6	85241.4	
86206.9	90448.3	86206.9	90448.3	86206.9	
87069	86551.7	87069	86551.7	87069	
84827.6	89172.4	84827.6	89172.4	84827.6	
88620.7	87931	88620.7	87931	88620.7	
89000	82551.7	89000	82551.7	89000	
88620.7	85517.2	88620.7	85517.2	88620.7	
89241.4	86896.6	89241.4	86896.6	89241.4	
86724.1	85413.8	86724.1	85413.8	86724.1	
85517.2	89000	85517.2	89000	85517.2	
88103.4	87862.1	88103.4	87862.1	88103.4	
87241.4	85689.7	87241.4	85689.7	87241.4	
87689.7	85517.2	87689.7	85517.2	87689.7	
87862.1	89241.4	87862.1	89241.4	87862.1	
87586.2	86206.9	87586.2	86206.9	87586.2	
88551.7	87517.2	88551.7	87517.2	88551.7	
87069	89931	87069	89931	87069	
87069	87413.8	87069	87413.8	87069	
87517.2	85413.8	87517.2	85413.8	87517.2	
88620.7	87758.6	88620.7	87758.6	88620.7	
87344.8	89931	87344.8	89931	87344.8	
86827.6	89413.8	86827.6	89413.8	86827.6	
88206.9	87862.1	88206.9	87862.1	88206.9	
85069	86103.4	85069	86103.4	85069	
87586.2	86448.3	87586.2	86448.3	87586.2	
89172.4	88379.3	89172.4	88379.3	89172.4	
87862.1	89172.4	87862.1	89172.4	87862.1	
84896.6	88379.3	84896.6	88379.3	84896.6	
86103.4	87000	86103.4	87000	86103.4	
86206.9	86827.6	86206.9	86827.6	86206.9	
89069	87069	89069	87069	89069	
87862.1	86103.4	87862.1	86103.4	87862.1	
86034.5	87586.2	86034.5	87586.2	86034.5	
84551.7	86034.5	84551.7	86034.5	84551.7	
90206.9	87862.1	90206.9	87862.1	90206.9	
89517.2	88206.9	89517.2	88206.9	89517.2	
88206.9	88379.3	88206.9	88379.3	88206.9	
87344.8	87241.4	87344.8	87241.4	87344.8	
87758.6	85069	87758.6	85069	87758.6	
86275.9	89069	86275.9	89069	86275.9	
87862.1	86448.3	87862.1	86448.3	87862.1	
87689.7	87413.8	87689.7	87413.8	87689.7	
85517.2	88103.4	85517.2	88103.4	85517.2	
86448.3	87344.8	86448.3	87344.8	86448.3	
86206.9	85000	86206.9	85000	86206.9	
87000	88206.9	87000	88206.9	87000	
88275.9	87689.7	88275.9	87689.7	88275.9	
86724.1	88379.3	86724.1	88379.3	86724.1	
86827.6	89862.1	86827.6	89862.1	86827.6	
88448.3	88724.1	88448.3	88724.1	88448.3	
85689.7	84724.1	85689.7	84724.1	85689.7	
86896.6	87413.8	86896.6	87413.8	86896.6	
85413.8	87586.2	85413.8	87586.2	85413.8	
85413.8	87000	85413.8	87000	85413.8	
86275.9	86896.6	86275.9	86896.6	86275.9	
89241.4	88896.6	89241.4	88896.6	89241.4	
87069	86827.6	87069	86827.6	87069	
85069	88275.9	85069	88275.9	85069	
88724.1	85862.1	88724.1	85862.1	88724.1	
87241.4	87931	87241.4	87931	87241.4	
85413.8	88206.9	85413.8	88206.9	85413.8	
86275.9	85069	86275.9	85069	86275.9	
86655.2	88275.9	86655.2	88275.9	86655.2	
87931	87069	87931	87069	87931	
89172.4	86206.9	89172.4	86206.9	89172.4	
89241.4	88034.5	89241.4	88034.5	89241.4	
86724.1	85758.6	86724.1	85758.6	86724.1	
88827.6	85000	88827.6	85000	88827.6	
87586.2	91000	87586.2	91000	87586.2	
85931	87931	85931	87931	85931	
88379.3	88103.4	88379.3	88103.4	88379.3	
88034.5	88896.6	88034.5	88896.6	88034.5	
87517.2	88034.5	87517.2	88034.5	87517.2	
87241.4	86827.6	87241.4	86827.6	87241.4	
86724.1	85689.7	86724.1	85689.7	86724.1	
88448.3	86655.2	88448.3	86655.2	88448.3	
86379.3	87689.7	86379.3	87689.7	86379.3	
88206.9	89000	88206.9	89000	88206.9	
89517.2	89413.8	89517.2	89413.8	89517.2	
87344.8	89931	87344.8	89931	87344.8	
85931	88620.7	85931	88620.7	85931	
88034.5	85862.1	88034.5	85862.1	88034.5	
86103.4	90379.3	86103.4	90379.3	86103.4	
86448.3	89689.7	86448.3	89689.7	86448.3	
87069	87862.1	87069	87862.1	87069	
86896.6	84655.2	86896.6	84655.2	86896.6	
87241.4	86896.6	87241.4	86896.6	87241.4	
86275.9	89172.4	86275.9	89172.4	86275.9	
87000	85344.8	87000	85344.8	87000	
87172.4	86275.9	87172.4	86275.9	87172.4	
84482.8	88379.3	84482.8	88379.3	84482.8	
89000	85862.1	89000	85862.1	89000	
87931	89241.4	87931	89241.4	87931	
86379.3	87517.2	86379.3	87517.2	86379.3	
87689.7	86034.5	87689.7	86034.5	87689.7	
88827.6	88448.3	88827.6	88448.3	88827.6	
89689.7	87069	89689.7	87069	89689.7	
87413.8	86827.6	87413.8	86827.6	87413.8	
87000	88379.3	87000	88379.3	87000	
86724.1	87344.8	86724.1	87344.8	86724.1	
87862.1	87862.1	87862.1	87862.1	87862.1	
86551.7	87000	86551.7	87000	86551.7	
87000	88551.7	87000	88551.7	87000	
85862.1	87413.8	85862.1	87413.8	85862.1	
86275.9	88275.9	86275.9	88275.9	86275.9	
87344.8	88206.9	87344.8	88206.9	87344.8	
86896.6	87241.4	86896.6	87241.4	86896.6	
87586.2	88034.5	87586.2	88034.5	87586.2	
86551.7	88551.7	86551.7	88551.7	86551.7	
88620.7	87758.6	88620.7	87758.6	88620.7	
85000	87862.1	85000	87862.1	85000	
87586.2	87413.8	87586.2	87413.8	87586.2	
87413.8	86896.6	87413.8	86896.6	87413.8	
88103.4	85931	88103.4	85931	88103.4	
86896.6	85586.2	86896.6	85586.2	86896.6	
84896.6	86275.9	84896.6	86275.9	84896.6	
89862.1	88379.3	89862.1	88379.3	89862.1	
87000	85344.8	87000	85344.8	87000	
89758.6	89172.4	89758.6	89172.4	89758.6	
87586.2	87069	87586.2	87069	87586.2	
88620.7	88275.9	88620.7	88275.9	88620.7	
90448.3	86206.9	90448.3	86206.9	90448.3	
89172.4	86448.3	89172.4	86448.3	89172.4	
86034.5	86103.4	86034.5	86103.4	86034.5	
87241.4	87000	87241.4	87000	87241.4	
86896.6	88827.6	86896.6	88827.6	86896.6	
87069	88103.4	87069	88103.4	87069	
86827.6	88896.6	86827.6	88896.6	86827.6	
89931	88034.5	89931	88034.5	89931	
89172.4	86379.3	89172.4	86379.3	89172.4	
84655.2	86448.3	84655.2	86448.3	84655.2	
86827.6	85241.4	86827.6	85241.4	86827.6	
86655.2	85586.2	86655.2	85586.2	86655.2	
87172.4	88827.6	87172.4	88827.6	87172.4	
87689.7	87000	87689.7	87000	87689.7	
88551.7	85931	88551.7	85931	88551.7	
87517.2	87586.2	87517.2	87586.2	87517.2	
87586.2	85344.8	87586.2	85344.8	87586.2	
87517.2	88206.9	87517.2	88206.9	87517.2	
87413.8	85862.1	87413.8	85862.1	87413.8	
87862.1	87241.4	87862.1	87241.4	87862.1	
87000	89000	87000	89000	87000	
86724.1	83517.2	86724.1	83517.2	86724.1	
88896.6	85931	88896.6	85931	88896.6	
85241.4	89517.2	85241.4	89517.2	85241.4	
86655.2	86551.7	86655.2	86551.7	86655.2	
86034.5	87758.6	86034.5	87758.6	86034.5	
88379.3	87758.6	88379.3	87758.6	88379.3	
85413.8	86724.1	85413.8	86724.1	85413.8	
84827.6	88034.5	84827.6	88034.5	84827.6	
87931	85517.2	87931	85517.2	87931	
86448.3	87172.4	86448.3	87172.4	86448.3	
88448.3	88896.6	88448.3	88896.6	88448.3	
85758.6	87517.2	85758.6	87517.2	85758.6	
87241.4	86206.9	87241.4	86206.9	87241.4	
85689.7	86034.5	85689.7	86034.5	85689.7	
87000	86827.6	87000	86827.6	87000	
88724.1	88206.9	88724.1	88206.9	88724.1	
88551.7	86655.2	88551.7	86655.2	88551.7	
87413.8	87586.2	87413.8	87586.2	87413.8	
86827.6	86275.9	86827.6	86275.9	86827.6	
89172.4	87862.1	89172.4	87862.1	89172.4	
86206.9	88034.5	86206.9	88034.5	86206.9	
87344.8	85517.2	87344.8	85517.2	87344.8	
86827.6	86379.3	86827.6	86379.3	86827.6	
86103.4	86379.3	86103.4	86379.3	86103.4	
88551.7	88379.3	88551.7	88379.3	88551.7	
88620.7	88103.4	88620.7	88103.4	88620.7	
88448.3	85862.1	88448.3	85862.1	88448.3	
87172.4	88206.9	87172.4	88206.9	87172.4	
88379.3	84551.7	88379.3	84551.7	88379.3	
88379.3	85862.1	88379.3	85862.1	88379.3	
85000	87000	85000	87000	85000	
87517.2	89172.4	87517.2	89172.4	87517.2	
89069	88724.1	89069	88724.1	89069	
86551.7	86206.9	86551.7	86206.9	86551.7	
88275.9	86551.7	88275.9	86551.7	88275.9	
88206.9	89172.4	88206.9	89172.4	88206.9	
87689.7	87172.4	87689.7	87172.4	87689.7	
89517.2	86206.9	89517.2	86206.9	89517.2	
84655.2	86551.7	84655.2	86551.7	84655.2	
86206.9	86206.9	86206.9	86206.9	86206.9	
85931	86275.9	85931	86275.9	85931	
84275.9	87000	84275.9	87000	84275.9	
89413.8	87069	89413.8	87069	89413.8	
85931	87758.6	85931	87758.6	85931	
87069	89172.4	87069	89172.4	87069	
87931	87586.2	87931	87586.2	87931	
88379.3	89172.4	88379.3	89172.4	88379.3	
86896.6	86448.3	86896.6	86448.3	86896.6	
89517.2	88724.1	89517.2	88724.1	89517.2	
87862.1	85931	87862.1	85931	87862.1	
89862.1	87931	89862.1	87931	89862.1	
85517.2	86448.3	85517.2	86448.3	85517.2	
87069	86655.2	87069	86655.2	87069	
89069	86551.7	89069	86551.7	89069	
88206.9	86034.5	88206.9	86034.5	88206.9	
86275.9	86379.3	86275.9	86379.3	86275.9	
85517.2	86655.2	85517.2	86655.2	85517.2	
87689.7	88620.7	87689.7	88620.7	87689.7	
91241.4	86896.6	91241.4	86896.6	91241.4	
89069	88206.9	89069	88206.9	89069	
87758.6	87689.7	87758.6	87689.7	87758.6	
85689.7	86551.7	85689.7	86551.7	85689.7	
84827.6	86379.3	84827.6	86379.3	84827.6	
85413.8	86379.3	85413.8	86379.3	85413.8	
86724.1	88034.5	86724.1	88034.5	86724.1	
86827.6	87931	86827.6	87931	86827.6	
88896.6	88275.9	88896.6	88275.9	88896.6	
87413.8	86655.2	87413.8	86655.2	87413.8	
88551.7	87517.2	88551.7	87517.2	88551.7	
88034.5	86379.3	88034.5	86379.3	88034.5	
87344.8	87069	87344.8	87069	87344.8	
87344.8	91758.6	87344.8	91758.6	87344.8	
87000	89689.7	87000	89689.7	87000	
87344.8	88379.3	87344.8	88379.3	87344.8	
85689.7	87862.1	85689.7	87862.1	85689.7	
86896.6	88896.6	86896.6	88896.6	86896.6	
90379.3	88103.4	90379.3	88103.4	90379.3	
86896.6	89689.7	86896.6	89689.7	86896.6	
85000	87758.6	85000	87758.6	85000	
87689.7	88034.5	87689.7	88034.5	87689.7	
84482.8	88724.1	84482.8	88724.1	84482.8	
85000	88724.1	85000	88724.1	85000	
86551.7	86034.5	86551.7	86034.5	86551.7	
88896.6	86448.3	88896.6	86448.3	88896.6	
86724.1	86379.3	86724.1	86379.3	86724.1	
88448.3	88620.7	88448.3	88620.7	88448.3	
84034.5	86034.5	84034.5	86034.5	84034.5	
89000	88379.3	89000	88379.3	89000	
87862.1	85931	87862.1	85931	87862.1	
87517.2	86103.4	87517.2	86103.4	87517.2	
87172.4	84827.6	87172.4	84827.6	87172.4	
86275.9	89069	86275.9	89069	86275.9	
86206.9	89000	86206.9	89000	86206.9	
85931	89689.7	85931	89689.7	85931	
86827.6	89069	86827.6	89069	86827.6	
88551.7	85172.4	88551.7	85172.4	88551.7	
86551.7	88275.9	86551.7	88275.9	86551.7	
87758.6	89000	87758.6	89000	87758.6	
85000	86896.6	85000	86896.6	85000	
87000	89000	87000	89000	87000	
87000	86379.3	87000	86379.3	87000	
85344.8	86896.6	85344.8	86896.6	85344.8	
85758.6	88827.6	85758.6	88827.6	85758.6	
87517.2	84827.6	87517.2	84827.6	87517.2	
85689.7	89000	85689.7	89000	85689.7	
85517.2	85931	85517.2	85931	85517.2	
88551.7	86551.7	88551.7	86551.7	88551.7	
85241.4	90827.6	85241.4	90827.6	85241.4	
89586.2	88448.3	89586.2	88448.3	89586.2	
88379.3	85517.2	88379.3	85517.2	88379.3	
88827.6	85344.8	88827.6	85344.8	88827.6	
87172.4	85000	87172.4	85000	87172.4	
89344.8	85689.7	89344.8	85689.7	89344.8	
87689.7	87172.4	87689.7	87172.4	87689.7	
86551.7	87586.2	86551.7	87586.2	86551.7	
87000	86103.4	87000	86103.4	87000	
87689.7	87517.2	87689.7	87517.2	87689.7	
86896.6	89241.4	86896.6	89241.4	86896.6	
85689.7	85069	85689.7	85069	85689.7	
88827.6	87758.6	88827.6	87758.6	88827.6	
89172.4	87517.2	89172.4	87517.2	89172.4	
86034.5	84379.3	86034.5	84379.3	86034.5	
85862.1	87344.8	85862.1	87344.8	85862.1	
88896.6	87862.1	88896.6	87862.1	88896.6	
87344.8	87000	87344.8	87000	87344.8	
86275.9	88034.5	86275.9	88034.5	86275.9	
87172.4	87862.1	87172.4	87862.1	87172.4	
91413.8	86206.9	91413.8	86206.9	91413.8	
86448.3	88896.6	86448.3	88896.6	86448.3	
85862.1	86724.1	85862.1	86724.1	85862.1	
88275.9	85172.4	88275.9	85172.4	88275.9	
87689.7	88551.7	87689.7	88551.7	87689.7	
84103.4	89344.8	84103.4	89344.8	84103.4	
88206.9	88206.9	88206.9	88206.9	88206.9	
87758.6	87000	87758.6	87000	87758.6	
87586.2	90206.9	87586.2	90206.9	87586.2	
87931	85241.4	87931	85241.4	87931	
86724.1	87758.6	86724.1	87758.6	86724.1	
87862.1	85758.6	87862.1	85758.6	87862.1	
84034.5	88275.9	84034.5	88275.9	84034.5	
86896.6	85413.8	86896.6	85413.8	86896.6	
85172.4	86724.1	85172.4	86724.1	85172.4	
87000	87172.4	87000	87172.4	87000	
88896.6	87172.4	88896.6	87172.4	88896.6	
89413.8	88620.7	89413.8	88620.7	89413.8	
87069	87862.1	87069	87862.1	87069	
86206.9	87344.8	86206.9	87344.8	86206.9	
88827.6	87172.4	88827.6	87172.4	88827.6	
90275.9	87172.4	90275.9	87172.4	90275.9	
87758.6	85344.8	87758.6	85344.8	87758.6	
86275.9	88724.1	86275.9	88724.1	86275.9	
86551.7	86034.5	86551.7	86034.5	86551.7	
86448.3	87172.4	86448.3	87172.4	86448.3	
90448.3	88206.9	90448.3	88206.9	90448.3	
88551.7	86275.9	88551.7	86275.9	88551.7	
87586.2	84103.4	87586.2	84103.4	87586.2	
86551.7	85586.2	86551.7	85586.2	86551.7	
88551.7	88379.3	88551.7	88379.3	88551.7	
88275.9	86655.2	88275.9	86655.2	88275.9	
86827.6	88620.7	86827.6	88620.7	86827.6	
87586.2	84655.2	87586.2	84655.2	87586.2	
88620.7	88448.3	88620.7	88448.3	88620.7	
89413.8	86379.3	89413.8	86379.3	89413.8	
85517.2	87413.8	85517.2	87413.8	85517.2	
86655.2	84827.6	86655.2	84827.6	86655.2	
90724.1	89241.4	90724.1	89241.4	90724.1	
86034.5	88034.5	86034.5	88034.5	86034.5	
88620.7	87862.1	88620.7	87862.1	88620.7	
87931	88379.3	87931	88379.3	87931	
87586.2	86896.6	87586.2	86896.6	87586.2	
86034.5	86103.4	86034.5	86103.4	86034.5	
89758.6	86551.7	89758.6	86551.7	89758.6	
87586.2	88724.1	87586.2	88724.1	87586.2	
87931	85000	87931	85000	87931	
88103.4	86034.5	88103.4	86034.5	88103.4	
86103.4	87000	86103.4	87000	86103.4	
87586.2	86551.7	87586.2	86551.7	87586.2	
87931	90034.5	87931	90034.5	87931	
87413.8	89069	87413.8	89069	87413.8	
87172.4	87172.4	87172.4	87172.4	87172.4	
87862.1	90896.6	87862.1	90896.6	87862.1	
85172.4	86379.3	85172.4	86379.3	85172.4	
86551.7	87931	86551.7	87931	86551.7	
85069	87241.4	85069	87241.4	85069	
89069	86655.2	89069	86655.2	89069	
89241.4	87517.2	89241.4	87517.2	89241.4	
88827.6	85931	88827.6	85931	88827.6	
87758.6	88448.3	87758.6	88448.3	87758.6	
83862.1	88275.9	83862.1	88275.9	83862.1	
88103.4	88275.9	88103.4	88275.9	88103.4	
86827.6	85241.4	86827.6	85241.4	86827.6	
87000	88827.6	87000	88827.6	87000	
87344.8	90275.9	87344.8	90275.9	87344.8	
88448.3	87069	88448.3	87069	88448.3	
88206.9	87758.6	88206.9	87758.6	88206.9	
86655.2	89517.2	86655.2	89517.2	86655.2	
88620.7	87689.7	88620.7	87689.7	88620.7	
87586.2	86827.6	87586.2	86827.6	87586.2	
86827.6	87344.8	86827.6	87344.8	86827.6	
86275.9	88379.3	86275.9	88379.3	86275.9	
86379.3	85413.8	86379.3	85413.8	86379.3	
87931	88275.9	87931	88275.9	87931	
86896.6	88034.5	86896.6	88034.5	86896.6	
86275.9	87931	86275.9	87931	86275.9	
86896.6	87241.4	86896.6	87241.4	86896.6	
88896.6	87344.8	88896.6	87344.8	88896.6	
88103.4	86896.6	88103.4	86896.6	88103.4	
87586.2	85517.2	87586.2	85517.2	87586.2	
87069	88103.4	87069	88103.4	87069	
87586.2	87586.2	87586.2	87586.2	87586.2	
88034.5	87931	88034.5	87931	88034.5	
88206.9	87758.6	88206.9	87758.6	88206.9	
86034.5	86896.6	86034.5	86896.6	86034.5	
88551.7	86275.9	88551.7	86275.9	88551.7	
85862.1	89344.8	85862.1	89344.8	85862.1	
85000	86551.7	85000	86551.7	85000	
87000	89241.4	87000	89241.4	87000	
86448.3	87069	86448.3	87069	86448.3	
87344.8	87586.2	87344.8	87586.2	87344.8	
84827.6	87069	84827.6	87069	84827.6	
87000	90379.3	87000	90379.3	87000	
88827.6	86103.4	88827.6	86103.4	88827.6	
87344.8	88551.7	87344.8	88551.7	87344.8	
88275.9	89517.2	88275.9	89517.2	88275.9	
88448.3	86448.3	88448.3	86448.3	88448.3	
88275.9	86206.9	88275.9	86206.9	88275.9	
90275.9	87172.4	90275.9	87172.4	90275.9	
86896.6	86103.4	86896.6	86103.4	86896.6	
84827.6	86103.4	84827.6	86103.4	84827.6	
86448.3	84379.3	86448.3	84379.3	86448.3	
87758.6	89344.8	87758.6	89344.8	87758.6	
88034.5	86827.6	88034.5	86827.6	88034.5	
88103.4	88896.6	88103.4	88896.6	88103.4	
86724.1	85758.6	86724.1	85758.6	86724.1	
86655.2	88206.9	86655.2	88206.9	86655.2	
88379.3	87069	88379.3	87069	88379.3	
86551.7	85586.2	86551.7	85586.2	86551.7	
87517.2	88206.9	87517.2	88206.9	87517.2	
87689.7	88379.3	87689.7	88379.3	87689.7	
86551.7	85931	86551.7	85931	86551.7	
87586.2	87862.1	87586.2	87862.1	87586.2	
86724.1	89517.2	86724.1	89517.2	86724.1	
87000	85241.4	87000	85241.4	87000	
88275.9	87931	88275.9	87931	88275.9	
87069	87413.8	87069	87413.8	87069	
87758.6	88034.5	87758.6	88034.5	87758.6	
87517.2	85758.6	87517.2	85758.6	87517.2	
87758.6	88620.7	87758.6	88620.7	87758.6	
87931	87758.6	87931	87758.6	87931	
85241.4	89241.4	85241.4	89241.4	85241.4	
86827.6	86896.6	86827.6	86896.6	86827.6	
88206.9	88206.9	88206.9	88206.9	88206.9	
87344.8	86896.6	87344.8	86896.6	87344.8	
87413.8	84724.1	87413.8	84724.1	87413.8	
86034.5	84724.1	86034.5	84724.1	86034.5	
86827.6	85517.2	86827.6	85517.2	86827.6	
87172.4	87862.1	87172.4	87862.1	87172.4	
89000	85689.7	89000	85689.7	89000	
89413.8	87000	89413.8	87000	89413.8	
87000	86827.6	87000	86827.6	87000	
87517.2	86206.9	87517.2	86206.9	87517.2	
85413.8	88896.6	85413.8	88896.6	85413.8	
89000	87862.1	89000	87862.1	89000	
86206.9	87931	86206.9	87931	86206.9	
87758.6	86448.3	87758.6	86448.3	87758.6	
87172.4	85862.1	87172.4	85862.1	87172.4	
84379.3	87172.4	84379.3	87172.4	84379.3	
86896.6	86448.3	86896.6	86448.3	86896.6	
87586.2	88620.7	87586.2	88620.7	87586.2	
87517.2	87000	87517.2	87000	87517.2	
89069	87586.2	89069	87586.2	89069	
85931	85413.8	85931	85413.8	85931	
89172.4	86448.3	89172.4	86448.3	89172.4	
90724.1	86724.1	90724.1	86724.1	90724.1	
86448.3	86896.6	86448.3	86896.6	86448.3	
86379.3	86896.6	86379.3	86896.6	86379.3	
86724.1	86827.6	86724.1	86827.6	86724.1	
87000	87172.4	87000	87172.4	87000	
88103.4	86448.3	88103.4	86448.3	88103.4	
85931	85689.7	85931	85689.7	85931	
85931	88827.6	85931	88827.6	85931	
85931	84379.3	85931	84379.3	85931	
87931	88379.3	87931	88379.3	87931	
88034.5	88034.5	88034.5	88034.5	88034.5	
87758.6	89241.4	87758.6	89241.4	87758.6	
86896.6	87172.4	86896.6	87172.4	86896.6	
88448.3	87517.2	88448.3	87517.2	88448.3	
85862.1	85862.1	85862.1	85862.1	85862.1	
85862.1	88620.7	85862.1	88620.7	85862.1	
88379.3	86827.6	88379.3	86827.6	88379.3	
87931	87517.2	87931	87517.2	87931	
88206.9	88724.1	88206.9	88724.1	88206.9	
86034.5	89000	86034.5	89000	86034.5	
85689.7	84827.6	85689.7	84827.6	85689.7	
85344.8	90103.4	85344.8	90103.4	85344.8	
88103.4	86655.2	88103.4	86655.2	88103.4	
87689.7	86896.6	87689.7	86896.6	87689.7	
86448.3	87241.4	86448.3	87241.4	86448.3	
86655.2	85344.8	86655.2	85344.8	86655.2	
87000	88275.9	87000	88275.9	87000	
85413.8	88275.9	85413.8	88275.9	85413.8	
87241.4	86379.3	87241.4	86379.3	87241.4	
87172.4	89517.2	87172.4	89517.2	87172.4	
85517.2	87862.1	85517.2	87862.1	85517.2	
88827.6	85862.1	88827.6	85862.1	88827.6	
86103.4	85517.2	86103.4	85517.2	86103.4	
87931	87862.1	87931	87862.1	87931	
89586.2	86275.9	89586.2	86275.9	89586.2	
88275.9	87344.8	88275.9	87344.8	88275.9	
87689.7	86206.9	87689.7	86206.9	87689.7	
87862.1	85172.4	87862.1	85172.4	87862.1	
89000	86448.3	89000	86448.3	89000	
88551.7	89344.8	88551.7	89344.8	88551.7	
88275.9	87413.8	88275.9	87413.8	88275.9	
87931	85862.1	87931	85862.1	87931	
87689.7	85862.1	87689.7	85862.1	87689.7	
88827.6	85758.6	88827.6	85758.6	88827.6	
86827.6	86034.5	86827.6	86034.5	86827.6	
86896.6	88206.9	86896.6	88206.9	86896.6	
87413.8	88448.3	87413.8	88448.3	87413.8	
88275.9	87586.2	88275.9	87586.2	88275.9	
85758.6	88551.7	85758.6	88551.7	85758.6	
83689.7	90275.9	83689.7	90275.9	83689.7	
89517.2	88551.7	89517.2	88551.7	89517.2	
87000	83862.1	87000	83862.1	87000	
88275.9	89689.7	88275.9	89689.7	88275.9	
88379.3	88379.3	88379.3	88379.3	88379.3	
86827.6	88724.1	86827.6	88724.1	86827.6	
89241.4	87862.1	89241.4	87862.1	89241.4	
87413.8	87758.6	87413.8	87758.6	87413.8	
87931	87758.6	87931	87758.6	87931	
87758.6	86896.6	87758.6	86896.6	87758.6	
86448.3	89172.4	86448.3	89172.4	86448.3	
83689.7	87000	83689.7	87000	83689.7	
82827.6	87517.2	82827.6	87517.2	82827.6	
87586.2	84896.6	87586.2	84896.6	87586.2	
87862.1	87241.4	87862.1	87241.4	87862.1	
88724.1	87862.1	88724.1	87862.1	88724.1	
86275.9	87413.8	86275.9	87413.8	86275.9	
86206.9	86275.9	86206.9	86275.9	86206.9	
85000	85172.4	85000	85172.4	85000	
87172.4	88448.3	87172.4	88448.3	87172.4	
86206.9	86655.2	86206.9	86655.2	86206.9	
88275.9	87172.4	88275.9	87172.4	88275.9	
88103.4	87069	88103.4	87069	88103.4	
84896.6	86896.6	84896.6	86896.6	84896.6	
85931	87344.8	85931	87344.8	85931	
90379.3	85172.4	90379.3	85172.4	90379.3	
85862.1	87689.7	85862.1	87689.7	85862.1	
87000	86827.6	87000	86827.6	87000	
87241.4	87241.4	87241.4	87241.4	87241.4	
84827.6	86551.7	84827.6	86551.7	84827.6	
87586.2	87586.2	87586.2	87586.2	87586.2	
85344.8	87586.2	85344.8	87586.2	85344.8	
86379.3	87862.1	86379.3	87862.1	86379.3	
84482.8	87586.2	84482.8	87586.2	84482.8	
89689.7	86551.7	89689.7	86551.7	89689.7	
88620.7	88275.9	88620.7	88275.9	88620.7	
87862.1	87758.6	87862.1	87758.6	87862.1	
89241.4	84724.1	89241.4	84724.1	89241.4	
86724.1	88620.7	86724.1	88620.7	86724.1	
84103.4	85689.7	84103.4	85689.7	84103.4	
86896.6	86551.7	86896.6	86551.7	86896.6	
87689.7	88551.7	87689.7	88551.7	87689.7	
86103.4	86827.6	86103.4	86827.6	86103.4	
86275.9	86551.7	86275.9	86551.7	86275.9	
89862.1	87517.2	89862.1	87517.2	89862.1	
87758.6	86724.1	87758.6	86724.1	87758.6	
86379.3	88724.1	86379.3	88724.1	86379.3	
84206.9	89758.6	84206.9	89758.6	84206.9	
87758.6	88103.4	87758.6	88103.4	87758.6	
87172.4	85241.4	87172.4	85241.4	87172.4	
88206.9	88551.7	88206.9	88551.7	88206.9	
86448.3	88103.4	86448.3	88103.4	86448.3	
86724.1	85862.1	86724.1	85862.1	86724.1	
88034.5	89586.2	88034.5	89586.2	88034.5	
86655.2	87241.4	86655.2	87241.4	86655.2	
89241.4	88551.7	89241.4	88551.7	89241.4	
87000	87517.2	87000	87517.2	87000	
83862.1	87241.4	83862.1	87241.4	83862.1	
89000	85241.4	89000	85241.4	89000	
87931	85862.1	87931	85862.1	87931	
87344.8	86827.6	87344.8	86827.6	87344.8	
88275.9	87862.1	88275.9	87862.1	88275.9	
86206.9	86551.7	86206.9	86551.7	86206.9	
86206.9	88620.7	86206.9	88620.7	86206.9	
87586.2	88827.6	87586.2	88827.6	87586.2	
85000	86103.4	85000	86103.4	85000	
84482.8	87172.4	84482.8	87172.4	84482.8	
84275.9	85344.8	84275.9	85344.8	84275.9	
86896.6	87069	86896.6	87069	86896.6	
87931	85931	87931	85931	87931	
88551.7	88551.7	88551.7	88551.7	88551.7	
87413.8	88551.7	87413.8	88551.7	87413.8	
87344.8	90103.4	87344.8	90103.4	87344.8	
87069	86103.4	87069	86103.4	87069	
89517.2	85344.8	89517.2	85344.8	89517.2	
86655.2	88896.6	86655.2	88896.6	86655.2	
84896.6	87000	84896.6	87000	84896.6	
84655.2	87931	84655.2	87931	84655.2	
87172.4	88896.6	87172.4	88896.6	87172.4	
86448.3	88896.6	86448.3	88896.6	86448.3	
90034.5	86655.2	90034.5	86655.2	90034.5	
88448.3	86551.7	88448.3	86551.7	88448.3	
89241.4	86206.9	89241.4	86206.9	89241.4	
88206.9	84206.9	88206.9	84206.9	88206.9	
85069	87517.2	85069	87517.2	85069	
85344.8	86896.6	85344.8	86896.6	85344.8	
87517.2	88448.3	87517.2	88448.3	87517.2	
88034.5	85517.2	88034.5	85517.2	88034.5	
87862.1	86896.6	87862.1	86896.6	87862.1	
87000	88206.9	87000	88206.9	87000	
87000	86724.1	87000	86724.1	87000	
87517.2	86655.2	87517.2	86655.2	87517.2	
87758.6	88827.6	87758.6	88827.6	87758.6	
88379.3	87758.6	88379.3	87758.6	88379.3	
85000	85069	85000	85069	85000	
87069	86103.4	87069	86103.4	87069	
88551.7	87069	88551.7	87069	88551.7	
86448.3	87689.7	86448.3	87689.7	86448.3	
88275.9	86655.2	88275.9	86655.2	88275.9	
85758.6	87000	85758.6	87000	85758.6	
88034.5	88551.7	88034.5	88551.7	88034.5	
88379.3	87344.8	88379.3	87344.8	88379.3	
88379.3	87413.8	88379.3	87413.8	88379.3	
87413.8	85172.4	87413.8	85172.4	87413.8	
86827.6	87931	86827.6	87931	86827.6	
86206.9	89586.2	86206.9	89586.2	86206.9	
86034.5	87931	86034.5	87931	86034.5	
88448.3	86827.6	88448.3	86827.6	88448.3	
87517.2	87931	87517.2	87931	87517.2	
86655.2	85172.4	86655.2	85172.4	86655.2	
87758.6	86103.4	87758.6	86103.4	87758.6	
86655.2	84655.2	86655.2	84655.2	86655.2	
86103.4	87000	86103.4	87000	86103.4	
85413.8	88103.4	85413.8	88103.4	85413.8	
86896.6	85689.7	86896.6	85689.7	86896.6	
89586.2	88206.9	89586.2	88206.9	89586.2	
86034.5	86275.9	86034.5	86275.9	86034.5	
87172.4	87758.6	87172.4	87758.6	87172.4	
84551.7	86448.3	84551.7	86448.3	84551.7	
86724.1	87000	86724.1	87000	86724.1	
84551.7	85241.4	84551.7	85241.4	84551.7	
86448.3	86551.7	86448.3	86551.7	86448.3	
87000	88379.3	87000	88379.3	87000	
87413.8	89586.2	87413.8	89586.2	87413.8	
87689.7	85517.2	87689.7	85517.2	87689.7	
87241.4	87931	87241.4	87931	87241.4	
87344.8	87413.8	87344.8	87413.8	87344.8	
86379.3	86379.3	86379.3	86379.3	86379.3	
87172.4	84379.3	87172.4	84379.3	87172.4	
86379.3	87586.2	86379.3	87586.2	86379.3	
87241.4	85862.1	87241.4	85862.1	87241.4	
88275.9	88206.9	88275.9	88206.9	88275.9	
86827.6	87517.2	86827.6	87517.2	86827.6	
87689.7	87344.8	87689.7	87344.8	87689.7	
87000	86724.1	87000	86724.1	87000	
87413.8	87758.6	87413.8	87758.6	87413.8	
86724.1	88206.9	86724.1	88206.9	86724.1	
88896.6	87689.7	88896.6	87689.7	88896.6	
86379.3	86551.7	86379.3	86551.7	86379.3	
86206.9	87172.4	86206.9	87172.4	86206.9	
88724.1	85413.8	88724.1	85413.8	88724.1	
87172.4	85758.6	87172.4	85758.6	87172.4	
86655.2	85172.4	86655.2	85172.4	86655.2	
88724.1	86896.6	88724.1	86896.6	88724.1	
89344.8	86827.6	89344.8	86827.6	89344.8	
89000	88034.5	89000	88034.5	89000	
88034.5	88551.7	88034.5	88551.7	88034.5	
86034.5	86379.3	86034.5	86379.3	86034.5	
87241.4	87758.6	87241.4	87758.6	87241.4	
89000	90448.3	89000	90448.3	89000	
90034.5	87241.4	90034.5	87241.4	90034.5	
85517.2	84551.7	85517.2	84551.7	85517.2	
87344.8	89069	87344.8	89069	87344.8	
85862.1	86827.6	85862.1	86827.6	85862.1	
87758.6	86206.9	87758.6	86206.9	87758.6	
89517.2	88103.4	89517.2	88103.4	89517.2	
85344.8	86724.1	85344.8	86724.1	85344.8	
86034.5	86379.3	86034.5	86379.3	86034.5	
87241.4	88724.1	87241.4	88724.1	87241.4	
86655.2	86551.7	86655.2	86551.7	86655.2	
85069	88379.3	85069	88379.3	85069	
84206.9	87517.2	84206.9	87517.2	84206.9	
86655.2	89758.6	86655.2	89758.6	86655.2	
89172.4	84482.8	89172.4	84482.8	89172.4	
89517.2	87931	89517.2	87931	89517.2	
86827.6	85172.4	86827.6	85172.4	86827.6	
86206.9	88551.7	86206.9	88551.7	86206.9	
85000	86379.3	85000	86379.3	85000	
87517.2	87586.2	87517.2	87586.2	87517.2	
86655.2	87758.6	86655.2	87758.6	86655.2	
86103.4	87931	86103.4	87931	86103.4	
87069	88379.3	87069	88379.3	87069	
87000	86655.2	87000	86655.2	87000	
84724.1	87241.4	84724.1	87241.4	84724.1	
85000	86827.6	85000	86827.6	85000	
86827.6	86896.6	86827.6	86896.6	86827.6	
88034.5	86034.5	88034.5	86034.5	88034.5	
88275.9	89689.7	88275.9	89689.7	88275.9	
84551.7	85344.8	84551.7	85344.8	84551.7	
85413.8	85931	85413.8	85931	85413.8	
86655.2	87931	86655.2	87931	86655.2	
89000	87689.7	89000	87689.7	89000	
90896.6	90034.5	90896.6	90034.5	90896.6	
89172.4	87689.7	89172.4	87689.7	89172.4	
87862.1	87413.8	87862.1	87413.8	87862.1	
86724.1	85344.8	86724.1	85344.8	86724.1	
87931	89000	87931	89000	87931	
90103.4	87069	90103.4	87069	90103.4	
87344.8	85517.2	87344.8	85517.2	87344.8	
85758.6	88034.5	85758.6	88034.5	85758.6	
87862.1	88206.9	87862.1	88206.9	87862.1	
88448.3	86034.5	88448.3	86034.5	88448.3	
84275.9	87000	84275.9	87000	84275.9	
86724.1	85344.8	86724.1	85344.8	86724.1	
84379.3	87931	84379.3	87931	84379.3	
88551.7	87172.4	88551.7	87172.4	88551.7	
87517.2	87000	87517.2	87000	87517.2	
85931	85689.7	85931	85689.7	85931	
85241.4	87344.8	85241.4	87344.8	85241.4	
87344.8	86206.9	87344.8	86206.9	87344.8	
87000	85586.2	87000	85586.2	87000	
87344.8	87931	87344.8	87931	87344.8	
87069	87862.1	87069	87862.1	87069	
86379.3	86206.9	86379.3	86206.9	86379.3	
86724.1	85689.7	86724.1	85689.7	86724.1	
87241.4	88103.4	87241.4	88103.4	87241.4	
87586.2	86551.7	87586.2	86551.7	87586.2	
87517.2	88034.5	87517.2	88034.5	87517.2	
84896.6	87758.6	84896.6	87758.6	84896.6	
85586.2	86103.4	85586.2	86103.4	85586.2	
88275.9	87000	88275.9	87000	88275.9	
86551.7	86379.3	86551.7	86379.3	86551.7	
84896.6	88103.4	84896.6	88103.4	84896.6	
86551.7	84206.9	86551.7	84206.9	86551.7	
88103.4	88206.9	88103.4	88206.9	88103.4	
86724.1	89862.1	86724.1	89862.1	86724.1	
88827.6	89069	88827.6	89069	88827.6	
88103.4	87344.8	88103.4	87344.8	88103.4	
88827.6	88275.9	88827.6	88275.9	88827.6	
86275.9	84896.6	86275.9	84896.6	86275.9	
84206.9	87689.7	84206.9	87689.7	84206.9	
87000	87413.8	87000	87413.8	87000	
88551.7	88620.7	88551.7	88620.7	88551.7	
87172.4	86034.5	87172.4	86034.5	87172.4	
86896.6	88620.7	86896.6	88620.7	86896.6	
89000	88827.6	89000	88827.6	89000	
87241.4	88034.5	87241.4	88034.5	87241.4	
88379.3	88827.6	88379.3	88827.6	88379.3	
87689.7	88551.7	87689.7	88551.7	87689.7	
90206.9	86896.6	90206.9	86896.6	90206.9	
86379.3	86448.3	86379.3	86448.3	86379.3	
86034.5	87241.4	86034.5	87241.4	86034.5	
87931	86827.6	87931	86827.6	87931	
90551.7	88206.9	90551.7	88206.9	90551.7	
87517.2	87413.8	87517.2	87413.8	87517.2	
86103.4	86103.4	86103.4	86103.4	86103.4	
89069	86724.1	89069	86724.1	89069	
88275.9	86448.3	88275.9	86448.3	88275.9	
87344.8	90275.9	87344.8	90275.9	87344.8	
87862.1	86655.2	87862.1	86655.2	87862.1	
86827.6	87344.8	86827.6	87344.8	86827.6	
88620.7	90620.7	88620.7	90620.7	88620.7	
87586.2	85758.6	87586.2	85758.6	87586.2	
85862.1	87000	85862.1	87000	85862.1	
86655.2	86724.1	86655.2	86724.1	86655.2	
88724.1	85172.4	88724.1	85172.4	88724.1	
90551.7	87689.7	90551.7	87689.7	90551.7	
86551.7	87344.8	86551.7	87344.8	86551.7	
87931	85517.2	87931	85517.2	87931	
88448.3	86275.9	88448.3	86275.9	88448.3	
86034.5	86724.1	86034.5	86724.1	86034.5	
87689.7	88827.6	87689.7	88827.6	87689.7	
84827.6	88103.4	84827.6	88103.4	84827.6	
89000	88620.7	89000	88620.7	89000	
86275.9	89000	86275.9	89000	86275.9	
87862.1	86827.6	87862.1	86827.6	87862.1	
85344.8	86275.9	85344.8	86275.9	85344.8	
86206.9	88896.6	86206.9	88896.6	86206.9	
86896.6	86034.5	86896.6	86034.5	86896.6	
85172.4	85689.7	85172.4	85689.7	85172.4	
87689.7	84724.1	87689.7	84724.1	87689.7	
87000	87931	87000	87931	87000	
88275.9	86275.9	88275.9	86275.9	88275.9	
87758.6	86448.3	87758.6	86448.3	87758.6	
84827.6	87689.7	84827.6	87689.7	84827.6	
88620.7	88896.6	88620.7	88896.6	88620.7	
88448.3	85689.7	88448.3	85689.7	88448.3	
85689.7	86206.9	85689.7	86206.9	85689.7	
87689.7	84724.1	87689.7	84724.1	87689.7	
87069	87241.4	87069	87241.4	87069	
88448.3	87862.1	88448.3	87862.1	88448.3	
86448.3	86103.4	86448.3	86103.4	86448.3	
87689.7	88275.9	87689.7	88275.9	87689.7	
92620.7	91862.1	92620.7	91862.1	92620.7	
88034.5	88620.7	88034.5	88620.7	88034.5	
85931	88379.3	85931	88379.3	85931	
88551.7	89069	88551.7	89069	88551.7	
86551.7	87413.8	86551.7	87413.8	86551.7	
85931	87069	85931	87069	85931	
89172.4	87586.2	89172.4	87586.2	89172.4	
86206.9	85000	86206.9	85000	86206.9	
86275.9	88620.7	86275.9	88620.7	86275.9	
88448.3	89586.2	88448.3	89586.2	88448.3	
88103.4	87000	88103.4	87000	88103.4	
83000	88620.7	83000	88620.7	83000	
90379.3	91344.8	90379.3	91344.8	90379.3	
87413.8	86724.1	87413.8	86724.1	87413.8	
87172.4	90103.4	87172.4	90103.4	87172.4	
86448.3	86724.1	86448.3	86724.1	86448.3	
87344.8	85000	87344.8	85000	87344.8	
87413.8	88896.6	87413.8	88896.6	87413.8	
86827.6	87689.7	86827.6	87689.7	86827.6	
88206.9	87586.2	88206.9	87586.2	88206.9	
85931	90275.9	85931	90275.9	85931	
84827.6	86448.3	84827.6	86448.3	84827.6	
85758.6	84896.6	85758.6	84896.6	85758.6	
88034.5	87586.2	88034.5	87586.2	88034.5	
85069	86034.5	85069	86034.5	85069	
88827.6	88551.7	88827.6	88551.7	88827.6	
85344.8	85931	85344.8	85931	85344.8	
89931	89689.7	89931	89689.7	89931	
87413.8	87069	87413.8	87069	87413.8	
87172.4	86827.6	87172.4	86827.6	87172.4	
85413.8	84551.7	85413.8	84551.7	85413.8	
87172.4	89689.7	87172.4	89689.7	87172.4	
88724.1	86206.9	88724.1	86206.9	88724.1	
88034.5	88206.9	88034.5	88206.9	88034.5	
85931	88206.9	85931	88206.9	85931	
86103.4	86206.9	86103.4	86206.9	86103.4	
87172.4	86379.3	87172.4	86379.3	87172.4	
86896.6	88448.3	86896.6	88448.3	86896.6	
87931	90620.7	87931	90620.7	87931	
88827.6	87000	88827.6	87000	88827.6	
88206.9	87931	88206.9	87931	88206.9	
88379.3	87000	88379.3	87000	88379.3	
88275.9	89931	88275.9	89931	88275.9	
86896.6	85931	86896.6	85931	86896.6	
86103.4	88103.4	86103.4	88103.4	86103.4	
89586.2	86551.7	89586.2	86551.7	89586.2	
89344.8	89517.2	89344.8	89517.2	89344.8	
86034.5	88379.3	86034.5	88379.3	86034.5	
86551.7	87758.6	86551.7	87758.6	86551.7	
86103.4	85931	86103.4	85931	86103.4	
88206.9	85344.8	88206.9	85344.8	88206.9	
87758.6	86275.9	87758.6	86275.9	87758.6	
87862.1	87069	87862.1	87069	87862.1	
87069	87689.7	87069	87689.7	87069	
87344.8	87241.4	87344.8	87241.4	87344.8	
87344.8	86275.9	87344.8	86275.9	87344.8	
85586.2	86896.6	85586.2	86896.6	85586.2	
86275.9	87862.1	86275.9	87862.1	86275.9	
86275.9	88448.3	86275.9	88448.3	86275.9	
88448.3	89172.4	88448.3	89172.4	88448.3	
87586.2	87241.4	87586.2	87241.4	87586.2	
87758.6	89000	87758.6	89000	87758.6	
87241.4	90448.3	87241.4	90448.3	87241.4	
87413.8	85931	87413.8	85931	87413.8	
88034.5	86655.2	88034.5	86655.2	88034.5	
86551.7	89172.4	86551.7	89172.4	86551.7	
87000	85517.2	87000	85517.2	87000	
87586.2	84482.8	87586.2	84482.8	87586.2	
88551.7	86206.9	88551.7	86206.9	88551.7	
88827.6	85517.2	88827.6	85517.2	88827.6	
83758.6	84896.6	83758.6	84896.6	83758.6	
90034.5	87586.2	90034.5	87586.2	90034.5	
86034.5	85862.1	86034.5	85862.1	86034.5	
88034.5	88275.9	88034.5	88275.9	88034.5	
85413.8	84103.4	85413.8	84103.4	85413.8	
86724.1	85517.2	86724.1	85517.2	86724.1	
85862.1	87069	85862.1	87069	85862.1	
88724.1	86896.6	88724.1	86896.6	88724.1	
86551.7	88103.4	86551.7	88103.4	86551.7	
86827.6	89000	86827.6	89000	86827.6	
87172.4	85517.2	87172.4	85517.2	87172.4	
86206.9	86655.2	86206.9	86655.2	86206.9	
87758.6	86551.7	87758.6	86551.7	87758.6	
88275.9	87000	88275.9	87000	88275.9	
88724.1	85862.1	88724.1	85862.1	88724.1	
87689.7	88103.4	87689.7	88103.4	87689.7	
87586.2	87069	87586.2	87069	87586.2	
87172.4	85862.1	87172.4	85862.1	87172.4	
86896.6	84655.2	86896.6	84655.2	86896.6	
87413.8	85000	87413.8	85000	87413.8	
89000	88379.3	89000	88379.3	89000	
86551.7	87517.2	86551.7	87517.2	86551.7	
89241.4	87758.6	89241.4	87758.6	89241.4	
86206.9	86827.6	86206.9	86827.6	86206.9	
86827.6	86827.6	86827.6	86827.6	86827.6	
86034.5	88827.6	86034.5	88827.6	86034.5	
88620.7	89586.2	88620.7	89586.2	88620.7	
87862.1	86827.6	87862.1	86827.6	87862.1	
87413.8	88379.3	87413.8	88379.3	87413.8	
85931	85069	85931	85069	85931	
85586.2	90103.4	85586.2	90103.4	85586.2	
88275.9	90103.4	88275.9	90103.4	88275.9	
85586.2	85758.6	85586.2	85758.6	85586.2	
87517.2	87586.2	87517.2	87586.2	87517.2	
86724.1	86448.3	86724.1	86448.3	86724.1	
87931	88827.6	87931	88827.6	87931	
86724.1	85344.8	86724.1	85344.8	86724.1	
89344.8	87000	89344.8	87000	89344.8	
87517.2	87931	87517.2	87931	87517.2	
87000	87862.1	87000	87862.1	87000	
85689.7	86827.6	85689.7	86827.6	85689.7	
86275.9	86827.6	86275.9	86827.6	86275.9	
86206.9	87069	86206.9	87069	86206.9	
86827.6	84275.9	86827.6	84275.9	86827.6	
87413.8	86827.6	87413.8	86827.6	87413.8	
90620.7	84896.6	90620.7	84896.6	90620.7	
86896.6	86103.4	86896.6	86103.4	86896.6	
85344.8	86103.4	85344.8	86103.4	85344.8	
89586.2	85069	89586.2	85069	89586.2	
87862.1	84724.1	87862.1	84724.1	87862.1	
87172.4	86551.7	87172.4	86551.7	87172.4	
84275.9	88896.6	84275.9	88896.6	84275.9	
87689.7	84551.7	87689.7	84551.7	87689.7	
84896.6	87517.2	84896.6	87517.2	84896.6	
88206.9	86103.4	88206.9	86103.4	88206.9	
86655.2	86379.3	86655.2	86379.3	86655.2	
87689.7	85931	87689.7	85931	87689.7	
86379.3	86724.1	86379.3	86724.1	86379.3	
87069	85586.2	87069	85586.2	87069	
85241.4	86655.2	85241.4	86655.2	85241.4	
88275.9	88034.5	88275.9	88034.5	88275.9	
85862.1	88103.4	85862.1	88103.4	85862.1	
85586.2	89758.6	85586.2	89758.6	85586.2	
86275.9	88275.9	86275.9	88275.9	86275.9	
90896.6	88103.4	90896.6	88103.4	90896.6	
85000	86379.3	85000	86379.3	85000	
88620.7	85758.6	88620.7	85758.6	88620.7	
87241.4	86551.7	87241.4	86551.7	87241.4	
87586.2	85689.7	87586.2	85689.7	87586.2	
86448.3	87517.2	86448.3	87517.2	86448.3	
86827.6	87000	86827.6	87000	86827.6	
87241.4	85069	87241.4	85069	87241.4	
88103.4	86551.7	88103.4	86551.7	88103.4	
87758.6	86448.3	87758.6	86448.3	87758.6	
85241.4	86275.9	85241.4	86275.9	85241.4	
87689.7	85517.2	87689.7	85517.2	87689.7	
88103.4	86103.4	88103.4	86103.4	88103.4	
87172.4	87586.2	87172.4	87586.2	87172.4	
88896.6	87000	88896.6	87000	88896.6	
86034.5	83931	86034.5	83931	86034.5	
86896.6	86206.9	86896.6	86206.9	86896.6	
86448.3	86448.3	86448.3	86448.3	86448.3	
88379.3	81000	88379.3	81000	88379.3	
86275.9	87586.2	86275.9	87586.2	86275.9	
87517.2	85758.6	87517.2	85758.6	87517.2	
87758.6	88827.6	87758.6	88827.6	87758.6	
88379.3	87517.2	88379.3	87517.2	88379.3	
87931	86896.6	87931	86896.6	87931	
85344.8	85172.4	85344.8	85172.4	85344.8	
85586.2	87344.8	85586.2	87344.8	85586.2	
88379.3	86827.6	88379.3	86827.6	88379.3	
89689.7	86448.3	89689.7	86448.3	89689.7	
87241.4	86724.1	87241.4	86724.1	87241.4	
87517.2	88103.4	87517.2	88103.4	87517.2	
87758.6	85172.4	87758.6	85172.4	87758.6	
87413.8	86275.9	87413.8	86275.9	87413.8	
88827.6	85931	88827.6	85931	88827.6	
85862.1	87172.4	85862.1	87172.4	85862.1	
85069	88206.9	85069	88206.9	85069	
88034.5	89172.4	88034.5	89172.4	88034.5	
88724.1	86724.1	88724.1	86724.1	88724.1	
88896.6	85000	88896.6	85000	88896.6	
89689.7	85758.6	89689.7	85758.6	89689.7	
87862.1	85586.2	87862.1	85586.2	87862.1	
88620.7	87689.7	88620.7	87689.7	88620.7	
87413.8	87172.4	87413.8	87172.4	87413.8	
86827.6	85069	86827.6	85069	86827.6	
87586.2	84206.9	87586.2	84206.9	87586.2	
87172.4	85862.1	87172.4	85862.1	87172.4	
87586.2	88275.9	87586.2	88275.9	87586.2	
87172.4	90827.6	87172.4	90827.6	87172.4	
86448.3	89413.8	86448.3	89413.8	86448.3	
89517.2	88275.9	89517.2	88275.9	89517.2	
89069	85517.2	89069	85517.2	89069	
88448.3	87931	88448.3	87931	88448.3	
86655.2	88448.3	86655.2	88448.3	86655.2	
86275.9	85172.4	86275.9	85172.4	86275.9	
89413.8	85172.4	89413.8	85172.4	89413.8	
85344.8	86896.6	85344.8	86896.6	85344.8	
88724.1	89000	88724.1	89000	88724.1	
85344.8	85931	85344.8	85931	85344.8	
86896.6	86896.6	86896.6	86896.6	86896.6	
87413.8	88827.6	87413.8	88827.6	87413.8	
85758.6	85000	85758.6	85000	85758.6	
87413.8	87069	87413.8	87069	87413.8	
88379.3	84827.6	88379.3	84827.6	88379.3	
88620.7	87586.2	88620.7	87586.2	88620.7	
87000	85758.6	87000	85758.6	87000	
84034.5	87344.8	84034.5	87344.8	84034.5	
89241.4	88206.9	89241.4	88206.9	89241.4	
89172.4	86896.6	89172.4	86896.6	89172.4	
86206.9	87931	86206.9	87931	86206.9	
86896.6	87517.2	86896.6	87517.2	86896.6	
86827.6	88827.6	86827.6	88827.6	86827.6	
83862.1	88206.9	83862.1	88206.9	83862.1	
85931	85689.7	85931	85689.7	85931	
85689.7	88448.3	85689.7	88448.3	85689.7	
87241.4	87689.7	87241.4	87689.7	87241.4	
89931	87517.2	89931	87517.2	89931	
87586.2	87862.1	87586.2	87862.1	87586.2	
87586.2	84206.9	87586.2	84206.9	87586.2	
86827.6	87172.4	86827.6	87172.4	86827.6	
86206.9	84655.2	86206.9	84655.2	86206.9	
87344.8	84724.1	87344.8	84724.1	87344.8	
87586.2	85931	87586.2	85931	87586.2	
86724.1	86551.7	86724.1	86551.7	86724.1	
88034.5	85241.4	88034.5	85241.4	88034.5	
86551.7	89413.8	86551.7	89413.8	86551.7	
87241.4	88724.1	87241.4	88724.1	87241.4	
87586.2	86379.3	87586.2	86379.3	87586.2	
88379.3	89862.1	88379.3	89862.1	88379.3	
85172.4	85517.2	85172.4	85517.2	85172.4	
86551.7	87586.2	86551.7	87586.2	86551.7	
86551.7	87413.8	86551.7	87413.8	86551.7	
89000	87517.2	89000	87517.2	89000	
87758.6	86275.9	87758.6	86275.9	87758.6	
88103.4	86896.6	88103.4	86896.6	88103.4	
84275.9	86379.3	84275.9	86379.3	84275.9	
85344.8	87862.1	85344.8	87862.1	85344.8	
87758.6	87000	87758.6	87000	87758.6	
84896.6	87413.8	84896.6	87413.8	84896.6	
90103.4	88448.3	90103.4	88448.3	90103.4	
88206.9	87517.2	88206.9	87517.2	88206.9	
89586.2	85413.8	89586.2	85413.8	89586.2	
86827.6	85000	86827.6	85000	86827.6	
88448.3	86275.9	88448.3	86275.9	88448.3	
87241.4	85931	87241.4	85931	87241.4	
87344.8	89413.8	87344.8	89413.8	87344.8	
85758.6	84896.6	85758.6	84896.6	85758.6	
87862.1	87172.4	87862.1	87172.4	87862.1	
84896.6	89172.4	84896.6	89172.4	84896.6	
88103.4	87241.4	88103.4	87241.4	88103.4	
86379.3	87931	86379.3	87931	86379.3	
88206.9	85689.7	88206.9	85689.7	88206.9	
85413.8	88034.5	85413.8	88034.5	85413.8	
87758.6	84379.3	87758.6	84379.3	87758.6	
86448.3	86551.7	86448.3	86551.7	86448.3	
85586.2	88103.4	85586.2	88103.4	85586.2	
88034.5	87689.7	88034.5	87689.7	88034.5	
87344.8	85000	87344.8	85000	87344.8	
87862.1	85931	87862.1	85931	87862.1	
87517.2	88448.3	87517.2	88448.3	87517.2	
87241.4	87172.4	87241.4	87172.4	87241.4	
85172.4	85000	85172.4	85000	85172.4	
87758.6	88034.5	87758.6	88034.5	87758.6	
87344.8	86379.3	87344.8	86379.3	87344.8	
87344.8	88206.9	87344.8	88206.9	87344.8	
87758.6	89069	87758.6	89069	87758.6	
86551.7	88379.3	86551.7	88379.3	86551.7	
86655.2	88275.9	86655.2	88275.9	86655.2	
86724.1	86827.6	86724.1	86827.6	86724.1	
88275.9	87689.7	88275.9	87689.7	88275.9	
89241.4	86206.9	89241.4	86206.9	89241.4	
87758.6	85000	87758.6	85000	87758.6	
85689.7	84103.4	85689.7	84103.4	85689.7	
87689.7	87172.4	87689.7	87172.4	87689.7	
88827.6	86034.5	88827.6	86034.5	88827.6	
85413.8	86551.7	85413.8	86551.7	85413.8	
87862.1	87000	87862.1	87000	87862.1	
85241.4	86551.7	85241.4	86551.7	85241.4	
88275.9	86655.2	88275.9	86655.2	88275.9	
84551.7	89413.8	84551.7	89413.8	84551.7	
87344.8	86551.7	87344.8	86551.7	87344.8	
86655.2	88620.7	86655.2	88620.7	86655.2	
86724.1	88448.3	86724.1	88448.3	86724.1	
86896.6	85862.1	86896.6	85862.1	86896.6	
85689.7	89000	85689.7	89000	85689.7	
86034.5	87069	86034.5	87069	86034.5	
90206.9	87069	90206.9	87069	90206.9	
85413.8	87517.2	85413.8	87517.2	85413.8	
87413.8	87586.2	87413.8	87586.2	87413.8	
88896.6	87586.2	88896.6	87586.2	88896.6	
88206.9	87689.7	88206.9	87689.7	88206.9	
89241.4	86103.4	89241.4	86103.4	89241.4	
90103.4	86103.4	90103.4	86103.4	90103.4	
87172.4	86034.5	87172.4	86034.5	87172.4	
87172.4	86034.5	87172.4	86034.5	87172.4	
87172.4	86034.5	87172.4	86034.5	87172.4	
