548.387	548.387	548.387	548.387	548.387	
921065	921065	921065	921065	921065	
70483.9	69354.8	70483.9	69354.8	70483.9	
66096.8	66258.1	66096.8	66258.1	66096.8	
65774.2	69419.4	65774.2	69419.4	65774.2	
66096.8	67322.6	66096.8	67322.6	66096.8	
64709.7	66483.9	64709.7	66483.9	64709.7	
64548.4	66322.6	64548.4	66322.6	64548.4	
66645.2	65290.3	66645.2	65290.3	66645.2	
68774.2	68516.1	68774.2	68516.1	68774.2	
67967.7	66967.7	67967.7	66967.7	67967.7	
65516.1	67871	65516.1	67871	65516.1	
69000	68290.3	69000	68290.3	69000	
70548.4	68032.3	70548.4	68032.3	70548.4	
69677.4	69354.8	69677.4	69354.8	69677.4	
69580.6	71709.7	69580.6	71709.7	69580.6	
72096.8	70161.3	72096.8	70161.3	72096.8	
72193.5	70709.7	72193.5	70709.7	72193.5	
71387.1	72354.8	71387.1	72354.8	71387.1	
71548.4	73000	71548.4	73000	71548.4	
73322.6	73064.5	73322.6	73064.5	73322.6	
72580.6	75032.3	72580.6	75032.3	72580.6	
73483.9	74064.5	73483.9	74064.5	73483.9	
75516.1	71290.3	75516.1	71290.3	75516.1	
76419.4	74064.5	76419.4	74064.5	76419.4	
74871	75838.7	74871	75838.7	74871	
78516.1	76483.9	78516.1	76483.9	78516.1	
79193.5	76967.7	79193.5	76967.7	79193.5	
78516.1	80483.9	78516.1	80483.9	78516.1	
77709.7	78451.6	77709.7	78451.6	77709.7	
78193.5	77387.1	78193.5	77387.1	78193.5	
80064.5	79838.7	80064.5	79838.7	80064.5	
81064.5	78612.9	81064.5	78612.9	81064.5	
78774.2	79258.1	78774.2	79258.1	78774.2	
78354.8	81612.9	78354.8	81612.9	78354.8	
82193.5	84387.1	82193.5	84387.1	82193.5	
81290.3	83322.6	81290.3	83322.6	81290.3	
82741.9	79096.8	82741.9	79096.8	82741.9	
79032.3	82354.8	79032.3	82354.8	79032.3	
84387.1	81612.9	84387.1	81612.9	84387.1	
82032.3	81548.4	82032.3	81548.4	82032.3	
80967.7	84064.5	80967.7	84064.5	80967.7	
81064.5	84064.5	81064.5	84064.5	81064.5	
80000	81774.2	80000	81774.2	80000	
81225.8	83096.8	81225.8	83096.8	81225.8	
83258.1	81064.5	83258.1	81064.5	83258.1	
79193.5	82516.1	79193.5	82516.1	79193.5	
82741.9	81064.5	82741.9	81064.5	82741.9	
82580.6	80225.8	82580.6	80225.8	82580.6	
81064.5	83483.9	81064.5	83483.9	81064.5	
81935.5	81935.5	81935.5	81935.5	81935.5	
81709.7	79903.2	81709.7	79903.2	81709.7	
80225.8	81290.3	80225.8	81290.3	80225.8	
78354.8	81548.4	78354.8	81548.4	78354.8	
81129	83000	81129	83000	81129	
81290.3	79677.4	81290.3	79677.4	81290.3	
81774.2	81709.7	81774.2	81709.7	81774.2	
79741.9	81774.2	79741.9	81774.2	79741.9	
83419.4	80064.5	83419.4	80064.5	83419.4	
82677.4	81129	82677.4	81129	82677.4	
79677.4	80322.6	79677.4	80322.6	79677.4	
83322.6	80806.5	83322.6	80806.5	83322.6	
80322.6	83000	80322.6	83000	80322.6	
82516.1	80645.2	82516.1	80645.2	82516.1	
80000	80387.1	80000	80387.1	80000	
83096.8	80161.3	83096.8	80161.3	83096.8	
80000	80548.4	80000	80548.4	80000	
78516.1	83903.2	78516.1	83903.2	78516.1	
80387.1	80806.5	80387.1	80806.5	80387.1	
80161.3	80967.7	80161.3	80967.7	80161.3	
78935.5	83322.6	78935.5	83322.6	78935.5	
82258.1	80871	82258.1	80871	82258.1	
79419.4	80483.9	79419.4	80483.9	79419.4	
80161.3	81225.8	80161.3	81225.8	80161.3	
79419.4	81290.3	79419.4	81290.3	79419.4	
79903.2	80645.2	79903.2	80645.2	79903.2	
82903.2	82032.3	82903.2	82032.3	82903.2	
81612.9	80548.4	81612.9	80548.4	81612.9	
80709.7	79741.9	80709.7	79741.9	80709.7	
80000	80645.2	80000	80645.2	80000	
78451.6	78838.7	78451.6	78838.7	78451.6	
82580.6	79677.4	82580.6	79677.4	82580.6	
77225.8	80709.7	77225.8	80709.7	77225.8	
78677.4	79354.8	78677.4	79354.8	78677.4	
78516.1	80967.7	78516.1	80967.7	78516.1	
80967.7	82193.5	80967.7	82193.5	80967.7	
79838.7	80645.2	79838.7	80645.2	79838.7	
80387.1	79032.3	80387.1	79032.3	80387.1	
79032.3	82258.1	79032.3	82258.1	79032.3	
79096.8	81774.2	79096.8	81774.2	79096.8	
80000	79258.1	80000	79258.1	80000	
79741.9	81612.9	79741.9	81612.9	79741.9	
79516.1	81129	79516.1	81129	79516.1	
81451.6	79838.7	81451.6	79838.7	81451.6	
80322.6	81387.1	80322.6	81387.1	80322.6	
80806.5	79096.8	80806.5	79096.8	80806.5	
79838.7	80645.2	79838.7	80645.2	79838.7	
82354.8	81064.5	82354.8	81064.5	82354.8	
81064.5	81387.1	81064.5	81387.1	81064.5	
79516.1	80322.6	79516.1	80322.6	79516.1	
81709.7	80483.9	81709.7	80483.9	81709.7	
78612.9	80483.9	78612.9	80483.9	78612.9	
80483.9	79838.7	80483.9	79838.7	80483.9	
82419.4	81129	82419.4	81129	82419.4	
78451.6	80161.3	78451.6	80161.3	78451.6	
81451.6	81387.1	81451.6	81387.1	81451.6	
79096.8	79903.2	79096.8	79903.2	79096.8	
81709.7	80709.7	81709.7	80709.7	81709.7	
79096.8	79580.6	79096.8	79580.6	79096.8	
80645.2	79903.2	80645.2	79903.2	80645.2	
82193.5	82580.6	82193.5	82580.6	82193.5	
80000	79741.9	80000	79741.9	80000	
80161.3	80322.6	80161.3	80322.6	80161.3	
80806.5	81548.4	80806.5	81548.4	80806.5	
79677.4	80871	79677.4	80871	79677.4	
81709.7	81129	81709.7	81129	81709.7	
81774.2	81451.6	81774.2	81451.6	81774.2	
81548.4	82258.1	81548.4	82258.1	81548.4	
82193.5	81709.7	82193.5	81709.7	82193.5	
80483.9	80871	80483.9	80871	80483.9	
80967.7	80225.8	80967.7	80225.8	80967.7	
80548.4	81225.8	80548.4	81225.8	80548.4	
78935.5	80967.7	78935.5	80967.7	78935.5	
80064.5	80645.2	80064.5	80645.2	80064.5	
81225.8	80064.5	81225.8	80064.5	81225.8	
81612.9	79258.1	81612.9	79258.1	81612.9	
81709.7	80225.8	81709.7	80225.8	81709.7	
80871	80000	80871	80000	80871	
81612.9	82419.4	81612.9	82419.4	81612.9	
81871	80645.2	81871	80645.2	81871	
82580.6	81387.1	82580.6	81387.1	82580.6	
83096.8	81548.4	83096.8	81548.4	83096.8	
80709.7	80483.9	80709.7	80483.9	80709.7	
82096.8	81387.1	82096.8	81387.1	82096.8	
80064.5	80645.2	80064.5	80645.2	80064.5	
81129	82258.1	81129	82258.1	81129	
81548.4	79096.8	81548.4	79096.8	81548.4	
80967.7	83000	80967.7	83000	80967.7	
79258.1	79516.1	79258.1	79516.1	79258.1	
80000	82903.2	80000	82903.2	80000	
81387.1	80967.7	81387.1	80967.7	81387.1	
81871	81774.2	81871	81774.2	81871	
78677.4	81935.5	78677.4	81935.5	78677.4	
80548.4	79419.4	80548.4	79419.4	80548.4	
82096.8	80967.7	82096.8	80967.7	82096.8	
81774.2	79677.4	81774.2	79677.4	81774.2	
80871	80387.1	80871	80387.1	80871	
79677.4	78354.8	79677.4	78354.8	79677.4	
80548.4	81935.5	80548.4	81935.5	80548.4	
79903.2	81129	79903.2	81129	79903.2	
80871	78516.1	80871	78516.1	80871	
80064.5	81290.3	80064.5	81290.3	80064.5	
81612.9	81129	81612.9	81129	81612.9	
81064.5	81129	81064.5	81129	81064.5	
81709.7	81709.7	81709.7	81709.7	81709.7	
82677.4	80548.4	82677.4	80548.4	82677.4	
80967.7	80967.7	80967.7	80967.7	80967.7	
79354.8	82677.4	79354.8	82677.4	79354.8	
80483.9	81871	80483.9	81871	80483.9	
81451.6	80483.9	81451.6	80483.9	81451.6	
80483.9	81387.1	80483.9	81387.1	80483.9	
78354.8	80806.5	78354.8	80806.5	78354.8	
80161.3	81774.2	80161.3	81774.2	80161.3	
79903.2	80871	79903.2	80871	79903.2	
79903.2	81225.8	79903.2	81225.8	79903.2	
83000	79838.7	83000	79838.7	83000	
80806.5	81064.5	80806.5	81064.5	80806.5	
80064.5	81548.4	80064.5	81548.4	80064.5	
79903.2	80225.8	79903.2	80225.8	79903.2	
80387.1	80871	80387.1	80871	80387.1	
81129	81225.8	81129	81225.8	81129	
80871	79032.3	80871	79032.3	80871	
79677.4	79419.4	79677.4	79419.4	79677.4	
81064.5	80548.4	81064.5	80548.4	81064.5	
82258.1	80548.4	82258.1	80548.4	82258.1	
80387.1	81548.4	80387.1	81548.4	80387.1	
81548.4	82419.4	81548.4	82419.4	81548.4	
83741.9	81774.2	83741.9	81774.2	83741.9	
82419.4	79741.9	82419.4	79741.9	82419.4	
81774.2	82516.1	81774.2	82516.1	81774.2	
80967.7	81871	80967.7	81871	80967.7	
83322.6	83000	83322.6	83000	83322.6	
78774.2	79580.6	78774.2	79580.6	78774.2	
82677.4	81129	82677.4	81129	82677.4	
79258.1	84774.2	79258.1	84774.2	79258.1	
82419.4	83000	82419.4	83000	82419.4	
82580.6	81129	82580.6	81129	82580.6	
82903.2	79580.6	82903.2	79580.6	82903.2	
81451.6	80064.5	81451.6	80064.5	81451.6	
82032.3	81548.4	82032.3	81548.4	82032.3	
78451.6	77871	78451.6	77871	78451.6	
80322.6	81064.5	80322.6	81064.5	80322.6	
81290.3	81225.8	81290.3	81225.8	81290.3	
83161.3	82258.1	83161.3	82258.1	83161.3	
79838.7	81709.7	79838.7	81709.7	79838.7	
79354.8	80871	79354.8	80871	79354.8	
80000	80000	80000	80000	80000	
81774.2	79419.4	81774.2	79419.4	81774.2	
79096.8	81451.6	79096.8	81451.6	79096.8	
78774.2	79838.7	78774.2	79838.7	78774.2	
81935.5	80709.7	81935.5	80709.7	81935.5	
81774.2	82741.9	81774.2	82741.9	81774.2	
81064.5	79516.1	81064.5	79516.1	81064.5	
82580.6	79258.1	82580.6	79258.1	82580.6	
83580.6	80871	83580.6	80871	83580.6	
82741.9	81129	82741.9	81129	82741.9	
82032.3	81709.7	82032.3	81709.7	82032.3	
82903.2	80709.7	82903.2	80709.7	82903.2	
82741.9	82516.1	82741.9	82516.1	82741.9	
80645.2	81548.4	80645.2	81548.4	80645.2	
80871	82193.5	80871	82193.5	80871	
81451.6	83419.4	81451.6	83419.4	81451.6	
81774.2	80806.5	81774.2	80806.5	81774.2	
80709.7	81548.4	80709.7	81548.4	80709.7	
82741.9	83161.3	82741.9	83161.3	82741.9	
79419.4	83000	79419.4	83000	79419.4	
80064.5	81871	80064.5	81871	80064.5	
82516.1	80225.8	82516.1	80225.8	82516.1	
81612.9	83483.9	81612.9	83483.9	81612.9	
81225.8	80871	81225.8	80871	81225.8	
80161.3	81451.6	80161.3	81451.6	80161.3	
80483.9	82354.8	80483.9	82354.8	80483.9	
81709.7	81225.8	81709.7	81225.8	81709.7	
81290.3	78935.5	81290.3	78935.5	81290.3	
80225.8	79258.1	80225.8	79258.1	80225.8	
79903.2	81709.7	79903.2	81709.7	79903.2	
83000	81774.2	83000	81774.2	83000	
80645.2	81225.8	80645.2	81225.8	80645.2	
81129	83000	81129	83000	81129	
80871	81064.5	80871	81064.5	80871	
81548.4	80806.5	81548.4	80806.5	81548.4	
83096.8	82354.8	83096.8	82354.8	83096.8	
80967.7	83645.2	80967.7	83645.2	80967.7	
82516.1	82096.8	82516.1	82096.8	82516.1	
79096.8	79838.7	79096.8	79838.7	79096.8	
80709.7	80548.4	80709.7	80548.4	80709.7	
81225.8	82741.9	81225.8	82741.9	81225.8	
80967.7	79032.3	80967.7	79032.3	80967.7	
81548.4	82193.5	81548.4	82193.5	81548.4	
83741.9	78935.5	83741.9	78935.5	83741.9	
80483.9	82032.3	80483.9	82032.3	80483.9	
79741.9	82193.5	79741.9	82193.5	79741.9	
83419.4	82419.4	83419.4	82419.4	83419.4	
82032.3	80709.7	82032.3	80709.7	82032.3	
81709.7	80225.8	81709.7	80225.8	81709.7	
80064.5	80483.9	80064.5	80483.9	80064.5	
81451.6	81064.5	81451.6	81064.5	81451.6	
83000	83000	83000	83000	83000	
81774.2	81129	81774.2	81129	81774.2	
81290.3	80225.8	81290.3	80225.8	81290.3	
80483.9	82838.7	80483.9	82838.7	80483.9	
81387.1	81290.3	81387.1	81290.3	81387.1	
83580.6	81774.2	83580.6	81774.2	83580.6	
82838.7	81225.8	82838.7	81225.8	82838.7	
81290.3	81225.8	81290.3	81225.8	81290.3	
82193.5	83483.9	82193.5	83483.9	82193.5	
79677.4	83580.6	79677.4	83580.6	79677.4	
79193.5	80709.7	79193.5	80709.7	79193.5	
83161.3	79580.6	83161.3	79580.6	83161.3	
81774.2	81387.1	81774.2	81387.1	81774.2	
79096.8	82193.5	79096.8	82193.5	79096.8	
83096.8	81774.2	83096.8	81774.2	83096.8	
81709.7	79516.1	81709.7	79516.1	81709.7	
80709.7	82193.5	80709.7	82193.5	80709.7	
80548.4	81451.6	80548.4	81451.6	80548.4	
80967.7	81548.4	80967.7	81548.4	80967.7	
80225.8	82516.1	80225.8	82516.1	80225.8	
81290.3	81225.8	81290.3	81225.8	81290.3	
79032.3	83483.9	79032.3	83483.9	79032.3	
82193.5	82677.4	82193.5	82677.4	82193.5	
80967.7	82193.5	80967.7	82193.5	80967.7	
80064.5	79419.4	80064.5	79419.4	80064.5	
82580.6	81709.7	82580.6	81709.7	82580.6	
81612.9	80709.7	81612.9	80709.7	81612.9	
80871	80483.9	80871	80483.9	80871	
82741.9	80548.4	82741.9	80548.4	82741.9	
82741.9	81612.9	82741.9	81612.9	82741.9	
78032.3	80806.5	78032.3	80806.5	78032.3	
82580.6	80000	82580.6	80000	82580.6	
82354.8	82677.4	82354.8	82677.4	82354.8	
83161.3	83161.3	83161.3	83161.3	83161.3	
82354.8	81774.2	82354.8	81774.2	82354.8	
81290.3	81064.5	81290.3	81064.5	81290.3	
79516.1	81451.6	79516.1	81451.6	79516.1	
81935.5	80967.7	81935.5	80967.7	81935.5	
81225.8	80225.8	81225.8	80225.8	81225.8	
81129	82838.7	81129	82838.7	81129	
82096.8	80806.5	82096.8	80806.5	82096.8	
79741.9	80871	79741.9	80871	79741.9	
83580.6	81451.6	83580.6	81451.6	83580.6	
83806.5	79258.1	83806.5	79258.1	83806.5	
80548.4	81064.5	80548.4	81064.5	80548.4	
80548.4	81548.4	80548.4	81548.4	80548.4	
80806.5	83645.2	80806.5	83645.2	80806.5	
81290.3	81871	81290.3	81871	81290.3	
80225.8	82032.3	80225.8	82032.3	80225.8	
82677.4	79677.4	82677.4	79677.4	82677.4	
82677.4	81064.5	82677.4	81064.5	82677.4	
79741.9	84387.1	79741.9	84387.1	79741.9	
82258.1	80548.4	82258.1	80548.4	82258.1	
82677.4	81612.9	82677.4	81612.9	82677.4	
81290.3	83096.8	81290.3	83096.8	81290.3	
82580.6	80806.5	82580.6	80806.5	82580.6	
82741.9	79741.9	82741.9	79741.9	82741.9	
81774.2	80871	81774.2	80871	81774.2	
84064.5	82419.4	84064.5	82419.4	84064.5	
79838.7	81709.7	79838.7	81709.7	79838.7	
81612.9	82677.4	81612.9	82677.4	81612.9	
81548.4	81129	81548.4	81129	81548.4	
83000	80387.1	83000	80387.1	83000	
79419.4	81871	79419.4	81871	79419.4	
83645.2	80161.3	83645.2	80161.3	83645.2	
80806.5	81451.6	80806.5	81451.6	80806.5	
80709.7	80387.1	80709.7	80387.1	80709.7	
81935.5	83419.4	81935.5	83419.4	81935.5	
83096.8	83000	83096.8	83000	83096.8	
82903.2	85290.3	82903.2	85290.3	82903.2	
80225.8	80387.1	80225.8	80387.1	80225.8	
82580.6	81129	82580.6	81129	82580.6	
82096.8	79741.9	82096.8	79741.9	82096.8	
80064.5	80967.7	80064.5	80967.7	80064.5	
81129	82903.2	81129	82903.2	81129	
82193.5	81774.2	82193.5	81774.2	82193.5	
80483.9	83483.9	80483.9	83483.9	80483.9	
82516.1	83096.8	82516.1	83096.8	82516.1	
80322.6	79838.7	80322.6	79838.7	80322.6	
83645.2	81451.6	83645.2	81451.6	83645.2	
80709.7	81548.4	80709.7	81548.4	80709.7	
83483.9	79258.1	83483.9	79258.1	83483.9	
81064.5	82354.8	81064.5	82354.8	81064.5	
78838.7	81548.4	78838.7	81548.4	78838.7	
81935.5	83483.9	81935.5	83483.9	81935.5	
81774.2	81387.1	81774.2	81387.1	81774.2	
81709.7	80548.4	81709.7	80548.4	81709.7	
80000	81612.9	80000	81612.9	80000	
82516.1	81709.7	82516.1	81709.7	82516.1	
79516.1	81548.4	79516.1	81548.4	79516.1	
81871	83258.1	81871	83258.1	81871	
81774.2	78935.5	81774.2	78935.5	81774.2	
83258.1	82903.2	83258.1	82903.2	83258.1	
81387.1	81935.5	81387.1	81935.5	81387.1	
81064.5	81225.8	81064.5	81225.8	81064.5	
81064.5	82419.4	81064.5	82419.4	81064.5	
83645.2	81709.7	83645.2	81709.7	83645.2	
81451.6	81290.3	81451.6	81290.3	81451.6	
81290.3	82258.1	81290.3	82258.1	81290.3	
81451.6	83645.2	81451.6	83645.2	81451.6	
79677.4	80871	79677.4	80871	79677.4	
80967.7	84064.5	80967.7	84064.5	80967.7	
80709.7	81451.6	80709.7	81451.6	80709.7	
84225.8	81129	84225.8	81129	84225.8	
82516.1	80645.2	82516.1	80645.2	82516.1	
80967.7	83161.3	80967.7	83161.3	80967.7	
79354.8	82516.1	79354.8	82516.1	79354.8	
82258.1	81871	82258.1	81871	82258.1	
83580.6	82193.5	83580.6	82193.5	83580.6	
81548.4	79677.4	81548.4	79677.4	81548.4	
81774.2	84129	81774.2	84129	81774.2	
82258.1	83806.5	82258.1	83806.5	82258.1	
80645.2	81548.4	80645.2	81548.4	80645.2	
82419.4	81064.5	82419.4	81064.5	82419.4	
82032.3	82903.2	82032.3	82903.2	82032.3	
82354.8	82516.1	82354.8	82516.1	82354.8	
80645.2	81225.8	80645.2	81225.8	80645.2	
80483.9	81387.1	80483.9	81387.1	80483.9	
81548.4	82741.9	81548.4	82741.9	81548.4	
80322.6	84225.8	80322.6	84225.8	80322.6	
82419.4	80064.5	82419.4	80064.5	82419.4	
80645.2	79258.1	80645.2	79258.1	80645.2	
81064.5	81290.3	81064.5	81290.3	81064.5	
80548.4	82354.8	80548.4	82354.8	80548.4	
80000	82580.6	80000	82580.6	80000	
82193.5	80806.5	82193.5	80806.5	82193.5	
80322.6	82354.8	80322.6	82354.8	80322.6	
81451.6	84709.7	81451.6	84709.7	81451.6	
79258.1	84709.7	79258.1	84709.7	79258.1	
81290.3	83258.1	81290.3	83258.1	81290.3	
80548.4	80225.8	80548.4	80225.8	80548.4	
82580.6	81935.5	82580.6	81935.5	82580.6	
81387.1	83161.3	81387.1	83161.3	81387.1	
83161.3	82838.7	83161.3	82838.7	83161.3	
80000	80645.2	80000	80645.2	80000	
81225.8	80387.1	81225.8	80387.1	81225.8	
83096.8	84225.8	83096.8	84225.8	83096.8	
81774.2	82516.1	81774.2	82516.1	81774.2	
83322.6	81064.5	83322.6	81064.5	83322.6	
80645.2	81451.6	80645.2	81451.6	80645.2	
81387.1	82419.4	81387.1	82419.4	81387.1	
81548.4	82580.6	81548.4	82580.6	81548.4	
82838.7	82838.7	82838.7	82838.7	82838.7	
80645.2	81774.2	80645.2	81774.2	80645.2	
81451.6	84774.2	81451.6	84774.2	81451.6	
82419.4	83161.3	82419.4	83161.3	82419.4	
81871	80322.6	81871	80322.6	81871	
82032.3	82354.8	82032.3	82354.8	82032.3	
79677.4	81225.8	79677.4	81225.8	79677.4	
80709.7	83000	80709.7	83000	80709.7	
81225.8	81225.8	81225.8	81225.8	81225.8	
83483.9	84387.1	83483.9	84387.1	83483.9	
81451.6	82741.9	81451.6	82741.9	81451.6	
81290.3	81709.7	81290.3	81709.7	81290.3	
82419.4	82580.6	82419.4	82580.6	82419.4	
81871	79903.2	81871	79903.2	81871	
81548.4	83161.3	81548.4	83161.3	81548.4	
80709.7	81709.7	80709.7	81709.7	80709.7	
82741.9	83903.2	82741.9	83903.2	82741.9	
82677.4	82258.1	82677.4	82258.1	82677.4	
79096.8	81225.8	79096.8	81225.8	79096.8	
83322.6	80709.7	83322.6	80709.7	83322.6	
82258.1	80806.5	82258.1	80806.5	82258.1	
80387.1	82096.8	80387.1	82096.8	80387.1	
82258.1	80161.3	82258.1	80161.3	82258.1	
80806.5	79903.2	80806.5	79903.2	80806.5	
82419.4	82903.2	82419.4	82903.2	82419.4	
81451.6	81225.8	81451.6	81225.8	81451.6	
82580.6	81387.1	82580.6	81387.1	82580.6	
80000	81064.5	80000	81064.5	80000	
83322.6	82193.5	83322.6	82193.5	83322.6	
79741.9	80806.5	79741.9	80806.5	79741.9	
82032.3	80709.7	82032.3	80709.7	82032.3	
81935.5	82741.9	81935.5	82741.9	81935.5	
80967.7	82903.2	80967.7	82903.2	80967.7	
83580.6	81709.7	83580.6	81709.7	83580.6	
81451.6	81064.5	81451.6	81064.5	81451.6	
80483.9	79516.1	80483.9	79516.1	80483.9	
81935.5	80709.7	81935.5	80709.7	81935.5	
81935.5	82096.8	81935.5	82096.8	81935.5	
81451.6	82580.6	81451.6	82580.6	81451.6	
82354.8	82258.1	82354.8	82258.1	82354.8	
79580.6	81387.1	79580.6	81387.1	79580.6	
82258.1	83741.9	82258.1	83741.9	82258.1	
81774.2	81709.7	81774.2	81709.7	81774.2	
81225.8	82096.8	81225.8	82096.8	81225.8	
81129	81935.5	81129	81935.5	81129	
83000	80806.5	83000	80806.5	83000	
84225.8	82032.3	84225.8	82032.3	84225.8	
82032.3	80806.5	82032.3	80806.5	82032.3	
82354.8	82032.3	82354.8	82032.3	82354.8	
81064.5	80483.9	81064.5	80483.9	81064.5	
80645.2	81871	80645.2	81871	80645.2	
80483.9	80322.6	80483.9	80322.6	80483.9	
81129	81871	81129	81871	81129	
81774.2	80483.9	81774.2	80483.9	81774.2	
81774.2	82677.4	81774.2	82677.4	81774.2	
80806.5	81548.4	80806.5	81548.4	80806.5	
82032.3	81612.9	82032.3	81612.9	82032.3	
83967.7	82032.3	83967.7	82032.3	83967.7	
83161.3	81871	83161.3	81871	83161.3	
83645.2	80000	83645.2	80000	83645.2	
81871	82354.8	81871	82354.8	81871	
80806.5	81774.2	80806.5	81774.2	80806.5	
80967.7	81290.3	80967.7	81290.3	80967.7	
83967.7	83000	83967.7	83000	83967.7	
80645.2	83419.4	80645.2	83419.4	80645.2	
81225.8	81935.5	81225.8	81935.5	81225.8	
82032.3	81709.7	82032.3	81709.7	82032.3	
84871	82580.6	84871	82580.6	84871	
82258.1	81612.9	82258.1	81612.9	82258.1	
81612.9	78129	81612.9	78129	81612.9	
83483.9	81290.3	83483.9	81290.3	83483.9	
82741.9	79677.4	82741.9	79677.4	82741.9	
83096.8	80483.9	83096.8	80483.9	83096.8	
83258.1	81451.6	83258.1	81451.6	83258.1	
81612.9	81774.2	81612.9	81774.2	81612.9	
82677.4	82419.4	82677.4	82419.4	82677.4	
82838.7	83419.4	82838.7	83419.4	82838.7	
80225.8	81871	80225.8	81871	80225.8	
81935.5	81387.1	81935.5	81387.1	81935.5	
80645.2	81548.4	80645.2	81548.4	80645.2	
81129	81225.8	81129	81225.8	81129	
81225.8	80871	81225.8	80871	81225.8	
83000	81548.4	83000	81548.4	83000	
80806.5	82741.9	80806.5	82741.9	80806.5	
80483.9	79903.2	80483.9	79903.2	80483.9	
81064.5	81548.4	81064.5	81548.4	81064.5	
83000	81225.8	83000	81225.8	83000	
80645.2	79580.6	80645.2	79580.6	80645.2	
82516.1	81225.8	82516.1	81225.8	82516.1	
81225.8	84290.3	81225.8	84290.3	81225.8	
83580.6	81225.8	83580.6	81225.8	83580.6	
83096.8	82193.5	83096.8	82193.5	83096.8	
80645.2	81871	80645.2	81871	80645.2	
82677.4	80225.8	82677.4	80225.8	82677.4	
78451.6	84225.8	78451.6	84225.8	78451.6	
80322.6	80387.1	80322.6	80387.1	80322.6	
81709.7	81064.5	81709.7	81064.5	81709.7	
81612.9	81548.4	81612.9	81548.4	81612.9	
83258.1	80548.4	83258.1	80548.4	83258.1	
92354.8	92516.1	92354.8	92516.1	92354.8	
80806.5	81612.9	80806.5	81612.9	80806.5	
81290.3	83419.4	81290.3	83419.4	81290.3	
83096.8	82193.5	83096.8	82193.5	83096.8	
83903.2	82032.3	83903.2	82032.3	83903.2	
82096.8	79903.2	82096.8	79903.2	82096.8	
81225.8	82096.8	81225.8	82096.8	81225.8	
80806.5	80225.8	80806.5	80225.8	80806.5	
82516.1	82838.7	82516.1	82838.7	82516.1	
82580.6	83419.4	82580.6	83419.4	82580.6	
82032.3	81548.4	82032.3	81548.4	82032.3	
81064.5	80548.4	81064.5	80548.4	81064.5	
83000	83645.2	83000	83645.2	83000	
81225.8	79258.1	81225.8	79258.1	81225.8	
81774.2	85451.6	81774.2	85451.6	81774.2	
81290.3	81709.7	81290.3	81709.7	81290.3	
81451.6	82193.5	81451.6	82193.5	81451.6	
80645.2	82580.6	80645.2	82580.6	80645.2	
80548.4	81387.1	80548.4	81387.1	80548.4	
82516.1	83322.6	82516.1	83322.6	82516.1	
79193.5	82903.2	79193.5	82903.2	79193.5	
84451.6	80387.1	84451.6	80387.1	84451.6	
81774.2	78677.4	81774.2	78677.4	81774.2	
82032.3	83580.6	82032.3	83580.6	82032.3	
81871	82096.8	81871	82096.8	81871	
81064.5	83096.8	81064.5	83096.8	81064.5	
79741.9	80483.9	79741.9	80483.9	79741.9	
83645.2	80483.9	83645.2	80483.9	83645.2	
81129	82419.4	81129	82419.4	81129	
83000	84290.3	83000	84290.3	83000	
82741.9	82838.7	82741.9	82838.7	82741.9	
81612.9	85774.2	81612.9	85774.2	81612.9	
82258.1	81548.4	82258.1	81548.4	82258.1	
80387.1	82193.5	80387.1	82193.5	80387.1	
84387.1	82903.2	84387.1	82903.2	84387.1	
81387.1	82838.7	81387.1	82838.7	81387.1	
82580.6	79580.6	82580.6	79580.6	82580.6	
82419.4	81871	82419.4	81871	82419.4	
81129	82193.5	81129	82193.5	81129	
81064.5	83580.6	81064.5	83580.6	81064.5	
80967.7	83806.5	80967.7	83806.5	80967.7	
81774.2	83000	81774.2	83000	81774.2	
80387.1	82193.5	80387.1	82193.5	80387.1	
81548.4	82516.1	81548.4	82516.1	81548.4	
82741.9	83741.9	82741.9	83741.9	82741.9	
81290.3	85774.2	81290.3	85774.2	81290.3	
81225.8	81290.3	81225.8	81290.3	81225.8	
80645.2	80387.1	80645.2	80387.1	80645.2	
83483.9	83000	83483.9	83000	83483.9	
82677.4	82193.5	82677.4	82193.5	82677.4	
83258.1	80871	83258.1	80871	83258.1	
80225.8	82580.6	80225.8	82580.6	80225.8	
82580.6	82096.8	82580.6	82096.8	82580.6	
80709.7	81451.6	80709.7	81451.6	80709.7	
81451.6	83967.7	81451.6	83967.7	81451.6	
83903.2	82516.1	83903.2	82516.1	83903.2	
82354.8	83580.6	82354.8	83580.6	82354.8	
79516.1	79903.2	79516.1	79903.2	79516.1	
82096.8	82193.5	82096.8	82193.5	82096.8	
79903.2	80322.6	79903.2	80322.6	79903.2	
82903.2	81871	82903.2	81871	82903.2	
80161.3	83258.1	80161.3	83258.1	80161.3	
83967.7	78935.5	83967.7	78935.5	83967.7	
81871	80387.1	81871	80387.1	81871	
82193.5	81612.9	82193.5	81612.9	82193.5	
81935.5	81225.8	81935.5	81225.8	81935.5	
82516.1	84548.4	82516.1	84548.4	82516.1	
79838.7	83161.3	79838.7	83161.3	79838.7	
81548.4	80645.2	81548.4	80645.2	81548.4	
82354.8	81612.9	82354.8	81612.9	82354.8	
80645.2	82032.3	80645.2	82032.3	80645.2	
80064.5	81290.3	80064.5	81290.3	80064.5	
80225.8	82354.8	80225.8	82354.8	80225.8	
80871	82419.4	80871	82419.4	80871	
81451.6	81451.6	81451.6	81451.6	81451.6	
81451.6	83419.4	81451.6	83419.4	81451.6	
82419.4	81129	82419.4	81129	82419.4	
82193.5	81774.2	82193.5	81774.2	82193.5	
79903.2	83000	79903.2	83000	79903.2	
82193.5	83000	82193.5	83000	82193.5	
80387.1	82516.1	80387.1	82516.1	80387.1	
81387.1	83483.9	81387.1	83483.9	81387.1	
81064.5	81548.4	81064.5	81548.4	81064.5	
80548.4	82580.6	80548.4	82580.6	80548.4	
81709.7	82258.1	81709.7	82258.1	81709.7	
83580.6	82032.3	83580.6	82032.3	83580.6	
83096.8	83483.9	83096.8	83483.9	83096.8	
79516.1	83161.3	79516.1	83161.3	79516.1	
77645.2	80806.5	77645.2	80806.5	77645.2	
79838.7	82580.6	79838.7	82580.6	79838.7	
80322.6	82258.1	80322.6	82258.1	80322.6	
81709.7	81871	81709.7	81871	81709.7	
83322.6	83000	83322.6	83000	83322.6	
80709.7	81548.4	80709.7	81548.4	80709.7	
83645.2	81774.2	83645.2	81774.2	83645.2	
82903.2	82580.6	82903.2	82580.6	82903.2	
78677.4	83967.7	78677.4	83967.7	78677.4	
82419.4	82903.2	82419.4	82903.2	82419.4	
81774.2	81548.4	81774.2	81548.4	81774.2	
81129	82838.7	81129	82838.7	81129	
82419.4	82258.1	82419.4	82258.1	82419.4	
83096.8	80645.2	83096.8	80645.2	83096.8	
78129	83419.4	78129	83419.4	78129	
81387.1	80387.1	81387.1	80387.1	81387.1	
81709.7	83967.7	81709.7	83967.7	81709.7	
80064.5	85193.5	80064.5	85193.5	80064.5	
79903.2	81612.9	79903.2	81612.9	79903.2	
80806.5	82354.8	80806.5	82354.8	80806.5	
82419.4	82258.1	82419.4	82258.1	82419.4	
82258.1	80000	82258.1	80000	82258.1	
80967.7	81612.9	80967.7	81612.9	80967.7	
82838.7	82580.6	82838.7	82580.6	82838.7	
83322.6	83258.1	83322.6	83258.1	83322.6	
82354.8	83419.4	82354.8	83419.4	82354.8	
82903.2	82741.9	82903.2	82741.9	82903.2	
82096.8	81935.5	82096.8	81935.5	82096.8	
80225.8	79516.1	80225.8	79516.1	80225.8	
82096.8	81129	82096.8	81129	82096.8	
81774.2	80064.5	81774.2	80064.5	81774.2	
80967.7	81709.7	80967.7	81709.7	80967.7	
83000	80645.2	83000	80645.2	83000	
81709.7	82032.3	81709.7	82032.3	81709.7	
82193.5	81548.4	82193.5	81548.4	82193.5	
82516.1	83580.6	82516.1	83580.6	82516.1	
82580.6	81129	82580.6	81129	82580.6	
81612.9	81451.6	81612.9	81451.6	81612.9	
79354.8	81129	79354.8	81129	79354.8	
82516.1	82032.3	82516.1	82032.3	82516.1	
81064.5	81774.2	81064.5	81774.2	81064.5	
80967.7	80871	80967.7	80871	80967.7	
81935.5	81548.4	81935.5	81548.4	81935.5	
82258.1	83161.3	82258.1	83161.3	82258.1	
82677.4	79838.7	82677.4	79838.7	82677.4	
82419.4	79580.6	82419.4	79580.6	82419.4	
82096.8	80225.8	82096.8	80225.8	82096.8	
83741.9	80709.7	83741.9	80709.7	83741.9	
82903.2	80064.5	82903.2	80064.5	82903.2	
81612.9	83161.3	81612.9	83161.3	81612.9	
82032.3	81548.4	82032.3	81548.4	82032.3	
82354.8	83483.9	82354.8	83483.9	82354.8	
81871	81451.6	81871	81451.6	81871	
79354.8	81935.5	79354.8	81935.5	79354.8	
81935.5	80709.7	81935.5	80709.7	81935.5	
81612.9	80548.4	81612.9	80548.4	81612.9	
80645.2	82354.8	80645.2	82354.8	80645.2	
81709.7	78935.5	81709.7	78935.5	81709.7	
83741.9	80967.7	83741.9	80967.7	83741.9	
81935.5	80161.3	81935.5	80161.3	81935.5	
82258.1	82354.8	82258.1	82354.8	82258.1	
83258.1	80967.7	83258.1	80967.7	83258.1	
80806.5	81871	80806.5	81871	80806.5	
80548.4	80483.9	80548.4	80483.9	80548.4	
82580.6	83967.7	82580.6	83967.7	82580.6	
82419.4	81129	82419.4	81129	82419.4	
83096.8	80806.5	83096.8	80806.5	83096.8	
84612.9	81548.4	84612.9	81548.4	84612.9	
80387.1	81225.8	80387.1	81225.8	80387.1	
80967.7	82258.1	80967.7	82258.1	80967.7	
81387.1	80064.5	81387.1	80064.5	81387.1	
81709.7	84129	81709.7	84129	81709.7	
82258.1	80387.1	82258.1	80387.1	82258.1	
81129	79741.9	81129	79741.9	81129	
78354.8	82096.8	78354.8	82096.8	78354.8	
81451.6	81935.5	81451.6	81935.5	81451.6	
81774.2	80709.7	81774.2	80709.7	81774.2	
81935.5	81774.2	81935.5	81774.2	81935.5	
83806.5	84064.5	83806.5	84064.5	83806.5	
81774.2	81709.7	81774.2	81709.7	81774.2	
82677.4	80322.6	82677.4	80322.6	82677.4	
81871	81935.5	81871	81935.5	81871	
78838.7	81387.1	78838.7	81387.1	78838.7	
80709.7	85129	80709.7	85129	80709.7	
83000	83096.8	83000	83096.8	83000	
83258.1	81612.9	83258.1	81612.9	83258.1	
79903.2	81451.6	79903.2	81451.6	79903.2	
82838.7	81774.2	82838.7	81774.2	82838.7	
80806.5	83161.3	80806.5	83161.3	80806.5	
81774.2	83967.7	81774.2	83967.7	81774.2	
82580.6	83096.8	82580.6	83096.8	82580.6	
81064.5	82032.3	81064.5	82032.3	81064.5	
80225.8	82032.3	80225.8	82032.3	80225.8	
82193.5	81871	82193.5	81871	82193.5	
82516.1	81774.2	82516.1	81774.2	82516.1	
80645.2	81225.8	80645.2	81225.8	80645.2	
82096.8	81451.6	82096.8	81451.6	82096.8	
83000	83096.8	83000	83096.8	83000	
82193.5	84129	82193.5	84129	82193.5	
82193.5	82193.5	82193.5	82193.5	82193.5	
81129	82677.4	81129	82677.4	81129	
81548.4	82516.1	81548.4	82516.1	81548.4	
83419.4	82032.3	83419.4	82032.3	83419.4	
82838.7	81709.7	82838.7	81709.7	82838.7	
82193.5	82516.1	82193.5	82516.1	82193.5	
82516.1	83580.6	82516.1	83580.6	82516.1	
82354.8	82677.4	82354.8	82677.4	82354.8	
83000	84064.5	83000	84064.5	83000	
79741.9	82096.8	79741.9	82096.8	79741.9	
81709.7	82193.5	81709.7	82193.5	81709.7	
83322.6	81290.3	83322.6	81290.3	83322.6	
84387.1	81935.5	84387.1	81935.5	84387.1	
80322.6	82516.1	80322.6	82516.1	80322.6	
81935.5	80709.7	81935.5	80709.7	81935.5	
79838.7	81871	79838.7	81871	79838.7	
84548.4	82419.4	84548.4	82419.4	84548.4	
83000	83258.1	83000	83258.1	83000	
81290.3	82354.8	81290.3	82354.8	81290.3	
80806.5	82096.8	80806.5	82096.8	80806.5	
81387.1	82516.1	81387.1	82516.1	81387.1	
80967.7	83161.3	80967.7	83161.3	80967.7	
81451.6	81774.2	81451.6	81774.2	81451.6	
84548.4	81290.3	84548.4	81290.3	84548.4	
80871	83161.3	80871	83161.3	80871	
82096.8	80387.1	82096.8	80387.1	82096.8	
82419.4	82838.7	82419.4	82838.7	82419.4	
81225.8	82516.1	81225.8	82516.1	81225.8	
82419.4	81451.6	82419.4	81451.6	82419.4	
82354.8	81871	82354.8	81871	82354.8	
81387.1	81451.6	81387.1	81451.6	81387.1	
81387.1	82354.8	81387.1	82354.8	81387.1	
81871	83645.2	81871	83645.2	81871	
81548.4	83967.7	81548.4	83967.7	81548.4	
82258.1	83000	82258.1	83000	82258.1	
81451.6	83806.5	81451.6	83806.5	81451.6	
82419.4	83419.4	82419.4	83419.4	82419.4	
80225.8	83903.2	80225.8	83903.2	80225.8	
80871	82419.4	80871	82419.4	80871	
82096.8	79838.7	82096.8	79838.7	82096.8	
80064.5	81709.7	80064.5	81709.7	80064.5	
82677.4	80548.4	82677.4	80548.4	82677.4	
83806.5	82903.2	83806.5	82903.2	83806.5	
80871	80709.7	80871	80709.7	80871	
80871	81871	80871	81871	80871	
80483.9	81612.9	80483.9	81612.9	80483.9	
79677.4	82838.7	79677.4	82838.7	79677.4	
82193.5	82903.2	82193.5	82903.2	82193.5	
83000	82258.1	83000	82258.1	83000	
84129	81225.8	84129	81225.8	84129	
83806.5	80967.7	83806.5	80967.7	83806.5	
82903.2	84129	82903.2	84129	82903.2	
82032.3	83096.8	82032.3	83096.8	82032.3	
81935.5	82903.2	81935.5	82903.2	81935.5	
81064.5	83967.7	81064.5	83967.7	81064.5	
83645.2	81612.9	83645.2	81612.9	83645.2	
82096.8	81871	82096.8	81871	82096.8	
79193.5	81064.5	79193.5	81064.5	79193.5	
81451.6	82580.6	81451.6	82580.6	81451.6	
81935.5	82741.9	81935.5	82741.9	81935.5	
80806.5	81451.6	80806.5	81451.6	80806.5	
79903.2	83161.3	79903.2	83161.3	79903.2	
81387.1	84064.5	81387.1	84064.5	81387.1	
80064.5	80806.5	80064.5	80806.5	80064.5	
81774.2	80709.7	81774.2	80709.7	81774.2	
81064.5	83161.3	81064.5	83161.3	81064.5	
80709.7	82838.7	80709.7	82838.7	80709.7	
81451.6	83483.9	81451.6	83483.9	81451.6	
81935.5	81709.7	81935.5	81709.7	81935.5	
82193.5	81935.5	82193.5	81935.5	82193.5	
81290.3	81871	81290.3	81871	81290.3	
81290.3	81871	81290.3	81871	81290.3	
82516.1	82193.5	82516.1	82193.5	82516.1	
82419.4	80967.7	82419.4	80967.7	82419.4	
83000	81774.2	83000	81774.2	83000	
83580.6	79903.2	83580.6	79903.2	83580.6	
82096.8	81064.5	82096.8	81064.5	82096.8	
80225.8	82354.8	80225.8	82354.8	80225.8	
83000	83580.6	83000	83580.6	83000	
80645.2	81225.8	80645.2	81225.8	80645.2	
81935.5	83161.3	81935.5	83161.3	81935.5	
83000	82419.4	83000	82419.4	83000	
82193.5	80322.6	82193.5	80322.6	82193.5	
82741.9	82258.1	82741.9	82258.1	82741.9	
79516.1	83483.9	79516.1	83483.9	79516.1	
81612.9	81871	81612.9	81871	81612.9	
80483.9	80709.7	80483.9	80709.7	80483.9	
82193.5	81774.2	82193.5	81774.2	82193.5	
81871	83096.8	81871	83096.8	81871	
82516.1	80709.7	82516.1	80709.7	82516.1	
83419.4	80387.1	83419.4	80387.1	83419.4	
81709.7	80967.7	81709.7	80967.7	81709.7	
83322.6	80871	83322.6	80871	83322.6	
80871	81709.7	80871	81709.7	80871	
81225.8	81612.9	81225.8	81612.9	81225.8	
81387.1	81935.5	81387.1	81935.5	81387.1	
77871	82419.4	77871	82419.4	77871	
80645.2	82838.7	80645.2	82838.7	80645.2	
81225.8	82741.9	81225.8	82741.9	81225.8	
81709.7	82903.2	81709.7	82903.2	81709.7	
85032.3	81935.5	85032.3	81935.5	85032.3	
81064.5	81709.7	81064.5	81709.7	81064.5	
82903.2	80387.1	82903.2	80387.1	82903.2	
79903.2	83645.2	79903.2	83645.2	79903.2	
81935.5	80645.2	81935.5	80645.2	81935.5	
82032.3	84225.8	82032.3	84225.8	82032.3	
82903.2	81451.6	82903.2	81451.6	82903.2	
84548.4	82258.1	84548.4	82258.1	84548.4	
81225.8	82419.4	81225.8	82419.4	81225.8	
83741.9	79516.1	83741.9	79516.1	83741.9	
79354.8	83741.9	79354.8	83741.9	79354.8	
80161.3	81548.4	80161.3	81548.4	80161.3	
82741.9	82903.2	82741.9	82903.2	82741.9	
83000	81387.1	83000	81387.1	83000	
82032.3	83645.2	82032.3	83645.2	82032.3	
84387.1	81225.8	84387.1	81225.8	84387.1	
81387.1	81225.8	81387.1	81225.8	81387.1	
79903.2	79354.8	79903.2	79354.8	79903.2	
79193.5	83258.1	79193.5	83258.1	79193.5	
81612.9	82580.6	81612.9	82580.6	81612.9	
82354.8	80709.7	82354.8	80709.7	82354.8	
85193.5	80064.5	85193.5	80064.5	85193.5	
83322.6	80000	83322.6	80000	83322.6	
80064.5	81935.5	80064.5	81935.5	80064.5	
81451.6	83096.8	81451.6	83096.8	81451.6	
81129	81451.6	81129	81451.6	81129	
80161.3	82741.9	80161.3	82741.9	80161.3	
79516.1	81451.6	79516.1	81451.6	79516.1	
82903.2	84225.8	82903.2	84225.8	82903.2	
82516.1	81548.4	82516.1	81548.4	82516.1	
82354.8	80709.7	82354.8	80709.7	82354.8	
82677.4	82516.1	82677.4	82516.1	82677.4	
83806.5	80064.5	83806.5	80064.5	83806.5	
81774.2	83096.8	81774.2	83096.8	81774.2	
83483.9	79096.8	83483.9	79096.8	83483.9	
82741.9	79354.8	82741.9	79354.8	82741.9	
82580.6	82677.4	82580.6	82677.4	82580.6	
82516.1	82580.6	82516.1	82580.6	82516.1	
82516.1	83967.7	82516.1	83967.7	82516.1	
83000	80483.9	83000	80483.9	83000	
82516.1	82580.6	82516.1	82580.6	82516.1	
80483.9	84225.8	80483.9	84225.8	80483.9	
81064.5	81129	81064.5	81129	81064.5	
80387.1	83419.4	80387.1	83419.4	80387.1	
80806.5	81871	80806.5	81871	80806.5	
81871	81129	81871	81129	81871	
80709.7	80322.6	80709.7	80322.6	80709.7	
81612.9	81387.1	81612.9	81387.1	81612.9	
83580.6	82354.8	83580.6	82354.8	83580.6	
83161.3	83161.3	83161.3	83161.3	83161.3	
81064.5	81387.1	81064.5	81387.1	81064.5	
84064.5	82419.4	84064.5	82419.4	84064.5	
81935.5	80967.7	81935.5	80967.7	81935.5	
82741.9	80000	82741.9	80000	82741.9	
82838.7	81709.7	82838.7	81709.7	82838.7	
81612.9	79677.4	81612.9	79677.4	81612.9	
82032.3	82677.4	82032.3	82677.4	82032.3	
81774.2	82096.8	81774.2	82096.8	81774.2	
81064.5	81290.3	81064.5	81290.3	81064.5	
82516.1	80161.3	82516.1	80161.3	82516.1	
83741.9	80483.9	83741.9	80483.9	83741.9	
83419.4	81935.5	83419.4	81935.5	83419.4	
82516.1	84451.6	82516.1	84451.6	82516.1	
81129	84387.1	81129	84387.1	81129	
80548.4	81548.4	80548.4	81548.4	80548.4	
83645.2	80387.1	83645.2	80387.1	83645.2	
81548.4	80645.2	81548.4	80645.2	81548.4	
84290.3	81548.4	84290.3	81548.4	84290.3	
79258.1	82032.3	79258.1	82032.3	79258.1	
81064.5	81709.7	81064.5	81709.7	81064.5	
80967.7	82580.6	80967.7	82580.6	80967.7	
80709.7	82903.2	80709.7	82903.2	80709.7	
80483.9	82516.1	80483.9	82516.1	80483.9	
82677.4	80967.7	82677.4	80967.7	82677.4	
82258.1	82903.2	82258.1	82903.2	82258.1	
84871	84387.1	84871	84387.1	84871	
81451.6	82258.1	81451.6	82258.1	81451.6	
80871	81225.8	80871	81225.8	80871	
82580.6	80806.5	82580.6	80806.5	82580.6	
80483.9	82903.2	80483.9	82903.2	80483.9	
82096.8	82516.1	82096.8	82516.1	82096.8	
83645.2	82258.1	83645.2	82258.1	83645.2	
83161.3	81871	83161.3	81871	83161.3	
81935.5	82516.1	81935.5	82516.1	81935.5	
81871	81451.6	81871	81451.6	81871	
82193.5	81548.4	82193.5	81548.4	82193.5	
84709.7	82258.1	84709.7	82258.1	84709.7	
81709.7	81064.5	81709.7	81064.5	81709.7	
81451.6	81064.5	81451.6	81064.5	81451.6	
82354.8	81225.8	82354.8	81225.8	82354.8	
82677.4	79580.6	82677.4	79580.6	82677.4	
79741.9	79838.7	79741.9	79838.7	79741.9	
82741.9	82903.2	82741.9	82903.2	82741.9	
80387.1	82741.9	80387.1	82741.9	80387.1	
81612.9	82032.3	81612.9	82032.3	81612.9	
82096.8	79580.6	82096.8	79580.6	82096.8	
79838.7	81871	79838.7	81871	79838.7	
81387.1	80161.3	81387.1	80161.3	81387.1	
82903.2	81225.8	82903.2	81225.8	82903.2	
81290.3	82258.1	81290.3	82258.1	81290.3	
82193.5	81225.8	82193.5	81225.8	82193.5	
80871	82838.7	80871	82838.7	80871	
78838.7	79258.1	78838.7	79258.1	78838.7	
82419.4	79419.4	82419.4	79419.4	82419.4	
81774.2	83258.1	81774.2	83258.1	81774.2	
82354.8	81225.8	82354.8	81225.8	82354.8	
84290.3	79419.4	84290.3	79419.4	84290.3	
81225.8	79580.6	81225.8	79580.6	81225.8	
81387.1	82258.1	81387.1	82258.1	81387.1	
81709.7	83903.2	81709.7	83903.2	81709.7	
81129	83645.2	81129	83645.2	81129	
82580.6	80645.2	82580.6	80645.2	82580.6	
82838.7	83645.2	82838.7	83645.2	82838.7	
83580.6	81935.5	83580.6	81935.5	83580.6	
83258.1	78354.8	83258.1	78354.8	83258.1	
80871	82741.9	80871	82741.9	80871	
81774.2	83258.1	81774.2	83258.1	81774.2	
82838.7	80645.2	82838.7	80645.2	82838.7	
80967.7	81451.6	80967.7	81451.6	80967.7	
81129	81290.3	81129	81290.3	81129	
82677.4	82838.7	82677.4	82838.7	82677.4	
81387.1	83258.1	81387.1	83258.1	81387.1	
80387.1	82096.8	80387.1	82096.8	80387.1	
81935.5	81871	81935.5	81871	81935.5	
82354.8	81290.3	82354.8	81290.3	82354.8	
80161.3	84612.9	80161.3	84612.9	80161.3	
84064.5	83258.1	84064.5	83258.1	84064.5	
83903.2	81548.4	83903.2	81548.4	83903.2	
82580.6	81871	82580.6	81871	82580.6	
81129	81612.9	81129	81612.9	81129	
81548.4	83580.6	81548.4	83580.6	81548.4	
80871	83096.8	80871	83096.8	80871	
79516.1	83000	79516.1	83000	79516.1	
80806.5	80871	80806.5	80871	80806.5	
81709.7	82096.8	81709.7	82096.8	81709.7	
80064.5	84709.7	80064.5	84709.7	80064.5	
84129	82193.5	84129	82193.5	84129	
82838.7	80322.6	82838.7	80322.6	82838.7	
80064.5	80871	80064.5	80871	80064.5	
81290.3	80548.4	81290.3	80548.4	81290.3	
82580.6	81548.4	82580.6	81548.4	82580.6	
81871	82838.7	81871	82838.7	81871	
81064.5	82903.2	81064.5	82903.2	81064.5	
84064.5	84290.3	84064.5	84290.3	84064.5	
82903.2	83322.6	82903.2	83322.6	82903.2	
81774.2	83806.5	81774.2	83806.5	81774.2	
84451.6	82193.5	84451.6	82193.5	84451.6	
82258.1	83903.2	82258.1	83903.2	82258.1	
82032.3	83580.6	82032.3	83580.6	82032.3	
81129	82903.2	81129	82903.2	81129	
80709.7	82354.8	80709.7	82354.8	80709.7	
81871	83483.9	81871	83483.9	81871	
80322.6	83258.1	80322.6	83258.1	80322.6	
82903.2	81451.6	82903.2	81451.6	82903.2	
81225.8	81774.2	81225.8	81774.2	81225.8	
81451.6	80645.2	81451.6	80645.2	81451.6	
82677.4	83806.5	82677.4	83806.5	82677.4	
82903.2	80967.7	82903.2	80967.7	82903.2	
82096.8	82838.7	82096.8	82838.7	82096.8	
81387.1	82354.8	81387.1	82354.8	81387.1	
82193.5	82096.8	82193.5	82096.8	82193.5	
81290.3	82838.7	81290.3	82838.7	81290.3	
82258.1	81612.9	82258.1	81612.9	82258.1	
81387.1	82193.5	81387.1	82193.5	81387.1	
80806.5	81612.9	80806.5	81612.9	80806.5	
82354.8	81709.7	82354.8	81709.7	82354.8	
82580.6	79096.8	82580.6	79096.8	82580.6	
83580.6	81290.3	83580.6	81290.3	83580.6	
81451.6	80064.5	81451.6	80064.5	81451.6	
81225.8	81774.2	81225.8	81774.2	81225.8	
80645.2	83580.6	80645.2	83580.6	80645.2	
81451.6	80967.7	81451.6	80967.7	81451.6	
83096.8	82419.4	83096.8	82419.4	83096.8	
81709.7	82903.2	81709.7	82903.2	81709.7	
83322.6	82193.5	83322.6	82193.5	83322.6	
83096.8	80967.7	83096.8	80967.7	83096.8	
84129	83741.9	84129	83741.9	84129	
80709.7	80871	80709.7	80871	80709.7	
81774.2	83419.4	81774.2	83419.4	81774.2	
80322.6	81064.5	80322.6	81064.5	80322.6	
82516.1	80967.7	82516.1	80967.7	82516.1	
82516.1	82677.4	82516.1	82677.4	82516.1	
81290.3	82354.8	81290.3	82354.8	81290.3	
82354.8	82193.5	82354.8	82193.5	82354.8	
81129	83419.4	81129	83419.4	81129	
80387.1	81774.2	80387.1	81774.2	80387.1	
85290.3	82903.2	85290.3	82903.2	85290.3	
79193.5	79838.7	79193.5	79838.7	79193.5	
82419.4	81064.5	82419.4	81064.5	82419.4	
81387.1	80548.4	81387.1	80548.4	81387.1	
84548.4	81548.4	84548.4	81548.4	84548.4	
81935.5	84871	81935.5	84871	81935.5	
81548.4	82516.1	81548.4	82516.1	81548.4	
81225.8	83419.4	81225.8	83419.4	81225.8	
84064.5	83806.5	84064.5	83806.5	84064.5	
82096.8	82516.1	82096.8	82516.1	82096.8	
81290.3	82258.1	81290.3	82258.1	81290.3	
81225.8	80064.5	81225.8	80064.5	81225.8	
80709.7	84612.9	80709.7	84612.9	80709.7	
83483.9	81225.8	83483.9	81225.8	83483.9	
84129	79741.9	84129	79741.9	84129	
81290.3	80000	81290.3	80000	81290.3	
80387.1	82258.1	80387.1	82258.1	80387.1	
82419.4	82903.2	82419.4	82903.2	82419.4	
82516.1	84129	82516.1	84129	82516.1	
82677.4	83580.6	82677.4	83580.6	82677.4	
84709.7	81612.9	84709.7	81612.9	84709.7	
83096.8	82580.6	83096.8	82580.6	83096.8	
81225.8	82903.2	81225.8	82903.2	81225.8	
82516.1	82193.5	82516.1	82193.5	82516.1	
81935.5	81935.5	81935.5	81935.5	81935.5	
80871	81612.9	80871	81612.9	80871	
80709.7	83096.8	80709.7	83096.8	80709.7	
84290.3	82096.8	84290.3	82096.8	84290.3	
82354.8	81548.4	82354.8	81548.4	82354.8	
82580.6	82096.8	82580.6	82096.8	82580.6	
83322.6	82258.1	83322.6	82258.1	83322.6	
82741.9	81871	82741.9	81871	82741.9	
82258.1	82032.3	82258.1	82032.3	82258.1	
80806.5	83322.6	80806.5	83322.6	80806.5	
78354.8	83645.2	78354.8	83645.2	78354.8	
80967.7	80967.7	80967.7	80967.7	80967.7	
81225.8	81871	81225.8	81871	81225.8	
80483.9	83096.8	80483.9	83096.8	80483.9	
83322.6	83258.1	83322.6	83258.1	83322.6	
83096.8	83096.8	83096.8	83096.8	83096.8	
84871	83903.2	84871	83903.2	84871	
83161.3	81225.8	83161.3	81225.8	83161.3	
81871	84129	81871	84129	81871	
79516.1	81612.9	79516.1	81612.9	79516.1	
82354.8	81548.4	82354.8	81548.4	82354.8	
83419.4	81290.3	83419.4	81290.3	83419.4	
81387.1	79903.2	81387.1	79903.2	81387.1	
82838.7	79903.2	82838.7	79903.2	82838.7	
83645.2	81774.2	83645.2	81774.2	83645.2	
81451.6	81064.5	81451.6	81064.5	81451.6	
81064.5	85193.5	81064.5	85193.5	81064.5	
82096.8	82516.1	82096.8	82516.1	82096.8	
81548.4	80387.1	81548.4	80387.1	81548.4	
81612.9	80871	81612.9	80871	81612.9	
82516.1	79354.8	82516.1	79354.8	82516.1	
80645.2	79838.7	80645.2	79838.7	80645.2	
81064.5	81709.7	81064.5	81709.7	81064.5	
82193.5	81451.6	82193.5	81451.6	82193.5	
84387.1	81064.5	84387.1	81064.5	84387.1	
83000	81612.9	83000	81612.9	83000	
82741.9	79580.6	82741.9	79580.6	82741.9	
82741.9	83096.8	82741.9	83096.8	82741.9	
79741.9	82677.4	79741.9	82677.4	79741.9	
79419.4	80322.6	79419.4	80322.6	79419.4	
82096.8	81129	82096.8	81129	82096.8	
80064.5	81548.4	80064.5	81548.4	80064.5	
81064.5	82838.7	81064.5	82838.7	81064.5	
78838.7	85838.7	78838.7	85838.7	78838.7	
82258.1	80322.6	82258.1	80322.6	82258.1	
79741.9	83483.9	79741.9	83483.9	79741.9	
82580.6	82032.3	82580.6	82032.3	82580.6	
81935.5	79419.4	81935.5	79419.4	81935.5	
81064.5	81935.5	81064.5	81935.5	81064.5	
82903.2	81129	82903.2	81129	82903.2	
80483.9	80871	80483.9	80871	80483.9	
82419.4	83903.2	82419.4	83903.2	82419.4	
83419.4	81935.5	83419.4	81935.5	83419.4	
83258.1	82258.1	83258.1	82258.1	83258.1	
82741.9	80064.5	82741.9	80064.5	82741.9	
81225.8	82354.8	81225.8	82354.8	81225.8	
83000	81935.5	83000	81935.5	83000	
79580.6	81129	79580.6	81129	79580.6	
82096.8	80483.9	82096.8	80483.9	82096.8	
82516.1	82258.1	82516.1	82258.1	82516.1	
82193.5	83096.8	82193.5	83096.8	82193.5	
84871	81612.9	84871	81612.9	84871	
81548.4	81225.8	81548.4	81225.8	81548.4	
83483.9	81709.7	83483.9	81709.7	83483.9	
82516.1	82258.1	82516.1	82258.1	82516.1	
82516.1	81709.7	82516.1	81709.7	82516.1	
82096.8	80000	82096.8	80000	82096.8	
79580.6	83806.5	79580.6	83806.5	79580.6	
79419.4	81129	79419.4	81129	79419.4	
81871	86000	81871	86000	81871	
80871	81612.9	80871	81612.9	80871	
82193.5	84225.8	82193.5	84225.8	82193.5	
83000	80709.7	83000	80709.7	83000	
80645.2	82193.5	80645.2	82193.5	80645.2	
82354.8	83322.6	82354.8	83322.6	82354.8	
81387.1	82903.2	81387.1	82903.2	81387.1	
81548.4	82419.4	81548.4	82419.4	81548.4	
83096.8	81451.6	83096.8	81451.6	83096.8	
81451.6	82838.7	81451.6	82838.7	81451.6	
80806.5	79677.4	80806.5	79677.4	80806.5	
83741.9	82903.2	83741.9	82903.2	83741.9	
81709.7	81871	81709.7	81871	81709.7	
82193.5	82838.7	82193.5	82838.7	82193.5	
82032.3	82677.4	82032.3	82677.4	82032.3	
79903.2	81935.5	79903.2	81935.5	79903.2	
81548.4	82580.6	81548.4	82580.6	81548.4	
81290.3	79903.2	81290.3	79903.2	81290.3	
81225.8	81064.5	81225.8	81064.5	81225.8	
81129	83741.9	81129	83741.9	81129	
81871	82580.6	81871	82580.6	81871	
82032.3	80645.2	82032.3	80645.2	82032.3	
85032.3	78774.2	85032.3	78774.2	85032.3	
85129	82903.2	85129	82903.2	85129	
83645.2	85612.9	83645.2	85612.9	83645.2	
80709.7	83903.2	80709.7	83903.2	80709.7	
83258.1	81612.9	83258.1	81612.9	83258.1	
79419.4	80483.9	79419.4	80483.9	79419.4	
82193.5	81774.2	82193.5	81774.2	82193.5	
80645.2	83096.8	80645.2	83096.8	80645.2	
79677.4	82580.6	79677.4	82580.6	79677.4	
83903.2	82903.2	83903.2	82903.2	83903.2	
83096.8	81064.5	83096.8	81064.5	83096.8	
80548.4	82354.8	80548.4	82354.8	80548.4	
83580.6	82516.1	83580.6	82516.1	83580.6	
82419.4	85193.5	82419.4	85193.5	82419.4	
82903.2	81129	82903.2	81129	82903.2	
81064.5	80322.6	81064.5	80322.6	81064.5	
85451.6	79677.4	85451.6	79677.4	85451.6	
82741.9	80387.1	82741.9	80387.1	82741.9	
82193.5	82096.8	82193.5	82096.8	82193.5	
83096.8	81387.1	83096.8	81387.1	83096.8	
82903.2	78677.4	82903.2	78677.4	82903.2	
85290.3	83096.8	85290.3	83096.8	85290.3	
83161.3	83580.6	83161.3	83580.6	83161.3	
82838.7	81225.8	82838.7	81225.8	82838.7	
81871	83096.8	81871	83096.8	81871	
81290.3	82419.4	81290.3	82419.4	81290.3	
83903.2	81548.4	83903.2	81548.4	83903.2	
80225.8	80322.6	80225.8	80322.6	80225.8	
84612.9	82354.8	84612.9	82354.8	84612.9	
82516.1	79419.4	82516.1	79419.4	82516.1	
81129	81387.1	81129	81387.1	81129	
80645.2	81064.5	80645.2	81064.5	80645.2	
82032.3	81935.5	82032.3	81935.5	82032.3	
83258.1	82741.9	83258.1	82741.9	83258.1	
82838.7	80967.7	82838.7	80967.7	82838.7	
83483.9	80161.3	83483.9	80161.3	83483.9	
83903.2	82903.2	83903.2	82903.2	83903.2	
81451.6	83258.1	81451.6	83258.1	81451.6	
81774.2	82193.5	81774.2	82193.5	81774.2	
82032.3	81935.5	82032.3	81935.5	82032.3	
80709.7	79419.4	80709.7	79419.4	80709.7	
84387.1	81451.6	84387.1	81451.6	84387.1	
85290.3	82419.4	85290.3	82419.4	85290.3	
82032.3	83161.3	82032.3	83161.3	82032.3	
81774.2	82419.4	81774.2	82419.4	81774.2	
84871	79677.4	84871	79677.4	84871	
83000	81548.4	83000	81548.4	83000	
80645.2	83322.6	80645.2	83322.6	80645.2	
81290.3	83483.9	81290.3	83483.9	81290.3	
80871	82677.4	80871	82677.4	80871	
82419.4	80967.7	82419.4	80967.7	82419.4	
80967.7	81709.7	80967.7	81709.7	80967.7	
82096.8	82741.9	82096.8	82741.9	82096.8	
79516.1	80548.4	79516.1	80548.4	79516.1	
82032.3	83096.8	82032.3	83096.8	82032.3	
82677.4	82258.1	82677.4	82258.1	82677.4	
80322.6	81451.6	80322.6	81451.6	80322.6	
81064.5	83000	81064.5	83000	81064.5	
81225.8	82032.3	81225.8	82032.3	81225.8	
80483.9	79903.2	80483.9	79903.2	80483.9	
81129	81129	81129	81129	81129	
80806.5	85451.6	80806.5	85451.6	80806.5	
81935.5	82741.9	81935.5	82741.9	81935.5	
79580.6	82741.9	79580.6	82741.9	79580.6	
82838.7	79741.9	82838.7	79741.9	82838.7	
79258.1	80709.7	79258.1	80709.7	79258.1	
80871	83806.5	80871	83806.5	80871	
80483.9	82032.3	80483.9	82032.3	80483.9	
81871	82516.1	81871	82516.1	81871	
79419.4	82258.1	79419.4	82258.1	79419.4	
81225.8	81290.3	81225.8	81290.3	81225.8	
81387.1	82677.4	81387.1	82677.4	81387.1	
83322.6	82096.8	83322.6	82096.8	83322.6	
79903.2	82677.4	79903.2	82677.4	79903.2	
79838.7	85193.5	79838.7	85193.5	79838.7	
81225.8	81612.9	81225.8	81612.9	81225.8	
78838.7	80967.7	78838.7	80967.7	78838.7	
82258.1	81709.7	82258.1	81709.7	82258.1	
81387.1	81451.6	81387.1	81451.6	81387.1	
81548.4	80967.7	81548.4	80967.7	81548.4	
81064.5	79838.7	81064.5	79838.7	81064.5	
81064.5	80806.5	81064.5	80806.5	81064.5	
79032.3	83258.1	79032.3	83258.1	79032.3	
80483.9	82032.3	80483.9	82032.3	80483.9	
84612.9	82096.8	84612.9	82096.8	84612.9	
83419.4	80871	83419.4	80871	83419.4	
83419.4	83322.6	83419.4	83322.6	83419.4	
81612.9	83580.6	81612.9	83580.6	81612.9	
80871	80483.9	80871	80483.9	80871	
81129	81871	81129	81871	81129	
81548.4	83322.6	81548.4	83322.6	81548.4	
80709.7	84871	80709.7	84871	80709.7	
80483.9	83096.8	80483.9	83096.8	80483.9	
80709.7	82032.3	80709.7	82032.3	80709.7	
80548.4	81064.5	80548.4	81064.5	80548.4	
84129	83741.9	84129	83741.9	84129	
81612.9	82741.9	81612.9	82741.9	81612.9	
83000	81387.1	83000	81387.1	83000	
83096.8	83096.8	83096.8	83096.8	83096.8	
79741.9	81129	79741.9	81129	79741.9	
86258.1	81387.1	86258.1	81387.1	86258.1	
83741.9	81548.4	83741.9	81548.4	83741.9	
81129	83580.6	81129	83580.6	81129	
82838.7	82193.5	82838.7	82193.5	82838.7	
80322.6	81225.8	80322.6	81225.8	80322.6	
83258.1	80322.6	83258.1	80322.6	83258.1	
80225.8	81225.8	80225.8	81225.8	80225.8	
84290.3	82258.1	84290.3	82258.1	84290.3	
81548.4	82838.7	81548.4	82838.7	81548.4	
82741.9	79741.9	82741.9	79741.9	82741.9	
81774.2	82419.4	81774.2	82419.4	81774.2	
82838.7	81387.1	82838.7	81387.1	82838.7	
81935.5	82419.4	81935.5	82419.4	81935.5	
79741.9	82032.3	79741.9	82032.3	79741.9	
81548.4	80806.5	81548.4	80806.5	81548.4	
82032.3	81225.8	82032.3	81225.8	82032.3	
83645.2	82419.4	83645.2	82419.4	83645.2	
78838.7	82838.7	78838.7	82838.7	78838.7	
79838.7	81612.9	79838.7	81612.9	79838.7	
82032.3	83483.9	82032.3	83483.9	82032.3	
80806.5	82193.5	80806.5	82193.5	80806.5	
81774.2	80871	81774.2	80871	81774.2	
81225.8	81225.8	81225.8	81225.8	81225.8	
85774.2	80161.3	85774.2	80161.3	85774.2	
83580.6	82354.8	83580.6	82354.8	83580.6	
82032.3	81709.7	82032.3	81709.7	82032.3	
81709.7	81871	81709.7	81871	81709.7	
82354.8	79258.1	82354.8	79258.1	82354.8	
83483.9	84774.2	83483.9	84774.2	83483.9	
79838.7	80967.7	79838.7	80967.7	79838.7	
81935.5	78354.8	81935.5	78354.8	81935.5	
83419.4	81064.5	83419.4	81064.5	83419.4	
81935.5	82677.4	81935.5	82677.4	81935.5	
82838.7	82032.3	82838.7	82032.3	82838.7	
81709.7	83580.6	81709.7	83580.6	81709.7	
83258.1	80645.2	83258.1	80645.2	83258.1	
82516.1	80000	82516.1	80000	82516.1	
82419.4	85354.8	82419.4	85354.8	82419.4	
82193.5	80645.2	82193.5	80645.2	82193.5	
81129	81451.6	81129	81451.6	81129	
81290.3	82903.2	81290.3	82903.2	81290.3	
84129	82096.8	84129	82096.8	84129	
80225.8	80871	80225.8	80871	80225.8	
83161.3	81935.5	83161.3	81935.5	83161.3	
82677.4	81225.8	82677.4	81225.8	82677.4	
83096.8	82419.4	83096.8	82419.4	83096.8	
80709.7	81709.7	80709.7	81709.7	80709.7	
82032.3	82032.3	82032.3	82032.3	82032.3	
82677.4	80161.3	82677.4	80161.3	82677.4	
82741.9	82032.3	82741.9	82032.3	82741.9	
79419.4	82354.8	79419.4	82354.8	79419.4	
81612.9	83903.2	81612.9	83903.2	81612.9	
81774.2	80322.6	81774.2	80322.6	81774.2	
81129	81387.1	81129	81387.1	81129	
81064.5	80483.9	81064.5	80483.9	81064.5	
80322.6	80161.3	80322.6	80161.3	80322.6	
83258.1	82419.4	83258.1	82419.4	83258.1	
80871	80806.5	80871	80806.5	80871	
80871	81451.6	80871	81451.6	80871	
82580.6	82032.3	82580.6	82032.3	82580.6	
82903.2	84451.6	82903.2	84451.6	82903.2	
82419.4	82032.3	82419.4	82032.3	82419.4	
82677.4	81064.5	82677.4	81064.5	82677.4	
78935.5	81709.7	78935.5	81709.7	78935.5	
82741.9	82096.8	82741.9	82096.8	82741.9	
80322.6	81871	80322.6	81871	80322.6	
81709.7	81774.2	81709.7	81774.2	81709.7	
81129	81129	81129	81129	81129	
81064.5	83419.4	81064.5	83419.4	81064.5	
82193.5	82032.3	82193.5	82032.3	82193.5	
80000	80871	80000	80871	80000	
84225.8	79903.2	84225.8	79903.2	84225.8	
81871	80548.4	81871	80548.4	81871	
84064.5	79741.9	84064.5	79741.9	84064.5	
82516.1	83741.9	82516.1	83741.9	82516.1	
83258.1	81871	83258.1	81871	83258.1	
81129	79096.8	81129	79096.8	81129	
80387.1	82677.4	80387.1	82677.4	80387.1	
82354.8	82258.1	82354.8	82258.1	82354.8	
82032.3	79258.1	82032.3	79258.1	82032.3	
80322.6	82516.1	80322.6	82516.1	80322.6	
82838.7	81935.5	82838.7	81935.5	82838.7	
80645.2	83096.8	80645.2	83096.8	80645.2	
81451.6	81935.5	81451.6	81935.5	81451.6	
84387.1	82516.1	84387.1	82516.1	84387.1	
83580.6	82032.3	83580.6	82032.3	83580.6	
82193.5	80967.7	82193.5	80967.7	82193.5	
79193.5	83322.6	79193.5	83322.6	79193.5	
83322.6	82580.6	83322.6	82580.6	83322.6	
83161.3	81548.4	83161.3	81548.4	83161.3	
81129	81451.6	81129	81451.6	81129	
84290.3	80645.2	84290.3	80645.2	84290.3	
81064.5	83419.4	81064.5	83419.4	81064.5	
82096.8	80483.9	82096.8	80483.9	82096.8	
81225.8	82032.3	81225.8	82032.3	81225.8	
81064.5	83645.2	81064.5	83645.2	81064.5	
79354.8	81774.2	79354.8	81774.2	79354.8	
81612.9	83483.9	81612.9	83483.9	81612.9	
79258.1	83806.5	79258.1	83806.5	79258.1	
81387.1	79354.8	81387.1	79354.8	81387.1	
81129	80967.7	81129	80967.7	81129	
83258.1	83322.6	83258.1	83322.6	83258.1	
79838.7	81064.5	79838.7	81064.5	79838.7	
83000	81225.8	83000	81225.8	83000	
83096.8	80161.3	83096.8	80161.3	83096.8	
83645.2	82903.2	83645.2	82903.2	83645.2	
82419.4	81290.3	82419.4	81290.3	82419.4	
82193.5	81935.5	82193.5	81935.5	82193.5	
81129	80225.8	81129	80225.8	81129	
82193.5	82677.4	82193.5	82677.4	82193.5	
83419.4	82096.8	83419.4	82096.8	83419.4	
80225.8	81290.3	80225.8	81290.3	80225.8	
82193.5	80967.7	82193.5	80967.7	82193.5	
84451.6	82516.1	84451.6	82516.1	84451.6	
80387.1	81774.2	80387.1	81774.2	80387.1	
81225.8	82516.1	81225.8	82516.1	81225.8	
81064.5	81129	81064.5	81129	81064.5	
82838.7	82258.1	82838.7	82258.1	82838.7	
80387.1	82193.5	80387.1	82193.5	80387.1	
81935.5	82032.3	81935.5	82032.3	81935.5	
82354.8	81709.7	82354.8	81709.7	82354.8	
80483.9	81709.7	80483.9	81709.7	80483.9	
81064.5	85516.1	81064.5	85516.1	81064.5	
82258.1	82032.3	82258.1	82032.3	82258.1	
84548.4	81774.2	84548.4	81774.2	84548.4	
83580.6	80000	83580.6	80000	83580.6	
83322.6	81290.3	83322.6	81290.3	83322.6	
80000	81774.2	80000	81774.2	80000	
81612.9	82580.6	81612.9	82580.6	81612.9	
80483.9	84290.3	80483.9	84290.3	80483.9	
80000	81935.5	80000	81935.5	80000	
82741.9	80483.9	82741.9	80483.9	82741.9	
80483.9	83000	80483.9	83000	80483.9	
81774.2	82258.1	81774.2	82258.1	81774.2	
81548.4	82419.4	81548.4	82419.4	81548.4	
81774.2	82741.9	81774.2	82741.9	81774.2	
81709.7	80709.7	81709.7	80709.7	81709.7	
82516.1	82580.6	82516.1	82580.6	82516.1	
82677.4	81774.2	82677.4	81774.2	82677.4	
82677.4	83645.2	82677.4	83645.2	82677.4	
80064.5	81548.4	80064.5	81548.4	80064.5	
80806.5	81290.3	80806.5	81290.3	80806.5	
80387.1	81451.6	80387.1	81451.6	80387.1	
81290.3	82677.4	81290.3	82677.4	81290.3	
81451.6	81774.2	81451.6	81774.2	81451.6	
82741.9	81548.4	82741.9	81548.4	82741.9	
81387.1	80322.6	81387.1	80322.6	81387.1	
80161.3	80225.8	80161.3	80225.8	80161.3	
81451.6	81774.2	81451.6	81774.2	81451.6	
81225.8	80548.4	81225.8	80548.4	81225.8	
81871	82193.5	81871	82193.5	81871	
81612.9	81451.6	81612.9	81451.6	81612.9	
81871	81709.7	81871	81709.7	81871	
84290.3	80387.1	84290.3	80387.1	84290.3	
83161.3	80225.8	83161.3	80225.8	83161.3	
82677.4	83483.9	82677.4	83483.9	82677.4	
79516.1	84451.6	79516.1	84451.6	79516.1	
81548.4	84225.8	81548.4	84225.8	81548.4	
82580.6	81774.2	82580.6	81774.2	82580.6	
83806.5	80709.7	83806.5	80709.7	83806.5	
82580.6	82193.5	82580.6	82193.5	82580.6	
81225.8	81225.8	81225.8	81225.8	81225.8	
81064.5	81935.5	81064.5	81935.5	81064.5	
79032.3	83000	79032.3	83000	79032.3	
81225.8	83258.1	81225.8	83258.1	81225.8	
82741.9	82354.8	82741.9	82354.8	82741.9	
84129	80709.7	84129	80709.7	84129	
83258.1	81774.2	83258.1	81774.2	83258.1	
81774.2	82741.9	81774.2	82741.9	81774.2	
80548.4	83096.8	80548.4	83096.8	80548.4	
79903.2	79516.1	79903.2	79516.1	79903.2	
82677.4	82258.1	82677.4	82258.1	82677.4	
80483.9	80225.8	80483.9	80225.8	80483.9	
82032.3	80225.8	82032.3	80225.8	82032.3	
81871	80709.7	81871	80709.7	81871	
83322.6	81709.7	83322.6	81709.7	83322.6	
83258.1	84064.5	83258.1	84064.5	83258.1	
83322.6	83000	83322.6	83000	83322.6	
81612.9	79419.4	81612.9	79419.4	81612.9	
81548.4	81935.5	81548.4	81935.5	81548.4	
81774.2	82096.8	81774.2	82096.8	81774.2	
82741.9	81387.1	82741.9	81387.1	82741.9	
82903.2	82903.2	82903.2	82903.2	82903.2	
80322.6	84064.5	80322.6	84064.5	80322.6	
82032.3	80483.9	82032.3	80483.9	82032.3	
81548.4	82354.8	81548.4	82354.8	81548.4	
81225.8	80322.6	81225.8	80322.6	81225.8	
81935.5	80806.5	81935.5	80806.5	81935.5	
81612.9	81871	81612.9	81871	81612.9	
81290.3	81709.7	81290.3	81709.7	81290.3	
82516.1	81935.5	82516.1	81935.5	82516.1	
83483.9	81612.9	83483.9	81612.9	83483.9	
80322.6	82516.1	80322.6	82516.1	80322.6	
81290.3	82032.3	81290.3	82032.3	81290.3	
80161.3	80161.3	80161.3	80161.3	80161.3	
81064.5	80806.5	81064.5	80806.5	81064.5	
81709.7	83096.8	81709.7	83096.8	81709.7	
80322.6	81064.5	80322.6	81064.5	80322.6	
82419.4	81451.6	82419.4	81451.6	82419.4	
80387.1	82838.7	80387.1	82838.7	80387.1	
84387.1	81871	84387.1	81871	84387.1	
82903.2	82354.8	82903.2	82354.8	82903.2	
82258.1	83258.1	82258.1	83258.1	82258.1	
78451.6	81548.4	78451.6	81548.4	78451.6	
82258.1	81225.8	82258.1	81225.8	82258.1	
84967.7	82838.7	84967.7	82838.7	84967.7	
81612.9	82580.6	81612.9	82580.6	81612.9	
81290.3	83419.4	81290.3	83419.4	81290.3	
83580.6	81709.7	83580.6	81709.7	83580.6	
82096.8	81871	82096.8	81871	82096.8	
83903.2	82354.8	83903.2	82354.8	83903.2	
81290.3	80806.5	81290.3	80806.5	81290.3	
83580.6	81387.1	83580.6	81387.1	83580.6	
81935.5	82580.6	81935.5	82580.6	81935.5	
82516.1	81709.7	82516.1	81709.7	82516.1	
82258.1	82096.8	82258.1	82096.8	82258.1	
81451.6	84290.3	81451.6	84290.3	81451.6	
81129	79193.5	81129	79193.5	81129	
81129	81935.5	81129	81935.5	81129	
84612.9	82580.6	84612.9	82580.6	84612.9	
80645.2	81225.8	80645.2	81225.8	80645.2	
82516.1	81774.2	82516.1	81774.2	82516.1	
81064.5	82354.8	81064.5	82354.8	81064.5	
83000	80645.2	83000	80645.2	83000	
81774.2	80000	81774.2	80000	81774.2	
82580.6	80871	82580.6	80871	82580.6	
82838.7	81064.5	82838.7	81064.5	82838.7	
80806.5	80000	80806.5	80000	80806.5	
82741.9	82580.6	82741.9	82580.6	82741.9	
83161.3	79838.7	83161.3	79838.7	83161.3	
80161.3	82677.4	80161.3	82677.4	80161.3	
81387.1	80645.2	81387.1	80645.2	81387.1	
82193.5	81612.9	82193.5	81612.9	82193.5	
81871	82580.6	81871	82580.6	81871	
83322.6	82677.4	83322.6	82677.4	83322.6	
79258.1	82419.4	79258.1	82419.4	79258.1	
81612.9	83903.2	81612.9	83903.2	81612.9	
81548.4	82903.2	81548.4	82903.2	81548.4	
81064.5	83096.8	81064.5	83096.8	81064.5	
83096.8	81935.5	83096.8	81935.5	83096.8	
81387.1	81064.5	81387.1	81064.5	81387.1	
81935.5	82419.4	81935.5	82419.4	81935.5	
81709.7	81129	81709.7	81129	81709.7	
80806.5	81387.1	80806.5	81387.1	80806.5	
80225.8	81451.6	80225.8	81451.6	80225.8	
80161.3	81612.9	80161.3	81612.9	80161.3	
81129	84612.9	81129	84612.9	81129	
79193.5	82354.8	79193.5	82354.8	79193.5	
81709.7	83419.4	81709.7	83419.4	81709.7	
82193.5	81548.4	82193.5	81548.4	82193.5	
82677.4	84548.4	82677.4	84548.4	82677.4	
82516.1	80322.6	82516.1	80322.6	82516.1	
80871	82419.4	80871	82419.4	80871	
83258.1	81548.4	83258.1	81548.4	83258.1	
80871	82354.8	80871	82354.8	80871	
80806.5	81129	80806.5	81129	80806.5	
82516.1	82419.4	82516.1	82419.4	82516.1	
83161.3	79096.8	83161.3	79096.8	83161.3	
79354.8	82193.5	79354.8	82193.5	79354.8	
85612.9	82096.8	85612.9	82096.8	85612.9	
82032.3	79903.2	82032.3	79903.2	82032.3	
81064.5	82516.1	81064.5	82516.1	81064.5	
82354.8	80806.5	82354.8	80806.5	82354.8	
82096.8	82516.1	82096.8	82516.1	82096.8	
81612.9	83322.6	81612.9	83322.6	81612.9	
81612.9	81871	81612.9	81871	81612.9	
82903.2	81225.8	82903.2	81225.8	82903.2	
80645.2	81064.5	80645.2	81064.5	80645.2	
81871	82193.5	81871	82193.5	81871	
82096.8	81612.9	82096.8	81612.9	82096.8	
80645.2	82354.8	80645.2	82354.8	80645.2	
82096.8	80709.7	82096.8	80709.7	82096.8	
80000	83419.4	80000	83419.4	80000	
80064.5	82677.4	80064.5	82677.4	80064.5	
83806.5	82741.9	83806.5	82741.9	83806.5	
82741.9	82258.1	82741.9	82258.1	82741.9	
81225.8	80806.5	81225.8	80806.5	81225.8	
84387.1	80548.4	84387.1	80548.4	84387.1	
81935.5	83096.8	81935.5	83096.8	81935.5	
82193.5	80871	82193.5	80871	82193.5	
82032.3	78516.1	82032.3	78516.1	82032.3	
85290.3	81548.4	85290.3	81548.4	85290.3	
79741.9	82354.8	79741.9	82354.8	79741.9	
80161.3	82516.1	80161.3	82516.1	80161.3	
82516.1	81225.8	82516.1	81225.8	82516.1	
82258.1	81871	82258.1	81871	82258.1	
83096.8	79741.9	83096.8	79741.9	83096.8	
83741.9	81774.2	83741.9	81774.2	83741.9	
80064.5	82838.7	80064.5	82838.7	80064.5	
80548.4	83806.5	80548.4	83806.5	80548.4	
80322.6	81871	80322.6	81871	80322.6	
81387.1	82258.1	81387.1	82258.1	81387.1	
80548.4	78935.5	80548.4	78935.5	80548.4	
80483.9	83322.6	80483.9	83322.6	80483.9	
81709.7	83322.6	81709.7	83322.6	81709.7	
81774.2	80225.8	81774.2	80225.8	81774.2	
80483.9	80322.6	80483.9	80322.6	80483.9	
79096.8	83322.6	79096.8	83322.6	79096.8	
80064.5	82903.2	80064.5	82903.2	80064.5	
82419.4	82741.9	82419.4	82741.9	82419.4	
82354.8	83967.7	82354.8	83967.7	82354.8	
82838.7	82741.9	82838.7	82741.9	82838.7	
82258.1	83741.9	82258.1	83741.9	82258.1	
83096.8	86000	83096.8	86000	83096.8	
80064.5	83000	80064.5	83000	80064.5	
80000	81774.2	80000	81774.2	80000	
82677.4	82838.7	82677.4	82838.7	82677.4	
84387.1	81387.1	84387.1	81387.1	84387.1	
81548.4	83000	81548.4	83000	81548.4	
80483.9	80806.5	80483.9	80806.5	80483.9	
80483.9	82193.5	80483.9	82193.5	80483.9	
81129	82354.8	81129	82354.8	81129	
83322.6	84709.7	83322.6	84709.7	83322.6	
81871	81290.3	81871	81290.3	81871	
82193.5	80871	82193.5	80871	82193.5	
80387.1	84967.7	80387.1	84967.7	80387.1	
84774.2	81451.6	84774.2	81451.6	84774.2	
83419.4	79903.2	83419.4	79903.2	83419.4	
78935.5	82096.8	78935.5	82096.8	78935.5	
82193.5	81548.4	82193.5	81548.4	82193.5	
79677.4	83258.1	79677.4	83258.1	79677.4	
83161.3	82354.8	83161.3	82354.8	83161.3	
81548.4	81225.8	81548.4	81225.8	81548.4	
83000	81064.5	83000	81064.5	83000	
81064.5	82193.5	81064.5	82193.5	81064.5	
80967.7	81612.9	80967.7	81612.9	80967.7	
85290.3	83258.1	85290.3	83258.1	85290.3	
81548.4	81871	81548.4	81871	81548.4	
80645.2	82096.8	80645.2	82096.8	80645.2	
80645.2	82193.5	80645.2	82193.5	80645.2	
83258.1	82258.1	83258.1	82258.1	83258.1	
80322.6	81451.6	80322.6	81451.6	80322.6	
81548.4	80064.5	81548.4	80064.5	81548.4	
81129	81548.4	81129	81548.4	81129	
80967.7	78935.5	80967.7	78935.5	80967.7	
83096.8	80645.2	83096.8	80645.2	83096.8	
79193.5	80387.1	79193.5	80387.1	79193.5	
82193.5	82258.1	82193.5	82258.1	82193.5	
82838.7	81064.5	82838.7	81064.5	82838.7	
83419.4	83161.3	83419.4	83161.3	83419.4	
81064.5	81612.9	81064.5	81612.9	81064.5	
82193.5	82096.8	82193.5	82096.8	82193.5	
82032.3	80000	82032.3	80000	82032.3	
82193.5	83580.6	82193.5	83580.6	82193.5	
82838.7	82516.1	82838.7	82516.1	82838.7	
82096.8	83419.4	82096.8	83419.4	82096.8	
81387.1	82032.3	81387.1	82032.3	81387.1	
79677.4	81935.5	79677.4	81935.5	79677.4	
80548.4	79516.1	80548.4	79516.1	80548.4	
82032.3	80225.8	82032.3	80225.8	82032.3	
81548.4	82677.4	81548.4	82677.4	81548.4	
80806.5	82903.2	80806.5	82903.2	80806.5	
79677.4	82258.1	79677.4	82258.1	79677.4	
80871	80871	80871	80871	80871	
82258.1	83322.6	82258.1	83322.6	82258.1	
82677.4	81290.3	82677.4	81290.3	82677.4	
80871	83096.8	80871	83096.8	80871	
82096.8	80161.3	82096.8	80161.3	82096.8	
80225.8	81387.1	80225.8	81387.1	80225.8	
82258.1	81290.3	82258.1	81290.3	82258.1	
81774.2	83741.9	81774.2	83741.9	81774.2	
80548.4	83322.6	80548.4	83322.6	80548.4	
81709.7	79903.2	81709.7	79903.2	81709.7	
81225.8	83258.1	81225.8	83258.1	81225.8	
81612.9	82580.6	81612.9	82580.6	81612.9	
83000	84451.6	83000	84451.6	83000	
81548.4	80483.9	81548.4	80483.9	81548.4	
81612.9	79741.9	81612.9	79741.9	81612.9	
81709.7	84064.5	81709.7	84064.5	81709.7	
82580.6	81935.5	82580.6	81935.5	82580.6	
81451.6	81225.8	81451.6	81225.8	81451.6	
81871	82032.3	81871	82032.3	81871	
82258.1	82741.9	82258.1	82741.9	82258.1	
80806.5	82677.4	80806.5	82677.4	80806.5	
83419.4	80967.7	83419.4	80967.7	83419.4	
78612.9	81064.5	78612.9	81064.5	78612.9	
81387.1	82741.9	81387.1	82741.9	81387.1	
83741.9	81871	83741.9	81871	83741.9	
83806.5	79838.7	83806.5	79838.7	83806.5	
82354.8	83258.1	82354.8	83258.1	82354.8	
81387.1	82419.4	81387.1	82419.4	81387.1	
81612.9	83000	81612.9	83000	81612.9	
82838.7	82193.5	82838.7	82193.5	82838.7	
81548.4	80548.4	81548.4	80548.4	81548.4	
82096.8	81935.5	82096.8	81935.5	82096.8	
82419.4	81709.7	82419.4	81709.7	82419.4	
81935.5	82096.8	81935.5	82096.8	81935.5	
83806.5	84451.6	83806.5	84451.6	83806.5	
82516.1	82032.3	82516.1	82032.3	82516.1	
80871	82419.4	80871	82419.4	80871	
80871	83096.8	80871	83096.8	80871	
82580.6	83322.6	82580.6	83322.6	82580.6	
80387.1	82677.4	80387.1	82677.4	80387.1	
82677.4	79677.4	82677.4	79677.4	82677.4	
82838.7	80387.1	82838.7	80387.1	82838.7	
81871	80387.1	81871	80387.1	81871	
83096.8	81451.6	83096.8	81451.6	83096.8	
82258.1	82258.1	82258.1	82258.1	82258.1	
82903.2	84225.8	82903.2	84225.8	82903.2	
84451.6	83258.1	84451.6	83258.1	84451.6	
81225.8	82258.1	81225.8	82258.1	81225.8	
82193.5	80709.7	82193.5	80709.7	82193.5	
82258.1	84387.1	82258.1	84387.1	82258.1	
81612.9	82580.6	81612.9	82580.6	81612.9	
80064.5	82258.1	80064.5	82258.1	80064.5	
81387.1	83741.9	81387.1	83741.9	81387.1	
83000	81129	83000	81129	83000	
81774.2	83000	81774.2	83000	81774.2	
81935.5	81774.2	81935.5	81774.2	81935.5	
83741.9	80645.2	83741.9	80645.2	83741.9	
82096.8	82838.7	82096.8	82838.7	82096.8	
83258.1	81871	83258.1	81871	83258.1	
81548.4	81129	81548.4	81129	81548.4	
80322.6	81548.4	80322.6	81548.4	80322.6	
80064.5	83258.1	80064.5	83258.1	80064.5	
79741.9	82354.8	79741.9	82354.8	79741.9	
82580.6	83483.9	82580.6	83483.9	82580.6	
82677.4	84451.6	82677.4	84451.6	82677.4	
82580.6	80709.7	82580.6	80709.7	82580.6	
81290.3	81129	81290.3	81129	81290.3	
80645.2	80161.3	80645.2	80161.3	80645.2	
81129	80709.7	81129	80709.7	81129	
82580.6	81871	82580.6	81871	82580.6	
83580.6	81129	83580.6	81129	83580.6	
80967.7	83645.2	80967.7	83645.2	80967.7	
80967.7	84774.2	80967.7	84774.2	80967.7	
83000	82096.8	83000	82096.8	83000	
83096.8	83806.5	83096.8	83806.5	83096.8	
80483.9	81709.7	80483.9	81709.7	80483.9	
80645.2	81774.2	80645.2	81774.2	80645.2	
81129	81225.8	81129	81225.8	81129	
81612.9	81709.7	81612.9	81709.7	81612.9	
80871	80387.1	80871	80387.1	80871	
82193.5	79516.1	82193.5	79516.1	82193.5	
81129	83000	81129	83000	81129	
82677.4	82193.5	82677.4	82193.5	82677.4	
81451.6	81935.5	81451.6	81935.5	81451.6	
85612.9	82258.1	85612.9	82258.1	85612.9	
80871	79580.6	80871	79580.6	80871	
82516.1	81290.3	82516.1	81290.3	82516.1	
82096.8	83483.9	82096.8	83483.9	82096.8	
80225.8	83419.4	80225.8	83419.4	80225.8	
80806.5	80483.9	80806.5	80483.9	80806.5	
80709.7	81871	80709.7	81871	80709.7	
81225.8	81451.6	81225.8	81451.6	81225.8	
81871	81548.4	81871	81548.4	81871	
81064.5	82838.7	81064.5	82838.7	81064.5	
80225.8	81225.8	80225.8	81225.8	80225.8	
83096.8	80871	83096.8	80871	83096.8	
81709.7	81387.1	81709.7	81387.1	81709.7	
82354.8	81709.7	82354.8	81709.7	82354.8	
83096.8	83161.3	83096.8	83161.3	83096.8	
81225.8	83806.5	81225.8	83806.5	81225.8	
82354.8	80871	82354.8	80871	82354.8	
84871	81612.9	84871	81612.9	84871	
81774.2	81451.6	81774.2	81451.6	81774.2	
81709.7	83161.3	81709.7	83161.3	81709.7	
83322.6	84612.9	83322.6	84612.9	83322.6	
80161.3	83645.2	80161.3	83645.2	80161.3	
82258.1	82419.4	82258.1	82419.4	82258.1	
81064.5	79580.6	81064.5	79580.6	81064.5	
81129	81225.8	81129	81225.8	81129	
82258.1	82903.2	82258.1	82903.2	82258.1	
81225.8	83096.8	81225.8	83096.8	81225.8	
84387.1	80709.7	84387.1	80709.7	84387.1	
83258.1	80225.8	83258.1	80225.8	83258.1	
82516.1	81871	82516.1	81871	82516.1	
82741.9	83096.8	82741.9	83096.8	82741.9	
79258.1	82516.1	79258.1	82516.1	79258.1	
82838.7	82096.8	82838.7	82096.8	82838.7	
81129	81548.4	81129	81548.4	81129	
80548.4	83645.2	80548.4	83645.2	80548.4	
81709.7	81709.7	81709.7	81709.7	81709.7	
85129	79258.1	85129	79258.1	85129	
83322.6	82677.4	83322.6	82677.4	83322.6	
80871	83000	80871	83000	80871	
83322.6	80645.2	83322.6	80645.2	83322.6	
83741.9	79838.7	83741.9	79838.7	83741.9	
81871	81871	81871	81871	81871	
82096.8	81129	82096.8	81129	82096.8	
84129	81935.5	84129	81935.5	84129	
79838.7	81129	79838.7	81129	79838.7	
80871	80387.1	80871	80387.1	80871	
82193.5	83000	82193.5	83000	82193.5	
81225.8	82677.4	81225.8	82677.4	81225.8	
83322.6	81774.2	83322.6	81774.2	83322.6	
82516.1	80064.5	82516.1	80064.5	82516.1	
82193.5	81935.5	82193.5	81935.5	82193.5	
80548.4	81774.2	80548.4	81774.2	80548.4	
85129	81935.5	85129	81935.5	85129	
81290.3	83161.3	81290.3	83161.3	81290.3	
82516.1	82419.4	82516.1	82419.4	82516.1	
81871	82419.4	81871	82419.4	81871	
81871	83000	81871	83000	81871	
80387.1	80645.2	80387.1	80645.2	80387.1	
80483.9	81871	80483.9	81871	80483.9	
81387.1	79258.1	81387.1	79258.1	81387.1	
85612.9	83483.9	85612.9	83483.9	85612.9	
81709.7	82258.1	81709.7	82258.1	81709.7	
81612.9	81612.9	81612.9	81612.9	81612.9	
81225.8	81387.1	81225.8	81387.1	81225.8	
81290.3	82354.8	81290.3	82354.8	81290.3	
82096.8	82677.4	82096.8	82677.4	82096.8	
81129	81774.2	81129	81774.2	81129	
81129	83580.6	81129	83580.6	81129	
83161.3	82096.8	83161.3	82096.8	83161.3	
80806.5	81290.3	80806.5	81290.3	80806.5	
83000	82580.6	83000	82580.6	83000	
82193.5	79903.2	82193.5	79903.2	82193.5	
81225.8	79838.7	81225.8	79838.7	81225.8	
80387.1	82516.1	80387.1	82516.1	80387.1	
79903.2	83096.8	79903.2	83096.8	79903.2	
81612.9	81290.3	81612.9	81290.3	81612.9	
81871	80225.8	81871	80225.8	81871	
81225.8	81709.7	81225.8	81709.7	81225.8	
82258.1	80387.1	82258.1	80387.1	82258.1	
83967.7	79419.4	83967.7	79419.4	83967.7	
83741.9	82096.8	83741.9	82096.8	83741.9	
81709.7	81387.1	81709.7	81387.1	81709.7	
81871	81935.5	81871	81935.5	81871	
81290.3	81935.5	81290.3	81935.5	81290.3	
82096.8	83903.2	82096.8	83903.2	82096.8	
82354.8	82354.8	82354.8	82354.8	82354.8	
82741.9	83741.9	82741.9	83741.9	82741.9	
80387.1	79516.1	80387.1	79516.1	80387.1	
81451.6	81935.5	81451.6	81935.5	81451.6	
80709.7	81451.6	80709.7	81451.6	80709.7	
79838.7	81935.5	79838.7	81935.5	79838.7	
82516.1	82032.3	82516.1	82032.3	82516.1	
82580.6	81548.4	82580.6	81548.4	82580.6	
79580.6	80806.5	79580.6	80806.5	79580.6	
81129	82677.4	81129	82677.4	81129	
80871	81612.9	80871	81612.9	80871	
82193.5	81129	82193.5	81129	82193.5	
83580.6	80064.5	83580.6	80064.5	83580.6	
81064.5	81548.4	81064.5	81548.4	81064.5	
80548.4	80322.6	80548.4	80322.6	80548.4	
82838.7	80483.9	82838.7	80483.9	82838.7	
81064.5	82354.8	81064.5	82354.8	81064.5	
80483.9	82903.2	80483.9	82903.2	80483.9	
83096.8	81548.4	83096.8	81548.4	83096.8	
81064.5	83741.9	81064.5	83741.9	81064.5	
80709.7	81709.7	80709.7	81709.7	80709.7	
81290.3	81129	81290.3	81129	81290.3	
83000	82741.9	83000	82741.9	83000	
81064.5	79741.9	81064.5	79741.9	81064.5	
81935.5	82354.8	81935.5	82354.8	81935.5	
80645.2	80806.5	80645.2	80806.5	80645.2	
81612.9	81871	81612.9	81871	81612.9	
81290.3	82677.4	81290.3	82677.4	81290.3	
80483.9	80483.9	80483.9	80483.9	80483.9	
83096.8	81451.6	83096.8	81451.6	83096.8	
83096.8	83967.7	83096.8	83967.7	83096.8	
82741.9	82516.1	82741.9	82516.1	82741.9	
81612.9	82580.6	81612.9	82580.6	81612.9	
83483.9	79580.6	83483.9	79580.6	83483.9	
82032.3	82516.1	82032.3	82516.1	82032.3	
82354.8	81290.3	82354.8	81290.3	82354.8	
83161.3	80709.7	83161.3	80709.7	83161.3	
82903.2	82258.1	82903.2	82258.1	82903.2	
81225.8	82032.3	81225.8	82032.3	81225.8	
82419.4	84774.2	82419.4	84774.2	82419.4	
79193.5	81451.6	79193.5	81451.6	79193.5	
84129	79677.4	84129	79677.4	84129	
81612.9	82096.8	81612.9	82096.8	81612.9	
81387.1	81129	81387.1	81129	81387.1	
81871	82516.1	81871	82516.1	81871	
82516.1	82193.5	82516.1	82193.5	82516.1	
81871	81612.9	81871	81612.9	81871	
81451.6	84451.6	81451.6	84451.6	81451.6	
81451.6	81387.1	81451.6	81387.1	81451.6	
81548.4	84129	81548.4	84129	81548.4	
81064.5	82193.5	81064.5	82193.5	81064.5	
81709.7	81451.6	81709.7	81451.6	81709.7	
79741.9	79903.2	79741.9	79903.2	79741.9	
81871	81451.6	81871	81451.6	81871	
82354.8	81387.1	82354.8	81387.1	82354.8	
85354.8	81064.5	85354.8	81064.5	85354.8	
80000	80871	80000	80871	80000	
78838.7	82193.5	78838.7	82193.5	78838.7	
78612.9	80709.7	78612.9	80709.7	78612.9	
78838.7	81290.3	78838.7	81290.3	78838.7	
81387.1	83096.8	81387.1	83096.8	81387.1	
80483.9	82032.3	80483.9	82032.3	80483.9	
89193.5	88193.5	89193.5	88193.5	89193.5	
81225.8	80483.9	81225.8	80483.9	81225.8	
82677.4	82741.9	82677.4	82741.9	82677.4	
80000	81548.4	80000	81548.4	80000	
80871	81612.9	80871	81612.9	80871	
80967.7	82096.8	80967.7	82096.8	80967.7	
81387.1	83000	81387.1	83000	81387.1	
81129	83483.9	81129	83483.9	81129	
79193.5	82677.4	79193.5	82677.4	79193.5	
78935.5	81612.9	78935.5	81612.9	78935.5	
80645.2	83806.5	80645.2	83806.5	80645.2	
82258.1	81935.5	82258.1	81935.5	82258.1	
80709.7	83161.3	80709.7	83161.3	80709.7	
81709.7	81774.2	81709.7	81774.2	81709.7	
80225.8	82903.2	80225.8	82903.2	80225.8	
80967.7	81064.5	80967.7	81064.5	80967.7	
80000	80483.9	80000	80483.9	80000	
80000	83967.7	80000	83967.7	80000	
81129	79903.2	81129	79903.2	81129	
80387.1	80000	80387.1	80000	80387.1	
80967.7	83096.8	80967.7	83096.8	80967.7	
81774.2	83161.3	81774.2	83161.3	81774.2	
80645.2	80806.5	80645.2	80806.5	80645.2	
81387.1	80871	81387.1	80871	81387.1	
80645.2	80000	80645.2	80000	80645.2	
81774.2	81709.7	81774.2	81709.7	81774.2	
80225.8	81709.7	80225.8	81709.7	80225.8	
81129	81225.8	81129	81225.8	81129	
82096.8	83000	82096.8	83000	82096.8	
83741.9	81612.9	83741.9	81612.9	83741.9	
80709.7	82903.2	80709.7	82903.2	80709.7	
83645.2	82419.4	83645.2	82419.4	83645.2	
84967.7	81871	84967.7	81871	84967.7	
81709.7	82096.8	81709.7	82096.8	81709.7	
82354.8	82903.2	82354.8	82903.2	82354.8	
80161.3	83741.9	80161.3	83741.9	80161.3	
80645.2	82193.5	80645.2	82193.5	80645.2	
83419.4	82032.3	83419.4	82032.3	83419.4	
81451.6	80871	81451.6	80871	81451.6	
82258.1	82419.4	82258.1	82419.4	82258.1	
81387.1	81709.7	81387.1	81709.7	81387.1	
83741.9	82032.3	83741.9	82032.3	83741.9	
79258.1	78032.3	79258.1	78032.3	79258.1	
81548.4	83161.3	81548.4	83161.3	81548.4	
81451.6	82677.4	81451.6	82677.4	81451.6	
82096.8	80483.9	82096.8	80483.9	82096.8	
80709.7	81935.5	80709.7	81935.5	80709.7	
83000	82903.2	83000	82903.2	83000	
83645.2	81064.5	83645.2	81064.5	83645.2	
81064.5	81290.3	81064.5	81290.3	81064.5	
82516.1	81871	82516.1	81871	82516.1	
83741.9	82419.4	83741.9	82419.4	83741.9	
83258.1	82258.1	83258.1	82258.1	83258.1	
80322.6	79354.8	80322.6	79354.8	80322.6	
80967.7	81612.9	80967.7	81612.9	80967.7	
79258.1	83000	79258.1	83000	79258.1	
84129	79096.8	84129	79096.8	84129	
81935.5	79838.7	81935.5	79838.7	81935.5	
81129	82741.9	81129	82741.9	81129	
81290.3	82419.4	81290.3	82419.4	81290.3	
81871	82419.4	81871	82419.4	81871	
82838.7	81129	82838.7	81129	82838.7	
83258.1	79903.2	83258.1	79903.2	83258.1	
82516.1	83322.6	82516.1	83322.6	82516.1	
79677.4	81387.1	79677.4	81387.1	79677.4	
79741.9	83000	79741.9	83000	79741.9	
79580.6	80871	79580.6	80871	79580.6	
82741.9	82032.3	82741.9	82032.3	82741.9	
82032.3	81612.9	82032.3	81612.9	82032.3	
81290.3	83096.8	81290.3	83096.8	81290.3	
78677.4	84871	78677.4	84871	78677.4	
81548.4	82516.1	81548.4	82516.1	81548.4	
80387.1	82258.1	80387.1	82258.1	80387.1	
83903.2	79677.4	83903.2	79677.4	83903.2	
81451.6	81871	81451.6	81871	81451.6	
82903.2	81612.9	82903.2	81612.9	82903.2	
81709.7	82354.8	81709.7	82354.8	81709.7	
81612.9	81129	81612.9	81129	81612.9	
82903.2	82741.9	82903.2	82741.9	82903.2	
81225.8	83000	81225.8	83000	81225.8	
82419.4	82258.1	82419.4	82258.1	82419.4	
80967.7	81612.9	80967.7	81612.9	80967.7	
80967.7	81225.8	80967.7	81225.8	80967.7	
84064.5	81225.8	84064.5	81225.8	84064.5	
83161.3	80483.9	83161.3	80483.9	83161.3	
82193.5	83258.1	82193.5	83258.1	82193.5	
82258.1	80322.6	82258.1	80322.6	82258.1	
80806.5	79419.4	80806.5	79419.4	80806.5	
80225.8	81709.7	80225.8	81709.7	80225.8	
81064.5	83806.5	81064.5	83806.5	81064.5	
81871	83096.8	81871	83096.8	81871	
82258.1	80483.9	82258.1	80483.9	82258.1	
82354.8	81774.2	82354.8	81774.2	82354.8	
83645.2	81935.5	83645.2	81935.5	83645.2	
78193.5	82354.8	78193.5	82354.8	78193.5	
81225.8	82193.5	81225.8	82193.5	81225.8	
81451.6	82516.1	81451.6	82516.1	81451.6	
81774.2	84129	81774.2	84129	81774.2	
83096.8	81129	83096.8	81129	83096.8	
81709.7	82096.8	81709.7	82096.8	81709.7	
82516.1	81387.1	82516.1	81387.1	82516.1	
80709.7	83806.5	80709.7	83806.5	80709.7	
82677.4	79419.4	82677.4	79419.4	82677.4	
81548.4	79741.9	81548.4	79741.9	81548.4	
82580.6	83000	82580.6	83000	82580.6	
81548.4	82258.1	81548.4	82258.1	81548.4	
81290.3	82354.8	81290.3	82354.8	81290.3	
83903.2	82580.6	83903.2	82580.6	83903.2	
80709.7	80645.2	80709.7	80645.2	80709.7	
80483.9	81612.9	80483.9	81612.9	80483.9	
81548.4	81451.6	81548.4	81451.6	81548.4	
82741.9	79677.4	82741.9	79677.4	82741.9	
81774.2	80967.7	81774.2	80967.7	81774.2	
82258.1	81935.5	82258.1	81935.5	82258.1	
81871	78838.7	81871	78838.7	81871	
80387.1	86258.1	80387.1	86258.1	80387.1	
81387.1	80967.7	81387.1	80967.7	81387.1	
83322.6	79838.7	83322.6	79838.7	83322.6	
80967.7	81612.9	80967.7	81612.9	80967.7	
81225.8	80387.1	81225.8	80387.1	81225.8	
80483.9	81451.6	80483.9	81451.6	80483.9	
81290.3	85032.3	81290.3	85032.3	81290.3	
82096.8	80709.7	82096.8	80709.7	82096.8	
82258.1	83096.8	82258.1	83096.8	82258.1	
82516.1	84225.8	82516.1	84225.8	82516.1	
80548.4	82193.5	80548.4	82193.5	80548.4	
81774.2	83322.6	81774.2	83322.6	81774.2	
81387.1	82096.8	81387.1	82096.8	81387.1	
81935.5	81871	81935.5	81871	81935.5	
80871	78838.7	80871	78838.7	80871	
82032.3	81225.8	82032.3	81225.8	82032.3	
82032.3	81774.2	82032.3	81774.2	82032.3	
82580.6	83000	82580.6	83000	82580.6	
82258.1	78612.9	82258.1	78612.9	82258.1	
80548.4	83161.3	80548.4	83161.3	80548.4	
82903.2	82677.4	82903.2	82677.4	82903.2	
81451.6	80387.1	81451.6	80387.1	81451.6	
85193.5	82741.9	85193.5	82741.9	85193.5	
81774.2	81225.8	81774.2	81225.8	81774.2	
80064.5	82516.1	80064.5	82516.1	80064.5	
83096.8	81129	83096.8	81129	83096.8	
81709.7	83741.9	81709.7	83741.9	81709.7	
80322.6	80871	80322.6	80871	80322.6	
80548.4	83322.6	80548.4	83322.6	80548.4	
79838.7	81548.4	79838.7	81548.4	79838.7	
81709.7	84451.6	81709.7	84451.6	81709.7	
79354.8	83967.7	79354.8	83967.7	79354.8	
82419.4	83322.6	82419.4	83322.6	82419.4	
82677.4	79677.4	82677.4	79677.4	82677.4	
81709.7	81064.5	81709.7	81064.5	81709.7	
82903.2	80871	82903.2	80871	82903.2	
79838.7	81290.3	79838.7	81290.3	79838.7	
81225.8	82419.4	81225.8	82419.4	81225.8	
81774.2	82096.8	81774.2	82096.8	81774.2	
83258.1	81612.9	83258.1	81612.9	83258.1	
81451.6	81548.4	81451.6	81548.4	81451.6	
80709.7	81451.6	80709.7	81451.6	80709.7	
81225.8	84129	81225.8	84129	81225.8	
80709.7	81064.5	80709.7	81064.5	80709.7	
83580.6	80483.9	83580.6	80483.9	83580.6	
82032.3	83000	82032.3	83000	82032.3	
77709.7	82032.3	77709.7	82032.3	77709.7	
82354.8	82516.1	82354.8	82516.1	82354.8	
80000	82096.8	80000	82096.8	80000	
83096.8	83161.3	83096.8	83161.3	83096.8	
81451.6	80967.7	81451.6	80967.7	81451.6	
83580.6	81451.6	83580.6	81451.6	83580.6	
81774.2	81548.4	81774.2	81548.4	81774.2	
80967.7	81225.8	80967.7	81225.8	80967.7	
81548.4	79741.9	81548.4	79741.9	81548.4	
80871	78032.3	80871	78032.3	80871	
79838.7	81871	79838.7	81871	79838.7	
83322.6	82354.8	83322.6	82354.8	83322.6	
82903.2	81871	82903.2	81871	82903.2	
83000	79032.3	83000	79032.3	83000	
81709.7	81451.6	81709.7	81451.6	81709.7	
81064.5	79258.1	81064.5	79258.1	81064.5	
80806.5	80483.9	80806.5	80483.9	80806.5	
82258.1	82193.5	82258.1	82193.5	82258.1	
84225.8	80645.2	84225.8	80645.2	84225.8	
83580.6	78774.2	83580.6	78774.2	83580.6	
82096.8	81871	82096.8	81871	82096.8	
81709.7	82677.4	81709.7	82677.4	81709.7	
81451.6	82838.7	81451.6	82838.7	81451.6	
83096.8	83096.8	83096.8	83096.8	83096.8	
81774.2	81935.5	81774.2	81935.5	81774.2	
80064.5	81064.5	80064.5	81064.5	80064.5	
81612.9	81935.5	81612.9	81935.5	81612.9	
81225.8	80871	81225.8	80871	81225.8	
81225.8	83806.5	81225.8	83806.5	81225.8	
82354.8	81612.9	82354.8	81612.9	82354.8	
81935.5	83580.6	81935.5	83580.6	81935.5	
80161.3	81612.9	80161.3	81612.9	80161.3	
82677.4	80871	82677.4	80871	82677.4	
81387.1	81225.8	81387.1	81225.8	81387.1	
83258.1	80967.7	83258.1	80967.7	83258.1	
80967.7	82580.6	80967.7	82580.6	80967.7	
82193.5	82258.1	82193.5	82258.1	82193.5	
81129	82516.1	81129	82516.1	81129	
80967.7	83322.6	80967.7	83322.6	80967.7	
79193.5	80806.5	79193.5	80806.5	79193.5	
82419.4	80967.7	82419.4	80967.7	82419.4	
83322.6	82903.2	83322.6	82903.2	83322.6	
82032.3	84774.2	82032.3	84774.2	82032.3	
80806.5	84064.5	80806.5	84064.5	80806.5	
82677.4	82677.4	82677.4	82677.4	82677.4	
82193.5	82419.4	82193.5	82419.4	82193.5	
82580.6	81129	82580.6	81129	82580.6	
83903.2	82677.4	83903.2	82677.4	83903.2	
81387.1	83322.6	81387.1	83322.6	81387.1	
82419.4	83580.6	82419.4	83580.6	82419.4	
79419.4	80709.7	79419.4	80709.7	79419.4	
80483.9	80871	80483.9	80871	80483.9	
82580.6	78677.4	82580.6	78677.4	82580.6	
79838.7	81290.3	79838.7	81290.3	79838.7	
83806.5	82258.1	83806.5	82258.1	83806.5	
81774.2	82903.2	81774.2	82903.2	81774.2	
83000	80548.4	83000	80548.4	83000	
78838.7	80645.2	78838.7	80645.2	78838.7	
80387.1	80967.7	80387.1	80967.7	80387.1	
80064.5	81290.3	80064.5	81290.3	80064.5	
78290.3	79838.7	78290.3	79838.7	78290.3	
81451.6	82677.4	81451.6	82677.4	81451.6	
82193.5	79677.4	82193.5	79677.4	82193.5	
78516.1	82741.9	78516.1	82741.9	78516.1	
81612.9	82419.4	81612.9	82419.4	81612.9	
82516.1	80709.7	82516.1	80709.7	82516.1	
82838.7	83419.4	82838.7	83419.4	82838.7	
81064.5	81774.2	81064.5	81774.2	81064.5	
82354.8	82838.7	82354.8	82838.7	82354.8	
81774.2	82516.1	81774.2	82516.1	81774.2	
81387.1	82580.6	81387.1	82580.6	81387.1	
80064.5	81064.5	80064.5	81064.5	80064.5	
81129	80871	81129	80871	81129	
81612.9	82032.3	81612.9	82032.3	81612.9	
83645.2	80871	83645.2	80871	83645.2	
79677.4	81774.2	79677.4	81774.2	79677.4	
82419.4	82258.1	82419.4	82258.1	82419.4	
81387.1	80871	81387.1	80871	81387.1	
79677.4	79677.4	79677.4	79677.4	79677.4	
81774.2	80871	81774.2	80871	81774.2	
82580.6	81871	82580.6	81871	82580.6	
80548.4	81612.9	80548.4	81612.9	80548.4	
81774.2	81387.1	81774.2	81387.1	81774.2	
81612.9	80806.5	81612.9	80806.5	81612.9	
81387.1	83483.9	81387.1	83483.9	81387.1	
81129	82516.1	81129	82516.1	81129	
83322.6	80322.6	83322.6	80322.6	83322.6	
82193.5	81774.2	82193.5	81774.2	82193.5	
80806.5	81225.8	80806.5	81225.8	80806.5	
82419.4	82516.1	82419.4	82516.1	82419.4	
81709.7	80387.1	81709.7	80387.1	81709.7	
82419.4	80483.9	82419.4	80483.9	82419.4	
80871	82677.4	80871	82677.4	80871	
82193.5	81709.7	82193.5	81709.7	82193.5	
80871	82193.5	80871	82193.5	80871	
83419.4	81451.6	83419.4	81451.6	83419.4	
80548.4	82677.4	80548.4	82677.4	80548.4	
80064.5	80161.3	80064.5	80161.3	80064.5	
82354.8	81774.2	82354.8	81774.2	82354.8	
82516.1	83483.9	82516.1	83483.9	82516.1	
82838.7	80387.1	82838.7	80387.1	82838.7	
81871	81290.3	81871	81290.3	81871	
81774.2	82516.1	81774.2	82516.1	81774.2	
82580.6	81548.4	82580.6	81548.4	82580.6	
82193.5	85612.9	82193.5	85612.9	82193.5	
81225.8	82096.8	81225.8	82096.8	81225.8	
80709.7	80645.2	80709.7	80645.2	80709.7	
81225.8	80709.7	81225.8	80709.7	81225.8	
81774.2	81709.7	81774.2	81709.7	81774.2	
82032.3	80806.5	82032.3	80806.5	82032.3	
79580.6	82193.5	79580.6	82193.5	79580.6	
82580.6	80322.6	82580.6	80322.6	82580.6	
79741.9	80645.2	79741.9	80645.2	79741.9	
80871	79838.7	80871	79838.7	80871	
81774.2	83967.7	81774.2	83967.7	81774.2	
82677.4	81225.8	82677.4	81225.8	82677.4	
82419.4	80806.5	82419.4	80806.5	82419.4	
79838.7	81935.5	79838.7	81935.5	79838.7	
83483.9	83483.9	83483.9	83483.9	83483.9	
81387.1	80483.9	81387.1	80483.9	81387.1	
82258.1	82516.1	82258.1	82516.1	82258.1	
81225.8	80387.1	81225.8	80387.1	81225.8	
84290.3	80000	84290.3	80000	84290.3	
80387.1	81387.1	80387.1	81387.1	80387.1	
82096.8	81548.4	82096.8	81548.4	82096.8	
82096.8	81548.4	82096.8	81548.4	82096.8	
82096.8	81548.4	82096.8	81548.4	82096.8	
