531.25	531.25	531.25	531.25	531.25	
892281	892281	892281	892281	892281	
66843.8	67406.2	66843.8	67406.2	66843.8	
64093.8	64968.8	64093.8	64968.8	64093.8	
67093.8	64718.8	67093.8	64718.8	67093.8	
65531.2	65375	65531.2	65375	65531.2	
63062.5	63625	63062.5	63625	63062.5	
65531.2	65125	65531.2	65125	65531.2	
65281.2	64562.5	65281.2	64562.5	65281.2	
67093.8	64343.8	67093.8	64343.8	67093.8	
65031.2	66687.5	65031.2	66687.5	65031.2	
63937.5	66000	63937.5	66000	63937.5	
65031.2	65906.2	65031.2	65906.2	65031.2	
64562.5	66468.8	64562.5	66468.8	64562.5	
66937.5	64562.5	66937.5	64562.5	66937.5	
67968.8	67031.2	67968.8	67031.2	67968.8	
68656.2	67968.8	68656.2	67968.8	68656.2	
70312.5	71656.2	70312.5	71656.2	70312.5	
69781.2	68500	69781.2	68500	69781.2	
70312.5	73093.8	70312.5	73093.8	70312.5	
70968.8	70625	70968.8	70625	70968.8	
73250	71437.5	73250	71437.5	73250	
72437.5	72687.5	72437.5	72687.5	72437.5	
74406.2	73781.2	74406.2	73781.2	74406.2	
74812.5	73093.8	74812.5	73093.8	74812.5	
73718.8	74187.5	73718.8	74187.5	73718.8	
75375	76625	75375	76625	75375	
75750	76156.2	75750	76156.2	75750	
73093.8	76062.5	73093.8	76062.5	73093.8	
76156.2	76375	76156.2	76375	76156.2	
77968.8	76000	77968.8	76000	77968.8	
76718.8	73875	76718.8	73875	76718.8	
76937.5	77093.8	76937.5	77093.8	76937.5	
76718.8	77250	76718.8	77250	76718.8	
76625	78687.5	76625	78687.5	76625	
76000	78437.5	76000	78437.5	76000	
78531.2	81031.2	78531.2	81031.2	78531.2	
78281.2	80093.8	78281.2	80093.8	78281.2	
75843.8	78125	75843.8	78125	75843.8	
79375	76937.5	79375	76937.5	79375	
77656.2	79843.8	77656.2	79843.8	77656.2	
77656.2	80000	77656.2	80000	77656.2	
78031.2	79062.5	78031.2	79062.5	78031.2	
79312.5	80500	79312.5	80500	79312.5	
80156.2	78750	80156.2	78750	80156.2	
77406.2	79312.5	77406.2	79312.5	77406.2	
77406.2	79687.5	77406.2	79687.5	77406.2	
77093.8	78281.2	77093.8	78281.2	77093.8	
79625	78343.8	79625	78343.8	79625	
80250	77500	80250	77500	80250	
78343.8	78687.5	78343.8	78687.5	78343.8	
79156.2	75593.8	79156.2	75593.8	79156.2	
77406.2	80093.8	77406.2	80093.8	77406.2	
77250	77718.8	77250	77718.8	77250	
78843.8	76062.5	78843.8	76062.5	78843.8	
77718.8	79312.5	77718.8	79312.5	77718.8	
77812.5	78906.2	77812.5	78906.2	77812.5	
76156.2	78125	76156.2	78125	76156.2	
77812.5	78031.2	77812.5	78031.2	77812.5	
78125	78531.2	78125	78531.2	78125	
79468.8	77093.8	79468.8	77093.8	79468.8	
78906.2	77093.8	78906.2	77093.8	78906.2	
77093.8	77500	77093.8	77500	77093.8	
78281.2	75843.8	78281.2	75843.8	78281.2	
77500	76375	77500	76375	77500	
76718.8	79000	76718.8	79000	76718.8	
75531.2	77093.8	75531.2	77093.8	75531.2	
79312.5	75906.2	79312.5	75906.2	79312.5	
79312.5	76937.5	79312.5	76937.5	79312.5	
78906.2	76312.5	78906.2	76312.5	78906.2	
78687.5	81187.5	78687.5	81187.5	78687.5	
77093.8	77718.8	77093.8	77718.8	77093.8	
75531.2	77968.8	75531.2	77968.8	75531.2	
79156.2	79375	79156.2	79375	79156.2	
76781.2	79218.8	76781.2	79218.8	76781.2	
78843.8	78343.8	78843.8	78343.8	78843.8	
80250	80093.8	80250	80093.8	80250	
76468.8	77875	76468.8	77875	76468.8	
75750	77031.2	75750	77031.2	75750	
78843.8	78531.2	78843.8	78531.2	78843.8	
77187.5	76468.8	77187.5	76468.8	77187.5	
77406.2	75906.2	77406.2	75906.2	77406.2	
76000	78125	76000	78125	76000	
78531.2	75531.2	78531.2	75531.2	78531.2	
78437.5	77968.8	78437.5	77968.8	78437.5	
80656.2	79000	80656.2	79000	80656.2	
75375	77343.8	75375	77343.8	75375	
77343.8	76875	77343.8	76875	77343.8	
76375	77093.8	76375	77093.8	76375	
77187.5	77875	77187.5	77875	77187.5	
77968.8	79781.2	77968.8	79781.2	77968.8	
77968.8	77250	77968.8	77250	77968.8	
77093.8	78437.5	77093.8	78437.5	77093.8	
75531.2	78843.8	75531.2	78843.8	75531.2	
78906.2	78437.5	78906.2	78437.5	78906.2	
78187.5	78750	78187.5	78750	78187.5	
77093.8	77343.8	77093.8	77343.8	77093.8	
77250	76375	77250	76375	77250	
76000	77656.2	76000	77656.2	76000	
77406.2	78125	77406.2	78125	77406.2	
77500	78906.2	77500	78906.2	77500	
80406.2	78031.2	80406.2	78031.2	80406.2	
79062.5	80093.8	79062.5	80093.8	79062.5	
77343.8	77250	77343.8	77250	77343.8	
79625	77343.8	79625	77343.8	79625	
77031.2	77406.2	77031.2	77406.2	77031.2	
77812.5	77875	77812.5	77875	77812.5	
77968.8	77187.5	77968.8	77187.5	77968.8	
74562.5	77031.2	74562.5	77031.2	74562.5	
77562.5	76000	77562.5	76000	77562.5	
78531.2	77718.8	78531.2	77718.8	78531.2	
78593.8	78437.5	78593.8	78437.5	78593.8	
76468.8	79218.8	76468.8	79218.8	76468.8	
76781.2	77250	76781.2	77250	76781.2	
77812.5	77343.8	77812.5	77343.8	77812.5	
75750	76156.2	75750	76156.2	75750	
80562.5	77031.2	80562.5	77031.2	80562.5	
78531.2	79312.5	78531.2	79312.5	78531.2	
78343.8	76562.5	78343.8	76562.5	78343.8	
78437.5	77562.5	78437.5	77562.5	78437.5	
79000	76312.5	79000	76312.5	79000	
78687.5	77250	78687.5	77250	78687.5	
78593.8	79312.5	78593.8	79312.5	78593.8	
77093.8	77656.2	77093.8	77656.2	77093.8	
78437.5	77968.8	78437.5	77968.8	78437.5	
77562.5	77500	77562.5	77500	77562.5	
78531.2	76062.5	78531.2	76062.5	78531.2	
76000	77250	76000	77250	76000	
80718.8	79312.5	80718.8	79312.5	80718.8	
77343.8	79781.2	77343.8	79781.2	77343.8	
77343.8	78906.2	77343.8	78906.2	77343.8	
77031.2	77718.8	77031.2	77718.8	77031.2	
81281.2	78437.5	81281.2	78437.5	81281.2	
78906.2	77875	78906.2	77875	78906.2	
78187.5	78125	78187.5	78125	78187.5	
78531.2	79781.2	78531.2	79781.2	78531.2	
77562.5	77250	77562.5	77250	77562.5	
77968.8	80156.2	77968.8	80156.2	77968.8	
79937.5	79375	79937.5	79375	79937.5	
78906.2	77343.8	78906.2	77343.8	78906.2	
79218.8	77812.5	79218.8	77812.5	79218.8	
75593.8	77500	75593.8	77500	75593.8	
77875	80406.2	77875	80406.2	77875	
77406.2	77968.8	77406.2	77968.8	77406.2	
79468.8	79781.2	79468.8	79781.2	79468.8	
76156.2	78125	76156.2	78125	76156.2	
77812.5	78125	77812.5	78125	77812.5	
77500	78750	77500	78750	77500	
77250	77718.8	77250	77718.8	77250	
78281.2	75281.2	78281.2	75281.2	78281.2	
77093.8	77187.5	77093.8	77187.5	77093.8	
75593.8	76875	75593.8	76875	75593.8	
78437.5	79062.5	78437.5	79062.5	78437.5	
81593.8	77406.2	81593.8	77406.2	81593.8	
79156.2	79531.2	79156.2	79531.2	79156.2	
79625	79062.5	79625	79062.5	79625	
79375	76875	79375	76875	79375	
77656.2	75750	77656.2	75750	77656.2	
77187.5	78343.8	77187.5	78343.8	77187.5	
79687.5	79468.8	79687.5	79468.8	79687.5	
79781.2	78281.2	79781.2	78281.2	79781.2	
77500	78437.5	77500	78437.5	77500	
76781.2	79156.2	76781.2	79156.2	76781.2	
78750	78343.8	78750	78343.8	78750	
79687.5	78750	79687.5	78750	79687.5	
78593.8	79781.2	78593.8	79781.2	78593.8	
78593.8	77031.2	78593.8	77031.2	78593.8	
80406.2	79531.2	80406.2	79531.2	80406.2	
76218.8	79468.8	76218.8	79468.8	76218.8	
79531.2	77656.2	79531.2	77656.2	79531.2	
80406.2	79062.5	80406.2	79062.5	80406.2	
77250	76781.2	77250	76781.2	77250	
78437.5	79000	78437.5	79000	78437.5	
77656.2	79375	77656.2	79375	77656.2	
79468.8	76156.2	79468.8	76156.2	79468.8	
76562.5	75906.2	76562.5	75906.2	76562.5	
78906.2	78843.8	78906.2	78843.8	78906.2	
80656.2	76781.2	80656.2	76781.2	80656.2	
78031.2	77187.5	78031.2	77187.5	78031.2	
77187.5	76781.2	77187.5	76781.2	77187.5	
79687.5	77500	79687.5	77500	79687.5	
78687.5	76718.8	78687.5	76718.8	78687.5	
79687.5	76156.2	79687.5	76156.2	79687.5	
79937.5	76218.8	79937.5	76218.8	79937.5	
78750	80250	78750	80250	78750	
77968.8	78593.8	77968.8	78593.8	77968.8	
78687.5	80250	78687.5	80250	78687.5	
78281.2	77718.8	78281.2	77718.8	78281.2	
80406.2	77656.2	80406.2	77656.2	80406.2	
81125	77562.5	81125	77562.5	81125	
76625	79312.5	76625	79312.5	76625	
76781.2	79625	76781.2	79625	76781.2	
78687.5	79468.8	78687.5	79468.8	78687.5	
77656.2	79156.2	77656.2	79156.2	77656.2	
79468.8	78593.8	79468.8	78593.8	79468.8	
79062.5	77718.8	79062.5	77718.8	79062.5	
77093.8	78687.5	77093.8	78687.5	77093.8	
80250	76218.8	80250	76218.8	80250	
78031.2	79218.8	78031.2	79218.8	78031.2	
78906.2	79625	78906.2	79625	78906.2	
78125	79000	78125	79000	78125	
78843.8	78187.5	78843.8	78187.5	78843.8	
77406.2	77812.5	77406.2	77812.5	77406.2	
80562.5	79156.2	80562.5	79156.2	80562.5	
78687.5	79937.5	78687.5	79937.5	78687.5	
78125	79625	78125	79625	78125	
76562.5	76375	76562.5	76375	76562.5	
79781.2	79843.8	79781.2	79843.8	79781.2	
77406.2	80656.2	77406.2	80656.2	77406.2	
78531.2	77093.8	78531.2	77093.8	78531.2	
78125	78343.8	78125	78343.8	78125	
77656.2	78187.5	77656.2	78187.5	77656.2	
79375	79312.5	79375	79312.5	79375	
81031.2	80156.2	81031.2	80156.2	81031.2	
75437.5	81187.5	75437.5	81187.5	75437.5	
76875	76937.5	76875	76937.5	76875	
77562.5	79218.8	77562.5	79218.8	77562.5	
77187.5	79156.2	77187.5	79156.2	77187.5	
77031.2	78187.5	77031.2	78187.5	77031.2	
77875	78843.8	77875	78843.8	77875	
78750	77968.8	78750	77968.8	78750	
78906.2	78031.2	78906.2	78031.2	78906.2	
76562.5	78437.5	76562.5	78437.5	76562.5	
80406.2	80312.5	80406.2	80312.5	80406.2	
80500	79375	80500	79375	80500	
77812.5	80093.8	77812.5	80093.8	77812.5	
77875	78843.8	77875	78843.8	77875	
78750	79062.5	78750	79062.5	78750	
78437.5	77500	78437.5	77500	78437.5	
76312.5	76375	76312.5	76375	76312.5	
79375	77500	79375	77500	79375	
77343.8	79531.2	77343.8	79531.2	77343.8	
79531.2	79843.8	79531.2	79843.8	79531.2	
78281.2	77031.2	78281.2	77031.2	78281.2	
77343.8	78031.2	77343.8	78031.2	77343.8	
81125	79218.8	81125	79218.8	81125	
78687.5	77875	78687.5	77875	78687.5	
79312.5	79156.2	79312.5	79156.2	79312.5	
76156.2	77718.8	76156.2	77718.8	76156.2	
78531.2	78187.5	78531.2	78187.5	78531.2	
79468.8	79312.5	79468.8	79312.5	79468.8	
77718.8	76218.8	77718.8	76218.8	77718.8	
78343.8	75906.2	78343.8	75906.2	78343.8	
79312.5	80093.8	79312.5	80093.8	79312.5	
78593.8	79531.2	78593.8	79531.2	78593.8	
77968.8	76312.5	77968.8	76312.5	77968.8	
80250	76562.5	80250	76562.5	80250	
79312.5	77656.2	79312.5	77656.2	79312.5	
77093.8	80156.2	77093.8	80156.2	77093.8	
77562.5	78343.8	77562.5	78343.8	77562.5	
77718.8	79531.2	77718.8	79531.2	77718.8	
81500	80312.5	81500	80312.5	81500	
79000	79312.5	79000	79312.5	79000	
79468.8	78531.2	79468.8	78531.2	79468.8	
77187.5	80562.5	77187.5	80562.5	77187.5	
79781.2	79468.8	79781.2	79468.8	79781.2	
79312.5	79531.2	79312.5	79531.2	79312.5	
79625	79937.5	79625	79937.5	79625	
80500	78750	80500	78750	80500	
80156.2	79781.2	80156.2	79781.2	80156.2	
79218.8	77656.2	79218.8	77656.2	79218.8	
80093.8	79000	80093.8	79000	80093.8	
77562.5	77562.5	77562.5	77562.5	77562.5	
78343.8	78125	78343.8	78125	78343.8	
79781.2	78281.2	79781.2	78281.2	79781.2	
77250	80406.2	77250	80406.2	77250	
78906.2	79781.2	78906.2	79781.2	78906.2	
77656.2	77656.2	77656.2	77656.2	77656.2	
79625	77656.2	79625	77656.2	79625	
79218.8	80562.5	79218.8	80562.5	79218.8	
80156.2	80000	80156.2	80000	80156.2	
79781.2	78750	79781.2	78750	79781.2	
78031.2	79000	78031.2	79000	78031.2	
80250	78843.8	80250	78843.8	80250	
81031.2	79312.5	81031.2	79312.5	81031.2	
79156.2	77812.5	79156.2	77812.5	79156.2	
76875	79687.5	76875	79687.5	76875	
78187.5	80718.8	78187.5	80718.8	78187.5	
76937.5	80656.2	76937.5	80656.2	76937.5	
79687.5	79000	79687.5	79000	79687.5	
77812.5	79531.2	77812.5	79531.2	77812.5	
78281.2	80968.8	78281.2	80968.8	78281.2	
78593.8	78906.2	78593.8	78906.2	78593.8	
76875	76875	76875	76875	76875	
78750	77718.8	78750	77718.8	78750	
77343.8	77875	77343.8	77875	77343.8	
78031.2	80156.2	78031.2	80156.2	78031.2	
78343.8	79625	78343.8	79625	78343.8	
81125	79218.8	81125	79218.8	81125	
80656.2	78031.2	80656.2	78031.2	80656.2	
77250	78750	77250	78750	77250	
77718.8	79781.2	77718.8	79781.2	77718.8	
78343.8	78531.2	78343.8	78531.2	78343.8	
78843.8	78531.2	78843.8	78531.2	78843.8	
77968.8	78031.2	77968.8	78031.2	77968.8	
80500	79531.2	80500	79531.2	80500	
79312.5	78125	79312.5	78125	79312.5	
76937.5	78750	76937.5	78750	76937.5	
80312.5	80156.2	80312.5	80156.2	80312.5	
78687.5	79156.2	78687.5	79156.2	78687.5	
79937.5	79937.5	79937.5	79937.5	79937.5	
77093.8	78750	77093.8	78750	77093.8	
80812.5	79375	80812.5	79375	80812.5	
78750	79312.5	78750	79312.5	78750	
81656.2	79843.8	81656.2	79843.8	81656.2	
78687.5	76625	78687.5	76625	78687.5	
79468.8	78750	79468.8	78750	79468.8	
80250	77500	80250	77500	80250	
79375	78843.8	79375	78843.8	79375	
79062.5	76781.2	79062.5	76781.2	79062.5	
79000	78125	79000	78125	79000	
79375	78593.8	79375	78593.8	79375	
79468.8	78125	79468.8	78125	79468.8	
79531.2	80312.5	79531.2	80312.5	79531.2	
77187.5	76937.5	77187.5	76937.5	77187.5	
79625	79843.8	79625	79843.8	79625	
79531.2	84500	79531.2	84500	79531.2	
79531.2	80000	79531.2	80000	79531.2	
78531.2	79531.2	78531.2	79531.2	78531.2	
80656.2	78125	80656.2	78125	80656.2	
78531.2	76781.2	78531.2	76781.2	78531.2	
77406.2	80500	77406.2	80500	77406.2	
78531.2	77812.5	78531.2	77812.5	78531.2	
79062.5	79156.2	79062.5	79156.2	79062.5	
79218.8	78281.2	79218.8	78281.2	79218.8	
77812.5	79000	77812.5	79000	77812.5	
79468.8	76625	79468.8	76625	79468.8	
79218.8	81437.5	79218.8	81437.5	79218.8	
79531.2	78750	79531.2	78750	79531.2	
78843.8	77875	78843.8	77875	78843.8	
80312.5	78343.8	80312.5	78343.8	80312.5	
78906.2	78125	78906.2	78125	78906.2	
78031.2	77093.8	78031.2	77093.8	78031.2	
79000	78437.5	79000	78437.5	79000	
78593.8	79687.5	78593.8	79687.5	78593.8	
78593.8	79937.5	78593.8	79937.5	78593.8	
80875	80312.5	80875	80312.5	80875	
78187.5	77250	78187.5	77250	78187.5	
80562.5	76718.8	80562.5	76718.8	80562.5	
78531.2	79531.2	78531.2	79531.2	78531.2	
79468.8	79937.5	79468.8	79937.5	79468.8	
81031.2	80500	81031.2	80500	81031.2	
77812.5	81593.8	77812.5	81593.8	77812.5	
77875	79000	77875	79000	77875	
78281.2	79000	78281.2	79000	78281.2	
79218.8	80093.8	79218.8	80093.8	79218.8	
79531.2	80250	79531.2	80250	79531.2	
77343.8	76562.5	77343.8	76562.5	77343.8	
77656.2	79312.5	77656.2	79312.5	77656.2	
78031.2	79937.5	78031.2	79937.5	78031.2	
77250	80968.8	77250	80968.8	77250	
81187.5	76781.2	81187.5	76781.2	81187.5	
78187.5	78593.8	78187.5	78593.8	78187.5	
76781.2	77718.8	76781.2	77718.8	76781.2	
81656.2	80718.8	81656.2	80718.8	81656.2	
80000	80312.5	80000	80312.5	80000	
80250	79312.5	80250	79312.5	80250	
79218.8	79000	79218.8	79000	79218.8	
77718.8	78687.5	77718.8	78687.5	77718.8	
80000	80812.5	80000	80812.5	80000	
77968.8	79843.8	77968.8	79843.8	77968.8	
80093.8	80718.8	80093.8	80718.8	80093.8	
78687.5	76937.5	78687.5	76937.5	78687.5	
77250	78687.5	77250	78687.5	77250	
78593.8	77250	78593.8	77250	78593.8	
80250	77406.2	80250	77406.2	80250	
79375	80156.2	79375	80156.2	79375	
80406.2	81125	80406.2	81125	80406.2	
76875	79312.5	76875	79312.5	76875	
78343.8	79687.5	78343.8	79687.5	78343.8	
81187.5	79468.8	81187.5	79468.8	81187.5	
78281.2	80250	78281.2	80250	78281.2	
80968.8	82468.8	80968.8	82468.8	80968.8	
80156.2	77718.8	80156.2	77718.8	80156.2	
78531.2	80156.2	78531.2	80156.2	78531.2	
81656.2	80312.5	81656.2	80312.5	81656.2	
77875	78531.2	77875	78531.2	77875	
77656.2	78843.8	77656.2	78843.8	77656.2	
77718.8	79000	77718.8	79000	77718.8	
80000	80093.8	80000	80093.8	80000	
79062.5	78750	79062.5	78750	79062.5	
79687.5	79218.8	79687.5	79218.8	79687.5	
77406.2	78906.2	77406.2	78906.2	77406.2	
78843.8	78843.8	78843.8	78843.8	78843.8	
78437.5	80000	78437.5	80000	78437.5	
80312.5	80156.2	80312.5	80156.2	80312.5	
80312.5	80562.5	80312.5	80562.5	80312.5	
78031.2	79781.2	78031.2	79781.2	78031.2	
79218.8	78593.8	79218.8	78593.8	79218.8	
79375	78437.5	79375	78437.5	79375	
79687.5	78343.8	79687.5	78343.8	79687.5	
77500	81968.8	77500	81968.8	77500	
79781.2	77187.5	79781.2	77187.5	79781.2	
78531.2	78343.8	78531.2	78343.8	78531.2	
75906.2	80000	75906.2	80000	75906.2	
77968.8	78843.8	77968.8	78843.8	77968.8	
79687.5	78593.8	79687.5	78593.8	79687.5	
78593.8	75593.8	78593.8	75593.8	78593.8	
78750	79156.2	78750	79156.2	78750	
78437.5	79375	78437.5	79375	78437.5	
81656.2	79687.5	81656.2	79687.5	81656.2	
77656.2	79312.5	77656.2	79312.5	77656.2	
78531.2	79531.2	78531.2	79531.2	78531.2	
81281.2	80156.2	81281.2	80156.2	81281.2	
77812.5	80000	77812.5	80000	77812.5	
79218.8	77968.8	79218.8	77968.8	79218.8	
81812.5	79468.8	81812.5	79468.8	81812.5	
79687.5	78687.5	79687.5	78687.5	79687.5	
76062.5	77875	76062.5	77875	76062.5	
79687.5	80500	79687.5	80500	79687.5	
79468.8	80875	79468.8	80875	79468.8	
80875	79375	80875	79375	80875	
77500	79468.8	77500	79468.8	77500	
79156.2	79062.5	79156.2	79062.5	79156.2	
77656.2	79000	77656.2	79000	77656.2	
77968.8	81500	77968.8	81500	77968.8	
79000	78593.8	79000	78593.8	79000	
79375	77656.2	79375	77656.2	79375	
79843.8	78593.8	79843.8	78593.8	79843.8	
77250	77718.8	77250	77718.8	77250	
77875	78687.5	77875	78687.5	77875	
79000	79156.2	79000	79156.2	79000	
79062.5	77718.8	79062.5	77718.8	79062.5	
79781.2	78531.2	79781.2	78531.2	79781.2	
78281.2	80093.8	78281.2	80093.8	78281.2	
77656.2	78187.5	77656.2	78187.5	77656.2	
79781.2	78125	79781.2	78125	79781.2	
77500	80875	77500	80875	77500	
80312.5	78437.5	80312.5	78437.5	80312.5	
78031.2	79375	78031.2	79375	78031.2	
80250	77500	80250	77500	80250	
77500	78750	77500	78750	77500	
79218.8	78031.2	79218.8	78031.2	79218.8	
79531.2	80156.2	79531.2	80156.2	79531.2	
76781.2	80000	76781.2	80000	76781.2	
77093.8	78437.5	77093.8	78437.5	77093.8	
80156.2	79062.5	80156.2	79062.5	80156.2	
82937.5	80718.8	82937.5	80718.8	82937.5	
78843.8	78187.5	78843.8	78187.5	78843.8	
79468.8	80500	79468.8	80500	79468.8	
79000	78281.2	79000	78281.2	79000	
80718.8	80156.2	80718.8	80156.2	80718.8	
78281.2	79531.2	78281.2	79531.2	78281.2	
79843.8	80312.5	79843.8	80312.5	79843.8	
78281.2	80875	78281.2	80875	78281.2	
79937.5	78531.2	79937.5	78531.2	79937.5	
79843.8	78343.8	79843.8	78343.8	79843.8	
78843.8	76937.5	78843.8	76937.5	78843.8	
79937.5	80812.5	79937.5	80812.5	79937.5	
80093.8	80406.2	80093.8	80406.2	80093.8	
79156.2	79218.8	79156.2	79218.8	79156.2	
78531.2	79000	78531.2	79000	78531.2	
79062.5	79375	79062.5	79375	79062.5	
79937.5	79625	79937.5	79625	79937.5	
79531.2	77812.5	79531.2	77812.5	79531.2	
77968.8	78531.2	77968.8	78531.2	77968.8	
77187.5	78031.2	77187.5	78031.2	77187.5	
80500	78750	80500	78750	80500	
80250	80718.8	80250	80718.8	80250	
78843.8	79843.8	78843.8	79843.8	78843.8	
79156.2	77656.2	79156.2	77656.2	79156.2	
80312.5	81968.8	80312.5	81968.8	80312.5	
80093.8	80312.5	80093.8	80312.5	80093.8	
77093.8	75906.2	77093.8	75906.2	77093.8	
80000	78031.2	80000	78031.2	80000	
80812.5	78843.8	80812.5	78843.8	80812.5	
79062.5	80500	79062.5	80500	79062.5	
77656.2	81906.2	77656.2	81906.2	77656.2	
79312.5	79687.5	79312.5	79687.5	79312.5	
80000	80406.2	80000	80406.2	80000	
79312.5	80312.5	79312.5	80312.5	79312.5	
80968.8	80406.2	80968.8	80406.2	80968.8	
77093.8	78437.5	77093.8	78437.5	77093.8	
78843.8	77968.8	78843.8	77968.8	78843.8	
79843.8	77968.8	79843.8	77968.8	79843.8	
79781.2	79218.8	79781.2	79218.8	79781.2	
78125	79062.5	78125	79062.5	78125	
79781.2	79843.8	79781.2	79843.8	79781.2	
77187.5	79937.5	77187.5	79937.5	77187.5	
79625	79937.5	79625	79937.5	79625	
80500	81187.5	80500	81187.5	80500	
79218.8	77656.2	79218.8	77656.2	79218.8	
78750	78531.2	78750	78531.2	78750	
79687.5	78031.2	79687.5	78031.2	79687.5	
80562.5	76937.5	80562.5	76937.5	80562.5	
79781.2	80718.8	79781.2	80718.8	79781.2	
80250	80406.2	80250	80406.2	80250	
80656.2	80812.5	80656.2	80812.5	80656.2	
89781.2	89843.8	89781.2	89843.8	89781.2	
80718.8	79375	80718.8	79375	80718.8	
81437.5	78906.2	81437.5	78906.2	81437.5	
80250	79687.5	80250	79687.5	80250	
80156.2	78687.5	80156.2	78687.5	80156.2	
79062.5	77656.2	79062.5	77656.2	79062.5	
79375	78593.8	79375	78593.8	79375	
79781.2	76625	79781.2	76625	79781.2	
79468.8	80000	79468.8	80000	79468.8	
79468.8	79468.8	79468.8	79468.8	79468.8	
80156.2	78187.5	80156.2	78187.5	80156.2	
80000	80250	80000	80250	80000	
77031.2	77968.8	77031.2	77968.8	77031.2	
79062.5	80000	79062.5	80000	79062.5	
79062.5	78281.2	79062.5	78281.2	79062.5	
78843.8	79531.2	78843.8	79531.2	78843.8	
79687.5	80093.8	79687.5	80093.8	79687.5	
78843.8	80562.5	78843.8	80562.5	78843.8	
78593.8	78437.5	78593.8	78437.5	78593.8	
81125	79937.5	81125	79937.5	81125	
80968.8	78187.5	80968.8	78187.5	80968.8	
79062.5	77812.5	79062.5	77812.5	79062.5	
79218.8	78687.5	79218.8	78687.5	79218.8	
77875	77343.8	77875	77343.8	77875	
78843.8	80250	78843.8	80250	78843.8	
79687.5	77968.8	79687.5	77968.8	79687.5	
81281.2	80000	81281.2	80000	81281.2	
78531.2	79625	78531.2	79625	78531.2	
78437.5	78531.2	78437.5	78531.2	78437.5	
80000	80093.8	80000	80093.8	80000	
79843.8	79468.8	79843.8	79468.8	79843.8	
76718.8	78437.5	76718.8	78437.5	76718.8	
80000	82468.8	80000	82468.8	80000	
80812.5	80312.5	80812.5	80312.5	80812.5	
78437.5	80968.8	78437.5	80968.8	78437.5	
80718.8	79218.8	80718.8	79218.8	80718.8	
76468.8	79843.8	76468.8	79843.8	76468.8	
82218.8	81500	82218.8	81500	82218.8	
79937.5	77656.2	79937.5	77656.2	79937.5	
80156.2	80500	80156.2	80500	80156.2	
80312.5	78187.5	80312.5	78187.5	80312.5	
78187.5	76625	78187.5	76625	78187.5	
80812.5	77875	80812.5	77875	80812.5	
81656.2	77718.8	81656.2	77718.8	81656.2	
77718.8	76781.2	77718.8	76781.2	77718.8	
77968.8	78750	77968.8	78750	77968.8	
79218.8	78750	79218.8	78750	79218.8	
80093.8	80156.2	80093.8	80156.2	80093.8	
76718.8	80093.8	76718.8	80093.8	76718.8	
79937.5	78687.5	79937.5	78687.5	79937.5	
77718.8	80968.8	77718.8	80968.8	77718.8	
79312.5	78906.2	79312.5	78906.2	79312.5	
79375	76937.5	79375	76937.5	79375	
80406.2	80812.5	80406.2	80812.5	80406.2	
79000	77250	79000	77250	79000	
78687.5	77968.8	78687.5	77968.8	78687.5	
79156.2	77718.8	79156.2	77718.8	79156.2	
80812.5	79843.8	80812.5	79843.8	80812.5	
77656.2	77562.5	77656.2	77562.5	77656.2	
79625	79375	79625	79375	79625	
78187.5	79312.5	78187.5	79312.5	78187.5	
79531.2	82125	79531.2	82125	79531.2	
80562.5	80718.8	80562.5	80718.8	80562.5	
79156.2	80312.5	79156.2	80312.5	79156.2	
79625	79687.5	79625	79687.5	79625	
80156.2	76937.5	80156.2	76937.5	80156.2	
80093.8	77562.5	80093.8	77562.5	80093.8	
79312.5	75125	79312.5	75125	79312.5	
79062.5	77812.5	79062.5	77812.5	79062.5	
79468.8	77656.2	79468.8	77656.2	79468.8	
79000	78593.8	79000	78593.8	79000	
78593.8	80656.2	78593.8	80656.2	78593.8	
76625	80406.2	76625	80406.2	76625	
79531.2	78437.5	79531.2	78437.5	79531.2	
78750	77875	78750	77875	78750	
81031.2	76312.5	81031.2	76312.5	81031.2	
78687.5	78750	78687.5	78750	78687.5	
78437.5	80968.8	78437.5	80968.8	78437.5	
77718.8	81437.5	77718.8	81437.5	77718.8	
79843.8	79062.5	79843.8	79062.5	79843.8	
77968.8	78437.5	77968.8	78437.5	77968.8	
79468.8	79375	79468.8	79375	79468.8	
78750	81750	78750	81750	78750	
78031.2	78187.5	78031.2	78187.5	78031.2	
79312.5	77968.8	79312.5	77968.8	79312.5	
80250	77187.5	80250	77187.5	80250	
78593.8	79687.5	78593.8	79687.5	78593.8	
78593.8	79937.5	78593.8	79937.5	78593.8	
78687.5	80812.5	78687.5	80812.5	78687.5	
77718.8	80093.8	77718.8	80093.8	77718.8	
78187.5	80156.2	78187.5	80156.2	78187.5	
79000	79375	79000	79375	79000	
79000	79000	79000	79000	79000	
80093.8	78687.5	80093.8	78687.5	80093.8	
79625	80000	79625	80000	79625	
80500	80093.8	80500	80093.8	80500	
79156.2	77656.2	79156.2	77656.2	79156.2	
81187.5	82125	81187.5	82125	81187.5	
78593.8	79625	78593.8	79625	78593.8	
79625	78593.8	79625	78593.8	79625	
79468.8	77187.5	79468.8	77187.5	79468.8	
79531.2	79000	79531.2	79000	79531.2	
78187.5	81187.5	78187.5	81187.5	78187.5	
78187.5	79468.8	78187.5	79468.8	78187.5	
77875	80718.8	77875	80718.8	77875	
78281.2	78281.2	78281.2	78281.2	78281.2	
76937.5	80718.8	76937.5	80718.8	76937.5	
80968.8	78843.8	80968.8	78843.8	80968.8	
83000	76062.5	83000	76062.5	83000	
81750	79843.8	81750	79843.8	81750	
79312.5	77250	79312.5	77250	79312.5	
78281.2	79218.8	78281.2	79218.8	78281.2	
79375	79531.2	79375	79531.2	79375	
80250	77875	80250	77875	80250	
79000	79156.2	79000	79156.2	79000	
80250	78906.2	80250	78906.2	80250	
78343.8	79000	78343.8	79000	78343.8	
80500	79781.2	80500	79781.2	80500	
78343.8	78281.2	78343.8	78281.2	78343.8	
79312.5	79687.5	79312.5	79687.5	79312.5	
78031.2	77875	78031.2	77875	78031.2	
78531.2	78031.2	78531.2	78031.2	78531.2	
81031.2	80312.5	81031.2	80312.5	81031.2	
79312.5	78343.8	79312.5	78343.8	79312.5	
79781.2	80500	79781.2	80500	79781.2	
79625	79531.2	79625	79531.2	79625	
79062.5	81031.2	79062.5	81031.2	79062.5	
79687.5	79843.8	79687.5	79843.8	79687.5	
76781.2	79937.5	76781.2	79937.5	76781.2	
77343.8	79312.5	77343.8	79312.5	77343.8	
78343.8	78343.8	78343.8	78343.8	78343.8	
76218.8	81281.2	76218.8	81281.2	76218.8	
80000	80250	80000	80250	80000	
80250	80250	80250	80250	80250	
79781.2	80250	79781.2	80250	79781.2	
78031.2	78031.2	78031.2	78031.2	78031.2	
79531.2	77812.5	79531.2	77812.5	79531.2	
81906.2	80875	81906.2	80875	81906.2	
80250	79156.2	80250	79156.2	80250	
80500	79000	80500	79000	80500	
79000	79625	79000	79625	79000	
80875	79062.5	80875	79062.5	80875	
79218.8	81500	79218.8	81500	79218.8	
80093.8	80812.5	80093.8	80812.5	80093.8	
79156.2	81187.5	79156.2	81187.5	79156.2	
80875	78843.8	80875	78843.8	80875	
80562.5	79531.2	80562.5	79531.2	80562.5	
77562.5	80093.8	77562.5	80093.8	77562.5	
76875	79156.2	76875	79156.2	76875	
80156.2	79000	80156.2	79000	80156.2	
79937.5	77968.8	79937.5	77968.8	79937.5	
78843.8	79468.8	78843.8	79468.8	78843.8	
80000	80156.2	80000	80156.2	80000	
80656.2	79062.5	80656.2	79062.5	80656.2	
78187.5	79625	78187.5	79625	78187.5	
80875	79000	80875	79000	80875	
79531.2	76562.5	79531.2	76562.5	79531.2	
81906.2	78343.8	81906.2	78343.8	81906.2	
77031.2	76218.8	77031.2	76218.8	77031.2	
81125	78343.8	81125	78343.8	81125	
78031.2	78843.8	78031.2	78843.8	78031.2	
77406.2	78750	77406.2	78750	77406.2	
79375	79000	79375	79000	79375	
79000	79218.8	79000	79218.8	79000	
80250	78687.5	80250	78687.5	80250	
76625	79218.8	76625	79218.8	76625	
79468.8	80656.2	79468.8	80656.2	79468.8	
79531.2	80406.2	79531.2	80406.2	79531.2	
80406.2	79312.5	80406.2	79312.5	80406.2	
77718.8	79468.8	77718.8	79468.8	77718.8	
77812.5	81187.5	77812.5	81187.5	77812.5	
78281.2	77656.2	78281.2	77656.2	78281.2	
76312.5	78750	76312.5	78750	76312.5	
80156.2	80875	80156.2	80875	80156.2	
80093.8	78906.2	80093.8	78906.2	80093.8	
79375	78843.8	79375	78843.8	79375	
80875	80406.2	80875	80406.2	80875	
79687.5	80812.5	79687.5	80812.5	79687.5	
79781.2	77718.8	79781.2	77718.8	79781.2	
79531.2	79625	79531.2	79625	79531.2	
77343.8	78750	77343.8	78750	77343.8	
80250	78125	80250	78125	80250	
78437.5	78187.5	78437.5	78187.5	78437.5	
79531.2	80250	79531.2	80250	79531.2	
80406.2	80250	80406.2	80250	80406.2	
79000	78750	79000	78750	79000	
79625	80000	79625	80000	79625	
80156.2	79218.8	80156.2	79218.8	80156.2	
78187.5	81968.8	78187.5	81968.8	78187.5	
80500	79781.2	80500	79781.2	80500	
79937.5	78281.2	79937.5	78281.2	79937.5	
81343.8	81125	81343.8	81125	81343.8	
78187.5	78531.2	78187.5	78531.2	78187.5	
78750	78906.2	78750	78906.2	78750	
81656.2	78906.2	81656.2	78906.2	81656.2	
79468.8	78687.5	79468.8	78687.5	79468.8	
79375	79312.5	79375	79312.5	79375	
81125	78281.2	81125	78281.2	81125	
78593.8	79468.8	78593.8	79468.8	78593.8	
80812.5	79312.5	80812.5	79312.5	80812.5	
79531.2	79156.2	79531.2	79156.2	79531.2	
78593.8	80718.8	78593.8	80718.8	78593.8	
81656.2	78531.2	81656.2	78531.2	81656.2	
80718.8	79062.5	80718.8	79062.5	80718.8	
78187.5	79781.2	78187.5	79781.2	78187.5	
79000	80656.2	79000	80656.2	79000	
76312.5	79687.5	76312.5	79687.5	76312.5	
79062.5	78281.2	79062.5	78281.2	79062.5	
77968.8	79062.5	77968.8	79062.5	77968.8	
78125	75750	78125	75750	78125	
78843.8	78281.2	78843.8	78281.2	78843.8	
79218.8	79218.8	79218.8	79218.8	79218.8	
80812.5	79000	80812.5	79000	80812.5	
79000	79062.5	79000	79062.5	79000	
80656.2	78031.2	80656.2	78031.2	80656.2	
79062.5	78343.8	79062.5	78343.8	79062.5	
78687.5	77718.8	78687.5	77718.8	78687.5	
78687.5	79156.2	78687.5	79156.2	78687.5	
82468.8	78906.2	82468.8	78906.2	82468.8	
78750	81187.5	78750	81187.5	78750	
79062.5	82937.5	79062.5	82937.5	79062.5	
76937.5	79000	76937.5	79000	76937.5	
79937.5	79687.5	79937.5	79687.5	79937.5	
78343.8	79312.5	78343.8	79312.5	78343.8	
77812.5	78843.8	77812.5	78843.8	77812.5	
79375	78593.8	79375	78593.8	79375	
80312.5	81187.5	80312.5	81187.5	80312.5	
81031.2	80156.2	81031.2	80156.2	81031.2	
78687.5	79312.5	78687.5	79312.5	78687.5	
78593.8	82843.8	78593.8	82843.8	78593.8	
77656.2	76781.2	77656.2	76781.2	77656.2	
80812.5	79468.8	80812.5	79468.8	80812.5	
78906.2	75843.8	78906.2	75843.8	78906.2	
78343.8	81343.8	78343.8	81343.8	78343.8	
77875	81125	77875	81125	77875	
78531.2	78187.5	78531.2	78187.5	78531.2	
79781.2	78281.2	79781.2	78281.2	79781.2	
80718.8	79625	80718.8	79625	80718.8	
80562.5	77187.5	80562.5	77187.5	80562.5	
80000	79156.2	80000	79156.2	80000	
80000	79218.8	80000	79218.8	80000	
78437.5	80250	78437.5	80250	78437.5	
78125	78343.8	78125	78343.8	78125	
79468.8	80156.2	79468.8	80156.2	79468.8	
77812.5	79687.5	77812.5	79687.5	77812.5	
79062.5	78531.2	79062.5	78531.2	79062.5	
78281.2	80093.8	78281.2	80093.8	78281.2	
80656.2	80093.8	80656.2	80093.8	80656.2	
80656.2	79625	80656.2	79625	80656.2	
78281.2	80968.8	78281.2	80968.8	78281.2	
78437.5	77968.8	78437.5	77968.8	78437.5	
79781.2	80000	79781.2	80000	79781.2	
77812.5	77031.2	77812.5	77031.2	77812.5	
78281.2	78187.5	78281.2	78187.5	78281.2	
78687.5	82531.2	78687.5	82531.2	78687.5	
80812.5	79156.2	80812.5	79156.2	80812.5	
80312.5	79687.5	80312.5	79687.5	80312.5	
79375	78187.5	79375	78187.5	79375	
78187.5	78750	78187.5	78750	78187.5	
78343.8	81437.5	78343.8	81437.5	78343.8	
78531.2	81437.5	78531.2	81437.5	78531.2	
79531.2	80312.5	79531.2	80312.5	79531.2	
79843.8	79843.8	79843.8	79843.8	79843.8	
78125	77500	78125	77500	78125	
77406.2	78531.2	77406.2	78531.2	77406.2	
78593.8	79937.5	78593.8	79937.5	78593.8	
82125	79375	82125	79375	82125	
79000	80718.8	79000	80718.8	79000	
79375	81281.2	79375	81281.2	79375	
80875	77656.2	80875	77656.2	80875	
78031.2	76312.5	78031.2	76312.5	78031.2	
79625	81750	79625	81750	79625	
81500	78750	81500	78750	81500	
79218.8	78437.5	79218.8	78437.5	79218.8	
79156.2	77562.5	79156.2	77562.5	79156.2	
79781.2	79375	79781.2	79375	79781.2	
78843.8	79625	78843.8	79625	78843.8	
79468.8	79687.5	79468.8	79687.5	79468.8	
79156.2	81125	79156.2	81125	79156.2	
78437.5	78281.2	78437.5	78281.2	78437.5	
80656.2	78906.2	80656.2	78906.2	80656.2	
78750	79781.2	78750	79781.2	78750	
77343.8	80000	77343.8	80000	77343.8	
80000	80250	80000	80250	80000	
78593.8	79937.5	78593.8	79937.5	78593.8	
79218.8	79781.2	79218.8	79781.2	79218.8	
77968.8	80156.2	77968.8	80156.2	77968.8	
80250	79843.8	80250	79843.8	80250	
81593.8	77718.8	81593.8	77718.8	81593.8	
77093.8	81187.5	77093.8	81187.5	77093.8	
78187.5	80000	78187.5	80000	78187.5	
78343.8	79156.2	78343.8	79156.2	78343.8	
79000	79312.5	79000	79312.5	79000	
79375	81031.2	79375	81031.2	79375	
79937.5	79781.2	79937.5	79781.2	79937.5	
77968.8	78906.2	77968.8	78906.2	77968.8	
77562.5	78750	77562.5	78750	77562.5	
79156.2	81500	79156.2	81500	79156.2	
78125	78125	78125	78125	78125	
79937.5	78281.2	79937.5	78281.2	79937.5	
77718.8	79468.8	77718.8	79468.8	77718.8	
77656.2	78906.2	77656.2	78906.2	77656.2	
79843.8	77250	79843.8	77250	79843.8	
78281.2	77812.5	78281.2	77812.5	78281.2	
76937.5	79781.2	76937.5	79781.2	76937.5	
78343.8	78906.2	78343.8	78906.2	78343.8	
77250	79156.2	77250	79156.2	77250	
78343.8	79218.8	78343.8	79218.8	78343.8	
77562.5	79531.2	77562.5	79531.2	77562.5	
79531.2	78593.8	79531.2	78593.8	79531.2	
79468.8	79781.2	79468.8	79781.2	79468.8	
80156.2	77656.2	80156.2	77656.2	80156.2	
79468.8	79468.8	79468.8	79468.8	79468.8	
78437.5	81343.8	78437.5	81343.8	78437.5	
79625	80875	79625	80875	79625	
77968.8	77343.8	77968.8	77343.8	77968.8	
79000	79625	79000	79625	79000	
80500	80500	80500	80500	80500	
79218.8	83312.5	79218.8	83312.5	79218.8	
79781.2	78843.8	79781.2	78843.8	79781.2	
78531.2	78531.2	78531.2	78531.2	78531.2	
78187.5	78187.5	78187.5	78187.5	78187.5	
79468.8	80406.2	79468.8	80406.2	79468.8	
80406.2	78531.2	80406.2	78531.2	80406.2	
80156.2	78125	80156.2	78125	80156.2	
80156.2	79531.2	80156.2	79531.2	80156.2	
78437.5	77500	78437.5	77500	78437.5	
77968.8	79375	77968.8	79375	77968.8	
79687.5	82375	79687.5	82375	79687.5	
79468.8	79375	79468.8	79375	79468.8	
78187.5	80562.5	78187.5	80562.5	78187.5	
80656.2	80656.2	80656.2	80656.2	80656.2	
77562.5	78125	77562.5	78125	77562.5	
78750	77718.8	78750	77718.8	78750	
79062.5	79375	79062.5	79375	79062.5	
81125	81187.5	81125	81187.5	81125	
79531.2	78593.8	79531.2	78593.8	79531.2	
79062.5	82218.8	79062.5	82218.8	79062.5	
79062.5	77875	79062.5	77875	79062.5	
79843.8	77343.8	79843.8	77343.8	79843.8	
81812.5	77093.8	81812.5	77093.8	81812.5	
80406.2	76937.5	80406.2	76937.5	80406.2	
80968.8	78750	80968.8	78750	80968.8	
78750	80312.5	78750	80312.5	78750	
78687.5	78343.8	78687.5	78343.8	78687.5	
79937.5	79312.5	79937.5	79312.5	79937.5	
78437.5	80156.2	78437.5	80156.2	78437.5	
77500	80656.2	77500	80656.2	77500	
78593.8	79531.2	78593.8	79531.2	78593.8	
80562.5	77718.8	80562.5	77718.8	80562.5	
79468.8	79625	79468.8	79625	79468.8	
79218.8	79312.5	79218.8	79312.5	79218.8	
78125	79687.5	78125	79687.5	78125	
78343.8	80718.8	78343.8	80718.8	78343.8	
77093.8	77093.8	77093.8	77093.8	77093.8	
78281.2	78687.5	78281.2	78687.5	78281.2	
78343.8	78031.2	78343.8	78031.2	78343.8	
78437.5	78750	78437.5	78750	78437.5	
77250	78593.8	77250	78593.8	77250	
78687.5	77718.8	78687.5	77718.8	78687.5	
79781.2	78187.5	79781.2	78187.5	79781.2	
80875	79937.5	80875	79937.5	80875	
81281.2	79375	81281.2	79375	81281.2	
78906.2	80250	78906.2	80250	78906.2	
81343.8	80718.8	81343.8	80718.8	81343.8	
80000	78750	80000	78750	80000	
81343.8	78187.5	81343.8	78187.5	81343.8	
77812.5	78750	77812.5	78750	77812.5	
77718.8	80093.8	77718.8	80093.8	77718.8	
80656.2	81281.2	80656.2	81281.2	80656.2	
77656.2	80812.5	77656.2	80812.5	77656.2	
80000	80156.2	80000	80156.2	80000	
77968.8	80656.2	77968.8	80656.2	77968.8	
80875	81437.5	80875	81437.5	80875	
78750	82218.8	78750	82218.8	78750	
80093.8	79156.2	80093.8	79156.2	80093.8	
78593.8	77718.8	78593.8	77718.8	78593.8	
79468.8	80312.5	79468.8	80312.5	79468.8	
80562.5	77875	80562.5	77875	80562.5	
80656.2	79062.5	80656.2	79062.5	80656.2	
78750	80156.2	78750	80156.2	78750	
77718.8	78687.5	77718.8	78687.5	77718.8	
79843.8	77968.8	79843.8	77968.8	79843.8	
76937.5	77031.2	76937.5	77031.2	76937.5	
80656.2	80656.2	80656.2	80656.2	80656.2	
80000	78843.8	80000	78843.8	80000	
76625	80718.8	76625	80718.8	76625	
77406.2	78687.5	77406.2	78687.5	77406.2	
78125	79468.8	78125	79468.8	78125	
77656.2	77656.2	77656.2	77656.2	77656.2	
76875	80156.2	76875	80156.2	76875	
78593.8	80156.2	78593.8	80156.2	78593.8	
81031.2	80718.8	81031.2	80718.8	81031.2	
77500	78437.5	77500	78437.5	77500	
79468.8	80250	79468.8	80250	79468.8	
79843.8	77718.8	79843.8	77718.8	79843.8	
79937.5	77562.5	79937.5	77562.5	79937.5	
79687.5	81437.5	79687.5	81437.5	79687.5	
79531.2	79218.8	79531.2	79218.8	79531.2	
78281.2	80250	78281.2	80250	78281.2	
77250	79000	77250	79000	77250	
79781.2	79687.5	79781.2	79687.5	79781.2	
77968.8	79156.2	77968.8	79156.2	77968.8	
80562.5	81031.2	80562.5	81031.2	80562.5	
78187.5	79468.8	78187.5	79468.8	78187.5	
80812.5	79625	80812.5	79625	80812.5	
80000	80656.2	80000	80656.2	80000	
78187.5	80000	78187.5	80000	78187.5	
79937.5	78437.5	79937.5	78437.5	79937.5	
79687.5	79375	79687.5	79375	79687.5	
79937.5	79937.5	79937.5	79937.5	79937.5	
79062.5	76218.8	79062.5	76218.8	79062.5	
77812.5	78593.8	77812.5	78593.8	77812.5	
77250	78750	77250	78750	77250	
81281.2	80968.8	81281.2	80968.8	81281.2	
79000	79781.2	79000	79781.2	79000	
80312.5	79531.2	80312.5	79531.2	80312.5	
78437.5	78531.2	78437.5	78531.2	78437.5	
79375	79843.8	79375	79843.8	79375	
78593.8	78906.2	78593.8	78906.2	78593.8	
78687.5	81125	78687.5	81125	78687.5	
77968.8	81343.8	77968.8	81343.8	77968.8	
78906.2	81437.5	78906.2	81437.5	78906.2	
79687.5	80406.2	79687.5	80406.2	79687.5	
80875	77875	80875	77875	80875	
78531.2	77875	78531.2	77875	78531.2	
79312.5	80156.2	79312.5	80156.2	79312.5	
81187.5	79781.2	81187.5	79781.2	81187.5	
80312.5	81125	80312.5	81125	80312.5	
79937.5	81125	79937.5	81125	79937.5	
77968.8	79375	77968.8	79375	77968.8	
77406.2	79937.5	77406.2	79937.5	77406.2	
80718.8	78437.5	80718.8	78437.5	80718.8	
78125	78687.5	78125	78687.5	78125	
79625	77250	79625	77250	79625	
77562.5	79062.5	77562.5	79062.5	77562.5	
77406.2	79937.5	77406.2	79937.5	77406.2	
77812.5	79687.5	77812.5	79687.5	77812.5	
77968.8	82937.5	77968.8	82937.5	77968.8	
81500	80500	81500	80500	81500	
79062.5	79062.5	79062.5	79062.5	79062.5	
78531.2	81500	78531.2	81500	78531.2	
78750	80000	78750	80000	78750	
79781.2	80000	79781.2	80000	79781.2	
78687.5	79625	78687.5	79625	78687.5	
80312.5	79375	80312.5	79375	80312.5	
77031.2	77406.2	77031.2	77406.2	77031.2	
80968.8	79062.5	80968.8	79062.5	80968.8	
79062.5	80000	79062.5	80000	79062.5	
77718.8	81812.5	77718.8	81812.5	77718.8	
80812.5	77187.5	80812.5	77187.5	80812.5	
81500	79000	81500	79000	81500	
78593.8	79531.2	78593.8	79531.2	78593.8	
79375	81437.5	79375	81437.5	79375	
79781.2	81343.8	79781.2	81343.8	79781.2	
78843.8	77187.5	78843.8	77187.5	78843.8	
78031.2	80406.2	78031.2	80406.2	78031.2	
79937.5	80250	79937.5	80250	79937.5	
81593.8	80875	81593.8	80875	81593.8	
80312.5	78906.2	80312.5	78906.2	80312.5	
79375	80812.5	79375	80812.5	79375	
80875	79218.8	80875	79218.8	80875	
78343.8	80250	78343.8	80250	78343.8	
79375	79156.2	79375	79156.2	79375	
79687.5	80093.8	79687.5	80093.8	79687.5	
76718.8	79625	76718.8	79625	76718.8	
78187.5	77718.8	78187.5	77718.8	78187.5	
79000	79000	79000	79000	79000	
79375	80000	79375	80000	79375	
80312.5	79375	80312.5	79375	80312.5	
76781.2	80250	76781.2	80250	76781.2	
80812.5	79312.5	80812.5	79312.5	80812.5	
78531.2	78343.8	78531.2	78343.8	78531.2	
79687.5	80000	79687.5	80000	79687.5	
82375	79843.8	82375	79843.8	82375	
79468.8	77875	79468.8	77875	79468.8	
80718.8	81656.2	80718.8	81656.2	80718.8	
78750	80406.2	78750	80406.2	78750	
79375	79062.5	79375	79062.5	79375	
79781.2	80093.8	79781.2	80093.8	79781.2	
81437.5	78750	81437.5	78750	81437.5	
77500	81281.2	77500	81281.2	77500	
79062.5	81750	79062.5	81750	79062.5	
80656.2	78593.8	80656.2	78593.8	80656.2	
79375	79218.8	79375	79218.8	79375	
79625	79687.5	79625	79687.5	79625	
78437.5	80000	78437.5	80000	78437.5	
77968.8	80562.5	77968.8	80562.5	77968.8	
80812.5	76937.5	80812.5	76937.5	80812.5	
78750	78187.5	78750	78187.5	78750	
77250	78750	77250	78750	77250	
79843.8	78125	79843.8	78125	79843.8	
78687.5	78343.8	78687.5	78343.8	78687.5	
79468.8	77812.5	79468.8	77812.5	79468.8	
79843.8	78125	79843.8	78125	79843.8	
77187.5	81281.2	77187.5	81281.2	77187.5	
79000	81750	79000	81750	79000	
80250	78187.5	80250	78187.5	80250	
77343.8	78593.8	77343.8	78593.8	77343.8	
79781.2	79062.5	79781.2	79062.5	79781.2	
79843.8	80156.2	79843.8	80156.2	79843.8	
79000	78687.5	79000	78687.5	79000	
80093.8	82062.5	80093.8	82062.5	80093.8	
79937.5	77406.2	79937.5	77406.2	79937.5	
78906.2	78750	78906.2	78750	78906.2	
77875	79156.2	77875	79156.2	77875	
80562.5	80093.8	80562.5	80093.8	80562.5	
80312.5	79468.8	80312.5	79468.8	80312.5	
79312.5	78187.5	79312.5	78187.5	79312.5	
78843.8	78281.2	78843.8	78281.2	78843.8	
78281.2	78593.8	78281.2	78593.8	78281.2	
79937.5	78906.2	79937.5	78906.2	79937.5	
79375	80656.2	79375	80656.2	79375	
81500	78281.2	81500	78281.2	81500	
79375	79781.2	79375	79781.2	79375	
78343.8	78031.2	78343.8	78031.2	78343.8	
79312.5	79312.5	79312.5	79312.5	79312.5	
78125	79062.5	78125	79062.5	78125	
76625	78531.2	76625	78531.2	76625	
77343.8	79218.8	77343.8	79218.8	77343.8	
79156.2	80093.8	79156.2	80093.8	79156.2	
80406.2	78843.8	80406.2	78843.8	80406.2	
77656.2	81281.2	77656.2	81281.2	77656.2	
80156.2	80812.5	80156.2	80812.5	80156.2	
78343.8	78531.2	78343.8	78531.2	78343.8	
80500	77343.8	80500	77343.8	80500	
79531.2	81906.2	79531.2	81906.2	79531.2	
79312.5	80656.2	79312.5	80656.2	79312.5	
79625	79781.2	79625	79781.2	79625	
79156.2	80500	79156.2	80500	79156.2	
78843.8	77406.2	78843.8	77406.2	78843.8	
78531.2	80312.5	78531.2	80312.5	78531.2	
78531.2	80000	78531.2	80000	78531.2	
80875	79375	80875	79375	80875	
77343.8	80093.8	77343.8	80093.8	77343.8	
79531.2	79937.5	79531.2	79937.5	79531.2	
79375	79375	79375	79375	79375	
80656.2	79062.5	80656.2	79062.5	80656.2	
81187.5	80156.2	81187.5	80156.2	81187.5	
80562.5	79218.8	80562.5	79218.8	80562.5	
77562.5	79781.2	77562.5	79781.2	77562.5	
78281.2	79531.2	78281.2	79531.2	78281.2	
77343.8	81437.5	77343.8	81437.5	77343.8	
79937.5	78687.5	79937.5	78687.5	79937.5	
79937.5	81343.8	79937.5	81343.8	79937.5	
78750	78750	78750	78750	78750	
80718.8	79625	80718.8	79625	80718.8	
80250	79468.8	80250	79468.8	80250	
77718.8	79156.2	77718.8	79156.2	77718.8	
77093.8	79218.8	77093.8	79218.8	77093.8	
79218.8	79687.5	79218.8	79687.5	79218.8	
80000	79781.2	80000	79781.2	80000	
80406.2	76875	80406.2	76875	80406.2	
79156.2	80156.2	79156.2	80156.2	79156.2	
77718.8	81656.2	77718.8	81656.2	77718.8	
78531.2	79062.5	78531.2	79062.5	78531.2	
80000	78906.2	80000	78906.2	80000	
79375	80000	79375	80000	79375	
79062.5	77406.2	79062.5	77406.2	79062.5	
78843.8	78593.8	78843.8	78593.8	78843.8	
80500	79843.8	80500	79843.8	80500	
77187.5	81031.2	77187.5	81031.2	77187.5	
78281.2	80156.2	78281.2	80156.2	78281.2	
78593.8	79312.5	78593.8	79312.5	78593.8	
78906.2	79000	78906.2	79000	78906.2	
81343.8	77562.5	81343.8	77562.5	81343.8	
78593.8	79062.5	78593.8	79062.5	78593.8	
79468.8	80718.8	79468.8	80718.8	79468.8	
77875	80250	77875	80250	77875	
76781.2	79000	76781.2	79000	76781.2	
79062.5	78906.2	79062.5	78906.2	79062.5	
80093.8	82375	80093.8	82375	80093.8	
77656.2	79531.2	77656.2	79531.2	77656.2	
81906.2	76781.2	81906.2	76781.2	81906.2	
80093.8	78531.2	80093.8	78531.2	80093.8	
79062.5	78843.8	79062.5	78843.8	79062.5	
79375	79000	79375	79000	79375	
79625	78031.2	79625	78031.2	79625	
78281.2	82468.8	78281.2	82468.8	78281.2	
78125	77968.8	78125	77968.8	78125	
80812.5	82531.2	80812.5	82531.2	80812.5	
79218.8	78687.5	79218.8	78687.5	79218.8	
78187.5	78843.8	78187.5	78843.8	78187.5	
77406.2	77875	77406.2	77875	77406.2	
78750	80250	78750	80250	78750	
79937.5	79531.2	79937.5	79531.2	79937.5	
78843.8	79156.2	78843.8	79156.2	78843.8	
78125	78750	78125	78750	78125	
79312.5	79375	79312.5	79375	79312.5	
79062.5	80093.8	79062.5	80093.8	79062.5	
79625	78843.8	79625	78843.8	79625	
77656.2	79687.5	77656.2	79687.5	77656.2	
80812.5	80000	80812.5	80000	80812.5	
77718.8	81125	77718.8	81125	77718.8	
78281.2	77656.2	78281.2	77656.2	78281.2	
80562.5	82062.5	80562.5	82062.5	80562.5	
78687.5	80312.5	78687.5	80312.5	78687.5	
79781.2	78750	79781.2	78750	79781.2	
80250	77718.8	80250	77718.8	80250	
77250	80093.8	77250	80093.8	77250	
78843.8	80406.2	78843.8	80406.2	78843.8	
77718.8	80500	77718.8	80500	77718.8	
79218.8	79375	79218.8	79375	79218.8	
79625	79625	79625	79625	79625	
81125	78750	81125	78750	81125	
78281.2	79843.8	78281.2	79843.8	78281.2	
80406.2	78343.8	80406.2	78343.8	80406.2	
80718.8	79062.5	80718.8	79062.5	80718.8	
77875	79312.5	77875	79312.5	77875	
78031.2	78437.5	78031.2	78437.5	78031.2	
79312.5	80093.8	79312.5	80093.8	79312.5	
77968.8	79625	77968.8	79625	77968.8	
77812.5	78906.2	77812.5	78906.2	77812.5	
79843.8	79937.5	79843.8	79937.5	79843.8	
78843.8	79843.8	78843.8	79843.8	78843.8	
79000	79687.5	79000	79687.5	79000	
78031.2	80406.2	78031.2	80406.2	78031.2	
79531.2	81656.2	79531.2	81656.2	79531.2	
81500	79468.8	81500	79468.8	81500	
77812.5	80093.8	77812.5	80093.8	77812.5	
79000	77656.2	79000	77656.2	79000	
78843.8	80156.2	78843.8	80156.2	78843.8	
79312.5	80812.5	79312.5	80812.5	79312.5	
79000	80156.2	79000	80156.2	79000	
79062.5	78906.2	79062.5	78906.2	79062.5	
80406.2	78531.2	80406.2	78531.2	80406.2	
79843.8	79781.2	79843.8	79781.2	79843.8	
78343.8	80093.8	78343.8	80093.8	78343.8	
78843.8	76468.8	78843.8	76468.8	78843.8	
79687.5	79625	79687.5	79625	79687.5	
80656.2	77968.8	80656.2	77968.8	80656.2	
80718.8	78750	80718.8	78750	80718.8	
79468.8	79843.8	79468.8	79843.8	79468.8	
77187.5	79625	77187.5	79625	77187.5	
79062.5	77875	79062.5	77875	79062.5	
79531.2	77562.5	79531.2	77562.5	79531.2	
77812.5	78281.2	77812.5	78281.2	77812.5	
77500	80406.2	77500	80406.2	77500	
80156.2	77875	80156.2	77875	80156.2	
80000	77500	80000	77500	80000	
78031.2	79531.2	78031.2	79531.2	78031.2	
78437.5	77718.8	78437.5	77718.8	78437.5	
79531.2	79375	79531.2	79375	79531.2	
80718.8	77812.5	80718.8	77812.5	80718.8	
80000	80312.5	80000	80312.5	80000	
78687.5	80562.5	78687.5	80562.5	78687.5	
81437.5	79625	81437.5	79625	81437.5	
80093.8	77500	80093.8	77500	80093.8	
80812.5	78750	80812.5	78750	80812.5	
80968.8	81593.8	80968.8	81593.8	80968.8	
76156.2	78531.2	76156.2	78531.2	76156.2	
80406.2	76312.5	80406.2	76312.5	80406.2	
80312.5	80968.8	80312.5	80968.8	80312.5	
79937.5	79062.5	79937.5	79062.5	79937.5	
78906.2	78906.2	78906.2	78906.2	78906.2	
77718.8	80812.5	77718.8	80812.5	77718.8	
76375	78906.2	76375	78906.2	76375	
79375	79687.5	79375	79687.5	79375	
79312.5	78593.8	79312.5	78593.8	79312.5	
79312.5	78343.8	79312.5	78343.8	79312.5	
80250	79937.5	80250	79937.5	80250	
80875	78187.5	80875	78187.5	80875	
80312.5	79062.5	80312.5	79062.5	80312.5	
81031.2	78531.2	81031.2	78531.2	81031.2	
79468.8	79000	79468.8	79000	79468.8	
79781.2	80406.2	79781.2	80406.2	79781.2	
78343.8	79687.5	78343.8	79687.5	78343.8	
82375	79375	82375	79375	82375	
80312.5	79375	80312.5	79375	80312.5	
81125	79625	81125	79625	81125	
79218.8	78125	79218.8	78125	79218.8	
77562.5	78125	77562.5	78125	77562.5	
80718.8	78281.2	80718.8	78281.2	80718.8	
78750	78906.2	78750	78906.2	78750	
80250	78687.5	80250	78687.5	80250	
78687.5	80812.5	78687.5	80812.5	78687.5	
78437.5	80000	78437.5	80000	78437.5	
78437.5	80406.2	78437.5	80406.2	78437.5	
79843.8	76937.5	79843.8	76937.5	79843.8	
81968.8	80718.8	81968.8	80718.8	81968.8	
79625	79937.5	79625	79937.5	79625	
79531.2	79531.2	79531.2	79531.2	79531.2	
79687.5	80312.5	79687.5	80312.5	79687.5	
76781.2	79687.5	76781.2	79687.5	76781.2	
81281.2	77812.5	81281.2	77812.5	81281.2	
78187.5	79781.2	78187.5	79781.2	78187.5	
79468.8	77875	79468.8	77875	79468.8	
79843.8	77656.2	79843.8	77656.2	79843.8	
79156.2	81125	79156.2	81125	79156.2	
78437.5	80000	78437.5	80000	78437.5	
77656.2	78906.2	77656.2	78906.2	77656.2	
78281.2	77187.5	78281.2	77187.5	78281.2	
80250	80250	80250	80250	80250	
80156.2	79000	80156.2	79000	80156.2	
78437.5	77968.8	78437.5	77968.8	78437.5	
81968.8	79781.2	81968.8	79781.2	81968.8	
76000	78437.5	76000	78437.5	76000	
81343.8	79937.5	81343.8	79937.5	81343.8	
80250	83562.5	80250	83562.5	80250	
80656.2	80406.2	80656.2	80406.2	80656.2	
79531.2	78437.5	79531.2	78437.5	79531.2	
79531.2	79843.8	79531.2	79843.8	79531.2	
79062.5	80406.2	79062.5	80406.2	79062.5	
79312.5	81593.8	79312.5	81593.8	79312.5	
79843.8	77343.8	79843.8	77343.8	79843.8	
80250	79375	80250	79375	80250	
81031.2	79156.2	81031.2	79156.2	81031.2	
80812.5	77343.8	80812.5	77343.8	80812.5	
79468.8	78593.8	79468.8	78593.8	79468.8	
80406.2	78843.8	80406.2	78843.8	80406.2	
79312.5	78437.5	79312.5	78437.5	79312.5	
82375	79531.2	82375	79531.2	82375	
78031.2	79000	78031.2	79000	78031.2	
79062.5	76937.5	79062.5	76937.5	79062.5	
81281.2	78437.5	81281.2	78437.5	81281.2	
78343.8	80156.2	78343.8	80156.2	78343.8	
79156.2	80406.2	79156.2	80406.2	79156.2	
76625	80093.8	76625	80093.8	76625	
79375	79375	79375	79375	79375	
79218.8	78906.2	79218.8	78906.2	79218.8	
79781.2	78687.5	79781.2	78687.5	79781.2	
82687.5	81125	82687.5	81125	82687.5	
78750	79687.5	78750	79687.5	78750	
79531.2	77812.5	79531.2	77812.5	79531.2	
79937.5	79000	79937.5	79000	79937.5	
79843.8	80250	79843.8	80250	79843.8	
77718.8	80562.5	77718.8	80562.5	77718.8	
79375	78281.2	79375	78281.2	79375	
81968.8	80812.5	81968.8	80812.5	81968.8	
79625	78031.2	79625	78031.2	79625	
78531.2	78531.2	78531.2	78531.2	78531.2	
78343.8	79625	78343.8	79625	78343.8	
78906.2	76312.5	78906.2	76312.5	78906.2	
79687.5	77718.8	79687.5	77718.8	79687.5	
79468.8	78187.5	79468.8	78187.5	79468.8	
78437.5	78906.2	78437.5	78906.2	78437.5	
80406.2	77875	80406.2	77875	80406.2	
79937.5	79843.8	79937.5	79843.8	79937.5	
79218.8	80875	79218.8	80875	79218.8	
77031.2	80812.5	77031.2	80812.5	77031.2	
80000	79781.2	80000	79781.2	80000	
77812.5	78125	77812.5	78125	77812.5	
77718.8	77562.5	77718.8	77562.5	77718.8	
80406.2	79781.2	80406.2	79781.2	80406.2	
76937.5	77875	76937.5	77875	76937.5	
77500	79062.5	77500	79062.5	77500	
79218.8	80156.2	79218.8	80156.2	79218.8	
79156.2	80000	79156.2	80000	79156.2	
80500	78750	80500	78750	80500	
77812.5	78281.2	77812.5	78281.2	77812.5	
78125	79531.2	78125	79531.2	78125	
80875	77718.8	80875	77718.8	80875	
80500	79062.5	80500	79062.5	80500	
78843.8	79531.2	78843.8	79531.2	78843.8	
78593.8	81031.2	78593.8	81031.2	78593.8	
77968.8	81031.2	77968.8	81031.2	77968.8	
79156.2	76937.5	79156.2	76937.5	79156.2	
77875	79062.5	77875	79062.5	77875	
79218.8	79156.2	79218.8	79156.2	79218.8	
79156.2	79062.5	79156.2	79062.5	79156.2	
80718.8	75750	80718.8	75750	80718.8	
78437.5	77187.5	78437.5	77187.5	78437.5	
79375	77500	79375	77500	79375	
80718.8	80000	80718.8	80000	80718.8	
77968.8	77812.5	77968.8	77812.5	77968.8	
81125	77406.2	81125	77406.2	81125	
78281.2	79531.2	78281.2	79531.2	78281.2	
80656.2	78593.8	80656.2	78593.8	80656.2	
78437.5	78437.5	78437.5	78437.5	78437.5	
78031.2	80812.5	78031.2	80812.5	78031.2	
79156.2	78343.8	79156.2	78343.8	79156.2	
80406.2	79312.5	80406.2	79312.5	80406.2	
78906.2	78531.2	78906.2	78531.2	78906.2	
79218.8	77812.5	79218.8	77812.5	79218.8	
77250	80718.8	77250	80718.8	77250	
78906.2	79000	78906.2	79000	78906.2	
78593.8	78531.2	78593.8	78531.2	78593.8	
80562.5	77656.2	80562.5	77656.2	80562.5	
80250	77812.5	80250	77812.5	80250	
79062.5	81750	79062.5	81750	79062.5	
77718.8	78031.2	77718.8	78031.2	77718.8	
77406.2	80156.2	77406.2	80156.2	77406.2	
78343.8	80406.2	78343.8	80406.2	78343.8	
79468.8	80500	79468.8	80500	79468.8	
77343.8	80875	77343.8	80875	77343.8	
79937.5	78187.5	79937.5	78187.5	79937.5	
80406.2	79312.5	80406.2	79312.5	80406.2	
79468.8	77812.5	79468.8	77812.5	79468.8	
80000	79468.8	80000	79468.8	80000	
77875	77562.5	77875	77562.5	77875	
80718.8	80000	80718.8	80000	80718.8	
80812.5	78687.5	80812.5	78687.5	80812.5	
79843.8	80812.5	79843.8	80812.5	79843.8	
77656.2	78437.5	77656.2	78437.5	77656.2	
78593.8	77812.5	78593.8	77812.5	78593.8	
80312.5	80000	80312.5	80000	80312.5	
79000	77562.5	79000	77562.5	79000	
77093.8	78531.2	77093.8	78531.2	77093.8	
79625	81750	79625	81750	79625	
81031.2	80312.5	81031.2	80312.5	81031.2	
80500	80312.5	80500	80312.5	80500	
81031.2	77187.5	81031.2	77187.5	81031.2	
78031.2	76718.8	78031.2	76718.8	78031.2	
79312.5	79781.2	79312.5	79781.2	79312.5	
78125	78125	78125	78125	78125	
78187.5	77656.2	78187.5	77656.2	78187.5	
79531.2	79843.8	79531.2	79843.8	79531.2	
77406.2	77406.2	77406.2	77406.2	77406.2	
80250	77968.8	80250	77968.8	80250	
80656.2	78437.5	80656.2	78437.5	80656.2	
78125	78687.5	78125	78687.5	78125	
78343.8	79156.2	78343.8	79156.2	78343.8	
79312.5	78687.5	79312.5	78687.5	79312.5	
81343.8	78187.5	81343.8	78187.5	81343.8	
80656.2	80000	80656.2	80000	80656.2	
78125	79312.5	78125	79312.5	78125	
80562.5	79375	80562.5	79375	80562.5	
79468.8	79468.8	79468.8	79468.8	79468.8	
79531.2	78906.2	79531.2	78906.2	79531.2	
78593.8	81125	78593.8	81125	78593.8	
80968.8	78843.8	80968.8	78843.8	80968.8	
80093.8	78281.2	80093.8	78281.2	80093.8	
79531.2	77656.2	79531.2	77656.2	79531.2	
79156.2	79156.2	79156.2	79156.2	79156.2	
78187.5	80718.8	78187.5	80718.8	78187.5	
76062.5	79843.8	76062.5	79843.8	76062.5	
78906.2	80250	78906.2	80250	78906.2	
80093.8	80562.5	80093.8	80562.5	80093.8	
79843.8	80312.5	79843.8	80312.5	79843.8	
81281.2	80656.2	81281.2	80656.2	81281.2	
80093.8	78343.8	80093.8	78343.8	80093.8	
80093.8	78187.5	80093.8	78187.5	80093.8	
78750	80250	78750	80250	78750	
79000	77500	79000	77500	79000	
80968.8	78125	80968.8	78125	80968.8	
79218.8	78531.2	79218.8	78531.2	79218.8	
76562.5	79218.8	76562.5	79218.8	76562.5	
79062.5	79000	79062.5	79000	79062.5	
79156.2	80156.2	79156.2	80156.2	79156.2	
79218.8	76718.8	79218.8	76718.8	79218.8	
80406.2	80500	80406.2	80500	80406.2	
78593.8	80093.8	78593.8	80093.8	78593.8	
78593.8	79312.5	78593.8	79312.5	78593.8	
78437.5	77718.8	78437.5	77718.8	78437.5	
79000	77093.8	79000	77093.8	79000	
77968.8	78031.2	77968.8	78031.2	77968.8	
79625	78750	79625	78750	79625	
78343.8	80875	78343.8	80875	78343.8	
78750	80406.2	78750	80406.2	78750	
78687.5	79468.8	78687.5	79468.8	78687.5	
79312.5	79781.2	79312.5	79781.2	79312.5	
78843.8	79375	78843.8	79375	78843.8	
79312.5	79312.5	79312.5	79312.5	79312.5	
78750	79843.8	78750	79843.8	78750	
79000	78750	79000	78750	79000	
78843.8	80968.8	78843.8	80968.8	78843.8	
78281.2	79218.8	78281.2	79218.8	78281.2	
79468.8	79468.8	79468.8	79468.8	79468.8	
80312.5	81031.2	80312.5	81031.2	80312.5	
79625	77812.5	79625	77812.5	79625	
80312.5	81281.2	80312.5	81281.2	80312.5	
77875	80875	77875	80875	77875	
78281.2	80812.5	78281.2	80812.5	78281.2	
78437.5	78125	78437.5	78125	78437.5	
81187.5	80812.5	81187.5	80812.5	81187.5	
79531.2	79218.8	79531.2	79218.8	79531.2	
79531.2	78843.8	79531.2	78843.8	79531.2	
79000	79625	79000	79625	79000	
78750	80000	78750	80000	78750	
78031.2	79000	78031.2	79000	78031.2	
80718.8	80718.8	80718.8	80718.8	80718.8	
80562.5	78281.2	80562.5	78281.2	80562.5	
78343.8	80093.8	78343.8	80093.8	78343.8	
80500	78906.2	80500	78906.2	80500	
79000	79468.8	79000	79468.8	79000	
77187.5	80000	77187.5	80000	77187.5	
79156.2	79000	79156.2	79000	79156.2	
76625	80000	76625	80000	76625	
79781.2	76781.2	79781.2	76781.2	79781.2	
78843.8	79218.8	78843.8	79218.8	78843.8	
77968.8	79843.8	77968.8	79843.8	77968.8	
80500	78187.5	80500	78187.5	80500	
80156.2	77343.8	80156.2	77343.8	80156.2	
79531.2	78531.2	79531.2	78531.2	79531.2	
75125	78187.5	75125	78187.5	75125	
79625	78687.5	79625	78687.5	79625	
79781.2	77031.2	79781.2	77031.2	79781.2	
80562.5	79000	80562.5	79000	80562.5	
80718.8	78281.2	80718.8	78281.2	80718.8	
78687.5	79531.2	78687.5	79531.2	78687.5	
77562.5	77250	77562.5	77250	77562.5	
79218.8	78843.8	79218.8	78843.8	79218.8	
76625	78187.5	76625	78187.5	76625	
81281.2	79156.2	81281.2	79156.2	81281.2	
80562.5	78187.5	80562.5	78187.5	80562.5	
78750	79062.5	78750	79062.5	78750	
79312.5	78750	79312.5	78750	79312.5	
77500	77968.8	77500	77968.8	77500	
79375	79531.2	79375	79531.2	79375	
80718.8	77656.2	80718.8	77656.2	80718.8	
79843.8	78437.5	79843.8	78437.5	79843.8	
79312.5	77968.8	79312.5	77968.8	79312.5	
78750	78843.8	78750	78843.8	78750	
77187.5	77875	77187.5	77875	77187.5	
80000	79625	80000	79625	80000	
78687.5	78437.5	78687.5	78437.5	78687.5	
79625	79312.5	79625	79312.5	79625	
78906.2	79218.8	78906.2	79218.8	78906.2	
77187.5	79375	77187.5	79375	77187.5	
79218.8	78843.8	79218.8	78843.8	79218.8	
80406.2	77343.8	80406.2	77343.8	80406.2	
79156.2	79625	79156.2	79625	79156.2	
78187.5	81656.2	78187.5	81656.2	78187.5	
79375	79375	79375	79375	79375	
76625	79687.5	76625	79687.5	76625	
79843.8	79000	79843.8	79000	79843.8	
80156.2	79937.5	80156.2	79937.5	80156.2	
77968.8	78593.8	77968.8	78593.8	77968.8	
79375	79531.2	79375	79531.2	79375	
79062.5	80312.5	79062.5	80312.5	79062.5	
80875	80406.2	80875	80406.2	80875	
79468.8	79781.2	79468.8	79781.2	79468.8	
79156.2	77875	79156.2	77875	79156.2	
78437.5	78343.8	78437.5	78343.8	78437.5	
80500	79375	80500	79375	80500	
77562.5	79843.8	77562.5	79843.8	77562.5	
78750	76718.8	78750	76718.8	78750	
77187.5	78906.2	77187.5	78906.2	77187.5	
78750	80093.8	78750	80093.8	78750	
81656.2	77968.8	81656.2	77968.8	81656.2	
80656.2	80562.5	80656.2	80562.5	80656.2	
82062.5	78843.8	82062.5	78843.8	82062.5	
78750	78031.2	78750	78031.2	78750	
79843.8	78750	79843.8	78750	79843.8	
77187.5	77718.8	77187.5	77718.8	77187.5	
79218.8	77250	79218.8	77250	79218.8	
78343.8	79375	78343.8	79375	78343.8	
80312.5	76937.5	80312.5	76937.5	80312.5	
79468.8	80968.8	79468.8	80968.8	79468.8	
78437.5	80406.2	78437.5	80406.2	78437.5	
80093.8	78281.2	80093.8	78281.2	80093.8	
77875	78125	77875	78125	77875	
78593.8	79687.5	78593.8	79687.5	78593.8	
78281.2	78437.5	78281.2	78437.5	78281.2	
79843.8	79218.8	79843.8	79218.8	79843.8	
76875	79156.2	76875	79156.2	76875	
80000	80156.2	80000	80156.2	80000	
79312.5	79375	79312.5	79375	79312.5	
80250	79843.8	80250	79843.8	80250	
80093.8	80093.8	80093.8	80093.8	80093.8	
79218.8	78437.5	79218.8	78437.5	79218.8	
78593.8	79312.5	78593.8	79312.5	78593.8	
79000	80156.2	79000	80156.2	79000	
76937.5	79000	76937.5	79000	76937.5	
78281.2	78906.2	78281.2	78906.2	78281.2	
78843.8	79687.5	78843.8	79687.5	78843.8	
77875	79468.8	77875	79468.8	77875	
80406.2	79781.2	80406.2	79781.2	80406.2	
79531.2	78687.5	79531.2	78687.5	79531.2	
78343.8	80718.8	78343.8	80718.8	78343.8	
78125	80500	78125	80500	78125	
77812.5	79531.2	77812.5	79531.2	77812.5	
78281.2	78125	78281.2	78125	78281.2	
78343.8	76468.8	78343.8	76468.8	78343.8	
80406.2	79531.2	80406.2	79531.2	80406.2	
78750	79781.2	78750	79781.2	78750	
77187.5	76937.5	77187.5	76937.5	77187.5	
77875	79531.2	77875	79531.2	77875	
80093.8	79468.8	80093.8	79468.8	80093.8	
80500	81031.2	80500	81031.2	80500	
80656.2	79375	80656.2	79375	80656.2	
80812.5	77812.5	80812.5	77812.5	80812.5	
78281.2	78031.2	78281.2	78031.2	78281.2	
78906.2	79531.2	78906.2	79531.2	78906.2	
78843.8	77812.5	78843.8	77812.5	78843.8	
77812.5	78437.5	77812.5	78437.5	77812.5	
80875	77656.2	80875	77656.2	80875	
79156.2	82312.5	79156.2	82312.5	79156.2	
78343.8	80093.8	78343.8	80093.8	78343.8	
79062.5	78437.5	79062.5	78437.5	79062.5	
79062.5	79062.5	79062.5	79062.5	79062.5	
78843.8	80250	78843.8	80250	78843.8	
77656.2	79687.5	77656.2	79687.5	77656.2	
80718.8	78906.2	80718.8	78906.2	80718.8	
82375	78281.2	82375	78281.2	82375	
79687.5	79531.2	79687.5	79531.2	79687.5	
79531.2	79312.5	79531.2	79312.5	79531.2	
78843.8	77343.8	78843.8	77343.8	78843.8	
79375	78187.5	79375	78187.5	79375	
79937.5	79625	79937.5	79625	79937.5	
78281.2	78687.5	78281.2	78687.5	78281.2	
81031.2	79937.5	81031.2	79937.5	81031.2	
76062.5	79468.8	76062.5	79468.8	76062.5	
80968.8	81125	80968.8	81125	80968.8	
80875	78187.5	80875	78187.5	80875	
81343.8	79781.2	81343.8	79781.2	81343.8	
78437.5	78687.5	78437.5	78687.5	78437.5	
79156.2	78125	79156.2	78125	79156.2	
79218.8	78031.2	79218.8	78031.2	79218.8	
79000	79531.2	79000	79531.2	79000	
79062.5	79843.8	79062.5	79843.8	79062.5	
78437.5	84812.5	78437.5	84812.5	78437.5	
78281.2	81437.5	78281.2	81437.5	78281.2	
78531.2	77562.5	78531.2	77562.5	78531.2	
81031.2	79312.5	81031.2	79312.5	81031.2	
80500	78531.2	80500	78531.2	80500	
79687.5	78281.2	79687.5	78281.2	79687.5	
80093.8	77875	80093.8	77875	80093.8	
77500	77968.8	77500	77968.8	77500	
79687.5	76468.8	79687.5	76468.8	79687.5	
79312.5	79375	79312.5	79375	79312.5	
81750	77093.8	81750	77093.8	81750	
79062.5	78593.8	79062.5	78593.8	79062.5	
76062.5	78843.8	76062.5	78843.8	76062.5	
78281.2	78843.8	78281.2	78843.8	78281.2	
79468.8	81437.5	79468.8	81437.5	79468.8	
80406.2	77875	80406.2	77875	80406.2	
80312.5	78343.8	80312.5	78343.8	80312.5	
78687.5	78593.8	78687.5	78593.8	78687.5	
81968.8	81125	81968.8	81125	81968.8	
79375	79781.2	79375	79781.2	79375	
80656.2	79843.8	80656.2	79843.8	80656.2	
79843.8	76625	79843.8	76625	79843.8	
79781.2	78187.5	79781.2	78187.5	79781.2	
78593.8	77718.8	78593.8	77718.8	78593.8	
78593.8	79687.5	78593.8	79687.5	78593.8	
78906.2	79468.8	78906.2	79468.8	78906.2	
79625	79687.5	79625	79687.5	79625	
77656.2	78437.5	77656.2	78437.5	77656.2	
80250	81031.2	80250	81031.2	80250	
78531.2	80000	78531.2	80000	78531.2	
79000	78593.8	79000	78593.8	79000	
81656.2	79843.8	81656.2	79843.8	81656.2	
78531.2	79843.8	78531.2	79843.8	78531.2	
79937.5	78906.2	79937.5	78906.2	79937.5	
80812.5	80156.2	80812.5	80156.2	80812.5	
79937.5	80406.2	79937.5	80406.2	79937.5	
81125	81187.5	81125	81187.5	81125	
78437.5	78343.8	78437.5	78343.8	78437.5	
78531.2	80718.8	78531.2	80718.8	78531.2	
81031.2	79312.5	81031.2	79312.5	81031.2	
78343.8	76562.5	78343.8	76562.5	78343.8	
77718.8	79468.8	77718.8	79468.8	77718.8	
80656.2	79937.5	80656.2	79937.5	80656.2	
77812.5	78125	77812.5	78125	77812.5	
79218.8	80875	79218.8	80875	79218.8	
78187.5	79843.8	78187.5	79843.8	78187.5	
77718.8	79531.2	77718.8	79531.2	77718.8	
77500	78343.8	77500	78343.8	77500	
78906.2	81281.2	78906.2	81281.2	78906.2	
80250	78031.2	80250	78031.2	80250	
78281.2	76781.2	78281.2	76781.2	78281.2	
78187.5	79000	78187.5	79000	78187.5	
81125	79468.8	81125	79468.8	81125	
78187.5	79687.5	78187.5	79687.5	78187.5	
79312.5	76000	79312.5	76000	79312.5	
81500	77406.2	81500	77406.2	81500	
76875	80250	76875	80250	76875	
78531.2	78125	78531.2	78125	78531.2	
79531.2	79218.8	79531.2	79218.8	79531.2	
79781.2	77968.8	79781.2	77968.8	79781.2	
78531.2	79312.5	78531.2	79312.5	78531.2	
78437.5	77718.8	78437.5	77718.8	78437.5	
80968.8	77500	80968.8	77500	80968.8	
79156.2	79937.5	79156.2	79937.5	79156.2	
80500	78031.2	80500	78031.2	80500	
79062.5	80250	79062.5	80250	79062.5	
78593.8	80718.8	78593.8	80718.8	78593.8	
79531.2	79531.2	79531.2	79531.2	79531.2	
79687.5	81031.2	79687.5	81031.2	79687.5	
80093.8	80250	80093.8	80250	80093.8	
79062.5	78843.8	79062.5	78843.8	79062.5	
79625	77968.8	79625	77968.8	79625	
80093.8	79625	80093.8	79625	80093.8	
79062.5	80000	79062.5	80000	79062.5	
80812.5	76000	80812.5	76000	80812.5	
79062.5	81281.2	79062.5	81281.2	79062.5	
76312.5	79781.2	76312.5	79781.2	76312.5	
78906.2	79781.2	78906.2	79781.2	78906.2	
77968.8	79062.5	77968.8	79062.5	77968.8	
78843.8	78281.2	78843.8	78281.2	78843.8	
78281.2	80500	78281.2	80500	78281.2	
78281.2	80500	78281.2	80500	78281.2	
77406.2	77812.5	77406.2	77812.5	77406.2	
78843.8	78593.8	78843.8	78593.8	78843.8	
79218.8	77875	79218.8	77875	79218.8	
76468.8	78687.5	76468.8	78687.5	76468.8	
78531.2	78687.5	78531.2	78687.5	78531.2	
80562.5	77500	80562.5	77500	80562.5	
79062.5	77562.5	79062.5	77562.5	79062.5	
79312.5	78593.8	79312.5	78593.8	79312.5	
77718.8	76625	77718.8	76625	77718.8	
79375	80093.8	79375	80093.8	79375	
81031.2	80000	81031.2	80000	81031.2	
80312.5	78125	80312.5	78125	80312.5	
78687.5	78687.5	78687.5	78687.5	78687.5	
80250	78593.8	80250	78593.8	80250	
77656.2	78125	77656.2	78125	77656.2	
79218.8	79687.5	79218.8	79687.5	79218.8	
81437.5	79531.2	81437.5	79531.2	81437.5	
79625	80562.5	79625	80562.5	79625	
77250	79000	77250	79000	77250	
80875	78437.5	80875	78437.5	80875	
79000	78750	79000	78750	79000	
78687.5	78531.2	78687.5	78531.2	78687.5	
77562.5	77250	77562.5	77250	77562.5	
78750	79312.5	78750	79312.5	78750	
78031.2	78750	78031.2	78750	78031.2	
78687.5	80312.5	78687.5	80312.5	78687.5	
78031.2	80156.2	78031.2	80156.2	78031.2	
79218.8	78593.8	79218.8	78593.8	79218.8	
77187.5	78843.8	77187.5	78843.8	77187.5	
78843.8	80812.5	78843.8	80812.5	78843.8	
77718.8	81125	77718.8	81125	77718.8	
78687.5	78687.5	78687.5	78687.5	78687.5	
78843.8	78531.2	78843.8	78531.2	78843.8	
80312.5	79218.8	80312.5	79218.8	80312.5	
77812.5	77562.5	77812.5	77562.5	77812.5	
81031.2	77562.5	81031.2	77562.5	81031.2	
76937.5	78687.5	76937.5	78687.5	76937.5	
80500	78750	80500	78750	80500	
79843.8	79312.5	79843.8	79312.5	79843.8	
81750	79375	81750	79375	81750	
78750	76875	78750	76875	78750	
79531.2	77875	79531.2	77875	79531.2	
79000	78750	79000	78750	79000	
79781.2	80093.8	79781.2	80093.8	79781.2	
79781.2	79218.8	79781.2	79218.8	79781.2	
79687.5	77500	79687.5	77500	79687.5	
77093.8	78906.2	77093.8	78906.2	77093.8	
78187.5	78593.8	78187.5	78593.8	78187.5	
77812.5	78593.8	77812.5	78593.8	77812.5	
79843.8	77562.5	79843.8	77562.5	79843.8	
78437.5	77656.2	78437.5	77656.2	78437.5	
77562.5	79312.5	77562.5	79312.5	77562.5	
79218.8	79312.5	79218.8	79312.5	79218.8	
76562.5	77875	76562.5	77875	76562.5	
82468.8	79062.5	82468.8	79062.5	82468.8	
78750	79625	78750	79625	78750	
80312.5	79468.8	80312.5	79468.8	80312.5	
77406.2	80250	77406.2	80250	77406.2	
80500	77343.8	80500	77343.8	80500	
78531.2	78281.2	78531.2	78281.2	78531.2	
79375	77875	79375	77875	79375	
78125	78750	78125	78750	78125	
79781.2	76468.8	79781.2	76468.8	79781.2	
78687.5	78531.2	78687.5	78531.2	78687.5	
80156.2	77093.8	80156.2	77093.8	80156.2	
76718.8	80500	76718.8	80500	76718.8	
80000	79687.5	80000	79687.5	80000	
76218.8	78687.5	76218.8	78687.5	76218.8	
78843.8	79687.5	78843.8	79687.5	78843.8	
80250	81812.5	80250	81812.5	80250	
77406.2	77875	77406.2	77875	77406.2	
78906.2	78750	78906.2	78750	78906.2	
77031.2	79000	77031.2	79000	77031.2	
79531.2	78906.2	79531.2	78906.2	79531.2	
79937.5	79781.2	79937.5	79781.2	79937.5	
79625	78750	79625	78750	79625	
78531.2	80000	78531.2	80000	78531.2	
80093.8	80562.5	80093.8	80562.5	80093.8	
79937.5	78031.2	79937.5	78031.2	79937.5	
78343.8	80656.2	78343.8	80656.2	78343.8	
80718.8	79531.2	80718.8	79531.2	80718.8	
80500	77812.5	80500	77812.5	80500	
79062.5	79468.8	79062.5	79468.8	79062.5	
78187.5	78187.5	78187.5	78187.5	78187.5	
79625	79218.8	79625	79218.8	79625	
80312.5	81187.5	80312.5	81187.5	80312.5	
78531.2	77812.5	78531.2	77812.5	78531.2	
79375	79531.2	79375	79531.2	79375	
79375	78281.2	79375	78281.2	79375	
80718.8	78687.5	80718.8	78687.5	80718.8	
80968.8	78187.5	80968.8	78187.5	80968.8	
79375	78437.5	79375	78437.5	79375	
77187.5	78843.8	77187.5	78843.8	77187.5	
76875	79625	76875	79625	76875	
78593.8	78031.2	78593.8	78031.2	78593.8	
79531.2	79062.5	79531.2	79062.5	79531.2	
80812.5	78906.2	80812.5	78906.2	80812.5	
76375	78125	76375	78125	76375	
78125	77562.5	78125	77562.5	78125	
76625	78531.2	76625	78531.2	76625	
81187.5	78437.5	81187.5	78437.5	81187.5	
79156.2	79312.5	79156.2	79312.5	79156.2	
80875	79531.2	80875	79531.2	80875	
79531.2	79687.5	79531.2	79687.5	79531.2	
79062.5	80500	79062.5	80500	79062.5	
81187.5	80312.5	81187.5	80312.5	81187.5	
80156.2	80093.8	80156.2	80093.8	80156.2	
77718.8	79781.2	77718.8	79781.2	77718.8	
80875	78593.8	80875	78593.8	80875	
81281.2	78343.8	81281.2	78343.8	81281.2	
77406.2	79218.8	77406.2	79218.8	77406.2	
79312.5	79375	79312.5	79375	79312.5	
80875	80968.8	80875	80968.8	80875	
79312.5	78187.5	79312.5	78187.5	79312.5	
77656.2	79156.2	77656.2	79156.2	77656.2	
79937.5	79781.2	79937.5	79781.2	79937.5	
81031.2	80000	81031.2	80000	81031.2	
78531.2	81125	78531.2	81125	78531.2	
80406.2	80812.5	80406.2	80812.5	80406.2	
78343.8	81281.2	78343.8	81281.2	78343.8	
77875	80500	77875	80500	77875	
78437.5	82218.8	78437.5	82218.8	78437.5	
80812.5	78687.5	80812.5	78687.5	80812.5	
78906.2	76937.5	78906.2	76937.5	78906.2	
79156.2	80968.8	79156.2	80968.8	79156.2	
77031.2	77093.8	77031.2	77093.8	77031.2	
80812.5	77031.2	80812.5	77031.2	80812.5	
80250	80406.2	80250	80406.2	80250	
79312.5	80156.2	79312.5	80156.2	79312.5	
80312.5	80312.5	80312.5	80312.5	80312.5	
79625	80406.2	79625	80406.2	79625	
78187.5	76937.5	78187.5	76937.5	78187.5	
81187.5	78125	81187.5	78125	81187.5	
77093.8	79781.2	77093.8	79781.2	77093.8	
77812.5	80312.5	77812.5	80312.5	77812.5	
78687.5	78125	78687.5	78125	78687.5	
79531.2	79843.8	79531.2	79843.8	79531.2	
79625	80500	79625	80500	79625	
80093.8	78281.2	80093.8	78281.2	80093.8	
79375	79375	79375	79375	79375	
77250	78750	77250	78750	77250	
81343.8	81500	81343.8	81500	81343.8	
79937.5	80250	79937.5	80250	79937.5	
79218.8	76312.5	79218.8	76312.5	79218.8	
78281.2	78750	78281.2	78750	78281.2	
79687.5	77500	79687.5	77500	79687.5	
81125	76468.8	81125	76468.8	81125	
76781.2	78343.8	76781.2	78343.8	76781.2	
76156.2	79687.5	76156.2	79687.5	76156.2	
78531.2	81437.5	78531.2	81437.5	78531.2	
78593.8	76375	78593.8	76375	78593.8	
77875	78843.8	77875	78843.8	77875	
78031.2	79000	78031.2	79000	78031.2	
81031.2	77187.5	81031.2	77187.5	81031.2	
78125	78687.5	78125	78687.5	78125	
80562.5	79625	80562.5	79625	80562.5	
78281.2	79218.8	78281.2	79218.8	78281.2	
83406.2	80250	83406.2	80250	83406.2	
78593.8	80312.5	78593.8	80312.5	78593.8	
80968.8	77562.5	80968.8	77562.5	80968.8	
81968.8	79468.8	81968.8	79468.8	81968.8	
79781.2	76937.5	79781.2	76937.5	79781.2	
78531.2	79468.8	78531.2	79468.8	78531.2	
76781.2	78593.8	76781.2	78593.8	76781.2	
78750	80656.2	78750	80656.2	78750	
79687.5	78281.2	79687.5	78281.2	79687.5	
77812.5	79687.5	77812.5	79687.5	77812.5	
78437.5	78437.5	78437.5	78437.5	78437.5	
78031.2	77562.5	78031.2	77562.5	78031.2	
81125	78437.5	81125	78437.5	81125	
79687.5	77406.2	79687.5	77406.2	79687.5	
78437.5	79531.2	78437.5	79531.2	78437.5	
79531.2	80500	79531.2	80500	79531.2	
78843.8	79531.2	78843.8	79531.2	78843.8	
80093.8	78281.2	80093.8	78281.2	80093.8	
78125	78531.2	78125	78531.2	78125	
79531.2	79468.8	79531.2	79468.8	79531.2	
78687.5	79312.5	78687.5	79312.5	78687.5	
80000	77250	80000	77250	80000	
79687.5	79312.5	79687.5	79312.5	79687.5	
77343.8	79062.5	77343.8	79062.5	77343.8	
78531.2	80312.5	78531.2	80312.5	78531.2	
76000	79781.2	76000	79781.2	76000	
78437.5	82375	78437.5	82375	78437.5	
78281.2	79312.5	78281.2	79312.5	78281.2	
78843.8	78437.5	78843.8	78437.5	78843.8	
78281.2	77968.8	78281.2	77968.8	78281.2	
78906.2	79375	78906.2	79375	78906.2	
80656.2	80093.8	80656.2	80093.8	80656.2	
87812.5	90031.2	87812.5	90031.2	87812.5	
80968.8	78750	80968.8	78750	80968.8	
79468.8	79000	79468.8	79000	79468.8	
78687.5	77500	78687.5	77500	78687.5	
80000	79062.5	80000	79062.5	80000	
77406.2	79468.8	77406.2	79468.8	77406.2	
79218.8	79843.8	79218.8	79843.8	79218.8	
78906.2	81812.5	78906.2	81812.5	78906.2	
80406.2	77500	80406.2	77500	80406.2	
77500	80000	77500	80000	77500	
80406.2	78906.2	80406.2	78906.2	80406.2	
78031.2	80250	78031.2	80250	78031.2	
79156.2	78843.8	79156.2	78843.8	79156.2	
80156.2	78437.5	80156.2	78437.5	80156.2	
81125	78593.8	81125	78593.8	81125	
81125	79468.8	81125	79468.8	81125	
79781.2	78187.5	79781.2	78187.5	79781.2	
79687.5	78125	79687.5	78125	79687.5	
79937.5	77968.8	79937.5	77968.8	79937.5	
79156.2	79312.5	79156.2	79312.5	79156.2	
78687.5	80000	78687.5	80000	78687.5	
80500	81437.5	80500	81437.5	80500	
77968.8	78906.2	77968.8	78906.2	77968.8	
78843.8	80250	78843.8	80250	78843.8	
79218.8	79781.2	79218.8	79781.2	79218.8	
80875	78437.5	80875	78437.5	80875	
79000	78031.2	79000	78031.2	79000	
78531.2	79468.8	78531.2	79468.8	78531.2	
80500	77562.5	80500	77562.5	80500	
82625	78750	82625	78750	82625	
78531.2	80156.2	78531.2	80156.2	78531.2	
76000	79781.2	76000	79781.2	76000	
76875	79218.8	76875	79218.8	76875	
78531.2	78437.5	78531.2	78437.5	78531.2	
77656.2	79843.8	77656.2	79843.8	77656.2	
81281.2	78843.8	81281.2	78843.8	81281.2	
78281.2	78906.2	78281.2	78906.2	78281.2	
78125	79000	78125	79000	78125	
78125	78281.2	78125	78281.2	78125	
79156.2	78187.5	79156.2	78187.5	79156.2	
79843.8	79062.5	79843.8	79062.5	79843.8	
78687.5	78531.2	78687.5	78531.2	78687.5	
79062.5	80875	79062.5	80875	79062.5	
80500	79312.5	80500	79312.5	80500	
78437.5	78281.2	78437.5	78281.2	78437.5	
80718.8	80312.5	80718.8	80312.5	80718.8	
79312.5	80000	79312.5	80000	79312.5	
79843.8	81656.2	79843.8	81656.2	79843.8	
79781.2	77406.2	79781.2	77406.2	79781.2	
79375	78343.8	79375	78343.8	79375	
81125	77343.8	81125	77343.8	81125	
78187.5	81593.8	78187.5	81593.8	78187.5	
78343.8	78125	78343.8	78125	78343.8	
78437.5	78687.5	78437.5	78687.5	78437.5	
79531.2	80093.8	79531.2	80093.8	79531.2	
79937.5	78843.8	79937.5	78843.8	79937.5	
78750	80312.5	78750	80312.5	78750	
76781.2	79687.5	76781.2	79687.5	76781.2	
78125	80093.8	78125	80093.8	78125	
77250	79218.8	77250	79218.8	77250	
78031.2	78437.5	78031.2	78437.5	78031.2	
76875	80656.2	76875	80656.2	76875	
78531.2	79687.5	78531.2	79687.5	78531.2	
79687.5	79375	79687.5	79375	79687.5	
78906.2	79781.2	78906.2	79781.2	78906.2	
80250	78437.5	80250	78437.5	80250	
77500	79062.5	77500	79062.5	77500	
79218.8	78437.5	79218.8	78437.5	79218.8	
81437.5	80656.2	81437.5	80656.2	81437.5	
79156.2	77812.5	79156.2	77812.5	79156.2	
79000	77500	79000	77500	79000	
80000	78750	80000	78750	80000	
79312.5	79687.5	79312.5	79687.5	79312.5	
78687.5	79375	78687.5	79375	78687.5	
78125	78750	78125	78750	78125	
78843.8	79531.2	78843.8	79531.2	78843.8	
76875	79218.8	76875	79218.8	76875	
78343.8	79531.2	78343.8	79531.2	78343.8	
78343.8	78125	78343.8	78125	78343.8	
78593.8	81125	78593.8	81125	78593.8	
79375	78687.5	79375	78687.5	79375	
79218.8	79781.2	79218.8	79781.2	79218.8	
78031.2	80562.5	78031.2	80562.5	78031.2	
79625	82062.5	79625	82062.5	79625	
79625	80093.8	79625	80093.8	79625	
78437.5	77718.8	78437.5	77718.8	78437.5	
78187.5	79218.8	78187.5	79218.8	78187.5	
76937.5	79937.5	76937.5	79937.5	76937.5	
77093.8	80875	77093.8	80875	77093.8	
77093.8	77031.2	77093.8	77031.2	77093.8	
78281.2	79312.5	78281.2	79312.5	78281.2	
79531.2	77406.2	79531.2	77406.2	79531.2	
79531.2	79312.5	79531.2	79312.5	79531.2	
79156.2	79625	79156.2	79625	79156.2	
80718.8	78031.2	80718.8	78031.2	80718.8	
79625	79937.5	79625	79937.5	79625	
79000	79937.5	79000	79937.5	79000	
79156.2	76000	79156.2	76000	79156.2	
78125	80406.2	78125	80406.2	78125	
79062.5	79156.2	79062.5	79156.2	79062.5	
78843.8	77875	78843.8	77875	78843.8	
77875	77718.8	77875	77718.8	77875	
79687.5	81125	79687.5	81125	79687.5	
78593.8	77968.8	78593.8	77968.8	78593.8	
79531.2	77656.2	79531.2	77656.2	79531.2	
79375	78906.2	79375	78906.2	79375	
78906.2	78343.8	78906.2	78343.8	78906.2	
78750	77406.2	78750	77406.2	78750	
78843.8	77718.8	78843.8	77718.8	78843.8	
76937.5	78531.2	76937.5	78531.2	76937.5	
80000	78687.5	80000	78687.5	80000	
79468.8	77093.8	79468.8	77093.8	79468.8	
78437.5	80250	78437.5	80250	78437.5	
77031.2	80875	77031.2	80875	77031.2	
78281.2	80812.5	78281.2	80812.5	78281.2	
77812.5	78687.5	77812.5	78687.5	77812.5	
79687.5	78687.5	79687.5	78687.5	79687.5	
79218.8	81812.5	79218.8	81812.5	79218.8	
77875	81812.5	77875	81812.5	77875	
78687.5	78843.8	78687.5	78843.8	78687.5	
77812.5	78843.8	77812.5	78843.8	77812.5	
78750	79468.8	78750	79468.8	78750	
79312.5	78687.5	79312.5	78687.5	79312.5	
78593.8	80093.8	78593.8	80093.8	78593.8	
78031.2	77812.5	78031.2	77812.5	78031.2	
79687.5	79375	79687.5	79375	79687.5	
79375	79218.8	79375	79218.8	79375	
78343.8	82125	78343.8	82125	78343.8	
82125	76718.8	82125	76718.8	82125	
79781.2	77656.2	79781.2	77656.2	79781.2	
77343.8	79531.2	77343.8	79531.2	77343.8	
79687.5	79156.2	79687.5	79156.2	79687.5	
78687.5	77718.8	78687.5	77718.8	78687.5	
75531.2	78031.2	75531.2	78031.2	75531.2	
77968.8	80406.2	77968.8	80406.2	77968.8	
78843.8	78687.5	78843.8	78687.5	78843.8	
78125	79531.2	78125	79531.2	78125	
80875	78343.8	80875	78343.8	80875	
80093.8	80250	80093.8	80250	80093.8	
79312.5	82375	79312.5	82375	79312.5	
80156.2	78031.2	80156.2	78031.2	80156.2	
79687.5	81343.8	79687.5	81343.8	79687.5	
79156.2	79468.8	79156.2	79468.8	79156.2	
77656.2	77250	77656.2	77250	77656.2	
79937.5	80093.8	79937.5	80093.8	79937.5	
81031.2	79312.5	81031.2	79312.5	81031.2	
80000	80156.2	80000	80156.2	80000	
77500	78125	77500	78125	77500	
78531.2	79687.5	78531.2	79687.5	78531.2	
77718.8	79375	77718.8	79375	77718.8	
77812.5	81031.2	77812.5	81031.2	77812.5	
75750	79312.5	75750	79312.5	75750	
80500	79531.2	80500	79531.2	80500	
78437.5	80312.5	78437.5	80312.5	78437.5	
79468.8	77968.8	79468.8	77968.8	79468.8	
77968.8	79843.8	77968.8	79843.8	77968.8	
78187.5	79312.5	78187.5	79312.5	78187.5	
78531.2	79000	78531.2	79000	78531.2	
79375	77031.2	79375	77031.2	79375	
79531.2	77562.5	79531.2	77562.5	79531.2	
81187.5	80250	81187.5	80250	81187.5	
80656.2	79625	80656.2	79625	80656.2	
78281.2	80875	78281.2	80875	78281.2	
79843.8	76937.5	79843.8	76937.5	79843.8	
78531.2	77812.5	78531.2	77812.5	78531.2	
79312.5	78843.8	79312.5	78843.8	79312.5	
79375	78687.5	79375	78687.5	79375	
80875	79468.8	80875	79468.8	80875	
78187.5	79687.5	78187.5	79687.5	78187.5	
77812.5	78593.8	77812.5	78593.8	77812.5	
80250	79375	80250	79375	80250	
80312.5	78531.2	80312.5	78531.2	80312.5	
78687.5	80500	78687.5	80500	78687.5	
78125	81281.2	78125	81281.2	78125	
79843.8	78187.5	79843.8	78187.5	79843.8	
79625	78906.2	79625	78906.2	79625	
80312.5	80500	80312.5	80500	80312.5	
78687.5	77718.8	78687.5	77718.8	78687.5	
78593.8	79062.5	78593.8	79062.5	78593.8	
80562.5	77031.2	80562.5	77031.2	80562.5	
80718.8	81187.5	80718.8	81187.5	80718.8	
78750	81031.2	78750	81031.2	78750	
78843.8	79000	78843.8	79000	78843.8	
78687.5	76718.8	78687.5	76718.8	78687.5	
79937.5	79156.2	79937.5	79156.2	79937.5	
79531.2	78843.8	79531.2	78843.8	79531.2	
79218.8	79687.5	79218.8	79687.5	79218.8	
78906.2	77562.5	78906.2	77562.5	78906.2	
78843.8	77250	78843.8	77250	78843.8	
78843.8	79218.8	78843.8	79218.8	78843.8	
77562.5	78593.8	77562.5	78593.8	77562.5	
81500	79843.8	81500	79843.8	81500	
78343.8	77656.2	78343.8	77656.2	78343.8	
80812.5	76375	80812.5	76375	80812.5	
79687.5	80875	79687.5	80875	79687.5	
80000	77718.8	80000	77718.8	80000	
80093.8	78031.2	80093.8	78031.2	80093.8	
78031.2	79312.5	78031.2	79312.5	78031.2	
79937.5	78187.5	79937.5	78187.5	79937.5	
78281.2	78187.5	78281.2	78187.5	78281.2	
80500	81031.2	80500	81031.2	80500	
80312.5	79625	80312.5	79625	80312.5	
81656.2	79937.5	81656.2	79937.5	81656.2	
80406.2	79531.2	80406.2	79531.2	80406.2	
81031.2	78281.2	81031.2	78281.2	81031.2	
80406.2	78906.2	80406.2	78906.2	80406.2	
76875	78031.2	76875	78031.2	76875	
79375	80406.2	79375	80406.2	79375	
80500	78531.2	80500	78531.2	80500	
81125	79000	81125	79000	81125	
82218.8	75843.8	82218.8	75843.8	82218.8	
80656.2	76625	80656.2	76625	80656.2	
79062.5	77500	79062.5	77500	79062.5	
79156.2	78437.5	79156.2	78437.5	79156.2	
78187.5	77406.2	78187.5	77406.2	78187.5	
78125	79312.5	78125	79312.5	78125	
78437.5	79218.8	78437.5	79218.8	78437.5	
77500	76375	77500	76375	77500	
79062.5	79531.2	79062.5	79531.2	79062.5	
78125	78343.8	78125	78343.8	78125	
79687.5	79781.2	79687.5	79781.2	79687.5	
79062.5	78531.2	79062.5	78531.2	79062.5	
79218.8	79468.8	79218.8	79468.8	79218.8	
77500	77562.5	77500	77562.5	77500	
77500	80406.2	77500	80406.2	77500	
81281.2	79687.5	81281.2	79687.5	81281.2	
81437.5	78593.8	81437.5	78593.8	81437.5	
80250	79218.8	80250	79218.8	80250	
79531.2	78906.2	79531.2	78906.2	79531.2	
79218.8	78750	79218.8	78750	79218.8	
77500	80968.8	77500	80968.8	77500	
76000	79312.5	76000	79312.5	76000	
79625	79781.2	79625	79781.2	79625	
78187.5	81500	78187.5	81500	78187.5	
76312.5	80312.5	76312.5	80312.5	76312.5	
77343.8	78125	77343.8	78125	77343.8	
79531.2	80406.2	79531.2	80406.2	79531.2	
79625	79375	79625	79375	79625	
80812.5	77562.5	80812.5	77562.5	80812.5	
76718.8	79218.8	76718.8	79218.8	76718.8	
79000	80500	79000	80500	79000	
78687.5	78281.2	78687.5	78281.2	78687.5	
79312.5	80968.8	79312.5	80968.8	79312.5	
78031.2	77500	78031.2	77500	78031.2	
78843.8	80093.8	78843.8	80093.8	78843.8	
77406.2	79625	77406.2	79625	77406.2	
80875	78343.8	80875	78343.8	80875	
76937.5	78906.2	76937.5	78906.2	76937.5	
77250	78750	77250	78750	77250	
79062.5	78125	79062.5	78125	79062.5	
77562.5	81031.2	77562.5	81031.2	77562.5	
78687.5	80718.8	78687.5	80718.8	78687.5	
77812.5	79468.8	77812.5	79468.8	77812.5	
80312.5	78281.2	80312.5	78281.2	80312.5	
79218.8	78593.8	79218.8	78593.8	79218.8	
78906.2	77187.5	78906.2	77187.5	78906.2	
78031.2	79687.5	78031.2	79687.5	78031.2	
79218.8	78593.8	79218.8	78593.8	79218.8	
80000	77250	80000	77250	80000	
77875	78031.2	77875	78031.2	77875	
81187.5	80500	81187.5	80500	81187.5	
80875	78750	80875	78750	80875	
77093.8	78531.2	77093.8	78531.2	77093.8	
77656.2	78437.5	77656.2	78437.5	77656.2	
77968.8	79156.2	77968.8	79156.2	77968.8	
79625	80718.8	79625	80718.8	79625	
78843.8	79375	78843.8	79375	78843.8	
79312.5	77500	79312.5	77500	79312.5	
80250	79687.5	80250	79687.5	80250	
77406.2	80000	77406.2	80000	77406.2	
76937.5	78125	76937.5	78125	76937.5	
79687.5	79687.5	79687.5	79687.5	79687.5	
80875	80312.5	80875	80312.5	80875	
77875	76375	77875	76375	77875	
78031.2	78906.2	78031.2	78906.2	78031.2	
78593.8	78750	78593.8	78750	78593.8	
78906.2	80000	78906.2	80000	78906.2	
77250	79843.8	77250	79843.8	77250	
80656.2	79468.8	80656.2	79468.8	80656.2	
77406.2	79625	77406.2	79625	77406.2	
80718.8	76718.8	80718.8	76718.8	80718.8	
78531.2	79687.5	78531.2	79687.5	78531.2	
76375	79312.5	76375	79312.5	76375	
76875	78281.2	76875	78281.2	76875	
78843.8	79468.8	78843.8	79468.8	78843.8	
78593.8	77875	78593.8	77875	78593.8	
78593.8	77875	78593.8	77875	78593.8	
78593.8	77875	78593.8	77875	78593.8	
