459.459	459.459	459.459	459.459	459.459	
771703	771703	771703	771703	771703	
56810.8	57756.8	58108.1	57540.5	56945.9	
56459.5	57540.5	55648.6	56324.3	56405.4	
54891.9	54486.5	53810.8	54702.7	55918.9	
57973	54351.4	54756.8	55973	54756.8	
55297.3	55243.2	55297.3	55432.4	55432.4	
55162.2	56459.5	55973	54540.5	57270.3	
55162.2	56405.4	56405.4	54000	55702.7	
56459.5	56243.2	56054.1	55918.9	55432.4	
56594.6	54837.8	57216.2	56459.5	56810.8	
57621.6	57540.5	57621.6	57135.1	55783.8	
57405.4	57486.5	56729.7	56810.8	57891.9	
57000	57756.8	58432.4	57216.2	56459.5	
60081.1	59189.2	57973	58162.2	59324.3	
57270.3	57351.4	59675.7	58702.7	59054.1	
60405.4	62108.1	58648.6	59594.6	60135.1	
57270.3	61027	60891.9	58243.2	59729.7	
61027	60081.1	60405.4	59243.2	58432.4	
58513.5	62378.4	59729.7	61513.5	60675.7	
60216.2	61648.6	60081.1	59594.6	62054.1	
62189.2	60486.5	61567.6	60270.3	60270.3	
64432.4	61297.3	62189.2	61648.6	60756.8	
69459.5	68054.1	67081.1	69270.3	68054.1	
81945.9	81729.7	80783.8	79486.5	79486.5	
78459.5	81324.3	80837.8	78540.5	81135.1	
81189.2	81459.5	80378.4	80108.1	81054.1	
83702.7	83783.8	82973	84324.3	79270.3	
83513.5	80973	81864.9	82405.4	82351.4	
84378.4	82405.4	83567.6	83702.7	80567.6	
83243.2	82891.9	83567.6	82000	81810.8	
81594.6	85135.1	84729.7	82540.5	82216.2	
83783.8	83567.6	86702.7	84378.4	83918.9	
84108.1	84324.3	82891.9	84810.8	83783.8	
87243.2	85351.4	84540.5	82540.5	86027	
85621.6	83243.2	84243.2	86783.8	85810.8	
85216.2	85756.8	85135.1	84324.3	84378.4	
84810.8	85621.6	87594.6	82216.2	84054.1	
85351.4	84378.4	83648.6	87189.2	85891.9	
82540.5	86243.2	83243.2	83783.8	86162.2	
86513.5	86297.3	84459.5	84378.4	84594.6	
86027	87378.4	87108.1	87108.1	83837.8	
87054.1	87594.6	84108.1	86297.3	85891.9	
86513.5	84540.5	85540.5	85540.5	85000	
85675.7	86567.6	86837.8	85081.1	85540.5	
85216.2	85351.4	85270.3	85081.1	87108.1	
82621.6	83837.8	81270.3	83432.4	83973	
85621.6	83162.2	85891.9	85216.2	86378.4	
86297.3	85810.8	89216.2	87324.3	86783.8	
86973	87513.5	88756.8	89513.5	89918.9	
84810.8	86918.9	85135.1	88810.8	83702.7	
84459.5	85891.9	85000	85135.1	83783.8	
85270.3	83648.6	85675.7	83973	84594.6	
81675.7	84729.7	87243.2	85081.1	85081.1	
84054.1	86243.2	84243.2	85891.9	83378.4	
87054.1	86918.9	86432.4	83783.8	85270.3	
86918.9	84459.5	85405.4	85486.5	85216.2	
87459.5	85135.1	87108.1	86243.2	87648.6	
85756.8	84594.6	85810.8	83918.9	86513.5	
86027	86567.6	85270.3	86108.1	85675.7	
85216.2	85675.7	84594.6	85891.9	84594.6	
84729.7	87594.6	85756.8	83567.6	84810.8	
86648.6	85891.9	87513.5	88216.2	85486.5	
86973	86297.3	85000	85270.3	87243.2	
89432.4	85756.8	82973	87864.9	87378.4	
86567.6	87243.2	85486.5	84729.7	88891.9	
86243.2	87945.9	87648.6	85351.4	86108.1	
85135.1	85810.8	85270.3	86973	86162.2	
87459.5	85081.1	86783.8	85945.9	87054.1	
86108.1	88351.4	85621.6	89162.2	86567.6	
88756.8	87864.9	88081.1	85810.8	84864.9	
90108.1	87513.5	85891.9	88540.5	86783.8	
88486.5	87864.9	87729.7	88810.8	87864.9	
88270.3	86513.5	91081.1	85756.8	86837.8	
88945.9	85945.9	87864.9	85270.3	89973	
87513.5	90108.1	87189.2	90324.3	88756.8	
89162.2	91540.5	87864.9	87459.5	88621.6	
86702.7	87945.9	87729.7	87459.5	86162.2	
85540.5	89567.6	90459.5	86432.4	88081.1	
90783.8	88486.5	90243.2	87189.2	88540.5	
88945.9	86973	88405.4	88891.9	88351.4	
87189.2	87459.5	85621.6	89081.1	87324.3	
89351.4	90378.4	89216.2	88540.5	87594.6	
89648.6	88486.5	88810.8	89918.9	88540.5	
92918.9	88891.9	89216.2	87729.7	88405.4	
88621.6	90054.1	87810.8	90054.1	88540.5	
86513.5	87864.9	89216.2	90324.3	86162.2	
87729.7	88216.2	89702.7	89351.4	88621.6	
87189.2	87648.6	89351.4	89216.2	90054.1	
86108.1	89648.6	89702.7	90459.5	85891.9	
86378.4	86567.6	89216.2	88081.1	86108.1	
87810.8	86432.4	86162.2	87945.9	85270.3	
88405.4	87513.5	87864.9	89216.2	87189.2	
87459.5	89567.6	88540.5	85621.6	85486.5	
87729.7	87189.2	89513.5	88405.4	87324.3	
85810.8	87378.4	86027	86918.9	89783.8	
87864.9	88270.3	87189.2	87108.1	87729.7	
86973	86243.2	88486.5	86432.4	87594.6	
88945.9	89702.7	89351.4	88810.8	89162.2	
91000	87594.6	91081.1	89837.8	88486.5	
92486.5	90918.9	90648.6	90729.7	92702.7	
91486.5	91000	90189.2	91216.2	91675.7	
91270.3	89432.4	91081.1	90324.3	92027	
92027	91270.3	94135.1	90594.6	91810.8	
91945.9	94756.8	92081.1	90378.4	91621.6	
91351.4	90243.2	92973	92783.8	90864.9	
92027	91405.4	92351.4	90648.6	90108.1	
93054.1	91135.1	90459.5	90783.8	93783.8	
92432.4	91135.1	89973	90513.5	91945.9	
90918.9	90783.8	91540.5	89837.8	91270.3	
91135.1	88675.7	91135.1	89837.8	91351.4	
92162.2	88891.9	88540.5	92432.4	90378.4	
92567.6	90108.1	89918.9	93864.9	89216.2	
91135.1	89973	91405.4	90594.6	89973	
91351.4	90324.3	91270.3	91891.9	89216.2	
89297.3	88756.8	88891.9	89567.6	91270.3	
89513.5	86243.2	89918.9	88675.7	88621.6	
88891.9	89162.2	89216.2	89702.7	90243.2	
89973	88540.5	88756.8	88081.1	87729.7	
88135.1	86432.4	87594.6	91000	86027	
87243.2	88351.4	88000	89567.6	89081.1	
89432.4	87513.5	90864.9	90918.9	88540.5	
90459.5	91405.4	89567.6	90324.3	90729.7	
89513.5	91675.7	90918.9	90189.2	92081.1	
90918.9	94270.3	90378.4	90324.3	92027	
94135.1	92621.6	91675.7	93783.8	92486.5	
92783.8	92351.4	93378.4	89837.8	91810.8	
92486.5	90108.1	91486.5	91486.5	92216.2	
93378.4	93513.5	93783.8	92783.8	94810.8	
95027	93594.6	94756.8	92162.2	89567.6	
93108.1	91270.3	93918.9	94540.5	92297.3	
92567.6	92918.9	94756.8	92837.8	91270.3	
94189.2	94756.8	97054.1	95432.4	92837.8	
93108.1	95351.4	93594.6	92297.3	93864.9	
94486.5	93513.5	95567.6	90864.9	93243.2	
96378.4	95081.1	97459.5	95756.8	96918.9	
98837.8	98351.4	98297.3	95837.8	97675.7	
96648.6	96918.9	97945.9	96054.1	96783.8	
96648.6	95621.6	96243.2	99648.6	98027	
97459.5	96189.2	94891.9	96648.6	94000	
98432.4	96459.5	95702.7	97891.9	98567.6	
96378.4	97270.3	99243.2	97054.1	97054.1	
95567.6	94486.5	97891.9	94621.6	94405.4	
95837.8	95486.5	96324.3	95973	93918.9	
95162.2	91540.5	93324.3	92702.7	95081.1	
94810.8	93459.5	92621.6	94540.5	93378.4	
93783.8	92486.5	92783.8	94675.7	94000	
94621.6	94324.3	93324.3	92918.9	93513.5	
94189.2	96243.2	95567.6	94810.8	96108.1	
97405.4	92918.9	96378.4	96864.9	98756.8	
96864.9	97405.4	98081.1	96189.2	95973	
97675.7	97324.3	98837.8	95702.7	97000	
96054.1	101081	97756.8	98081.1	98486.5	
97756.8	95756.8	97324.3	99594.6	99648.6	
97756.8	99864.9	96513.5	97189.2	98297.3	
97459.5	96108.1	97945.9	95621.6	99324.3	
96918.9	96864.9	100459	98216.2	98486.5	
100730	101081	101703	100811	100459	
102108	103459	101486	102649	102108	
104000	104432	105568	103459	106730	
109730	105649	107973	106946	107541	
109459	110270	109054	108649	107973	
110405	110892	109811	111703	107405	
113270	111649	111649	110676	110405	
111649	112811	110541	110405	113135	
115865	111784	114432	112459	112189	
111784	114081	113622	111919	114297	
114162	114973	116486	114027	111297	
114243	119000	116811	114432	114973	
117351	115649	115730	113486	114568	
117973	114568	117703	114378	114919	
116081	115595	117297	116270	115595	
113351	116081	115595	115459	116270	
118108	116000	117081	116216	117703	
116000	117919	115730	116946	116811	
120838	117351	118649	118054	115595	
117838	116622	114243	113135	115784	
119216	118243	113216	116541	118189	
117081	116811	113135	116541	118108	
114378	118595	120081	117973	115730	
116811	118459	118730	115243	117027	
118730	119892	120027	117027	116486	
122000	119054	119541	120216	119811	
118730	121189	120162	119000	120216	
118054	121378	121324	121784	122676	
121730	123892	120216	118514	121865	
123892	122324	122676	123486	121730	
121730	123027	122000	122054	122946	
125405	124189	123973	124027	123162	
122892	125000	126027	121514	125324	
127730	126486	126162	124784	122324	
125676	123568	127243	126027	124189	
127162	123486	125946	125189	125730	
126297	125135	123297	124514	123027	
129703	129757	125405	125730	127919	
129216	129297	128054	129297	131054	
132703	130568	130378	130297	133568	
132216	129162	129432	131405	131405	
132081	131324	129216	131865	131811	
134189	132973	130919	129486	131270	
133649	131541	135135	131135	130243	
133649	135838	137108	133649	132135	
136108	135405	136919	134595	134459	
134541	136784	133243	134459	138351	
138081	137189	133973	131730	134811	
143243	136703	139514	134595	135973	
137946	135757	138405	138486	136514	
137811	138946	134135	136108	137108	
140811	139514	137459	137676	140649	
140378	141081	140946	140811	137541	
140378	138351	142378	139919	140189	
143865	142514	142514	138000	138676	
139162	140865	141676	140243	138000	
145162	139649	143243	138405	142216	
141946	142838	140054	140378	145027	
142081	142162	143649	139162	143378	
142649	145486	144811	145162	145081	
145027	145216	143730	145432	142568	
143378	146514	147351	145919	143054	
148892	149459	147811	146324	149324	
151568	147757	150270	145297	147946	
151297	148622	146243	150595	145568	
147946	149865	149243	146784	151081	
149730	150189	150054	152919	148216	
148162	150054	147892	150270	154081	
150270	151757	151162	149865	150676	
153000	152243	151027	146243	155297	
154892	153405	152378	149784	149378	
152378	149730	156324	149865	153405	
153865	151568	153730	152514	151838	
152243	155297	155919	156270	152459	
154703	150757	156811	154838	156405	
155108	156946	159405	153054	151757	
158297	156324	154568	155297	155162	
151568	158297	157081	154432	153000	
154297	156811	156541	152649	156189	
155784	158432	153865	153405	152730	
155162	159676	157081	156324	152324	
159811	157568	161703	160216	157838	
157622	157081	155919	152108	154162	
155027	156595	155378	149189	152459	
154162	152649	155784	153135	158649	
149784	150270	153054	147486	150541	
150054	150000	153865	151351	151622	
152108	148568	149189	152324	148027	
149865	149243	150811	147054	149514	
152378	150270	153595	149189	150405	
155378	151703	151973	150135	151027	
157703	156459	155919	156730	157432	
161162	159135	159189	158162	157757	
161838	161649	164784	165054	164784	
172054	168189	172946	164784	167703	
171514	172135	171595	164162	171378	
171189	171919	175324	169081	167514	
168730	168784	170432	168865	169892	
172216	170568	175135	166811	168595	
173351	173432	175676	169270	170081	
174865	173081	173081	172270	171514	
175757	177514	175541	175135	174595	
179838	177324	179757	177324	176892	
181189	183378	185216	177784	181676	
182162	181135	184270	184054	181324	
184270	184730	184189	180243	185081	
185135	184135	180243	182757	180027	
181054	180595	184541	181405	182973	
185568	184054	182622	179486	177595	
182081	183568	184865	177865	180865	
181459	183514	180784	180459	180243	
181270	182486	179486	181676	181270	
188486	185351	182703	184135	181405	
182568	184811	187189	181270	180865	
186108	183703	186432	184135	188757	
191676	187541	188757	188541	188892	
191405	190405	191622	189973	189514	
193946	189649	188892	187405	189297	
195216	191946	189514	191135	190108	
195649	195081	196865	190108	194486	
202514	199459	195568	195919	194270	
203459	197892	207216	199459	195432	
207162	204081	204081	196784	197216	
204568	205243	199784	200351	202649	
207216	201216	200189	202243	200486	
206541	204486	205243	203270	199865	
203324	198216	205108	201216	199324	
204216	204081	203000	200946	199919	
201162	202459	200946	199595	199649	
205108	201297	205649	201757	202108	
205324	204162	207757	203405	203892	
207351	208108	207838	205919	201297	
206324	204757	207892	201973	204838	
208297	200946	206865	199919	205243	
214514	212324	210838	208919	208378	
209189	213081	216135	205108	212135	
209676	214514	218054	210568	208514	
211297	216000	216486	213351	215595	
216973	219405	217297	214649	219216	
218541	223027	220649	217649	217108	
219270	213351	218378	216973	214243	
223514	218811	221243	217784	216757	
221324	218459	221595	223703	221243	
224378	224784	219000	219135	225135	
223027	226351	219946	217514	220919	
222676	222486	227595	218946	220973	
229838	225054	227649	226838	222405	
226568	223216	219757	222757	223027	
223514	219622	225135	219622	222216	
219541	220243	223162	219351	215730	
218676	216135	220432	212865	218946	
219946	214297	221730	216000	216486	
218459	218378	220784	214919	216135	
219486	220703	218108	215108	218730	
221595	222486	217703	216892	218189	
229351	223432	226703	223027	216270	
220568	221865	222270	219541	220649	
227324	223514	224649	222676	223027	
223649	225622	231000	225541	223919	
225351	233595	232297	228324	226784	
227595	227919	228622	225541	223919	
228676	229162	230027	221730	223514	
230919	228054	228270	224649	229081	
225811	225757	231676	225405	223919	
226568	226568	229216	219351	224243	
227919	225270	225486	222270	226351	
222892	224514	229838	226622	225216	
227459	226568	227459	223216	222811	
229892	229081	231757	228892	227459	
230459	227595	231324	227514	227649	
231541	230595	231270	228135	231135	
236919	229838	233027	226216	230595	
230730	231000	235486	231892	228000	
232081	235757	231405	225892	231811	
238081	236514	239378	226973	233595	
237541	234459	237946	234054	235000	
237541	242703	237865	235973	232838	
233730	236027	241541	233378	236865	
235892	239919	240189	231459	239432	
238622	235973	236027	231459	231757	
239432	234541	235703	229838	228000	
237676	238081	238000	231595	234946	
235081	232432	241486	235757	233919	
237405	238622	232486	234811	237946	
235486	230649	240189	229216	236027	
231405	237541	239108	235757	234000	
236243	244757	240270	236514	237189	
235622	234595	235297	235000	232622	
241703	238486	244946	232757	236378	
239919	238892	238216	235297	238135	
243730	244622	241892	234595	238081	
242514	245108	243405	239514	238622	
239162	241973	244622	241351	243108	
244541	243730	247946	241838	242838	
242432	245297	244811	239162	239919	
243541	246514	251027	244541	244216	
247270	245297	243054	239378	246514	
247892	248378	248973	242162	247000	
250351	250486	249189	248162	248378	
248162	249459	253054	246676	243811	
252243	252514	249324	246676	254081	
254703	250946	256541	249649	255514	
258243	258919	256459	245973	252108	
258649	251919	263432	251568	255108	
260973	260703	260432	262135	259324	
262459	261784	264703	257351	260568	
255243	263351	268324	256541	257703	
267108	262946	264568	261784	263081	
265541	268189	270649	263486	266757	
267378	267108	265324	262676	264919	
275622	268459	274189	262054	269081	
270378	272811	272811	267378	272811	
276162	274378	276432	267649	268054	
272405	273027	278892	268811	272622	
273162	276297	272541	272351	272892	
281135	283514	276027	273919	276919	
280378	276297	278757	278486	279432	
281405	280649	284541	276432	280054	
284135	284189	286027	278676	288622	
293405	290459	292514	284135	287135	
288486	291351	292108	282703	290730	
293054	287730	292919	283649	288486	
293946	292514	300541	291081	286595	
298568	296324	298568	292162	294135	
298568	301081	300892	290270	299243	
300081	312135	306541	293135	299730	
304027	305189	309676	299865	303757	
316432	306351	313081	303946	303486	
305784	308108	310297	301649	303351	
308514	311730	305459	301919	303676	
314730	310703	316622	301432	306405	
314514	309811	310838	305243	310973	
311162	311027	315946	299676	311378	
314162	319270	318189	311595	309135	
313351	319216	318946	307757	316432	
308054	308595	315811	305595	311108	
313622	311865	316000	305730	306811	
309405	306351	309324	302378	301162	
300541	299378	300622	293541	297486	
296054	301838	303486	301838	299054	
299378	292162	294270	288081	292568	
299189	296676	297081	294838	296865	
299946	305054	303405	289865	291000	
300135	299676	301649	290459	294081	
301297	300351	304973	298432	296108	
312730	309000	309000	311162	311514	
316216	315189	312946	314595	317514	
323514	325000	319568	317514	313081	
325270	323784	331757	313892	321108	
330595	329027	328757	322622	325135	
335081	331757	334892	323162	329027	
339027	340270	334135	330054	330378	
341568	337000	337541	332432	336649	
337541	337324	342162	333919	335351	
338027	339297	339297	335432	337757	
334811	336054	339514	327243	338081	
338568	339865	337757	331892	333730	
336324	340000	344216	324946	335892	
341081	347000	343000	330595	336865	
337676	347405	345514	338027	340000	
348297	344568	347541	333243	343000	
353216	350811	352811	344135	350757	
352730	356351	347541	344216	346946	
361514	354703	358243	354649	350811	
360919	358730	355459	350892	354297	
361189	360568	356351	353270	354027	
357784	356757	365324	351649	353541	
359622	360568	362757	353135	354378	
364514	365054	367378	354568	363432	
366297	365189	363838	354432	363216	
363162	364189	369568	361784	360486	
369216	366622	365324	358108	359622	
364378	366351	370027	357919	357027	
363027	368189	370027	359541	360162	
369486	364189	367730	360703	364865	
369432	370108	368135	364378	362811	
369216	370919	373243	362541	366162	
371270	371189	367865	363162	364189	
372351	364459	369622	363027	369162	
369486	367649	375676	367649	363081	
368595	364027	378757	360081	363838	
366757	360919	364649	359216	361784	
366973	364459	373838	366838	369162	
371730	369162	374595	360351	370784	
375216	373027	373378	361595	366297	
370919	376162	378081	366568	367730	
375757	379243	380243	371676	372405	
377595	372270	379432	374135	371865	
383108	379649	379243	369432	376514	
387622	386919	391568	374676	378486	
392784	390541	390270	380946	389730	
391703	392324	396000	387351	389459	
394486	397297	400486	388027	390270	
403000	403135	397892	391216	395297	
404838	405189	410784	394432	397703	
408784	409811	421946	405865	406541	
410027	417649	414054	413703	415541	
412622	412270	420108	408459	406811	
416757	418730	418270	405108	417378	
426514	422892	421054	415757	419703	
422486	423162	421595	411378	416757	
420108	423378	424459	416622	419486	
423297	420595	429378	415135	427541	
433054	435378	432432	422838	428270	
441432	431892	435973	427459	431216	
441216	438703	442514	431000	436324	
446811	443676	448162	442108	440405	
451027	450351	450757	447351	445378	
449730	460162	456811	448027	456622	
459135	460378	458865	448162	449135	
463649	462405	459811	449676	462000	
470919	466486	472027	455811	467595	
471811	469973	478216	463162	465486	
483189	474189	480459	472622	474730	
484892	480324	484216	469432	479432	
486459	482297	487946	461595	471730	
489784	482027	485027	477865	480135	
496000	480324	491973	474730	481622	
495919	494703	494297	488378	488838	
498730	495865	496892	483459	493541	
500568	504378	515351	493892	504378	
513162	516919	513919	502000	508054	
514730	512216	513973	506568	511243	
509135	513027	515270	503838	503135	
514459	513973	507703	502595	501784	
512000	513081	511054	504838	500162	
512541	518270	516081	500838	506216	
507919	506892	506838	501243	503135	
517784	522432	519351	505865	512351	
521405	524270	530676	518486	526108	
542784	538162	544486	533865	537135	
570865	568135	570865	551378	557162	
558865	559703	565946	554865	565081	
586946	583946	589676	570649	579595	
603351	603973	609216	587405	599135	
610108	608324	612838	602189	604919	
631351	627811	631216	615486	613162	
640892	642541	641162	621000	633730	
648243	649216	651919	630405	643757	
663784	666973	662216	647243	646811	
668838	670676	673324	651108	660649	
673595	670865	677486	655946	668270	
687892	686946	677676	670595	673108	
699622	696541	700514	688243	692730	
712973	710595	727000	699081	703784	
722162	730541	737486	713162	714270	
740216	740757	739676	724270	726108	
747649	745811	748541	729730	749351	
760324	762973	769432	746838	752757	
766730	772973	773459	750649	760189	
765838	765297	782649	752486	757243	
772297	770811	757324	751541	766730	
766459	766919	769919	755081	755351	
775108	768568	780622	758270	761405	
773676	765622	771486	754865	758811	
775973	781162	776459	762351	772919	
788459	792730	795405	776730	791514	
818486	809919	816027	797432	812297	
839757	832676	836622	812919	826865	
859297	843432	859973	835459	847378	
875730	874081	870676	853514	856243	
879000	886676	889405	859243	864405	
889757	904270	892892	881297	877838	
911135	919189	910108	878243	891243	
917270	914486	920622	880541	899838	
925865	925865	927027	897162	913649	
914000	925919	926595	912297	921703	
930568	930216	943162	915973	928865	
934027	933270	936973	905486	910730	
926595	930000	928027	903649	905216	
944378	928568	930432	914811	921838	
926865	926324	935108	903297	920946	
927703	921892	932324	908000	913054	
943568	940649	942081	916108	925243	
958270	953297	946027	922108	935730	
960189	967000	963595	949757	952757	
971919	979811	981432	953595	969459	
984703	976757	981432	959703	971486	
985000	989405	993514	963946	976405	
988108	1.00338e+06	1.00092e+06	971432	981243	
992622	986622	1.0093e+06	973946	981162	
993432	999162	999703	971486	976541	
999703	993027	999838	965162	986541	
996162	996784	1.00073e+06	975189	986973	
1.01176e+06	1.00276e+06	1.00276e+06	960946	992811	
1.01986e+06	995757	1.0127e+06	985189	994946	
1.01319e+06	1.00243e+06	1.01127e+06	990243	993162	
1.00638e+06	1.00589e+06	1.01095e+06	983973	988946	
1.01019e+06	1.00181e+06	1.01811e+06	994514	991730	
993649	1.0063e+06	1.01449e+06	976270	985676	
994243	989135	995486	957595	979189	
1.00603e+06	995081	1.01243e+06	977297	995757	
991595	990432	994054	984514	981784	
984919	994649	993081	969730	979405	
991811	997459	1.00562e+06	967811	981514	
997514	997324	993514	960676	979946	
1.00481e+06	1.01114e+06	1.00432e+06	979541	998676	
1.00535e+06	1.00773e+06	1.0123e+06	987243	995000	
1.01414e+06	1.01122e+06	1.02546e+06	995757	995541	
1.01768e+06	1.01332e+06	1.01686e+06	986622	1.01216e+06	
1.01878e+06	1.00768e+06	1.01597e+06	988541	999216	
1.02546e+06	1.02789e+06	1.01454e+06	1.00038e+06	1.00249e+06	
1.00732e+06	1.01189e+06	1.02784e+06	992541	1.00638e+06	
1.03076e+06	1.0303e+06	1.045e+06	1.00768e+06	1.02219e+06	
1.04289e+06	1.03376e+06	1.03049e+06	1.01959e+06	1.01157e+06	
1.03895e+06	1.03084e+06	1.05732e+06	1.00149e+06	1.0303e+06	
1.04338e+06	1.03438e+06	1.04692e+06	1.01014e+06	1.01543e+06	
1.0403e+06	1.04684e+06	1.051e+06	1.02408e+06	1.03357e+06	
1.04262e+06	1.04092e+06	1.04665e+06	1.01995e+06	1.03357e+06	
1.03997e+06	1.04154e+06	1.03295e+06	1.01454e+06	1.01884e+06	
1.04343e+06	1.03657e+06	1.04554e+06	1.0157e+06	1.03219e+06	
1.03657e+06	1.04311e+06	1.03914e+06	1.02049e+06	1.01046e+06	
1.0467e+06	1.04208e+06	1.04568e+06	1.01462e+06	1.01776e+06	
1.03832e+06	1.04759e+06	1.06081e+06	1.02743e+06	1.03057e+06	
1.0527e+06	1.04527e+06	1.04957e+06	1.01722e+06	1.03643e+06	
1.04432e+06	1.04324e+06	1.04881e+06	1.02492e+06	1.02976e+06	
1.048e+06	1.04159e+06	1.05284e+06	1.02878e+06	1.03286e+06	
1.06e+06	1.05862e+06	1.06073e+06	1.03443e+06	1.05114e+06	
1.05365e+06	1.05951e+06	1.06668e+06	1.03486e+06	1.04459e+06	
1.05249e+06	1.05673e+06	1.05516e+06	1.03084e+06	1.03308e+06	
1.04984e+06	1.04903e+06	1.06257e+06	1.01938e+06	1.04011e+06	
1.05114e+06	1.04984e+06	1.05938e+06	1.02586e+06	1.032e+06	
1.04868e+06	1.05305e+06	1.06741e+06	1.0243e+06	1.03827e+06	
1.06659e+06	1.07565e+06	1.08146e+06	1.04384e+06	1.0557e+06	
1.05584e+06	1.06203e+06	1.06381e+06	1.03778e+06	1.03927e+06	
1.05203e+06	1.06211e+06	1.07041e+06	1.04011e+06	1.04678e+06	
1.0403e+06	1.04616e+06	1.05351e+06	1.02492e+06	1.04268e+06	
1.05176e+06	1.05651e+06	1.07892e+06	1.03492e+06	1.05141e+06	
1.06135e+06	1.05149e+06	1.05719e+06	1.03132e+06	1.03792e+06	
1.07095e+06	1.06673e+06	1.05673e+06	1.03254e+06	1.03205e+06	
1.05732e+06	1.06073e+06	1.07649e+06	1.04378e+06	1.04411e+06	
1.06116e+06	1.05414e+06	1.06435e+06	1.0397e+06	1.05135e+06	
1.06714e+06	1.07989e+06	1.08854e+06	1.05181e+06	1.05284e+06	
1.07376e+06	1.06265e+06	1.07586e+06	1.03241e+06	1.05032e+06	
1.06843e+06	1.05419e+06	1.06203e+06	1.04065e+06	1.04411e+06	
1.05727e+06	1.06116e+06	1.06265e+06	1.03241e+06	1.03459e+06	
1.05005e+06	1.03676e+06	1.06257e+06	1.02859e+06	1.02184e+06	
1.04311e+06	1.04338e+06	1.04562e+06	1.02103e+06	1.03022e+06	
1.03173e+06	1.04711e+06	1.04311e+06	1.01359e+06	1.01865e+06	
1.03697e+06	1.04057e+06	1.03922e+06	1.00754e+06	1.01551e+06	
1.01597e+06	1.01314e+06	1.023e+06	997378	1.00773e+06	
1.00965e+06	1.01973e+06	1.023e+06	1.0023e+06	1.00849e+06	
1.00495e+06	1.00386e+06	1.01762e+06	992270	1.00203e+06	
1.00481e+06	994649	1.00046e+06	974081	990784	
991514	989757	994784	960459	977892	
993838	984108	1.00235e+06	970351	985459	
984649	989000	989676	980838	967486	
985459	985459	997784	972730	968162	
990297	985595	996027	966324	982054	
1.00432e+06	994595	999838	968514	989216	
981784	998054	993027	976892	970135	
991946	996568	991459	972459	961838	
982946	974486	987162	959243	966108	
965838	970757	982054	957946	957405	
975459	984243	987514	955216	972108	
959973	966730	969514	957946	958757	
955757	966946	970135	943432	958135	
969919	966108	970541	939000	953919	
954730	960730	958351	945757	949703	
952027	968162	969243	920946	945216	
950324	957054	961351	923135	942892	
940838	943027	946216	924973	936541	
925459	941108	939486	915432	923000	
930486	928730	929595	905270	907811	
926541	914486	920324	886622	903378	
902973	902892	920757	885378	899622	
906919	908135	909649	881838	888595	
901000	899838	906784	881027	898135	
909514	903568	890027	879189	897649	
895541	892405	899973	875162	880973	
887703	884297	881514	858216	869324	
880270	872595	891459	861081	866514	
869595	868027	877216	853432	855757	
852568	860649	857811	837162	840081	
853243	847027	857865	838919	840081	
838514	841865	842135	816730	844730	
832243	832865	830351	812432	829054	
816243	817000	815297	793757	805676	
810865	815757	815703	799757	799486	
808892	812622	807946	789757	795270	
808216	807865	818216	793351	792135	
797703	799838	807514	785378	801730	
797514	796216	798405	777946	793297	
798595	800514	799838	781081	789000	
797919	783946	789946	768000	794378	
798000	792865	792459	775027	784486	
782649	776324	784162	765568	777811	
775838	780811	786676	762162	769514	
770135	773676	765162	750108	763865	
762162	760649	759838	739054	754108	
752000	745595	758216	733000	747432	
729189	746351	746973	731432	727486	
739135	737027	739270	724811	742135	
738027	734216	736000	713459	727135	
727541	722973	731973	710378	714541	
720405	723189	727486	693757	713243	
717730	725919	722649	697027	713865	
706216	712486	719378	697973	712892	
704459	712486	711595	689405	696000	
694838	686405	688432	671946	680946	
693838	689811	697514	680000	689324	
685027	679595	692000	664324	676243	
692459	685919	689946	663297	677676	
675351	684568	683054	671541	673189	
676189	668000	682784	662000	663784	
676324	684973	690297	671622	673649	
677135	671270	674216	653703	672973	
677811	669784	672649	652757	657108	
676108	682324	671486	650649	662622	
678973	668216	667541	650784	664189	
668135	671757	671541	651595	660378	
670459	664676	675919	652622	655541	
661135	652892	668216	641108	647649	
669108	655757	666378	648595	658135	
652676	648649	664135	635297	646811	
653838	651243	659486	638297	643973	
647919	649216	645730	631486	642595	
642405	648514	652351	627486	634027	
637973	630595	649811	621946	629324	
628622	631432	632027	609622	627486	
633054	616649	615135	612486	613108	
623108	620946	624892	612486	611459	
625162	621405	618541	600486	607730	
612405	619649	610027	598595	611811	
616243	628216	605270	601784	607865	
607649	603297	610568	595595	597162	
606622	602000	603432	586459	594568	
588162	585919	590081	579919	591162	
579649	574676	581297	561108	565811	
560432	564676	568811	546811	561405	
546757	547162	552811	543270	543405	
538162	539811	545595	533405	537216	
541784	541297	548459	531622	529919	
541162	542108	543351	535703	537541	
550486	542649	548865	534703	535027	
545054	542514	551730	534838	544703	
549324	546622	549622	535514	540000	
547703	541919	555000	545649	542054	
552459	551162	548378	532703	544081	
547703	548054	554378	539108	531838	
550973	553027	553757	537541	542243	
552892	546622	547838	530270	540676	
544973	547081	556757	532919	544703	
543405	533865	553757	538838	539595	
550838	540351	547486	525973	543676	
543081	543270	543486	527189	535568	
540216	537757	538649	530135	530541	
536676	533595	538973	516568	525081	
534622	536676	532838	526243	527405	
526108	531351	539243	519622	529297	
534216	532919	536595	524595	526649	
534405	531568	543270	529243	524135	
538108	533135	540216	527324	529162	
526297	532649	545459	525622	532108	
522973	528622	532027	517189	518054	
533324	529243	527541	517459	516432	
527676	529784	530459	515000	523108	
528838	530054	534541	514189	521000	
529108	517784	529649	515135	514649	
524676	521946	530054	515000	511459	
523730	522351	527405	513919	511189	
520649	517324	528162	507108	517919	
528838	525757	525432	523595	523324	
523784	519351	532108	504838	517243	
518486	511811	519081	506405	515541	
506135	513378	520919	504784	507514	
510703	512216	516919	507784	507838	
513568	502135	514459	491216	500622	
514189	507378	507973	496405	503135	
511108	510784	520324	505811	501784	
505135	512946	517108	506892	507297	
516514	513432	507649	495189	509622	
511108	507162	505595	504162	504378	
511324	507243	520054	495595	511946	
514946	507973	515081	507243	506351	
514946	511676	520514	500432	499946	
498324	501919	509973	493054	494297	
510162	502730	508270	492514	498514	
509486	509081	504568	488216	498324	
506081	498514	509405	489865	497162	
502000	491216	502189	484811	496000	
494216	496459	504162	481135	495378	
493189	492243	499054	481405	486054	
496946	494027	494081	479108	492324	
490351	485784	491216	481541	486730	
487081	484135	483541	472757	480811	
481135	483946	481892	468486	474135	
475622	476649	476919	460162	477054	
475703	477946	480405	464459	470649	
474865	472568	478703	468541	467189	
471730	471892	468189	456000	465622	
458676	466622	474459	453973	452189	
465351	465000	468676	454027	459757	
472297	459811	466351	449676	455324	
464514	464054	464784	447892	453486	
458459	454432	456000	452946	446000	
456541	451703	458730	442784	446000	
457703	445595	448514	441162	445243	
447568	445865	454432	440486	438973	
443676	445378	452000	435919	440054	
443000	436865	441757	436108	430189	
431135	438784	434811	426838	431405	
435081	439514	439378	428351	431351	
429919	432568	430595	425838	427811	
422486	423378	436189	417649	426568	
430595	425892	425757	420378	419162	
421135	427541	421054	410432	415405	
422432	419486	423378	405459	414324	
417919	415459	423162	409216	414459	
404568	413703	418054	401432	406081	
403676	406541	412351	403351	403270	
412216	405054	409135	396730	404162	
412270	405243	414649	392243	399946	
404162	408514	412946	397622	403811	
404297	407919	411730	392919	401378	
405378	408324	406000	394027	408189	
412351	408514	407973	392919	398378	
397703	406135	400351	389595	399541	
405730	402595	404838	388162	394027	
407297	403973	402730	395919	399054	
404568	406351	402595	393730	395108	
399459	397135	397703	390189	389919	
398297	400216	397432	387541	390189	
401919	390135	397486	388216	389243	
396811	393000	393865	384486	391216	
391757	384757	392027	378892	379297	
379838	381541	389595	377541	380108	
382351	383595	383324	378216	382432	
375622	378000	380865	368189	377459	
375216	378081	381946	367297	371865	
380189	372757	373378	364243	368000	
374541	379162	374054	369703	370297	
374135	368730	378811	369351	370108	
363973	376973	367108	368135	367730	
362676	364514	369000	366486	363568	
364324	364459	369486	359892	356351	
366703	364919	364919	356081	358189	
368405	365405	364595	354297	357784	
359892	368865	367027	358730	361243	
357649	363838	366622	357486	362000	
361865	364514	357486	347486	352811	
354568	359135	365000	345703	353486	
355730	358865	354243	342243	341568	
354432	357432	351378	346946	347081	
349541	351378	357568	343459	347216	
353676	347757	358459	347973	346676	
349730	342243	353622	343000	341973	
353351	349054	349730	344703	344351	
344351	344757	343541	344270	337135	
347081	344216	351649	343811	338568	
350541	348919	347622	339514	343189	
352243	346865	347622	334135	347703	
341081	342243	352378	338162	337270	
346000	341432	343541	334946	340189	
343270	337595	341216	335757	337405	
342297	344216	348432	341162	337000	
340676	343730	339595	333784	337189	
340000	345784	340730	334189	340405	
341622	338162	347622	330784	337811	
339162	340865	339378	330649	337459	
335432	334757	340541	329568	339162	
336378	332622	335432	322622	330459	
331541	334622	334270	329919	325622	
334135	328892	333865	328216	324324	
337270	329568	336054	334000	335622	
334892	332622	334135	325000	328000	
329514	329784	334054	324108	328811	
327865	325486	325135	324189	323973	
327378	328081	330649	319405	320973	
327189	322405	325351	321324	325405	
327514	328541	328216	312054	320919	
328757	328757	321676	313297	322973	
323568	316973	330378	309189	318946	
325000	320838	321189	309000	314865	
314378	315405	323973	310892	316757	
315946	314784	316838	306946	310568	
314108	311649	314784	304568	308324	
308243	309135	309622	305649	305378	
307973	308514	308784	298243	302946	
302946	308919	305459	299189	303486	
300081	299324	301027	295568	296405	
304432	295703	306541	290000	298568	
298108	299243	299595	301027	295973	
291973	300000	294838	291486	290676	
293405	294757	296595	288162	293270	
291703	291622	295162	289568	290270	
289784	290595	292514	288297	286027	
287459	290730	294622	284676	290189	
290135	288162	290324	279486	281541	
291622	284946	288486	280595	283378	
280730	285568	288000	278811	274108	
284541	278405	283324	276027	281000	
285703	282973	280108	275811	278216	
280595	282622	275135	272541	273432	
274243	272135	275541	273081	272486	
276568	267432	265270	266081	267703	
267703	269135	269270	266486	266486	
267243	269135	266622	262811	263892	
261784	265270	267649	260757	264243	
259459	262865	260622	260216	259000	
259405	264243	260027	256324	256622	
259595	259054	259000	251216	258730	
258784	251432	256757	259595	256622	
254162	256892	257622	253405	251432	
250676	252378	252108	249324	248297	
249865	247486	252865	243811	245973	
246946	245568	245568	243324	246676	
250216	248973	246865	239973	242973	
248703	247216	250757	246054	249243	
250946	244135	244676	241000	250000	
251351	245514	249595	243243	244622	
243865	241541	247541	240324	243054	
239919	244081	248649	241486	241351	
246946	246189	242378	242243	238892	
245243	244000	243324	239838	241622	
246676	245649	249324	241622	241486	
244135	244351	247216	239919	241270	
241486	243243	238216	240324	244216	
243730	240135	242838	239378	243405	
245919	238892	242243	237054	236865	
241703	239162	236784	233865	232027	
238703	239162	236514	229351	230027	
231324	234000	233514	231757	234189	
230459	231459	227784	227730	225486	
221595	219000	222351	224243	219216	
213892	218459	218541	214703	218189	
216622	218054	214162	208919	210622	
212541	216135	214297	210568	211919	
213973	218324	217432	215189	218595	
218108	218595	217297	217432	215865	
219351	222541	222486	219081	212459	
218108	218946	224378	220243	221514	
222351	219892	221459	216811	219000	
221784	225351	228892	217649	219892	
221054	221514	225135	224243	220297	
222081	221595	224865	218243	222541	
223351	221189	223216	217568	217973	
219622	221108	223784	217514	215324	
221946	221378	221514	220243	218108	
220027	217297	218676	215405	214784	
221784	220703	219216	215676	215730	
218054	218730	222757	215595	212000	
218108	216811	217297	217838	213622	
215324	222946	221649	212946	214108	
216135	217108	215189	210973	209270	
219081	209676	214919	212054	213270	
210757	215459	214919	210081	211703	
211108	211378	213270	209595	209135	
210081	206270	208108	207568	210135	
213216	208514	211514	204892	208027	
207757	206324	208108	206541	209595	
206324	205108	208784	203811	210757	
206189	207162	212189	203000	207568	
209811	207351	205514	202243	200946	
206054	203135	211297	197811	203622	
203459	201351	204432	200541	199459	
204622	202243	200811	199324	202784	
201838	201216	199243	198919	202378	
201892	201351	203676	200946	197757	
200135	201432	201838	199054	195919	
198973	202730	198486	197946	200135	
197676	200676	201351	196919	197676	
199378	202784	198649	192919	191622	
199459	197135	199243	195027	194892	
196378	199865	201027	192568	196054	
194135	197135	196108	192838	194757	
201838	197757	196865	192027	194216	
191351	193865	193865	191541	194811	
193189	194622	197405	192703	193189	
194351	194216	198838	191757	195973	
194757	190811	195568	188892	190541	
191757	192703	191081	189027	192432	
194405	193514	190676	191405	192378	
192784	191270	192432	189919	194000	
187865	190108	189703	185216	188973	
187811	190324	192973	185973	192919	
192838	190324	193730	186568	194000	
192838	190324	195703	190676	190189	
192297	190595	191676	183919	190189	
188622	187946	194811	188486	188351	
190730	192568	189649	184270	188838	
193243	192027	192919	185486	187865	
190541	191351	189919	188081	192784	
188351	192162	189703	183243	191676	
190595	188757	193189	182622	188135	
188676	192703	186649	185432	188000	
189784	190676	189649	188216	183865	
191676	186919	194541	184459	189703	
188838	191135	191000	184676	185622	
189162	189838	189514	185000	187811	
188892	188000	188405	188081	188541	
186703	186838	189514	185216	186973	
188351	187189	189784	188973	183784	
191541	189027	193730	185081	187865	
189649	190243	187135	183243	184865	
185703	190054	189162	182432	188135	
185432	189703	191757	182216	186108	
191541	187730	190811	184946	186297	
190865	186432	192514	185270	185216	
191135	187595	189838	185216	186973	
186973	187405	188000	183703	189027	
186973	188405	191216	187135	186784	
193189	185703	193054	185351	189027	
192162	186243	191081	187459	188081	
189838	190243	189568	184811	188000	
192243	185892	189243	187189	187811	
190730	189568	193378	185622	189297	
185838	187946	192297	183649	187811	
189378	191622	191946	184054	188973	
187676	186649	190946	186784	184189	
192162	191811	188757	185973	188135	
191541	192568	195432	186649	190811	
188000	191216	190811	189784	191135	
194946	190865	188622	186838	193378	
192027	191541	191216	189162	193189	
185973	182000	185892	180865	184811	
182162	184541	181865	181054	179838	
174108	177459	181459	176216	176216	
171459	175000	178189	174189	170649	
177595	178324	176081	175324	175324	
181405	176297	182297	178000	176703	
182216	183378	186568	179757	185135	
186243	184189	185703	183703	180595	
188000	192378	191946	183108	184054	
188622	190676	191405	188622	189703	
199649	193054	192243	188135	190243	
194892	193730	196649	189973	192162	
200622	194000	200486	194676	198703	
199865	201216	205243	197946	204432	
206811	204432	206189	203676	206676	
216135	209459	211919	206595	206000	
218243	216351	215189	210892	213892	
219486	215270	222811	211514	214973	
222000	226784	229432	216973	221243	
231892	227243	231405	221730	223784	
232162	229216	235486	229027	225757	
235432	235973	233297	226568	232838	
239568	236243	241081	232838	233784	
242973	240054	244135	236649	239514	
245784	248378	249595	242568	244405	
250135	250541	255730	250757	248432	
257081	256405	259676	247351	255378	
262946	259541	260432	257297	262270	
270649	269351	271676	261378	266757	
276432	273649	282297	273297	273162	
288568	285757	282081	271811	284135	
294622	292649	292514	285081	285568	
301216	300351	295297	293189	295162	
306676	304838	306135	303405	304081	
309189	310622	314027	308730	304838	
321108	320108	321270	312459	317108	
324378	325486	329919	312811	318541	
331541	330243	335622	323973	326297	
341486	336324	333054	327324	332027	
345568	340730	341622	337324	337135	
343946	346676	346595	345162	345432	
352514	352514	352946	348243	350000	
359216	353541	362459	354514	353216	
364595	363081	358189	351784	353757	
369622	373243	370378	367162	369622	
374405	379162	382162	368054	368459	
382784	382919	385432	373027	383730	
389243	393811	393054	382838	392108	
395784	397486	396676	391703	393595	
403216	408378	412000	396135	398432	
415946	417919	422162	405946	411730	
419027	420595	423108	409541	415811	
429919	428486	434946	422351	430676	
433459	439595	445595	434541	437811	
452270	454432	455324	439189	450135	
467378	456351	467324	447081	459135	
461946	468324	466973	453838	464324	
478135	469838	472216	458324	467108	
482784	475622	487351	469297	476243	
485243	491784	492784	472703	483541	
494297	492730	493622	475000	482432	
504919	495324	508108	501297	499865	
507973	508865	516081	499459	504243	
519703	521892	516568	507243	510297	
529649	531838	536054	515486	516568	
529865	536541	535514	513919	527865	
540757	540541	533730	523784	525838	
547297	539189	543622	535162	536189	
547703	550703	555811	538649	541649	
556892	554595	559703	542865	551324	
563297	559568	566081	554108	561324	
577054	576108	578568	568405	564541	
583324	584838	592378	571135	580324	
586811	593081	600216	573378	591108	
594216	590622	580811	584216	585297	
606432	605541	610568	590973	590486	
614946	603703	614189	591027	598054	
616703	613243	624405	605459	609892	
618622	618081	615351	603703	606027	
620649	637135	635108	619919	622784	
640973	640757	641784	619162	623189	
635514	636189	636946	625784	633324	
646351	650649	653757	631216	644973	
656162	647838	659838	638243	645946	
654595	657919	668486	641703	647081	
671000	667541	668838	646622	662297	
672514	671351	671216	653351	659838	
676595	668486	676730	658270	664324	
683135	679649	690973	668676	672162	
684622	686054	679189	660514	674351	
672027	668081	681027	654243	665757	
663649	660865	659973	642730	655946	
651243	651649	654054	628703	643081	
635162	635027	628162	624000	623108	
618486	631568	626378	606703	621081	
605459	611946	624676	601108	609432	
607595	603838	612270	596946	597297	
600162	604027	613649	591027	599757	
597973	600757	612838	583270	593811	
597081	600757	599946	578432	597703	
596757	602135	605000	597162	601324	
611135	606027	610649	597216	609973	
624216	626919	623459	606973	611595	
649541	636595	649081	630757	637216	
676054	679378	676378	659216	673649	
699351	705946	708757	686595	693541	
728027	735865	741730	725432	723541	
761676	767270	765162	743432	750514	
770811	778919	783676	767135	778162	
780270	782054	799216	768162	783135	
787568	793568	792811	771892	783000	
774486	771081	787757	765703	762838	
778378	771486	780405	759973	765838	
762486	762351	771135	759432	763324	
761946	758216	765703	744568	754784	
763108	767730	778432	755811	763324	
778919	778838	775514	752757	765351	
785243	775919	783676	763919	781568	
798135	794378	803162	775784	782865	
801541	797514	807378	789459	798270	
815892	822297	820000	796568	801946	
827892	830270	835459	817135	809351	
843703	853649	845946	825432	838459	
845946	854270	847919	832324	835189	
846162	858811	849351	821162	846027	
869784	856784	867757	848946	861486	
869243	869108	860378	837432	862703	
888189	884162	890162	863108	866514	
891514	874162	883622	857865	874162	
887081	889757	892541	863459	877351	
904811	903703	900514	880757	891378	
921432	920270	924486	910243	905081	
929405	942351	934973	912108	909297	
943162	947595	941946	920892	928243	
952838	957135	961000	938108	940973	
946838	960595	964946	943649	954541	
977892	992541	982811	949162	970405	
1.00051e+06	1.00032e+06	1.00441e+06	968703	972514	
1.03219e+06	1.02054e+06	1.04822e+06	1.00419e+06	1.023e+06	
1.05816e+06	1.05584e+06	1.05665e+06	1.03159e+06	1.03805e+06	
1.08786e+06	1.07878e+06	1.08192e+06	1.04992e+06	1.08057e+06	
1.09016e+06	1.10584e+06	1.10624e+06	1.07443e+06	1.09338e+06	
1.11811e+06	1.12197e+06	1.11816e+06	1.08262e+06	1.104e+06	
1.14678e+06	1.1307e+06	1.13773e+06	1.10849e+06	1.12143e+06	
1.16273e+06	1.15584e+06	1.16578e+06	1.13432e+06	1.15651e+06	
1.17389e+06	1.18616e+06	1.18159e+06	1.151e+06	1.17111e+06	
1.17546e+06	1.17716e+06	1.17927e+06	1.15278e+06	1.16959e+06	
1.19638e+06	1.18541e+06	1.20297e+06	1.16654e+06	1.18378e+06	
1.18895e+06	1.19657e+06	1.19665e+06	1.16927e+06	1.18446e+06	
1.20114e+06	1.19835e+06	1.20551e+06	1.17111e+06	1.172e+06	
1.21149e+06	1.20592e+06	1.22608e+06	1.17881e+06	1.19141e+06	
1.20884e+06	1.21368e+06	1.22343e+06	1.19303e+06	1.19459e+06	
1.22724e+06	1.22089e+06	1.22043e+06	1.19297e+06	1.19719e+06	
1.2337e+06	1.23235e+06	1.22559e+06	1.21068e+06	1.21538e+06	
1.25197e+06	1.2493e+06	1.26138e+06	1.22573e+06	1.24203e+06	
1.27008e+06	1.26157e+06	1.27765e+06	1.24092e+06	1.25511e+06	
1.26995e+06	1.26219e+06	1.27738e+06	1.24324e+06	1.25838e+06	
1.29019e+06	1.28527e+06	1.28527e+06	1.24816e+06	1.26592e+06	
1.27397e+06	1.28392e+06	1.28419e+06	1.26e+06	1.25946e+06	
1.27684e+06	1.27559e+06	1.28535e+06	1.24773e+06	1.25905e+06	
1.28097e+06	1.28173e+06	1.29249e+06	1.26014e+06	1.26232e+06	
1.29522e+06	1.30784e+06	1.31197e+06	1.27805e+06	1.28343e+06	
1.31103e+06	1.32616e+06	1.32519e+06	1.28311e+06	1.29959e+06	
1.32432e+06	1.32943e+06	1.32505e+06	1.28903e+06	1.30824e+06	
1.32559e+06	1.32635e+06	1.33016e+06	1.30686e+06	1.31362e+06	
1.32676e+06	1.33773e+06	1.34392e+06	1.30327e+06	1.31008e+06	
1.32568e+06	1.32765e+06	1.34208e+06	1.30197e+06	1.31995e+06	
1.34489e+06	1.34481e+06	1.34665e+06	1.31143e+06	1.32527e+06	
1.35878e+06	1.353e+06	1.35954e+06	1.32873e+06	1.33303e+06	
1.3647e+06	1.35789e+06	1.36335e+06	1.31995e+06	1.33297e+06	
1.36941e+06	1.36532e+06	1.38043e+06	1.34059e+06	1.34795e+06	
1.38208e+06	1.38016e+06	1.39054e+06	1.36859e+06	1.36205e+06	
1.39441e+06	1.38535e+06	1.39611e+06	1.36511e+06	1.38392e+06	
1.40735e+06	1.41465e+06	1.4043e+06	1.37786e+06	1.39762e+06	
1.40389e+06	1.39692e+06	1.4107e+06	1.37662e+06	1.38486e+06	
1.41076e+06	1.41143e+06	1.41573e+06	1.38611e+06	1.406e+06	
1.41559e+06	1.41805e+06	1.42405e+06	1.38938e+06	1.40135e+06	
1.40932e+06	1.42281e+06	1.42178e+06	1.38938e+06	1.40776e+06	
1.42724e+06	1.43119e+06	1.44959e+06	1.39822e+06	1.41192e+06	
1.43343e+06	1.43324e+06	1.43714e+06	1.39543e+06	1.41859e+06	
1.437e+06	1.43405e+06	1.44495e+06	1.39808e+06	1.41443e+06	
1.43781e+06	1.44081e+06	1.44776e+06	1.40941e+06	1.42384e+06	
1.43576e+06	1.44086e+06	1.45519e+06	1.42505e+06	1.43181e+06	
1.43978e+06	1.44816e+06	1.45368e+06	1.41654e+06	1.42262e+06	
1.44592e+06	1.44154e+06	1.46451e+06	1.41532e+06	1.42895e+06	
1.44005e+06	1.44359e+06	1.45816e+06	1.42832e+06	1.43665e+06	
1.45627e+06	1.45668e+06	1.4547e+06	1.42146e+06	1.43303e+06	
1.45716e+06	1.44865e+06	1.46178e+06	1.43459e+06	1.43173e+06	
1.45532e+06	1.46089e+06	1.45327e+06	1.41784e+06	1.44059e+06	
1.4517e+06	1.4603e+06	1.45573e+06	1.41532e+06	1.43862e+06	
1.45789e+06	1.45449e+06	1.45743e+06	1.42057e+06	1.42676e+06	
1.45362e+06	1.46103e+06	1.45259e+06	1.42832e+06	1.43686e+06	
1.44359e+06	1.44449e+06	1.45749e+06	1.43189e+06	1.4397e+06	
1.44319e+06	1.4487e+06	1.45362e+06	1.42486e+06	1.43365e+06	
1.43924e+06	1.45878e+06	1.46138e+06	1.42432e+06	1.43841e+06	
1.44135e+06	1.43951e+06	1.45162e+06	1.41846e+06	1.43849e+06	
1.44197e+06	1.44454e+06	1.45859e+06	1.40941e+06	1.43795e+06	
1.44141e+06	1.44203e+06	1.44659e+06	1.41281e+06	1.4267e+06	
1.4483e+06	1.44319e+06	1.45681e+06	1.42392e+06	1.43359e+06	
1.44414e+06	1.44386e+06	1.46057e+06	1.43168e+06	1.4267e+06	
1.453e+06	1.44946e+06	1.46424e+06	1.42765e+06	1.43808e+06	
1.44238e+06	1.43468e+06	1.45068e+06	1.42105e+06	1.43195e+06	
1.44646e+06	1.44462e+06	1.45886e+06	1.41143e+06	1.43146e+06	
1.45305e+06	1.45703e+06	1.46519e+06	1.41116e+06	1.43686e+06	
1.45489e+06	1.44524e+06	1.46397e+06	1.42949e+06	1.44127e+06	
1.45689e+06	1.44924e+06	1.45341e+06	1.42119e+06	1.44305e+06	
1.44584e+06	1.45022e+06	1.46527e+06	1.42173e+06	1.4397e+06	
1.44722e+06	1.44141e+06	1.45068e+06	1.42178e+06	1.4393e+06	
1.44211e+06	1.4487e+06	1.45143e+06	1.41308e+06	1.42705e+06	
1.44311e+06	1.44305e+06	1.45314e+06	1.42895e+06	1.43808e+06	
1.42616e+06	1.45e+06	1.45286e+06	1.41295e+06	1.42303e+06	
1.43168e+06	1.44095e+06	1.4513e+06	1.40886e+06	1.43446e+06	
1.43603e+06	1.42957e+06	1.4387e+06	1.40232e+06	1.41354e+06	
1.43154e+06	1.42684e+06	1.44184e+06	1.40422e+06	1.41232e+06	
1.413e+06	1.41662e+06	1.41376e+06	1.3927e+06	1.409e+06	
1.41797e+06	1.428e+06	1.42997e+06	1.40673e+06	1.40865e+06	
1.42419e+06	1.42335e+06	1.42622e+06	1.39408e+06	1.40797e+06	
1.42392e+06	1.41314e+06	1.43365e+06	1.39257e+06	1.39822e+06	
1.39468e+06	1.39624e+06	1.4073e+06	1.36941e+06	1.39068e+06	
1.40054e+06	1.39878e+06	1.39381e+06	1.37281e+06	1.38965e+06	
1.3647e+06	1.3707e+06	1.37657e+06	1.35557e+06	1.34959e+06	
1.25965e+06	1.2557e+06	1.27935e+06	1.23778e+06	1.23684e+06	
1.08814e+06	1.08357e+06	1.09746e+06	1.07451e+06	1.08765e+06	
873730	889000	891919	854865	869459	
683459	685730	691838	673054	682378	
550162	545919	557568	536865	535243	
460703	471405	469622	450892	458189	
446054	447351	450892	434216	439054	
496270	500486	502054	487892	492730	
582432	586865	593622	573324	577811	
644162	643811	647568	626054	635432	
659081	658324	679108	646676	655270	
647973	635243	644108	643973	641297	
629054	627054	630892	617243	618676	
632919	628703	630459	624676	621486	
633405	638108	633595	621757	625486	
641243	647703	649216	638838	640135	
678486	682054	682514	672243	665081	
726946	727541	725514	722243	718757	
767541	773865	772703	756514	766595	
822432	826541	831514	809784	797784	
873459	867892	890162	859081	859162	
919378	917351	919730	899892	899838	
964135	966649	973946	956108	960595	
1.01646e+06	1.00986e+06	1.01484e+06	988459	992541	
1.07143e+06	1.06189e+06	1.06359e+06	1.03581e+06	1.05122e+06	
1.11076e+06	1.09705e+06	1.11986e+06	1.08868e+06	1.09554e+06	
1.1427e+06	1.13049e+06	1.15565e+06	1.11551e+06	1.11914e+06	
1.16886e+06	1.18051e+06	1.18343e+06	1.15081e+06	1.16205e+06	
1.17811e+06	1.19092e+06	1.20032e+06	1.1617e+06	1.18254e+06	
1.21108e+06	1.21735e+06	1.22757e+06	1.18478e+06	1.19643e+06	
1.21816e+06	1.21695e+06	1.22124e+06	1.19132e+06	1.20978e+06	
1.23078e+06	1.22559e+06	1.23181e+06	1.19808e+06	1.22716e+06	
1.23011e+06	1.22484e+06	1.23411e+06	1.20278e+06	1.22003e+06	
1.23608e+06	1.23092e+06	1.25086e+06	1.21327e+06	1.21851e+06	
1.24208e+06	1.23338e+06	1.24473e+06	1.20305e+06	1.2173e+06	
1.24332e+06	1.23451e+06	1.24427e+06	1.2213e+06	1.22751e+06	
1.23254e+06	1.24781e+06	1.2527e+06	1.22765e+06	1.23432e+06	
1.23465e+06	1.22608e+06	1.24392e+06	1.20878e+06	1.2183e+06	
1.23765e+06	1.23805e+06	1.23814e+06	1.21538e+06	1.21578e+06	
1.22362e+06	1.23303e+06	1.23876e+06	1.20538e+06	1.21273e+06	
1.22165e+06	1.22832e+06	1.22389e+06	1.20878e+06	1.21524e+06	
1.22308e+06	1.22035e+06	1.22962e+06	1.19516e+06	1.21416e+06	
1.22689e+06	1.2267e+06	1.23316e+06	1.20427e+06	1.21395e+06	
1.2243e+06	1.22219e+06	1.23692e+06	1.20851e+06	1.21251e+06	
1.21332e+06	1.21341e+06	1.22568e+06	1.19727e+06	1.20695e+06	
1.21668e+06	1.20789e+06	1.22192e+06	1.18984e+06	1.19276e+06	
1.21116e+06	1.2023e+06	1.21959e+06	1.18424e+06	1.20149e+06	
1.20381e+06	1.19522e+06	1.22057e+06	1.18022e+06	1.19078e+06	
1.18862e+06	1.20932e+06	1.21846e+06	1.17541e+06	1.18268e+06	
1.19168e+06	1.1893e+06	1.19446e+06	1.16184e+06	1.18711e+06	
1.18889e+06	1.19495e+06	1.20578e+06	1.16049e+06	1.17949e+06	
1.19343e+06	1.19119e+06	1.194e+06	1.16162e+06	1.18208e+06	
1.19316e+06	1.195e+06	1.20441e+06	1.1773e+06	1.17949e+06	
1.1893e+06	1.17757e+06	1.20368e+06	1.17124e+06	1.17949e+06	
1.1837e+06	1.19822e+06	1.188e+06	1.15992e+06	1.17451e+06	
1.18289e+06	1.18303e+06	1.19473e+06	1.17043e+06	1.17546e+06	
1.18486e+06	1.17724e+06	1.19195e+06	1.15673e+06	1.1777e+06	
1.16278e+06	1.17205e+06	1.17784e+06	1.14957e+06	1.15597e+06	
1.17354e+06	1.16592e+06	1.16816e+06	1.148e+06	1.14249e+06	
1.16641e+06	1.16762e+06	1.18308e+06	1.14768e+06	1.15195e+06	
1.15808e+06	1.1613e+06	1.16932e+06	1.13424e+06	1.14957e+06	
1.16246e+06	1.15878e+06	1.17403e+06	1.1363e+06	1.14132e+06	
1.14541e+06	1.16205e+06	1.15816e+06	1.13268e+06	1.13138e+06	
1.16716e+06	1.17138e+06	1.16968e+06	1.13562e+06	1.1433e+06	
1.14603e+06	1.15346e+06	1.16551e+06	1.12778e+06	1.14781e+06	
1.15522e+06	1.16578e+06	1.15646e+06	1.12341e+06	1.14741e+06	
1.14432e+06	1.13773e+06	1.14235e+06	1.11586e+06	1.14427e+06	
1.14808e+06	1.13976e+06	1.15265e+06	1.12205e+06	1.14432e+06	
1.14911e+06	1.12314e+06	1.15705e+06	1.13105e+06	1.11757e+06	
1.13022e+06	1.13997e+06	1.15305e+06	1.10503e+06	1.13124e+06	
1.1463e+06	1.13903e+06	1.14965e+06	1.11632e+06	1.12859e+06	
1.14754e+06	1.14938e+06	1.15224e+06	1.1183e+06	1.13711e+06	
1.14473e+06	1.14903e+06	1.14924e+06	1.14016e+06	1.13254e+06	
1.14446e+06	1.14073e+06	1.14078e+06	1.10992e+06	1.12143e+06	
1.1437e+06	1.12914e+06	1.13662e+06	1.10619e+06	1.12586e+06	
1.13227e+06	1.1213e+06	1.1247e+06	1.11103e+06	1.10789e+06	
1.12484e+06	1.12322e+06	1.13595e+06	1.10468e+06	1.113e+06	
1.11968e+06	1.1207e+06	1.13008e+06	1.10822e+06	1.10535e+06	
1.11368e+06	1.1123e+06	1.12505e+06	1.10073e+06	1.11511e+06	
1.12878e+06	1.11659e+06	1.13424e+06	1.09643e+06	1.11605e+06	
1.10495e+06	1.11246e+06	1.12246e+06	1.08765e+06	1.08962e+06	
1.1153e+06	1.11108e+06	1.12246e+06	1.07797e+06	1.10122e+06	
1.10346e+06	1.11076e+06	1.12184e+06	1.09446e+06	1.10365e+06	
1.10359e+06	1.10592e+06	1.12111e+06	1.09781e+06	1.08384e+06	
1.11251e+06	1.10992e+06	1.11103e+06	1.09643e+06	1.09441e+06	
1.10508e+06	1.09916e+06	1.11668e+06	1.08062e+06	1.09562e+06	
1.08914e+06	1.08868e+06	1.08943e+06	1.06327e+06	1.09078e+06	
1.09697e+06	1.08778e+06	1.09584e+06	1.07354e+06	1.07362e+06	
1.07443e+06	1.08541e+06	1.09186e+06	1.06878e+06	1.06578e+06	
1.07314e+06	1.06981e+06	1.0773e+06	1.04222e+06	1.05727e+06	
1.06414e+06	1.06686e+06	1.07976e+06	1.04957e+06	1.06224e+06	
1.06068e+06	1.05535e+06	1.07524e+06	1.04978e+06	1.04935e+06	
1.07014e+06	1.05073e+06	1.05938e+06	1.03132e+06	1.04432e+06	
1.03724e+06	1.04173e+06	1.04908e+06	1.01395e+06	1.04159e+06	
1.04011e+06	1.03886e+06	1.04603e+06	1.01932e+06	1.01965e+06	
1.02184e+06	1.03451e+06	1.03335e+06	1.01511e+06	1.01489e+06	
1.00786e+06	1.02757e+06	1.03546e+06	1.00584e+06	1.00522e+06	
1.03016e+06	1.02976e+06	1.04003e+06	1.01305e+06	1.02681e+06	
1.02314e+06	1.02497e+06	1.03532e+06	1.00427e+06	1.01143e+06	
1.01081e+06	1.02314e+06	1.02314e+06	997378	1.00154e+06	
1.00181e+06	1.00978e+06	1.02224e+06	986405	998486	
1.01157e+06	1.01503e+06	1.01e+06	988054	999351	
1.00405e+06	1.00535e+06	1.00597e+06	978865	981378	
994243	994946	1.00392e+06	982135	996432	
990162	984297	996297	979189	972865	
986351	984162	989351	967486	977838	
986703	985595	1.00651e+06	976054	980622	
975459	973676	980892	963378	970676	
985000	965432	975919	966243	962784	
984703	996649	977973	958568	974568	
972595	967946	989351	953784	961135	
977838	978108	979676	965432	971351	
977216	968027	987432	951730	969378	
967405	965568	976270	952081	960946	
966189	958568	960946	930216	937162	
946622	962838	957595	927838	930568	
941514	938243	939270	926054	942216	
944054	940432	950514	925162	940027	
939946	938676	928865	914892	923000	
942081	927622	954730	917946	926054	
954270	947108	958081	927297	933973	
932595	939811	939270	912243	933892	
940838	943919	964216	921027	935405	
933081	937703	927216	911541	920324	
933703	928243	926946	908973	919865	
919784	921081	918568	904270	914270	
924351	911351	919649	913459	907946	
915216	897459	899973	888865	897243	
894595	895811	911270	894459	896973	
889351	898324	890027	883622	883892	
893973	889946	890081	869324	879595	
894595	887027	893486	867622	869649	
879405	884432	876541	862162	869730	
884108	883757	881784	855000	852973	
881297	878432	889676	862081	881162	
871622	870595	872459	853838	861622	
859297	852757	858622	846081	846973	
862838	871892	875297	847432	846432	
847919	858892	859162	839351	856838	
851135	848865	856973	838243	856243	
859784	861757	848865	840973	844324	
839189	842459	851541	829865	834514	
830351	829541	834784	807514	823595	
836757	837919	848541	824973	836757	
848595	844027	851135	825378	839405	
847027	850514	854541	819514	840568	
843297	844784	856973	831027	832514	
841324	832865	858676	834973	830892	
835108	834919	842541	809784	831432	
830405	830486	828568	814486	821216	
821892	813919	831243	808135	814000	
814811	805892	815432	802541	802216	
810595	805000	815973	800973	810649	
805676	815027	817892	800649	796892	
797649	797784	804730	781216	790703	
795270	800703	800919	778838	799622	
780270	783757	780892	768703	769919	
778568	786405	784432	758405	771135	
779811	769514	773811	757514	770000	
764054	757730	774270	746892	756514	
773541	761000	776054	754514	770676	
748459	753703	761541	737486	749541	
751541	753027	758270	733676	756162	
742189	742000	748730	729459	724486	
728081	737027	741784	715838	742000	
727892	732514	727946	716378	724946	
720811	725243	727081	707730	723946	
707108	719027	722162	701054	705622	
701324	700432	704324	690351	697919	
684486	678973	690216	674000	683135	
666378	656027	672162	661730	671757	
644297	648324	656432	635432	647243	
642541	644243	647432	646135	634297	
625432	620514	628973	622973	623595	
608054	622432	613243	606892	601919	
605811	599405	600757	587838	595108	
588784	591162	598108	580000	592676	
577000	593216	588297	579865	576378	
573459	575081	573730	561730	558541	
563973	560514	563027	549757	552892	
553027	544486	560027	544838	552459	
557865	552135	566081	550892	559135	
558135	558324	566514	553568	561459	
554432	556351	563703	551865	549270	
547351	546189	548649	531703	544838	
545189	544432	547432	527730	538514	
561595	555054	566568	549946	550703	
561459	556135	562270	547216	555676	
549946	553757	554595	546757	548189	
556081	558811	555811	558595	547757	
549135	550973	558459	542865	548784	
564730	569649	582432	560514	569784	
590541	584081	593000	585162	580676	
608865	603027	615838	592189	606757	
600486	608811	600486	596216	603297	
598919	596486	602541	582865	582297	
595324	598324	590000	580000	589243	
577000	576108	571676	563703	561865	
544784	545514	544568	536243	543946	
501595	505595	502270	494973	503432	
483946	477270	480270	479297	482838	
484946	489459	488162	476784	480865	
504838	512946	516216	503351	506568	
524541	528622	528568	521135	523189	
542324	549541	550568	536189	536595	
562838	563297	557865	548514	552459	
574486	562973	562351	560027	562216	
569297	565351	570243	563378	570324	
561324	562135	566838	556622	560243	
561459	564676	575703	556622	555324	
564378	555189	563108	562000	560027	
569216	572784	576108	563108	567730	
568946	571622	570243	566973	575622	
555324	565405	563784	550486	554514	
547757	540216	545865	536054	535027	
532703	528000	531135	521757	519919	
527135	519081	534486	523108	523378	
534486	529784	525297	521324	526649	
530405	523459	533135	515541	523324	
524135	517919	532162	509541	514378	
515946	512216	521811	507297	511054	
522297	515135	528000	507297	517919	
510973	519351	520784	507919	510568	
513973	522757	525027	506838	508541	
513027	522838	528892	508730	516703	
521189	514784	518405	510973	513838	
523784	527595	530459	516297	515351	
513243	513919	521000	508865	507703	
517865	510568	514108	506270	503135	
516568	513838	515676	502054	511054	
516703	515405	518757	504378	511243	
513081	511324	523919	506351	503432	
513297	513514	518135	497486	505595	
502405	502676	512757	496054	502270	
505811	505270	513297	500216	496811	
512405	516162	519973	502459	505595	
517865	513162	519027	510919	511378	
518486	517649	522432	501027	518054	
519162	520649	527865	509892	511459	
514459	509000	519973	511378	517324	
515622	516351	527270	513081	517514	
522568	520730	521622	510378	514946	
517919	508541	512000	506892	502324	
519784	507973	524405	505189	511865	
522622	527811	528486	515757	512486	
519081	517054	524000	507378	515000	
524189	517054	520189	509000	520784	
521892	517054	523189	512135	522027	
511108	514189	518216	506568	509216	
517054	518541	522568	505270	514649	
511324	514784	514595	514595	514324	
508811	510973	511865	508865	507649	
524811	513432	511730	511243	510297	
511243	506973	519568	509405	504297	
517378	517595	520378	511595	508405	
509351	513243	517378	500622	506757	
497432	510378	512757	502270	502730	
506135	506838	514730	507378	506757	
500973	497351	510027	492730	503622	
503081	503081	503351	504838	497486	
506568	501162	504568	498784	500351	
500892	510243	507703	498108	499865	
499811	511730	508054	494027	505135	
501432	504108	501027	489514	494568	
508459	499865	503135	496541	495054	
491568	498243	494622	484135	487486	
486676	488514	489378	477405	482243	
490486	478757	492324	487081	480189	
494162	494568	491081	475162	483946	
481351	490000	492459	481351	486865	
486378	483730	482297	485243	479027	
485703	488378	493486	474000	484000	
489919	487216	492189	481676	482162	
486189	489784	491973	478270	471135	
487000	487892	488027	474865	483595	
481757	478757	478622	474324	479162	
480189	475757	479432	473784	474405	
474270	479568	477405	472162	478973	
480135	480730	485243	470865	467054	
478892	479378	483676	464378	463973	
465135	473595	478135	464514	468189	
472216	469622	478270	464919	461054	
468757	477811	470865	461649	463568	
463784	461054	466027	459270	458054	
459351	453000	464324	445784	457432	
436649	437216	441892	429108	441838	
438297	439459	438973	429838	435568	
431486	428405	431351	429703	433811	
443189	437081	442243	430324	435703	
443541	437135	447297	429973	439595	
446135	440946	437811	435649	438919	
437676	436324	438568	425973	432108	
432378	439378	436243	429838	430946	
436189	439378	438568	432297	427135	
439595	434757	438081	436378	431757	
439108	445514	436865	428135	435649	
435162	434892	437000	427135	426784	
426378	425270	428351	417108	419838	
416838	417243	418730	415054	408946	
392649	389459	399946	392324	389865	
380865	387054	388432	379568	378270	
378216	379973	385351	368730	380946	
383189	384676	392649	380054	386189	
396405	393189	393541	384622	387676	
393730	395649	404297	394216	393811	
400216	409757	401432	404784	400135	
397297	403216	399054	395514	398919	
406270	409757	411730	410432	406000	
413703	411189	414865	402405	404703	
408324	408459	409486	403486	409000	
415757	411784	410351	401162	405514	
407243	418595	413703	406351	406000	
411189	413297	418541	412541	408730	
408189	412946	415054	404027	412000	
407838	409000	412351	403351	408730	
410162	402459	410486	405324	409405	
405946	406811	410486	403000	409135	
408324	404703	405865	401649	408054	
395108	402811	402054	392027	400270	
400622	398514	398378	391432	402054	
396865	394162	397081	399405	398027	
397486	394703	398838	392243	400351	
396676	388432	402541	392378	390270	
392919	392378	391081	388216	392108	
384892	391351	389649	384405	389189	
394486	394622	392919	390270	389730	
384135	390270	390270	378811	394162	
382351	390676	399865	388162	387757	
390757	386919	386919	372703	380946	
392595	387757	389108	378541	384081	
389459	388568	386919	381622	376027	
376378	383378	385162	378892	378676	
380378	379108	383054	377054	379432	
380378	378081	380378	377730	378892	
377459	374135	382838	378216	369432	
379027	371405	376162	369838	369081	
364189	363081	366432	366162	367784	
354649	362135	357027	358108	356486	
352054	348027	344973	347135	347216	
334486	330649	337595	326297	335486	
331486	333108	332919	324676	334405	
332486	331405	343676	330595	338622	
335351	340865	339784	335162	334189	
339243	343054	344270	336919	340459	
345297	346270	346730	338757	340865	
338486	350757	347622	344081	339514	
338297	346054	349595	337189	343270	
342432	350973	340189	346730	338892	
346054	343459	345703	332486	341757	
340595	344486	347486	342649	335568	
349054	337459	343811	344486	334486	
345703	349459	350541	340000	342432	
338892	341432	346135	339459	339459	
347270	347892	348838	341838	335973	
337892	344568	345243	334135	334811	
334189	334405	345703	337324	339595	
333459	340541	340405	333324	335622	
335892	331486	333378	333054	334811	
337135	333730	338432	330865	330919	
336784	333459	337459	329297	331676	
335351	331486	337135	331486	329973	
329649	329649	325351	321946	327865	
329919	324054	330054	327811	322270	
321405	323919	323838	325757	322405	
322757	321595	326649	318054	322351	
326514	325946	326027	318730	325081	
324730	325405	325892	314108	316622	
322973	321946	326973	320432	316432	
316703	315730	320243	313568	315946	
313432	314162	320378	309000	313081	
311595	307351	319838	316135	314595	
318865	311595	309405	303486	309946	
316622	318865	309676	308189	303405	
310622	314108	316486	305784	309622	
309000	306676	311108	299865	306405	
307703	307757	307162	299189	309622	
308730	307568	309054	301703	305378	
303946	309135	314243	305189	298703	
302595	302649	307568	300811	300541	
304351	305649	308514	297757	301027	
297811	294622	305189	295784	302189	
294838	299946	299730	297000	297351	
293946	296405	300811	290189	294541	
297892	296405	300486	289108	292649	
295919	292162	294838	292432	296243	
292243	288432	289649	290405	291135	
287595	287811	289649	282838	284324	
287270	289027	281486	283108	286378	
286514	288351	284541	274243	287865	
283378	286649	286108	284324	286243	
283865	284270	286378	282216	278270	
283459	285973	288568	279568	280865	
283649	282892	289378	280243	280108	
281135	279162	283919	278405	275405	
275081	280784	278054	274324	278000	
277730	276568	281892	276216	277649	
276432	274595	277784	272622	277865	
276162	270297	277378	270514	271676	
272946	270243	268405	271324	272541	
268730	268595	271459	273919	272216	
274946	271243	275270	271595	271541	
267243	271054	268865	267919	268865	
263000	270838	274243	264649	264432	
261108	266973	264297	259324	264703	
268108	266405	261162	261595	260486	
263892	262730	268676	251838	257973	
258784	261919	261514	259541	256892	
256270	258459	260973	254486	259189	
258865	256189	257757	257973	253189	
255730	253757	255784	249730	250811	
254162	260216	257081	250541	249514	
254297	253000	256622	247216	249784	
252919	254568	251973	252054	253270	
248784	252865	254081	246108	250270	
250892	251081	250351	250892	250757	
253351	251486	245703	248162	251297	
250405	245973	249649	240324	246676	
241270	246730	246108	240189	243541	
244270	243459	248568	238270	243811	
249243	248027	243676	242703	244541	
249108	246324	245838	241081	240730	
239784	241622	241973	243324	237054	
240676	238757	247270	237541	233595	
235892	236730	243595	235216	236297	
236162	238135	240595	233459	234676	
235297	235000	237189	235351	239432	
234595	228811	234189	225486	232162	
226162	229838	231405	226081	224919	
226216	227324	232432	222757	228189	
229486	227649	232838	223351	228757	
230027	227459	225270	221865	222135	
223838	219000	219000	222270	221108	
217027	222946	220297	215865	216135	
218946	216081	214432	212324	212324	
213622	213838	215459	211243	212459	
207351	210000	212189	209000	209676	
211243	205378	209459	202514	205243	
204162	203946	202919	200811	201622	
201027	199189	201892	198486	200270	
198784	199649	196514	197946	196514	
194405	194351	195432	191946	194351	
193730	192973	191757	186108	192108	
194270	191622	192568	185135	188676	
190811	189514	188135	186162	189649	
187270	187405	188838	187946	190189	
187541	186919	191135	186703	187459	
182838	181189	181135	181189	180784	
175757	176027	178405	172405	175811	
174649	174054	171189	174649	175892	
177378	173081	172351	174324	174919	
174108	177108	177189	173432	177784	
175622	176703	174054	173162	175541	
173973	173703	176081	169541	173568	
174108	172000	171649	171243	168595	
173297	172757	172946	170081	172757	
170568	173027	172757	169946	170784	
172270	172676	172135	170081	173973	
169541	170919	174514	170432	174108	
175189	173297	174919	169676	171324	
170973	170162	173757	171514	169486	
170838	174378	175189	171459	173919	
177649	176486	177730	177378	178135	
184189	180919	182081	176622	181324	
184459	181324	184189	185081	183865	
188351	186703	190541	186568	182838	
188541	188838	185270	191000	188676	
193865	196514	194541	190189	188216	
188676	193595	196865	188838	187811	
192243	191081	190054	188135	191622	
187865	189108	192919	189027	189514	
187865	188838	192649	189784	189162	
191757	188135	193865	183108	184811	
185216	186568	188351	184324	186649	
184270	182162	185081	178811	181730	
181000	177378	182000	180459	179757	
176216	178324	180514	174865	179973	
173081	174459	173486	172216	174784	
171189	172000	173162	167649	174649	
169351	171189	168649	167568	172622	
168784	167162	167432	162676	167243	
169946	171324	172405	166676	168054	
163216	164973	168054	161568	164378	
168514	162541	166270	159946	163081	
166405	162405	163892	161568	161784	
161919	161919	164919	161838	164378	
159054	162459	161784	163676	159730	
161162	160000	163405	157486	163216	
160703	161784	162811	157622	163405	
163541	164027	162054	162811	159054	
165108	164838	161027	162946	162270	
164919	165541	163811	162189	160757	
164243	166081	164784	162946	159000	
164784	164378	165459	161108	162595	
166351	162676	164514	162189	168324	
163081	160757	161703	155432	160000	
159405	155919	158162	155027	153270	
158378	156189	157568	151892	153730	
156324	155162	156676	152162	152108	
157973	154757	158108	153811	159730	
157135	157622	161108	154432	156405	
159270	158297	155378	153946	154432	
156676	157216	154892	157703	153000	
152108	151568	149459	152378	153946	
151027	151486	148486	148432	150135	
152784	151162	149054	148973	147270	
151973	151486	152730	152595	151162	
151081	149865	150757	151973	150054	
150811	150676	150189	150135	149865	
151622	149730	150541	150892	147135	
151838	148568	149595	148568	150189	
150757	148081	149243	147000	145568	
152378	149730	146054	146243	145838	
148297	147811	149865	141946	146324	
148838	150189	150054	150757	149459	
150405	152730	153000	149459	148622	
151486	148838	153189	150892	152865	
149459	150459	155162	148297	150946	
152865	155784	152324	152730	149730	
152865	155432	154838	155568	153459	
154351	156730	155378	155514	155514	
158838	157892	156405	155649	156405	
159730	154216	160405	154081	156270	
155432	155919	156811	151027	154297	
153946	155784	155297	153811	154486	
150459	151216	153676	154568	149784	
153946	153865	152459	150676	149595	
153135	152324	156730	150324	151973	
149378	154351	151703	157081	152027	
155865	148973	152459	153324	149054	
152162	153135	148892	147405	150189	
150000	147189	149514	148486	149324	
149595	148351	146730	147757	143919	
147946	146108	150459	144757	146459	
143595	143784	146378	143514	144000	
145432	142514	145432	143459	144270	
142973	146324	144892	139784	139243	
143459	144892	150459	144270	141405	
142378	145784	142081	139514	141622	
140054	142703	148351	141622	138216	
139703	140189	142838	137243	141892	
143243	139514	138892	141946	142378	
140514	141622	140865	140649	136243	
142432	139649	141622	138135	141757	
138811	139027	140946	136568	138405	
140811	136432	141405	137108	136027	
132892	135838	137243	135405	133703	
133703	131541	133784	130784	135838	
130865	132216	134811	128730	129297	
128811	129162	127649	130649	127784	
125270	125946	126432	127243	123703	
122270	120919	126081	125054	125811	
119405	119541	120432	119892	118324	
119622	120162	120622	118324	120081	
116541	117027	117919	115054	119757	
115865	115649	114432	111027	115243	
108514	112865	112865	109811	112865	
108973	108514	109676	107892	110892	
108162	106946	109595	106946	108514	
105243	104000	104838	102568	104432	
103135	102649	103676	101703	102568	
102432	101351	101216	100811	103135	
98486.5	98486.5	97189.2	97405.4	97810.8	
97135.1	95027	96864.9	94756.8	94675.7	
94810.8	95297.3	94054.1	95702.7	93324.3	
91216.2	95297.3	93513.5	93729.7	92162.2	
89513.5	92783.8	89973	90864.9	91351.4	
86297.3	90378.4	87648.6	90378.4	89216.2	
97459.5	98297.3	97756.8	96918.9	95432.4	
89216.2	85621.6	88675.7	88945.9	87810.8	
85621.6	87810.8	88810.8	88810.8	85540.5	
86837.8	86702.7	87864.9	87513.5	87729.7	
86567.6	85351.4	88486.5	87108.1	84810.8	
86162.2	88081.1	86837.8	85621.6	84324.3	
84243.2	85540.5	86432.4	84243.2	84864.9	
85270.3	82675.7	88270.3	85945.9	87729.7	
83297.3	85405.4	87945.9	84324.3	84864.9	
86837.8	84594.6	85216.2	86162.2	85675.7	
84864.9	84864.9	83973	84864.9	84810.8	
85810.8	83648.6	84054.1	86243.2	85891.9	
84324.3	84945.9	85135.1	85216.2	84594.6	
84675.7	85081.1	87513.5	85081.1	83297.3	
85081.1	83973	85756.8	82973	86162.2	
84108.1	86162.2	85270.3	83432.4	85540.5	
84729.7	85405.4	86027	83027	86513.5	
85486.5	89567.6	87108.1	88891.9	89297.3	
89837.8	90189.2	88000	89783.8	90108.1	
92216.2	90864.9	91891.9	91891.9	91675.7	
91216.2	89513.5	90189.2	88945.9	91540.5	
92621.6	92297.3	91081.1	94324.3	92837.8	
91486.5	92837.8	92162.2	91000	91486.5	
92567.6	93189.2	95621.6	91756.8	91216.2	
90243.2	94891.9	91540.5	91000	92702.7	
92837.8	90243.2	90594.6	94324.3	89216.2	
92783.8	92837.8	91945.9	93324.3	92297.3	
89837.8	93918.9	93729.7	91675.7	92973	
92162.2	90054.1	93729.7	90648.6	93243.2	
91000	91540.5	88270.3	90864.9	92216.2	
91621.6	89081.1	90918.9	90459.5	90108.1	
88351.4	90243.2	89162.2	86297.3	86837.8	
88621.6	87945.9	90054.1	88756.8	88675.7	
88000	88081.1	88135.1	86837.8	88540.5	
88675.7	87324.3	87054.1	86702.7	84945.9	
84864.9	88810.8	87648.6	86378.4	85351.4	
88135.1	85675.7	85135.1	84945.9	87648.6	
83513.5	86432.4	86702.7	86162.2	85351.4	
84459.5	84729.7	85621.6	86162.2	86513.5	
83162.2	84243.2	86297.3	84459.5	87243.2	
85216.2	84594.6	85486.5	86108.1	86108.1	
84540.5	84945.9	85891.9	84243.2	83837.8	
84108.1	85405.4	84729.7	85270.3	85270.3	
81729.7	85000	85405.4	84459.5	82216.2	
85945.9	84054.1	86567.6	83513.5	85135.1	
85216.2	85621.6	86567.6	84324.3	85000	
84864.9	84810.8	85675.7	83783.8	83973	
87108.1	83973	85810.8	85135.1	86243.2	
83513.5	83918.9	86162.2	82405.4	86297.3	
85891.9	84540.5	82486.5	84810.8	86027	
83973	82270.3	84810.8	83432.4	84189.2	
83432.4	84729.7	84540.5	83297.3	85945.9	
85081.1	86378.4	85000	85081.1	83162.2	
83567.6	87459.5	84054.1	86027	85891.9	
86513.5	85270.3	83973	82405.4	81945.9	
83783.8	84594.6	82973	85000	86918.9	
83648.6	81459.5	83378.4	81270.3	82486.5	
83918.9	83108.1	82973	82270.3	83108.1	
82891.9	82837.8	85756.8	84108.1	83918.9	
84108.1	85810.8	85000	84378.4	84540.5	
84243.2	83837.8	83973	85405.4	86108.1	
84729.7	84729.7	84054.1	86648.6	85891.9	
82675.7	83648.6	82621.6	85135.1	85135.1	
83783.8	83108.1	80567.6	82486.5	84594.6	
81270.3	82837.8	81729.7	83027	81054.1	
81729.7	82351.4	82405.4	78675.7	82837.8	
79270.3	82973	82621.6	81189.2	80783.8	
84675.7	82837.8	83648.6	81540.5	82486.5	
84243.2	83243.2	80837.8	82351.4	81810.8	
83513.5	83648.6	82540.5	82486.5	80837.8	
82405.4	82405.4	83432.4	81675.7	83108.1	
79837.8	84108.1	82675.7	83918.9	84243.2	
81540.5	81054.1	82405.4	81459.5	80432.4	
81189.2	82216.2	82756.8	82405.4	83243.2	
83027	81864.9	84729.7	82756.8	82621.6	
82351.4	82486.5	80648.6	81270.3	81864.9	
85810.8	83027	83567.6	82135.1	81594.6	
81459.5	82081.1	82081.1	81594.6	80243.2	
81459.5	81675.7	80432.4	80162.2	82891.9	
81270.3	80567.6	80108.1	79891.9	82837.8	
81189.2	80973	82405.4	82837.8	79216.2	
79567.6	79216.2	79216.2	82081.1	82081.1	
84054.1	82270.3	80378.4	82081.1	81135.1	
81594.6	81405.4	82135.1	83108.1	83513.5	
82135.1	82486.5	81594.6	81324.3	84729.7	
80648.6	82540.5	83162.2	82135.1	82351.4	
82675.7	82486.5	83162.2	83648.6	84189.2	
79621.6	81324.3	81189.2	81054.1	80432.4	
81270.3	80162.2	82351.4	82000	81675.7	
79891.9	79756.8	81405.4	80432.4	81864.9	
80513.5	79567.6	81594.6	78810.8	82405.4	
82351.4	80432.4	81594.6	82000	80783.8	
79702.7	80162.2	80513.5	82621.6	81729.7	
81324.3	80243.2	78864.9	79405.4	80567.6	
79837.8	80162.2	79891.9	82000	81270.3	
79621.6	83243.2	79081.1	81054.1	83162.2	
80108.1	79973	80162.2	78459.5	80027	
80567.6	83243.2	83432.4	79973	79000	
81945.9	82486.5	81405.4	80027	81135.1	
80918.9	80918.9	80783.8	81054.1	83378.4	
78864.9	79756.8	80783.8	80297.3	80918.9	
79702.7	78135.1	81729.7	80108.1	79621.6	
80297.3	80567.6	82270.3	81540.5	78864.9	
79756.8	82216.2	81810.8	80567.6	82486.5	
80378.4	82000	82756.8	80567.6	82270.3	
80702.7	81810.8	82486.5	80837.8	79405.4	
82081.1	80297.3	81324.3	80648.6	81594.6	
81810.8	84108.1	80783.8	81459.5	80973	
78945.9	79756.8	80918.9	81135.1	81270.3	
81189.2	81054.1	80702.7	80567.6	78864.9	
81864.9	81054.1	80027	80702.7	82351.4	
78729.7	81675.7	80702.7	80243.2	79351.4	
80108.1	79351.4	79351.4	77648.6	80108.1	
83027	81675.7	81459.5	78405.4	78324.3	
80108.1	79621.6	81054.1	79486.5	80432.4	
80027	79621.6	82216.2	78459.5	79702.7	
79405.4	80837.8	78459.5	79756.8	80108.1	
80648.6	81189.2	76837.8	80378.4	82973	
80162.2	80567.6	81189.2	83162.2	75945.9	
79000	78459.5	83297.3	80432.4	79973	
80702.7	80783.8	80973	79702.7	79351.4	
81405.4	80432.4	80378.4	78810.8	81729.7	
80783.8	81864.9	84189.2	80513.5	81405.4	
80513.5	82756.8	81729.7	81189.2	80702.7	
80108.1	81459.5	81810.8	81729.7	82081.1	
82405.4	78675.7	81729.7	80027	82270.3	
80162.2	83378.4	81729.7	82000	82973	
80162.2	81540.5	82270.3	82081.1	78945.9	
82621.6	81675.7	80378.4	81729.7	81594.6	
81054.1	79837.8	80783.8	81459.5	80783.8	
82081.1	81810.8	81189.2	79756.8	79837.8	
80513.5	79973	79837.8	82270.3	80837.8	
79567.6	79973	79702.7	80243.2	81675.7	
81459.5	82756.8	79135.1	82135.1	80297.3	
81405.4	82000	80567.6	80378.4	82351.4	
81864.9	80513.5	80648.6	79621.6	81459.5	
81945.9	80973	80648.6	84594.6	80027	
81189.2	79486.5	80162.2	80027	79621.6	
78864.9	79756.8	81945.9	78135.1	77162.2	
80297.3	78594.6	79621.6	82270.3	79837.8	
78810.8	77432.4	79567.6	79973	77513.5	
77162.2	77918.9	77918.9	78270.3	79081.1	
77243.2	78810.8	79973	78810.8	77918.9	
78810.8	78810.8	78405.4	76756.8	77108.1	
79621.6	78810.8	78459.5	76837.8	76702.7	
79270.3	79702.7	79135.1	78810.8	78405.4	
79270.3	79973	74783.8	78054.1	79973	
79486.5	76432.4	78675.7	78594.6	77378.4	
78729.7	79270.3	75945.9	76756.8	78459.5	
78324.3	77513.5	77513.5	76973	76891.9	
77108.1	77864.9	78135.1	77108.1	76891.9	
79837.8	76486.5	78000	76216.2	75675.7	
75675.7	74864.9	79216.2	78000	76000	
77378.4	76973	77027	74027	78594.6	
78270.3	76081.1	75135.1	78810.8	74783.8	
77513.5	75810.8	77702.7	76162.2	75189.2	
75054.1	76891.9	77918.9	76756.8	76621.6	
77432.4	76216.2	76351.4	78729.7	77108.1	
78459.5	76621.6	75810.8	77567.6	76756.8	
79000	77108.1	77702.7	77648.6	76756.8	
78405.4	77243.2	77648.6	75540.5	78054.1	
78675.7	76837.8	76702.7	75000	75459.5	
74513.5	76891.9	77513.5	73973	75729.7	
75729.7	75459.5	76567.6	76351.4	76486.5	
75054.1	76837.8	74648.6	75864.9	76216.2	
75675.7	75405.4	75729.7	77513.5	74729.7	
75675.7	74243.2	77567.6	75054.1	73837.8	
77702.7	76837.8	75405.4	73486.5	76000	
78324.3	77648.6	77243.2	76702.7	75810.8	
77162.2	76567.6	75189.2	76621.6	75540.5	
76486.5	73891.9	76432.4	75000	74648.6	
76351.4	75135.1	75405.4	78135.1	76297.3	
75459.5	75864.9	74594.6	76351.4	76973	
74864.9	75729.7	78540.5	72675.7	77918.9	
76432.4	76162.2	75324.3	74918.9	77513.5	
77027	76973	77027	73027	75189.2	
75054.1	75540.5	76891.9	74729.7	75324.3	
75324.3	76891.9	74432.4	75189.2	76486.5	
76081.1	76297.3	74648.6	75135.1	77648.6	
75135.1	76621.6	76351.4	78054.1	75540.5	
75270.3	76216.2	72405.4	74513.5	77378.4	
75270.3	74783.8	73973	74918.9	74432.4	
75540.5	77513.5	74513.5	74513.5	76351.4	
73567.6	75054.1	74378.4	73891.9	73027	
74432.4	74783.8	73027	72810.8	75189.2	
75189.2	74162.2	74027	75945.9	75594.6	
75054.1	75675.7	73621.6	74108.1	76000	
74783.8	75000	77432.4	73216.2	74513.5	
75459.5	75000	74918.9	74378.4	73837.8	
74108.1	74594.6	74378.4	73432.4	73837.8	
73702.7	74108.1	74729.7	74297.3	75405.4	
74729.7	76351.4	74918.9	74108.1	74783.8	
73891.9	74513.5	73973	72270.3	74594.6	
73027	75189.2	72891.9	73162.2	75864.9	
73973	75540.5	75459.5	74594.6	75189.2	
76756.8	71513.5	75459.5	74162.2	75135.1	
73027	74243.2	74783.8	74648.6	73081.1	
74918.9	76216.2	74864.9	73702.7	75270.3	
74513.5	74783.8	75945.9	72540.5	73081.1	
71864.9	75189.2	75189.2	75405.4	74243.2	
72810.8	75000	75189.2	74648.6	75675.7	
73973	72945.9	75135.1	73297.3	73567.6	
75729.7	72540.5	73891.9	72000	73297.3	
75405.4	73081.1	74162.2	72459.5	75324.3	
72540.5	73837.8	74648.6	75405.4	72945.9	
72594.6	72594.6	73837.8	73837.8	74027	
72675.7	73216.2	73351.4	71513.5	73432.4	
71783.8	73567.6	73973	72891.9	73297.3	
72000	72324.3	73432.4	72891.9	71864.9	
72459.5	72459.5	73973	74432.4	74729.7	
71027	71864.9	72459.5	72729.7	75540.5	
73621.6	73756.8	74243.2	72540.5	72405.4	
72405.4	73702.7	72675.7	72945.9	72054.1	
72594.6	73756.8	74594.6	73486.5	72270.3	
72594.6	74243.2	72540.5	72459.5	71378.4	
73891.9	72135.1	71648.6	72054.1	73973	
73297.3	71324.3	73486.5	71648.6	73621.6	
72540.5	72675.7	73081.1	71324.3	74027	
71864.9	72270.3	72135.1	72540.5	71648.6	
72540.5	70891.9	72459.5	72594.6	73702.7	
73432.4	71027	73027	72675.7	72270.3	
73837.8	72810.8	71459.5	73027	71108.1	
72891.9	70891.9	73297.3	72270.3	72810.8	
70756.8	72324.3	71324.3	73162.2	72054.1	
69756.8	72324.3	73162.2	71459.5	72000	
72810.8	72135.1	71783.8	73216.2	73432.4	
70837.8	72189.2	72189.2	71108.1	73567.6	
72000	70297.3	72891.9	70432.4	70567.6	
70486.5	75000	71864.9	71459.5	72405.4	
69756.8	71594.6	71729.7	71513.5	72189.2	
72189.2	71324.3	70891.9	69810.8	73216.2	
72189.2	70297.3	69189.2	71378.4	71918.9	
69324.3	69189.2	72540.5	69270.3	71513.5	
70756.8	70162.2	72135.1	70567.6	71864.9	
70567.6	70351.4	72891.9	73081.1	71378.4	
71783.8	72405.4	71378.4	72459.5	70756.8	
70837.8	71243.2	71108.1	69621.6	71108.1	
70891.9	70702.7	73297.3	69324.3	71324.3	
70891.9	70756.8	71324.3	71918.9	70216.2	
70297.3	72054.1	69675.7	72729.7	71108.1	
71459.5	70621.6	70297.3	71918.9	72000	
70973	72540.5	71918.9	72540.5	71918.9	
70837.8	71324.3	72594.6	72945.9	72000	
72189.2	71594.6	69810.8	71783.8	70216.2	
70297.3	71027	71324.3	71108.1	71378.4	
72324.3	72594.6	73027	70162.2	69459.5	
70756.8	71108.1	71108.1	69054.1	70432.4	
68918.9	71729.7	71729.7	69540.5	68648.6	
71108.1	70351.4	71378.4	69540.5	71729.7	
72054.1	72540.5	69945.9	69189.2	69891.9	
72540.5	71189.2	69891.9	72270.3	68783.8	
71027	71918.9	70162.2	71729.7	71027	
68783.8	69459.5	70297.3	69756.8	70567.6	
70567.6	70973	70297.3	70973	70837.8	
70621.6	71918.9	70756.8	70297.3	70891.9	
69459.5	71243.2	70621.6	71513.5	70756.8	
70486.5	70432.4	70621.6	70432.4	70216.2	
71324.3	71108.1	68783.8	69054.1	70973	
70837.8	68864.9	71108.1	72810.8	69459.5	
70162.2	70567.6	72270.3	70027	68918.9	
69459.5	71594.6	70027	68594.6	73216.2	
70756.8	71864.9	69459.5	69270.3	71594.6	
72405.4	70837.8	70756.8	72270.3	69270.3	
71648.6	70081.1	72459.5	68243.2	70297.3	
69945.9	71513.5	70973	70567.6	71513.5	
70702.7	70351.4	71243.2	69540.5	70081.1	
72000	71729.7	70567.6	70702.7	70756.8	
70351.4	72054.1	69000	69621.6	68783.8	
71648.6	70837.8	70162.2	70216.2	69054.1	
69945.9	69000	71189.2	70702.7	70216.2	
69540.5	69189.2	71027	69756.8	68243.2	
70973	69891.9	70027	70081.1	70756.8	
70702.7	69945.9	70837.8	68864.9	69270.3	
69756.8	71783.8	72000	70486.5	68459.5	
69675.7	70432.4	69189.2	71594.6	69540.5	
70162.2	72459.5	69540.5	72189.2	69000	
69270.3	70486.5	69891.9	68783.8	69270.3	
71729.7	69270.3	72054.1	72270.3	73027	
71108.1	69405.4	71513.5	70216.2	71378.4	
69810.8	69405.4	69891.9	71189.2	68648.6	
70756.8	69324.3	69054.1	71108.1	69189.2	
70432.4	69810.8	71324.3	68729.7	70027	
70837.8	69756.8	72270.3	68513.5	70973	
70297.3	69405.4	69135.1	71027	70837.8	
68243.2	68594.6	70621.6	70702.7	71783.8	
72135.1	70081.1	72135.1	68513.5	69459.5	
72135.1	70081.1	72135.1	68513.5	69459.5	
72135.1	70081.1	72135.1	68513.5	69459.5	
