3400	3400	3400	3400	3400	
5.7106e+06	5.7106e+06	5.7106e+06	5.7106e+06	5.7106e+06	
433400	418800	423800	424400	415800	
400600	415200	408800	418800	418800	
403200	402200	413200	417400	419400	
401200	407800	418400	411800	404200	
416200	405200	405200	407200	405800	
419400	427400	396600	415800	407800	
415800	416200	422800	404800	410800	
420400	424800	427400	411200	400200	
402200	407200	411800	427400	411800	
407800	427400	418400	429400	408200	
424400	405200	429000	420400	424400	
424400	424800	424800	431000	425800	
429000	420800	430400	426400	432000	
431000	431400	429400	417400	435400	
431400	429400	439000	432400	430000	
452000	431400	425800	447000	442000	
450000	434000	441000	433000	440400	
431000	442000	436000	444000	440400	
434000	437400	452600	443600	440400	
447600	453600	452000	449000	447600	
455600	463600	457600	464200	459600	
510000	507000	520600	530800	515600	
662800	654200	659200	657200	678000	
677400	671400	684000	674400	657800	
694600	669400	680400	681000	685400	
668400	668400	692600	679400	688600	
686600	693000	687600	677400	680000	
701200	696000	679400	694600	680400	
702600	713800	702600	690000	718800	
715200	717800	713200	721200	701600	
726400	727400	736400	745000	733400	
743400	766600	751000	740000	751000	
749600	744000	738000	736400	745400	
723400	736000	742400	756000	731400	
726400	721800	747600	762600	756000	
755000	747600	729800	730400	728400	
746400	756000	753600	737000	753600	
734400	746000	729800	759000	747600	
770600	751000	756000	756000	772800	
774200	769200	774800	784400	772200	
781800	781800	782200	796400	766200	
799400	785400	784800	767600	803000	
814600	811600	817600	795800	815000	
815600	831200	810600	805400	805400	
796400	794800	797400	798400	787400	
806000	806000	793400	782200	795400	
776800	797000	788400	776800	802400	
777200	777800	758600	771800	774200	
764600	748000	775200	762600	741400	
767200	753000	752600	741000	754600	
765600	754600	753600	743000	755600	
730800	731800	744000	729800	761200	
722200	724400	724800	727400	718800	
737000	769200	753600	737000	737400	
787800	804000	778200	797000	768200	
849400	818600	842200	831200	830200	
849400	815600	835800	847800	829200	
821600	830600	832200	838200	835200	
813000	822200	841200	794800	820000	
804000	771800	800400	812600	796400	
820600	801400	779800	815600	789800	
821600	815000	825200	807000	812600	
845400	840800	828200	839200	830600	
846800	856400	864000	848800	860400	
878600	884600	881000	867000	882200	
858000	833200	852400	849400	857400	
867400	844800	854800	848800	863000	
885200	880000	884600	879000	907400	
889200	908800	892600	887200	889600	
891600	887600	885200	869000	903800	
909800	911400	916800	924400	926400	
975800	935600	970800	947600	954600	
972800	988400	978400	993000	988000	
988000	989400	988400	991000	989000	
982000	980000	982000	978800	994000	
1.0052e+06	990000	983400	989400	965200	
970800	1e+06	977400	954600	1.0006e+06	
949200	976800	952600	958200	993000	
967800	981400	970800	949200	952200	
974800	969800	969800	970400	948600	
997600	992000	990400	999600	979400	
1.0188e+06	999000	1.0268e+06	1.0208e+06	1.0212e+06	
1.0248e+06	1.0288e+06	1.0318e+06	1.0474e+06	1.0408e+06	
1.0162e+06	1.0208e+06	1.0238e+06	1.0338e+06	1.0424e+06	
1.0126e+06	1.0162e+06	1.0304e+06	1.0052e+06	1.0076e+06	
993600	970800	993000	1.0026e+06	1.0096e+06	
1.0212e+06	1.0228e+06	1.0172e+06	1.0132e+06	1.0188e+06	
996000	1.0454e+06	1.0238e+06	1.0116e+06	1.0132e+06	
981000	1.0082e+06	1.0006e+06	1.0096e+06	992000	
945600	964800	945600	979400	944200	
964200	950200	965200	960800	957200	
967200	976800	965200	939000	972800	
914400	924000	923000	944200	924000	
921000	931600	920400	902800	887200	
919400	912800	916400	911800	916400	
918400	945600	917800	912800	931000	
931000	935000	924000	920000	928000	
981400	983000	978400	972800	961800	
1.0268e+06	1.0242e+06	1.0348e+06	1.0298e+06	1.0384e+06	
1.0262e+06	1.0408e+06	1.0308e+06	1.0364e+06	1.047e+06	
1.059e+06	1.0566e+06	1.0354e+06	1.042e+06	1.057e+06	
1.0682e+06	1.0842e+06	1.0746e+06	1.0746e+06	1.0606e+06	
1.1144e+06	1.0934e+06	1.105e+06	1.0772e+06	1.0878e+06	
1.1422e+06	1.1302e+06	1.1352e+06	1.1196e+06	1.1372e+06	
1.1936e+06	1.1724e+06	1.1856e+06	1.1714e+06	1.1654e+06	
1.1776e+06	1.1766e+06	1.1618e+06	1.171e+06	1.1776e+06	
1.1346e+06	1.1356e+06	1.1322e+06	1.1392e+06	1.116e+06	
1.0994e+06	1.0746e+06	1.0798e+06	1.111e+06	1.0934e+06	
1.0692e+06	1.062e+06	1.0636e+06	1.0756e+06	1.0858e+06	
1.0798e+06	1.0772e+06	1.0868e+06	1.0938e+06	1.108e+06	
1.1524e+06	1.0954e+06	1.1372e+06	1.1296e+06	1.107e+06	
1.182e+06	1.1352e+06	1.18e+06	1.1604e+06	1.167e+06	
1.1744e+06	1.1896e+06	1.1912e+06	1.1886e+06	1.1886e+06	
1.118e+06	1.1176e+06	1.1156e+06	1.1366e+06	1.1418e+06	
1.055e+06	1.0686e+06	1.0626e+06	1.0692e+06	1.0862e+06	
1.0248e+06	1.0232e+06	1.0596e+06	1.0354e+06	1.0344e+06	
998000	972800	1.001e+06	1.0066e+06	987400	
947200	970800	948200	956200	964200	
937000	929400	949600	954200	948600	
941600	966800	941600	951600	950200	
990000	1.0096e+06	989400	1.0198e+06	984000	
1.0788e+06	1.1074e+06	1.0904e+06	1.0736e+06	1.0862e+06	
1.172e+06	1.174e+06	1.1734e+06	1.1544e+06	1.1946e+06	
1.17e+06	1.1856e+06	1.1786e+06	1.1936e+06	1.177e+06	
1.1796e+06	1.1972e+06	1.1624e+06	1.1644e+06	1.1816e+06	
1.1614e+06	1.1518e+06	1.1578e+06	1.166e+06	1.1442e+06	
1.1594e+06	1.1644e+06	1.183e+06	1.175e+06	1.169e+06	
1.2078e+06	1.1996e+06	1.1966e+06	1.2344e+06	1.2144e+06	
1.1966e+06	1.2238e+06	1.172e+06	1.239e+06	1.2102e+06	
1.2128e+06	1.1962e+06	1.2022e+06	1.2254e+06	1.1966e+06	
1.2228e+06	1.2188e+06	1.242e+06	1.2028e+06	1.2102e+06	
1.229e+06	1.2112e+06	1.2304e+06	1.2144e+06	1.2476e+06	
1.2078e+06	1.2088e+06	1.2304e+06	1.235e+06	1.2188e+06	
1.2618e+06	1.2582e+06	1.244e+06	1.2576e+06	1.2612e+06	
1.3302e+06	1.3156e+06	1.3388e+06	1.3484e+06	1.3282e+06	
1.417e+06	1.3988e+06	1.4608e+06	1.3858e+06	1.3722e+06	
1.425e+06	1.4352e+06	1.471e+06	1.4638e+06	1.4512e+06	
1.4276e+06	1.4604e+06	1.4446e+06	1.4372e+06	1.4542e+06	
1.4724e+06	1.47e+06	1.4962e+06	1.5068e+06	1.4784e+06	
1.539e+06	1.5108e+06	1.5334e+06	1.5238e+06	1.5188e+06	
1.5772e+06	1.5834e+06	1.5974e+06	1.5728e+06	1.5652e+06	
1.5278e+06	1.54e+06	1.5248e+06	1.5314e+06	1.5308e+06	
1.4174e+06	1.4528e+06	1.4482e+06	1.428e+06	1.4266e+06	
1.3226e+06	1.3076e+06	1.3268e+06	1.3146e+06	1.3418e+06	
1.1584e+06	1.1472e+06	1.1508e+06	1.1538e+06	1.1554e+06	
1.0132e+06	1.0142e+06	1.0294e+06	1.0102e+06	1.0262e+06	
1.054e+06	1.0188e+06	1.0314e+06	1.054e+06	1.0484e+06	
1.1724e+06	1.2012e+06	1.1966e+06	1.1734e+06	1.185e+06	
1.37e+06	1.3534e+06	1.352e+06	1.3792e+06	1.3504e+06	
1.5056e+06	1.484e+06	1.5056e+06	1.5002e+06	1.5032e+06	
1.6196e+06	1.606e+06	1.5782e+06	1.603e+06	1.611e+06	
1.6458e+06	1.613e+06	1.6256e+06	1.6328e+06	1.6504e+06	
1.5632e+06	1.547e+06	1.5712e+06	1.5466e+06	1.552e+06	
1.3968e+06	1.3974e+06	1.417e+06	1.3952e+06	1.3816e+06	
1.2224e+06	1.232e+06	1.2214e+06	1.2068e+06	1.2314e+06	
1.1744e+06	1.182e+06	1.167e+06	1.1766e+06	1.1816e+06	
1.3156e+06	1.3136e+06	1.3196e+06	1.3374e+06	1.3242e+06	
1.5748e+06	1.5394e+06	1.5728e+06	1.5748e+06	1.5924e+06	
1.8e+06	1.8268e+06	1.8172e+06	1.8168e+06	1.7794e+06	
1.9316e+06	1.9094e+06	1.9282e+06	1.9472e+06	1.9504e+06	
1.9946e+06	2.0124e+06	2.023e+06	2.044e+06	2.0164e+06	
2.1176e+06	2.1076e+06	2.0986e+06	2.099e+06	2.1318e+06	
2.1324e+06	2.147e+06	2.1454e+06	2.1152e+06	2.159e+06	
2.152e+06	2.1534e+06	2.1282e+06	2.1212e+06	2.1368e+06	
2.1706e+06	2.1998e+06	2.1898e+06	2.152e+06	2.2018e+06	
2.207e+06	2.208e+06	2.2372e+06	2.2034e+06	2.2302e+06	
2.2594e+06	2.2422e+06	2.2468e+06	2.2786e+06	2.2492e+06	
2.3132e+06	2.3132e+06	2.3208e+06	2.348e+06	2.3032e+06	
2.3732e+06	2.3774e+06	2.3556e+06	2.349e+06	2.3556e+06	
2.3586e+06	2.3914e+06	2.334e+06	2.4026e+06	2.3672e+06	
2.4332e+06	2.4288e+06	2.393e+06	2.4252e+06	2.4318e+06	
2.4132e+06	2.3662e+06	2.3562e+06	2.4136e+06	2.3738e+06	
2.337e+06	2.3138e+06	2.33e+06	2.3324e+06	2.3208e+06	
2.3752e+06	2.3662e+06	2.3894e+06	2.341e+06	2.3984e+06	
2.39e+06	2.3804e+06	2.396e+06	2.3748e+06	2.4066e+06	
2.3798e+06	2.3354e+06	2.407e+06	2.3768e+06	2.3924e+06	
2.3546e+06	2.3788e+06	2.3698e+06	2.3562e+06	2.4186e+06	
2.4278e+06	2.4454e+06	2.41e+06	2.4202e+06	2.4278e+06	
2.4026e+06	2.4262e+06	2.3924e+06	2.4246e+06	2.4322e+06	
2.3804e+06	2.3718e+06	2.3672e+06	2.3858e+06	2.3768e+06	
2.4086e+06	2.3642e+06	2.3658e+06	2.3758e+06	2.392e+06	
2.3718e+06	2.3636e+06	2.3834e+06	2.3596e+06	2.408e+06	
2.4408e+06	2.3616e+06	2.4206e+06	2.4076e+06	2.3934e+06	
2.4786e+06	2.469e+06	2.4504e+06	2.4252e+06	2.4318e+06	
2.4666e+06	2.5004e+06	2.465e+06	2.47e+06	2.4584e+06	
2.5582e+06	2.5844e+06	2.5306e+06	2.5628e+06	2.5648e+06	
2.6414e+06	2.6748e+06	2.591e+06	2.6646e+06	2.6102e+06	
2.6994e+06	2.718e+06	2.7186e+06	2.7362e+06	2.702e+06	
2.7e+06	2.6632e+06	2.718e+06	2.7318e+06	2.7232e+06	
2.6012e+06	2.5982e+06	2.6188e+06	2.589e+06	2.592e+06	
2.4524e+06	2.4998e+06	2.464e+06	2.4358e+06	2.4226e+06	
2.4832e+06	2.4636e+06	2.5124e+06	2.4766e+06	2.5008e+06	
2.5372e+06	2.6112e+06	2.575e+06	2.5638e+06	2.5416e+06	
2.704e+06	2.7548e+06	2.706e+06	2.7136e+06	2.7216e+06	
2.7988e+06	2.8094e+06	2.772e+06	2.8642e+06	2.8184e+06	
2.8068e+06	2.8768e+06	2.7866e+06	2.8432e+06	2.8516e+06	
2.8618e+06	2.885e+06	2.8754e+06	2.839e+06	2.8976e+06	
2.8482e+06	2.8754e+06	2.84e+06	2.8002e+06	2.8698e+06	
2.7988e+06	2.7696e+06	2.7958e+06	2.8032e+06	2.8064e+06	
2.8078e+06	2.7614e+06	2.7962e+06	2.7812e+06	2.8234e+06	
2.8652e+06	2.8386e+06	2.9106e+06	2.9066e+06	2.8814e+06	
2.9832e+06	2.886e+06	2.9328e+06	2.9218e+06	2.9792e+06	
2.8678e+06	2.8844e+06	2.895e+06	2.895e+06	2.8884e+06	
2.9238e+06	2.9092e+06	2.9364e+06	3.0104e+06	2.9112e+06	
2.897e+06	2.9072e+06	2.882e+06	2.8744e+06	2.8612e+06	
2.952e+06	2.9314e+06	2.9514e+06	2.9122e+06	2.963e+06	
2.9494e+06	2.963e+06	2.9768e+06	3.0136e+06	2.9696e+06	
3.1022e+06	3.1118e+06	3.1138e+06	3.0564e+06	3.1088e+06	
3.1082e+06	3.0442e+06	3.0942e+06	3.078e+06	3.0654e+06	
3.015e+06	2.9978e+06	3.0064e+06	2.9616e+06	2.9368e+06	
2.9762e+06	2.9696e+06	3.002e+06	2.954e+06	2.9262e+06	
2.9314e+06	2.899e+06	2.9944e+06	2.9162e+06	2.9434e+06	
2.9686e+06	2.952e+06	2.9772e+06	2.9434e+06	3.0332e+06	
2.9626e+06	2.9676e+06	2.9938e+06	2.9686e+06	2.9882e+06	
3.0196e+06	3.017e+06	3.0286e+06	3.0492e+06	3.0282e+06	
3.0418e+06	3.0554e+06	3.0664e+06	3.0528e+06	3.0398e+06	
3.0492e+06	3.0312e+06	3.0892e+06	3.0146e+06	3.0332e+06	
3.084e+06	3.063e+06	2.9798e+06	3.0452e+06	2.9944e+06	
3.1466e+06	3.1218e+06	3.1612e+06	3.1174e+06	3.2e+06	
3.2166e+06	3.2152e+06	3.2374e+06	3.2494e+06	3.249e+06	
3.2742e+06	3.2514e+06	3.249e+06	3.31e+06	3.2932e+06	
3.3734e+06	3.3764e+06	3.319e+06	3.31e+06	3.3684e+06	
3.3054e+06	3.315e+06	3.264e+06	3.2858e+06	3.322e+06	
3.1482e+06	3.2e+06	3.1492e+06	3.1608e+06	3.1344e+06	
3.1476e+06	3.131e+06	3.1208e+06	3.0998e+06	3.1194e+06	
3.0906e+06	3.1208e+06	3.0528e+06	3.0956e+06	3.1456e+06	
3.0982e+06	3.142e+06	3.0872e+06	3.0714e+06	3.0734e+06	
3.1768e+06	3.1768e+06	3.1854e+06	3.1964e+06	3.2116e+06	
3.2384e+06	3.31e+06	3.2822e+06	3.2974e+06	3.27e+06	
3.3422e+06	3.2872e+06	3.2902e+06	3.2938e+06	3.2726e+06	
3.3416e+06	3.3588e+06	3.2636e+06	3.323e+06	3.331e+06	
3.2954e+06	3.2716e+06	3.2574e+06	3.328e+06	3.2816e+06	
3.2348e+06	3.257e+06	3.2006e+06	3.198e+06	3.2772e+06	
3.324e+06	3.3286e+06	3.3114e+06	3.309e+06	3.3578e+06	
3.4132e+06	3.4218e+06	3.3982e+06	3.375e+06	3.3794e+06	
3.3664e+06	3.369e+06	3.3386e+06	3.308e+06	3.2716e+06	
3.308e+06	3.3094e+06	3.3064e+06	3.3286e+06	3.2964e+06	
3.1758e+06	3.2132e+06	3.1788e+06	3.2162e+06	3.2364e+06	
3.2842e+06	3.2832e+06	3.2848e+06	3.312e+06	3.2252e+06	
3.3386e+06	3.2938e+06	3.315e+06	3.3024e+06	3.2988e+06	
3.381e+06	3.2984e+06	3.3064e+06	3.381e+06	3.37e+06	
3.3044e+06	3.2706e+06	3.3014e+06	3.269e+06	3.3488e+06	
3.195e+06	3.1744e+06	3.1944e+06	3.1818e+06	3.1566e+06	
3.0272e+06	3.0366e+06	3.0306e+06	3.003e+06	3.0714e+06	
2.8406e+06	2.8638e+06	2.836e+06	2.8668e+06	2.8774e+06	
2.7348e+06	2.65e+06	2.6782e+06	2.6812e+06	2.6454e+06	
2.6792e+06	2.6224e+06	2.6516e+06	2.6898e+06	2.65e+06	
2.765e+06	2.8148e+06	2.7968e+06	2.7948e+06	2.7872e+06	
3.202e+06	3.2152e+06	3.1758e+06	3.2344e+06	3.194e+06	
3.4748e+06	3.4834e+06	3.4798e+06	3.5342e+06	3.5086e+06	
3.6456e+06	3.6426e+06	3.5992e+06	3.6412e+06	3.6194e+06	
3.629e+06	3.617e+06	3.563e+06	3.6276e+06	3.566e+06	
3.6234e+06	3.6486e+06	3.5782e+06	3.6326e+06	3.6496e+06	
3.5962e+06	3.6532e+06	3.6446e+06	3.7142e+06	3.6568e+06	
3.5468e+06	3.619e+06	3.5392e+06	3.5696e+06	3.572e+06	
3.4964e+06	3.4576e+06	3.45e+06	3.4092e+06	3.4834e+06	
3.4586e+06	3.509e+06	3.4238e+06	3.5418e+06	3.4788e+06	
3.5992e+06	3.6602e+06	3.6502e+06	3.6522e+06	3.686e+06	
3.7884e+06	3.7268e+06	3.757e+06	3.7706e+06	3.739e+06	
3.8756e+06	3.8034e+06	3.8494e+06	3.8634e+06	3.869e+06	
4.0016e+06	3.9164e+06	3.8634e+06	3.9194e+06	3.9436e+06	
4.0882e+06	4.063e+06	4.0852e+06	4.1432e+06	4.057e+06	
4.0994e+06	4.0742e+06	4.0742e+06	4.0954e+06	4.056e+06	
4.0726e+06	4.1124e+06	4.052e+06	4.0792e+06	4.052e+06	
4.0338e+06	4.051e+06	4.0378e+06	4.059e+06	3.985e+06	
3.9506e+06	3.9542e+06	3.942e+06	4.0112e+06	3.9456e+06	
3.7842e+06	3.814e+06	3.7788e+06	3.8478e+06	3.8292e+06	
3.7244e+06	3.7178e+06	3.7158e+06	3.688e+06	3.7712e+06	
3.6966e+06	3.6844e+06	3.6654e+06	3.683e+06	3.631e+06	
3.882e+06	3.8524e+06	3.8862e+06	3.8796e+06	3.8504e+06	
3.9854e+06	4.065e+06	4.048e+06	4.057e+06	4.0122e+06	
4.0556e+06	4.0706e+06	4.0368e+06	4.0812e+06	4.0056e+06	
4.0198e+06	4.0636e+06	4.0546e+06	4.0368e+06	4.0096e+06	
4.0328e+06	4.0398e+06	4.0102e+06	4.0586e+06	4.0656e+06	
4.171e+06	4.234e+06	4.1568e+06	4.2354e+06	4.1754e+06	
4.3056e+06	4.3142e+06	4.2814e+06	4.2002e+06	4.3076e+06	
4.426e+06	4.4376e+06	4.3968e+06	4.433e+06	4.4698e+06	
4.4436e+06	4.427e+06	4.368e+06	4.3806e+06	4.4084e+06	
4.6096e+06	4.479e+06	4.4972e+06	4.5576e+06	4.5066e+06	
4.5304e+06	4.5254e+06	4.5788e+06	4.5486e+06	4.5516e+06	
4.5288e+06	4.5718e+06	4.55e+06	4.5772e+06	4.5006e+06	
4.4432e+06	4.4658e+06	4.4678e+06	4.4406e+06	4.495e+06	
4.5536e+06	4.5868e+06	4.5702e+06	4.5354e+06	4.533e+06	
4.5864e+06	4.4916e+06	4.5602e+06	4.5592e+06	4.534e+06	
4.609e+06	4.5894e+06	4.6282e+06	4.601e+06	4.6126e+06	
4.6106e+06	4.5772e+06	4.6262e+06	4.6076e+06	4.5662e+06	
4.5708e+06	4.5788e+06	4.5314e+06	4.5834e+06	4.5118e+06	
4.425e+06	4.4488e+06	4.4044e+06	4.417e+06	4.4432e+06	
4.357e+06	4.369e+06	4.3258e+06	4.3888e+06	4.3298e+06	
4.5738e+06	4.5006e+06	4.534e+06	4.5888e+06	4.5142e+06	
4.6534e+06	4.6528e+06	4.553e+06	4.6418e+06	4.5768e+06	
4.6826e+06	4.6614e+06	4.6812e+06	4.6912e+06	4.6866e+06	
4.8096e+06	4.793e+06	4.7678e+06	4.841e+06	4.8358e+06	
4.8268e+06	4.8762e+06	4.8636e+06	4.8702e+06	4.8444e+06	
4.795e+06	4.8616e+06	4.8056e+06	4.7946e+06	4.7804e+06	
4.8702e+06	4.858e+06	4.8304e+06	4.8192e+06	4.8862e+06	
4.7244e+06	4.8168e+06	4.842e+06	4.8056e+06	4.8242e+06	
4.8474e+06	4.8596e+06	4.86e+06	4.8228e+06	4.924e+06	
4.968e+06	4.907e+06	4.9816e+06	4.9916e+06	4.9428e+06	
4.9776e+06	4.9634e+06	4.9362e+06	4.9418e+06	4.9992e+06	
5.1288e+06	5.0914e+06	5.0284e+06	5.0642e+06	5.1812e+06	
5.2044e+06	5.2574e+06	5.1994e+06	5.161e+06	5.2392e+06	
5.1056e+06	5.158e+06	5.0976e+06	5.1322e+06	5.1146e+06	
5.0678e+06	5.086e+06	5.1162e+06	5.0828e+06	5.0582e+06	
5.0698e+06	5.1424e+06	5.0904e+06	5.092e+06	5.1146e+06	
4.9346e+06	4.9422e+06	4.9418e+06	4.9356e+06	4.9428e+06	
4.8182e+06	4.8536e+06	4.858e+06	4.7976e+06	4.8032e+06	
4.7244e+06	4.6982e+06	4.6982e+06	4.7316e+06	4.7512e+06	
4.8042e+06	4.8202e+06	4.8354e+06	4.839e+06	4.8792e+06	
4.8526e+06	4.8686e+06	4.839e+06	4.8062e+06	4.8632e+06	
5.0138e+06	4.91e+06	4.98e+06	4.9892e+06	4.9906e+06	
4.9368e+06	4.9664e+06	4.918e+06	4.9402e+06	4.9392e+06	
4.9594e+06	4.9624e+06	4.917e+06	4.9064e+06	4.9432e+06	
4.9468e+06	4.9276e+06	4.9342e+06	4.9034e+06	4.9458e+06	
5.103e+06	5.0688e+06	5.0486e+06	5.0648e+06	5.1082e+06	
5.0608e+06	5.0794e+06	5.0648e+06	5.0724e+06	5.0542e+06	
5.1832e+06	5.2164e+06	5.2164e+06	5.145e+06	5.1564e+06	
5.1374e+06	5.1712e+06	5.1212e+06	5.1096e+06	5.1736e+06	
5.2084e+06	5.227e+06	5.1832e+06	5.1898e+06	5.1838e+06	
5.2522e+06	5.3048e+06	5.2986e+06	5.2542e+06	5.3234e+06	
5.229e+06	5.1902e+06	5.2422e+06	5.209e+06	5.1736e+06	
5.0618e+06	5.0864e+06	5.0682e+06	5.1444e+06	5.1136e+06	
5.1524e+06	5.1898e+06	5.1404e+06	5.2054e+06	5.1524e+06	
5.2004e+06	5.0934e+06	5.0748e+06	5.1354e+06	5.1312e+06	
5.1828e+06	5.1586e+06	5.0506e+06	5.2048e+06	5.2186e+06	
5.1318e+06	5.149e+06	5.1706e+06	5.1954e+06	5.1232e+06	
5.159e+06	5.1676e+06	5.1818e+06	5.2004e+06	5.1156e+06	
5.1994e+06	5.2906e+06	5.2468e+06	5.3278e+06	5.3012e+06	
5.2386e+06	5.284e+06	5.2342e+06	5.2754e+06	5.2856e+06	
5.4252e+06	5.3828e+06	5.4348e+06	5.398e+06	5.4162e+06	
5.4242e+06	5.3984e+06	5.3798e+06	5.3612e+06	5.346e+06	
5.4256e+06	5.3964e+06	5.3602e+06	5.4786e+06	5.408e+06	
5.5034e+06	5.458e+06	5.4322e+06	5.5432e+06	5.5038e+06	
5.4504e+06	5.4852e+06	5.4338e+06	5.527e+06	5.4918e+06	
5.46e+06	5.4308e+06	5.4878e+06	5.4382e+06	5.4716e+06	
5.4484e+06	5.4706e+06	5.513e+06	5.582e+06	5.517e+06	
5.4952e+06	5.4888e+06	5.4382e+06	5.4424e+06	5.5492e+06	
5.3688e+06	5.3732e+06	5.3546e+06	5.412e+06	5.4378e+06	
5.3678e+06	5.3072e+06	5.3814e+06	5.3848e+06	5.4206e+06	
5.4176e+06	5.4192e+06	5.341e+06	5.4424e+06	5.4328e+06	
5.406e+06	5.3042e+06	5.3062e+06	5.3828e+06	5.272e+06	
5.4192e+06	5.4282e+06	5.4766e+06	5.4636e+06	5.5402e+06	
5.5134e+06	5.5296e+06	5.454e+06	5.4736e+06	5.5326e+06	
5.6168e+06	5.6138e+06	5.595e+06	5.59e+06	5.513e+06	
5.4488e+06	5.4378e+06	5.4004e+06	5.4152e+06	5.393e+06	
5.4352e+06	5.462e+06	5.4056e+06	5.4126e+06	5.4014e+06	
5.5204e+06	5.5532e+06	5.4918e+06	5.474e+06	5.5266e+06	
5.4938e+06	5.6168e+06	5.5508e+06	5.581e+06	5.59e+06	
5.699e+06	5.5734e+06	5.5466e+06	5.646e+06	5.529e+06	
5.5794e+06	5.6464e+06	5.6278e+06	5.597e+06	5.5708e+06	
5.7664e+06	5.7422e+06	5.713e+06	5.775e+06	5.713e+06	
5.7584e+06	5.8164e+06	5.719e+06	5.8492e+06	5.8088e+06	
5.7998e+06	5.7634e+06	5.7342e+06	5.7292e+06	5.8124e+06	
5.7306e+06	5.7508e+06	5.709e+06	5.6874e+06	5.7458e+06	
5.773e+06	5.7942e+06	5.7882e+06	5.8108e+06	5.7272e+06	
5.6898e+06	5.575e+06	5.6096e+06	5.65e+06	5.7328e+06	
5.7746e+06	5.7826e+06	5.769e+06	5.8694e+06	5.8966e+06	
5.9132e+06	5.9424e+06	5.8552e+06	5.9092e+06	5.9308e+06	
6.0362e+06	5.9454e+06	5.9808e+06	6.0146e+06	6.0094e+06	
6.1712e+06	6.2132e+06	6.2202e+06	6.1798e+06	6.2438e+06	
6.206e+06	6.198e+06	6.1522e+06	6.1764e+06	6.1996e+06	
6.195e+06	6.1144e+06	6.0956e+06	6.1294e+06	6.149e+06	
6.1102e+06	6.0664e+06	6.0588e+06	6.0518e+06	6.125e+06	
6.2312e+06	6.2242e+06	6.3074e+06	6.2182e+06	6.251e+06	
6.2978e+06	6.2912e+06	6.2182e+06	6.2836e+06	6.2878e+06	
6.3422e+06	6.3342e+06	6.3204e+06	6.388e+06	6.3764e+06	
6.4708e+06	6.5192e+06	6.5424e+06	6.5872e+06	6.5872e+06	
6.5312e+06	6.5398e+06	6.5046e+06	6.4666e+06	6.559e+06	
6.5282e+06	6.5488e+06	6.4878e+06	6.5196e+06	6.509e+06	
6.509e+06	6.506e+06	6.4994e+06	6.4678e+06	6.5514e+06	
6.632e+06	6.5434e+06	6.5408e+06	6.4778e+06	6.4646e+06	
6.6058e+06	6.5424e+06	6.6486e+06	6.5912e+06	6.5408e+06	
6.6008e+06	6.629e+06	6.6306e+06	6.634e+06	6.6054e+06	
6.7536e+06	6.7414e+06	6.7838e+06	6.8256e+06	6.8176e+06	
6.875e+06	6.9562e+06	6.9104e+06	6.9592e+06	6.881e+06	
7.0938e+06	7.0354e+06	7.055e+06	7.0742e+06	7.12e+06	
7.0292e+06	7.0994e+06	7.0292e+06	6.9764e+06	7.0076e+06	
7.1004e+06	7.0036e+06	7.0696e+06	7.0928e+06	7.1648e+06	
7.112e+06	7.1584e+06	7.0566e+06	7.115e+06	7.1322e+06	
7.3584e+06	7.3242e+06	7.3852e+06	7.3328e+06	7.3878e+06	
7.365e+06	7.3106e+06	7.3554e+06	7.354e+06	7.2964e+06	
7.3832e+06	7.3564e+06	7.2894e+06	7.309e+06	7.3822e+06	
7.5828e+06	7.5898e+06	7.5072e+06	7.4714e+06	7.5696e+06	
7.5234e+06	7.612e+06	7.5168e+06	7.4846e+06	7.5274e+06	
7.5192e+06	7.5092e+06	7.5672e+06	7.544e+06	7.4804e+06	
7.679e+06	7.674e+06	7.5692e+06	7.6262e+06	7.6528e+06	
7.7366e+06	7.841e+06	7.6806e+06	7.7638e+06	7.7916e+06	
7.7648e+06	7.8016e+06	7.7502e+06	7.7824e+06	7.7452e+06	
7.8934e+06	7.9408e+06	7.8242e+06	7.912e+06	7.85e+06	
7.7864e+06	7.6372e+06	7.791e+06	7.7664e+06	7.7356e+06	
7.8116e+06	7.8102e+06	7.801e+06	7.7804e+06	7.8712e+06	
7.8232e+06	7.8586e+06	7.7976e+06	7.7764e+06	7.8358e+06	
7.8778e+06	7.9478e+06	7.8394e+06	7.8082e+06	7.8904e+06	
7.7738e+06	7.7884e+06	7.7956e+06	7.79e+06	7.8076e+06	
7.9534e+06	7.9422e+06	7.8636e+06	7.9674e+06	7.9206e+06	
7.7622e+06	7.736e+06	7.7456e+06	7.7638e+06	7.781e+06	
7.5138e+06	7.494e+06	7.4256e+06	7.5198e+06	7.5122e+06	
7.0922e+06	7.0802e+06	7.0056e+06	7.0848e+06	7.0998e+06	
6.992e+06	6.9652e+06	6.9214e+06	6.9728e+06	7.0222e+06	
6.9446e+06	6.9532e+06	6.938e+06	6.9768e+06	7.0374e+06	
7.2304e+06	7.1296e+06	7.248e+06	7.247e+06	7.2324e+06	
7.605e+06	7.4734e+06	7.552e+06	7.5202e+06	7.5844e+06	
7.7552e+06	7.8218e+06	7.735e+06	7.802e+06	7.7916e+06	
8.0038e+06	7.968e+06	7.9998e+06	7.9538e+06	8.029e+06	
8.098e+06	8.0788e+06	8.1248e+06	8.1464e+06	8.0618e+06	
8.0622e+06	7.9856e+06	8.0552e+06	8.0456e+06	8.0098e+06	
8.1792e+06	8.1514e+06	8.1828e+06	8.1932e+06	8.1464e+06	
8.4952e+06	8.4126e+06	8.4448e+06	8.464e+06	8.5508e+06	
8.6486e+06	8.6228e+06	8.6122e+06	8.639e+06	8.636e+06	
8.7916e+06	8.7428e+06	8.7382e+06	8.7958e+06	8.707e+06	
8.7352e+06	8.576e+06	8.6652e+06	8.711e+06	8.702e+06	
8.8088e+06	8.8134e+06	8.7574e+06	8.8178e+06	8.7422e+06	
8.6062e+06	8.6012e+06	8.5446e+06	8.5896e+06	8.6188e+06	
8.5064e+06	8.4156e+06	8.3772e+06	8.464e+06	8.4646e+06	
8.3954e+06	8.3194e+06	8.3012e+06	8.4408e+06	8.4782e+06	
8.4458e+06	8.473e+06	8.461e+06	8.4024e+06	8.522e+06	
8.6268e+06	8.6812e+06	8.586e+06	8.5456e+06	8.6076e+06	
8.7866e+06	8.7508e+06	8.764e+06	8.8214e+06	8.8562e+06	
8.767e+06	8.779e+06	8.8284e+06	8.7528e+06	8.7558e+06	
8.8416e+06	8.8224e+06	8.7216e+06	8.8642e+06	8.8516e+06	
8.9786e+06	8.9954e+06	9.0376e+06	9.0144e+06	9.0104e+06	
9.087e+06	9.078e+06	9.1154e+06	9.1858e+06	9.1894e+06	
9.1552e+06	9.1774e+06	9.1386e+06	9.2156e+06	9.195e+06	
9.1178e+06	9.0956e+06	9.0376e+06	9.1754e+06	9.1324e+06	
9.0996e+06	9.1092e+06	9.0054e+06	9.1416e+06	9.0996e+06	
9.1168e+06	9.19e+06	9.1426e+06	9.1592e+06	9.1622e+06	
9.1774e+06	9.2152e+06	9.3194e+06	9.254e+06	9.2544e+06	
9.2384e+06	9.2868e+06	9.2434e+06	9.1718e+06	9.2122e+06	
9.3376e+06	9.257e+06	9.1838e+06	9.2434e+06	9.191e+06	
9.2752e+06	9.2902e+06	9.311e+06	9.3204e+06	9.3488e+06	
9.202e+06	9.1582e+06	9.1344e+06	9.2322e+06	9.2842e+06	
9.0226e+06	9.083e+06	8.9434e+06	9.0306e+06	9.0332e+06	
9.0714e+06	9.0634e+06	9.0628e+06	9.02e+06	9.0614e+06	
9.0382e+06	9.0604e+06	8.9868e+06	8.9702e+06	9.0568e+06	
9.1158e+06	9.1194e+06	9.13e+06	9.1728e+06	9.1314e+06	
9.256e+06	9.143e+06	9.1184e+06	9.1834e+06	9.1314e+06	
9.0896e+06	9.1018e+06	9.1628e+06	9.0916e+06	9.0008e+06	
9.0382e+06	9.0342e+06	9.0564e+06	9.0316e+06	9.0614e+06	
8.8884e+06	8.7916e+06	8.895e+06	8.9072e+06	8.9142e+06	
8.9444e+06	8.8598e+06	8.893e+06	8.8946e+06	8.8628e+06	
8.7746e+06	8.836e+06	8.833e+06	8.8522e+06	8.8234e+06	
8.8446e+06	8.8638e+06	8.8834e+06	8.8234e+06	8.8174e+06	
8.7766e+06	8.8462e+06	8.821e+06	8.823e+06	8.8568e+06	
8.8774e+06	8.8824e+06	8.8804e+06	8.835e+06	8.9786e+06	
9.1048e+06	9.1198e+06	9.069e+06	9.0892e+06	9.1022e+06	
9.148e+06	9.1848e+06	8.9828e+06	9.1808e+06	9.131e+06	
9.1154e+06	9.0684e+06	8.9898e+06	9.0916e+06	9.0806e+06	
9.1198e+06	9.0336e+06	9.0694e+06	9.0352e+06	9.0176e+06	
9.0482e+06	9.068e+06	8.9914e+06	9.0694e+06	9.0482e+06	
9.194e+06	9.1158e+06	9.0452e+06	9.138e+06	9.1718e+06	
9.2438e+06	9.2504e+06	9.2478e+06	9.2404e+06	9.209e+06	
9.381e+06	9.315e+06	9.3674e+06	9.4526e+06	9.32e+06	
9.4928e+06	9.5368e+06	9.511e+06	9.5856e+06	9.57e+06	
9.5388e+06	9.5226e+06	9.4854e+06	9.5524e+06	9.5296e+06	
9.6018e+06	9.6108e+06	9.511e+06	9.5392e+06	9.6148e+06	
9.3744e+06	9.2842e+06	9.4308e+06	9.3014e+06	9.439e+06	
9.3694e+06	9.4042e+06	9.3548e+06	9.4172e+06	9.3754e+06	
9.3528e+06	9.3164e+06	9.2216e+06	9.2752e+06	9.202e+06	
9.129e+06	9.1672e+06	9.1808e+06	9.1556e+06	9.1698e+06	
9.137e+06	9.1426e+06	9.1248e+06	9.1764e+06	9.2584e+06	
9.2806e+06	9.2424e+06	9.1576e+06	9.2752e+06	9.1718e+06	
9.3982e+06	9.5292e+06	9.44e+06	9.4834e+06	9.4476e+06	
9.3824e+06	9.4964e+06	9.4772e+06	9.4848e+06	9.4526e+06	
9.45e+06	9.449e+06	9.3664e+06	9.4838e+06	9.4122e+06	
9.3774e+06	9.3704e+06	9.3604e+06	9.4456e+06	9.4384e+06	
9.386e+06	9.3618e+06	9.3386e+06	9.3346e+06	9.3376e+06	
9.3396e+06	9.3618e+06	9.3356e+06	9.4238e+06	9.3824e+06	
9.5246e+06	9.4808e+06	9.4944e+06	9.5282e+06	9.4466e+06	
9.6542e+06	9.7202e+06	9.6376e+06	9.7242e+06	9.6572e+06	
9.4718e+06	9.4288e+06	9.557e+06	9.4682e+06	9.5514e+06	
9.3648e+06	9.4908e+06	9.4168e+06	9.4128e+06	9.4022e+06	
9.5372e+06	9.5302e+06	9.3548e+06	9.5192e+06	9.5054e+06	
9.383e+06	9.4414e+06	9.3326e+06	9.456e+06	9.4002e+06	
9.2248e+06	9.262e+06	9.2842e+06	9.3276e+06	9.2424e+06	
9.2846e+06	9.3694e+06	9.3638e+06	9.3256e+06	9.2136e+06	
9.1606e+06	9.253e+06	9.1396e+06	9.3038e+06	9.1198e+06	
9.1612e+06	9.203e+06	9.1174e+06	9.0674e+06	9.1334e+06	
9.2212e+06	9.1506e+06	9.1526e+06	9.1562e+06	9.257e+06	
9.2368e+06	9.2302e+06	9.2302e+06	9.3638e+06	9.3246e+06	
9.3446e+06	9.4284e+06	9.266e+06	9.3356e+06	9.4108e+06	
9.3714e+06	9.3114e+06	9.3094e+06	9.3552e+06	9.2882e+06	
9.1364e+06	9.1648e+06	9.0796e+06	9.0764e+06	9.1582e+06	
8.701e+06	8.7392e+06	8.6646e+06	8.761e+06	8.6924e+06	
8.4898e+06	8.407e+06	8.3324e+06	8.407e+06	8.4024e+06	
8.4196e+06	8.3808e+06	8.3732e+06	8.3516e+06	8.4318e+06	
8.4928e+06	8.4736e+06	8.4634e+06	8.4696e+06	8.464e+06	
8.5044e+06	8.4872e+06	8.5602e+06	8.5224e+06	8.637e+06	
8.5416e+06	8.4338e+06	8.593e+06	8.5482e+06	8.6722e+06	
8.6798e+06	8.6464e+06	8.6304e+06	8.6908e+06	8.6728e+06	
8.8114e+06	8.8098e+06	8.8042e+06	8.9324e+06	8.8294e+06	
8.9968e+06	8.9822e+06	8.951e+06	9.0114e+06	8.9192e+06	
9.2984e+06	9.2454e+06	9.1818e+06	9.1944e+06	9.1526e+06	
9.328e+06	9.2428e+06	9.2176e+06	9.3572e+06	9.3194e+06	
9.374e+06	9.3886e+06	9.3542e+06	9.321e+06	9.2846e+06	
9.4364e+06	9.3774e+06	9.4188e+06	9.4324e+06	9.388e+06	
9.5e+06	9.4818e+06	9.442e+06	9.5236e+06	9.575e+06	
9.559e+06	9.5216e+06	9.4636e+06	9.6038e+06	9.5892e+06	
9.6516e+06	9.6088e+06	9.576e+06	9.6774e+06	9.6764e+06	
9.494e+06	9.5508e+06	9.5176e+06	9.5716e+06	9.495e+06	
9.4274e+06	9.377e+06	9.3946e+06	9.507e+06	9.4192e+06	
9.4854e+06	9.4802e+06	9.4122e+06	9.4672e+06	9.498e+06	
9.4446e+06	9.4792e+06	9.453e+06	9.5252e+06	9.5806e+06	
9.6108e+06	9.681e+06	9.6022e+06	9.577e+06	9.7258e+06	
9.7778e+06	9.8064e+06	9.7384e+06	9.8064e+06	9.7904e+06	
9.9178e+06	9.933e+06	9.803e+06	9.8418e+06	9.9048e+06	
9.8966e+06	9.8872e+06	9.8286e+06	1.00438e+07	9.9138e+06	
9.8872e+06	9.938e+06	9.8816e+06	9.875e+06	9.946e+06	
9.8966e+06	9.8936e+06	9.8534e+06	9.9476e+06	9.9724e+06	
9.8786e+06	9.8896e+06	9.7852e+06	9.7716e+06	9.7768e+06	
9.5928e+06	9.5902e+06	9.4788e+06	9.619e+06	9.573e+06	
9.333e+06	9.317e+06	9.3008e+06	9.3452e+06	9.4032e+06	
9.0286e+06	8.9948e+06	9.0292e+06	9.0548e+06	9.1754e+06	
9.1042e+06	9.2066e+06	9.2136e+06	9.319e+06	9.252e+06	
9.2938e+06	9.4082e+06	9.3688e+06	9.316e+06	9.3678e+06	
9.4268e+06	9.5338e+06	9.5412e+06	9.5226e+06	9.5292e+06	
9.628e+06	9.637e+06	9.6986e+06	9.7056e+06	9.7454e+06	
9.8972e+06	9.881e+06	9.865e+06	9.9082e+06	9.8302e+06	
1.01134e+07	1.0109e+07	9.9612e+06	1.0119e+07	1.00086e+07	
1.01034e+07	1.0106e+07	1.01336e+07	1.017e+07	1.00918e+07	
1.00106e+07	9.9934e+06	1.0003e+07	1.00586e+07	1.00454e+07	
1.00656e+07	1.0058e+07	9.984e+06	1.00418e+07	1.00328e+07	
1.0064e+07	1.00892e+07	1.01276e+07	1.01764e+07	1.01628e+07	
1.01816e+07	1.02092e+07	1.01488e+07	1.02748e+07	1.01936e+07	
1.02238e+07	1.01412e+07	1.01322e+07	1.01906e+07	1.025e+07	
1.01866e+07	1.02324e+07	1.01684e+07	1.018e+07	1.0231e+07	
1.01724e+07	1.01286e+07	1.00892e+07	1.02122e+07	1.01564e+07	
9.9662e+06	9.9808e+06	9.8104e+06	9.9486e+06	1.00006e+07	
9.7222e+06	9.7566e+06	9.7546e+06	9.7076e+06	9.7354e+06	
9.6456e+06	9.6406e+06	9.6684e+06	9.6642e+06	9.7152e+06	
9.7278e+06	9.7318e+06	9.6884e+06	9.8084e+06	9.74e+06	
9.8438e+06	9.812e+06	9.7944e+06	9.868e+06	9.8902e+06	
9.882e+06	9.8024e+06	9.7968e+06	9.8336e+06	9.872e+06	
9.883e+06	9.8356e+06	9.872e+06	1.00076e+07	9.9048e+06	
9.871e+06	9.8936e+06	9.88e+06	9.8468e+06	9.9734e+06	
1.00208e+07	9.9552e+06	9.9174e+06	9.9954e+06	1.00258e+07	
1.01836e+07	1.00086e+07	1.0054e+07	1.01452e+07	1.0127e+07	
1.01008e+07	1.00702e+07	1.01966e+07	1.00978e+07	1.01674e+07	
1.00842e+07	9.9678e+06	1.01028e+07	1.00278e+07	9.9804e+06	
9.928e+06	9.9294e+06	9.9104e+06	9.925e+06	9.9612e+06	
9.7964e+06	9.8352e+06	9.7596e+06	9.8564e+06	9.7526e+06	
9.8534e+06	9.9476e+06	9.8392e+06	9.8604e+06	9.8866e+06	
9.8684e+06	9.8594e+06	9.8388e+06	9.867e+06	9.7858e+06	
9.924e+06	9.8876e+06	9.9078e+06	9.8292e+06	9.8236e+06	
9.986e+06	9.9098e+06	9.8418e+06	9.93e+06	9.9652e+06	
9.8866e+06	9.985e+06	9.9188e+06	9.8846e+06	9.9556e+06	
9.9274e+06	9.9178e+06	9.7984e+06	9.8766e+06	9.804e+06	
9.9572e+06	9.8356e+06	9.803e+06	9.8554e+06	9.8564e+06	
9.6956e+06	9.7328e+06	9.6674e+06	9.7208e+06	9.762e+06	
9.5882e+06	9.6734e+06	9.5e+06	9.63e+06	9.6164e+06	
9.4318e+06	9.505e+06	9.4258e+06	9.433e+06	9.447e+06	
9.4118e+06	9.503e+06	9.4056e+06	9.5528e+06	9.5518e+06	
9.558e+06	9.5786e+06	9.4918e+06	9.5504e+06	9.6044e+06	
9.4984e+06	9.5544e+06	9.4792e+06	9.5322e+06	9.564e+06	
9.6436e+06	9.6074e+06	9.6274e+06	9.5736e+06	9.6748e+06	
9.5836e+06	9.631e+06	9.616e+06	9.557e+06	9.6558e+06	
9.5202e+06	9.5584e+06	9.5464e+06	9.5948e+06	9.5276e+06	
9.6316e+06	9.7042e+06	9.6184e+06	9.6628e+06	9.7294e+06	
9.5958e+06	9.6094e+06	9.57e+06	9.6094e+06	9.5852e+06	
9.638e+06	9.6592e+06	9.7712e+06	9.6714e+06	9.7202e+06	
9.7238e+06	9.7928e+06	9.6926e+06	9.7086e+06	9.746e+06	
9.7052e+06	9.7818e+06	9.7092e+06	9.7928e+06	9.7788e+06	
9.7168e+06	9.6956e+06	9.82e+06	9.6286e+06	9.6628e+06	
9.867e+06	9.8074e+06	9.8442e+06	9.8094e+06	9.8346e+06	
9.867e+06	9.8746e+06	9.8872e+06	9.8714e+06	9.9022e+06	
9.7132e+06	9.7308e+06	9.6896e+06	9.7136e+06	9.6416e+06	
9.7676e+06	9.7354e+06	9.7e+06	9.7782e+06	9.8034e+06	
9.8156e+06	9.7284e+06	9.7484e+06	9.821e+06	9.7344e+06	
9.6164e+06	9.7672e+06	9.7192e+06	9.6694e+06	9.7172e+06	
9.6054e+06	9.6154e+06	9.5912e+06	9.6884e+06	9.626e+06	
9.4844e+06	9.4424e+06	9.569e+06	9.4854e+06	9.5412e+06	
9.4098e+06	9.4288e+06	9.4828e+06	9.4268e+06	9.4646e+06	
9.4314e+06	9.4666e+06	9.4264e+06	9.4676e+06	9.4666e+06	
9.5982e+06	9.622e+06	9.4652e+06	9.6274e+06	9.6336e+06	
9.634e+06	9.5716e+06	9.628e+06	9.7096e+06	9.6602e+06	
9.7066e+06	9.6612e+06	9.6512e+06	9.6012e+06	9.5978e+06	
9.638e+06	9.6356e+06	9.6422e+06	9.6174e+06	9.5736e+06	
9.679e+06	9.624e+06	9.5342e+06	9.6628e+06	9.629e+06	
9.6386e+06	9.7106e+06	9.6154e+06	9.7006e+06	9.6038e+06	
9.6926e+06	9.5998e+06	9.5886e+06	9.56e+06	9.6038e+06	
9.497e+06	9.4974e+06	9.5418e+06	9.5412e+06	9.6098e+06	
9.51e+06	9.5514e+06	9.5524e+06	9.5816e+06	9.639e+06	
9.5438e+06	9.5816e+06	9.6064e+06	9.6022e+06	9.682e+06	
9.6648e+06	9.6916e+06	9.618e+06	9.6502e+06	9.6542e+06	
9.5614e+06	9.5918e+06	9.5236e+06	9.6316e+06	9.4858e+06	
9.5312e+06	9.557e+06	9.5216e+06	9.5876e+06	9.513e+06	
9.555e+06	9.5696e+06	9.6558e+06	9.5494e+06	9.565e+06	
9.5478e+06	9.51e+06	9.5146e+06	9.567e+06	9.619e+06	
9.569e+06	9.4974e+06	9.516e+06	9.6734e+06	9.621e+06	
9.623e+06	9.639e+06	9.683e+06	9.5474e+06	9.5892e+06	
9.634e+06	9.632e+06	9.6558e+06	9.7268e+06	9.6814e+06	
9.7218e+06	9.7338e+06	9.5312e+06	9.639e+06	9.5978e+06	
9.7606e+06	9.7284e+06	9.7066e+06	9.6714e+06	9.7686e+06	
9.6936e+06	9.6124e+06	9.5982e+06	9.6698e+06	9.7072e+06	
9.4772e+06	9.5146e+06	9.4924e+06	9.5564e+06	9.507e+06	
9.508e+06	9.5312e+06	9.5242e+06	9.5382e+06	9.5368e+06	
9.4036e+06	9.4572e+06	9.3538e+06	9.2746e+06	9.3456e+06	
9.3104e+06	9.266e+06	9.2036e+06	9.2878e+06	9.3094e+06	
9.2212e+06	9.2766e+06	9.2474e+06	9.2912e+06	9.4078e+06	
9.3462e+06	9.3658e+06	9.3024e+06	9.4198e+06	9.3568e+06	
9.2172e+06	9.252e+06	9.2796e+06	9.2766e+06	9.3134e+06	
9.3558e+06	9.323e+06	9.1894e+06	9.258e+06	9.3598e+06	
8.9954e+06	9.068e+06	9.0346e+06	8.9248e+06	9.0462e+06	
9.079e+06	9.146e+06	9.1446e+06	9.0754e+06	9.0584e+06	
9.082e+06	8.9988e+06	8.964e+06	9.023e+06	9.1436e+06	
9.076e+06	9.1194e+06	9.1204e+06	9.2146e+06	9.0534e+06	
9.1612e+06	9.0796e+06	9.1456e+06	9.1718e+06	9.1824e+06	
9.2212e+06	9.2646e+06	9.1904e+06	9.2414e+06	9.313e+06	
9.27e+06	9.2782e+06	9.2584e+06	9.3376e+06	9.3028e+06	
9.328e+06	9.385e+06	9.3044e+06	9.3518e+06	9.2812e+06	
9.2806e+06	9.3004e+06	9.311e+06	9.2902e+06	9.2942e+06	
9.2434e+06	9.1188e+06	9.2298e+06	9.1642e+06	9.2146e+06	
9.2232e+06	9.2822e+06	9.2348e+06	9.3392e+06	9.249e+06	
9.2898e+06	9.2504e+06	9.1532e+06	9.2428e+06	9.3204e+06	
9.2978e+06	9.4188e+06	9.316e+06	9.3226e+06	9.3416e+06	
9.26e+06	9.4612e+06	9.2236e+06	9.3048e+06	9.4036e+06	
9.3088e+06	9.312e+06	9.2322e+06	9.3376e+06	9.2732e+06	
9.2212e+06	9.208e+06	9.2418e+06	9.2308e+06	9.259e+06	
9.3038e+06	9.271e+06	9.2636e+06	9.3416e+06	9.2352e+06	
9.2424e+06	9.2554e+06	9.203e+06	9.2928e+06	9.3154e+06	
9.2322e+06	9.188e+06	9.2182e+06	9.272e+06	9.1562e+06	
9.1572e+06	9.1648e+06	9.0704e+06	9.1542e+06	9.1692e+06	
9.0892e+06	9.0554e+06	9.1194e+06	9.1028e+06	9.1582e+06	
9.082e+06	9.005e+06	8.9862e+06	9.1068e+06	9.0628e+06	
9.136e+06	9.1606e+06	9.068e+06	9.0764e+06	9.0876e+06	
9.1874e+06	9.1914e+06	9.132e+06	9.208e+06	9.1954e+06	
9.2232e+06	9.2444e+06	9.2594e+06	9.2458e+06	9.1234e+06	
9.2408e+06	9.3508e+06	9.1834e+06	9.191e+06	9.2338e+06	
9.2212e+06	9.1904e+06	9.2096e+06	9.1556e+06	9.1954e+06	
9.1582e+06	9.0568e+06	9.0104e+06	9.072e+06	9.011e+06	
8.9418e+06	9.0094e+06	9.0342e+06	8.9868e+06	8.964e+06	
9.077e+06	9.004e+06	8.955e+06	9.085e+06	9.0796e+06	
9.1006e+06	9.066e+06	9.0548e+06	9.067e+06	9.076e+06	
9.0004e+06	9.0312e+06	9.0014e+06	9.023e+06	8.9742e+06	
8.9182e+06	8.9364e+06	8.9132e+06	8.964e+06	8.9706e+06	
8.9334e+06	8.951e+06	8.8602e+06	8.9858e+06	8.9484e+06	
8.7952e+06	8.7846e+06	8.7564e+06	8.8124e+06	8.8032e+06	
8.8188e+06	8.7886e+06	8.8084e+06	8.8012e+06	8.829e+06	
8.8506e+06	8.895e+06	8.7998e+06	8.884e+06	8.9898e+06	
8.9524e+06	8.9374e+06	8.946e+06	8.9132e+06	8.9626e+06	
8.948e+06	8.9832e+06	8.9398e+06	8.958e+06	8.9858e+06	
9.1198e+06	9.14e+06	9.0422e+06	9.1638e+06	9.0332e+06	
9.026e+06	9.005e+06	9.0438e+06	9.0744e+06	9.0674e+06	
9.1012e+06	9.07e+06	9.083e+06	9.134e+06	9.196e+06	
9.017e+06	9.0922e+06	8.9878e+06	9.0418e+06	9.0432e+06	
8.9756e+06	9.1254e+06	9.0574e+06	9.0876e+06	9.0144e+06	
9.0764e+06	9.0836e+06	9.0064e+06	9.0764e+06	9.1028e+06	
9.0176e+06	8.9514e+06	8.9398e+06	8.9672e+06	8.9838e+06	
8.9162e+06	8.964e+06	8.9938e+06	8.9142e+06	9.0352e+06	
8.8396e+06	8.8794e+06	8.827e+06	8.823e+06	8.9072e+06	
8.8714e+06	8.8326e+06	8.8506e+06	8.9364e+06	8.8154e+06	
8.8662e+06	8.8718e+06	8.78e+06	8.7806e+06	8.7846e+06	
8.8128e+06	8.831e+06	8.884e+06	8.8622e+06	8.9268e+06	
8.8244e+06	8.8568e+06	8.8572e+06	8.8094e+06	8.8466e+06	
8.8022e+06	8.8568e+06	8.8536e+06	8.8546e+06	8.8602e+06	
8.7508e+06	8.7836e+06	8.8048e+06	8.7206e+06	8.8194e+06	
8.8632e+06	8.6812e+06	8.7584e+06	8.7952e+06	8.773e+06	
8.654e+06	8.64e+06	8.645e+06	8.7594e+06	8.6506e+06	
8.6918e+06	8.708e+06	8.659e+06	8.6812e+06	8.7342e+06	
8.6434e+06	8.5286e+06	8.5472e+06	8.6394e+06	8.5528e+06	
8.6298e+06	8.6858e+06	8.6138e+06	8.645e+06	8.6874e+06	
8.775e+06	8.7554e+06	8.771e+06	8.7408e+06	8.6984e+06	
8.7408e+06	8.7216e+06	8.713e+06	8.7584e+06	8.7916e+06	
8.768e+06	8.6954e+06	8.7362e+06	8.6798e+06	8.7156e+06	
8.643e+06	8.8002e+06	8.6954e+06	8.761e+06	8.769e+06	
8.8012e+06	8.7972e+06	8.7286e+06	8.7664e+06	8.7756e+06	
8.7568e+06	8.7896e+06	8.7368e+06	8.7862e+06	8.8294e+06	
8.8314e+06	8.7624e+06	8.7716e+06	8.8144e+06	8.7926e+06	
8.6968e+06	8.7594e+06	8.7146e+06	8.7438e+06	8.8018e+06	
8.822e+06	8.7564e+06	8.7674e+06	8.8578e+06	8.7982e+06	
8.8386e+06	8.8134e+06	8.9292e+06	8.767e+06	8.7988e+06	
8.7136e+06	8.6636e+06	8.6722e+06	8.7594e+06	8.8094e+06	
8.774e+06	8.7266e+06	8.711e+06	8.834e+06	8.8386e+06	
8.7252e+06	8.7442e+06	8.7106e+06	8.6716e+06	8.7746e+06	
8.72e+06	8.7428e+06	8.6152e+06	8.6874e+06	8.7766e+06	
8.7654e+06	8.7488e+06	8.8158e+06	8.6904e+06	8.6612e+06	
8.6696e+06	8.641e+06	8.7074e+06	8.6464e+06	8.6732e+06	
8.581e+06	8.5018e+06	8.464e+06	8.473e+06	8.5496e+06	
8.352e+06	8.4666e+06	8.4382e+06	8.4544e+06	8.526e+06	
8.4876e+06	8.401e+06	8.3848e+06	8.3854e+06	8.4968e+06	
8.3672e+06	8.3688e+06	8.3762e+06	8.415e+06	8.3934e+06	
8.4242e+06	8.4448e+06	8.3712e+06	8.454e+06	8.4076e+06	
8.3436e+06	8.3632e+06	8.3748e+06	8.468e+06	8.4056e+06	
8.4014e+06	8.4554e+06	8.3566e+06	8.391e+06	8.4176e+06	
8.3026e+06	8.3782e+06	8.34e+06	8.285e+06	8.286e+06	
8.1872e+06	8.3198e+06	8.2382e+06	8.2976e+06	8.2488e+06	
8.163e+06	7.9982e+06	8.0482e+06	8.0774e+06	8.0692e+06	
7.8354e+06	7.7536e+06	7.7632e+06	7.8314e+06	7.8838e+06	
7.657e+06	7.5546e+06	7.6432e+06	7.6524e+06	7.661e+06	
7.4674e+06	7.4972e+06	7.4718e+06	7.429e+06	7.4638e+06	
7.4004e+06	7.372e+06	7.432e+06	7.352e+06	7.5288e+06	
7.495e+06	7.5098e+06	7.5394e+06	7.5258e+06	7.6126e+06	
7.657e+06	7.5486e+06	7.5768e+06	7.5158e+06	7.7164e+06	
7.6634e+06	7.6812e+06	7.672e+06	7.6856e+06	7.7068e+06	
7.6796e+06	7.6736e+06	7.5692e+06	7.6604e+06	7.6256e+06	
7.732e+06	7.8146e+06	7.675e+06	7.7844e+06	7.8052e+06	
7.6402e+06	7.7664e+06	7.7138e+06	7.738e+06	7.7502e+06	
7.7642e+06	7.7446e+06	7.7184e+06	7.729e+06	7.7548e+06	
7.7254e+06	7.6806e+06	7.784e+06	7.8364e+06	7.7432e+06	
7.7748e+06	7.659e+06	7.7204e+06	7.6796e+06	7.677e+06	
7.7264e+06	7.8032e+06	7.6988e+06	7.8474e+06	7.8072e+06	
7.8036e+06	7.7184e+06	7.779e+06	7.7316e+06	7.8464e+06	
7.7306e+06	7.7326e+06	7.6126e+06	7.7804e+06	7.7658e+06	
7.7008e+06	7.6806e+06	7.6856e+06	7.6514e+06	7.7956e+06	
7.6388e+06	7.7168e+06	7.7022e+06	7.6196e+06	7.7018e+06	
7.5228e+06	7.6236e+06	7.6412e+06	7.7204e+06	7.6538e+06	
7.5908e+06	7.5934e+06	7.54e+06	7.5324e+06	7.602e+06	
7.6992e+06	7.6932e+06	7.616e+06	7.6872e+06	7.7078e+06	
7.6444e+06	7.6846e+06	7.68e+06	7.7738e+06	7.718e+06	
7.726e+06	7.7442e+06	7.6538e+06	7.678e+06	7.7274e+06	
7.66e+06	7.7274e+06	7.5732e+06	7.658e+06	7.5762e+06	
7.6942e+06	7.6328e+06	7.7088e+06	7.659e+06	7.6876e+06	
7.6564e+06	7.6514e+06	7.6322e+06	7.6464e+06	7.6296e+06	
7.603e+06	7.6584e+06	7.5802e+06	7.603e+06	7.6962e+06	
7.5308e+06	7.5218e+06	7.547e+06	7.557e+06	7.5122e+06	
7.548e+06	7.595e+06	7.6116e+06	7.6266e+06	7.6322e+06	
7.5844e+06	7.608e+06	7.5818e+06	7.6292e+06	7.54e+06	
7.5838e+06	7.672e+06	7.5758e+06	7.6766e+06	7.6922e+06	
7.6146e+06	7.6402e+06	7.6654e+06	7.5974e+06	7.5682e+06	
7.6014e+06	7.6412e+06	7.5652e+06	7.6296e+06	7.6216e+06	
7.5394e+06	7.6428e+06	7.5914e+06	7.5898e+06	7.5496e+06	
7.5032e+06	7.5274e+06	7.5042e+06	7.5752e+06	7.485e+06	
7.6292e+06	7.6216e+06	7.6484e+06	7.5476e+06	7.5934e+06	
7.4396e+06	7.4024e+06	7.4532e+06	7.5046e+06	7.4276e+06	
7.432e+06	7.4068e+06	7.4794e+06	7.5612e+06	7.4624e+06	
7.5052e+06	7.5214e+06	7.4552e+06	7.4558e+06	7.5434e+06	
7.492e+06	7.4084e+06	7.4078e+06	7.4492e+06	7.4326e+06	
7.4724e+06	7.4704e+06	7.5152e+06	7.4416e+06	7.4876e+06	
7.4614e+06	7.479e+06	7.4064e+06	7.5066e+06	7.4986e+06	
7.4866e+06	7.4718e+06	7.5294e+06	7.5924e+06	7.6096e+06	
7.5616e+06	7.6544e+06	7.595e+06	7.5682e+06	7.6352e+06	
7.5994e+06	7.611e+06	7.5602e+06	7.6392e+06	7.601e+06	
7.538e+06	7.541e+06	7.6e+06	7.5642e+06	7.598e+06	
7.5676e+06	7.605e+06	7.4406e+06	7.5248e+06	7.6014e+06	
7.5742e+06	7.5046e+06	7.5918e+06	7.6664e+06	7.7074e+06	
7.5444e+06	7.5082e+06	7.4976e+06	7.5506e+06	7.5762e+06	
7.5672e+06	7.5914e+06	7.61e+06	7.5662e+06	7.5834e+06	
7.5364e+06	7.5874e+06	7.5414e+06	7.5102e+06	7.5718e+06	
7.475e+06	7.549e+06	7.4698e+06	7.5874e+06	7.538e+06	
7.485e+06	7.5844e+06	7.5012e+06	7.5898e+06	7.5284e+06	
7.5592e+06	7.536e+06	7.5566e+06	7.544e+06	7.5606e+06	
7.4634e+06	7.552e+06	7.4366e+06	7.5002e+06	7.5076e+06	
7.537e+06	7.4572e+06	7.4588e+06	7.4704e+06	7.4064e+06	
7.4134e+06	7.5248e+06	7.4038e+06	7.434e+06	7.4236e+06	
7.4174e+06	7.3852e+06	7.3822e+06	7.366e+06	7.4482e+06	
7.3706e+06	7.367e+06	7.4008e+06	7.4104e+06	7.425e+06	
7.475e+06	7.3832e+06	7.4326e+06	7.3696e+06	7.3278e+06	
7.29e+06	7.374e+06	7.3892e+06	7.3928e+06	7.3802e+06	
7.3636e+06	7.3898e+06	7.3726e+06	7.3222e+06	7.3362e+06	
7.3292e+06	7.3222e+06	7.3852e+06	7.2844e+06	7.3444e+06	
7.3066e+06	7.3736e+06	7.359e+06	7.3812e+06	7.3822e+06	
7.3004e+06	7.2214e+06	7.233e+06	7.2344e+06	7.2552e+06	
7.362e+06	7.231e+06	7.3484e+06	7.2994e+06	7.3258e+06	
7.2274e+06	7.2616e+06	7.25e+06	7.3026e+06	7.3388e+06	
7.2556e+06	7.232e+06	7.2244e+06	7.309e+06	7.2006e+06	
7.2344e+06	7.2294e+06	7.1992e+06	7.29e+06	7.3046e+06	
7.2334e+06	7.234e+06	7.1896e+06	7.3262e+06	7.2752e+06	
7.2732e+06	7.2016e+06	7.2218e+06	7.2268e+06	7.232e+06	
7.2108e+06	7.228e+06	7.2626e+06	7.2456e+06	7.1982e+06	
7.128e+06	7.1114e+06	7.1578e+06	7.1548e+06	7.1916e+06	
7.183e+06	7.1372e+06	7.1744e+06	7.1936e+06	7.1356e+06	
7.0554e+06	7.0762e+06	7.0974e+06	7.0786e+06	7.0828e+06	
7.1936e+06	7.2132e+06	7.185e+06	7.1786e+06	7.06e+06	
7.2258e+06	7.167e+06	7.1406e+06	7.1372e+06	7.17e+06	
7.0878e+06	7.0208e+06	7.1396e+06	7.118e+06	7.177e+06	
6.9516e+06	7.0076e+06	6.9294e+06	7.1044e+06	7.0852e+06	
6.9688e+06	7.0112e+06	6.9482e+06	6.9814e+06	7.0116e+06	
6.8806e+06	6.9426e+06	6.9274e+06	6.9808e+06	6.875e+06	
6.816e+06	6.9314e+06	6.9608e+06	6.936e+06	6.9168e+06	
6.9284e+06	6.9088e+06	6.9108e+06	6.9294e+06	6.8902e+06	
6.8644e+06	6.9678e+06	6.8634e+06	6.8852e+06	6.9904e+06	
6.9486e+06	7.0938e+06	7.0076e+06	6.988e+06	6.992e+06	
7.0858e+06	7.0394e+06	6.9864e+06	6.989e+06	7.0046e+06	
7.0222e+06	7.06e+06	6.9476e+06	7.0156e+06	7.0968e+06	
7.0132e+06	6.988e+06	7.0152e+06	6.9714e+06	6.9638e+06	
7.0212e+06	7.0116e+06	6.9904e+06	7.0408e+06	6.9754e+06	
6.995e+06	6.9748e+06	6.999e+06	6.9986e+06	7.0228e+06	
7.0252e+06	7.0242e+06	7.047e+06	7.0666e+06	7.0418e+06	
7.0872e+06	7.0898e+06	7.0186e+06	6.995e+06	7.0742e+06	
7.0182e+06	7.0328e+06	7.004e+06	7.0576e+06	7.0156e+06	
6.9688e+06	7.0334e+06	7.0198e+06	7.049e+06	7.0302e+06	
6.986e+06	7.0364e+06	7.004e+06	7.0066e+06	7.0862e+06	
6.8932e+06	6.928e+06	6.8704e+06	6.921e+06	6.8568e+06	
6.9602e+06	6.9284e+06	6.9824e+06	6.9588e+06	6.9294e+06	
6.8624e+06	6.937e+06	6.9652e+06	6.867e+06	6.9062e+06	
6.9042e+06	6.8378e+06	6.8448e+06	6.8896e+06	6.8876e+06	
6.924e+06	6.7778e+06	6.8936e+06	6.8442e+06	6.8862e+06	
6.7868e+06	6.8756e+06	6.8176e+06	6.7722e+06	6.7778e+06	
6.7958e+06	6.8206e+06	6.806e+06	6.8216e+06	6.8322e+06	
6.7742e+06	6.8236e+06	6.7076e+06	6.813e+06	6.7874e+06	
6.6966e+06	6.7308e+06	6.677e+06	6.7294e+06	6.687e+06	
6.6598e+06	6.6874e+06	6.6144e+06	6.6724e+06	6.5908e+06	
6.5792e+06	6.6728e+06	6.5424e+06	6.6366e+06	6.5866e+06	
6.6008e+06	6.6688e+06	6.6552e+06	6.6068e+06	6.5756e+06	
6.4824e+06	6.5302e+06	6.5498e+06	6.5438e+06	6.5634e+06	
6.5796e+06	6.5836e+06	6.5786e+06	6.5312e+06	6.635e+06	
6.5528e+06	6.6044e+06	6.5342e+06	6.5958e+06	6.5308e+06	
6.6356e+06	6.5948e+06	6.5468e+06	6.5776e+06	6.5902e+06	
6.5256e+06	6.5766e+06	6.5176e+06	6.5398e+06	6.6108e+06	
6.5226e+06	6.4722e+06	6.4808e+06	6.499e+06	6.4606e+06	
6.4244e+06	6.4394e+06	6.4138e+06	6.4424e+06	6.4722e+06	
6.4148e+06	6.3598e+06	6.332e+06	6.388e+06	6.3826e+06	
6.4258e+06	6.3886e+06	6.3422e+06	6.3688e+06	6.4466e+06	
6.3608e+06	6.3482e+06	6.3184e+06	6.2974e+06	6.3734e+06	
6.3432e+06	6.3956e+06	6.3458e+06	6.3346e+06	6.4324e+06	
6.374e+06	6.3976e+06	6.2978e+06	6.2892e+06	6.3754e+06	
6.2268e+06	6.2388e+06	6.263e+06	6.2862e+06	6.2882e+06	
6.2252e+06	6.259e+06	6.2974e+06	6.2494e+06	6.3064e+06	
6.188e+06	6.2742e+06	6.2968e+06	6.2822e+06	6.3402e+06	
6.2232e+06	6.33e+06	6.2742e+06	6.2282e+06	6.3084e+06	
6.1552e+06	6.1708e+06	6.1924e+06	6.2106e+06	6.189e+06	
6.2036e+06	6.1814e+06	6.2076e+06	6.2534e+06	6.2606e+06	
6.1722e+06	6.1098e+06	6.2156e+06	6.1964e+06	6.1496e+06	
6.1284e+06	6.1334e+06	6.19e+06	6.2524e+06	6.2468e+06	
6.2278e+06	6.1934e+06	6.1576e+06	6.1848e+06	6.199e+06	
6.207e+06	6.1552e+06	6.1864e+06	6.251e+06	6.2056e+06	
6.1758e+06	6.19e+06	6.1376e+06	6.2378e+06	6.2656e+06	
6.0776e+06	6.0502e+06	6.065e+06	6.0624e+06	6.1294e+06	
6.131e+06	6.1134e+06	6.0892e+06	6.1364e+06	6.2026e+06	
6.085e+06	6.1416e+06	6.082e+06	6.125e+06	6.137e+06	
6.1088e+06	6.1204e+06	6.2026e+06	6.1028e+06	6.192e+06	
6.1618e+06	6.195e+06	6.1184e+06	6.1516e+06	6.14e+06	
6.1178e+06	6.1496e+06	6.079e+06	6.1234e+06	6.1244e+06	
6.0408e+06	6.1122e+06	6.0932e+06	6.0302e+06	6.0976e+06	
6.087e+06	6.0478e+06	6.0704e+06	6.0134e+06	6.069e+06	
6.0538e+06	6.013e+06	6.0724e+06	6.0588e+06	5.96e+06	
5.9892e+06	6.0714e+06	6.0684e+06	6.084e+06	6.0382e+06	
6.0896e+06	6.1062e+06	6.0488e+06	6.066e+06	6.0472e+06	
6.0276e+06	5.9938e+06	6.07e+06	6.0316e+06	6.0482e+06	
6.0578e+06	6.025e+06	6.0366e+06	6.0372e+06	5.9792e+06	
6.0776e+06	6.0664e+06	6.0538e+06	6.0498e+06	6.0458e+06	
6.0362e+06	5.9938e+06	5.965e+06	5.9656e+06	6.0186e+06	
6.0008e+06	5.9616e+06	6.0024e+06	6.0644e+06	6.0392e+06	
5.9858e+06	6.0044e+06	5.9858e+06	5.9766e+06	5.9914e+06	
5.8568e+06	5.9616e+06	5.9116e+06	5.9344e+06	5.9092e+06	
5.896e+06	5.949e+06	5.9586e+06	5.9908e+06	5.9394e+06	
5.8088e+06	5.8996e+06	5.7982e+06	5.8572e+06	5.828e+06	
5.8104e+06	5.8138e+06	5.7896e+06	5.839e+06	5.8326e+06	
5.7312e+06	5.7262e+06	5.7402e+06	5.8022e+06	5.8164e+06	
5.7494e+06	5.7846e+06	5.7664e+06	5.7246e+06	5.7594e+06	
5.8032e+06	5.7136e+06	5.6844e+06	5.6874e+06	5.7392e+06	
5.712e+06	5.6858e+06	5.6808e+06	5.712e+06	5.7106e+06	
5.715e+06	5.6782e+06	5.638e+06	5.6778e+06	5.6838e+06	
5.8022e+06	5.8018e+06	5.7352e+06	5.7372e+06	5.6778e+06	
5.6742e+06	5.6152e+06	5.709e+06	5.655e+06	5.6722e+06	
5.7338e+06	5.6476e+06	5.7428e+06	5.72e+06	5.7952e+06	
5.7442e+06	5.712e+06	5.648e+06	5.709e+06	5.6802e+06	
5.6128e+06	5.6802e+06	5.639e+06	5.6938e+06	5.6646e+06	
5.6042e+06	5.6752e+06	5.5886e+06	5.636e+06	5.701e+06	
5.6318e+06	5.591e+06	5.5866e+06	5.6616e+06	5.6904e+06	
5.5446e+06	5.5518e+06	5.5714e+06	5.578e+06	5.5946e+06	
5.587e+06	5.5286e+06	5.526e+06	5.5502e+06	5.6178e+06	
5.4882e+06	5.4524e+06	5.461e+06	5.5204e+06	5.5058e+06	
5.4564e+06	5.4318e+06	5.3954e+06	5.4444e+06	5.4574e+06	
5.4192e+06	5.5396e+06	5.4076e+06	5.4246e+06	5.407e+06	
5.3844e+06	5.411e+06	5.39e+06	5.4494e+06	5.4056e+06	
5.3088e+06	5.3712e+06	5.3258e+06	5.3844e+06	5.3586e+06	
5.331e+06	5.3334e+06	5.3636e+06	5.344e+06	5.2976e+06	
5.2478e+06	5.2584e+06	5.3148e+06	5.2668e+06	5.3188e+06	
5.2806e+06	5.2932e+06	5.1868e+06	5.2528e+06	5.2322e+06	
5.2518e+06	5.2352e+06	5.2528e+06	5.2916e+06	5.2038e+06	
5.211e+06	5.1272e+06	5.1932e+06	5.2568e+06	5.2058e+06	
5.1242e+06	5.1984e+06	5.0944e+06	5.1812e+06	5.1822e+06	
5.1202e+06	5.1334e+06	5.1626e+06	5.0662e+06	5.1344e+06	
5.103e+06	5.0754e+06	5.1036e+06	5.0814e+06	5.1606e+06	
5.1444e+06	5.0532e+06	5.0784e+06	5.0612e+06	5.086e+06	
5.1278e+06	5.1736e+06	5.1212e+06	5.1268e+06	5.1212e+06	
5.0894e+06	5.1358e+06	5.1212e+06	5.1272e+06	5.1398e+06	
5.149e+06	5.1746e+06	5.2196e+06	5.1212e+06	5.1176e+06	
5.096e+06	5.15e+06	5.1156e+06	5.1912e+06	5.0542e+06	
5.1136e+06	5.0158e+06	5.1122e+06	5.1196e+06	5.0682e+06	
5.1742e+06	5.097e+06	4.9912e+06	5.1202e+06	5.0608e+06	
5.1328e+06	5.0482e+06	5.096e+06	5.088e+06	5.0774e+06	
5.102e+06	5.1026e+06	5.1576e+06	5.1504e+06	5.2416e+06	
5.15e+06	5.1418e+06	5.1218e+06	5.099e+06	5.1182e+06	
5.1418e+06	5.1504e+06	5.043e+06	5.1428e+06	5.091e+06	
5.0702e+06	5.1302e+06	4.9694e+06	5.1156e+06	5.1162e+06	
5.0496e+06	5.0436e+06	5.024e+06	4.9956e+06	5.046e+06	
5.0128e+06	5.0446e+06	4.979e+06	5.0622e+06	4.9922e+06	
4.9816e+06	4.9756e+06	4.9926e+06	4.984e+06	5.0168e+06	
4.8716e+06	4.8646e+06	4.8958e+06	4.8924e+06	4.9094e+06	
4.7664e+06	4.799e+06	4.718e+06	4.8344e+06	4.8404e+06	
4.6348e+06	4.6126e+06	4.607e+06	4.6554e+06	4.6382e+06	
4.4522e+06	4.4518e+06	4.4634e+06	4.4236e+06	4.4678e+06	
4.3742e+06	4.4094e+06	4.42e+06	4.3902e+06	4.3978e+06	
4.4462e+06	4.4548e+06	4.431e+06	4.416e+06	4.4204e+06	
4.5616e+06	4.537e+06	4.5314e+06	4.5122e+06	4.5456e+06	
4.5888e+06	4.5848e+06	4.5606e+06	4.5192e+06	4.5682e+06	
4.6528e+06	4.6896e+06	4.6504e+06	4.7058e+06	4.6584e+06	
4.7568e+06	4.7482e+06	4.7406e+06	4.795e+06	4.7698e+06	
4.8072e+06	4.794e+06	4.6816e+06	4.7748e+06	4.8102e+06	
4.8364e+06	4.783e+06	4.7708e+06	4.7622e+06	4.8042e+06	
4.8046e+06	4.8178e+06	4.7492e+06	4.8294e+06	4.8338e+06	
4.846e+06	4.842e+06	4.7286e+06	4.8702e+06	4.912e+06	
4.8818e+06	4.84e+06	4.8504e+06	4.92e+06	4.842e+06	
4.8566e+06	4.8772e+06	4.856e+06	4.8606e+06	4.9054e+06	
4.8914e+06	4.8938e+06	4.8868e+06	4.9166e+06	4.9326e+06	
4.9388e+06	4.8758e+06	4.8828e+06	4.8878e+06	4.8858e+06	
4.8596e+06	4.9504e+06	4.8586e+06	4.8928e+06	4.8716e+06	
4.8626e+06	4.8686e+06	4.854e+06	4.8888e+06	4.8798e+06	
4.8994e+06	4.9146e+06	4.8706e+06	4.9156e+06	4.8894e+06	
4.9034e+06	4.924e+06	4.9126e+06	4.916e+06	4.919e+06	
4.903e+06	4.8414e+06	4.8904e+06	4.8454e+06	4.8526e+06	
4.8758e+06	4.8516e+06	4.8238e+06	4.7844e+06	4.8868e+06	
4.8672e+06	4.7906e+06	4.8072e+06	4.8126e+06	4.8566e+06	
4.8086e+06	4.8264e+06	4.8158e+06	4.8158e+06	4.8368e+06	
4.7432e+06	4.7668e+06	4.7506e+06	4.8414e+06	4.8278e+06	
4.7412e+06	4.8152e+06	4.79e+06	4.8032e+06	4.7864e+06	
4.7718e+06	4.7486e+06	4.791e+06	4.7986e+06	4.85e+06	
4.7996e+06	4.8046e+06	4.8616e+06	4.7502e+06	4.8682e+06	
4.7936e+06	4.8016e+06	4.7688e+06	4.8152e+06	4.7864e+06	
4.788e+06	4.8798e+06	4.7558e+06	4.781e+06	4.793e+06	
4.8052e+06	4.794e+06	4.7684e+06	4.782e+06	4.7864e+06	
4.7562e+06	4.7306e+06	4.7254e+06	4.7542e+06	4.8232e+06	
4.7728e+06	4.731e+06	4.7738e+06	4.8126e+06	4.781e+06	
4.7516e+06	4.7446e+06	4.7104e+06	4.7154e+06	4.8096e+06	
4.733e+06	4.7638e+06	4.7854e+06	4.7124e+06	4.7688e+06	
4.7094e+06	4.6948e+06	4.7542e+06	4.731e+06	4.7492e+06	
4.7068e+06	4.7012e+06	4.6706e+06	4.7098e+06	4.7538e+06	
4.7134e+06	4.7476e+06	4.7118e+06	4.6896e+06	4.7234e+06	
4.6726e+06	4.7002e+06	4.666e+06	4.72e+06	4.7084e+06	
4.6932e+06	4.717e+06	4.7446e+06	4.7286e+06	4.7336e+06	
4.733e+06	4.6308e+06	4.7038e+06	4.7064e+06	4.7306e+06	
4.6338e+06	4.7058e+06	4.662e+06	4.6746e+06	4.719e+06	
4.6978e+06	4.6846e+06	4.6594e+06	4.6322e+06	4.717e+06	
4.678e+06	4.6206e+06	4.6338e+06	4.6756e+06	4.665e+06	
4.6372e+06	4.6256e+06	4.6408e+06	4.6378e+06	4.6896e+06	
4.6368e+06	4.5758e+06	4.5748e+06	4.6408e+06	4.659e+06	
4.6004e+06	4.5546e+06	4.6206e+06	4.6338e+06	4.6096e+06	
4.5556e+06	4.6014e+06	4.5152e+06	4.6296e+06	4.655e+06	
4.55e+06	4.5738e+06	4.5802e+06	4.6e+06	4.5818e+06	
4.5828e+06	4.5612e+06	4.5506e+06	4.547e+06	4.597e+06	
4.5788e+06	4.552e+06	4.5012e+06	4.5626e+06	4.597e+06	
4.5122e+06	4.613e+06	4.5354e+06	4.6176e+06	4.5964e+06	
4.5742e+06	4.5762e+06	4.543e+06	4.5056e+06	4.594e+06	
4.6e+06	4.6246e+06	4.5576e+06	4.6438e+06	4.5692e+06	
4.5476e+06	4.5178e+06	4.5042e+06	4.5268e+06	4.5526e+06	
4.5778e+06	4.5456e+06	4.5228e+06	4.5666e+06	4.5374e+06	
4.5294e+06	4.4628e+06	4.4724e+06	4.4764e+06	4.4356e+06	
4.5456e+06	4.5566e+06	4.5098e+06	4.5274e+06	4.534e+06	
4.5046e+06	4.4668e+06	4.5056e+06	4.4492e+06	4.4824e+06	
4.4866e+06	4.494e+06	4.5112e+06	4.5168e+06	4.481e+06	
4.537e+06	4.4532e+06	4.5108e+06	4.5192e+06	4.4916e+06	
4.4684e+06	4.414e+06	4.4956e+06	4.5248e+06	4.5264e+06	
4.43e+06	4.478e+06	4.4538e+06	4.5208e+06	4.4426e+06	
4.4634e+06	4.4422e+06	4.4236e+06	4.4628e+06	4.4634e+06	
4.4836e+06	4.4538e+06	4.4744e+06	4.4634e+06	4.4582e+06	
4.3806e+06	4.4296e+06	4.432e+06	4.4018e+06	4.4588e+06	
4.4966e+06	4.3978e+06	4.4548e+06	4.4594e+06	4.493e+06	
4.3888e+06	4.4376e+06	4.3932e+06	4.4382e+06	4.43e+06	
4.3942e+06	4.3868e+06	4.4528e+06	4.428e+06	4.4588e+06	
4.4326e+06	4.4054e+06	4.4018e+06	4.4014e+06	4.427e+06	
4.4316e+06	4.361e+06	4.3928e+06	4.4058e+06	4.426e+06	
4.3706e+06	4.3898e+06	4.3604e+06	4.369e+06	4.3918e+06	
4.3762e+06	4.3842e+06	4.367e+06	4.3998e+06	4.3666e+06	
4.433e+06	4.3984e+06	4.3292e+06	4.3646e+06	4.3716e+06	
4.3242e+06	4.3258e+06	4.2728e+06	4.2672e+06	4.3096e+06	
4.3762e+06	4.3732e+06	4.3248e+06	4.3494e+06	4.4078e+06	
4.2874e+06	4.3182e+06	4.362e+06	4.355e+06	4.3766e+06	
4.291e+06	4.3394e+06	4.3428e+06	4.3666e+06	4.3226e+06	
4.2864e+06	4.305e+06	4.3162e+06	4.3268e+06	4.3292e+06	
4.2722e+06	4.2638e+06	4.3444e+06	4.302e+06	4.31e+06	
4.3142e+06	4.2238e+06	4.2006e+06	4.2818e+06	4.2374e+06	
4.304e+06	4.2934e+06	4.2638e+06	4.232e+06	4.2532e+06	
4.2476e+06	4.2396e+06	4.2028e+06	4.23e+06	4.2038e+06	
4.1754e+06	4.2678e+06	4.2118e+06	4.1926e+06	4.2264e+06	
4.2078e+06	4.1694e+06	4.241e+06	4.2058e+06	4.1472e+06	
4.1482e+06	4.1522e+06	4.17e+06	4.127e+06	4.1916e+06	
4.1282e+06	4.1014e+06	4.126e+06	4.1282e+06	4.2184e+06	
4.1806e+06	4.1876e+06	4.1114e+06	4.1352e+06	4.1332e+06	
4.0878e+06	4.0948e+06	4.0616e+06	4.1154e+06	4.1418e+06	
4.0828e+06	4.119e+06	4.0792e+06	4.0978e+06	4.113e+06	
3.9724e+06	3.9452e+06	3.9168e+06	3.9658e+06	3.9376e+06	
3.82e+06	3.7646e+06	3.7536e+06	3.7798e+06	3.821e+06	
3.5276e+06	3.5584e+06	3.5116e+06	3.5424e+06	3.5908e+06	
3.3976e+06	3.3942e+06	3.3936e+06	3.3512e+06	3.4188e+06	
3.3306e+06	3.2712e+06	3.319e+06	3.2786e+06	3.2984e+06	
3.3744e+06	3.372e+06	3.3174e+06	3.3518e+06	3.3668e+06	
3.383e+06	3.4006e+06	3.386e+06	3.3962e+06	3.3906e+06	
3.3628e+06	3.4082e+06	3.3608e+06	3.3608e+06	3.374e+06	
3.3794e+06	3.3774e+06	3.3826e+06	3.3866e+06	3.3678e+06	
3.3558e+06	3.3966e+06	3.3754e+06	3.3794e+06	3.382e+06	
3.3416e+06	3.3876e+06	3.3644e+06	3.3816e+06	3.3528e+06	
3.4102e+06	3.3932e+06	3.454e+06	3.4006e+06	3.4516e+06	
3.4204e+06	3.4742e+06	3.4364e+06	3.4294e+06	3.445e+06	
3.4248e+06	3.4208e+06	3.4496e+06	3.4112e+06	3.4854e+06	
3.4732e+06	3.4858e+06	3.5226e+06	3.4208e+06	3.439e+06	
3.5498e+06	3.4934e+06	3.511e+06	3.5852e+06	3.4808e+06	
3.5216e+06	3.5372e+06	3.5046e+06	3.5524e+06	3.513e+06	
3.5992e+06	3.5246e+06	3.5398e+06	3.5624e+06	3.5846e+06	
3.5716e+06	3.5554e+06	3.5172e+06	3.5544e+06	3.5846e+06	
3.5474e+06	3.5666e+06	3.5398e+06	3.5866e+06	3.6048e+06	
3.5544e+06	3.5514e+06	3.5116e+06	3.5226e+06	3.559e+06	
3.4848e+06	3.5448e+06	3.5298e+06	3.492e+06	3.5226e+06	
3.4954e+06	3.5216e+06	3.507e+06	3.508e+06	3.4698e+06	
3.4582e+06	3.4864e+06	3.444e+06	3.4688e+06	3.4032e+06	
3.445e+06	3.4476e+06	3.386e+06	3.4426e+06	3.494e+06	
3.4294e+06	3.4762e+06	3.4122e+06	3.4662e+06	3.4228e+06	
3.3986e+06	3.445e+06	3.4426e+06	3.4486e+06	3.4762e+06	
3.4596e+06	3.4344e+06	3.4702e+06	3.4668e+06	3.5202e+06	
3.448e+06	3.4258e+06	3.4248e+06	3.443e+06	3.4092e+06	
3.4596e+06	3.4394e+06	3.4642e+06	3.4278e+06	3.4828e+06	
3.4708e+06	3.445e+06	3.4218e+06	3.45e+06	3.4546e+06	
3.509e+06	3.5222e+06	3.4874e+06	3.4794e+06	3.4864e+06	
3.5192e+06	3.5014e+06	3.5498e+06	3.5004e+06	3.5232e+06	
3.4894e+06	3.4722e+06	3.4668e+06	3.5262e+06	3.4888e+06	
3.5362e+06	3.511e+06	3.5216e+06	3.5146e+06	3.454e+06	
3.4964e+06	3.4868e+06	3.4712e+06	3.454e+06	3.5096e+06	
3.45e+06	3.4596e+06	3.496e+06	3.4596e+06	3.4814e+06	
3.4178e+06	3.4204e+06	3.4132e+06	3.3654e+06	3.454e+06	
3.3952e+06	3.3754e+06	3.4118e+06	3.3972e+06	3.4198e+06	
3.3396e+06	3.3352e+06	3.3478e+06	3.318e+06	3.3604e+06	
3.317e+06	3.3976e+06	3.3326e+06	3.319e+06	3.3376e+06	
3.2968e+06	3.3316e+06	3.3276e+06	3.3266e+06	3.376e+06	
3.2706e+06	3.328e+06	3.2762e+06	3.2826e+06	3.3492e+06	
3.26e+06	3.3362e+06	3.3008e+06	3.2882e+06	3.2404e+06	
3.2524e+06	3.2172e+06	3.2182e+06	3.254e+06	3.268e+06	
3.2544e+06	3.2354e+06	3.2186e+06	3.2172e+06	3.2302e+06	
3.2424e+06	3.2222e+06	3.2182e+06	3.263e+06	3.2262e+06	
3.2192e+06	3.2046e+06	3.1572e+06	3.2484e+06	3.199e+06	
3.1702e+06	3.2086e+06	3.1668e+06	3.2298e+06	3.2182e+06	
3.1648e+06	3.1904e+06	3.1204e+06	3.2076e+06	3.2096e+06	
3.1476e+06	3.2136e+06	3.194e+06	3.1582e+06	3.1788e+06	
3.185e+06	3.2232e+06	3.2132e+06	3.201e+06	3.2958e+06	
3.1744e+06	3.204e+06	3.1228e+06	3.205e+06	3.255e+06	
3.201e+06	3.2302e+06	3.2036e+06	3.2238e+06	3.206e+06	
3.1642e+06	3.1708e+06	3.2248e+06	3.2318e+06	3.2016e+06	
3.1798e+06	3.1642e+06	3.2172e+06	3.2344e+06	3.2036e+06	
3.2328e+06	3.2046e+06	3.1954e+06	3.2248e+06	3.1874e+06	
3.2132e+06	3.1718e+06	3.1734e+06	3.2016e+06	3.194e+06	
3.2428e+06	3.1416e+06	3.1622e+06	3.2458e+06	3.186e+06	
3.1496e+06	3.1814e+06	3.1728e+06	3.1672e+06	3.1976e+06	
3.1396e+06	3.1406e+06	3.142e+06	3.1254e+06	3.1178e+06	
3.1386e+06	3.1234e+06	3.1522e+06	3.1808e+06	3.1512e+06	
3.1632e+06	3.1344e+06	3.1168e+06	3.1128e+06	3.1264e+06	
3.2e+06	3.1546e+06	3.0922e+06	3.125e+06	3.1586e+06	
3.1224e+06	3.126e+06	3.0916e+06	3.136e+06	3.1178e+06	
3.1032e+06	3.1158e+06	3.1274e+06	3.0932e+06	3.1486e+06	
3.1228e+06	3.0952e+06	3.0558e+06	3.0966e+06	3.136e+06	
3.0926e+06	3.0966e+06	3.0876e+06	3.0896e+06	3.1148e+06	
3.0568e+06	3.0492e+06	3.0544e+06	3.0674e+06	3.004e+06	
3.0714e+06	3.0528e+06	3.083e+06	3.1154e+06	3.0458e+06	
3.0356e+06	3.075e+06	3.0448e+06	3.064e+06	3.0482e+06	
3.0594e+06	3.0136e+06	3.0514e+06	3.0472e+06	3.0346e+06	
3.0776e+06	3.0392e+06	3.085e+06	3.072e+06	3.0846e+06	
3.0044e+06	3.0388e+06	3.024e+06	2.9692e+06	3.025e+06	
3.0024e+06	3.066e+06	3.064e+06	3.0276e+06	3.0714e+06	
3.021e+06	3.0488e+06	3.0326e+06	3.0312e+06	3.005e+06	
3.0064e+06	3.0482e+06	3.0206e+06	3.0054e+06	3.0316e+06	
2.9752e+06	3.0276e+06	3.0276e+06	2.9666e+06	3.019e+06	
2.9964e+06	3.0196e+06	2.9494e+06	2.9928e+06	2.9722e+06	
3.0246e+06	3.0614e+06	2.9868e+06	2.9938e+06	2.9984e+06	
2.9248e+06	2.949e+06	2.9702e+06	2.942e+06	2.956e+06	
2.961e+06	2.9606e+06	2.9852e+06	2.9686e+06	2.9474e+06	
2.9102e+06	2.9284e+06	2.9242e+06	2.9358e+06	2.9248e+06	
2.9218e+06	2.9334e+06	2.9314e+06	2.9288e+06	2.952e+06	
2.9116e+06	2.9066e+06	2.8684e+06	2.9152e+06	2.9288e+06	
2.9494e+06	2.891e+06	2.9136e+06	2.9016e+06	2.8834e+06	
2.8064e+06	2.8502e+06	2.9032e+06	2.8956e+06	2.886e+06	
2.8754e+06	2.9056e+06	2.8854e+06	2.8854e+06	2.881e+06	
2.8168e+06	2.8638e+06	2.8144e+06	2.8608e+06	2.841e+06	
2.7978e+06	2.7892e+06	2.7498e+06	2.7822e+06	2.8294e+06	
2.7418e+06	2.7538e+06	2.7282e+06	2.7574e+06	2.7614e+06	
2.6944e+06	2.6592e+06	2.6662e+06	2.6858e+06	2.6898e+06	
2.6002e+06	2.5688e+06	2.5982e+06	2.6152e+06	2.5844e+06	
2.4792e+06	2.464e+06	2.4948e+06	2.4776e+06	2.4882e+06	
2.4312e+06	2.3924e+06	2.4192e+06	2.4524e+06	2.4026e+06	
2.3798e+06	2.3748e+06	2.2966e+06	2.3446e+06	2.3636e+06	
2.328e+06	2.3244e+06	2.2644e+06	2.3208e+06	2.3058e+06	
2.2618e+06	2.2372e+06	2.2518e+06	2.2342e+06	2.2548e+06	
2.1832e+06	2.1716e+06	2.2342e+06	2.1852e+06	2.1656e+06	
2.16e+06	2.163e+06	2.1872e+06	2.214e+06	2.1772e+06	
2.1746e+06	2.1802e+06	2.1474e+06	2.157e+06	2.1626e+06	
2.0682e+06	2.0894e+06	2.1464e+06	2.1404e+06	2.162e+06	
2.1228e+06	2.1308e+06	2.152e+06	2.1384e+06	2.1484e+06	
2.148e+06	2.1796e+06	2.1686e+06	2.165e+06	2.1354e+06	
2.229e+06	2.1852e+06	2.2034e+06	2.1796e+06	2.1882e+06	
2.2952e+06	2.3218e+06	2.2926e+06	2.2468e+06	2.3142e+06	
2.41e+06	2.345e+06	2.3828e+06	2.3678e+06	2.348e+06	
2.404e+06	2.4142e+06	2.4026e+06	2.399e+06	2.4e+06	
2.4478e+06	2.4166e+06	2.4594e+06	2.4464e+06	2.453e+06	
2.4372e+06	2.4524e+06	2.4666e+06	2.4922e+06	2.461e+06	
2.4478e+06	2.4424e+06	2.4478e+06	2.3974e+06	2.4352e+06	
2.3984e+06	2.4096e+06	2.3708e+06	2.3894e+06	2.4414e+06	
2.339e+06	2.3592e+06	2.3324e+06	2.3536e+06	2.34e+06	
2.2594e+06	2.2588e+06	2.2932e+06	2.2522e+06	2.3022e+06	
2.29e+06	2.2594e+06	2.2472e+06	2.2664e+06	2.269e+06	
2.2028e+06	2.2482e+06	2.2492e+06	2.229e+06	2.2648e+06	
2.2164e+06	2.2412e+06	2.2366e+06	2.2412e+06	2.2044e+06	
2.2462e+06	2.2362e+06	2.2044e+06	2.212e+06	2.2144e+06	
2.2316e+06	2.1938e+06	2.1888e+06	2.1938e+06	2.2064e+06	
2.2578e+06	2.2296e+06	2.1752e+06	2.1726e+06	2.218e+06	
2.2346e+06	2.206e+06	2.2094e+06	2.2256e+06	2.2312e+06	
2.2362e+06	2.1994e+06	2.224e+06	2.2074e+06	2.225e+06	
2.211e+06	2.228e+06	2.2644e+06	2.2362e+06	2.228e+06	
2.2114e+06	2.219e+06	2.2306e+06	2.209e+06	2.2412e+06	
2.2246e+06	2.2216e+06	2.2124e+06	2.2246e+06	2.2008e+06	
2.1838e+06	2.207e+06	2.1964e+06	2.1712e+06	2.1842e+06	
2.1726e+06	2.2286e+06	2.1848e+06	2.1902e+06	2.2074e+06	
2.2206e+06	2.2392e+06	2.205e+06	2.1858e+06	2.1868e+06	
2.163e+06	2.1872e+06	2.1444e+06	2.1782e+06	2.1944e+06	
2.1818e+06	2.156e+06	2.1828e+06	2.1776e+06	2.1732e+06	
2.1686e+06	2.1812e+06	2.1576e+06	2.2316e+06	2.1948e+06	
2.1862e+06	2.1484e+06	2.1842e+06	2.1928e+06	2.2216e+06	
2.217e+06	2.2256e+06	2.2044e+06	2.21e+06	2.1802e+06	
2.1984e+06	2.1902e+06	2.1912e+06	2.1626e+06	2.1726e+06	
2.1938e+06	2.2008e+06	2.1722e+06	2.223e+06	2.1792e+06	
2.2266e+06	2.2034e+06	2.2008e+06	2.1832e+06	2.2074e+06	
2.2432e+06	2.1762e+06	2.1646e+06	2.2154e+06	2.1822e+06	
2.2386e+06	2.2316e+06	2.223e+06	2.224e+06	2.206e+06	
2.2482e+06	2.2644e+06	2.2418e+06	2.2528e+06	2.2286e+06	
2.2806e+06	2.3194e+06	2.2704e+06	2.2638e+06	2.268e+06	
2.2674e+06	2.3042e+06	2.3304e+06	2.3214e+06	2.3264e+06	
2.3174e+06	2.3138e+06	2.3012e+06	2.3406e+06	2.33e+06	
2.3098e+06	2.3526e+06	2.3254e+06	2.339e+06	2.343e+06	
2.3712e+06	2.3712e+06	2.39e+06	2.337e+06	2.3994e+06	
2.3542e+06	2.3854e+06	2.3692e+06	2.3658e+06	2.399e+06	
2.3798e+06	2.3878e+06	2.3536e+06	2.3924e+06	2.403e+06	
2.3824e+06	2.3768e+06	2.4348e+06	2.402e+06	2.397e+06	
2.402e+06	2.3858e+06	2.3984e+06	2.4056e+06	2.3824e+06	
2.3864e+06	2.3894e+06	2.3692e+06	2.4116e+06	2.3662e+06	
2.391e+06	2.3662e+06	2.3592e+06	2.3722e+06	2.395e+06	
2.3752e+06	2.3742e+06	2.351e+06	2.3698e+06	2.3728e+06	
2.3052e+06	2.395e+06	2.3082e+06	2.3642e+06	2.3304e+06	
2.3572e+06	2.348e+06	2.3214e+06	2.3228e+06	2.3384e+06	
2.3738e+06	2.334e+06	2.3208e+06	2.3732e+06	2.3516e+06	
2.3254e+06	2.392e+06	2.341e+06	2.3708e+06	2.3536e+06	
2.3632e+06	2.3616e+06	2.3672e+06	2.3622e+06	2.3486e+06	
2.4086e+06	2.3808e+06	2.3466e+06	2.3748e+06	2.3688e+06	
2.3692e+06	2.407e+06	2.343e+06	2.3894e+06	2.3698e+06	
2.3026e+06	2.3002e+06	2.3038e+06	2.3218e+06	2.337e+06	
2.3138e+06	2.3258e+06	2.331e+06	2.3678e+06	2.339e+06	
2.332e+06	2.349e+06	2.3098e+06	2.3112e+06	2.3596e+06	
2.3596e+06	2.3264e+06	2.3536e+06	2.3506e+06	2.3596e+06	
2.3592e+06	2.3648e+06	2.3844e+06	2.3642e+06	2.3854e+06	
2.3582e+06	2.3214e+06	2.3254e+06	2.3738e+06	2.3572e+06	
2.3314e+06	2.3658e+06	2.3158e+06	2.339e+06	2.331e+06	
2.3214e+06	2.3248e+06	2.3416e+06	2.3542e+06	2.3552e+06	
2.349e+06	2.3214e+06	2.3238e+06	2.3576e+06	2.35e+06	
2.3088e+06	2.3576e+06	2.391e+06	2.3678e+06	2.2846e+06	
2.3354e+06	2.3268e+06	2.3572e+06	2.2734e+06	2.329e+06	
2.339e+06	2.342e+06	2.3072e+06	2.3078e+06	2.3138e+06	
2.349e+06	2.3238e+06	2.3098e+06	2.3416e+06	2.334e+06	
2.33e+06	2.334e+06	2.3032e+06	2.345e+06	2.3344e+06	
2.338e+06	2.351e+06	2.3194e+06	2.3904e+06	2.3762e+06	
2.331e+06	2.3168e+06	2.3268e+06	2.3658e+06	2.3824e+06	
2.3128e+06	2.3204e+06	2.3098e+06	2.3496e+06	2.399e+06	
2.34e+06	2.3324e+06	2.3406e+06	2.3562e+06	2.3576e+06	
2.3284e+06	2.3718e+06	2.3268e+06	2.3964e+06	2.3294e+06	
2.3122e+06	2.3068e+06	2.334e+06	2.3334e+06	2.3526e+06	
2.3088e+06	2.33e+06	2.3834e+06	2.2926e+06	2.3032e+06	
2.338e+06	2.3394e+06	2.3082e+06	2.333e+06	2.3284e+06	
2.3466e+06	2.3194e+06	2.3032e+06	2.3204e+06	2.347e+06	
2.3082e+06	2.3702e+06	2.3188e+06	2.3334e+06	2.347e+06	
2.3052e+06	2.2764e+06	2.2448e+06	2.342e+06	2.3546e+06	
2.3098e+06	2.3304e+06	2.3068e+06	2.3178e+06	2.3038e+06	
2.3032e+06	2.2996e+06	2.2992e+06	2.2966e+06	2.2982e+06	
2.3364e+06	2.3016e+06	2.331e+06	2.3042e+06	2.33e+06	
2.2942e+06	2.3314e+06	2.3108e+06	2.339e+06	2.3198e+06	
2.3562e+06	2.2806e+06	2.2886e+06	2.3284e+06	2.2982e+06	
2.281e+06	2.2942e+06	2.2866e+06	2.3224e+06	2.285e+06	
2.3016e+06	2.3002e+06	2.3158e+06	2.2896e+06	2.3022e+06	
2.2376e+06	2.3224e+06	2.2816e+06	2.2458e+06	2.276e+06	
2.268e+06	2.2764e+06	2.2764e+06	2.2866e+06	2.2518e+06	
2.2558e+06	2.2926e+06	2.2574e+06	2.28e+06	2.267e+06	
2.2604e+06	2.2588e+06	2.2512e+06	2.2366e+06	2.2302e+06	
2.2448e+06	2.273e+06	2.2336e+06	2.2154e+06	2.2538e+06	
2.2296e+06	2.2004e+06	2.2064e+06	2.2618e+06	2.2418e+06	
2.2366e+06	2.217e+06	2.1958e+06	2.2432e+06	2.2276e+06	
2.2418e+06	2.21e+06	2.2004e+06	2.2618e+06	2.218e+06	
2.218e+06	2.223e+06	2.2276e+06	2.2322e+06	2.2564e+06	
2.2302e+06	2.212e+06	2.2538e+06	2.2296e+06	2.1892e+06	
2.2044e+06	2.2452e+06	2.228e+06	2.2084e+06	2.2196e+06	
2.2372e+06	2.1712e+06	2.206e+06	2.156e+06	2.1984e+06	
2.2276e+06	2.225e+06	2.1998e+06	2.2488e+06	2.1918e+06	
2.1918e+06	2.2256e+06	2.2094e+06	2.219e+06	2.211e+06	
2.1736e+06	2.2332e+06	2.2124e+06	2.1964e+06	2.2276e+06	
2.1566e+06	2.1964e+06	2.1786e+06	2.1666e+06	2.1802e+06	
2.1944e+06	2.2154e+06	2.1302e+06	2.1948e+06	2.2302e+06	
2.1984e+06	2.1882e+06	2.1968e+06	2.1766e+06	2.1766e+06	
2.213e+06	2.1922e+06	2.1912e+06	2.2406e+06	2.1954e+06	
2.2038e+06	2.1902e+06	2.1968e+06	2.1838e+06	2.1792e+06	
2.1722e+06	2.1566e+06	2.1892e+06	2.2114e+06	2.206e+06	
2.1606e+06	2.1922e+06	2.144e+06	2.1782e+06	2.1524e+06	
2.217e+06	2.1898e+06	2.1762e+06	2.147e+06	2.1752e+06	
2.16e+06	2.1576e+06	2.1348e+06	2.1676e+06	2.1298e+06	
2.1082e+06	2.1354e+06	2.161e+06	2.1302e+06	2.166e+06	
2.095e+06	2.1218e+06	2.1348e+06	2.1702e+06	2.1292e+06	
2.164e+06	2.102e+06	2.0708e+06	2.1272e+06	2.149e+06	
2.1268e+06	2.1202e+06	2.1312e+06	2.157e+06	2.1298e+06	
2.1222e+06	2.1616e+06	2.0814e+06	2.095e+06	2.1232e+06	
2.0914e+06	2.0798e+06	2.0754e+06	2.1166e+06	2.1192e+06	
2.0144e+06	2.0446e+06	2.0168e+06	2.0426e+06	2.0588e+06	
1.9186e+06	1.9422e+06	1.8812e+06	1.9226e+06	1.919e+06	
1.7204e+06	1.7366e+06	1.6948e+06	1.7264e+06	1.718e+06	
1.4584e+06	1.4992e+06	1.478e+06	1.4688e+06	1.485e+06	
1.2662e+06	1.2648e+06	1.2542e+06	1.2546e+06	1.2562e+06	
1.11e+06	1.106e+06	1.117e+06	1.113e+06	1.0938e+06	
1.0026e+06	983000	978800	995600	1.0086e+06	
981000	971800	960200	947600	970800	
1.0272e+06	997600	1.0252e+06	1.0036e+06	1.0268e+06	
1.0716e+06	1.0868e+06	1.109e+06	1.107e+06	1.0656e+06	
1.1468e+06	1.1366e+06	1.1362e+06	1.1272e+06	1.168e+06	
1.1564e+06	1.1518e+06	1.1528e+06	1.1418e+06	1.1452e+06	
1.165e+06	1.1432e+06	1.1564e+06	1.1502e+06	1.1458e+06	
1.1306e+06	1.1488e+06	1.1356e+06	1.1386e+06	1.1524e+06	
1.1276e+06	1.1524e+06	1.1512e+06	1.1594e+06	1.1508e+06	
1.1408e+06	1.1458e+06	1.1386e+06	1.1776e+06	1.1584e+06	
1.1568e+06	1.1402e+06	1.164e+06	1.1594e+06	1.1312e+06	
1.2102e+06	1.231e+06	1.2002e+06	1.2164e+06	1.2218e+06	
1.2596e+06	1.2526e+06	1.2622e+06	1.2556e+06	1.2506e+06	
1.3156e+06	1.3232e+06	1.3026e+06	1.3016e+06	1.308e+06	
1.3816e+06	1.3902e+06	1.3514e+06	1.368e+06	1.3766e+06	
1.417e+06	1.4068e+06	1.3962e+06	1.4034e+06	1.4216e+06	
1.4558e+06	1.4362e+06	1.5072e+06	1.4658e+06	1.4588e+06	
1.542e+06	1.5112e+06	1.5112e+06	1.5088e+06	1.5424e+06	
1.5682e+06	1.613e+06	1.5808e+06	1.5854e+06	1.5964e+06	
1.6262e+06	1.676e+06	1.6624e+06	1.6478e+06	1.6498e+06	
1.6922e+06	1.667e+06	1.6832e+06	1.6958e+06	1.6978e+06	
1.72e+06	1.7422e+06	1.7244e+06	1.6766e+06	1.7608e+06	
1.7518e+06	1.782e+06	1.7728e+06	1.7754e+06	1.7804e+06	
1.7748e+06	1.8138e+06	1.7976e+06	1.8218e+06	1.797e+06	
1.8122e+06	1.8238e+06	1.799e+06	1.8106e+06	1.8268e+06	
1.7966e+06	1.8254e+06	1.8314e+06	1.8288e+06	1.8168e+06	
1.7794e+06	1.8268e+06	1.8168e+06	1.8242e+06	1.8248e+06	
1.8748e+06	1.8918e+06	1.8258e+06	1.8716e+06	1.8036e+06	
1.858e+06	1.8242e+06	1.8556e+06	1.8474e+06	1.8632e+06	
1.8424e+06	1.8444e+06	1.8126e+06	1.859e+06	1.857e+06	
1.861e+06	1.9156e+06	1.8812e+06	1.8622e+06	1.8672e+06	
1.8384e+06	1.85e+06	1.858e+06	1.8454e+06	1.8652e+06	
1.8646e+06	1.846e+06	1.8586e+06	1.8228e+06	1.8576e+06	
1.8264e+06	1.8424e+06	1.848e+06	1.86e+06	1.849e+06	
1.8566e+06	1.8646e+06	1.843e+06	1.8168e+06	1.9034e+06	
1.854e+06	1.839e+06	1.8258e+06	1.8616e+06	1.8168e+06	
1.8546e+06	1.8364e+06	1.8202e+06	1.853e+06	1.8308e+06	
1.8202e+06	1.8556e+06	1.8516e+06	1.847e+06	1.8178e+06	
1.8314e+06	1.8284e+06	1.8092e+06	1.8536e+06	1.8116e+06	
1.8152e+06	1.8424e+06	1.851e+06	1.8148e+06	1.845e+06	
1.8404e+06	1.853e+06	1.8172e+06	1.844e+06	1.8228e+06	
1.8232e+06	1.796e+06	1.8364e+06	1.84e+06	1.8026e+06	
1.781e+06	1.8096e+06	1.8096e+06	1.8218e+06	1.8082e+06	
1.7784e+06	1.8102e+06	1.7956e+06	1.7864e+06	1.7708e+06	
1.7572e+06	1.7728e+06	1.7844e+06	1.8208e+06	1.7794e+06	
1.798e+06	1.8178e+06	1.8036e+06	1.783e+06	1.7452e+06	
1.8086e+06	1.797e+06	1.778e+06	1.793e+06	1.8158e+06	
1.8126e+06	1.7588e+06	1.8e+06	1.7688e+06	1.8202e+06	
1.7824e+06	1.793e+06	1.781e+06	1.7996e+06	1.7654e+06	
1.792e+06	1.7602e+06	1.7582e+06	1.8096e+06	1.795e+06	
1.7506e+06	1.7748e+06	1.7598e+06	1.8056e+06	1.8022e+06	
1.739e+06	1.7824e+06	1.7416e+06	1.8086e+06	1.7758e+06	
1.7522e+06	1.7674e+06	1.7426e+06	1.7562e+06	1.7486e+06	
1.7552e+06	1.7472e+06	1.73e+06	1.7638e+06	1.7538e+06	
1.7598e+06	1.7834e+06	1.7402e+06	1.7416e+06	1.729e+06	
1.7764e+06	1.7644e+06	1.7264e+06	1.7496e+06	1.7618e+06	
1.7054e+06	1.7592e+06	1.7306e+06	1.7532e+06	1.7396e+06	
1.723e+06	1.7688e+06	1.729e+06	1.717e+06	1.7452e+06	
1.7496e+06	1.7276e+06	1.721e+06	1.6842e+06	1.7336e+06	
1.7598e+06	1.7286e+06	1.727e+06	1.7436e+06	1.7224e+06	
1.7138e+06	1.7542e+06	1.7098e+06	1.7336e+06	1.7486e+06	
1.7064e+06	1.7578e+06	1.7058e+06	1.7114e+06	1.7134e+06	
1.7234e+06	1.719e+06	1.6932e+06	1.7326e+06	1.7184e+06	
1.7034e+06	1.7254e+06	1.7446e+06	1.7038e+06	1.7144e+06	
1.6952e+06	1.719e+06	1.6902e+06	1.7022e+06	1.718e+06	
1.728e+06	1.718e+06	1.7078e+06	1.7104e+06	1.6968e+06	
1.7422e+06	1.7568e+06	1.6958e+06	1.7124e+06	1.7286e+06	
1.6842e+06	1.7296e+06	1.6972e+06	1.728e+06	1.6968e+06	
1.7034e+06	1.7084e+06	1.725e+06	1.7108e+06	1.734e+06	
1.6842e+06	1.6812e+06	1.6876e+06	1.6886e+06	1.6886e+06	
1.6876e+06	1.6918e+06	1.6696e+06	1.7058e+06	1.6952e+06	
1.6856e+06	1.7068e+06	1.6634e+06	1.6796e+06	1.6634e+06	
1.6866e+06	1.7174e+06	1.6912e+06	1.6918e+06	1.6912e+06	
1.6922e+06	1.6866e+06	1.676e+06	1.674e+06	1.6644e+06	
1.6614e+06	1.6822e+06	1.6726e+06	1.662e+06	1.661e+06	
1.6634e+06	1.6998e+06	1.6938e+06	1.7028e+06	1.6932e+06	
1.6342e+06	1.6498e+06	1.6856e+06	1.7018e+06	1.6948e+06	
1.659e+06	1.6438e+06	1.6832e+06	1.6856e+06	1.6842e+06	
1.6786e+06	1.6488e+06	1.6302e+06	1.6786e+06	1.673e+06	
1.6524e+06	1.6352e+06	1.6358e+06	1.6544e+06	1.675e+06	
1.597e+06	1.6634e+06	1.6654e+06	1.6478e+06	1.669e+06	
1.657e+06	1.6554e+06	1.6212e+06	1.6524e+06	1.6498e+06	
1.6398e+06	1.6504e+06	1.6358e+06	1.6424e+06	1.6696e+06	
1.5954e+06	1.6368e+06	1.6338e+06	1.6298e+06	1.6206e+06	
1.657e+06	1.6312e+06	1.602e+06	1.6236e+06	1.6206e+06	
1.6232e+06	1.605e+06	1.5918e+06	1.605e+06	1.6146e+06	
1.662e+06	1.596e+06	1.5898e+06	1.6014e+06	1.595e+06	
1.5888e+06	1.6096e+06	1.597e+06	1.6086e+06	1.595e+06	
1.597e+06	1.537e+06	1.614e+06	1.612e+06	1.5904e+06	
1.5652e+06	1.5818e+06	1.5712e+06	1.5758e+06	1.5772e+06	
1.5748e+06	1.594e+06	1.5592e+06	1.5808e+06	1.5712e+06	
1.5698e+06	1.5692e+06	1.5662e+06	1.5586e+06	1.5848e+06	
1.5738e+06	1.5506e+06	1.5688e+06	1.5622e+06	1.5838e+06	
1.5708e+06	1.5788e+06	1.535e+06	1.5672e+06	1.5722e+06	
1.5908e+06	1.536e+06	1.5526e+06	1.549e+06	1.5798e+06	
1.5556e+06	1.537e+06	1.5556e+06	1.5616e+06	1.5536e+06	
1.544e+06	1.5586e+06	1.553e+06	1.5294e+06	1.5264e+06	
1.5308e+06	1.5384e+06	1.5424e+06	1.543e+06	1.5218e+06	
1.5182e+06	1.5162e+06	1.5214e+06	1.5314e+06	1.54e+06	
1.5446e+06	1.4976e+06	1.485e+06	1.5032e+06	1.4986e+06	
1.5006e+06	1.5022e+06	1.5248e+06	1.4876e+06	1.5138e+06	
1.532e+06	1.5052e+06	1.5052e+06	1.4966e+06	1.5032e+06	
1.5042e+06	1.5132e+06	1.488e+06	1.473e+06	1.5228e+06	
1.4952e+06	1.5122e+06	1.5088e+06	1.5016e+06	1.5006e+06	
1.488e+06	1.4886e+06	1.532e+06	1.5118e+06	1.48e+06	
1.5092e+06	1.5324e+06	1.479e+06	1.5622e+06	1.5098e+06	
1.5078e+06	1.5036e+06	1.5006e+06	1.5204e+06	1.5208e+06	
1.4992e+06	1.4804e+06	1.5002e+06	1.4986e+06	1.48e+06	
1.4654e+06	1.479e+06	1.4598e+06	1.5238e+06	1.482e+06	
1.482e+06	1.473e+06	1.4562e+06	1.4866e+06	1.4982e+06	
1.4472e+06	1.4406e+06	1.4552e+06	1.4462e+06	1.4734e+06	
1.4532e+06	1.4634e+06	1.4498e+06	1.4174e+06	1.4668e+06	
1.4392e+06	1.4436e+06	1.4386e+06	1.4558e+06	1.4668e+06	
1.4422e+06	1.4472e+06	1.4548e+06	1.4522e+06	1.4578e+06	
1.4458e+06	1.4482e+06	1.4648e+06	1.491e+06	1.4336e+06	
1.4452e+06	1.4724e+06	1.4372e+06	1.4326e+06	1.4644e+06	
1.4684e+06	1.4462e+06	1.4518e+06	1.4972e+06	1.4604e+06	
1.4372e+06	1.475e+06	1.4826e+06	1.4548e+06	1.4472e+06	
1.4538e+06	1.425e+06	1.4332e+06	1.4296e+06	1.4316e+06	
1.4468e+06	1.4194e+06	1.4896e+06	1.4412e+06	1.4306e+06	
1.4362e+06	1.4266e+06	1.423e+06	1.421e+06	1.4366e+06	
1.3932e+06	1.4174e+06	1.3974e+06	1.411e+06	1.4184e+06	
1.3988e+06	1.413e+06	1.4184e+06	1.3898e+06	1.3948e+06	
1.357e+06	1.424e+06	1.3888e+06	1.4154e+06	1.4124e+06	
1.3848e+06	1.3762e+06	1.3938e+06	1.3606e+06	1.419e+06	
1.3974e+06	1.3524e+06	1.3868e+06	1.3988e+06	1.4018e+06	
1.3932e+06	1.4074e+06	1.36e+06	1.4018e+06	1.4038e+06	
1.414e+06	1.3696e+06	1.3656e+06	1.366e+06	1.3494e+06	
1.364e+06	1.3912e+06	1.3806e+06	1.4034e+06	1.3786e+06	
1.3554e+06	1.3626e+06	1.365e+06	1.3494e+06	1.3484e+06	
1.3862e+06	1.3656e+06	1.3172e+06	1.3868e+06	1.3468e+06	
1.355e+06	1.366e+06	1.3686e+06	1.364e+06	1.3742e+06	
1.354e+06	1.3468e+06	1.367e+06	1.3626e+06	1.365e+06	
1.3626e+06	1.3378e+06	1.308e+06	1.3268e+06	1.3374e+06	
1.3388e+06	1.3474e+06	1.3388e+06	1.3298e+06	1.3716e+06	
1.3332e+06	1.3136e+06	1.3096e+06	1.3544e+06	1.3388e+06	
1.3408e+06	1.305e+06	1.3172e+06	1.3212e+06	1.3394e+06	
1.3404e+06	1.3358e+06	1.3278e+06	1.3514e+06	1.3388e+06	
1.306e+06	1.3232e+06	1.3252e+06	1.3166e+06	1.3196e+06	
1.3046e+06	1.3268e+06	1.3226e+06	1.3384e+06	1.3186e+06	
1.3166e+06	1.3292e+06	1.3122e+06	1.3332e+06	1.3318e+06	
1.3248e+06	1.3338e+06	1.3146e+06	1.3116e+06	1.3428e+06	
1.307e+06	1.3222e+06	1.3152e+06	1.3096e+06	1.3378e+06	
1.31e+06	1.2864e+06	1.3186e+06	1.3288e+06	1.287e+06	
1.3176e+06	1.3308e+06	1.2996e+06	1.3212e+06	1.3136e+06	
1.3278e+06	1.3086e+06	1.288e+06	1.3248e+06	1.3e+06	
1.3006e+06	1.2848e+06	1.2874e+06	1.3162e+06	1.3278e+06	
1.3046e+06	1.2838e+06	1.2914e+06	1.289e+06	1.2848e+06	
1.288e+06	1.2954e+06	1.2874e+06	1.2954e+06	1.3066e+06	
1.299e+06	1.2744e+06	1.2778e+06	1.3096e+06	1.3152e+06	
1.2648e+06	1.2662e+06	1.2496e+06	1.248e+06	1.3132e+06	
1.2754e+06	1.2824e+06	1.2808e+06	1.298e+06	1.287e+06	
1.2804e+06	1.2596e+06	1.2536e+06	1.225e+06	1.243e+06	
1.2566e+06	1.2566e+06	1.2436e+06	1.2648e+06	1.235e+06	
1.2662e+06	1.2582e+06	1.2194e+06	1.2668e+06	1.2522e+06	
1.2168e+06	1.242e+06	1.2122e+06	1.2218e+06	1.2208e+06	
1.2556e+06	1.232e+06	1.2502e+06	1.2314e+06	1.2622e+06	
1.2158e+06	1.1962e+06	1.2284e+06	1.2396e+06	1.2354e+06	
1.2158e+06	1.2158e+06	1.2304e+06	1.249e+06	1.2154e+06	
1.2118e+06	1.2098e+06	1.1962e+06	1.2178e+06	1.2088e+06	
1.1922e+06	1.2118e+06	1.1976e+06	1.1836e+06	1.2022e+06	
1.1608e+06	1.1766e+06	1.1826e+06	1.1922e+06	1.1906e+06	
1.1634e+06	1.1734e+06	1.1806e+06	1.1892e+06	1.1618e+06	
1.1574e+06	1.1512e+06	1.1402e+06	1.182e+06	1.1458e+06	
1.1524e+06	1.1412e+06	1.1302e+06	1.1382e+06	1.1498e+06	
1.1312e+06	1.11e+06	1.119e+06	1.108e+06	1.1472e+06	
1.1074e+06	1.1034e+06	1.0954e+06	1.123e+06	1.1034e+06	
1.0968e+06	1.0968e+06	1.0914e+06	1.0954e+06	1.106e+06	
1.111e+06	1.0736e+06	1.0872e+06	1.0808e+06	1.0908e+06	
1.0732e+06	1.0706e+06	1.064e+06	1.0742e+06	1.0686e+06	
1.0656e+06	1.055e+06	1.0656e+06	1.059e+06	1.0606e+06	
1.0576e+06	1.0536e+06	1.0394e+06	1.0272e+06	1.0464e+06	
1.0454e+06	1.0384e+06	1.0514e+06	1.0314e+06	1.05e+06	
1.0414e+06	1.0348e+06	1.0242e+06	1.0212e+06	1.0314e+06	
1.0454e+06	1.0122e+06	989400	1.0238e+06	1.0304e+06	
1.0238e+06	1.0314e+06	1.0036e+06	995000	1.0142e+06	
1.0408e+06	1.0218e+06	1.0288e+06	1.0348e+06	1.0272e+06	
1.0288e+06	1.002e+06	1.0066e+06	1.0188e+06	1.0178e+06	
1.0066e+06	1.003e+06	990000	1.0248e+06	986400	
999600	999000	994600	1.0026e+06	1.002e+06	
1.0006e+06	1.0238e+06	1.0036e+06	996600	1.0072e+06	
1.0062e+06	1.0198e+06	1.0052e+06	994000	1.0268e+06	
1.0252e+06	1.0252e+06	1.0232e+06	1.0202e+06	1.0168e+06	
1.0102e+06	980400	1.0062e+06	1.0262e+06	1.0172e+06	
1.0096e+06	1.0198e+06	992000	1.0122e+06	1.0082e+06	
1.0232e+06	1.0198e+06	1.0146e+06	997000	1.0338e+06	
1.0374e+06	1.0168e+06	1.0358e+06	1.0202e+06	1.0242e+06	
1.062e+06	1.0348e+06	1.0228e+06	1.0314e+06	1.0514e+06	
1.0958e+06	1.0556e+06	1.0766e+06	1.0636e+06	1.0782e+06	
1.063e+06	1.0904e+06	1.0606e+06	1.0726e+06	1.0424e+06	
1.0156e+06	1.05e+06	1.0716e+06	1.045e+06	1.0682e+06	
1.042e+06	1.0656e+06	1.0288e+06	1.0364e+06	1.0374e+06	
1.0146e+06	995000	998000	1.0338e+06	1.0228e+06	
976400	979400	975800	992600	973400	
949600	925000	944600	948600	933600	
923000	937000	958200	921400	944200	
951200	938000	948600	944600	949200	
962800	962200	972800	965200	963800	
996000	978400	1.003e+06	1e+06	985400	
1.0162e+06	1.0036e+06	994600	988400	1.0324e+06	
1.0168e+06	1.0096e+06	1.0122e+06	1.0384e+06	1.0232e+06	
1.0408e+06	1.0354e+06	1.054e+06	1.0178e+06	1.0106e+06	
1.0036e+06	1.0384e+06	996600	1.0378e+06	1.0272e+06	
1.0414e+06	1.0314e+06	1.0188e+06	1.0112e+06	1.0378e+06	
1.0132e+06	1.0318e+06	996000	974800	1.0414e+06	
1.0314e+06	1.0388e+06	1.0404e+06	1.0152e+06	1.0116e+06	
1.0122e+06	1.0318e+06	1.0208e+06	1.0378e+06	1.0354e+06	
1.0178e+06	1.0354e+06	1.0162e+06	1.0712e+06	1.0368e+06	
1.0146e+06	1.0178e+06	994000	1.0298e+06	992600	
989400	996600	964800	992600	998600	
983400	1.0072e+06	999000	983400	983400	
975800	984400	980000	965200	997600	
975400	984400	984000	1e+06	950600	
983000	985400	968800	990400	978800	
981400	974800	967200	984000	991000	
978400	979400	980400	997600	979400	
984000	1.001e+06	990000	988400	972400	
964200	968800	974800	963800	995600	
964200	980400	988400	965800	961200	
972400	986400	973400	989000	1.0016e+06	
990000	986400	965800	969400	968400	
949600	974400	975800	963800	965800	
984000	982400	966200	980000	960200	
958800	973800	974800	951600	972400	
959800	963800	959200	970400	968400	
975800	960800	936600	958200	985000	
963800	968800	955800	1.001e+06	965800	
936600	974800	966800	958800	962800	
970400	962800	963200	938600	960800	
936600	950600	955200	957800	967800	
963800	966200	939000	966800	966200	
986000	968400	949600	968400	988000	
995600	969400	950200	964200	1.0026e+06	
993000	1.0006e+06	971400	969400	978400	
963200	961200	998600	985000	955800	
970800	972800	971400	984400	972800	
971800	975800	980000	961800	983000	
956200	966200	950600	967800	962800	
972400	952600	968400	981400	984000	
990400	979400	956800	973400	976800	
991400	942000	987400	975800	975400	
968800	969800	982000	957800	970400	
985000	971800	970400	986000	972400	
987000	971400	972800	983400	1e+06	
974800	979400	962200	974400	972400	
976400	976800	952200	957800	933000	
963200	958800	977800	997000	962800	
973400	967800	973800	983000	955800	
988400	964200	984400	976400	966800	
962200	966200	978800	984000	959800	
960800	983400	964800	984000	969400	
966200	935000	971800	960200	969400	
968400	951600	944600	965200	939600	
993000	933600	957800	971800	948200	
946600	952600	940000	942600	958800	
966200	949200	949200	954600	953200	
965800	964200	952600	953600	945200	
952600	997000	950200	983400	961800	
966200	952600	947600	967800	959800	
944200	944200	945600	964200	966200	
933600	953200	942000	954200	940000	
952600	937600	946200	935600	951200	
958200	937000	946600	941000	962800	
941600	966200	966800	963800	926400	
929400	937600	921400	937600	949600	
926400	948200	936600	931600	937600	
943000	929400	954600	934600	929000	
949600	968400	945200	935000	928000	
934600	952600	940000	968800	946200	
946600	935600	934600	945600	924400	
957200	927400	941000	936600	934600	
954200	933600	907800	928000	928000	
936600	963800	928000	946200	929400	
931000	928000	928400	914800	906200	
937000	930400	931000	923400	912800	
908800	913400	944200	941000	920000	
901200	912400	940600	907400	922400	
927000	905200	912400	926400	925400	
915800	914400	897800	908800	907800	
894800	904800	904800	880000	897800	
886600	898200	913400	905800	907400	
892200	880600	899800	870000	885600	
889600	884200	884600	897800	892200	
889200	899800	880000	880600	897200	
884600	899800	899800	895800	897200	
888600	889600	889200	882200	897200	
903800	886600	904200	894800	903200	
891200	879600	919000	883200	899800	
889200	904200	888600	883600	906200	
902800	910400	897200	901200	906200	
886600	887200	891200	887600	874000	
898200	880600	862400	873600	868000	
883200	878000	876600	894200	863000	
838800	845400	860400	865000	864400	
846400	842200	840800	817600	831200	
818000	831600	835800	825600	832200	
851400	833200	831200	831600	839200	
849800	836200	828200	859400	825600	
842800	873000	856400	859000	838200	
854400	857400	855800	863400	863000	
865400	859400	868400	858400	866400	
875000	864000	880000	887600	859000	
884600	879600	885600	865000	880600	
869000	858000	866400	864000	872600	
883600	872000	852400	871000	859000	
881000	875000	865400	871600	870600	
880000	869400	880600	897200	872000	
869400	846800	852800	852800	885600	
884200	873600	880600	858400	848400	
869000	870600	881600	872000	862000	
865000	883200	856800	861000	861400	
861400	860000	863400	879000	855400	
846800	855800	850800	843800	844800	
859400	855800	856400	852400	840200	
861000	838200	856800	859400	853400	
856800	823600	828600	841800	833800	
872000	876600	844800	852800	856800	
836800	846400	839800	852400	848800	
837800	848400	829200	853400	857400	
851800	844200	850800	844800	838800	
846800	835200	847800	851400	842200	
835200	836200	840800	848800	845800	
856800	843200	840200	827200	839800	
850400	843200	855800	851800	844800	
838200	834200	832600	833800	836800	
841800	840800	848400	821600	846400	
843800	846400	849800	843800	834200	
842800	833800	856400	841800	842200	
839200	834800	820000	827200	817600	
812000	829200	838800	812000	829600	
821200	815600	837200	823200	822200	
801000	805000	825200	825200	822200	
807400	800000	800000	810000	800000	
792400	780200	782800	794400	788800	
777800	783200	775200	775800	803000	
795400	784800	806400	784400	811000	
799400	799400	811600	799400	795800	
814000	824200	814000	789800	790800	
808600	797400	816600	810600	806400	
812000	806000	803000	803000	809600	
799000	803400	817600	816600	814600	
793800	800000	808000	810000	828200	
793800	799000	787800	821200	794400	
792400	798000	789400	803400	812600	
811000	794800	792400	805400	809000	
796400	802000	781800	800400	808600	
799000	806000	791800	805000	784800	
805000	779200	800000	796400	819600	
795400	794800	800000	793800	808600	
798400	805400	780200	791800	798400	
782200	820000	789800	800400	789400	
793400	803000	782800	797400	781200	
797400	777800	788800	806400	798000	
789800	761200	782800	798000	761200	
805400	782800	794400	771800	805400	
793400	780800	783800	785400	764600	
776800	780200	770200	784800	797000	
783800	786800	788400	784400	805000	
774800	797000	778200	778800	790800	
775800	769200	759000	771800	779800	
784800	770200	777800	787800	757000	
801400	779200	770200	784400	773200	
770600	763200	767200	782200	775200	
756000	777200	776200	778200	790400	
767600	768600	764600	771800	768600	
773200	767200	767600	748600	765600	
766600	772800	768200	759000	758600	
772200	780800	763600	761200	765600	
769200	761600	765200	764200	753000	
751600	742000	776200	742400	758000	
758600	764600	773800	746000	755600	
759000	775200	768200	748600	751000	
751000	769200	751600	761600	769600	
755600	761600	748600	751000	766600	
756600	741000	761200	760200	760200	
731800	753000	742400	752000	771800	
755600	763600	763200	739000	737400	
741400	748600	768600	762600	728400	
748600	752600	749000	730400	748000	
745000	765600	735400	746000	723800	
723800	737400	738000	742000	733400	
712200	750600	730400	742400	758600	
726400	741000	733800	729800	746000	
740000	740000	735400	757000	721800	
740400	757600	745400	744000	716800	
739000	740400	738000	721800	726400	
747000	746000	732800	723800	736000	
736000	715200	720800	735000	747000	
732800	715800	727400	742400	747000	
723800	747600	736400	722800	720200	
745400	722800	716800	722800	728800	
718200	714800	733400	717800	732800	
724800	747600	723400	742400	735400	
717200	724800	724400	720800	747600	
722800	730400	727800	724400	733800	
718200	712200	724400	720200	730400	
725800	719200	714200	730800	732400	
728400	717200	716200	711800	713200	
713200	707200	703600	701200	720200	
712200	699600	709600	732800	728800	
718800	703600	699600	714800	713800	
686600	717200	710800	728400	707600	
725800	712200	692600	714800	714200	
723400	703200	701600	697000	708600	
733800	702600	715800	721200	711200	
715200	699600	697600	700200	701600	
721200	716200	718200	720800	713800	
715800	701600	693000	681000	720800	
694000	697000	714800	718200	703200	
696600	705200	698600	692000	697000	
721200	692600	683400	698600	695600	
700200	709600	703600	704200	686600	
697600	712800	685000	703200	693000	
701600	676000	691000	700600	681000	
684000	693000	694000	697600	704200	
709200	691000	673400	693000	682400	
689600	675400	721800	696600	674000	
691600	676000	690000	689000	686000	
689600	676400	685000	679000	692000	
679400	676000	678400	706600	685400	
667800	688000	672400	684000	685000	
674400	683400	686600	697000	649200	
679400	683400	670400	686000	677400	
688600	681000	684000	680000	658200	
668400	666400	676000	658800	679400	
670400	659200	693000	668400	671800	
661800	666400	661800	669800	667400	
657200	668400	667800	661200	658200	
654800	647600	654200	648200	649800	
650800	655800	671400	646600	660200	
651800	653200	655800	654800	657200	
642200	655800	643200	663400	639200	
653200	635600	641200	668400	635600	
634600	641200	651800	640600	652200	
643600	638200	640200	641600	646600	
631000	621000	633000	642600	639200	
626600	643200	652200	620000	629000	
645200	638200	637200	638600	626000	
632600	634000	623000	624400	645600	
636000	623400	632600	631000	628600	
637200	614000	613000	620400	619000	
638600	640200	609400	618400	614000	
642200	610400	625000	619400	611400	
637600	629600	622000	626600	628000	
622400	616000	616400	627000	630600	
613000	613400	621000	620400	620000	
618400	593200	617000	616400	630600	
625600	612400	611800	619000	634000	
619000	632000	620400	596200	633600	
605400	612400	610400	610800	637600	
630000	607800	622000	616400	602400	
619400	610800	609800	627600	609400	
587600	613400	618400	625000	611400	
616000	614400	609400	629600	605800	
617000	618400	624400	624000	623000	
631600	620400	638600	624400	625600	
621000	647200	629600	628000	635000	
632600	632000	630600	654200	624000	
654800	632600	643200	650200	631600	
636000	644600	629600	615400	650200	
629000	629600	638600	640600	626000	
638200	630000	626000	663800	633000	
638600	624400	624400	642600	641600	
642600	628600	626000	642600	631000	
638600	633600	631000	632000	637600	
626000	627000	627600	630600	633600	
622400	634600	621400	631000	640200	
621400	627600	636600	613400	621000	
609400	626600	629600	618400	624000	
613400	624000	624000	612400	624000	
602400	610800	600800	604400	629000	
615400	613400	623000	600800	621400	
604800	614000	618400	619000	628000	
609800	609400	609800	617400	632600	
621000	617400	618400	614400	622400	
594200	601800	590800	597200	607800	
614000	619000	614000	598800	601800	
606800	591200	614400	613000	610400	
601400	604800	610400	604800	599200	
598800	593800	606400	606400	603400	
591200	620400	610800	603800	604400	
605400	590800	604400	608800	617400	
604800	598800	612400	605800	604400	
611800	609800	613400	600800	611800	
634000	618400	599200	621400	619000	
602800	615400	620000	612400	605400	
609800	600800	609400	623000	616000	
603800	584600	623400	604400	598200	
606400	612400	621000	588800	591200	
597200	594200	600800	588800	599800	
602800	578600	596200	612400	582600	
603400	599800	580600	606800	596200	
607400	603800	586600	607400	590200	
602400	591200	603800	613000	596800	
579600	598200	595800	604800	596200	
601800	585600	591200	597200	602800	
605800	596200	590800	592800	589200	
598800	588200	582600	593800	594200	
602400	601800	596200	585600	579600	
596200	600400	586200	588800	604400	
613400	589200	588800	611800	582600	
575000	585200	601800	574600	588800	
599800	591200	590800	583200	592200	
578200	596200	598200	580200	576200	
592200	581200	572000	601800	585200	
594800	599800	609800	585200	581600	
576600	596800	587200	589800	585600	
594200	585600	595800	585600	585200	
580200	593200	594200	610400	586200	
600400	590800	602400	607400	598800	
596800	591200	601400	592800	604400	
580600	604800	616000	594200	620400	
611400	590200	597200	612400	600800	
603400	589800	600400	600400	613400	
606400	605800	602400	593800	603800	
610800	591800	591800	590800	608400	
602800	591800	589200	618400	600400	
588800	596200	597800	596200	584600	
595800	605400	607400	604400	605800	
599200	600400	597200	599200	590200	
585600	586200	601400	576600	609400	
589800	596200	586600	592200	597200	
579600	581200	592200	602400	586600	
595200	594800	577600	583200	595200	
589800	595200	582600	579600	606400	
591200	571000	596800	591800	578600	
579200	580200	597800	579200	575600	
591200	582600	593200	582200	591800	
584600	586600	573000	579600	591800	
586200	586600	593800	572000	592200	
598800	594800	581600	579200	579600	
584600	590200	577200	594800	589200	
594800	570600	580600	585200	595200	
572600	579600	589800	562000	592200	
577200	564600	587200	583200	600400	
583600	576600	583200	580600	579200	
572600	559000	577600	579600	573600	
601800	587600	582600	588800	590800	
569600	568000	581200	578200	577200	
578600	559400	575600	579600	565000	
591200	556400	584600	568600	579600	
561400	569600	560000	573000	564000	
567000	562000	546400	568600	555400	
566000	542800	569600	572000	572600	
546400	557000	567000	557000	552400	
552400	552400	560400	549400	564000	
547800	542800	549800	557400	561000	
554400	552000	558400	549400	564000	
539800	538200	566000	549800	558400	
534200	535200	559400	543400	555400	
553400	551400	561400	554000	550800	
538800	548400	543800	534800	549400	
537200	552000	540400	550800	535800	
537800	524200	541800	538800	534200	
530200	543800	534800	530800	520600	
525600	530800	525600	524600	535200	
523200	532200	519600	533200	538800	
508600	533800	517200	517200	529800	
525600	542400	521600	541400	535200	
530200	524600	533200	527200	504000	
521600	532200	507600	522200	523600	
531800	534200	525600	535800	530200	
510000	514600	531800	529800	516600	
515600	515200	536800	526800	508600	
527200	525200	522600	532800	514000	
522600	513000	532800	530200	526800	
516600	522200	508600	511600	524200	
511000	520200	509600	524600	521200	
523600	513600	525200	525200	507000	
507600	528800	517200	522200	516200	
510000	533800	524200	521200	514000	
516200	514000	531200	523600	524200	
524600	513000	516600	515200	520600	
514600	517600	527800	510600	532800	
530800	501000	526800	506000	525200	
515200	530800	523200	516600	507000	
525200	518200	518600	523600	542400	
533200	526800	518200	531800	521200	
521200	527800	517600	522200	521200	
531200	525600	526200	532200	522600	
529800	533200	529800	532200	521600	
532800	525200	513000	529800	521200	
530800	532200	543400	530800	531800	
521600	531800	529800	533200	522600	
527800	527800	519200	529200	523200	
525600	530800	524600	525200	512600	
527200	540800	540800	528800	519600	
533200	528200	522600	526200	515600	
530800	530800	541800	540800	539400	
531800	526800	534800	523600	514600	
526800	519200	518200	526800	540400	
516600	529200	516200	514000	513600	
520600	520200	504000	532200	542800	
518200	512000	515600	531200	520600	
522600	536200	536200	508600	513000	
529200	519600	522200	514000	535200	
519200	526800	524200	518200	512600	
534200	524200	526200	518200	532200	
526200	516200	530800	528800	531200	
524200	520200	525200	512000	533800	
525600	508600	533200	513000	513600	
517600	520200	509000	518200	533200	
517200	518200	534200	540400	517200	
512000	517200	509000	522200	529800	
522200	510000	522600	523200	524600	
519600	513000	513600	510600	528800	
512600	517200	531800	511000	523600	
516600	513000	532200	522200	508600	
513000	508600	516600	520200	520600	
517200	536200	516200	506600	513000	
526800	521600	510600	526200	520200	
519200	513600	511600	506600	514600	
518200	522600	519200	525200	522200	
513600	512000	526200	519200	515200	
520600	497000	529200	522200	513600	
521200	526800	528200	516200	507000	
521600	516600	509600	509000	515200	
518200	504000	519600	513600	520200	
536800	533200	518200	512600	517600	
523200	519600	527800	525200	504600	
518600	520200	509000	515200	519600	
526800	509000	528800	537800	516600	
530200	515200	524600	522600	518200	
530200	513600	530200	527200	527800	
518600	521600	508600	509600	515200	
514000	522200	497400	512600	529800	
520200	513600	512000	496400	524200	
515200	510600	510000	521200	538200	
513000	515600	513000	514600	509600	
515200	512600	513000	510600	511600	
517200	510000	524600	519200	523600	
530200	512600	518200	534200	513000	
521600	515200	511000	505600	525200	
521600	520600	512600	521200	515600	
516600	511000	520600	526200	512600	
526800	528200	519200	520600	502600	
504000	505000	503000	497000	524600	
526800	519600	506600	508600	526800	
517600	521200	518200	513600	515600	
521200	510600	503000	510000	522200	
512000	512000	529800	517200	507000	
507000	516600	525600	517600	522200	
519200	519600	521200	517200	518200	
505600	509600	523200	508600	524600	
526800	521200	504600	522200	527200	
539400	522200	514600	505600	515600	
517600	523200	509600	527800	526200	
521600	526800	526800	517600	518200	
511600	525600	533800	524200	514000	
526200	526800	521200	511000	520600	
508600	512000	509000	521600	509600	
508600	516600	502600	531800	506000	
525600	511000	525200	529800	520200	
512600	514600	518600	519200	515200	
521200	520200	513600	526800	517200	
505000	525200	511600	517600	517600	
501000	530200	521200	519600	516200	
518600	530800	515600	514600	508000	
512000	514000	524200	525600	518600	
523600	517200	521600	503000	507600	
530800	514600	520600	512600	518600	
516600	518200	525600	518600	519200	
517200	510000	516600	520200	512000	
533200	512000	526200	523600	518200	
517600	520600	517600	510600	515600	
510000	520200	511000	514000	522200	
514000	510000	508600	520200	524600	
515600	514000	524200	513000	526200	
513600	513000	515200	518600	505000	
508600	524200	533800	516200	516600	
505000	516200	506600	520200	522200	
514000	506000	523200	523200	527200	
512600	521200	524200	521600	534200	
498400	522600	518600	504000	517600	
510000	508000	517600	517200	513000	
515600	517200	504000	507000	515200	
518200	507000	502600	514600	510600	
535200	523600	533200	509600	520200	
506000	521200	526200	517200	518600	
516200	513000	517600	519600	522600	
524600	520600	514000	515600	506600	
521200	520600	517200	519200	526200	
509600	529800	518600	509600	515200	
525200	519600	516200	514600	530200	
527200	518600	526800	524600	526200	
522200	509000	505000	512600	501000	
520600	513000	517600	511600	523200	
524600	513600	516200	525600	515600	
524600	507600	525200	530200	511000	
511600	527200	506000	504000	516200	
532200	522600	521600	515200	514600	
535200	529800	522600	519600	523600	
515200	507600	519200	510600	529800	
512000	530800	511600	516200	517600	
511600	514600	528200	516200	503000	
518200	537200	543800	519600	532200	
517600	527800	525200	529800	513600	
516600	523600	511600	513000	504600	
515200	518200	529800	517200	504600	
514600	514000	503000	513000	518600	
512000	511600	527800	509600	522200	
519600	509600	508600	512600	509600	
520200	508600	520600	511600	531200	
514600	502000	514600	515600	507000	
508000	507000	498400	513600	508000	
528200	516600	509600	508600	523200	
507600	497400	508000	514000	515600	
516200	519200	516200	520600	525600	
510000	511000	516200	502600	500400	
514000	528800	511000	518600	512000	
507000	519200	513600	517200	513600	
516600	509600	508000	516200	524600	
511000	518600	506000	497000	510600	
512000	517600	506000	514000	509000	
509000	515200	502600	523200	504000	
519600	517600	499400	510600	508600	
523200	518600	505000	524200	507000	
524600	521200	488800	504600	506000	
504000	518600	511000	522200	511600	
510600	512600	516200	512600	514000	
512600	508600	511600	513000	505000	
516600	520200	507600	507000	516600	
519200	499400	523600	511000	521200	
511000	514000	516600	512000	510600	
493000	503000	510000	527200	522200	
521200	518200	506600	519600	510600	
524200	519200	501400	516600	508000	
523600	521600	506600	510600	515600	
506600	506000	511000	512000	501000	
507600	495400	507000	506600	502000	
503600	502000	496000	519600	490000	
512000	508600	514600	503000	502000	
520600	503600	528200	506000	517600	
511000	515200	519600	517200	511600	
494400	487400	508600	510000	515200	
518600	517200	510000	530800	525200	
514000	501000	505000	504600	521200	
499000	532800	522200	522200	511600	
524600	500400	512600	519600	509600	
506000	507600	512000	514000	505600	
502000	510600	509000	513000	510600	
504000	521600	530800	521200	506600	
517600	496000	511000	510000	516600	
527200	507000	515200	512600	514600	
498000	496400	500000	512000	512600	
514000	521200	498400	508600	500000	
502000	506600	512000	507600	501000	
519600	512000	512600	501000	516200	
504600	510600	506600	499000	509000	
517200	519200	509000	512000	510000	
502000	513600	494000	510000	504000	
516200	505000	505000	527800	505600	
497400	516200	513000	520600	514000	
501000	509000	510000	516600	510600	
516600	507600	498400	527200	502000	
517200	518600	508000	505000	516200	
497000	526800	515600	498400	520600	
513600	503000	497400	505000	513000	
502600	497400	511000	504000	513000	
516200	508600	503000	503600	507000	
491400	504000	513000	516600	503000	
505600	513000	512600	497000	511000	
522600	491400	506600	510600	516600	
521200	508600	525600	511000	504600	
498000	520200	506600	511600	504600	
500400	508000	505600	518200	499400	
519600	502600	503000	506600	517600	
522200	496400	494000	507000	505000	
502600	514000	508600	518600	512000	
506000	523200	513000	496400	509000	
507000	516200	493400	520200	504600	
514600	508000	512600	518200	500400	
494000	506000	515200	504600	501400	
515200	510000	514000	499000	511000	
511000	498400	503600	505000	499400	
514600	513000	505600	513000	505000	
513000	503000	502000	513000	516200	
509000	515200	508600	500000	499400	
497400	506000	514000	505600	511600	
498400	491000	518600	511600	506600	
506000	524600	500400	498400	512600	
500400	495400	495000	504600	483800	
509600	508600	521200	510000	505600	
518600	505000	502000	506600	521600	
493000	508600	510000	502600	508000	
511000	505000	503000	510000	506000	
516200	500400	509600	509000	508000	
499400	508000	504600	501000	510600	
495000	511600	501000	502000	510600	
521600	519200	507000	523200	510000	
499400	507600	496400	488800	496000	
510000	498000	505600	509600	503000	
490400	493000	516200	500400	506000	
513600	505600	509600	509000	519200	
503600	508600	511600	511600	505000	
495400	485400	510000	500400	502000	
512000	503000	508600	518600	508600	
495000	502600	497000	506000	511000	
503600	514600	499400	503600	496400	
503600	492000	516600	514600	509600	
502600	504600	514000	507000	507000	
516200	499400	515200	505000	497000	
508600	506000	495400	523200	496400	
494400	514000	518600	496400	500000	
500400	510000	506000	492000	510600	
505000	494000	503000	513600	486400	
508000	490400	502600	515600	513600	
493000	508000	513600	511600	506000	
497000	490000	502000	500000	500000	
497000	521200	507000	508000	501000	
497400	497000	503600	495400	501000	
506000	516200	499000	493400	509600	
509600	500000	511600	505600	513000	
504600	492000	509000	506000	498000	
506600	511600	514600	498000	507600	
495400	515600	504600	501400	508600	
512000	501000	511600	507600	505600	
508600	509000	503600	491400	515600	
502000	517200	498400	496000	496000	
507000	497400	497000	512000	503600	
511600	498400	504000	504600	495000	
496000	512600	509600	519600	506600	
510000	507600	514600	518600	497400	
510000	508600	515200	507000	508000	
500400	493400	520600	496000	504600	
511600	495000	499000	502000	508600	
503000	502000	494400	506600	510000	
502000	509600	507000	519200	515600	
495000	497000	505600	498400	520200	
504000	497400	508000	508000	509000	
513600	493400	514600	510000	499000	
504600	504000	500000	502000	519200	
511000	504600	505600	509600	508600	
488400	493400	514600	504000	504000	
505000	514600	505000	496000	515600	
510600	500400	493000	492000	504600	
499000	514000	508000	516200	509600	
501400	477800	510600	515600	514000	
519200	498400	488800	504000	508000	
497400	503000	504600	496000	485400	
496000	503000	505600	526200	511000	
494400	517200	511000	504000	501400	
518600	510000	500000	498400	486800	
505600	490000	500400	510000	511000	
508600	497400	506000	499000	497400	
500000	499400	502600	510000	502600	
503000	494400	498400	506000	483400	
503000	494400	498400	506000	483400	
503000	494400	498400	506000	483400	
