395.349	395.349	395.349	395.349	395.349	
664023	664023	664023	664023	664023	
48581.4	47581.4	48581.4	47581.4	48581.4	
47186	47069.8	47186	47069.8	47186	
47767.4	47697.7	47767.4	47697.7	47767.4	
48046.5	47465.1	48046.5	47465.1	48046.5	
48000	46418.6	48000	46418.6	48000	
48348.8	47581.4	48348.8	47581.4	48348.8	
47697.7	47186	47697.7	47186	47697.7	
46697.7	49162.8	46697.7	49162.8	46697.7	
47697.7	48000	47697.7	48000	47697.7	
49279.1	47581.4	49279.1	47581.4	49279.1	
47930.2	49000	47930.2	49000	47930.2	
49395.3	48279.1	49395.3	48279.1	49395.3	
49232.6	49046.5	49232.6	49046.5	49232.6	
50000	50697.7	50000	50697.7	50000	
51697.7	51930.2	51697.7	51930.2	51697.7	
50581.4	51581.4	50581.4	51581.4	50581.4	
51860.5	52860.5	51860.5	52860.5	51860.5	
52976.7	52627.9	52976.7	52627.9	52976.7	
52395.3	52279.1	52395.3	52279.1	52395.3	
53279.1	52930.2	53279.1	52930.2	53279.1	
54093	53441.9	54093	53441.9	54093	
52395.3	52558.1	52395.3	52558.1	52395.3	
55441.9	54558.1	55441.9	54558.1	55441.9	
55255.8	54860.5	55255.8	54860.5	55255.8	
54976.7	56325.6	54976.7	56325.6	54976.7	
54441.9	54860.5	54441.9	54860.5	54441.9	
53744.2	54162.8	53744.2	54162.8	53744.2	
56558.1	55860.5	56558.1	55860.5	56558.1	
55860.5	56976.7	55860.5	56976.7	55860.5	
58907	56023.3	58907	56023.3	58907	
58604.7	57209.3	58604.7	57209.3	58604.7	
58139.5	58720.9	58139.5	58720.9	58139.5	
56488.4	58604.7	56488.4	58604.7	56488.4	
57558.1	58372.1	57558.1	58372.1	57558.1	
56372.1	58953.5	56372.1	58953.5	56372.1	
57209.3	59186	57209.3	59186	57209.3	
58255.8	58186	58255.8	58186	58255.8	
59534.9	56372.1	59534.9	56372.1	59534.9	
57604.7	57674.4	57604.7	57674.4	57604.7	
57953.5	58558.1	57953.5	58558.1	57953.5	
58953.5	59488.4	58953.5	59488.4	58953.5	
59023.3	57558.1	59023.3	57558.1	59023.3	
59534.9	57255.8	59534.9	57255.8	59534.9	
58790.7	59186	58790.7	59186	58790.7	
59302.3	56674.4	59302.3	56674.4	59302.3	
56907	57139.5	56907	57139.5	56907	
58302.3	58790.7	58302.3	58790.7	58302.3	
57441.9	59534.9	57441.9	59534.9	57441.9	
57953.5	59488.4	57953.5	59488.4	57953.5	
59534.9	59023.3	59534.9	59023.3	59534.9	
58069.8	58069.8	58069.8	58069.8	58069.8	
59720.9	59488.4	59720.9	59488.4	59720.9	
58023.3	58953.5	58023.3	58953.5	58023.3	
58488.4	58907	58488.4	58907	58488.4	
59186	58558.1	59186	58558.1	59186	
57953.5	59023.3	57953.5	59023.3	57953.5	
58441.9	58558.1	58441.9	58558.1	58441.9	
55023.3	57488.4	55023.3	57488.4	55023.3	
57604.7	58023.3	57604.7	58023.3	57604.7	
58186	58790.7	58186	58790.7	58186	
57907	58674.4	57907	58674.4	57907	
58837.2	58674.4	58837.2	58674.4	58837.2	
59139.5	58255.8	59139.5	58255.8	59139.5	
58558.1	56558.1	58558.1	56558.1	58558.1	
57558.1	58186	57558.1	58186	57558.1	
57790.7	58255.8	57790.7	58255.8	57790.7	
56976.7	59186	56976.7	59186	56976.7	
57209.3	57720.9	57209.3	57720.9	57209.3	
57604.7	55674.4	57604.7	55674.4	57604.7	
56907	59534.9	56907	59534.9	56907	
59139.5	59488.4	59139.5	59488.4	59139.5	
57674.4	58069.8	57674.4	58069.8	57674.4	
57674.4	58372.1	57674.4	58372.1	57674.4	
57488.4	56441.9	57488.4	56441.9	57488.4	
57255.8	57093	57255.8	57093	57255.8	
56604.7	56558.1	56604.7	56558.1	56604.7	
57093	58069.8	57093	58069.8	57093	
56255.8	56139.5	56255.8	56139.5	56255.8	
56023.3	58441.9	56023.3	58441.9	56023.3	
56139.5	57488.4	56139.5	57488.4	56139.5	
58441.9	58488.4	58441.9	58488.4	58441.9	
55488.4	56674.4	55488.4	56674.4	55488.4	
60720.9	56907	60720.9	56907	60720.9	
56976.7	57674.4	56976.7	57674.4	56976.7	
57837.2	58953.5	57837.2	58953.5	57837.2	
57674.4	57372.1	57674.4	57372.1	57674.4	
58186	57139.5	58186	57139.5	58186	
56976.7	58558.1	56976.7	58558.1	56976.7	
58139.5	56488.4	58139.5	56488.4	58139.5	
57720.9	57604.7	57720.9	57604.7	57720.9	
57790.7	57372.1	57790.7	57372.1	57790.7	
57674.4	58674.4	57674.4	58674.4	57674.4	
57325.6	58441.9	57325.6	58441.9	57325.6	
57209.3	56837.2	57209.3	56837.2	57209.3	
58139.5	57139.5	58139.5	57139.5	58139.5	
58069.8	56441.9	58069.8	56441.9	58069.8	
57093	57790.7	57093	57790.7	57093	
58674.4	57325.6	58674.4	57325.6	58674.4	
57441.9	56907	57441.9	56907	57441.9	
56837.2	59255.8	56837.2	59255.8	56837.2	
57720.9	57139.5	57720.9	57139.5	57720.9	
56674.4	58186	56674.4	58186	56674.4	
55907	55976.7	55907	55976.7	55907	
57907	57720.9	57907	57720.9	57907	
58186	58186	58186	58186	58186	
58255.8	57953.5	58255.8	57953.5	58255.8	
55023.3	58255.8	55023.3	58255.8	55023.3	
58558.1	57139.5	58558.1	57139.5	58558.1	
57558.1	57907	57558.1	57907	57558.1	
56720.9	57325.6	56720.9	57325.6	56720.9	
57837.2	57907	57837.2	57907	57837.2	
58302.3	57604.7	58302.3	57604.7	58302.3	
57488.4	57372.1	57488.4	57372.1	57488.4	
58790.7	57325.6	58790.7	57325.6	58790.7	
57674.4	57023.3	57674.4	57023.3	57674.4	
57488.4	59186	57488.4	59186	57488.4	
58302.3	57255.8	58302.3	57255.8	58302.3	
57790.7	57488.4	57790.7	57488.4	57790.7	
57720.9	58069.8	57720.9	58069.8	57720.9	
56139.5	57558.1	56139.5	57558.1	56139.5	
56488.4	58069.8	56488.4	58069.8	56488.4	
59953.5	59651.2	59953.5	59651.2	59953.5	
58790.7	58023.3	58790.7	58023.3	58790.7	
58139.5	57255.8	58139.5	57255.8	58139.5	
57837.2	59488.4	57837.2	59488.4	57837.2	
58488.4	59604.7	58488.4	59604.7	58488.4	
59604.7	57604.7	59604.7	57604.7	59604.7	
58790.7	56325.6	58790.7	56325.6	58790.7	
57441.9	57674.4	57441.9	57674.4	57441.9	
57488.4	57255.8	57488.4	57255.8	57488.4	
57372.1	56837.2	57372.1	56837.2	57372.1	
57907	57604.7	57907	57604.7	57907	
58069.8	56488.4	58069.8	56488.4	58069.8	
59186	57441.9	59186	57441.9	59186	
57790.7	58023.3	57790.7	58023.3	57790.7	
57139.5	56558.1	57139.5	56558.1	57139.5	
59767.4	59139.5	59767.4	59139.5	59767.4	
58069.8	58488.4	58069.8	58488.4	58069.8	
56907	57209.3	56907	57209.3	56907	
58441.9	58302.3	58441.9	58302.3	58441.9	
57604.7	57093	57604.7	57093	57604.7	
58023.3	57441.9	58023.3	57441.9	58023.3	
57488.4	57488.4	57488.4	57488.4	57488.4	
59604.7	58255.8	59604.7	58255.8	59604.7	
58255.8	56674.4	58255.8	56674.4	58255.8	
58558.1	57488.4	58558.1	57488.4	58558.1	
57139.5	57325.6	57139.5	57325.6	57139.5	
57558.1	57674.4	57558.1	57674.4	57558.1	
56372.1	58907	56372.1	58907	56372.1	
59023.3	56790.7	59023.3	56790.7	59023.3	
58907	56139.5	58907	56139.5	58907	
58069.8	57953.5	58069.8	57953.5	58069.8	
57372.1	56976.7	57372.1	56976.7	57372.1	
57604.7	56720.9	57604.7	56720.9	57604.7	
58907	58023.3	58907	58023.3	58907	
58953.5	59372.1	58953.5	59372.1	58953.5	
56558.1	60837.2	56558.1	60837.2	56558.1	
57604.7	58488.4	57604.7	58488.4	57604.7	
58186	58023.3	58186	58023.3	58186	
59651.2	58069.8	59651.2	58069.8	59651.2	
57604.7	56372.1	57604.7	56372.1	57604.7	
58023.3	58907	58023.3	58907	58023.3	
56907	59720.9	56907	59720.9	56907	
58023.3	58302.3	58023.3	58302.3	58023.3	
57372.1	56558.1	57372.1	56558.1	57372.1	
58674.4	58069.8	58674.4	58069.8	58674.4	
59023.3	58372.1	59023.3	58372.1	59023.3	
55860.5	59023.3	55860.5	59023.3	55860.5	
57023.3	58558.1	57023.3	58558.1	57023.3	
58790.7	59069.8	58790.7	59069.8	58790.7	
57790.7	60883.7	57790.7	60883.7	57790.7	
57372.1	59302.3	57372.1	59302.3	57372.1	
58139.5	57720.9	58139.5	57720.9	58139.5	
58953.5	57139.5	58953.5	57139.5	58953.5	
59023.3	58720.9	59023.3	58720.9	59023.3	
59604.7	58441.9	59604.7	58441.9	59604.7	
57720.9	57674.4	57720.9	57674.4	57720.9	
55907	57325.6	55907	57325.6	55907	
57720.9	58674.4	57720.9	58674.4	57720.9	
58674.4	58790.7	58674.4	58790.7	58674.4	
57674.4	58604.7	57674.4	58604.7	57674.4	
58139.5	58488.4	58139.5	58488.4	58139.5	
57372.1	60186	57372.1	60186	57372.1	
59069.8	57441.9	59069.8	57441.9	59069.8	
57558.1	59720.9	57558.1	59720.9	57558.1	
57325.6	59186	57325.6	59186	57325.6	
58488.4	57372.1	58488.4	57372.1	58488.4	
58441.9	58302.3	58441.9	58302.3	58441.9	
57093	57907	57093	57907	57093	
57255.8	59372.1	57255.8	59372.1	57255.8	
57372.1	58790.7	57372.1	58790.7	57372.1	
59953.5	58790.7	59953.5	58790.7	59953.5	
59069.8	57604.7	59069.8	57604.7	59069.8	
59139.5	59534.9	59139.5	59534.9	59139.5	
56976.7	58720.9	56976.7	58720.9	56976.7	
57139.5	56907	57139.5	56907	57139.5	
58790.7	57953.5	58790.7	57953.5	58790.7	
58488.4	59023.3	58488.4	59023.3	58488.4	
60023.3	56976.7	60023.3	56976.7	60023.3	
58488.4	58558.1	58488.4	58558.1	58488.4	
59488.4	58069.8	59488.4	58069.8	59488.4	
57837.2	58372.1	57837.2	58372.1	57837.2	
58186	57488.4	58186	57488.4	58186	
57790.7	58139.5	57790.7	58139.5	57790.7	
57720.9	58790.7	57720.9	58790.7	57720.9	
57372.1	58302.3	57372.1	58302.3	57372.1	
56790.7	58953.5	56790.7	58953.5	56790.7	
60139.5	57558.1	60139.5	57558.1	60139.5	
57023.3	59069.8	57023.3	59069.8	57023.3	
56720.9	57372.1	56720.9	57372.1	56720.9	
59255.8	57720.9	59255.8	57720.9	59255.8	
56488.4	58907	56488.4	58907	56488.4	
56325.6	59023.3	56325.6	59023.3	56325.6	
57325.6	57441.9	57325.6	57441.9	57325.6	
57093	57255.8	57093	57255.8	57093	
57488.4	59302.3	57488.4	59302.3	57488.4	
57209.3	56372.1	57209.3	56372.1	57209.3	
56976.7	55976.7	56976.7	55976.7	56976.7	
59139.5	59651.2	59139.5	59651.2	59139.5	
57953.5	56372.1	57953.5	56372.1	57953.5	
58837.2	58139.5	58837.2	58139.5	58837.2	
57093	57023.3	57093	57023.3	57093	
59186	58069.8	59186	58069.8	59186	
58604.7	58302.3	58604.7	58302.3	58604.7	
58139.5	58186	58139.5	58186	58139.5	
58023.3	58372.1	58023.3	58372.1	58023.3	
59604.7	58139.5	59604.7	58139.5	59604.7	
58907	58186	58907	58186	58907	
56720.9	58186	56720.9	58186	56720.9	
57907	56837.2	57907	56837.2	57907	
57720.9	55790.7	57720.9	55790.7	57720.9	
57790.7	57558.1	57790.7	57558.1	57790.7	
58720.9	59069.8	58720.9	59069.8	58720.9	
57558.1	59186	57558.1	59186	57558.1	
57790.7	59720.9	57790.7	59720.9	57790.7	
57558.1	59418.6	57558.1	59418.6	57558.1	
59139.5	57372.1	59139.5	57372.1	59139.5	
57604.7	57907	57604.7	57907	57604.7	
58186	57488.4	58186	57488.4	58186	
57720.9	60069.8	57720.9	60069.8	57720.9	
58558.1	59139.5	58558.1	59139.5	58558.1	
58488.4	59023.3	58488.4	59023.3	58488.4	
57604.7	58139.5	57604.7	58139.5	57604.7	
58139.5	58139.5	58139.5	58139.5	58139.5	
58604.7	58023.3	58604.7	58023.3	58604.7	
56674.4	57907	56674.4	57907	56674.4	
57953.5	57139.5	57953.5	57139.5	57953.5	
58558.1	58837.2	58558.1	58837.2	58558.1	
57325.6	57441.9	57325.6	57441.9	57325.6	
59651.2	58558.1	59651.2	58558.1	59651.2	
59372.1	57790.7	59372.1	57790.7	59372.1	
58953.5	59139.5	58953.5	59139.5	58953.5	
57372.1	58720.9	57372.1	58720.9	57372.1	
57953.5	56720.9	57953.5	56720.9	57953.5	
60534.9	58674.4	60534.9	58674.4	60534.9	
60255.8	59372.1	60255.8	59372.1	60255.8	
59720.9	57558.1	59720.9	57558.1	59720.9	
59255.8	58441.9	59255.8	58441.9	59255.8	
58372.1	58255.8	58372.1	58255.8	58372.1	
60372.1	59302.3	60372.1	59302.3	60372.1	
57907	57907	57907	57907	57907	
59255.8	59604.7	59255.8	59604.7	59255.8	
58790.7	59907	58790.7	59907	58790.7	
58372.1	58441.9	58372.1	58441.9	58372.1	
59372.1	59418.6	59372.1	59418.6	59372.1	
57674.4	57790.7	57674.4	57790.7	57674.4	
59604.7	58255.8	59604.7	58255.8	59604.7	
58790.7	59023.3	58790.7	59023.3	58790.7	
57790.7	58372.1	57790.7	58372.1	57790.7	
57907	58441.9	57907	58441.9	57907	
60837.2	58302.3	60837.2	58302.3	60837.2	
58604.7	57837.2	58604.7	57837.2	58604.7	
59372.1	59139.5	59372.1	59139.5	59372.1	
56907	58953.5	56907	58953.5	56907	
59186	56604.7	59186	56604.7	59186	
57372.1	59372.1	57372.1	59372.1	57372.1	
58372.1	60418.6	58372.1	60418.6	58372.1	
60023.3	57674.4	60023.3	57674.4	60023.3	
58186	59139.5	58186	59139.5	58186	
57255.8	59255.8	57255.8	59255.8	57255.8	
58302.3	59767.4	58302.3	59767.4	58302.3	
58953.5	60069.8	58953.5	60069.8	58953.5	
58139.5	58720.9	58139.5	58720.9	58139.5	
58604.7	57674.4	58604.7	57674.4	58604.7	
58255.8	58441.9	58255.8	58441.9	58255.8	
57372.1	57558.1	57372.1	57558.1	57372.1	
58441.9	58604.7	58441.9	58604.7	58441.9	
58604.7	58069.8	58604.7	58069.8	58604.7	
56837.2	57674.4	56837.2	57674.4	56837.2	
59372.1	57325.6	59372.1	57325.6	59372.1	
59604.7	59604.7	59604.7	59604.7	59604.7	
60139.5	58372.1	60139.5	58372.1	60139.5	
58023.3	59023.3	58023.3	59023.3	58023.3	
59372.1	58604.7	59372.1	58604.7	59372.1	
56604.7	59720.9	56604.7	59720.9	56604.7	
58953.5	58488.4	58953.5	58488.4	58953.5	
58441.9	58720.9	58441.9	58720.9	58441.9	
59837.2	57372.1	59837.2	57372.1	59837.2	
58372.1	59651.2	58372.1	59651.2	58372.1	
59837.2	58441.9	59837.2	58441.9	59837.2	
58186	58069.8	58186	58069.8	58186	
59186	59023.3	59186	59023.3	59186	
59302.3	58069.8	59302.3	58069.8	59302.3	
58837.2	58069.8	58837.2	58069.8	58837.2	
59418.6	58953.5	59418.6	58953.5	59418.6	
57441.9	56907	57441.9	56907	57441.9	
58302.3	56674.4	58302.3	56674.4	58302.3	
57674.4	58069.8	57674.4	58069.8	57674.4	
59418.6	59255.8	59418.6	59255.8	59418.6	
59139.5	58441.9	59139.5	58441.9	59139.5	
55674.4	58907	55674.4	58907	55674.4	
58558.1	58441.9	58558.1	58441.9	58558.1	
58023.3	60534.9	58023.3	60534.9	58023.3	
58790.7	59023.3	58790.7	59023.3	58790.7	
61186	61302.3	61186	61302.3	61186	
57837.2	58720.9	57837.2	58720.9	57837.2	
59255.8	57674.4	59255.8	57674.4	59255.8	
57604.7	58023.3	57604.7	58023.3	57604.7	
58790.7	59139.5	58790.7	59139.5	58790.7	
58139.5	59255.8	58139.5	59255.8	58139.5	
59139.5	58790.7	59139.5	58790.7	59139.5	
59720.9	57907	59720.9	57907	59720.9	
57372.1	59023.3	57372.1	59023.3	57372.1	
58907	59186	58907	59186	58907	
57325.6	59604.7	57325.6	59604.7	57325.6	
58023.3	58069.8	58023.3	58069.8	58023.3	
57837.2	58953.5	57837.2	58953.5	57837.2	
58069.8	58790.7	58069.8	58790.7	58069.8	
58604.7	60186	58604.7	60186	58604.7	
58674.4	58953.5	58674.4	58953.5	58674.4	
59139.5	58790.7	59139.5	58790.7	59139.5	
58907	58674.4	58907	58674.4	58907	
59372.1	57953.5	59372.1	57953.5	59372.1	
59651.2	59139.5	59651.2	59139.5	59651.2	
58837.2	58558.1	58837.2	58558.1	58837.2	
59186	57255.8	59186	57255.8	59186	
58604.7	57907	58604.7	57907	58604.7	
58953.5	57907	58953.5	57907	58953.5	
58790.7	59534.9	58790.7	59534.9	58790.7	
57907	59023.3	57907	59023.3	57907	
58302.3	58139.5	58302.3	58139.5	58302.3	
58372.1	57907	58372.1	57907	58372.1	
58674.4	57325.6	58674.4	57325.6	58674.4	
59023.3	58488.4	59023.3	58488.4	59023.3	
57441.9	59023.3	57441.9	59023.3	57441.9	
58790.7	58720.9	58790.7	58720.9	58790.7	
59186	58255.8	59186	58255.8	59186	
58255.8	60186	58255.8	60186	58255.8	
57720.9	59255.8	57720.9	59255.8	57720.9	
58023.3	57720.9	58023.3	57720.9	58023.3	
58674.4	58069.8	58674.4	58069.8	58674.4	
57720.9	58558.1	57720.9	58558.1	57720.9	
57953.5	58302.3	57953.5	58302.3	57953.5	
59651.2	57720.9	59651.2	57720.9	59651.2	
58302.3	56976.7	58302.3	56976.7	58302.3	
59069.8	59139.5	59069.8	59139.5	59069.8	
58255.8	59139.5	58255.8	59139.5	58255.8	
57907	61372.1	57907	61372.1	57907	
58441.9	59418.6	58441.9	59418.6	58441.9	
60069.8	60720.9	60069.8	60720.9	60069.8	
59418.6	58953.5	59418.6	58953.5	59418.6	
59255.8	58139.5	59255.8	58139.5	59255.8	
57558.1	59488.4	57558.1	59488.4	57558.1	
57674.4	59023.3	57674.4	59023.3	57674.4	
59651.2	58720.9	59651.2	58720.9	59651.2	
58558.1	59139.5	58558.1	59139.5	58558.1	
60651.2	59302.3	60651.2	59302.3	60651.2	
59837.2	57837.2	59837.2	57837.2	59837.2	
58953.5	58069.8	58953.5	58069.8	58953.5	
58441.9	59720.9	58441.9	59720.9	58441.9	
59837.2	58488.4	59837.2	58488.4	59837.2	
57604.7	58837.2	57604.7	58837.2	57604.7	
58604.7	60418.6	58604.7	60418.6	58604.7	
58558.1	58558.1	58558.1	58558.1	58558.1	
57907	59372.1	57907	59372.1	57907	
59069.8	57488.4	59069.8	57488.4	59069.8	
58186	57674.4	58186	57674.4	58186	
60372.1	56790.7	60372.1	56790.7	60372.1	
58558.1	58558.1	58558.1	58558.1	58558.1	
57441.9	59069.8	57441.9	59069.8	57441.9	
57093	58372.1	57093	58372.1	57093	
59534.9	58953.5	59534.9	58953.5	59534.9	
57953.5	59186	57953.5	59186	57953.5	
57720.9	58441.9	57720.9	58441.9	57720.9	
59069.8	59302.3	59069.8	59302.3	59069.8	
58186	59418.6	58186	59418.6	58186	
58720.9	58674.4	58720.9	58674.4	58720.9	
61069.8	57953.5	61069.8	57953.5	61069.8	
57674.4	59767.4	57674.4	59767.4	57674.4	
58837.2	58488.4	58837.2	58488.4	58837.2	
59418.6	58186	59418.6	58186	59418.6	
58907	58604.7	58907	58604.7	58907	
58558.1	59186	58558.1	59186	58558.1	
59418.6	57441.9	59418.6	57441.9	59418.6	
60604.7	58302.3	60604.7	58302.3	60604.7	
59604.7	57790.7	59604.7	57790.7	59604.7	
57907	57790.7	57907	57790.7	57907	
58069.8	58674.4	58069.8	58674.4	58069.8	
58907	59302.3	58907	59302.3	58907	
59837.2	58302.3	59837.2	58302.3	59837.2	
59069.8	58441.9	59069.8	58441.9	59069.8	
59186	59720.9	59186	59720.9	59186	
58069.8	57790.7	58069.8	57790.7	58069.8	
57674.4	57325.6	57674.4	57325.6	57674.4	
57790.7	57023.3	57790.7	57023.3	57790.7	
58139.5	58488.4	58139.5	58488.4	58139.5	
58790.7	59604.7	58790.7	59604.7	58790.7	
57604.7	58558.1	57604.7	58558.1	57604.7	
58139.5	59023.3	58139.5	59023.3	58139.5	
58907	59651.2	58907	59651.2	58907	
58023.3	57488.4	58023.3	57488.4	58023.3	
58674.4	59069.8	58674.4	59069.8	58674.4	
58069.8	58558.1	58069.8	58558.1	58069.8	
59418.6	59023.3	59418.6	59023.3	59418.6	
59534.9	59720.9	59534.9	59720.9	59534.9	
60883.7	58720.9	60883.7	58720.9	60883.7	
59069.8	58139.5	59069.8	58139.5	59069.8	
58674.4	57604.7	58674.4	57604.7	58674.4	
58441.9	58674.4	58441.9	58674.4	58441.9	
59186	58907	59186	58907	59186	
58302.3	58441.9	58302.3	58441.9	58302.3	
57790.7	59651.2	57790.7	59651.2	57790.7	
60023.3	60883.7	60023.3	60883.7	60023.3	
58604.7	56976.7	58604.7	56976.7	58604.7	
57023.3	58488.4	57023.3	58488.4	57023.3	
59023.3	58372.1	59023.3	58372.1	59023.3	
59023.3	57953.5	59023.3	57953.5	59023.3	
59767.4	59255.8	59767.4	59255.8	59767.4	
60488.4	59302.3	60488.4	59302.3	60488.4	
59418.6	56558.1	59418.6	56558.1	59418.6	
59720.9	59186	59720.9	59186	59720.9	
56790.7	58372.1	56790.7	58372.1	56790.7	
58255.8	59837.2	58255.8	59837.2	58255.8	
59186	57441.9	59186	57441.9	59186	
57255.8	58255.8	57255.8	58255.8	57255.8	
59720.9	56093	59720.9	56093	59720.9	
58023.3	56488.4	58023.3	56488.4	58023.3	
60418.6	58255.8	60418.6	58255.8	60418.6	
58441.9	58604.7	58441.9	58604.7	58441.9	
58720.9	58790.7	58720.9	58790.7	58720.9	
57488.4	60720.9	57488.4	60720.9	57488.4	
57720.9	58488.4	57720.9	58488.4	57720.9	
57023.3	58674.4	57023.3	58674.4	57023.3	
58372.1	58139.5	58372.1	58139.5	58372.1	
57720.9	59139.5	57720.9	59139.5	57720.9	
57907	58720.9	57907	58720.9	57907	
58837.2	59255.8	58837.2	59255.8	58837.2	
58139.5	59069.8	58139.5	59069.8	58139.5	
59302.3	58488.4	59302.3	58488.4	59302.3	
59418.6	58720.9	59418.6	58720.9	59418.6	
58139.5	58790.7	58139.5	58790.7	58139.5	
58720.9	59488.4	58720.9	59488.4	58720.9	
56255.8	58720.9	56255.8	58720.9	56255.8	
59418.6	59023.3	59418.6	59023.3	59418.6	
59488.4	58790.7	59488.4	58790.7	59488.4	
57790.7	59837.2	57790.7	59837.2	57790.7	
59023.3	60302.3	59023.3	60302.3	59023.3	
58953.5	59720.9	58953.5	59720.9	58953.5	
58558.1	57837.2	58558.1	57837.2	58558.1	
59372.1	59023.3	59372.1	59023.3	59372.1	
58907	59907	58907	59907	58907	
58302.3	60023.3	58302.3	60023.3	58302.3	
59837.2	58907	59837.2	58907	59837.2	
60418.6	58674.4	60418.6	58674.4	60418.6	
59534.9	59372.1	59534.9	59372.1	59534.9	
58255.8	59488.4	58255.8	59488.4	58255.8	
57837.2	57209.3	57837.2	57209.3	57837.2	
58488.4	57209.3	58488.4	57209.3	58488.4	
58790.7	57674.4	58790.7	57674.4	58790.7	
58255.8	58023.3	58255.8	58023.3	58255.8	
57139.5	57837.2	57139.5	57837.2	57139.5	
58441.9	58255.8	58441.9	58255.8	58441.9	
59255.8	59302.3	59255.8	59302.3	59255.8	
57953.5	58953.5	57953.5	58953.5	57953.5	
58186	59023.3	58186	59023.3	58186	
58441.9	57604.7	58441.9	57604.7	58441.9	
58720.9	58790.7	58720.9	58790.7	58720.9	
58674.4	57907	58674.4	57907	58674.4	
59418.6	59139.5	59418.6	59139.5	59418.6	
59186	59023.3	59186	59023.3	59186	
59186	58441.9	59186	58441.9	59186	
59139.5	58907	59139.5	58907	59139.5	
59069.8	58720.9	59069.8	58720.9	59069.8	
59255.8	60023.3	59255.8	60023.3	59255.8	
60883.7	57488.4	60883.7	57488.4	60883.7	
59139.5	58837.2	59139.5	58837.2	59139.5	
68930.2	69279.1	68930.2	69279.1	68930.2	
59069.8	59837.2	59069.8	59837.2	59069.8	
61116.3	59907	61116.3	59907	61116.3	
58907	59418.6	58907	59418.6	58907	
58953.5	59302.3	58953.5	59302.3	58953.5	
58488.4	59139.5	58488.4	59139.5	58488.4	
59651.2	59534.9	59651.2	59534.9	59651.2	
58674.4	59139.5	58674.4	59139.5	58674.4	
59186	58674.4	59186	58674.4	59186	
58674.4	59186	58674.4	59186	58674.4	
58558.1	60604.7	58558.1	60604.7	58558.1	
57953.5	59069.8	57953.5	59069.8	57953.5	
58604.7	59418.6	58604.7	59418.6	58604.7	
58069.8	58372.1	58069.8	58372.1	58069.8	
60953.5	60302.3	60953.5	60302.3	60953.5	
57837.2	57837.2	57837.2	57837.2	57837.2	
57209.3	58255.8	57209.3	58255.8	57209.3	
57209.3	59255.8	57209.3	59255.8	57209.3	
58907	59186	58907	59186	58907	
59418.6	58255.8	59418.6	58255.8	59418.6	
59604.7	56674.4	59604.7	56674.4	59604.7	
58255.8	57488.4	58255.8	57488.4	58255.8	
58837.2	57720.9	58837.2	57720.9	58837.2	
58604.7	56441.9	58604.7	56441.9	58604.7	
59139.5	59604.7	59139.5	59604.7	59139.5	
57790.7	58302.3	57790.7	58302.3	57790.7	
61953.5	58720.9	61953.5	58720.9	61953.5	
58720.9	58139.5	58720.9	58139.5	58720.9	
58372.1	59372.1	58372.1	59372.1	58372.1	
57907	60139.5	57907	60139.5	57907	
59023.3	59023.3	59023.3	59023.3	59023.3	
58604.7	57953.5	58604.7	57953.5	58604.7	
59139.5	59069.8	59139.5	59069.8	59139.5	
59767.4	58953.5	59767.4	58953.5	59767.4	
58720.9	59255.8	58720.9	59255.8	58720.9	
58069.8	59604.7	58069.8	59604.7	58069.8	
60372.1	59651.2	60372.1	59651.2	60372.1	
58372.1	59418.6	58372.1	59418.6	58372.1	
57907	58441.9	57907	58441.9	57907	
59023.3	59139.5	59023.3	59139.5	59023.3	
58441.9	58255.8	58441.9	58255.8	58441.9	
59372.1	59255.8	59372.1	59255.8	59372.1	
58720.9	57372.1	58720.9	57372.1	58720.9	
58837.2	58604.7	58837.2	58604.7	58837.2	
60069.8	59069.8	60069.8	59069.8	60069.8	
60372.1	57372.1	60372.1	57372.1	60372.1	
58837.2	58558.1	58837.2	58558.1	58837.2	
59139.5	58674.4	59139.5	58674.4	59139.5	
58023.3	58953.5	58023.3	58953.5	58023.3	
58372.1	60139.5	58372.1	60139.5	58372.1	
59372.1	59837.2	59372.1	59837.2	59372.1	
58720.9	58558.1	58720.9	58558.1	58720.9	
60372.1	57441.9	60372.1	57441.9	60372.1	
59720.9	59953.5	59720.9	59953.5	59720.9	
58720.9	59372.1	58720.9	59372.1	58720.9	
59302.3	59418.6	59302.3	59418.6	59302.3	
59837.2	58674.4	59837.2	58674.4	59837.2	
59837.2	58488.4	59837.2	58488.4	59837.2	
57488.4	59023.3	57488.4	59023.3	57488.4	
56325.6	58953.5	56325.6	58953.5	56325.6	
59302.3	58790.7	59302.3	58790.7	59302.3	
59186	59534.9	59186	59534.9	59186	
59418.6	58790.7	59418.6	58790.7	59418.6	
57790.7	59837.2	57790.7	59837.2	57790.7	
58720.9	58186	58720.9	58186	58720.9	
59186	57720.9	59186	57720.9	59186	
59023.3	59069.8	59023.3	59069.8	59023.3	
58790.7	58790.7	58790.7	58790.7	58790.7	
59953.5	57674.4	59953.5	57674.4	59953.5	
58069.8	59418.6	58069.8	59418.6	58069.8	
57837.2	59186	57837.2	59186	57837.2	
58302.3	58488.4	58302.3	58488.4	58302.3	
59488.4	59255.8	59488.4	59255.8	59488.4	
58302.3	59418.6	58302.3	59418.6	58302.3	
57720.9	60534.9	57720.9	60534.9	57720.9	
58674.4	58907	58674.4	58907	58674.4	
58302.3	58186	58302.3	58186	58302.3	
59837.2	59139.5	59837.2	59139.5	59837.2	
58186	59604.7	58186	59604.7	58186	
58139.5	60953.5	58139.5	60953.5	58139.5	
58720.9	59907	58720.9	59907	58720.9	
58302.3	59534.9	58302.3	59534.9	58302.3	
59418.6	58953.5	59418.6	58953.5	59418.6	
59534.9	59302.3	59534.9	59302.3	59534.9	
59534.9	59418.6	59534.9	59418.6	59534.9	
57255.8	57953.5	57255.8	57953.5	57255.8	
59255.8	59907	59255.8	59907	59255.8	
59488.4	59837.2	59488.4	59837.2	59488.4	
58255.8	59186	58255.8	59186	58255.8	
58720.9	58907	58720.9	58907	58720.9	
58488.4	60372.1	58488.4	60372.1	58488.4	
57139.5	58907	57139.5	58907	57139.5	
58790.7	59651.2	58790.7	59651.2	58790.7	
57837.2	58441.9	57837.2	58441.9	57837.2	
59488.4	59186	59488.4	59186	59488.4	
56907	59488.4	56907	59488.4	56907	
57720.9	57907	57720.9	57907	57720.9	
59604.7	58186	59604.7	58186	59604.7	
59720.9	57907	59720.9	57907	59720.9	
59720.9	58069.8	59720.9	58069.8	59720.9	
58302.3	59023.3	58302.3	59023.3	58302.3	
58139.5	60139.5	58139.5	60139.5	58139.5	
60488.4	59069.8	60488.4	59069.8	60488.4	
58907	57790.7	58907	57790.7	58907	
58186	58186	58186	58186	58186	
58186	58907	58186	58907	58186	
57441.9	60069.8	57441.9	60069.8	57441.9	
59069.8	58139.5	59069.8	58139.5	59069.8	
59302.3	59139.5	59302.3	59139.5	59302.3	
58837.2	59069.8	58837.2	59069.8	58837.2	
60488.4	57907	60488.4	57907	60488.4	
58953.5	59069.8	58953.5	59069.8	58953.5	
58953.5	60023.3	58953.5	60023.3	58953.5	
58720.9	59534.9	58720.9	59534.9	58720.9	
60139.5	58837.2	60139.5	58837.2	60139.5	
59418.6	58604.7	59418.6	58604.7	59418.6	
58069.8	59069.8	58069.8	59069.8	58069.8	
58069.8	59907	58069.8	59907	58069.8	
57720.9	57790.7	57720.9	57790.7	57720.9	
57023.3	56976.7	57023.3	56976.7	57023.3	
60418.6	58837.2	60418.6	58837.2	60418.6	
59139.5	60023.3	59139.5	60023.3	59139.5	
59837.2	59604.7	59837.2	59604.7	59837.2	
57441.9	56558.1	57441.9	56558.1	57441.9	
56976.7	57674.4	56976.7	57674.4	56976.7	
58674.4	57790.7	58674.4	57790.7	58674.4	
58720.9	58139.5	58720.9	58139.5	58720.9	
59418.6	58023.3	59418.6	58023.3	59418.6	
58720.9	56255.8	58720.9	56255.8	58720.9	
59418.6	57790.7	59418.6	57790.7	59418.6	
59651.2	58302.3	59651.2	58302.3	59651.2	
58558.1	58255.8	58558.1	58255.8	58558.1	
58558.1	57837.2	58558.1	57837.2	58558.1	
58907	58953.5	58907	58953.5	58907	
59139.5	58069.8	59139.5	58069.8	59139.5	
58674.4	57372.1	58674.4	57372.1	58674.4	
57837.2	59720.9	57837.2	59720.9	57837.2	
59023.3	59720.9	59023.3	59720.9	59023.3	
59907	58069.8	59907	58069.8	59907	
58488.4	59372.1	58488.4	59372.1	58488.4	
60488.4	58186	60488.4	58186	60488.4	
59139.5	57139.5	59139.5	57139.5	59139.5	
60186	57953.5	60186	57953.5	60186	
59023.3	60069.8	59023.3	60069.8	59023.3	
59720.9	60139.5	59720.9	60139.5	59720.9	
57441.9	58720.9	57441.9	58720.9	57441.9	
58023.3	59023.3	58023.3	59023.3	58023.3	
59720.9	58139.5	59720.9	58139.5	59720.9	
58186	59651.2	58186	59651.2	58186	
58674.4	59372.1	58674.4	59372.1	58674.4	
59069.8	60069.8	59069.8	60069.8	59069.8	
60418.6	58907	60418.6	58907	60418.6	
58302.3	58720.9	58302.3	58720.9	58302.3	
60139.5	59372.1	60139.5	59372.1	60139.5	
57790.7	57790.7	57790.7	57790.7	57790.7	
58604.7	59651.2	58604.7	59651.2	58604.7	
59372.1	59651.2	59372.1	59651.2	59372.1	
57720.9	59255.8	57720.9	59255.8	57720.9	
57255.8	61069.8	57255.8	61069.8	57255.8	
57953.5	59023.3	57953.5	59023.3	57953.5	
59069.8	57837.2	59069.8	57837.2	59069.8	
58023.3	59139.5	58023.3	59139.5	58023.3	
58372.1	58674.4	58372.1	58674.4	58372.1	
59302.3	58558.1	59302.3	58558.1	59302.3	
58255.8	59255.8	58255.8	59255.8	58255.8	
59069.8	59953.5	59069.8	59953.5	59069.8	
58907	58953.5	58907	58953.5	58907	
57907	60023.3	57907	60023.3	57907	
58488.4	57720.9	58488.4	57720.9	58488.4	
58069.8	56790.7	58069.8	56790.7	58069.8	
58488.4	59720.9	58488.4	59720.9	58488.4	
57441.9	60069.8	57441.9	60069.8	57441.9	
57674.4	57558.1	57674.4	57558.1	57674.4	
60302.3	60023.3	60302.3	60023.3	60302.3	
59604.7	59302.3	59604.7	59302.3	59604.7	
60069.8	59255.8	60069.8	59255.8	60069.8	
60604.7	59069.8	60604.7	59069.8	60604.7	
58372.1	59953.5	58372.1	59953.5	58372.1	
59302.3	58139.5	59302.3	58139.5	59302.3	
59302.3	58255.8	59302.3	58255.8	59302.3	
59418.6	59720.9	59418.6	59720.9	59418.6	
58302.3	59418.6	58302.3	59418.6	58302.3	
58953.5	59720.9	58953.5	59720.9	58953.5	
58139.5	58372.1	58139.5	58372.1	58139.5	
61069.8	59837.2	61069.8	59837.2	61069.8	
58069.8	58302.3	58069.8	58302.3	58069.8	
58558.1	60069.8	58558.1	60069.8	58558.1	
58302.3	57023.3	58302.3	57023.3	58302.3	
58023.3	58720.9	58023.3	58720.9	58023.3	
58441.9	59767.4	58441.9	59767.4	58441.9	
58907	58907	58907	58907	58907	
57720.9	60023.3	57720.9	60023.3	57720.9	
59604.7	60953.5	59604.7	60953.5	59604.7	
58907	58558.1	58907	58558.1	58907	
58837.2	59069.8	58837.2	59069.8	58837.2	
58139.5	60255.8	58139.5	60255.8	58139.5	
60139.5	58953.5	60139.5	58953.5	60139.5	
59651.2	59186	59651.2	59186	59651.2	
59069.8	59255.8	59069.8	59255.8	59069.8	
59907	59069.8	59907	59069.8	59907	
59418.6	58604.7	59418.6	58604.7	59418.6	
58674.4	57023.3	58674.4	57023.3	58674.4	
58674.4	58069.8	58674.4	58069.8	58674.4	
59534.9	60767.4	59534.9	60767.4	59534.9	
57953.5	59186	57953.5	59186	57953.5	
58674.4	59534.9	58674.4	59534.9	58674.4	
58953.5	60023.3	58953.5	60023.3	58953.5	
59418.6	60418.6	59418.6	60418.6	59418.6	
58139.5	59651.2	58139.5	59651.2	58139.5	
60139.5	58558.1	60139.5	58558.1	60139.5	
58953.5	58023.3	58953.5	58023.3	58953.5	
58674.4	58720.9	58674.4	58720.9	58674.4	
58674.4	59255.8	58674.4	59255.8	58674.4	
58837.2	58186	58837.2	58186	58837.2	
57837.2	58558.1	57837.2	58558.1	57837.2	
59255.8	57720.9	59255.8	57720.9	59255.8	
60837.2	57604.7	60837.2	57604.7	60837.2	
60372.1	58302.3	60372.1	58302.3	60372.1	
59534.9	58488.4	59534.9	58488.4	59534.9	
58441.9	60302.3	58441.9	60302.3	58441.9	
58302.3	60255.8	58302.3	60255.8	58302.3	
59023.3	59837.2	59023.3	59837.2	59023.3	
59255.8	58186	59255.8	58186	59255.8	
60372.1	59837.2	60372.1	59837.2	60372.1	
60023.3	60488.4	60023.3	60488.4	60023.3	
57953.5	58720.9	57953.5	58720.9	57953.5	
59023.3	59534.9	59023.3	59534.9	59023.3	
58558.1	61651.2	58558.1	61651.2	58558.1	
58674.4	59651.2	58674.4	59651.2	58674.4	
58604.7	60372.1	58604.7	60372.1	58604.7	
58720.9	58441.9	58720.9	58441.9	58720.9	
59488.4	59302.3	59488.4	59302.3	59488.4	
60186	58023.3	60186	58023.3	60186	
60372.1	58790.7	60372.1	58790.7	60372.1	
58837.2	58558.1	58837.2	58558.1	58837.2	
60302.3	57209.3	60302.3	57209.3	60302.3	
58441.9	58953.5	58441.9	58953.5	58441.9	
59837.2	58674.4	59837.2	58674.4	59837.2	
59837.2	58674.4	59837.2	58674.4	59837.2	
59418.6	58790.7	59418.6	58790.7	59418.6	
58139.5	58139.5	58139.5	58139.5	58139.5	
60023.3	59139.5	60023.3	59139.5	60023.3	
58720.9	59767.4	58720.9	59767.4	58720.9	
59069.8	57907	59069.8	57907	59069.8	
57720.9	57372.1	57720.9	57372.1	57720.9	
57558.1	60372.1	57558.1	60372.1	57558.1	
59302.3	58488.4	59302.3	58488.4	59302.3	
58674.4	58604.7	58674.4	58604.7	58674.4	
57093	58023.3	57093	58023.3	57093	
58139.5	58069.8	58139.5	58069.8	58139.5	
58069.8	59255.8	58069.8	59255.8	58069.8	
58372.1	57720.9	58372.1	57720.9	58372.1	
59651.2	59907	59651.2	59907	59651.2	
60302.3	58907	60302.3	58907	60302.3	
58604.7	59720.9	58604.7	59720.9	58604.7	
58790.7	59604.7	58790.7	59604.7	58790.7	
60953.5	59069.8	60953.5	59069.8	60953.5	
57953.5	58441.9	57953.5	58441.9	57953.5	
59534.9	58255.8	59534.9	58255.8	59534.9	
60139.5	59604.7	60139.5	59604.7	60139.5	
57604.7	58720.9	57604.7	58720.9	57604.7	
59302.3	58488.4	59302.3	58488.4	59302.3	
59186	59186	59186	59186	59186	
57558.1	58302.3	57558.1	58302.3	57558.1	
58069.8	56720.9	58069.8	56720.9	58069.8	
59720.9	59953.5	59720.9	59953.5	59720.9	
58488.4	59372.1	58488.4	59372.1	58488.4	
59255.8	57720.9	59255.8	57720.9	59255.8	
59255.8	58441.9	59255.8	58441.9	59255.8	
59488.4	59302.3	59488.4	59302.3	59488.4	
58558.1	59488.4	58558.1	59488.4	58558.1	
59255.8	61302.3	59255.8	61302.3	59255.8	
58674.4	58837.2	58674.4	58837.2	58674.4	
58186	58604.7	58186	58604.7	58186	
58674.4	58720.9	58674.4	58720.9	58674.4	
60302.3	60069.8	60302.3	60069.8	60302.3	
58790.7	57255.8	58790.7	57255.8	58790.7	
56604.7	59534.9	56604.7	59534.9	56604.7	
59907	59418.6	59907	59418.6	59907	
59418.6	60069.8	59418.6	60069.8	59418.6	
58372.1	59534.9	58372.1	59534.9	58372.1	
60069.8	59418.6	60069.8	59418.6	60069.8	
58907	59069.8	58907	59069.8	58907	
58558.1	58558.1	58558.1	58558.1	58558.1	
58790.7	60255.8	58790.7	60255.8	58790.7	
57093	60139.5	57093	60139.5	57093	
58139.5	58674.4	58139.5	58674.4	58139.5	
58488.4	58953.5	58488.4	58953.5	58488.4	
58558.1	59372.1	58558.1	59372.1	58558.1	
60186	59186	60186	59186	60186	
59488.4	60069.8	59488.4	60069.8	59488.4	
59907	58255.8	59907	58255.8	59907	
59720.9	60302.3	59720.9	60302.3	59720.9	
58069.8	59069.8	58069.8	59069.8	58069.8	
59604.7	58302.3	59604.7	58302.3	59604.7	
59372.1	59069.8	59372.1	59069.8	59372.1	
58674.4	57837.2	58674.4	57837.2	58674.4	
58790.7	59418.6	58790.7	59418.6	58790.7	
57488.4	59186	57488.4	59186	57488.4	
58372.1	59139.5	58372.1	59139.5	58372.1	
56255.8	57907	56255.8	57907	56255.8	
59651.2	58558.1	59651.2	58558.1	59651.2	
59372.1	59720.9	59372.1	59720.9	59372.1	
57209.3	59023.3	57209.3	59023.3	57209.3	
59767.4	57325.6	59767.4	57325.6	59767.4	
59302.3	60255.8	59302.3	60255.8	59302.3	
58441.9	61000	58441.9	61000	58441.9	
58372.1	58441.9	58372.1	58441.9	58372.1	
56023.3	59139.5	56023.3	59139.5	56023.3	
58720.9	57953.5	58720.9	57953.5	58720.9	
59418.6	59767.4	59418.6	59767.4	59418.6	
57674.4	57674.4	57674.4	57674.4	57674.4	
58720.9	59534.9	58720.9	59534.9	58720.9	
58953.5	60255.8	58953.5	60255.8	58953.5	
59023.3	60488.4	59023.3	60488.4	59023.3	
59488.4	60139.5	59488.4	60139.5	59488.4	
58139.5	58953.5	58139.5	58953.5	58139.5	
59837.2	58488.4	59837.2	58488.4	59837.2	
59837.2	59069.8	59837.2	59069.8	59837.2	
57255.8	58488.4	57255.8	58488.4	57255.8	
59488.4	60534.9	59488.4	60534.9	59488.4	
58255.8	59372.1	58255.8	59372.1	58255.8	
57907	57953.5	57907	57953.5	57907	
62116.3	60837.2	62116.3	60837.2	62116.3	
59418.6	58907	59418.6	58907	59418.6	
59488.4	57907	59488.4	57907	59488.4	
59604.7	58488.4	59604.7	58488.4	59604.7	
58953.5	57209.3	58953.5	57209.3	58953.5	
59186	58907	59186	58907	59186	
59023.3	59534.9	59023.3	59534.9	59023.3	
60883.7	58720.9	60883.7	58720.9	60883.7	
58139.5	57837.2	58139.5	57837.2	58139.5	
57720.9	59907	57720.9	59907	57720.9	
57139.5	60837.2	57139.5	60837.2	57139.5	
58790.7	59186	58790.7	59186	58790.7	
59953.5	58302.3	59953.5	58302.3	59953.5	
58139.5	58558.1	58139.5	58558.1	58139.5	
58720.9	59372.1	58720.9	59372.1	58720.9	
59372.1	58186	59372.1	58186	59372.1	
58186	57720.9	58186	57720.9	58186	
58674.4	57953.5	58674.4	57953.5	58674.4	
57790.7	59255.8	57790.7	59255.8	57790.7	
58907	59069.8	58907	59069.8	58907	
58139.5	58488.4	58139.5	58488.4	58139.5	
60139.5	59302.3	60139.5	59302.3	60139.5	
58372.1	59767.4	58372.1	59767.4	58372.1	
60418.6	57604.7	60418.6	57604.7	60418.6	
58372.1	59651.2	58372.1	59651.2	58372.1	
59418.6	58302.3	59418.6	58302.3	59418.6	
59720.9	58255.8	59720.9	58255.8	59720.9	
59907	58720.9	59907	58720.9	59907	
59139.5	60302.3	59139.5	60302.3	59139.5	
58488.4	58674.4	58488.4	58674.4	58488.4	
57720.9	59837.2	57720.9	59837.2	57720.9	
58674.4	59372.1	58674.4	59372.1	58674.4	
58558.1	57372.1	58558.1	57372.1	58558.1	
58837.2	57790.7	58837.2	57790.7	58837.2	
58674.4	58488.4	58674.4	58488.4	58674.4	
59302.3	58255.8	59302.3	58255.8	59302.3	
58255.8	59767.4	58255.8	59767.4	58255.8	
58186	60767.4	58186	60767.4	58186	
58255.8	59837.2	58255.8	59837.2	58255.8	
59767.4	58558.1	59767.4	58558.1	59767.4	
58604.7	58186	58604.7	58186	58604.7	
57837.2	57093	57837.2	57093	57837.2	
59418.6	58372.1	59418.6	58372.1	59418.6	
58790.7	57441.9	58790.7	57441.9	58790.7	
58023.3	56674.4	58023.3	56674.4	58023.3	
58837.2	56372.1	58837.2	56372.1	58837.2	
59139.5	59372.1	59139.5	59372.1	59139.5	
59139.5	59767.4	59139.5	59767.4	59139.5	
60883.7	58720.9	60883.7	58720.9	60883.7	
58907	59023.3	58907	59023.3	58907	
58837.2	57023.3	58837.2	57023.3	58837.2	
60139.5	57209.3	60139.5	57209.3	60139.5	
59069.8	58139.5	59069.8	58139.5	59069.8	
59720.9	57604.7	59720.9	57604.7	59720.9	
58255.8	61255.8	58255.8	61255.8	58255.8	
58488.4	59534.9	58488.4	59534.9	58488.4	
59255.8	59069.8	59255.8	59069.8	59255.8	
59534.9	58023.3	59534.9	58023.3	59534.9	
59372.1	58907	59372.1	58907	59372.1	
58558.1	58837.2	58558.1	58837.2	58558.1	
58441.9	58837.2	58441.9	58837.2	58441.9	
56790.7	58604.7	56790.7	58604.7	56790.7	
58023.3	58790.7	58023.3	58790.7	58023.3	
58720.9	58604.7	58720.9	58604.7	58720.9	
57953.5	59534.9	57953.5	59534.9	57953.5	
58604.7	58255.8	58604.7	58255.8	58604.7	
58488.4	57093	58488.4	57093	58488.4	
57953.5	60069.8	57953.5	60069.8	57953.5	
58907	58720.9	58907	58720.9	58907	
59767.4	57907	59767.4	57907	59767.4	
58837.2	59488.4	58837.2	59488.4	58837.2	
59023.3	58441.9	59023.3	58441.9	59023.3	
60604.7	60139.5	60604.7	60139.5	60604.7	
59418.6	60302.3	59418.6	60302.3	59418.6	
60139.5	57441.9	60139.5	57441.9	60139.5	
59534.9	58674.4	59534.9	58674.4	59534.9	
58069.8	58255.8	58069.8	58255.8	58069.8	
59837.2	59255.8	59837.2	59255.8	59837.2	
57837.2	58604.7	57837.2	58604.7	57837.2	
58674.4	57907	58674.4	57907	58674.4	
57907	59418.6	57907	59418.6	57907	
60186	58558.1	60186	58558.1	60186	
59418.6	58674.4	59418.6	58674.4	59418.6	
58790.7	58720.9	58790.7	58720.9	58790.7	
60372.1	60255.8	60372.1	60255.8	60372.1	
60488.4	60418.6	60488.4	60418.6	60488.4	
58790.7	57372.1	58790.7	57372.1	58790.7	
59372.1	58488.4	59372.1	58488.4	59372.1	
58069.8	60069.8	58069.8	60069.8	58069.8	
58790.7	59186	58790.7	59186	58790.7	
57093	58069.8	57093	58069.8	57093	
59604.7	60534.9	59604.7	60534.9	59604.7	
60372.1	58907	60372.1	58907	60372.1	
58907	59534.9	58907	59534.9	58907	
59372.1	58441.9	59372.1	58441.9	59372.1	
60069.8	57023.3	60069.8	57023.3	60069.8	
59907	58488.4	59907	58488.4	59907	
59139.5	58604.7	59139.5	58604.7	59139.5	
56837.2	57907	56837.2	57907	56837.2	
56976.7	59767.4	56976.7	59767.4	56976.7	
60023.3	58255.8	60023.3	58255.8	60023.3	
58441.9	58907	58441.9	58907	58441.9	
59418.6	56837.2	59418.6	56837.2	59418.6	
59720.9	60023.3	59720.9	60023.3	59720.9	
57441.9	57325.6	57441.9	57325.6	57441.9	
59534.9	59023.3	59534.9	59023.3	59534.9	
58488.4	58837.2	58488.4	58837.2	58488.4	
60302.3	59604.7	60302.3	59604.7	60302.3	
59023.3	56372.1	59023.3	56372.1	59023.3	
58837.2	56558.1	58837.2	56558.1	58837.2	
58139.5	57720.9	58139.5	57720.9	58139.5	
57139.5	58255.8	57139.5	58255.8	57139.5	
60255.8	59186	60255.8	59186	60255.8	
59837.2	59488.4	59837.2	59488.4	59837.2	
58720.9	58139.5	58720.9	58139.5	58720.9	
58604.7	57907	58604.7	57907	58604.7	
58790.7	58558.1	58790.7	58558.1	58790.7	
59534.9	60186	59534.9	60186	59534.9	
59069.8	57953.5	59069.8	57953.5	59069.8	
58069.8	59651.2	58069.8	59651.2	58069.8	
57441.9	59418.6	57441.9	59418.6	57441.9	
59604.7	59139.5	59604.7	59139.5	59604.7	
59186	58907	59186	58907	59186	
58604.7	59186	58604.7	59186	58604.7	
57488.4	59372.1	57488.4	59372.1	57488.4	
60488.4	58674.4	60488.4	58674.4	60488.4	
59418.6	59534.9	59418.6	59534.9	59418.6	
60069.8	59651.2	60069.8	59651.2	60069.8	
60139.5	59255.8	60139.5	59255.8	60139.5	
58255.8	58837.2	58255.8	58837.2	58255.8	
57674.4	58255.8	57674.4	58255.8	57674.4	
57720.9	58720.9	57720.9	58720.9	57720.9	
59907	59023.3	59907	59023.3	59907	
58069.8	60418.6	58069.8	60418.6	58069.8	
59720.9	58372.1	59720.9	58372.1	59720.9	
57325.6	60069.8	57325.6	60069.8	57325.6	
60139.5	59604.7	60139.5	59604.7	60139.5	
57837.2	58907	57837.2	58907	57837.2	
58441.9	59023.3	58441.9	59023.3	58441.9	
57488.4	59302.3	57488.4	59302.3	57488.4	
58069.8	59651.2	58069.8	59651.2	58069.8	
58558.1	58255.8	58558.1	58255.8	58558.1	
58302.3	59418.6	58302.3	59418.6	58302.3	
58488.4	59720.9	58488.4	59720.9	58488.4	
59418.6	57907	59418.6	57907	59418.6	
59720.9	59953.5	59720.9	59953.5	59720.9	
58558.1	59720.9	58558.1	59720.9	58558.1	
59604.7	58558.1	59604.7	58558.1	59604.7	
58186	58441.9	58186	58441.9	58186	
58302.3	58837.2	58302.3	58837.2	58302.3	
59139.5	60302.3	59139.5	60302.3	59139.5	
59720.9	59255.8	59720.9	59255.8	59720.9	
57558.1	57837.2	57558.1	57837.2	57558.1	
60255.8	59651.2	60255.8	59651.2	60255.8	
59720.9	59302.3	59720.9	59302.3	59720.9	
60023.3	60372.1	60023.3	60372.1	60023.3	
57953.5	58907	57953.5	58907	57953.5	
57604.7	58674.4	57604.7	58674.4	57604.7	
60372.1	59837.2	60372.1	59837.2	60372.1	
59255.8	58488.4	59255.8	58488.4	59255.8	
57674.4	58186	57674.4	58186	57674.4	
57907	59418.6	57907	59418.6	57907	
59953.5	60720.9	59953.5	60720.9	59953.5	
57023.3	58953.5	57023.3	58953.5	57023.3	
58674.4	58907	58674.4	58907	58674.4	
59418.6	58720.9	59418.6	58720.9	59418.6	
59907	59604.7	59907	59604.7	59907	
59023.3	59907	59023.3	59907	59023.3	
61302.3	58069.8	61302.3	58069.8	61302.3	
59069.8	58837.2	59069.8	58837.2	59069.8	
60534.9	57488.4	60534.9	57488.4	60534.9	
59488.4	60255.8	59488.4	60255.8	59488.4	
58790.7	59139.5	58790.7	59139.5	58790.7	
58441.9	58674.4	58441.9	58674.4	58441.9	
58488.4	58837.2	58488.4	58837.2	58488.4	
57093	59302.3	57093	59302.3	57093	
58302.3	59534.9	58302.3	59534.9	58302.3	
57255.8	57558.1	57255.8	57558.1	57255.8	
60837.2	59767.4	60837.2	59767.4	60837.2	
60418.6	59418.6	60418.6	59418.6	60418.6	
57953.5	60023.3	57953.5	60023.3	57953.5	
60302.3	57674.4	60302.3	57674.4	60302.3	
59767.4	59255.8	59767.4	59255.8	59767.4	
58441.9	58604.7	58441.9	58604.7	58441.9	
59953.5	59604.7	59953.5	59604.7	59953.5	
58953.5	58372.1	58953.5	58372.1	58953.5	
59651.2	59069.8	59651.2	59069.8	59651.2	
58488.4	59604.7	58488.4	59604.7	58488.4	
60488.4	60255.8	60488.4	60255.8	60488.4	
59372.1	57441.9	59372.1	57441.9	59372.1	
56907	59418.6	56907	59418.6	56907	
58441.9	58953.5	58441.9	58953.5	58441.9	
57953.5	58372.1	57953.5	58372.1	57953.5	
60139.5	59069.8	60139.5	59069.8	60139.5	
58837.2	59418.6	58837.2	59418.6	58837.2	
59023.3	57837.2	59023.3	57837.2	59023.3	
58255.8	57372.1	58255.8	57372.1	58255.8	
58953.5	59418.6	58953.5	59418.6	58953.5	
59372.1	59186	59372.1	59186	59372.1	
57674.4	61000	57674.4	61000	57674.4	
59953.5	59255.8	59953.5	59255.8	59953.5	
59488.4	58907	59488.4	58907	59488.4	
57837.2	59372.1	57837.2	59372.1	57837.2	
60953.5	60883.7	60953.5	60883.7	60953.5	
59069.8	58488.4	59069.8	58488.4	59069.8	
58558.1	58302.3	58558.1	58302.3	58558.1	
59372.1	57558.1	59372.1	57558.1	59372.1	
57953.5	58372.1	57953.5	58372.1	57953.5	
58372.1	59023.3	58372.1	59023.3	58372.1	
59186	59953.5	59186	59953.5	59186	
58441.9	59255.8	58441.9	59255.8	58441.9	
58604.7	59023.3	58604.7	59023.3	58604.7	
58023.3	58372.1	58023.3	58372.1	58023.3	
58023.3	60534.9	58023.3	60534.9	58023.3	
57139.5	59953.5	57139.5	59953.5	57139.5	
60139.5	56790.7	60139.5	56790.7	60139.5	
59907	60186	59907	60186	59907	
59604.7	59302.3	59604.7	59302.3	59604.7	
59255.8	59069.8	59255.8	59069.8	59255.8	
60069.8	60186	60069.8	60186	60069.8	
59604.7	58023.3	59604.7	58023.3	59604.7	
57255.8	57953.5	57255.8	57953.5	57255.8	
58023.3	58720.9	58023.3	58720.9	58023.3	
58674.4	58372.1	58674.4	58372.1	58674.4	
56720.9	59023.3	56720.9	59023.3	56720.9	
58837.2	58069.8	58837.2	58069.8	58837.2	
57441.9	58837.2	57441.9	58837.2	57441.9	
59023.3	59837.2	59023.3	59837.2	59023.3	
58488.4	58255.8	58488.4	58255.8	58488.4	
58488.4	58441.9	58488.4	58441.9	58488.4	
59534.9	59255.8	59534.9	59255.8	59534.9	
59302.3	60372.1	59302.3	60372.1	59302.3	
58558.1	57907	58558.1	57907	58558.1	
58790.7	58069.8	58790.7	58069.8	58790.7	
60883.7	57907	60883.7	57907	60883.7	
57907	58441.9	57907	58441.9	57907	
58837.2	57139.5	58837.2	57139.5	58837.2	
57372.1	58488.4	57372.1	58488.4	57372.1	
58302.3	58907	58302.3	58907	58302.3	
59372.1	57674.4	59372.1	57674.4	59372.1	
58953.5	58488.4	58953.5	58488.4	58953.5	
58139.5	59953.5	58139.5	59953.5	58139.5	
58302.3	58907	58302.3	58907	58302.3	
59139.5	61069.8	59139.5	61069.8	59139.5	
59302.3	59651.2	59302.3	59651.2	59302.3	
59488.4	59372.1	59488.4	59372.1	59488.4	
57558.1	57488.4	57558.1	57488.4	57558.1	
59139.5	58953.5	59139.5	58953.5	59139.5	
59418.6	60651.2	59418.6	60651.2	59418.6	
58139.5	59837.2	58139.5	59837.2	58139.5	
60302.3	58023.3	60302.3	58023.3	60302.3	
58674.4	59186	58674.4	59186	58674.4	
58837.2	59604.7	58837.2	59604.7	58837.2	
58186	57604.7	58186	57604.7	58186	
58488.4	59651.2	58488.4	59651.2	58488.4	
59302.3	59720.9	59302.3	59720.9	59302.3	
58372.1	59837.2	58372.1	59837.2	58372.1	
58837.2	59418.6	58837.2	59418.6	58837.2	
59069.8	58069.8	59069.8	58069.8	59069.8	
58558.1	57953.5	58558.1	57953.5	58558.1	
59302.3	60186	59302.3	60186	59302.3	
59418.6	60720.9	59418.6	60720.9	59418.6	
57790.7	59255.8	57790.7	59255.8	57790.7	
59767.4	58441.9	59767.4	58441.9	59767.4	
58907	59418.6	58907	59418.6	58907	
59069.8	59255.8	59069.8	59255.8	59069.8	
59720.9	58488.4	59720.9	58488.4	59720.9	
58558.1	58069.8	58558.1	58069.8	58558.1	
58372.1	58837.2	58372.1	58837.2	58372.1	
58488.4	58302.3	58488.4	58302.3	58488.4	
60372.1	57720.9	60372.1	57720.9	60372.1	
60534.9	58302.3	60534.9	58302.3	60534.9	
59720.9	59023.3	59720.9	59023.3	59720.9	
58604.7	59907	58604.7	59907	58604.7	
58302.3	59255.8	58302.3	59255.8	58302.3	
57604.7	58720.9	57604.7	58720.9	57604.7	
58139.5	57837.2	58139.5	57837.2	58139.5	
59720.9	57720.9	59720.9	57720.9	59720.9	
58255.8	59604.7	58255.8	59604.7	58255.8	
59139.5	59023.3	59139.5	59023.3	59139.5	
59953.5	58558.1	59953.5	58558.1	59953.5	
58837.2	56907	58837.2	56907	58837.2	
59953.5	60372.1	59953.5	60372.1	59953.5	
59372.1	58604.7	59372.1	58604.7	59372.1	
57790.7	58441.9	57790.7	58441.9	57790.7	
57372.1	61255.8	57372.1	61255.8	57372.1	
58604.7	57720.9	58604.7	57720.9	58604.7	
58186	59023.3	58186	59023.3	58186	
59069.8	59767.4	59069.8	59767.4	59069.8	
59837.2	60139.5	59837.2	60139.5	59837.2	
57139.5	58139.5	57139.5	58139.5	57139.5	
56837.2	57558.1	56837.2	57558.1	56837.2	
57558.1	59372.1	57558.1	59372.1	57558.1	
59651.2	60255.8	59651.2	60255.8	59651.2	
60372.1	59953.5	60372.1	59953.5	60372.1	
58441.9	57674.4	58441.9	57674.4	58441.9	
60069.8	58790.7	60069.8	58790.7	60069.8	
58558.1	60139.5	58558.1	60139.5	58558.1	
58302.3	60139.5	58302.3	60139.5	58302.3	
56907	59837.2	56907	59837.2	56907	
59907	57209.3	59907	57209.3	59907	
58488.4	57604.7	58488.4	57604.7	58488.4	
59953.5	57720.9	59953.5	57720.9	59953.5	
59139.5	60534.9	59139.5	60534.9	59139.5	
59372.1	59907	59372.1	59907	59372.1	
58907	59302.3	58907	59302.3	58907	
57720.9	58674.4	57720.9	58674.4	57720.9	
59023.3	58604.7	59023.3	58604.7	59023.3	
61302.3	58488.4	61302.3	58488.4	61302.3	
59302.3	59837.2	59302.3	59837.2	59302.3	
59767.4	58953.5	59767.4	58953.5	59767.4	
59186	59534.9	59186	59534.9	59186	
57720.9	60488.4	57720.9	60488.4	57720.9	
58186	59372.1	58186	59372.1	58186	
59069.8	58604.7	59069.8	58604.7	59069.8	
60372.1	58069.8	60372.1	58069.8	60372.1	
59023.3	57558.1	59023.3	57558.1	59023.3	
56976.7	58720.9	56976.7	58720.9	56976.7	
59302.3	58604.7	59302.3	58604.7	59302.3	
57558.1	58953.5	57558.1	58953.5	57558.1	
59604.7	59837.2	59604.7	59837.2	59604.7	
59372.1	59139.5	59372.1	59139.5	59372.1	
58023.3	59372.1	58023.3	59372.1	58023.3	
59418.6	60837.2	59418.6	60837.2	59418.6	
58302.3	59255.8	58302.3	59255.8	58302.3	
59302.3	60139.5	59302.3	60139.5	59302.3	
58372.1	58488.4	58372.1	58488.4	58372.1	
58907	59418.6	58907	59418.6	58907	
58302.3	59953.5	58302.3	59953.5	58302.3	
59604.7	59372.1	59604.7	59372.1	59604.7	
58604.7	57953.5	58604.7	57953.5	58604.7	
60372.1	59720.9	60372.1	59720.9	60372.1	
59069.8	57720.9	59069.8	57720.9	59069.8	
57837.2	58907	57837.2	58907	57837.2	
60139.5	60372.1	60139.5	60372.1	60139.5	
59651.2	58837.2	59651.2	58837.2	59651.2	
57255.8	59953.5	57255.8	59953.5	57255.8	
58372.1	60023.3	58372.1	60023.3	58372.1	
59604.7	58837.2	59604.7	58837.2	59604.7	
59953.5	59372.1	59953.5	59372.1	59953.5	
60302.3	60953.5	60302.3	60953.5	60302.3	
59651.2	60186	59651.2	60186	59651.2	
57325.6	59069.8	57325.6	59069.8	57325.6	
58023.3	57790.7	58023.3	57790.7	58023.3	
59023.3	58372.1	59023.3	58372.1	59023.3	
58139.5	61651.2	58139.5	61651.2	58139.5	
56558.1	58674.4	56558.1	58674.4	56558.1	
58441.9	58372.1	58441.9	58372.1	58441.9	
58907	57837.2	58907	57837.2	58907	
57720.9	57790.7	57720.9	57790.7	57720.9	
59767.4	58953.5	59767.4	58953.5	59767.4	
59186	59767.4	59186	59767.4	59186	
58720.9	60953.5	58720.9	60953.5	58720.9	
58488.4	58069.8	58488.4	58069.8	58488.4	
59186	58302.3	59186	58302.3	59186	
57674.4	59023.3	57674.4	59023.3	57674.4	
59255.8	60139.5	59255.8	60139.5	59255.8	
57953.5	57790.7	57953.5	57790.7	57953.5	
59139.5	57953.5	59139.5	57953.5	59139.5	
60534.9	58674.4	60534.9	58674.4	60534.9	
58837.2	58302.3	58837.2	58302.3	58837.2	
58907	59604.7	58907	59604.7	58907	
58953.5	59720.9	58953.5	59720.9	58953.5	
58139.5	58372.1	58139.5	58372.1	58139.5	
59651.2	59186	59651.2	59186	59651.2	
59302.3	59139.5	59302.3	59139.5	59302.3	
58255.8	60720.9	58255.8	60720.9	58255.8	
57720.9	58790.7	57720.9	58790.7	57720.9	
58372.1	59302.3	58372.1	59302.3	58372.1	
58441.9	60186	58441.9	60186	58441.9	
59186	57674.4	59186	57674.4	59186	
58558.1	60255.8	58558.1	60255.8	58558.1	
57325.6	58441.9	57325.6	58441.9	57325.6	
59302.3	58837.2	59302.3	58837.2	59302.3	
58139.5	58907	58139.5	58907	58139.5	
57488.4	57790.7	57488.4	57790.7	57488.4	
57604.7	58139.5	57604.7	58139.5	57604.7	
59372.1	58604.7	59372.1	58604.7	59372.1	
59186	59418.6	59186	59418.6	59186	
58604.7	58953.5	58604.7	58953.5	58604.7	
57325.6	60069.8	57325.6	60069.8	57325.6	
58907	58837.2	58907	58837.2	58907	
60139.5	58953.5	60139.5	58953.5	60139.5	
58302.3	60883.7	58302.3	60883.7	58302.3	
58604.7	58907	58604.7	58907	58604.7	
57837.2	58604.7	57837.2	58604.7	57837.2	
59302.3	59302.3	59302.3	59302.3	59302.3	
59837.2	60302.3	59837.2	60302.3	59837.2	
57953.5	59720.9	57953.5	59720.9	57953.5	
56976.7	58023.3	56976.7	58023.3	56976.7	
59720.9	58488.4	59720.9	58488.4	59720.9	
57209.3	58604.7	57209.3	58604.7	57209.3	
58372.1	58604.7	58372.1	58604.7	58372.1	
59069.8	58069.8	59069.8	58069.8	59069.8	
57907	59372.1	57907	59372.1	57907	
60069.8	58069.8	60069.8	58069.8	60069.8	
59302.3	58720.9	59302.3	58720.9	59302.3	
60023.3	59069.8	60023.3	59069.8	60023.3	
58604.7	59023.3	58604.7	59023.3	58604.7	
59186	57558.1	59186	57558.1	59186	
57209.3	59023.3	57209.3	59023.3	57209.3	
58372.1	58674.4	58372.1	58674.4	58372.1	
59534.9	58720.9	59534.9	58720.9	59534.9	
58372.1	59604.7	58372.1	59604.7	58372.1	
57488.4	59023.3	57488.4	59023.3	57488.4	
58953.5	57953.5	58953.5	57953.5	58953.5	
58488.4	59651.2	58488.4	59651.2	58488.4	
57558.1	58186	57558.1	58186	57558.1	
58604.7	59069.8	58604.7	59069.8	58604.7	
58023.3	59023.3	58023.3	59023.3	58023.3	
58674.4	59302.3	58674.4	59302.3	58674.4	
57837.2	59604.7	57837.2	59604.7	57837.2	
58186	59767.4	58186	59767.4	58186	
57790.7	59767.4	57790.7	59767.4	57790.7	
57837.2	60534.9	57837.2	60534.9	57837.2	
57907	58720.9	57907	58720.9	57907	
58558.1	58023.3	58558.1	58023.3	58558.1	
58953.5	59302.3	58953.5	59302.3	58953.5	
58558.1	59418.6	58558.1	59418.6	58558.1	
59488.4	58720.9	59488.4	58720.9	59488.4	
58953.5	59720.9	58953.5	59720.9	58953.5	
58441.9	56907	58441.9	56907	58441.9	
57139.5	59767.4	57139.5	59767.4	57139.5	
58069.8	58907	58069.8	58907	58069.8	
58674.4	61116.3	58674.4	61116.3	58674.4	
59953.5	61255.8	59953.5	61255.8	59953.5	
60837.2	60302.3	60837.2	60302.3	60837.2	
57953.5	60023.3	57953.5	60023.3	57953.5	
59139.5	57674.4	59139.5	57674.4	59139.5	
58837.2	58441.9	58837.2	58441.9	58837.2	
59372.1	59418.6	59372.1	59418.6	59372.1	
59255.8	59651.2	59255.8	59651.2	59255.8	
58139.5	59651.2	58139.5	59651.2	58139.5	
57441.9	60372.1	57441.9	60372.1	57441.9	
59302.3	58837.2	59302.3	58837.2	59302.3	
60255.8	58069.8	60255.8	58069.8	60255.8	
59953.5	58790.7	59953.5	58790.7	59953.5	
60837.2	59837.2	60837.2	59837.2	60837.2	
58488.4	56558.1	58488.4	56558.1	58488.4	
58023.3	59418.6	58023.3	59418.6	58023.3	
58372.1	59488.4	58372.1	59488.4	58372.1	
57372.1	58302.3	57372.1	58302.3	57372.1	
58302.3	58604.7	58302.3	58604.7	58302.3	
56790.7	58953.5	56790.7	58953.5	56790.7	
57837.2	57255.8	57837.2	57255.8	57837.2	
59418.6	58674.4	59418.6	58674.4	59418.6	
59255.8	59023.3	59255.8	59023.3	59255.8	
60186	59651.2	60186	59651.2	60186	
57790.7	59023.3	57790.7	59023.3	57790.7	
58558.1	57674.4	58558.1	57674.4	58558.1	
57023.3	57093	57023.3	57093	57023.3	
58674.4	57139.5	58674.4	57139.5	58674.4	
58558.1	58674.4	58558.1	58674.4	58558.1	
59372.1	56558.1	59372.1	56558.1	59372.1	
58790.7	58139.5	58790.7	58139.5	58790.7	
58720.9	57837.2	58720.9	57837.2	58720.9	
57907	57255.8	57907	57255.8	57907	
56907	59907	56907	59907	56907	
58837.2	58953.5	58837.2	58953.5	58837.2	
59604.7	58488.4	59604.7	58488.4	59604.7	
57720.9	57488.4	57720.9	57488.4	57720.9	
58023.3	58720.9	58023.3	58720.9	58023.3	
59139.5	58674.4	59139.5	58674.4	59139.5	
57790.7	58674.4	57790.7	58674.4	57790.7	
58255.8	58441.9	58255.8	58441.9	58255.8	
59651.2	58255.8	59651.2	58255.8	59651.2	
59255.8	57953.5	59255.8	57953.5	59255.8	
59186	58255.8	59186	58255.8	59186	
59372.1	59651.2	59372.1	59651.2	59372.1	
59720.9	58372.1	59720.9	58372.1	59720.9	
59720.9	60767.4	59720.9	60767.4	59720.9	
59953.5	60023.3	59953.5	60023.3	59953.5	
57720.9	59720.9	57720.9	59720.9	57720.9	
60023.3	60418.6	60023.3	60418.6	60023.3	
57604.7	59186	57604.7	59186	57604.7	
58069.8	58372.1	58069.8	58372.1	58069.8	
58907	58372.1	58907	58372.1	58907	
59907	58907	59907	58907	59907	
58023.3	59488.4	58023.3	59488.4	58023.3	
57139.5	59837.2	57139.5	59837.2	57139.5	
58907	59186	58907	59186	58907	
58255.8	58837.2	58255.8	58837.2	58255.8	
59372.1	60720.9	59372.1	60720.9	59372.1	
58674.4	59255.8	58674.4	59255.8	58674.4	
59720.9	57907	59720.9	57907	59720.9	
57441.9	59023.3	57441.9	59023.3	57441.9	
59023.3	56720.9	59023.3	56720.9	59023.3	
59302.3	58604.7	59302.3	58604.7	59302.3	
58720.9	59023.3	58720.9	59023.3	58720.9	
59023.3	57209.3	59023.3	57209.3	59023.3	
57674.4	58302.3	57674.4	58302.3	57674.4	
58558.1	60139.5	58558.1	60139.5	58558.1	
59418.6	58837.2	59418.6	58837.2	59418.6	
58907	58441.9	58907	58441.9	58907	
59139.5	59534.9	59139.5	59534.9	59139.5	
58604.7	59372.1	58604.7	59372.1	58604.7	
58558.1	57953.5	58558.1	57953.5	58558.1	
58674.4	59069.8	58674.4	59069.8	58674.4	
57790.7	59302.3	57790.7	59302.3	57790.7	
59186	58837.2	59186	58837.2	59186	
59651.2	59069.8	59651.2	59069.8	59651.2	
58907	59418.6	58907	59418.6	58907	
58139.5	59069.8	58139.5	59069.8	58139.5	
59023.3	56976.7	59023.3	56976.7	59023.3	
58674.4	59186	58674.4	59186	58674.4	
58302.3	59186	58302.3	59186	58302.3	
58720.9	59255.8	58720.9	59255.8	58720.9	
58720.9	59767.4	58720.9	59767.4	58720.9	
57953.5	60720.9	57953.5	60720.9	57953.5	
58372.1	59488.4	58372.1	59488.4	58372.1	
59139.5	58558.1	59139.5	58558.1	59139.5	
58069.8	58302.3	58069.8	58302.3	58069.8	
58558.1	59069.8	58558.1	59069.8	58558.1	
58023.3	58720.9	58023.3	58720.9	58023.3	
56837.2	59488.4	56837.2	59488.4	56837.2	
58953.5	58186	58953.5	58186	58953.5	
57953.5	58674.4	57953.5	58674.4	57953.5	
59372.1	60139.5	59372.1	60139.5	59372.1	
58441.9	59953.5	58441.9	59953.5	58441.9	
57604.7	60651.2	57604.7	60651.2	57604.7	
57488.4	60837.2	57488.4	60837.2	57488.4	
58255.8	58255.8	58255.8	58255.8	58255.8	
57907	56209.3	57907	56209.3	57907	
58837.2	58907	58837.2	58907	58837.2	
58186	58790.7	58186	58790.7	58186	
58720.9	58790.7	58720.9	58790.7	58720.9	
59023.3	60186	59023.3	60186	59023.3	
58837.2	57488.4	58837.2	57488.4	58837.2	
58255.8	58604.7	58255.8	58604.7	58255.8	
59069.8	57953.5	59069.8	57953.5	59069.8	
58186	60534.9	58186	60534.9	58186	
57255.8	58558.1	57255.8	58558.1	57255.8	
58139.5	57209.3	58139.5	57209.3	58139.5	
57488.4	57674.4	57488.4	57674.4	57488.4	
60023.3	57441.9	60023.3	57441.9	60023.3	
60720.9	58255.8	60720.9	58255.8	60720.9	
58023.3	57837.2	58023.3	57837.2	58023.3	
57790.7	59651.2	57790.7	59651.2	57790.7	
59302.3	59302.3	59302.3	59302.3	59302.3	
58837.2	59651.2	58837.2	59651.2	58837.2	
56976.7	58907	56976.7	58907	56976.7	
59837.2	60534.9	59837.2	60534.9	59837.2	
58069.8	57837.2	58069.8	57837.2	58069.8	
58139.5	56837.2	58139.5	56837.2	58139.5	
59302.3	58302.3	59302.3	58302.3	59302.3	
57093	56976.7	57093	56976.7	57093	
58139.5	58488.4	58139.5	58488.4	58139.5	
58674.4	58558.1	58674.4	58558.1	58674.4	
58139.5	58674.4	58139.5	58674.4	58139.5	
58720.9	57023.3	58720.9	57023.3	58720.9	
60651.2	59069.8	60651.2	59069.8	60651.2	
57907	58907	57907	58907	57907	
60604.7	59023.3	60604.7	59023.3	60604.7	
59302.3	58604.7	59302.3	58604.7	59302.3	
58069.8	59418.6	58069.8	59418.6	58069.8	
59255.8	59186	59255.8	59186	59255.8	
59418.6	58837.2	59418.6	58837.2	59418.6	
58558.1	59837.2	58558.1	59837.2	58558.1	
57209.3	60023.3	57209.3	60023.3	57209.3	
59139.5	57953.5	59139.5	57953.5	59139.5	
58302.3	58907	58302.3	58907	58302.3	
57953.5	58720.9	57953.5	58720.9	57953.5	
58674.4	58139.5	58674.4	58139.5	58674.4	
58953.5	58953.5	58953.5	58953.5	58953.5	
58837.2	58488.4	58837.2	58488.4	58837.2	
58558.1	58372.1	58558.1	58372.1	58558.1	
58488.4	60534.9	58488.4	60534.9	58488.4	
57558.1	58139.5	57558.1	58139.5	57558.1	
58558.1	58302.3	58558.1	58302.3	58558.1	
58255.8	60651.2	58255.8	60651.2	58255.8	
57720.9	60604.7	57720.9	60604.7	57720.9	
58907	59302.3	58907	59302.3	58907	
58907	59302.3	58907	59302.3	58907	
57837.2	57604.7	57837.2	57604.7	57837.2	
60883.7	58907	60883.7	58907	60883.7	
60488.4	59720.9	60488.4	59720.9	60488.4	
60023.3	60255.8	60023.3	60255.8	60023.3	
58488.4	58720.9	58488.4	58720.9	58488.4	
60069.8	58069.8	60069.8	58069.8	60069.8	
59720.9	58837.2	59720.9	58837.2	59720.9	
58139.5	58674.4	58139.5	58674.4	58139.5	
59302.3	59186	59302.3	59186	59302.3	
58790.7	58069.8	58790.7	58069.8	58790.7	
58488.4	59372.1	58488.4	59372.1	58488.4	
59720.9	58023.3	59720.9	58023.3	59720.9	
59186	58604.7	59186	58604.7	59186	
58255.8	59720.9	58255.8	59720.9	58255.8	
58186	58790.7	58186	58790.7	58186	
59255.8	57674.4	59255.8	57674.4	59255.8	
59139.5	59372.1	59139.5	59372.1	59139.5	
59255.8	57674.4	59255.8	57674.4	59255.8	
60186	59372.1	60186	59372.1	60186	
59767.4	58441.9	59767.4	58441.9	59767.4	
58907	59534.9	58907	59534.9	58907	
61186	59302.3	61186	59302.3	61186	
58186	58488.4	58186	58488.4	58186	
57023.3	58023.3	57023.3	58023.3	57023.3	
58023.3	60023.3	58023.3	60023.3	58023.3	
59302.3	57441.9	59302.3	57441.9	59302.3	
59418.6	59069.8	59418.6	59069.8	59418.6	
59907	58790.7	59907	58790.7	59907	
58837.2	58790.7	58837.2	58790.7	58837.2	
59604.7	59069.8	59604.7	59069.8	59604.7	
58720.9	58720.9	58720.9	58720.9	58720.9	
58069.8	57674.4	58069.8	57674.4	58069.8	
59837.2	59720.9	59837.2	59720.9	59837.2	
58604.7	57139.5	58604.7	57139.5	58604.7	
59651.2	58837.2	59651.2	58837.2	59651.2	
58558.1	57720.9	58558.1	57720.9	58558.1	
58907	59418.6	58907	59418.6	58907	
59418.6	59720.9	59418.6	59720.9	59418.6	
59302.3	57255.8	59302.3	57255.8	59302.3	
59372.1	58837.2	59372.1	58837.2	59372.1	
58790.7	60139.5	58790.7	60139.5	58790.7	
58488.4	59255.8	58488.4	59255.8	58488.4	
58907	59488.4	58907	59488.4	58907	
59069.8	59651.2	59069.8	59651.2	59069.8	
58488.4	58372.1	58488.4	58372.1	58488.4	
59023.3	57720.9	59023.3	57720.9	59023.3	
59139.5	59023.3	59139.5	59023.3	59139.5	
57558.1	59604.7	57558.1	59604.7	57558.1	
59534.9	57720.9	59534.9	57720.9	59534.9	
58558.1	57907	58558.1	57907	58558.1	
59255.8	58837.2	59255.8	58837.2	59255.8	
59767.4	60418.6	59767.4	60418.6	59767.4	
59488.4	59651.2	59488.4	59651.2	59488.4	
59767.4	59534.9	59767.4	59534.9	59767.4	
59255.8	58372.1	59255.8	58372.1	59255.8	
58186	59186	58186	59186	58186	
59186	58069.8	59186	58069.8	59186	
58441.9	58441.9	58441.9	58441.9	58441.9	
58023.3	57790.7	58023.3	57790.7	58023.3	
58558.1	59069.8	58558.1	59069.8	58558.1	
58139.5	58302.3	58139.5	58302.3	58139.5	
59023.3	58186	59023.3	58186	59023.3	
58953.5	59418.6	58953.5	59418.6	58953.5	
60767.4	60069.8	60767.4	60069.8	60767.4	
58069.8	59302.3	58069.8	59302.3	58069.8	
56720.9	59023.3	56720.9	59023.3	56720.9	
59255.8	57674.4	59255.8	57674.4	59255.8	
59139.5	58907	59139.5	58907	59139.5	
60139.5	59418.6	60139.5	59418.6	60139.5	
58558.1	59418.6	58558.1	59418.6	58558.1	
56976.7	58790.7	56976.7	58790.7	56976.7	
59139.5	57674.4	59139.5	57674.4	59139.5	
58488.4	58953.5	58488.4	58953.5	58488.4	
58790.7	60302.3	58790.7	60302.3	58790.7	
58069.8	60069.8	58069.8	60069.8	58069.8	
59069.8	58302.3	59069.8	58302.3	59069.8	
58837.2	59302.3	58837.2	59302.3	58837.2	
60302.3	58558.1	60302.3	58558.1	60302.3	
58907	59767.4	58907	59767.4	58907	
58441.9	57558.1	58441.9	57558.1	58441.9	
59069.8	57837.2	59069.8	57837.2	59069.8	
59651.2	58837.2	59651.2	58837.2	59651.2	
57558.1	57488.4	57558.1	57488.4	57558.1	
58255.8	57907	58255.8	57907	58255.8	
58720.9	57953.5	58720.9	57953.5	58720.9	
59907	59372.1	59907	59372.1	59907	
56441.9	57790.7	56441.9	57790.7	56441.9	
59139.5	59907	59139.5	59907	59139.5	
57023.3	58023.3	57023.3	58023.3	57023.3	
57720.9	58255.8	57720.9	58255.8	57720.9	
57953.5	58488.4	57953.5	58488.4	57953.5	
57604.7	59604.7	57604.7	59604.7	57604.7	
58953.5	59139.5	58953.5	59139.5	58953.5	
58837.2	60069.8	58837.2	60069.8	58837.2	
59651.2	60186	59651.2	60186	59651.2	
59767.4	57488.4	59767.4	57488.4	59767.4	
57488.4	59186	57488.4	59186	57488.4	
58186	57790.7	58186	57790.7	58186	
60255.8	58488.4	60255.8	58488.4	60255.8	
58441.9	57953.5	58441.9	57953.5	58441.9	
58720.9	60488.4	58720.9	60488.4	58720.9	
59907	58674.4	59907	58674.4	59907	
60604.7	56441.9	60604.7	56441.9	60604.7	
58139.5	60186	58139.5	60186	58139.5	
60720.9	59534.9	60720.9	59534.9	60720.9	
57720.9	60255.8	57720.9	60255.8	57720.9	
59023.3	58953.5	59023.3	58953.5	59023.3	
60186	59023.3	60186	59023.3	60186	
58720.9	59837.2	58720.9	59837.2	58720.9	
58139.5	58837.2	58139.5	58837.2	58139.5	
60953.5	59534.9	60953.5	59534.9	60953.5	
57953.5	59720.9	57953.5	59720.9	57953.5	
60186	58790.7	60186	58790.7	60186	
58907	56720.9	58907	56720.9	58907	
58837.2	57907	58837.2	57907	58837.2	
58953.5	57907	58953.5	57907	58953.5	
58255.8	59372.1	58255.8	59372.1	58255.8	
59604.7	58790.7	59604.7	58790.7	59604.7	
58255.8	59302.3	58255.8	59302.3	58255.8	
58837.2	60837.2	58837.2	60837.2	58837.2	
58302.3	58604.7	58302.3	58604.7	58302.3	
58302.3	59534.9	58302.3	59534.9	58302.3	
58139.5	58441.9	58139.5	58441.9	58139.5	
59372.1	58604.7	59372.1	58604.7	59372.1	
59069.8	60069.8	59069.8	60069.8	59069.8	
58674.4	59069.8	58674.4	59069.8	58674.4	
56790.7	59907	56790.7	59907	56790.7	
59534.9	58837.2	59534.9	58837.2	59534.9	
59534.9	58720.9	59534.9	58720.9	59534.9	
58372.1	58372.1	58372.1	58372.1	58372.1	
58372.1	58023.3	58372.1	58023.3	58372.1	
57907	57720.9	57907	57720.9	57907	
58372.1	57441.9	58372.1	57441.9	58372.1	
60488.4	57953.5	60488.4	57953.5	60488.4	
58837.2	57441.9	58837.2	57441.9	58837.2	
60139.5	59488.4	60139.5	59488.4	60139.5	
57790.7	58604.7	57790.7	58604.7	57790.7	
60372.1	59302.3	60372.1	59302.3	60372.1	
57674.4	59418.6	57674.4	59418.6	57674.4	
58488.4	59069.8	58488.4	59069.8	58488.4	
59255.8	59488.4	59255.8	59488.4	59255.8	
57255.8	59534.9	57255.8	59534.9	57255.8	
60302.3	59302.3	60302.3	59302.3	60302.3	
57325.6	60651.2	57325.6	60651.2	57325.6	
58069.8	57441.9	58069.8	57441.9	58069.8	
58186	57837.2	58186	57837.2	58186	
58372.1	58953.5	58372.1	58953.5	58372.1	
57790.7	60372.1	57790.7	60372.1	57790.7	
57139.5	57953.5	57139.5	57953.5	57139.5	
58790.7	60372.1	58790.7	60372.1	58790.7	
58255.8	58186	58255.8	58186	58255.8	
58255.8	57488.4	58255.8	57488.4	58255.8	
57139.5	57953.5	57139.5	57953.5	57139.5	
59255.8	57907	59255.8	57907	59255.8	
58302.3	58558.1	58302.3	58558.1	58302.3	
59488.4	58604.7	59488.4	58604.7	59488.4	
59023.3	57558.1	59023.3	57558.1	59023.3	
58907	60488.4	58907	60488.4	58907	
59837.2	59651.2	59837.2	59651.2	59837.2	
60534.9	57604.7	60534.9	57604.7	60534.9	
59372.1	56604.7	59372.1	56604.7	59372.1	
58069.8	59255.8	58069.8	59255.8	58069.8	
59907	59069.8	59907	59069.8	59907	
60139.5	58907	60139.5	58907	60139.5	
60953.5	58790.7	60953.5	58790.7	60953.5	
58255.8	57837.2	58255.8	57837.2	58255.8	
58186	59023.3	58186	59023.3	58186	
58069.8	59069.8	58069.8	59069.8	58069.8	
59139.5	57558.1	59139.5	57558.1	59139.5	
57790.7	58674.4	57790.7	58674.4	57790.7	
58907	58674.4	58907	58674.4	58907	
57674.4	58790.7	57674.4	58790.7	57674.4	
58790.7	57907	58790.7	57907	58790.7	
58255.8	59023.3	58255.8	59023.3	58255.8	
58069.8	58604.7	58069.8	58604.7	58069.8	
58488.4	57325.6	58488.4	57325.6	58488.4	
58255.8	58186	58255.8	58186	58255.8	
60186	58953.5	60186	58953.5	60186	
58069.8	58186	58069.8	58186	58069.8	
57953.5	60488.4	57953.5	60488.4	57953.5	
59372.1	58907	59372.1	58907	59372.1	
58674.4	57093	58674.4	57093	58674.4	
59255.8	60069.8	59255.8	60069.8	59255.8	
57953.5	58255.8	57953.5	58255.8	57953.5	
59302.3	57907	59302.3	57907	59302.3	
58604.7	58372.1	58604.7	58372.1	58604.7	
57209.3	59255.8	57209.3	59255.8	57209.3	
57837.2	58139.5	57837.2	58139.5	57837.2	
59767.4	58907	59767.4	58907	59767.4	
56976.7	59069.8	56976.7	59069.8	56976.7	
57907	55907	57907	55907	57907	
58139.5	57023.3	58139.5	57023.3	58139.5	
59372.1	58255.8	59372.1	58255.8	59372.1	
58488.4	59907	58488.4	59907	58488.4	
58953.5	59651.2	58953.5	59651.2	58953.5	
59767.4	59604.7	59767.4	59604.7	59767.4	
59534.9	56976.7	59534.9	56976.7	59534.9	
58488.4	58907	58488.4	58907	58488.4	
58302.3	58441.9	58302.3	58441.9	58302.3	
59720.9	57953.5	59720.9	57953.5	59720.9	
59186	58604.7	59186	58604.7	59186	
58372.1	58488.4	58372.1	58488.4	58372.1	
59837.2	58372.1	59837.2	58372.1	59837.2	
59139.5	58837.2	59139.5	58837.2	59139.5	
58186	58720.9	58186	58720.9	58186	
59953.5	58139.5	59953.5	58139.5	59953.5	
58720.9	57488.4	58720.9	57488.4	58720.9	
58372.1	58720.9	58372.1	58720.9	58372.1	
60372.1	57558.1	60372.1	57558.1	60372.1	
59302.3	58790.7	59302.3	58790.7	59302.3	
59488.4	59186	59488.4	59186	59488.4	
58558.1	58837.2	58558.1	58837.2	58558.1	
59534.9	59139.5	59534.9	59139.5	59534.9	
59488.4	58558.1	59488.4	58558.1	59488.4	
59651.2	58441.9	59651.2	58441.9	59651.2	
59837.2	59488.4	59837.2	59488.4	59837.2	
60534.9	57209.3	60534.9	57209.3	60534.9	
58720.9	58139.5	58720.9	58139.5	58720.9	
58674.4	59604.7	58674.4	59604.7	58674.4	
58558.1	58604.7	58558.1	58604.7	58558.1	
58139.5	59488.4	58139.5	59488.4	58139.5	
59767.4	57558.1	59767.4	57558.1	59767.4	
61604.7	60372.1	61604.7	60372.1	61604.7	
58837.2	59069.8	58837.2	59069.8	58837.2	
60302.3	59186	60302.3	59186	60302.3	
58604.7	59488.4	58604.7	59488.4	58604.7	
58023.3	59953.5	58023.3	59953.5	58023.3	
57953.5	58558.1	57953.5	58558.1	57953.5	
58372.1	58953.5	58372.1	58953.5	58372.1	
58488.4	60651.2	58488.4	60651.2	58488.4	
58488.4	58674.4	58488.4	58674.4	58488.4	
60302.3	58441.9	60302.3	58441.9	60302.3	
58139.5	56441.9	58139.5	56441.9	58139.5	
58720.9	58186	58720.9	58186	58720.9	
57139.5	59372.1	57139.5	59372.1	57139.5	
58069.8	59418.6	58069.8	59418.6	58069.8	
59418.6	58488.4	59418.6	58488.4	59418.6	
57790.7	59372.1	57790.7	59372.1	57790.7	
60767.4	58604.7	60767.4	58604.7	60767.4	
58558.1	59651.2	58558.1	59651.2	58558.1	
58558.1	59372.1	58558.1	59372.1	58558.1	
58186	59488.4	58186	59488.4	58186	
59372.1	58604.7	59372.1	58604.7	59372.1	
58023.3	60023.3	58023.3	60023.3	58023.3	
59953.5	57488.4	59953.5	57488.4	59953.5	
56907	57674.4	56907	57674.4	56907	
59418.6	58790.7	59418.6	58790.7	59418.6	
58372.1	56837.2	58372.1	56837.2	58372.1	
59372.1	58837.2	59372.1	58837.2	59372.1	
59023.3	57558.1	59023.3	57558.1	59023.3	
59720.9	59651.2	59720.9	59651.2	59720.9	
59255.8	59720.9	59255.8	59720.9	59255.8	
58604.7	57255.8	58604.7	57255.8	58604.7	
58255.8	59069.8	58255.8	59069.8	58255.8	
57255.8	58790.7	57255.8	58790.7	57255.8	
59023.3	58790.7	59023.3	58790.7	59023.3	
56790.7	58790.7	56790.7	58790.7	56790.7	
59302.3	59418.6	59302.3	59418.6	59302.3	
59953.5	57674.4	59953.5	57674.4	59953.5	
59907	58558.1	59907	58558.1	59907	
57720.9	58674.4	57720.9	58674.4	57720.9	
57790.7	57139.5	57790.7	57139.5	57790.7	
57558.1	59488.4	57558.1	59488.4	57558.1	
58558.1	59069.8	58558.1	59069.8	58558.1	
58441.9	59604.7	58441.9	59604.7	58441.9	
57790.7	58953.5	57790.7	58953.5	57790.7	
56790.7	58907	56790.7	58907	56790.7	
57488.4	58558.1	57488.4	58558.1	57488.4	
59488.4	58139.5	59488.4	58139.5	59488.4	
56976.7	58837.2	56976.7	58837.2	56976.7	
59372.1	58302.3	59372.1	58302.3	59372.1	
59651.2	58953.5	59651.2	58953.5	59651.2	
60023.3	58790.7	60023.3	58790.7	60023.3	
59139.5	58372.1	59139.5	58372.1	59139.5	
59069.8	57907	59069.8	57907	59069.8	
58720.9	60069.8	58720.9	60069.8	58720.9	
58674.4	59255.8	58674.4	59255.8	58674.4	
59069.8	57255.8	59069.8	57255.8	59069.8	
59302.3	58372.1	59302.3	58372.1	59302.3	
59418.6	58720.9	59418.6	58720.9	59418.6	
57604.7	60023.3	57604.7	60023.3	57604.7	
57907	59720.9	57907	59720.9	57907	
57790.7	59302.3	57790.7	59302.3	57790.7	
58720.9	57209.3	58720.9	57209.3	58720.9	
60418.6	58302.3	60418.6	58302.3	60418.6	
58186	59186	58186	59186	58186	
58139.5	59604.7	58139.5	59604.7	58139.5	
60418.6	57558.1	60418.6	57558.1	60418.6	
57720.9	58953.5	57720.9	58953.5	57720.9	
59488.4	61255.8	59488.4	61255.8	59488.4	
59651.2	58441.9	59651.2	58441.9	59651.2	
58023.3	58255.8	58023.3	58255.8	58023.3	
59023.3	58558.1	59023.3	58558.1	59023.3	
58488.4	57953.5	58488.4	57953.5	58488.4	
59488.4	59767.4	59488.4	59767.4	59488.4	
57604.7	59767.4	57604.7	59767.4	57604.7	
59139.5	58907	59139.5	58907	59139.5	
59139.5	59139.5	59139.5	59139.5	59139.5	
60651.2	58139.5	60651.2	58139.5	60651.2	
59255.8	59907	59255.8	59907	59255.8	
58674.4	58255.8	58674.4	58255.8	58674.4	
58372.1	59907	58372.1	59907	58372.1	
58604.7	58255.8	58604.7	58255.8	58604.7	
59488.4	57674.4	59488.4	57674.4	59488.4	
59023.3	58907	59023.3	58907	59023.3	
58255.8	59255.8	58255.8	59255.8	58255.8	
60255.8	59720.9	60255.8	59720.9	60255.8	
57441.9	59372.1	57441.9	59372.1	57441.9	
58186	58488.4	58186	58488.4	58186	
60651.2	58953.5	60651.2	58953.5	60651.2	
59255.8	56441.9	59255.8	56441.9	59255.8	
58372.1	58790.7	58372.1	58790.7	58372.1	
58488.4	59069.8	58488.4	59069.8	58488.4	
58604.7	59255.8	58604.7	59255.8	58604.7	
59488.4	58907	59488.4	58907	59488.4	
57837.2	58069.8	57837.2	58069.8	57837.2	
58255.8	58674.4	58255.8	58674.4	58255.8	
58790.7	57674.4	58790.7	57674.4	58790.7	
58604.7	57372.1	58604.7	57372.1	58604.7	
56558.1	58255.8	56558.1	58255.8	56558.1	
59023.3	59953.5	59023.3	59953.5	59023.3	
58441.9	58837.2	58441.9	58837.2	58441.9	
58302.3	57907	58302.3	57907	58302.3	
58139.5	57488.4	58139.5	57488.4	58139.5	
57674.4	58790.7	57674.4	58790.7	57674.4	
58674.4	59139.5	58674.4	59139.5	58674.4	
57674.4	59767.4	57674.4	59767.4	57674.4	
58674.4	59907	58674.4	59907	58674.4	
61186	58604.7	61186	58604.7	61186	
58372.1	57837.2	58372.1	57837.2	58372.1	
59767.4	59186	59767.4	59186	59767.4	
58372.1	60139.5	58372.1	60139.5	58372.1	
58837.2	57953.5	58837.2	57953.5	58837.2	
57558.1	58720.9	57558.1	58720.9	57558.1	
58953.5	58907	58953.5	58907	58953.5	
59767.4	59488.4	59767.4	59488.4	59767.4	
60255.8	59837.2	60255.8	59837.2	60255.8	
58023.3	59069.8	58023.3	59069.8	58023.3	
59372.1	58907	59372.1	58907	59372.1	
58302.3	58488.4	58302.3	58488.4	58302.3	
57441.9	59023.3	57441.9	59023.3	57441.9	
58604.7	59534.9	58604.7	59534.9	58604.7	
56674.4	59534.9	56674.4	59534.9	56674.4	
59418.6	58372.1	59418.6	58372.1	59418.6	
60534.9	60302.3	60534.9	60302.3	60534.9	
57674.4	59604.7	57674.4	59604.7	57674.4	
58488.4	58604.7	58488.4	58604.7	58488.4	
58441.9	57790.7	58441.9	57790.7	58441.9	
59488.4	58488.4	59488.4	58488.4	59488.4	
58720.9	58953.5	58720.9	58953.5	58720.9	
58953.5	56837.2	58953.5	56837.2	58953.5	
58302.3	57907	58302.3	57907	58302.3	
57558.1	59720.9	57558.1	59720.9	57558.1	
58302.3	58441.9	58302.3	58441.9	58302.3	
58302.3	57953.5	58302.3	57953.5	58302.3	
58907	59255.8	58907	59255.8	58907	
59139.5	58837.2	59139.5	58837.2	59139.5	
58302.3	56558.1	58302.3	56558.1	58302.3	
60069.8	59534.9	60069.8	59534.9	60069.8	
58069.8	57093	58069.8	57093	58069.8	
58255.8	57720.9	58255.8	57720.9	58255.8	
58139.5	58604.7	58139.5	58604.7	58139.5	
59604.7	58837.2	59604.7	58837.2	59604.7	
58720.9	58720.9	58720.9	58720.9	58720.9	
59023.3	58186	59023.3	58186	59023.3	
58674.4	58372.1	58674.4	58372.1	58674.4	
59186	59186	59186	59186	59186	
59069.8	58255.8	59069.8	58255.8	59069.8	
57604.7	59255.8	57604.7	59255.8	57604.7	
59488.4	58837.2	59488.4	58837.2	59488.4	
57907	58837.2	57907	58837.2	57907	
58790.7	59372.1	58790.7	59372.1	58790.7	
60255.8	59488.4	60255.8	59488.4	60255.8	
58790.7	57488.4	58790.7	57488.4	58790.7	
57372.1	58953.5	57372.1	58953.5	57372.1	
57790.7	57674.4	57790.7	57674.4	57790.7	
68627.9	64814	68627.9	64814	68627.9	
59069.8	58790.7	59069.8	58790.7	59069.8	
59372.1	59418.6	59372.1	59418.6	59372.1	
59953.5	58302.3	59953.5	58302.3	59953.5	
58558.1	59534.9	58558.1	59534.9	58558.1	
58186	55860.5	58186	55860.5	58186	
57093	58790.7	57093	58790.7	57093	
59186	58302.3	59186	58302.3	59186	
60302.3	57720.9	60302.3	57720.9	60302.3	
59255.8	58837.2	59255.8	58837.2	59255.8	
58837.2	59186	58837.2	59186	58837.2	
57837.2	58302.3	57837.2	58302.3	57837.2	
60418.6	57837.2	60418.6	57837.2	60418.6	
60023.3	58372.1	60023.3	58372.1	60023.3	
58441.9	59767.4	58441.9	59767.4	58441.9	
58953.5	59139.5	58953.5	59139.5	58953.5	
56209.3	58674.4	56209.3	58674.4	56209.3	
56674.4	60069.8	56674.4	60069.8	56674.4	
58604.7	59767.4	58604.7	59767.4	58604.7	
58604.7	59186	58604.7	59186	58604.7	
58302.3	58139.5	58302.3	58139.5	58302.3	
59372.1	59534.9	59372.1	59534.9	59372.1	
58790.7	60255.8	58790.7	60255.8	58790.7	
57907	59186	57907	59186	57907	
58604.7	58674.4	58604.7	58674.4	58604.7	
58558.1	57790.7	58558.1	57790.7	58558.1	
56976.7	57441.9	56976.7	57441.9	56976.7	
56209.3	57674.4	56209.3	57674.4	56209.3	
59651.2	59953.5	59651.2	59953.5	59651.2	
58488.4	59069.8	58488.4	59069.8	58488.4	
60418.6	59023.3	60418.6	59023.3	60418.6	
58023.3	58139.5	58023.3	58139.5	58023.3	
60069.8	58255.8	60069.8	58255.8	60069.8	
58907	59837.2	58907	59837.2	58907	
60186	58139.5	60186	58139.5	60186	
59023.3	58674.4	59023.3	58674.4	59023.3	
57720.9	58139.5	57720.9	58139.5	57720.9	
57093	58674.4	57093	58674.4	57093	
59767.4	58488.4	59767.4	58488.4	59767.4	
58907	58953.5	58907	58953.5	58907	
58907	58720.9	58907	58720.9	58907	
57441.9	56720.9	57441.9	56720.9	57441.9	
60186	56372.1	60186	56372.1	60186	
60139.5	59255.8	60139.5	59255.8	60139.5	
60488.4	57255.8	60488.4	57255.8	60488.4	
58139.5	57488.4	58139.5	57488.4	58139.5	
58488.4	57790.7	58488.4	57790.7	58488.4	
59255.8	58441.9	59255.8	58441.9	59255.8	
58302.3	58907	58302.3	58907	58302.3	
58372.1	59186	58372.1	59186	58372.1	
59651.2	58720.9	59651.2	58720.9	59651.2	
60302.3	59488.4	60302.3	59488.4	60302.3	
58302.3	58372.1	58302.3	58372.1	58302.3	
59953.5	57907	59953.5	57907	59953.5	
60255.8	58186	60255.8	58186	60255.8	
60069.8	58907	60069.8	58907	60069.8	
58488.4	59488.4	58488.4	59488.4	58488.4	
58907	59767.4	58907	59767.4	58907	
57837.2	57790.7	57837.2	57790.7	57837.2	
58953.5	59907	58953.5	59907	58953.5	
58372.1	59069.8	58372.1	59069.8	58372.1	
56209.3	58186	56209.3	58186	56209.3	
59534.9	59302.3	59534.9	59302.3	59534.9	
57837.2	58674.4	57837.2	58674.4	57837.2	
58674.4	59023.3	58674.4	59023.3	58674.4	
58837.2	58255.8	58837.2	58255.8	58837.2	
60651.2	59186	60651.2	59186	60651.2	
57907	60255.8	57907	60255.8	57907	
56674.4	60372.1	56674.4	60372.1	56674.4	
57441.9	57837.2	57441.9	57837.2	57441.9	
59069.8	59023.3	59069.8	59023.3	59069.8	
57488.4	59255.8	57488.4	59255.8	57488.4	
57558.1	59069.8	57558.1	59069.8	57558.1	
60069.8	58674.4	60069.8	58674.4	60069.8	
58604.7	59139.5	58604.7	59139.5	58604.7	
57325.6	58441.9	57325.6	58441.9	57325.6	
58720.9	57953.5	58720.9	57953.5	58720.9	
59139.5	58720.9	59139.5	58720.9	59139.5	
59418.6	59302.3	59418.6	59302.3	59418.6	
60139.5	57790.7	60139.5	57790.7	60139.5	
59139.5	58139.5	59139.5	58139.5	59139.5	
59023.3	57790.7	59023.3	57790.7	59023.3	
58255.8	60186	58255.8	60186	58255.8	
60651.2	58372.1	60651.2	58372.1	60651.2	
60302.3	59372.1	60302.3	59372.1	60302.3	
59767.4	58255.8	59767.4	58255.8	59767.4	
57953.5	57488.4	57953.5	57488.4	57953.5	
58302.3	59372.1	58302.3	59372.1	58302.3	
59255.8	59302.3	59255.8	59302.3	59255.8	
58023.3	59069.8	58023.3	59069.8	58023.3	
58139.5	59255.8	58139.5	59255.8	58139.5	
58372.1	56372.1	58372.1	56372.1	58372.1	
59720.9	58604.7	59720.9	58604.7	59720.9	
59372.1	59418.6	59372.1	59418.6	59372.1	
57720.9	59069.8	57720.9	59069.8	57720.9	
59651.2	58907	59651.2	58907	59651.2	
60139.5	58674.4	60139.5	58674.4	60139.5	
59720.9	58488.4	59720.9	58488.4	59720.9	
59302.3	59023.3	59302.3	59023.3	59302.3	
59186	59302.3	59186	59302.3	59186	
59720.9	57558.1	59720.9	57558.1	59720.9	
59720.9	59767.4	59720.9	59767.4	59720.9	
59488.4	59837.2	59488.4	59837.2	59488.4	
58488.4	58441.9	58488.4	58441.9	58488.4	
58790.7	58023.3	58790.7	58023.3	58790.7	
57023.3	59023.3	57023.3	59023.3	57023.3	
59372.1	57674.4	59372.1	57674.4	59372.1	
58441.9	60837.2	58441.9	60837.2	58441.9	
58907	58023.3	58907	58023.3	58907	
59139.5	57837.2	59139.5	57837.2	59139.5	
58372.1	59604.7	58372.1	59604.7	58372.1	
59302.3	59418.6	59302.3	59418.6	59302.3	
59767.4	59372.1	59767.4	59372.1	59767.4	
58139.5	58907	58139.5	58907	58139.5	
59186	56441.9	59186	56441.9	59186	
57325.6	58953.5	57325.6	58953.5	57325.6	
57093	57720.9	57093	57720.9	57093	
58720.9	59651.2	58720.9	59651.2	58720.9	
58604.7	59069.8	58604.7	59069.8	58604.7	
59604.7	60069.8	59604.7	60069.8	59604.7	
57720.9	58441.9	57720.9	58441.9	57720.9	
58558.1	57558.1	58558.1	57558.1	58558.1	
59023.3	57837.2	59023.3	57837.2	59023.3	
60488.4	57209.3	60488.4	57209.3	60488.4	
59418.6	58488.4	59418.6	58488.4	59418.6	
58255.8	58837.2	58255.8	58837.2	58255.8	
59023.3	57720.9	59023.3	57720.9	59023.3	
59139.5	59139.5	59139.5	59139.5	59139.5	
60255.8	59186	60255.8	59186	60255.8	
58186	58558.1	58186	58558.1	58186	
57372.1	59651.2	57372.1	59651.2	57372.1	
59488.4	57907	59488.4	57907	59488.4	
59418.6	56976.7	59418.6	56976.7	59418.6	
58953.5	59488.4	58953.5	59488.4	58953.5	
59651.2	58907	59651.2	58907	59651.2	
59720.9	58302.3	59720.9	58302.3	59720.9	
59139.5	58488.4	59139.5	58488.4	59139.5	
58186	59767.4	58186	59767.4	58186	
58907	57604.7	58907	57604.7	58907	
59255.8	59907	59255.8	59907	59255.8	
57720.9	58186	57720.9	58186	57720.9	
59302.3	60418.6	59302.3	60418.6	59302.3	
58139.5	58372.1	58139.5	58372.1	58139.5	
58372.1	59372.1	58372.1	59372.1	58372.1	
57953.5	59139.5	57953.5	59139.5	57953.5	
56604.7	57790.7	56604.7	57790.7	56604.7	
58488.4	58558.1	58488.4	58558.1	58488.4	
57558.1	58372.1	57558.1	58372.1	57558.1	
58139.5	57558.1	58139.5	57558.1	58139.5	
58837.2	59069.8	58837.2	59069.8	58837.2	
58907	60069.8	58907	60069.8	58907	
58186	59139.5	58186	59139.5	58186	
58441.9	59302.3	58441.9	59302.3	58441.9	
58139.5	59139.5	58139.5	59139.5	58139.5	
59534.9	56976.7	59534.9	56976.7	59534.9	
59418.6	58953.5	59418.6	58953.5	59418.6	
58953.5	56837.2	58953.5	56837.2	58953.5	
59186	59534.9	59186	59534.9	59186	
59069.8	59418.6	59069.8	59418.6	59069.8	
58837.2	58720.9	58837.2	58720.9	58837.2	
57023.3	57837.2	57023.3	57837.2	57023.3	
61255.8	58790.7	61255.8	58790.7	61255.8	
57837.2	57790.7	57837.2	57790.7	57837.2	
58255.8	57139.5	58255.8	57139.5	58255.8	
59302.3	60767.4	59302.3	60767.4	59302.3	
58720.9	58558.1	58720.9	58558.1	58720.9	
58720.9	60069.8	58720.9	60069.8	58720.9	
57488.4	58441.9	57488.4	58441.9	57488.4	
58441.9	57720.9	58441.9	57720.9	58441.9	
59534.9	59186	59534.9	59186	59534.9	
57488.4	58558.1	57488.4	58558.1	57488.4	
58186	58372.1	58186	58372.1	58186	
58139.5	58023.3	58139.5	58023.3	58139.5	
57790.7	59302.3	57790.7	59302.3	57790.7	
57558.1	57372.1	57558.1	57372.1	57558.1	
58488.4	59720.9	58488.4	59720.9	58488.4	
58255.8	57325.6	58255.8	57325.6	58255.8	
57907	58907	57907	58907	57907	
58907	60953.5	58907	60953.5	58907	
58674.4	58790.7	58674.4	58790.7	58674.4	
58441.9	57837.2	58441.9	57837.2	58441.9	
58186	59720.9	58186	59720.9	58186	
59767.4	59534.9	59767.4	59534.9	59767.4	
60604.7	58255.8	60604.7	58255.8	60604.7	
60023.3	59255.8	60023.3	59255.8	60023.3	
58604.7	58558.1	58604.7	58558.1	58604.7	
58488.4	58674.4	58488.4	58674.4	58488.4	
59907	58953.5	59907	58953.5	59907	
58069.8	58186	58069.8	58186	58069.8	
56604.7	58790.7	56604.7	58790.7	56604.7	
58837.2	58441.9	58837.2	58441.9	58837.2	
57953.5	59302.3	57953.5	59302.3	57953.5	
59023.3	59837.2	59023.3	59837.2	59023.3	
58069.8	59907	58069.8	59907	58069.8	
57837.2	59488.4	57837.2	59488.4	57837.2	
59069.8	56976.7	59069.8	56976.7	59069.8	
60488.4	58372.1	60488.4	58372.1	60488.4	
57023.3	57790.7	57023.3	57790.7	57023.3	
59720.9	58674.4	59720.9	58674.4	59720.9	
59372.1	59372.1	59372.1	59372.1	59372.1	
60023.3	58604.7	60023.3	58604.7	60023.3	
57907	57558.1	57907	57558.1	57907	
58720.9	57255.8	58720.9	57255.8	58720.9	
58558.1	57907	58558.1	57907	58558.1	
59418.6	56976.7	59418.6	56976.7	59418.6	
59302.3	58720.9	59302.3	58720.9	59302.3	
58953.5	59488.4	58953.5	59488.4	58953.5	
56674.4	60255.8	56674.4	60255.8	56674.4	
59488.4	61883.7	59488.4	61883.7	59488.4	
57488.4	59186	57488.4	59186	57488.4	
58372.1	56325.6	58372.1	56325.6	58372.1	
58069.8	58186	58069.8	58186	58069.8	
58907	58139.5	58907	58139.5	58907	
58674.4	60139.5	58674.4	60139.5	58674.4	
58255.8	61488.4	58255.8	61488.4	58255.8	
57674.4	60023.3	57674.4	60023.3	57674.4	
56558.1	57441.9	56558.1	57441.9	56558.1	
59069.8	58953.5	59069.8	58953.5	59069.8	
60023.3	59372.1	60023.3	59372.1	60023.3	
59372.1	59651.2	59372.1	59651.2	59372.1	
59069.8	56139.5	59069.8	56139.5	59069.8	
59418.6	58488.4	59418.6	58488.4	59418.6	
60139.5	58674.4	60139.5	58674.4	60139.5	
58604.7	58372.1	58604.7	58372.1	58604.7	
57441.9	59953.5	57441.9	59953.5	57441.9	
59767.4	58069.8	59767.4	58069.8	59767.4	
58674.4	59139.5	58674.4	59139.5	58674.4	
57023.3	58837.2	57023.3	58837.2	57023.3	
56139.5	56720.9	56139.5	56720.9	56139.5	
59186	59023.3	59186	59023.3	59186	
59069.8	58441.9	59069.8	58441.9	59069.8	
58604.7	58255.8	58604.7	58255.8	58604.7	
58837.2	59418.6	58837.2	59418.6	58837.2	
58558.1	58023.3	58558.1	58023.3	58558.1	
59488.4	58674.4	59488.4	58674.4	59488.4	
57093	58372.1	57093	58372.1	57093	
58255.8	58302.3	58255.8	58302.3	58255.8	
58720.9	58302.3	58720.9	58302.3	58720.9	
59023.3	58186	59023.3	58186	59023.3	
59604.7	57209.3	59604.7	57209.3	59604.7	
58069.8	59186	58069.8	59186	58069.8	
59488.4	59604.7	59488.4	59604.7	59488.4	
59488.4	57372.1	59488.4	57372.1	59488.4	
58907	57907	58907	57907	58907	
57441.9	57441.9	57441.9	57441.9	57441.9	
60418.6	60069.8	60418.6	60069.8	60418.6	
59139.5	58720.9	59139.5	58720.9	59139.5	
58441.9	57720.9	58441.9	57720.9	58441.9	
58953.5	58488.4	58953.5	58488.4	58953.5	
58023.3	57674.4	58023.3	57674.4	58023.3	
58907	58139.5	58907	58139.5	58907	
59534.9	57488.4	59534.9	57488.4	59534.9	
58255.8	59186	58255.8	59186	58255.8	
60302.3	57953.5	60302.3	57953.5	60302.3	
57720.9	57558.1	57720.9	57558.1	57720.9	
59302.3	58837.2	59302.3	58837.2	59302.3	
58139.5	58372.1	58139.5	58372.1	58139.5	
58441.9	58674.4	58441.9	58674.4	58441.9	
57093	58255.8	57093	58255.8	57093	
55441.9	58186	55441.9	58186	55441.9	
58023.3	58720.9	58023.3	58720.9	58023.3	
57907	59767.4	57907	59767.4	57907	
58953.5	58720.9	58953.5	58720.9	58953.5	
58302.3	57372.1	58302.3	57372.1	58302.3	
57720.9	58604.7	57720.9	58604.7	57720.9	
58907	56790.7	58907	56790.7	58907	
59069.8	58255.8	59069.8	58255.8	59069.8	
57372.1	57488.4	57372.1	57488.4	57372.1	
58302.3	57488.4	58302.3	57488.4	58302.3	
58255.8	56837.2	58255.8	56837.2	58255.8	
57093	59534.9	57093	59534.9	57093	
58837.2	60069.8	58837.2	60069.8	58837.2	
59023.3	58023.3	59023.3	58023.3	59023.3	
58441.9	59534.9	58441.9	59534.9	58441.9	
57604.7	60069.8	57604.7	60069.8	57604.7	
58558.1	57790.7	58558.1	57790.7	58558.1	
58953.5	57674.4	58953.5	57674.4	58953.5	
58674.4	57953.5	58674.4	57953.5	58674.4	
58720.9	58720.9	58720.9	58720.9	58720.9	
58302.3	58837.2	58302.3	58837.2	58302.3	
59372.1	59139.5	59372.1	59139.5	59372.1	
59604.7	59418.6	59604.7	59418.6	59604.7	
58837.2	57674.4	58837.2	57674.4	58837.2	
58907	58186	58907	58186	58907	
59023.3	59302.3	59023.3	59302.3	59023.3	
57790.7	58720.9	57790.7	58720.9	57790.7	
57790.7	58720.9	57790.7	58720.9	57790.7	
57790.7	58720.9	57790.7	58720.9	57790.7	
