447.368	447.368	447.368	447.368	447.368	
751395	751395	751395	751395	751395	
55894.7	54315.8	55894.7	54315.8	55894.7	
54447.4	53526.3	54447.4	53526.3	54447.4	
52921.1	54184.2	52921.1	54184.2	52921.1	
52052.6	52973.7	52052.6	52973.7	52052.6	
53921.1	53578.9	53921.1	53578.9	53921.1	
54236.8	55500	54236.8	55500	54236.8	
53578.9	53921.1	53578.9	53921.1	53578.9	
54184.2	53315.8	54184.2	53315.8	54184.2	
55842.1	55894.7	55842.1	55894.7	55842.1	
56236.8	53315.8	56236.8	53315.8	56236.8	
54973.7	54631.6	54973.7	54631.6	54973.7	
55578.9	55184.2	55578.9	55184.2	55578.9	
57815.8	55578.9	57815.8	55578.9	57815.8	
55500	55236.8	55500	55236.8	55500	
59289.5	55447.4	59289.5	55447.4	59289.5	
55973.7	57026.3	55973.7	57026.3	55973.7	
58026.3	58763.2	58026.3	58763.2	58026.3	
58236.8	57631.6	58236.8	57631.6	58236.8	
60605.3	60605.3	60605.3	60605.3	60605.3	
60026.3	58631.6	60026.3	58631.6	60026.3	
61289.5	59026.3	61289.5	59026.3	61289.5	
62263.2	61078.9	62263.2	61078.9	62263.2	
60684.2	62473.7	60684.2	62473.7	60684.2	
62947.4	62789.5	62947.4	62789.5	62947.4	
62736.8	61684.2	62736.8	61684.2	62736.8	
63789.5	63605.3	63789.5	63605.3	63789.5	
64921.1	63394.7	64921.1	63394.7	64921.1	
63078.9	63868.4	63078.9	63868.4	63078.9	
64052.6	64263.2	64052.6	64263.2	64052.6	
63605.3	64394.7	63605.3	64394.7	63605.3	
65973.7	66131.6	65973.7	66131.6	65973.7	
64921.1	64605.3	64921.1	64605.3	64921.1	
65447.4	65973.7	65447.4	65973.7	65447.4	
65184.2	65526.3	65184.2	65526.3	65184.2	
65447.4	64526.3	65447.4	64526.3	65447.4	
66263.2	66184.2	66263.2	66184.2	66263.2	
67578.9	65447.4	67578.9	65447.4	67578.9	
65184.2	66131.6	65184.2	66131.6	65184.2	
65578.9	67105.3	65578.9	67105.3	65578.9	
65184.2	66710.5	65184.2	66710.5	65184.2	
65842.1	69026.3	65842.1	69026.3	65842.1	
65578.9	66921.1	65578.9	66921.1	65578.9	
65315.8	66578.9	65315.8	66578.9	65315.8	
64605.3	65526.3	64605.3	65526.3	64605.3	
64789.5	65842.1	64789.5	65842.1	64789.5	
64868.4	66710.5	64868.4	66710.5	64868.4	
67236.8	67631.6	67236.8	67631.6	67236.8	
64315.8	66184.2	64315.8	66184.2	64315.8	
65578.9	66842.1	65578.9	66842.1	65578.9	
65131.6	66973.7	65131.6	66973.7	65131.6	
65973.7	66131.6	65973.7	66131.6	65973.7	
66789.5	66052.6	66789.5	66052.6	66789.5	
65710.5	65052.6	65710.5	65052.6	65710.5	
65131.6	67105.3	65131.6	67105.3	65131.6	
66526.3	65184.2	66526.3	65184.2	66526.3	
65447.4	66184.2	65447.4	66184.2	65447.4	
67052.6	66842.1	67052.6	66842.1	67052.6	
63605.3	64868.4	63605.3	64868.4	63605.3	
66263.2	65789.5	66263.2	65789.5	66263.2	
65973.7	65447.4	65973.7	65447.4	65973.7	
64000	64263.2	64000	64263.2	64000	
66789.5	65131.6	66789.5	65131.6	66789.5	
66131.6	67315.8	66131.6	67315.8	66131.6	
65184.2	65921.1	65184.2	65921.1	65184.2	
64789.5	66131.6	64789.5	66131.6	64789.5	
65526.3	66184.2	65526.3	66184.2	65526.3	
63868.4	65184.2	63868.4	65184.2	63868.4	
63657.9	64263.2	63657.9	64263.2	63657.9	
64131.6	63605.3	64131.6	63605.3	64131.6	
64736.8	64473.7	64736.8	64473.7	64736.8	
65789.5	64000	65789.5	64000	65789.5	
65710.5	65578.9	65710.5	65578.9	65710.5	
66184.2	64736.8	66184.2	64736.8	66184.2	
66394.7	64657.9	66394.7	64657.9	66394.7	
64868.4	64736.8	64868.4	64736.8	64868.4	
65394.7	65131.6	65394.7	65131.6	65394.7	
64131.6	63657.9	64131.6	63657.9	64131.6	
65710.5	64736.8	65710.5	64736.8	65710.5	
64052.6	65184.2	64052.6	65184.2	64052.6	
65447.4	64868.4	65447.4	64868.4	65447.4	
65184.2	66921.1	65184.2	66921.1	65184.2	
63605.3	63657.9	63605.3	63657.9	63605.3	
64789.5	66052.6	64789.5	66052.6	64789.5	
64394.7	65052.6	64394.7	65052.6	64394.7	
64000	64394.7	64000	64394.7	64000	
66131.6	65263.2	66131.6	65263.2	66131.6	
62394.7	65526.3	62394.7	65526.3	62394.7	
64315.8	64315.8	64315.8	64315.8	64315.8	
63868.4	64868.4	63868.4	64868.4	63868.4	
64052.6	64131.6	64052.6	64131.6	64052.6	
65263.2	65394.7	65263.2	65394.7	65263.2	
66315.8	63657.9	66315.8	63657.9	66315.8	
64921.1	66526.3	64921.1	66526.3	64921.1	
65184.2	65578.9	65184.2	65578.9	65184.2	
64000	64921.1	64000	64921.1	64000	
63789.5	66131.6	63789.5	66131.6	63789.5	
64052.6	64868.4	64052.6	64868.4	64052.6	
64131.6	64000	64131.6	64000	64131.6	
64526.3	65000	64526.3	65000	64526.3	
66184.2	65973.7	66184.2	65973.7	66184.2	
63605.3	66973.7	63605.3	66973.7	63605.3	
65710.5	68500	65710.5	68500	65710.5	
65184.2	66447.4	65184.2	66447.4	65184.2	
64868.4	65000	64868.4	65000	64868.4	
65842.1	65315.8	65842.1	65315.8	65842.1	
65447.4	66526.3	65447.4	66526.3	65447.4	
65842.1	65526.3	65842.1	65526.3	65842.1	
66526.3	67052.6	66526.3	67052.6	66526.3	
65315.8	65131.6	65315.8	65131.6	65315.8	
65000	65921.1	65000	65921.1	65000	
65842.1	65315.8	65842.1	65315.8	65842.1	
66052.6	65789.5	66052.6	65789.5	66052.6	
65315.8	66263.2	65315.8	66263.2	65315.8	
64184.2	65052.6	64184.2	65052.6	64184.2	
65394.7	64921.1	65394.7	64921.1	65394.7	
66842.1	65526.3	66842.1	65526.3	66842.1	
62736.8	65000	62736.8	65000	62736.8	
65394.7	65052.6	65394.7	65052.6	65394.7	
65657.9	63657.9	65657.9	63657.9	65657.9	
65315.8	67184.2	65315.8	67184.2	65315.8	
65526.3	65657.9	65526.3	65657.9	65526.3	
64921.1	66710.5	64921.1	66710.5	64921.1	
66263.2	65526.3	66263.2	65526.3	66263.2	
65578.9	65131.6	65578.9	65131.6	65578.9	
65657.9	63789.5	65657.9	63789.5	65657.9	
65394.7	66657.9	65394.7	66657.9	65394.7	
65578.9	64921.1	65578.9	64921.1	65578.9	
65973.7	65921.1	65973.7	65921.1	65973.7	
66052.6	66789.5	66052.6	66789.5	66052.6	
66131.6	64263.2	66131.6	64263.2	66131.6	
66131.6	65394.7	66131.6	65394.7	66131.6	
64868.4	64000	64868.4	64000	64868.4	
66657.9	64000	66657.9	64000	66657.9	
65131.6	66657.9	65131.6	66657.9	65131.6	
65921.1	66447.4	65921.1	66447.4	65921.1	
64605.3	66526.3	64605.3	66526.3	64605.3	
64263.2	66315.8	64263.2	66315.8	64263.2	
66710.5	64736.8	66710.5	64736.8	66710.5	
66394.7	62736.8	66394.7	62736.8	66394.7	
66789.5	65842.1	66789.5	65842.1	66789.5	
66921.1	64921.1	66921.1	64921.1	66921.1	
65526.3	66447.4	65526.3	66447.4	65526.3	
65052.6	66842.1	65052.6	66842.1	65052.6	
64605.3	64526.3	64605.3	64526.3	64605.3	
66394.7	65921.1	66394.7	65921.1	66394.7	
64868.4	66263.2	64868.4	66263.2	64868.4	
65394.7	65710.5	65394.7	65710.5	65394.7	
64868.4	65394.7	64868.4	65394.7	64868.4	
65973.7	65131.6	65973.7	65131.6	65973.7	
64868.4	65710.5	64868.4	65710.5	64868.4	
64263.2	64263.2	64263.2	64263.2	64263.2	
66263.2	64789.5	66263.2	64789.5	66263.2	
64789.5	65447.4	64789.5	65447.4	64789.5	
65578.9	65052.6	65578.9	65052.6	65578.9	
68368.4	64657.9	68368.4	64657.9	68368.4	
66052.6	66052.6	66052.6	66052.6	66052.6	
65184.2	64473.7	65184.2	64473.7	65184.2	
65526.3	64789.5	65526.3	64789.5	65526.3	
65526.3	66973.7	65526.3	66973.7	65526.3	
67052.6	64789.5	67052.6	64789.5	67052.6	
66842.1	66710.5	66842.1	66710.5	66842.1	
66921.1	64868.4	66921.1	64868.4	66921.1	
65789.5	66315.8	65789.5	66315.8	65789.5	
65394.7	66789.5	65394.7	66789.5	65394.7	
65842.1	64868.4	65842.1	64868.4	65842.1	
65789.5	66921.1	65789.5	66921.1	65789.5	
66447.4	65710.5	66447.4	65710.5	66447.4	
63657.9	67631.6	63657.9	67631.6	63657.9	
63868.4	64789.5	63868.4	64789.5	63868.4	
66315.8	67842.1	66315.8	67842.1	66315.8	
65657.9	65131.6	65657.9	65131.6	65657.9	
67315.8	65710.5	67315.8	65710.5	67315.8	
67631.6	65789.5	67631.6	65789.5	67631.6	
67578.9	65789.5	67578.9	65789.5	67578.9	
65789.5	67315.8	65789.5	67315.8	65789.5	
67052.6	66526.3	67052.6	66526.3	67052.6	
65710.5	66657.9	65710.5	66657.9	65710.5	
64605.3	65526.3	64605.3	65526.3	64605.3	
66131.6	64605.3	66131.6	64605.3	66131.6	
67368.4	66131.6	67368.4	66131.6	67368.4	
65184.2	66394.7	65184.2	66394.7	65184.2	
64394.7	65131.6	64394.7	65131.6	64394.7	
65184.2	66315.8	65184.2	66315.8	65184.2	
66710.5	65447.4	66710.5	65447.4	66710.5	
65263.2	65131.6	65263.2	65131.6	65263.2	
65842.1	66447.4	65842.1	66447.4	65842.1	
65184.2	68368.4	65184.2	68368.4	65184.2	
65973.7	65131.6	65973.7	65131.6	65973.7	
64131.6	65447.4	64131.6	65447.4	64131.6	
66184.2	67710.5	66184.2	67710.5	66184.2	
68447.4	65447.4	68447.4	65447.4	68447.4	
66657.9	66526.3	66657.9	66526.3	66657.9	
62394.7	66657.9	62394.7	66657.9	62394.7	
65184.2	65052.6	65184.2	65052.6	65184.2	
66789.5	65526.3	66789.5	65526.3	66789.5	
65921.1	66657.9	65921.1	66657.9	65921.1	
67631.6	65973.7	67631.6	65973.7	67631.6	
65263.2	66578.9	65263.2	66578.9	65263.2	
65973.7	66710.5	65973.7	66710.5	65973.7	
66131.6	65526.3	66131.6	65526.3	66131.6	
64000	65131.6	64000	65131.6	64000	
66052.6	64394.7	66052.6	64394.7	66052.6	
66710.5	65394.7	66710.5	65394.7	66710.5	
65842.1	65973.7	65842.1	65973.7	65842.1	
65000	67236.8	65000	67236.8	65000	
65131.6	68236.8	65131.6	68236.8	65131.6	
65789.5	66789.5	65789.5	66789.5	65789.5	
65578.9	67973.7	65578.9	67973.7	65578.9	
66184.2	65447.4	66184.2	65447.4	66184.2	
65526.3	64394.7	65526.3	64394.7	65526.3	
66921.1	63789.5	66921.1	63789.5	66921.1	
66184.2	65578.9	66184.2	65578.9	66184.2	
67105.3	66184.2	67105.3	66184.2	67105.3	
65842.1	66526.3	65842.1	66526.3	65842.1	
66052.6	67315.8	66052.6	67315.8	66052.6	
66052.6	66921.1	66052.6	66921.1	66052.6	
66394.7	67631.6	66394.7	67631.6	66394.7	
66842.1	68105.3	66842.1	68105.3	66842.1	
67105.3	64789.5	67105.3	64789.5	67105.3	
66842.1	64657.9	66842.1	64657.9	66842.1	
66710.5	65789.5	66710.5	65789.5	66710.5	
66447.4	66842.1	66447.4	66842.1	66447.4	
66447.4	65578.9	66447.4	65578.9	66447.4	
65000	65131.6	65000	65131.6	65000	
66578.9	66657.9	66578.9	66657.9	66578.9	
68368.4	66447.4	68368.4	66447.4	68368.4	
66789.5	66447.4	66789.5	66447.4	66789.5	
65973.7	66052.6	65973.7	66052.6	65973.7	
67236.8	65973.7	67236.8	65973.7	67236.8	
66447.4	66052.6	66447.4	66052.6	66447.4	
65184.2	65842.1	65184.2	65842.1	65184.2	
66526.3	64131.6	66526.3	64131.6	66526.3	
68105.3	66842.1	68105.3	66842.1	68105.3	
65973.7	64526.3	65973.7	64526.3	65973.7	
67052.6	65394.7	67052.6	65394.7	67052.6	
67052.6	66447.4	67052.6	66447.4	67052.6	
65315.8	64526.3	65315.8	64526.3	65315.8	
65447.4	64473.7	65447.4	64473.7	65447.4	
65447.4	67368.4	65447.4	67368.4	65447.4	
65710.5	67052.6	65710.5	67052.6	65710.5	
67315.8	64921.1	67315.8	64921.1	67315.8	
69105.3	66052.6	69105.3	66052.6	69105.3	
64789.5	66578.9	64789.5	66578.9	64789.5	
65842.1	65657.9	65842.1	65657.9	65842.1	
65315.8	65315.8	65315.8	65315.8	65315.8	
66921.1	66394.7	66921.1	66394.7	66921.1	
68236.8	66710.5	68236.8	66710.5	68236.8	
65921.1	66578.9	65921.1	66578.9	65921.1	
65526.3	65973.7	65526.3	65973.7	65526.3	
66052.6	64868.4	66052.6	64868.4	66052.6	
66184.2	65921.1	66184.2	65921.1	66184.2	
65921.1	64789.5	65921.1	64789.5	65921.1	
64921.1	64605.3	64921.1	64605.3	64921.1	
66447.4	65973.7	66447.4	65973.7	66447.4	
64868.4	65710.5	64868.4	65710.5	64868.4	
66789.5	66263.2	66789.5	66263.2	66789.5	
65710.5	68578.9	65710.5	68578.9	65710.5	
66263.2	64789.5	66263.2	64789.5	66263.2	
64789.5	66526.3	64789.5	66526.3	64789.5	
67315.8	63736.8	67315.8	63736.8	67315.8	
64921.1	65842.1	64921.1	65842.1	64921.1	
67447.4	66131.6	67447.4	66131.6	67447.4	
66526.3	66315.8	66526.3	66315.8	66526.3	
65394.7	64921.1	65394.7	64921.1	65394.7	
66657.9	65263.2	66657.9	65263.2	66657.9	
65578.9	65921.1	65578.9	65921.1	65578.9	
66315.8	65394.7	66315.8	65394.7	66315.8	
64394.7	66447.4	64394.7	66447.4	64394.7	
66263.2	65973.7	66263.2	65973.7	66263.2	
64736.8	68315.8	64736.8	68315.8	64736.8	
66710.5	66394.7	66710.5	66394.7	66710.5	
66447.4	66789.5	66447.4	66789.5	66447.4	
66526.3	67447.4	66526.3	67447.4	66526.3	
65315.8	64263.2	65315.8	64263.2	65315.8	
66578.9	64131.6	66578.9	64131.6	66578.9	
66526.3	66184.2	66526.3	66184.2	66526.3	
64394.7	65842.1	64394.7	65842.1	64394.7	
66789.5	66710.5	66789.5	66710.5	66789.5	
64868.4	66710.5	64868.4	66710.5	64868.4	
66184.2	64000	66184.2	64000	66184.2	
66657.9	66789.5	66657.9	66789.5	66657.9	
66263.2	65526.3	66263.2	65526.3	66263.2	
65447.4	63868.4	65447.4	63868.4	65447.4	
65447.4	64789.5	65447.4	64789.5	65447.4	
66263.2	69105.3	66263.2	69105.3	66263.2	
65394.7	66131.6	65394.7	66131.6	65394.7	
65973.7	64605.3	65973.7	64605.3	65973.7	
65842.1	67710.5	65842.1	67710.5	65842.1	
66131.6	66184.2	66131.6	66184.2	66131.6	
68500	64263.2	68500	64263.2	68500	
66921.1	65921.1	66921.1	65921.1	66921.1	
68894.7	67315.8	68894.7	67315.8	68894.7	
65657.9	63921.1	65657.9	63921.1	65657.9	
66973.7	66263.2	66973.7	66263.2	66973.7	
66842.1	65263.2	66842.1	65263.2	66842.1	
66052.6	65973.7	66052.6	65973.7	66052.6	
66394.7	65710.5	66394.7	65710.5	66394.7	
65973.7	67631.6	65973.7	67631.6	65973.7	
66657.9	65710.5	66657.9	65710.5	66657.9	
67368.4	64868.4	67368.4	64868.4	67368.4	
66184.2	67315.8	66184.2	67315.8	66184.2	
66447.4	64657.9	66447.4	64657.9	66447.4	
64000	67789.5	64000	67789.5	64000	
65394.7	66131.6	65394.7	66131.6	65394.7	
69631.6	63210.5	69631.6	63210.5	69631.6	
65052.6	65578.9	65052.6	65578.9	65052.6	
65184.2	65315.8	65184.2	65315.8	65184.2	
66447.4	64000	66447.4	64000	66447.4	
66263.2	65263.2	66263.2	65263.2	66263.2	
67184.2	65000	67184.2	65000	67184.2	
66315.8	66315.8	66315.8	66315.8	66315.8	
67447.4	68710.5	67447.4	68710.5	67447.4	
65710.5	65526.3	65710.5	65526.3	65710.5	
67447.4	67236.8	67447.4	67236.8	67447.4	
67105.3	68578.9	67105.3	68578.9	67105.3	
65526.3	67500	65526.3	67500	65526.3	
66315.8	65789.5	66315.8	65789.5	66315.8	
66394.7	66842.1	66394.7	66842.1	66394.7	
65000	66789.5	65000	66789.5	65000	
67368.4	65447.4	67368.4	65447.4	67368.4	
66710.5	66263.2	66710.5	66263.2	66710.5	
66447.4	67789.5	66447.4	67789.5	66447.4	
66447.4	65789.5	66447.4	65789.5	66447.4	
67105.3	65447.4	67105.3	65447.4	67105.3	
68315.8	65973.7	68315.8	65973.7	68315.8	
68368.4	67447.4	68368.4	67447.4	68368.4	
65447.4	67184.2	65447.4	67184.2	65447.4	
67842.1	66842.1	67842.1	66842.1	67842.1	
65921.1	67052.6	65921.1	67052.6	65921.1	
66263.2	65184.2	66263.2	65184.2	66263.2	
64526.3	65657.9	64526.3	65657.9	64526.3	
67710.5	66447.4	67710.5	66447.4	67710.5	
65052.6	66710.5	65052.6	66710.5	65052.6	
65842.1	66526.3	65842.1	66526.3	65842.1	
65842.1	65184.2	65842.1	65184.2	65842.1	
66447.4	67973.7	66447.4	67973.7	66447.4	
66973.7	66921.1	66973.7	66921.1	66973.7	
67368.4	65578.9	67368.4	65578.9	67368.4	
67789.5	67447.4	67789.5	67447.4	67789.5	
66184.2	66394.7	66184.2	66394.7	66184.2	
67842.1	63263.2	67842.1	63263.2	67842.1	
67052.6	65789.5	67052.6	65789.5	67052.6	
65263.2	64184.2	65263.2	64184.2	65263.2	
66921.1	64605.3	66921.1	64605.3	66921.1	
67973.7	66842.1	67973.7	66842.1	67973.7	
66394.7	67052.6	66394.7	67052.6	66394.7	
65973.7	64605.3	65973.7	64605.3	65973.7	
65657.9	65921.1	65657.9	65921.1	65657.9	
65000	68763.2	65000	68763.2	65000	
65657.9	66052.6	65657.9	66052.6	65657.9	
65657.9	67710.5	65657.9	67710.5	65657.9	
66789.5	65315.8	66789.5	65315.8	66789.5	
66131.6	66131.6	66131.6	66131.6	66131.6	
67105.3	65394.7	67105.3	65394.7	67105.3	
66921.1	67236.8	66921.1	67236.8	66921.1	
68368.4	68052.6	68368.4	68052.6	68368.4	
66263.2	63789.5	66263.2	63789.5	66263.2	
66578.9	64736.8	66578.9	64736.8	66578.9	
65526.3	65842.1	65526.3	65842.1	65526.3	
67236.8	67973.7	67236.8	67973.7	67236.8	
66526.3	66526.3	66526.3	66526.3	66526.3	
65710.5	65184.2	65710.5	65184.2	65710.5	
66578.9	64473.7	66578.9	64473.7	66578.9	
66710.5	65921.1	66710.5	65921.1	66710.5	
67184.2	68842.1	67184.2	68842.1	67184.2	
65842.1	67052.6	65842.1	67052.6	65842.1	
66657.9	65447.4	66657.9	65447.4	66657.9	
67500	67631.6	67500	67631.6	67500	
66131.6	66526.3	66131.6	66526.3	66131.6	
67631.6	66131.6	67631.6	66131.6	67631.6	
64868.4	65052.6	64868.4	65052.6	64868.4	
64315.8	65052.6	64315.8	65052.6	64315.8	
67578.9	67368.4	67578.9	67368.4	67578.9	
66842.1	67052.6	66842.1	67052.6	66842.1	
65789.5	65921.1	65789.5	65921.1	65789.5	
66921.1	67921.1	66921.1	67921.1	66921.1	
65052.6	67631.6	65052.6	67631.6	65052.6	
67184.2	66578.9	67184.2	66578.9	67184.2	
66315.8	65710.5	66315.8	65710.5	66315.8	
66184.2	66657.9	66184.2	66657.9	66184.2	
66315.8	66315.8	66315.8	66315.8	66315.8	
65921.1	65526.3	65921.1	65526.3	65921.1	
65789.5	66842.1	65789.5	66842.1	65789.5	
64736.8	66657.9	64736.8	66657.9	64736.8	
64526.3	66973.7	64526.3	66973.7	64526.3	
65921.1	66447.4	65921.1	66447.4	65921.1	
66921.1	66973.7	66921.1	66973.7	66921.1	
64605.3	66315.8	64605.3	66315.8	64605.3	
66842.1	64868.4	66842.1	64868.4	66842.1	
64184.2	65842.1	64184.2	65842.1	64184.2	
66526.3	67578.9	66526.3	67578.9	66526.3	
67500	67184.2	67500	67184.2	67500	
64657.9	66184.2	64657.9	66184.2	64657.9	
66842.1	65578.9	66842.1	65578.9	66842.1	
65789.5	66710.5	65789.5	66710.5	65789.5	
65842.1	65842.1	65842.1	65842.1	65842.1	
66921.1	68447.4	66921.1	68447.4	66921.1	
64789.5	67578.9	64789.5	67578.9	64789.5	
65921.1	66315.8	65921.1	66315.8	65921.1	
66710.5	66131.6	66710.5	66131.6	66710.5	
65131.6	65789.5	65131.6	65789.5	65131.6	
65789.5	66447.4	65789.5	66447.4	65789.5	
66184.2	65447.4	66184.2	65447.4	66184.2	
66921.1	63921.1	66921.1	63921.1	66921.1	
67710.5	66447.4	67710.5	66447.4	67710.5	
66263.2	66184.2	66263.2	66184.2	66263.2	
67105.3	67447.4	67105.3	67447.4	67105.3	
66921.1	66131.6	66921.1	66131.6	66921.1	
64605.3	64736.8	64605.3	64736.8	64605.3	
66842.1	66921.1	66842.1	66921.1	66842.1	
66921.1	65447.4	66921.1	65447.4	66921.1	
65657.9	67368.4	65657.9	67368.4	65657.9	
67236.8	67368.4	67236.8	67368.4	67236.8	
66131.6	66052.6	66131.6	66052.6	66131.6	
68973.7	66842.1	68973.7	66842.1	68973.7	
66052.6	67447.4	66052.6	67447.4	66052.6	
67184.2	65789.5	67184.2	65789.5	67184.2	
66921.1	66315.8	66921.1	66315.8	66921.1	
65131.6	66710.5	65131.6	66710.5	65131.6	
67500	65921.1	67500	65921.1	67500	
66578.9	65921.1	66578.9	65921.1	66578.9	
67921.1	66447.4	67921.1	66447.4	67921.1	
65263.2	66052.6	65263.2	66052.6	65263.2	
65578.9	67973.7	65578.9	67973.7	65578.9	
65710.5	65052.6	65710.5	65052.6	65710.5	
67368.4	66263.2	67368.4	66263.2	67368.4	
66447.4	65710.5	66447.4	65710.5	66447.4	
68578.9	66973.7	68578.9	66973.7	68578.9	
67789.5	66184.2	67789.5	66184.2	67789.5	
65710.5	65789.5	65710.5	65789.5	65710.5	
66184.2	65315.8	66184.2	65315.8	66184.2	
65447.4	65447.4	65447.4	65447.4	65447.4	
66263.2	68500	66263.2	68500	66263.2	
66789.5	65184.2	66789.5	65184.2	66789.5	
66131.6	66973.7	66131.6	66973.7	66131.6	
68105.3	67368.4	68105.3	67368.4	68105.3	
66657.9	67842.1	66657.9	67842.1	66657.9	
66657.9	68578.9	66657.9	68578.9	66657.9	
65973.7	67842.1	65973.7	67842.1	65973.7	
65657.9	67842.1	65657.9	67842.1	65657.9	
67447.4	66315.8	67447.4	66315.8	67447.4	
66315.8	67447.4	66315.8	67447.4	66315.8	
64868.4	65578.9	64868.4	65578.9	64868.4	
65842.1	65447.4	65842.1	65447.4	65842.1	
67447.4	66921.1	67447.4	66921.1	67447.4	
67500	63131.6	67500	63131.6	67500	
66315.8	67105.3	66315.8	67105.3	66315.8	
66789.5	65789.5	66789.5	65789.5	66789.5	
66842.1	66131.6	66842.1	66131.6	66842.1	
66710.5	68710.5	66710.5	68710.5	66710.5	
67447.4	66973.7	67447.4	66973.7	67447.4	
67789.5	66842.1	67789.5	66842.1	67789.5	
65710.5	66315.8	65710.5	66315.8	65710.5	
66447.4	66973.7	66447.4	66973.7	66447.4	
66263.2	65921.1	66263.2	65921.1	66263.2	
68052.6	66657.9	68052.6	66657.9	68052.6	
65842.1	66973.7	65842.1	66973.7	65842.1	
66789.5	68842.1	66789.5	68842.1	66789.5	
66657.9	66789.5	66657.9	66789.5	66657.9	
66263.2	66263.2	66263.2	66263.2	66263.2	
67315.8	67368.4	67315.8	67368.4	67315.8	
65789.5	67842.1	65789.5	67842.1	65789.5	
65710.5	66657.9	65710.5	66657.9	65710.5	
66578.9	66394.7	66578.9	66394.7	66578.9	
67052.6	67184.2	67052.6	67184.2	67052.6	
66263.2	67921.1	66263.2	67921.1	66263.2	
65131.6	66789.5	65131.6	66789.5	65131.6	
66263.2	65657.9	66263.2	65657.9	66263.2	
64868.4	66052.6	64868.4	66052.6	64868.4	
67447.4	64868.4	67447.4	64868.4	67447.4	
67973.7	65657.9	67973.7	65657.9	67973.7	
66921.1	66789.5	66921.1	66789.5	66921.1	
66921.1	65842.1	66921.1	65842.1	66921.1	
65842.1	66710.5	65842.1	66710.5	65842.1	
66184.2	66263.2	66184.2	66263.2	66184.2	
66315.8	65710.5	66315.8	65710.5	66315.8	
66973.7	65578.9	66973.7	65578.9	66973.7	
67500	66184.2	67500	66184.2	67500	
68447.4	66526.3	68447.4	66526.3	68447.4	
66263.2	66263.2	66263.2	66263.2	66263.2	
66842.1	65052.6	66842.1	65052.6	66842.1	
68500	66184.2	68500	66184.2	68500	
65447.4	67184.2	65447.4	67184.2	65447.4	
66973.7	66526.3	66973.7	66526.3	66973.7	
67052.6	65842.1	67052.6	65842.1	67052.6	
66842.1	66710.5	66842.1	66710.5	66842.1	
73473.7	78052.6	73473.7	78052.6	73473.7	
66526.3	66447.4	66526.3	66447.4	66526.3	
65052.6	66921.1	65052.6	66921.1	65052.6	
67578.9	64736.8	67578.9	64736.8	67578.9	
66973.7	64657.9	66973.7	64657.9	66973.7	
66315.8	65657.9	66315.8	65657.9	66315.8	
67447.4	65184.2	67447.4	65184.2	67447.4	
65263.2	65526.3	65263.2	65526.3	65263.2	
66789.5	66842.1	66789.5	66842.1	66789.5	
67578.9	66789.5	67578.9	66789.5	67578.9	
65000	65973.7	65000	65973.7	65000	
67500	65052.6	67500	65052.6	67500	
66578.9	67368.4	66578.9	67368.4	66578.9	
66526.3	66710.5	66526.3	66710.5	66526.3	
65973.7	68105.3	65973.7	68105.3	65973.7	
67789.5	65315.8	67789.5	65315.8	67789.5	
67447.4	66842.1	67447.4	66842.1	67447.4	
65921.1	66447.4	65921.1	66447.4	65921.1	
67052.6	67447.4	67052.6	67447.4	67052.6	
66131.6	66131.6	66131.6	66131.6	66131.6	
66921.1	67105.3	66921.1	67105.3	66921.1	
64736.8	66842.1	64736.8	66842.1	64736.8	
65578.9	67184.2	65578.9	67184.2	65578.9	
65710.5	67921.1	65710.5	67921.1	65710.5	
66184.2	65263.2	66184.2	65263.2	66184.2	
65789.5	66184.2	65789.5	66184.2	65789.5	
66710.5	66184.2	66710.5	66184.2	66710.5	
67500	65526.3	67500	65526.3	67500	
64263.2	66578.9	64263.2	66578.9	64263.2	
67447.4	66315.8	67447.4	66315.8	67447.4	
65526.3	66657.9	65526.3	66657.9	65526.3	
65315.8	67842.1	65315.8	67842.1	65315.8	
67842.1	66315.8	67842.1	66315.8	67842.1	
65921.1	66447.4	65921.1	66447.4	65921.1	
66842.1	66578.9	66842.1	66578.9	66842.1	
67105.3	66184.2	67105.3	66184.2	67105.3	
66710.5	66657.9	66710.5	66657.9	66710.5	
65315.8	69105.3	65315.8	69105.3	65315.8	
67184.2	64789.5	67184.2	64789.5	67184.2	
66973.7	65131.6	66973.7	65131.6	66973.7	
64315.8	67052.6	64315.8	67052.6	64315.8	
67578.9	66447.4	67578.9	66447.4	67578.9	
65000	66131.6	65000	66131.6	65000	
67631.6	66184.2	67631.6	66184.2	67631.6	
67578.9	66526.3	67578.9	66526.3	67578.9	
67710.5	66789.5	67710.5	66789.5	67710.5	
65842.1	66789.5	65842.1	66789.5	65842.1	
66184.2	67368.4	66184.2	67368.4	66184.2	
65921.1	67184.2	65921.1	67184.2	65921.1	
65973.7	66526.3	65973.7	66526.3	65973.7	
68578.9	67447.4	68578.9	67447.4	68578.9	
66842.1	65052.6	66842.1	65052.6	66842.1	
65052.6	65921.1	65052.6	65921.1	65052.6	
65184.2	67105.3	65184.2	67105.3	65184.2	
65842.1	66263.2	65842.1	66263.2	65842.1	
64263.2	66315.8	64263.2	66315.8	64263.2	
66973.7	65789.5	66973.7	65789.5	66973.7	
67105.3	65842.1	67105.3	65842.1	67105.3	
66263.2	66842.1	66263.2	66842.1	66263.2	
68578.9	65842.1	68578.9	65842.1	68578.9	
66447.4	67921.1	66447.4	67921.1	66447.4	
65447.4	66842.1	65447.4	66842.1	65447.4	
65789.5	66447.4	65789.5	66447.4	65789.5	
67710.5	68184.2	67710.5	68184.2	67710.5	
66394.7	65000	66394.7	65000	66394.7	
66131.6	67500	66131.6	67500	66131.6	
65447.4	67236.8	65447.4	67236.8	65447.4	
65657.9	66921.1	65657.9	66921.1	65657.9	
66710.5	66973.7	66710.5	66973.7	66710.5	
69368.4	64736.8	69368.4	64736.8	69368.4	
66315.8	65842.1	66315.8	65842.1	66315.8	
66394.7	66526.3	66394.7	66526.3	66394.7	
65447.4	67789.5	65447.4	67789.5	65447.4	
66921.1	66789.5	66921.1	66789.5	66921.1	
65842.1	65657.9	65842.1	65657.9	65842.1	
66447.4	65921.1	66447.4	65921.1	66447.4	
67500	66921.1	67500	66921.1	67500	
65184.2	67710.5	65184.2	67710.5	65184.2	
66710.5	67578.9	66710.5	67578.9	66710.5	
65657.9	67184.2	65657.9	67184.2	65657.9	
68500	65184.2	68500	65184.2	68500	
65973.7	66184.2	65973.7	66184.2	65973.7	
67447.4	66184.2	67447.4	66184.2	67447.4	
65447.4	65973.7	65447.4	65973.7	65447.4	
66657.9	66842.1	66657.9	66842.1	66657.9	
66052.6	65447.4	66052.6	65447.4	66052.6	
66921.1	67578.9	66921.1	67578.9	66921.1	
66184.2	68894.7	66184.2	68894.7	66184.2	
65578.9	67447.4	65578.9	67447.4	65578.9	
67921.1	65657.9	67921.1	65657.9	67921.1	
67631.6	67052.6	67631.6	67052.6	67631.6	
66973.7	64526.3	66973.7	64526.3	66973.7	
66394.7	66263.2	66394.7	66263.2	66394.7	
65526.3	65657.9	65526.3	65657.9	65526.3	
64605.3	67973.7	64605.3	67973.7	64605.3	
66710.5	66657.9	66710.5	66657.9	66710.5	
65447.4	67236.8	65447.4	67236.8	65447.4	
65657.9	65447.4	65657.9	65447.4	65657.9	
67105.3	67973.7	67105.3	67973.7	67105.3	
64789.5	66052.6	64789.5	66052.6	64789.5	
67052.6	65657.9	67052.6	65657.9	67052.6	
67578.9	67578.9	67578.9	67578.9	67578.9	
65315.8	67710.5	65315.8	67710.5	65315.8	
66973.7	63789.5	66973.7	63789.5	66973.7	
66052.6	65000	66052.6	65000	66052.6	
64789.5	65710.5	64789.5	65710.5	64789.5	
66394.7	65578.9	66394.7	65578.9	66394.7	
66710.5	66710.5	66710.5	66710.5	66710.5	
65315.8	67578.9	65315.8	67578.9	65315.8	
67105.3	67105.3	67105.3	67105.3	67105.3	
65394.7	66394.7	65394.7	66394.7	65394.7	
67500	68052.6	67500	68052.6	67500	
66921.1	65447.4	66921.1	65447.4	66921.1	
64473.7	66526.3	64473.7	66526.3	64473.7	
66710.5	64605.3	66710.5	64605.3	66710.5	
66526.3	66710.5	66526.3	66710.5	66526.3	
67315.8	67315.8	67315.8	67315.8	67315.8	
66052.6	67710.5	66052.6	67710.5	66052.6	
66578.9	68368.4	66578.9	68368.4	66578.9	
66789.5	65052.6	66789.5	65052.6	66789.5	
65842.1	67315.8	65842.1	67315.8	65842.1	
67710.5	67710.5	67710.5	67710.5	67710.5	
65394.7	68842.1	65394.7	68842.1	65394.7	
67921.1	67184.2	67921.1	67184.2	67921.1	
66789.5	66710.5	66789.5	66710.5	66789.5	
66184.2	65447.4	66184.2	65447.4	66184.2	
65526.3	66842.1	65526.3	66842.1	65526.3	
66789.5	65842.1	66789.5	65842.1	66789.5	
67921.1	66578.9	67921.1	66578.9	67921.1	
66394.7	66921.1	66394.7	66921.1	66394.7	
67578.9	65184.2	67578.9	65184.2	67578.9	
65921.1	65394.7	65921.1	65394.7	65921.1	
65710.5	68710.5	65710.5	68710.5	65710.5	
66842.1	66710.5	66842.1	66710.5	66842.1	
65394.7	66315.8	65394.7	66315.8	65394.7	
66131.6	66921.1	66131.6	66921.1	66131.6	
67052.6	67578.9	67052.6	67578.9	67052.6	
67710.5	67236.8	67710.5	67236.8	67710.5	
65789.5	64131.6	65789.5	64131.6	65789.5	
67447.4	65000	67447.4	65000	67447.4	
65000	64868.4	65000	64868.4	65000	
65973.7	67973.7	65973.7	67973.7	65973.7	
67789.5	64526.3	67789.5	64526.3	67789.5	
66184.2	67184.2	66184.2	67184.2	66184.2	
66184.2	67921.1	66184.2	67921.1	66184.2	
66710.5	65578.9	66710.5	65578.9	66710.5	
67973.7	64184.2	67973.7	64184.2	67973.7	
67578.9	67789.5	67578.9	67789.5	67578.9	
67315.8	67236.8	67315.8	67236.8	67315.8	
66526.3	64473.7	66526.3	64473.7	66526.3	
65842.1	67368.4	65842.1	67368.4	65842.1	
66447.4	66973.7	66447.4	66973.7	66447.4	
66526.3	65578.9	66526.3	65578.9	66526.3	
65052.6	65052.6	65052.6	65052.6	65052.6	
65052.6	65657.9	65052.6	65657.9	65052.6	
67105.3	65657.9	67105.3	65657.9	67105.3	
65447.4	66921.1	65447.4	66921.1	65447.4	
65842.1	66973.7	65842.1	66973.7	65842.1	
68184.2	66973.7	68184.2	66973.7	68184.2	
67105.3	69026.3	67105.3	69026.3	67105.3	
65921.1	66657.9	65921.1	66657.9	65921.1	
66921.1	67631.6	66921.1	67631.6	66921.1	
66710.5	66263.2	66710.5	66263.2	66710.5	
65526.3	66394.7	65526.3	66394.7	65526.3	
65526.3	65657.9	65526.3	65657.9	65526.3	
67447.4	67105.3	67447.4	67105.3	67447.4	
65657.9	66973.7	65657.9	66973.7	65657.9	
65710.5	65184.2	65710.5	65184.2	65710.5	
66052.6	65394.7	66052.6	65394.7	66052.6	
67789.5	66921.1	67789.5	66921.1	67789.5	
65921.1	67921.1	65921.1	67921.1	65921.1	
65842.1	66526.3	65842.1	66526.3	65842.1	
66394.7	65052.6	66394.7	65052.6	66394.7	
66184.2	66263.2	66184.2	66263.2	66184.2	
65710.5	65657.9	65710.5	65657.9	65710.5	
64657.9	66973.7	64657.9	66973.7	64657.9	
65263.2	67052.6	65263.2	67052.6	65263.2	
65526.3	63921.1	65526.3	63921.1	65526.3	
65578.9	65447.4	65578.9	65447.4	65578.9	
65973.7	65710.5	65973.7	65710.5	65973.7	
65973.7	64394.7	65973.7	64394.7	65973.7	
65263.2	64131.6	65263.2	64131.6	65263.2	
65789.5	67368.4	65789.5	67368.4	65789.5	
66973.7	66921.1	66973.7	66921.1	66973.7	
67184.2	66394.7	67184.2	66394.7	67184.2	
64789.5	66526.3	64789.5	66526.3	64789.5	
69105.3	65842.1	69105.3	65842.1	69105.3	
68184.2	65526.3	68184.2	65526.3	68184.2	
67447.4	67921.1	67447.4	67921.1	67447.4	
67368.4	65394.7	67368.4	65394.7	67368.4	
67236.8	67710.5	67236.8	67710.5	67236.8	
64657.9	67631.6	64657.9	67631.6	64657.9	
66973.7	67921.1	66973.7	67921.1	66973.7	
66184.2	69105.3	66184.2	69105.3	66184.2	
68447.4	65973.7	68447.4	65973.7	68447.4	
65710.5	66578.9	65710.5	66578.9	65710.5	
65842.1	64052.6	65842.1	64052.6	65842.1	
66131.6	66315.8	66131.6	66315.8	66131.6	
67184.2	68105.3	67184.2	68105.3	67184.2	
66052.6	66394.7	66052.6	66394.7	66052.6	
67447.4	68052.6	67447.4	68052.6	67447.4	
64473.7	64657.9	64473.7	64657.9	64473.7	
65000	66052.6	65000	66052.6	65000	
65131.6	67052.6	65131.6	67052.6	65131.6	
64736.8	66842.1	64736.8	66842.1	64736.8	
63789.5	67710.5	63789.5	67710.5	63789.5	
66184.2	65842.1	66184.2	65842.1	66184.2	
68578.9	66052.6	68578.9	66052.6	68578.9	
67315.8	65447.4	67315.8	65447.4	67315.8	
68315.8	65921.1	68315.8	65921.1	68315.8	
66789.5	65789.5	66789.5	65789.5	66789.5	
66394.7	66842.1	66394.7	66842.1	66394.7	
65052.6	65921.1	65052.6	65921.1	65052.6	
65578.9	65447.4	65578.9	65447.4	65578.9	
66131.6	68236.8	66131.6	68236.8	66131.6	
66263.2	65263.2	66263.2	65263.2	66263.2	
65526.3	66578.9	65526.3	66578.9	65526.3	
65394.7	67315.8	65394.7	67315.8	65394.7	
67921.1	64921.1	67921.1	64921.1	67921.1	
66710.5	64184.2	66710.5	64184.2	66710.5	
67184.2	66842.1	67184.2	66842.1	67184.2	
67236.8	66578.9	67236.8	66578.9	67236.8	
65184.2	67447.4	65184.2	67447.4	65184.2	
64052.6	68105.3	64052.6	68105.3	64052.6	
65184.2	65394.7	65184.2	65394.7	65184.2	
67631.6	66184.2	67631.6	66184.2	67631.6	
67578.9	65789.5	67578.9	65789.5	67578.9	
65842.1	67789.5	65842.1	67789.5	65842.1	
64921.1	66131.6	64921.1	66131.6	64921.1	
67184.2	65447.4	67184.2	65447.4	67184.2	
67236.8	65052.6	67236.8	65052.6	67236.8	
65184.2	66578.9	65184.2	66578.9	65184.2	
66973.7	66789.5	66973.7	66789.5	66973.7	
65842.1	66578.9	65842.1	66578.9	65842.1	
67105.3	66263.2	67105.3	66263.2	67105.3	
66921.1	65000	66921.1	65000	66921.1	
67842.1	66973.7	67842.1	66973.7	67842.1	
66657.9	66131.6	66657.9	66131.6	66657.9	
67500	65526.3	67500	65526.3	67500	
67631.6	67973.7	67631.6	67973.7	67631.6	
64736.8	66842.1	64736.8	66842.1	64736.8	
65578.9	66789.5	65578.9	66789.5	65578.9	
65526.3	67105.3	65526.3	67105.3	65526.3	
65052.6	66315.8	65052.6	66315.8	65052.6	
65657.9	66184.2	65657.9	66184.2	65657.9	
67105.3	65789.5	67105.3	65789.5	67105.3	
66447.4	65315.8	66447.4	65315.8	66447.4	
65789.5	66052.6	65789.5	66052.6	65789.5	
66973.7	65263.2	66973.7	65263.2	66973.7	
66394.7	66263.2	66394.7	66263.2	66394.7	
66842.1	66052.6	66842.1	66052.6	66842.1	
66394.7	66842.1	66394.7	66842.1	66394.7	
68973.7	67631.6	68973.7	67631.6	68973.7	
67052.6	65657.9	67052.6	65657.9	67052.6	
65789.5	67578.9	65789.5	67578.9	65789.5	
66842.1	67500	66842.1	67500	66842.1	
65263.2	65263.2	65263.2	65263.2	65263.2	
65526.3	65789.5	65526.3	65789.5	65526.3	
66921.1	66394.7	66921.1	66394.7	66921.1	
67236.8	66657.9	67236.8	66657.9	67236.8	
66315.8	67052.6	66315.8	67052.6	66315.8	
66842.1	65263.2	66842.1	65263.2	66842.1	
67500	66184.2	67500	66184.2	67500	
68184.2	65263.2	68184.2	65263.2	68184.2	
68894.7	67500	68894.7	67500	68894.7	
66973.7	67052.6	66973.7	67052.6	66973.7	
69236.8	66973.7	69236.8	66973.7	69236.8	
67052.6	66789.5	67052.6	66789.5	67052.6	
66842.1	66973.7	66842.1	66973.7	66842.1	
67447.4	65842.1	67447.4	65842.1	67447.4	
65578.9	67052.6	65578.9	67052.6	65578.9	
66052.6	67184.2	66052.6	67184.2	66052.6	
66789.5	65973.7	66789.5	65973.7	66789.5	
65526.3	66263.2	65526.3	66263.2	65526.3	
67500	66052.6	67500	66052.6	67500	
65789.5	65315.8	65789.5	65315.8	65789.5	
66973.7	67368.4	66973.7	67368.4	66973.7	
65447.4	67184.2	65447.4	67184.2	65447.4	
64473.7	64789.5	64473.7	64789.5	64473.7	
64131.6	68184.2	64131.6	68184.2	64131.6	
67236.8	67368.4	67236.8	67368.4	67236.8	
65578.9	64868.4	65578.9	64868.4	65578.9	
64131.6	65789.5	64131.6	65789.5	64131.6	
66973.7	66973.7	66973.7	66973.7	66973.7	
68368.4	66842.1	68368.4	66842.1	68368.4	
67315.8	66315.8	67315.8	66315.8	67315.8	
66578.9	66394.7	66578.9	66394.7	66578.9	
66526.3	67500	66526.3	67500	66526.3	
65710.5	67973.7	65710.5	67973.7	65710.5	
65447.4	66447.4	65447.4	66447.4	65447.4	
66394.7	65921.1	66394.7	65921.1	66394.7	
66184.2	66052.6	66184.2	66052.6	66184.2	
65842.1	65973.7	65842.1	65973.7	65842.1	
67315.8	67368.4	67315.8	67368.4	67315.8	
67184.2	67973.7	67184.2	67973.7	67184.2	
66184.2	65973.7	66184.2	65973.7	66184.2	
67710.5	66710.5	67710.5	66710.5	67710.5	
65000	66394.7	65000	66394.7	65000	
66131.6	66315.8	66131.6	66315.8	66131.6	
66710.5	66447.4	66710.5	66447.4	66710.5	
67052.6	66526.3	67052.6	66526.3	67052.6	
66447.4	67842.1	66447.4	67842.1	66447.4	
67789.5	64868.4	67789.5	64868.4	67789.5	
67500	67631.6	67500	67631.6	67500	
66789.5	64657.9	66789.5	64657.9	66789.5	
67052.6	65052.6	67052.6	65052.6	67052.6	
65842.1	68236.8	65842.1	68236.8	65842.1	
65447.4	65184.2	65447.4	65184.2	65447.4	
67447.4	67921.1	67447.4	67921.1	67447.4	
68368.4	67184.2	68368.4	67184.2	68368.4	
69157.9	65921.1	69157.9	65921.1	69157.9	
67105.3	65000	67105.3	65000	67105.3	
68236.8	67052.6	68236.8	67052.6	68236.8	
67500	67236.8	67500	67236.8	67500	
65315.8	67236.8	65315.8	67236.8	65315.8	
67447.4	67447.4	67447.4	67447.4	67447.4	
65789.5	68315.8	65789.5	68315.8	65789.5	
66578.9	65447.4	66578.9	65447.4	66578.9	
66921.1	66657.9	66921.1	66657.9	66921.1	
65657.9	67052.6	65657.9	67052.6	65657.9	
66578.9	67105.3	66578.9	67105.3	66578.9	
64473.7	65184.2	64473.7	65184.2	64473.7	
65526.3	67973.7	65526.3	67973.7	65526.3	
68710.5	70026.3	68710.5	70026.3	68710.5	
66526.3	66789.5	66526.3	66789.5	66526.3	
67789.5	66052.6	67789.5	66052.6	67789.5	
67500	65973.7	67500	65973.7	67500	
68578.9	66052.6	68578.9	66052.6	68578.9	
67631.6	67236.8	67631.6	67236.8	67631.6	
66789.5	65973.7	66789.5	65973.7	66789.5	
66657.9	66973.7	66657.9	66973.7	66657.9	
65578.9	68105.3	65578.9	68105.3	65578.9	
67578.9	66447.4	67578.9	66447.4	67578.9	
66447.4	67052.6	66447.4	67052.6	66447.4	
66394.7	65842.1	66394.7	65842.1	66394.7	
66710.5	65447.4	66710.5	65447.4	66710.5	
65921.1	64263.2	65921.1	64263.2	65921.1	
65710.5	66657.9	65710.5	66657.9	65710.5	
66394.7	66263.2	66394.7	66263.2	66394.7	
66973.7	65657.9	66973.7	65657.9	66973.7	
65447.4	66789.5	65447.4	66789.5	65447.4	
67447.4	65921.1	67447.4	65921.1	67447.4	
65184.2	66578.9	65184.2	66578.9	65184.2	
65131.6	65842.1	65131.6	65842.1	65131.6	
64000	67710.5	64000	67710.5	64000	
65710.5	67842.1	65710.5	67842.1	65710.5	
67105.3	66526.3	67105.3	66526.3	67105.3	
66394.7	66710.5	66394.7	66710.5	66394.7	
65052.6	65789.5	65052.6	65789.5	65052.6	
65921.1	67631.6	65921.1	67631.6	65921.1	
67973.7	66657.9	67973.7	66657.9	67973.7	
68052.6	66789.5	68052.6	66789.5	68052.6	
66315.8	67973.7	66315.8	67973.7	66315.8	
68052.6	65921.1	68052.6	65921.1	68052.6	
65710.5	65657.9	65710.5	65657.9	65710.5	
66052.6	66184.2	66052.6	66184.2	66052.6	
66526.3	67184.2	66526.3	67184.2	66526.3	
66184.2	66447.4	66184.2	66447.4	66184.2	
64921.1	65315.8	64921.1	65315.8	64921.1	
65052.6	66526.3	65052.6	66526.3	65052.6	
65263.2	66526.3	65263.2	66526.3	65263.2	
66263.2	66315.8	66263.2	66315.8	66263.2	
65710.5	67184.2	65710.5	67184.2	65710.5	
67842.1	68052.6	67842.1	68052.6	67842.1	
66710.5	65578.9	66710.5	65578.9	66710.5	
66184.2	65578.9	66184.2	65578.9	66184.2	
65973.7	65526.3	65973.7	65526.3	65973.7	
65184.2	67368.4	65184.2	67368.4	65184.2	
68236.8	65315.8	68236.8	65315.8	68236.8	
64657.9	66052.6	64657.9	66052.6	64657.9	
66657.9	68447.4	66657.9	68447.4	66657.9	
66921.1	66578.9	66921.1	66578.9	66921.1	
67578.9	63657.9	67578.9	63657.9	67578.9	
66578.9	67105.3	66578.9	67105.3	66578.9	
65052.6	66710.5	65052.6	66710.5	65052.6	
66052.6	64736.8	66052.6	64736.8	66052.6	
64868.4	63789.5	64868.4	63789.5	64868.4	
65710.5	66578.9	65710.5	66578.9	65710.5	
66447.4	66578.9	66447.4	66578.9	66447.4	
68842.1	68105.3	68842.1	68105.3	68842.1	
65000	63657.9	65000	63657.9	65000	
67184.2	65052.6	67184.2	65052.6	67184.2	
66131.6	66184.2	66131.6	66184.2	66131.6	
66789.5	65657.9	66789.5	65657.9	66789.5	
66657.9	67184.2	66657.9	67184.2	66657.9	
67368.4	65394.7	67368.4	65394.7	67368.4	
66184.2	68052.6	66184.2	68052.6	66184.2	
66710.5	68105.3	66710.5	68105.3	66710.5	
66789.5	66657.9	66789.5	66657.9	66789.5	
65657.9	67789.5	65657.9	67789.5	65657.9	
67921.1	66789.5	67921.1	66789.5	67921.1	
66263.2	68105.3	66263.2	68105.3	66263.2	
66921.1	65710.5	66921.1	65710.5	66921.1	
67052.6	66447.4	67052.6	66447.4	67052.6	
66789.5	65184.2	66789.5	65184.2	66789.5	
66710.5	67052.6	66710.5	67052.6	66710.5	
68631.6	66921.1	68631.6	66921.1	68631.6	
65526.3	67052.6	65526.3	67052.6	65526.3	
66921.1	64789.5	66921.1	64789.5	66921.1	
68500	64526.3	68500	64526.3	68500	
66131.6	66263.2	66131.6	66263.2	66131.6	
64131.6	66184.2	64131.6	66184.2	64131.6	
66842.1	64921.1	66842.1	64921.1	66842.1	
68973.7	66973.7	68973.7	66973.7	68973.7	
67105.3	65394.7	67105.3	65394.7	67105.3	
68184.2	66657.9	68184.2	66657.9	68184.2	
68105.3	66789.5	68105.3	66789.5	68105.3	
67500	65447.4	67500	65447.4	67500	
66973.7	67052.6	66973.7	67052.6	66973.7	
65789.5	66657.9	65789.5	66657.9	65789.5	
65000	65526.3	65000	65526.3	65000	
67842.1	65973.7	67842.1	65973.7	67842.1	
66394.7	68368.4	66394.7	68368.4	66394.7	
65973.7	66131.6	65973.7	66131.6	65973.7	
68184.2	66710.5	68184.2	66710.5	68184.2	
65526.3	66973.7	65526.3	66973.7	65526.3	
67315.8	65447.4	67315.8	65447.4	67315.8	
67631.6	65710.5	67631.6	65710.5	67631.6	
65973.7	65263.2	65973.7	65263.2	65973.7	
64736.8	65973.7	64736.8	65973.7	64736.8	
67368.4	65315.8	67368.4	65315.8	67368.4	
66657.9	65447.4	66657.9	65447.4	66657.9	
65921.1	67315.8	65921.1	67315.8	65921.1	
67710.5	67105.3	67710.5	67105.3	67710.5	
66184.2	64789.5	66184.2	64789.5	66184.2	
67789.5	67789.5	67789.5	67789.5	67789.5	
65263.2	66526.3	65263.2	66526.3	65263.2	
69157.9	66657.9	69157.9	66657.9	69157.9	
67105.3	66973.7	67105.3	66973.7	67105.3	
65578.9	65921.1	65578.9	65921.1	65578.9	
65315.8	66921.1	65315.8	66921.1	65315.8	
67631.6	65578.9	67631.6	65578.9	67631.6	
67710.5	67105.3	67710.5	67105.3	67710.5	
66184.2	65973.7	66184.2	65973.7	66184.2	
66710.5	65842.1	66710.5	65842.1	66710.5	
65000	66447.4	65000	66447.4	65000	
64473.7	65131.6	64473.7	65131.6	64473.7	
66973.7	66447.4	66973.7	66447.4	66973.7	
65184.2	66921.1	65184.2	66921.1	65184.2	
67315.8	67500	67315.8	67500	67315.8	
66578.9	67447.4	66578.9	67447.4	66578.9	
64473.7	64657.9	64473.7	64657.9	64473.7	
65710.5	66131.6	65710.5	66131.6	65710.5	
65578.9	63921.1	65578.9	63921.1	65578.9	
65842.1	67315.8	65842.1	67315.8	65842.1	
66447.4	66447.4	66447.4	66447.4	66447.4	
65263.2	65842.1	65263.2	65842.1	65263.2	
66263.2	66973.7	66263.2	66973.7	66263.2	
66184.2	67631.6	66184.2	67631.6	66184.2	
66973.7	65973.7	66973.7	65973.7	66973.7	
66131.6	67842.1	66131.6	67842.1	66131.6	
65394.7	67236.8	65394.7	67236.8	65394.7	
66131.6	65184.2	66131.6	65184.2	66131.6	
66263.2	65526.3	66263.2	65526.3	66263.2	
66789.5	67184.2	66789.5	67184.2	66789.5	
66842.1	66657.9	66842.1	66657.9	66842.1	
66131.6	64921.1	66131.6	64921.1	66131.6	
66447.4	67973.7	66447.4	67973.7	66447.4	
65842.1	66710.5	65842.1	66710.5	65842.1	
68631.6	66052.6	68631.6	66052.6	68631.6	
65526.3	65526.3	65526.3	65526.3	65526.3	
65789.5	66526.3	65789.5	66526.3	65789.5	
65842.1	66315.8	65842.1	66315.8	65842.1	
65263.2	67184.2	65263.2	67184.2	65263.2	
65447.4	67631.6	65447.4	67631.6	65447.4	
66710.5	67789.5	66710.5	67789.5	66710.5	
68052.6	66526.3	68052.6	66526.3	68052.6	
67789.5	65263.2	67789.5	65263.2	67789.5	
65921.1	66447.4	65921.1	66447.4	65921.1	
66394.7	66184.2	66394.7	66184.2	66394.7	
65184.2	67447.4	65184.2	67447.4	65184.2	
66394.7	67447.4	66394.7	67447.4	66394.7	
64000	64315.8	64000	64315.8	64000	
66263.2	65842.1	66263.2	65842.1	66263.2	
67921.1	65447.4	67921.1	65447.4	67921.1	
65842.1	66052.6	65842.1	66052.6	65842.1	
66973.7	65263.2	66973.7	65263.2	66973.7	
67500	66921.1	67500	66921.1	67500	
67447.4	66578.9	67447.4	66578.9	67447.4	
66710.5	67052.6	66710.5	67052.6	66710.5	
65394.7	66315.8	65394.7	66315.8	65394.7	
66921.1	64184.2	66921.1	64184.2	66921.1	
65842.1	65921.1	65842.1	65921.1	65842.1	
64868.4	65921.1	64868.4	65921.1	64868.4	
67447.4	65710.5	67447.4	65710.5	67447.4	
66526.3	66973.7	66526.3	66973.7	66526.3	
64473.7	66315.8	64473.7	66315.8	64473.7	
65789.5	66394.7	65789.5	66394.7	65789.5	
66394.7	65842.1	66394.7	65842.1	66394.7	
66184.2	67578.9	66184.2	67578.9	66184.2	
68105.3	67315.8	68105.3	67315.8	68105.3	
66578.9	66710.5	66578.9	66710.5	66578.9	
68578.9	66973.7	68578.9	66973.7	68578.9	
67105.3	66842.1	67105.3	66842.1	67105.3	
66789.5	67052.6	66789.5	67052.6	66789.5	
65710.5	66789.5	65710.5	66789.5	65710.5	
66973.7	67973.7	66973.7	67973.7	66973.7	
66526.3	66921.1	66526.3	66921.1	66526.3	
64868.4	66184.2	64868.4	66184.2	64868.4	
65315.8	68236.8	65315.8	68236.8	65315.8	
65710.5	67315.8	65710.5	67315.8	65710.5	
64657.9	67105.3	64657.9	67105.3	64657.9	
66263.2	64868.4	66263.2	64868.4	66263.2	
65447.4	66263.2	65447.4	66263.2	65447.4	
66052.6	64052.6	66052.6	64052.6	66052.6	
65710.5	66131.6	65710.5	66131.6	65710.5	
66526.3	67368.4	66526.3	67368.4	66526.3	
65842.1	67578.9	65842.1	67578.9	65842.1	
65842.1	66921.1	65842.1	66921.1	65842.1	
68578.9	64263.2	68578.9	64263.2	68578.9	
66394.7	67368.4	66394.7	67368.4	66394.7	
66394.7	65526.3	66394.7	65526.3	66394.7	
66052.6	66921.1	66052.6	66921.1	66052.6	
66447.4	66842.1	66447.4	66842.1	66447.4	
64921.1	66973.7	64921.1	66973.7	64921.1	
66578.9	66842.1	66578.9	66842.1	66578.9	
65526.3	65657.9	65526.3	65657.9	65526.3	
65921.1	65657.9	65921.1	65657.9	65921.1	
64789.5	65921.1	64789.5	65921.1	64789.5	
66526.3	65578.9	66526.3	65578.9	66526.3	
65921.1	66710.5	65921.1	66710.5	65921.1	
67921.1	67578.9	67921.1	67578.9	67921.1	
65710.5	65842.1	65710.5	65842.1	65710.5	
66447.4	67447.4	66447.4	67447.4	66447.4	
66657.9	68184.2	66657.9	68184.2	66657.9	
66263.2	68105.3	66263.2	68105.3	66263.2	
66052.6	64789.5	66052.6	64789.5	66052.6	
67315.8	66578.9	67315.8	66578.9	67315.8	
66263.2	66842.1	66263.2	66842.1	66263.2	
66710.5	67789.5	66710.5	67789.5	66710.5	
66394.7	67052.6	66394.7	67052.6	66394.7	
65394.7	66447.4	65394.7	66447.4	65394.7	
65973.7	65526.3	65973.7	65526.3	65973.7	
67578.9	66447.4	67578.9	66447.4	67578.9	
67710.5	66263.2	67710.5	66263.2	67710.5	
65526.3	67578.9	65526.3	67578.9	65526.3	
66921.1	66657.9	66921.1	66657.9	66921.1	
68631.6	65394.7	68631.6	65394.7	68631.6	
66131.6	65842.1	66131.6	65842.1	66131.6	
66710.5	67052.6	66710.5	67052.6	66710.5	
65131.6	66131.6	65131.6	66131.6	65131.6	
65526.3	66315.8	65526.3	66315.8	65526.3	
64394.7	67315.8	64394.7	67315.8	64394.7	
66710.5	65657.9	66710.5	65657.9	66710.5	
64921.1	65184.2	64921.1	65184.2	64921.1	
68105.3	64473.7	68105.3	64473.7	68105.3	
64868.4	66842.1	64868.4	66842.1	64868.4	
66789.5	68763.2	66789.5	68763.2	66789.5	
66657.9	67052.6	66657.9	67052.6	66657.9	
67447.4	67578.9	67447.4	67578.9	67447.4	
68105.3	67368.4	68105.3	67368.4	68105.3	
67184.2	65789.5	67184.2	65789.5	67184.2	
65842.1	65526.3	65842.1	65526.3	65842.1	
66184.2	65315.8	66184.2	65315.8	66184.2	
66973.7	66921.1	66973.7	66921.1	66973.7	
65315.8	67789.5	65315.8	67789.5	65315.8	
67105.3	66710.5	67105.3	66710.5	67105.3	
68184.2	65789.5	68184.2	65789.5	68184.2	
66131.6	67105.3	66131.6	67105.3	66131.6	
64789.5	64605.3	64789.5	64605.3	64789.5	
66973.7	66921.1	66973.7	66921.1	66973.7	
66578.9	65578.9	66578.9	65578.9	66578.9	
66973.7	66578.9	66973.7	66578.9	66973.7	
66447.4	65394.7	66447.4	65394.7	66447.4	
66973.7	66526.3	66973.7	66526.3	66973.7	
66263.2	65526.3	66263.2	65526.3	66263.2	
65789.5	65000	65789.5	65000	65789.5	
66263.2	65000	66263.2	65000	66263.2	
66526.3	65315.8	66526.3	65315.8	66526.3	
66526.3	66921.1	66526.3	66921.1	66526.3	
66394.7	67105.3	66394.7	67105.3	66394.7	
67368.4	66315.8	67368.4	66315.8	67368.4	
64921.1	66184.2	64921.1	66184.2	64921.1	
66526.3	66578.9	66526.3	66578.9	66526.3	
64921.1	67105.3	64921.1	67105.3	64921.1	
65921.1	66710.5	65921.1	66710.5	65921.1	
66842.1	67500	66842.1	67500	66842.1	
66526.3	66921.1	66526.3	66921.1	66526.3	
66394.7	65263.2	66394.7	65263.2	66394.7	
66921.1	66447.4	66921.1	66447.4	66921.1	
66526.3	65578.9	66526.3	65578.9	66526.3	
66447.4	67315.8	66447.4	67315.8	66447.4	
65578.9	66447.4	65578.9	66447.4	65578.9	
67500	66447.4	67500	66447.4	67500	
68184.2	66131.6	68184.2	66131.6	68184.2	
67052.6	65526.3	67052.6	65526.3	67052.6	
66394.7	67447.4	66394.7	67447.4	66394.7	
65131.6	67578.9	65131.6	67578.9	65131.6	
66921.1	64789.5	66921.1	64789.5	66921.1	
65394.7	66842.1	65394.7	66842.1	65394.7	
65184.2	65921.1	65184.2	65921.1	65184.2	
68184.2	68052.6	68184.2	68052.6	68184.2	
68763.2	67578.9	68763.2	67578.9	68763.2	
65263.2	66184.2	65263.2	66184.2	65263.2	
66526.3	65526.3	66526.3	65526.3	66526.3	
67184.2	65184.2	67184.2	65184.2	67184.2	
67105.3	65710.5	67105.3	65710.5	67105.3	
65657.9	67578.9	65657.9	67578.9	65657.9	
66578.9	65578.9	66578.9	65578.9	66578.9	
67052.6	67236.8	67052.6	67236.8	67052.6	
65789.5	66394.7	65789.5	66394.7	65789.5	
65921.1	66789.5	65921.1	66789.5	65921.1	
67315.8	67578.9	67315.8	67578.9	67315.8	
68447.4	66578.9	68447.4	66578.9	68447.4	
66526.3	65710.5	66526.3	65710.5	66526.3	
65131.6	66578.9	65131.6	66578.9	65131.6	
65578.9	65578.9	65578.9	65578.9	65578.9	
67447.4	64526.3	67447.4	64526.3	67447.4	
67921.1	65526.3	67921.1	65526.3	67921.1	
64526.3	66921.1	64526.3	66921.1	64526.3	
66921.1	64315.8	66921.1	64315.8	66921.1	
66578.9	68052.6	66578.9	68052.6	66578.9	
65131.6	64052.6	65131.6	64052.6	65131.6	
66973.7	66315.8	66973.7	66315.8	66973.7	
66315.8	67631.6	66315.8	67631.6	66315.8	
66842.1	65710.5	66842.1	65710.5	66842.1	
66578.9	64789.5	66578.9	64789.5	66578.9	
66789.5	65973.7	66789.5	65973.7	66789.5	
66789.5	67500	66789.5	67500	66789.5	
66447.4	65263.2	66447.4	65263.2	66447.4	
64868.4	66394.7	64868.4	66394.7	64868.4	
65526.3	65921.1	65526.3	65921.1	65526.3	
66921.1	66921.1	66921.1	66921.1	66921.1	
67447.4	66921.1	67447.4	66921.1	67447.4	
69157.9	67500	69157.9	67500	69157.9	
64921.1	68315.8	64921.1	68315.8	64921.1	
66973.7	65973.7	66973.7	65973.7	66973.7	
65921.1	66315.8	65921.1	66315.8	65921.1	
67500	68052.6	67500	68052.6	67500	
66921.1	65578.9	66921.1	65578.9	66921.1	
66657.9	66789.5	66657.9	66789.5	66657.9	
67315.8	67315.8	67315.8	67315.8	67315.8	
67315.8	67921.1	67315.8	67921.1	67315.8	
64921.1	66131.6	64921.1	66131.6	64921.1	
64184.2	66842.1	64184.2	66842.1	64184.2	
67105.3	68236.8	67105.3	68236.8	67105.3	
67315.8	65315.8	67315.8	65315.8	67315.8	
67973.7	65921.1	67973.7	65921.1	67973.7	
66921.1	66710.5	66921.1	66710.5	66921.1	
65263.2	68447.4	65263.2	68447.4	65263.2	
66052.6	65657.9	66052.6	65657.9	66052.6	
67184.2	67236.8	67184.2	67236.8	67184.2	
66973.7	65842.1	66973.7	65842.1	66973.7	
65526.3	65447.4	65526.3	65447.4	65526.3	
67368.4	64605.3	67368.4	64605.3	67368.4	
64736.8	65973.7	64736.8	65973.7	64736.8	
66052.6	65710.5	66052.6	65710.5	66052.6	
66394.7	65789.5	66394.7	65789.5	66394.7	
66578.9	66394.7	66578.9	66394.7	66578.9	
66447.4	66394.7	66447.4	66394.7	66447.4	
66184.2	67052.6	66184.2	67052.6	66184.2	
65526.3	65842.1	65526.3	65842.1	65526.3	
65789.5	65789.5	65789.5	65789.5	65789.5	
65131.6	66710.5	65131.6	66710.5	65131.6	
67710.5	67236.8	67710.5	67236.8	67710.5	
65842.1	66657.9	65842.1	66657.9	65842.1	
66842.1	66315.8	66842.1	66315.8	66842.1	
66842.1	65394.7	66842.1	65394.7	66842.1	
66526.3	65973.7	66526.3	65973.7	66526.3	
66447.4	66131.6	66447.4	66131.6	66447.4	
67236.8	66315.8	67236.8	66315.8	67236.8	
66315.8	66447.4	66315.8	66447.4	66315.8	
68315.8	65973.7	68315.8	65973.7	68315.8	
65710.5	65447.4	65710.5	65447.4	65710.5	
65842.1	66710.5	65842.1	66710.5	65842.1	
67578.9	68052.6	67578.9	68052.6	67578.9	
64315.8	65184.2	64315.8	65184.2	64315.8	
67447.4	64526.3	67447.4	64526.3	67447.4	
65447.4	65447.4	65447.4	65447.4	65447.4	
66184.2	64526.3	66184.2	64526.3	66184.2	
66263.2	66921.1	66263.2	66921.1	66263.2	
65842.1	66131.6	65842.1	66131.6	65842.1	
66052.6	66315.8	66052.6	66315.8	66052.6	
65447.4	65710.5	65447.4	65710.5	65447.4	
69026.3	67789.5	69026.3	67789.5	69026.3	
67052.6	65657.9	67052.6	65657.9	67052.6	
66710.5	65789.5	66710.5	65789.5	66710.5	
66447.4	66973.7	66447.4	66973.7	66447.4	
67184.2	68500	67184.2	68500	67184.2	
65131.6	67315.8	65131.6	67315.8	65131.6	
65315.8	65578.9	65315.8	65578.9	65315.8	
64526.3	66447.4	64526.3	66447.4	64526.3	
65052.6	66657.9	65052.6	66657.9	65052.6	
65000	65657.9	65000	65657.9	65000	
66263.2	65578.9	66263.2	65578.9	66263.2	
67236.8	66052.6	67236.8	66052.6	67236.8	
68578.9	66526.3	68578.9	66526.3	68578.9	
65657.9	66973.7	65657.9	66973.7	65657.9	
66710.5	66263.2	66710.5	66263.2	66710.5	
66263.2	66578.9	66263.2	66578.9	66263.2	
66263.2	66973.7	66263.2	66973.7	66263.2	
66526.3	65578.9	66526.3	65578.9	66526.3	
67184.2	67315.8	67184.2	67315.8	67184.2	
64789.5	67447.4	64789.5	67447.4	64789.5	
66131.6	64868.4	66131.6	64868.4	66131.6	
67052.6	66921.1	67052.6	66921.1	67052.6	
65184.2	66842.1	65184.2	66842.1	65184.2	
68184.2	67973.7	68184.2	67973.7	68184.2	
65131.6	65526.3	65131.6	65526.3	65131.6	
68184.2	65973.7	68184.2	65973.7	68184.2	
65842.1	67105.3	65842.1	67105.3	65842.1	
67842.1	65000	67842.1	65000	67842.1	
66315.8	66052.6	66315.8	66052.6	66315.8	
65710.5	65526.3	65710.5	65526.3	65710.5	
67631.6	64526.3	67631.6	64526.3	67631.6	
66710.5	66052.6	66710.5	66052.6	66710.5	
65578.9	65789.5	65578.9	65789.5	65578.9	
66315.8	66184.2	66315.8	66184.2	66315.8	
66921.1	65657.9	66921.1	65657.9	66921.1	
66973.7	65789.5	66973.7	65789.5	66973.7	
67315.8	65000	67315.8	65000	67315.8	
66973.7	66315.8	66973.7	66315.8	66973.7	
64315.8	66526.3	64315.8	66526.3	64315.8	
67500	65578.9	67500	65578.9	67500	
66657.9	66578.9	66657.9	66578.9	66657.9	
64526.3	67105.3	64526.3	67105.3	64526.3	
66394.7	65526.3	66394.7	65526.3	66394.7	
68763.2	66657.9	68763.2	66657.9	68763.2	
67710.5	67236.8	67710.5	67236.8	67710.5	
67236.8	65526.3	67236.8	65526.3	67236.8	
66710.5	65657.9	66710.5	65657.9	66710.5	
65789.5	66052.6	65789.5	66052.6	65789.5	
66447.4	66710.5	66447.4	66710.5	66447.4	
67500	65184.2	67500	65184.2	67500	
65973.7	67921.1	65973.7	67921.1	65973.7	
66394.7	65447.4	66394.7	65447.4	66394.7	
66315.8	65921.1	66315.8	65921.1	66315.8	
66394.7	64921.1	66394.7	64921.1	66394.7	
66921.1	67578.9	66921.1	67578.9	66921.1	
65184.2	66315.8	65184.2	66315.8	65184.2	
67105.3	67973.7	67105.3	67973.7	67105.3	
67105.3	65973.7	67105.3	65973.7	67105.3	
67921.1	65842.1	67921.1	65842.1	67921.1	
65526.3	65842.1	65526.3	65842.1	65526.3	
67052.6	66842.1	67052.6	66842.1	67052.6	
68052.6	64315.8	68052.6	64315.8	68052.6	
67921.1	69447.4	67921.1	69447.4	67921.1	
67631.6	66578.9	67631.6	66578.9	67631.6	
66842.1	66184.2	66842.1	66184.2	66842.1	
67315.8	67236.8	67315.8	67236.8	67315.8	
65184.2	66131.6	65184.2	66131.6	65184.2	
67368.4	66263.2	67368.4	66263.2	67368.4	
67105.3	66052.6	67105.3	66052.6	67105.3	
65657.9	67184.2	65657.9	67184.2	65657.9	
64921.1	65578.9	64921.1	65578.9	64921.1	
65184.2	67789.5	65184.2	67789.5	65184.2	
67631.6	66789.5	67631.6	66789.5	67631.6	
66315.8	66184.2	66315.8	66184.2	66315.8	
66921.1	65394.7	66921.1	65394.7	66921.1	
66131.6	68184.2	66131.6	68184.2	66131.6	
66526.3	66263.2	66526.3	66263.2	66526.3	
66842.1	67447.4	66842.1	67447.4	66842.1	
68052.6	67973.7	68052.6	67973.7	68052.6	
65131.6	67052.6	65131.6	67052.6	65131.6	
66578.9	66973.7	66578.9	66973.7	66578.9	
67315.8	65447.4	67315.8	65447.4	67315.8	
65526.3	65789.5	65526.3	65789.5	65526.3	
65052.6	66052.6	65052.6	66052.6	65052.6	
67578.9	64526.3	67578.9	64526.3	67578.9	
67921.1	67578.9	67921.1	67578.9	67921.1	
66131.6	64921.1	66131.6	64921.1	66131.6	
65789.5	65921.1	65789.5	65921.1	65789.5	
64473.7	65921.1	64473.7	65921.1	64473.7	
66789.5	66973.7	66789.5	66973.7	66789.5	
65526.3	66131.6	65526.3	66131.6	65526.3	
66447.4	65973.7	66447.4	65973.7	66447.4	
67368.4	67710.5	67368.4	67710.5	67368.4	
68447.4	67184.2	68447.4	67184.2	68447.4	
67710.5	66394.7	67710.5	66394.7	67710.5	
66842.1	66578.9	66842.1	66578.9	66842.1	
66657.9	67578.9	66657.9	67578.9	66657.9	
67500	67105.3	67500	67105.3	67500	
66578.9	65131.6	66578.9	65131.6	66578.9	
66447.4	66842.1	66447.4	66842.1	66447.4	
66578.9	66184.2	66578.9	66184.2	66578.9	
65394.7	67842.1	65394.7	67842.1	65394.7	
67052.6	64184.2	67052.6	64184.2	67052.6	
67500	66657.9	67500	66657.9	67500	
66921.1	64736.8	66921.1	64736.8	66921.1	
65657.9	67710.5	65657.9	67710.5	65657.9	
66263.2	66657.9	66263.2	66657.9	66263.2	
67052.6	66578.9	67052.6	66578.9	67052.6	
66789.5	64736.8	66789.5	64736.8	66789.5	
66052.6	67368.4	66052.6	67368.4	66052.6	
67052.6	66973.7	67052.6	66973.7	67052.6	
67184.2	66184.2	67184.2	66184.2	67184.2	
66789.5	66315.8	66789.5	66315.8	66789.5	
66131.6	64868.4	66131.6	64868.4	66131.6	
66842.1	64736.8	66842.1	64736.8	66842.1	
64921.1	68368.4	64921.1	68368.4	64921.1	
66052.6	65842.1	66052.6	65842.1	66052.6	
65184.2	65657.9	65184.2	65657.9	65184.2	
66447.4	68236.8	66447.4	68236.8	66447.4	
65789.5	65921.1	65789.5	65921.1	65789.5	
64921.1	66921.1	64921.1	66921.1	64921.1	
67921.1	67368.4	67921.1	67368.4	67921.1	
66131.6	65578.9	66131.6	65578.9	66131.6	
65842.1	66184.2	65842.1	66184.2	65842.1	
67500	64921.1	67500	64921.1	67500	
66657.9	66842.1	66657.9	66842.1	66657.9	
65000	66578.9	65000	66578.9	65000	
66447.4	63789.5	66447.4	63789.5	66447.4	
66973.7	65184.2	66973.7	65184.2	66973.7	
65842.1	66526.3	65842.1	66526.3	65842.1	
66184.2	66447.4	66184.2	66447.4	66184.2	
62868.4	65131.6	62868.4	65131.6	62868.4	
66526.3	67447.4	66526.3	67447.4	66526.3	
66131.6	68500	66131.6	68500	66131.6	
66052.6	65973.7	66052.6	65973.7	66052.6	
66394.7	66263.2	66394.7	66263.2	66394.7	
66184.2	66394.7	66184.2	66394.7	66184.2	
64921.1	64736.8	64921.1	64736.8	64921.1	
66447.4	67105.3	66447.4	67105.3	66447.4	
66052.6	65315.8	66052.6	65315.8	66052.6	
65921.1	65842.1	65921.1	65842.1	65921.1	
68894.7	66315.8	68894.7	66315.8	68894.7	
67578.9	67368.4	67578.9	67368.4	67578.9	
67184.2	66447.4	67184.2	66447.4	67184.2	
67500	64473.7	67500	64473.7	67500	
67184.2	66052.6	67184.2	66052.6	67184.2	
66131.6	66315.8	66131.6	66315.8	66131.6	
64657.9	67236.8	64657.9	67236.8	64657.9	
67236.8	65052.6	67236.8	65052.6	67236.8	
66789.5	67500	66789.5	67500	66789.5	
66578.9	67631.6	66578.9	67631.6	66578.9	
68315.8	65263.2	68315.8	65263.2	68315.8	
68631.6	65710.5	68631.6	65710.5	68631.6	
63210.5	65657.9	63210.5	65657.9	63210.5	
66131.6	65842.1	66131.6	65842.1	66131.6	
67921.1	64736.8	67921.1	64736.8	67921.1	
65710.5	69368.4	65710.5	69368.4	65710.5	
67710.5	66921.1	67710.5	66921.1	67710.5	
65789.5	67315.8	65789.5	67315.8	65789.5	
67105.3	67105.3	67105.3	67105.3	67105.3	
67368.4	65526.3	67368.4	65526.3	67368.4	
64263.2	66789.5	64263.2	66789.5	64263.2	
66184.2	66710.5	66184.2	66710.5	66184.2	
65921.1	65184.2	65921.1	65184.2	65921.1	
66315.8	63789.5	66315.8	63789.5	66315.8	
65000	65263.2	65000	65263.2	65000	
65921.1	66526.3	65921.1	66526.3	65921.1	
66131.6	66263.2	66131.6	66263.2	66131.6	
65973.7	65842.1	65973.7	65842.1	65973.7	
68052.6	65052.6	68052.6	65052.6	68052.6	
65789.5	65921.1	65789.5	65921.1	65789.5	
67973.7	65315.8	67973.7	65315.8	67973.7	
65263.2	66921.1	65263.2	66921.1	65263.2	
67052.6	66447.4	67052.6	66447.4	67052.6	
67315.8	66447.4	67315.8	66447.4	67315.8	
66447.4	65315.8	66447.4	65315.8	66447.4	
65789.5	67500	65789.5	67500	65789.5	
65789.5	65526.3	65789.5	65526.3	65789.5	
64263.2	66263.2	64263.2	66263.2	64263.2	
64657.9	65184.2	64657.9	65184.2	64657.9	
65973.7	67105.3	65973.7	67105.3	65973.7	
65263.2	66921.1	65263.2	66921.1	65263.2	
65657.9	65921.1	65657.9	65921.1	65657.9	
65921.1	67842.1	65921.1	67842.1	65921.1	
66394.7	65315.8	66394.7	65315.8	66394.7	
66921.1	66842.1	66921.1	66842.1	66921.1	
65394.7	65657.9	65394.7	65657.9	65394.7	
68500	68500	68500	68500	68500	
65184.2	66263.2	65184.2	66263.2	65184.2	
66973.7	66710.5	66973.7	66710.5	66973.7	
67921.1	69105.3	67921.1	69105.3	67921.1	
65973.7	67710.5	65973.7	67710.5	65973.7	
65921.1	66973.7	65921.1	66973.7	65921.1	
66131.6	67315.8	66131.6	67315.8	66131.6	
65578.9	65973.7	65578.9	65973.7	65578.9	
66842.1	66789.5	66842.1	66789.5	66842.1	
66131.6	66842.1	66131.6	66842.1	66131.6	
67447.4	65973.7	67447.4	65973.7	67447.4	
66052.6	67052.6	66052.6	67052.6	66052.6	
67368.4	66921.1	67368.4	66921.1	67368.4	
68184.2	67447.4	68184.2	67447.4	68184.2	
67368.4	65657.9	67368.4	65657.9	67368.4	
68710.5	65973.7	68710.5	65973.7	68710.5	
65394.7	66131.6	65394.7	66131.6	65394.7	
68578.9	64315.8	68578.9	64315.8	68578.9	
66973.7	65263.2	66973.7	65263.2	66973.7	
66710.5	66263.2	66710.5	66263.2	66710.5	
66052.6	66131.6	66052.6	66131.6	66052.6	
66263.2	66184.2	66263.2	66184.2	66263.2	
65184.2	67578.9	65184.2	67578.9	65184.2	
67184.2	67105.3	67184.2	67105.3	67184.2	
67052.6	65973.7	67052.6	65973.7	67052.6	
64868.4	66578.9	64868.4	66578.9	64868.4	
65973.7	66394.7	65973.7	66394.7	65973.7	
67315.8	66526.3	67315.8	66526.3	67315.8	
65394.7	67236.8	65394.7	67236.8	65394.7	
66921.1	65578.9	66921.1	65578.9	66921.1	
67973.7	65131.6	67973.7	65131.6	67973.7	
65710.5	67368.4	65710.5	67368.4	65710.5	
67315.8	68105.3	67315.8	68105.3	67315.8	
66263.2	65447.4	66263.2	65447.4	66263.2	
66973.7	65394.7	66973.7	65394.7	66973.7	
65921.1	65842.1	65921.1	65842.1	65921.1	
67052.6	65921.1	67052.6	65921.1	67052.6	
65973.7	65842.1	65973.7	65842.1	65973.7	
66921.1	65447.4	66921.1	65447.4	66921.1	
67973.7	63868.4	67973.7	63868.4	67973.7	
66657.9	64736.8	66657.9	64736.8	66657.9	
66526.3	66394.7	66526.3	66394.7	66526.3	
66657.9	68184.2	66657.9	68184.2	66657.9	
65657.9	66657.9	65657.9	66657.9	65657.9	
66184.2	67052.6	66184.2	67052.6	66184.2	
65921.1	68052.6	65921.1	68052.6	65921.1	
67578.9	65921.1	67578.9	65921.1	67578.9	
66710.5	65789.5	66710.5	65789.5	66710.5	
66921.1	64315.8	66921.1	64315.8	66921.1	
65184.2	67315.8	65184.2	67315.8	65184.2	
67315.8	66131.6	67315.8	66131.6	67315.8	
67184.2	66263.2	67184.2	66263.2	67184.2	
67447.4	67236.8	67447.4	67236.8	67447.4	
66447.4	66394.7	66447.4	66394.7	66447.4	
65052.6	66921.1	65052.6	66921.1	65052.6	
65842.1	66710.5	65842.1	66710.5	65842.1	
65921.1	65842.1	65921.1	65842.1	65921.1	
66447.4	66131.6	66447.4	66131.6	66447.4	
66789.5	66710.5	66789.5	66710.5	66789.5	
67789.5	67631.6	67789.5	67631.6	67789.5	
66315.8	65578.9	66315.8	65578.9	66315.8	
67447.4	67236.8	67447.4	67236.8	67447.4	
66131.6	65131.6	66131.6	65131.6	66131.6	
66657.9	66657.9	66657.9	66657.9	66657.9	
65973.7	66578.9	65973.7	66578.9	65973.7	
66842.1	67236.8	66842.1	67236.8	66842.1	
66184.2	66394.7	66184.2	66394.7	66184.2	
66842.1	65842.1	66842.1	65842.1	66842.1	
64868.4	65526.3	64868.4	65526.3	64868.4	
66789.5	67105.3	66789.5	67105.3	66789.5	
67368.4	66263.2	67368.4	66263.2	67368.4	
65973.7	66973.7	65973.7	66973.7	65973.7	
65394.7	66973.7	65394.7	66973.7	65394.7	
65710.5	64868.4	65710.5	64868.4	65710.5	
65578.9	66973.7	65578.9	66973.7	65578.9	
66447.4	66526.3	66447.4	66526.3	66447.4	
65973.7	66657.9	65973.7	66657.9	65973.7	
67578.9	64921.1	67578.9	64921.1	67578.9	
67052.6	67842.1	67052.6	67842.1	67052.6	
65526.3	65447.4	65526.3	65447.4	65526.3	
65578.9	65710.5	65578.9	65710.5	65578.9	
66263.2	65921.1	66263.2	65921.1	66263.2	
68236.8	66526.3	68236.8	66526.3	68236.8	
65578.9	65973.7	65578.9	65973.7	65578.9	
65789.5	64526.3	65789.5	64526.3	65789.5	
64868.4	66789.5	64868.4	66789.5	64868.4	
66921.1	66921.1	66921.1	66921.1	66921.1	
65131.6	68631.6	65131.6	68631.6	65131.6	
64736.8	66263.2	64736.8	66263.2	64736.8	
65263.2	65394.7	65263.2	65394.7	65263.2	
66394.7	65578.9	66394.7	65578.9	66394.7	
65921.1	66184.2	65921.1	66184.2	65921.1	
65447.4	66921.1	65447.4	66921.1	65447.4	
64868.4	66657.9	64868.4	66657.9	64868.4	
66710.5	67184.2	66710.5	67184.2	66710.5	
66315.8	68052.6	66315.8	68052.6	66315.8	
66131.6	67578.9	66131.6	67578.9	66131.6	
67052.6	66184.2	67052.6	66184.2	67052.6	
67315.8	65526.3	67315.8	65526.3	67315.8	
66921.1	66973.7	66921.1	66973.7	66921.1	
65131.6	67052.6	65131.6	67052.6	65131.6	
65000	65315.8	65000	65315.8	65000	
67184.2	65184.2	67184.2	65184.2	67184.2	
65710.5	67789.5	65710.5	67789.5	65710.5	
66184.2	67315.8	66184.2	67315.8	66184.2	
66526.3	65710.5	66526.3	65710.5	66526.3	
66315.8	66052.6	66315.8	66052.6	66315.8	
66315.8	67315.8	66315.8	67315.8	66315.8	
65710.5	66131.6	65710.5	66131.6	65710.5	
66131.6	65842.1	66131.6	65842.1	66131.6	
67184.2	65710.5	67184.2	65710.5	67184.2	
66973.7	65526.3	66973.7	65526.3	66973.7	
65263.2	66131.6	65263.2	66131.6	65263.2	
66394.7	66710.5	66394.7	66710.5	66394.7	
66052.6	65000	66052.6	65000	66052.6	
67105.3	67052.6	67105.3	67052.6	67105.3	
63868.4	66315.8	63868.4	66315.8	63868.4	
67368.4	65000	67368.4	65000	67368.4	
67921.1	66657.9	67921.1	66657.9	67921.1	
65394.7	64736.8	65394.7	64736.8	65394.7	
66842.1	67447.4	66842.1	67447.4	66842.1	
68631.6	65394.7	68631.6	65394.7	68631.6	
66184.2	64868.4	66184.2	64868.4	66184.2	
65789.5	65657.9	65789.5	65657.9	65789.5	
67578.9	67500	67578.9	67500	67578.9	
65921.1	64605.3	65921.1	64605.3	65921.1	
66131.6	65315.8	66131.6	65315.8	66131.6	
65578.9	66263.2	65578.9	66263.2	65578.9	
67921.1	65052.6	67921.1	65052.6	67921.1	
69026.3	66526.3	69026.3	66526.3	69026.3	
65973.7	67184.2	65973.7	67184.2	65973.7	
68578.9	64315.8	68578.9	64315.8	68578.9	
65657.9	67052.6	65657.9	67052.6	65657.9	
66447.4	65131.6	66447.4	65131.6	66447.4	
66447.4	65710.5	66447.4	65710.5	66447.4	
66526.3	66184.2	66526.3	66184.2	66526.3	
66394.7	65710.5	66394.7	65710.5	66394.7	
67842.1	65052.6	67842.1	65052.6	67842.1	
67184.2	67184.2	67184.2	67184.2	67184.2	
67315.8	67842.1	67315.8	67842.1	67315.8	
67578.9	67447.4	67578.9	67447.4	67578.9	
68842.1	67315.8	68842.1	67315.8	68842.1	
66526.3	66710.5	66526.3	66710.5	66526.3	
65000	66578.9	65000	66578.9	65000	
65184.2	64526.3	65184.2	64526.3	65184.2	
67052.6	66578.9	67052.6	66578.9	67052.6	
66526.3	65973.7	66526.3	65973.7	66526.3	
66263.2	66526.3	66263.2	66526.3	66263.2	
65394.7	67105.3	65394.7	67105.3	65394.7	
67710.5	65657.9	67710.5	65657.9	67710.5	
66394.7	66052.6	66394.7	66052.6	66394.7	
65710.5	65315.8	65710.5	65315.8	65710.5	
66657.9	65842.1	66657.9	65842.1	66657.9	
66394.7	66842.1	66394.7	66842.1	66394.7	
66578.9	67315.8	66578.9	67315.8	66578.9	
65921.1	66315.8	65921.1	66315.8	65921.1	
67052.6	66973.7	67052.6	66973.7	67052.6	
66710.5	65131.6	66710.5	65131.6	66710.5	
66578.9	66184.2	66578.9	66184.2	66578.9	
66710.5	66131.6	66710.5	66131.6	66710.5	
66131.6	67105.3	66131.6	67105.3	66131.6	
66921.1	65447.4	66921.1	65447.4	66921.1	
64921.1	65973.7	64921.1	65973.7	64921.1	
67631.6	66657.9	67631.6	66657.9	67631.6	
66263.2	66184.2	66263.2	66184.2	66263.2	
68710.5	65131.6	68710.5	65131.6	68710.5	
67789.5	67184.2	67789.5	67184.2	67789.5	
65973.7	64000	65973.7	64000	65973.7	
66052.6	64736.8	66052.6	64736.8	66052.6	
66526.3	66131.6	66526.3	66131.6	66526.3	
66447.4	64394.7	66447.4	64394.7	66447.4	
65842.1	65131.6	65842.1	65131.6	65842.1	
67184.2	65000	67184.2	65000	67184.2	
65921.1	65921.1	65921.1	65921.1	65921.1	
67842.1	67631.6	67842.1	67631.6	67842.1	
65710.5	67578.9	65710.5	67578.9	65710.5	
66578.9	65578.9	66578.9	65578.9	66578.9	
67105.3	67236.8	67105.3	67236.8	67105.3	
65842.1	63210.5	65842.1	63210.5	65842.1	
66657.9	67236.8	66657.9	67236.8	66657.9	
66131.6	67447.4	66131.6	67447.4	66131.6	
65131.6	65789.5	65131.6	65789.5	65131.6	
64736.8	66131.6	64736.8	66131.6	64736.8	
67789.5	65131.6	67789.5	65131.6	67789.5	
64868.4	66131.6	64868.4	66131.6	64868.4	
66710.5	64868.4	66710.5	64868.4	66710.5	
65052.6	65921.1	65052.6	65921.1	65052.6	
66315.8	66973.7	66315.8	66973.7	66315.8	
66131.6	65710.5	66131.6	65710.5	66131.6	
65710.5	65789.5	65710.5	65789.5	65710.5	
64394.7	68236.8	64394.7	68236.8	64394.7	
65131.6	66526.3	65131.6	66526.3	65131.6	
66973.7	67710.5	66973.7	67710.5	66973.7	
69105.3	66657.9	69105.3	66657.9	69105.3	
66921.1	66447.4	66921.1	66447.4	66921.1	
67052.6	63526.3	67052.6	63526.3	67052.6	
65315.8	66657.9	65315.8	66657.9	65315.8	
66921.1	67368.4	66921.1	67368.4	66921.1	
65578.9	67105.3	65578.9	67105.3	65578.9	
66842.1	65578.9	66842.1	65578.9	66842.1	
66394.7	65052.6	66394.7	65052.6	66394.7	
65921.1	65263.2	65921.1	65263.2	65921.1	
66447.4	65526.3	66447.4	65526.3	66447.4	
67631.6	66710.5	67631.6	66710.5	67631.6	
67236.8	65526.3	67236.8	65526.3	67236.8	
66578.9	66052.6	66578.9	66052.6	66578.9	
67842.1	67236.8	67842.1	67236.8	67842.1	
66131.6	67105.3	66131.6	67105.3	66131.6	
68973.7	66526.3	68973.7	66526.3	68973.7	
66131.6	64473.7	66131.6	64473.7	66131.6	
64736.8	67236.8	64736.8	67236.8	64736.8	
66394.7	65578.9	66394.7	65578.9	66394.7	
65526.3	67631.6	65526.3	67631.6	65526.3	
65526.3	65447.4	65526.3	65447.4	65526.3	
64315.8	66710.5	64315.8	66710.5	64315.8	
65131.6	66789.5	65131.6	66789.5	65131.6	
64736.8	65657.9	64736.8	65657.9	64736.8	
65131.6	66052.6	65131.6	66052.6	65131.6	
64736.8	67052.6	64736.8	67052.6	64736.8	
65447.4	65842.1	65447.4	65842.1	65447.4	
66394.7	66394.7	66394.7	66394.7	66394.7	
65131.6	64394.7	65131.6	64394.7	65131.6	
66789.5	65394.7	66789.5	65394.7	66789.5	
67631.6	66789.5	67631.6	66789.5	67631.6	
65578.9	66973.7	65578.9	66973.7	65578.9	
64315.8	65789.5	64315.8	65789.5	64315.8	
66789.5	64131.6	66789.5	64131.6	66789.5	
67447.4	64131.6	67447.4	64131.6	67447.4	
65789.5	65184.2	65789.5	65184.2	65789.5	
66052.6	66263.2	66052.6	66263.2	66052.6	
66526.3	65526.3	66526.3	65526.3	66526.3	
66657.9	66131.6	66657.9	66131.6	66657.9	
66973.7	66394.7	66973.7	66394.7	66973.7	
66973.7	68236.8	66973.7	68236.8	66973.7	
66710.5	65447.4	66710.5	65447.4	66710.5	
66263.2	64605.3	66263.2	64605.3	66263.2	
65263.2	64473.7	65263.2	64473.7	65263.2	
67973.7	65263.2	67973.7	65263.2	67973.7	
65973.7	64868.4	65973.7	64868.4	65973.7	
66526.3	66394.7	66526.3	66394.7	66526.3	
65578.9	68631.6	65578.9	68631.6	65578.9	
64736.8	65789.5	64736.8	65789.5	64736.8	
65526.3	67236.8	65526.3	67236.8	65526.3	
64000	65184.2	64000	65184.2	64000	
64921.1	67105.3	64921.1	67105.3	64921.1	
65394.7	66657.9	65394.7	66657.9	65394.7	
66052.6	66710.5	66052.6	66710.5	66052.6	
65657.9	65842.1	65657.9	65842.1	65657.9	
67921.1	67578.9	67921.1	67578.9	67921.1	
65973.7	64868.4	65973.7	64868.4	65973.7	
66657.9	66052.6	66657.9	66052.6	66657.9	
66052.6	65973.7	66052.6	65973.7	66052.6	
65578.9	66052.6	65578.9	66052.6	65578.9	
66973.7	65842.1	66973.7	65842.1	66973.7	
66394.7	64263.2	66394.7	64263.2	66394.7	
65131.6	66447.4	65131.6	66447.4	65131.6	
67105.3	66657.9	67105.3	66657.9	67105.3	
66710.5	65000	66710.5	65000	66710.5	
66394.7	65657.9	66394.7	65657.9	66394.7	
66315.8	67921.1	66315.8	67921.1	66315.8	
66263.2	66526.3	66263.2	66526.3	66263.2	
66315.8	67500	66315.8	67500	66315.8	
66263.2	66842.1	66263.2	66842.1	66263.2	
66052.6	67184.2	66052.6	67184.2	66052.6	
65263.2	66578.9	65263.2	66578.9	65263.2	
68105.3	65973.7	68105.3	65973.7	68105.3	
67105.3	66526.3	67105.3	66526.3	67105.3	
66394.7	66052.6	66394.7	66052.6	66394.7	
65394.7	67500	65394.7	67500	65394.7	
65657.9	65394.7	65657.9	65394.7	65657.9	
66394.7	66394.7	66394.7	66394.7	66394.7	
65789.5	65184.2	65789.5	65184.2	65789.5	
65000	66184.2	65000	66184.2	65000	
68105.3	65184.2	68105.3	65184.2	68105.3	
67710.5	66921.1	67710.5	66921.1	67710.5	
66578.9	64315.8	66578.9	64315.8	66578.9	
66973.7	65578.9	66973.7	65578.9	66973.7	
67368.4	67184.2	67368.4	67184.2	67368.4	
65842.1	66263.2	65842.1	66263.2	65842.1	
65526.3	65657.9	65526.3	65657.9	65526.3	
65263.2	67052.6	65263.2	67052.6	65263.2	
66263.2	64868.4	66263.2	64868.4	66263.2	
66710.5	66315.8	66710.5	66315.8	66710.5	
67500	64131.6	67500	64131.6	67500	
66842.1	65710.5	66842.1	65710.5	66842.1	
66578.9	66921.1	66578.9	66921.1	66578.9	
68368.4	64526.3	68368.4	64526.3	68368.4	
66526.3	67631.6	66526.3	67631.6	66526.3	
67315.8	67184.2	67315.8	67184.2	67315.8	
66710.5	65447.4	66710.5	65447.4	66710.5	
66447.4	67236.8	66447.4	67236.8	66447.4	
65578.9	66710.5	65578.9	66710.5	65578.9	
66789.5	66710.5	66789.5	66710.5	66789.5	
67973.7	66447.4	67973.7	66447.4	67973.7	
65315.8	65710.5	65315.8	65710.5	65315.8	
65052.6	66131.6	65052.6	66131.6	65052.6	
64315.8	66657.9	64315.8	66657.9	64315.8	
67578.9	64921.1	67578.9	64921.1	67578.9	
67236.8	67184.2	67236.8	67184.2	67236.8	
65657.9	67052.6	65657.9	67052.6	65657.9	
68842.1	66973.7	68842.1	66973.7	68842.1	
64526.3	67105.3	64526.3	67105.3	64526.3	
67578.9	66131.6	67578.9	66131.6	67578.9	
66921.1	66973.7	66921.1	66973.7	66921.1	
64789.5	65315.8	64789.5	65315.8	64789.5	
66657.9	67578.9	66657.9	67578.9	66657.9	
66842.1	65921.1	66842.1	65921.1	66842.1	
64789.5	66710.5	64789.5	66710.5	64789.5	
65394.7	65052.6	65394.7	65052.6	65394.7	
66578.9	65789.5	66578.9	65789.5	66578.9	
66842.1	66526.3	66842.1	66526.3	66842.1	
66184.2	66657.9	66184.2	66657.9	66184.2	
68052.6	66657.9	68052.6	66657.9	68052.6	
68236.8	66052.6	68236.8	66052.6	68236.8	
65921.1	65131.6	65921.1	65131.6	65921.1	
66315.8	65710.5	66315.8	65710.5	66315.8	
65447.4	64868.4	65447.4	64868.4	65447.4	
64789.5	66578.9	64789.5	66578.9	64789.5	
66578.9	64184.2	66578.9	64184.2	66578.9	
66394.7	65184.2	66394.7	65184.2	66394.7	
66315.8	66526.3	66315.8	66526.3	66315.8	
65447.4	64526.3	65447.4	64526.3	65447.4	
66710.5	66184.2	66710.5	66184.2	66710.5	
66052.6	65394.7	66052.6	65394.7	66052.6	
67500	67710.5	67500	67710.5	67500	
67631.6	67578.9	67631.6	67578.9	67631.6	
66263.2	66710.5	66263.2	66710.5	66263.2	
65842.1	67184.2	65842.1	67184.2	65842.1	
66973.7	66789.5	66973.7	66789.5	66973.7	
68631.6	65000	68631.6	65000	68631.6	
65526.3	66394.7	65526.3	66394.7	65526.3	
65973.7	67184.2	65973.7	67184.2	65973.7	
66973.7	67500	66973.7	67500	66973.7	
65973.7	66526.3	65973.7	66526.3	65973.7	
65315.8	66447.4	65315.8	66447.4	65315.8	
65394.7	68447.4	65394.7	68447.4	65394.7	
65973.7	63394.7	65973.7	63394.7	65973.7	
66921.1	67184.2	66921.1	67184.2	66921.1	
64526.3	65315.8	64526.3	65315.8	64526.3	
66578.9	66921.1	66578.9	66921.1	66578.9	
66526.3	65263.2	66526.3	65263.2	66526.3	
65578.9	64605.3	65578.9	64605.3	65578.9	
64868.4	66578.9	64868.4	66578.9	64868.4	
65789.5	65921.1	65789.5	65921.1	65789.5	
65526.3	67500	65526.3	67500	65526.3	
67315.8	66710.5	67315.8	66710.5	67315.8	
66710.5	65973.7	66710.5	65973.7	66710.5	
65842.1	64868.4	65842.1	64868.4	65842.1	
67921.1	67315.8	67921.1	67315.8	67921.1	
66842.1	64921.1	66842.1	64921.1	66842.1	
66394.7	65184.2	66394.7	65184.2	66394.7	
66263.2	67184.2	66263.2	67184.2	66263.2	
66710.5	66263.2	66710.5	66263.2	66710.5	
64315.8	65842.1	64315.8	65842.1	64315.8	
65921.1	65842.1	65921.1	65842.1	65921.1	
68447.4	65578.9	68447.4	65578.9	68447.4	
66921.1	65526.3	66921.1	65526.3	66921.1	
63868.4	67447.4	63868.4	67447.4	63868.4	
65447.4	65000	65447.4	65000	65447.4	
65184.2	67631.6	65184.2	67631.6	65184.2	
66842.1	66447.4	66842.1	66447.4	66842.1	
66315.8	66447.4	66315.8	66447.4	66315.8	
65842.1	65657.9	65842.1	65657.9	65842.1	
66263.2	66842.1	66263.2	66842.1	66263.2	
64526.3	65657.9	64526.3	65657.9	64526.3	
67368.4	68236.8	67368.4	68236.8	67368.4	
66184.2	67052.6	66184.2	67052.6	66184.2	
66973.7	64789.5	66973.7	64789.5	66973.7	
66394.7	65394.7	66394.7	65394.7	66394.7	
65657.9	66789.5	65657.9	66789.5	65657.9	
67105.3	66184.2	67105.3	66184.2	67105.3	
67447.4	65447.4	67447.4	65447.4	67447.4	
66263.2	66710.5	66263.2	66710.5	66263.2	
65789.5	67447.4	65789.5	67447.4	65789.5	
66921.1	65973.7	66921.1	65973.7	66921.1	
65263.2	65842.1	65263.2	65842.1	65263.2	
65921.1	67842.1	65921.1	67842.1	65921.1	
64000	68236.8	64000	68236.8	64000	
65526.3	67236.8	65526.3	67236.8	65526.3	
67500	67842.1	67500	67842.1	67500	
66315.8	66710.5	66315.8	66710.5	66315.8	
64263.2	68105.3	64263.2	68105.3	64263.2	
64473.7	65000	64473.7	65000	64473.7	
66315.8	67184.2	66315.8	67184.2	66315.8	
66657.9	66131.6	66657.9	66131.6	66657.9	
67368.4	66657.9	67368.4	66657.9	67368.4	
65657.9	64921.1	65657.9	64921.1	65657.9	
66447.4	65000	66447.4	65000	66447.4	
66447.4	68184.2	66447.4	68184.2	66447.4	
65263.2	65526.3	65263.2	65526.3	65263.2	
66973.7	65263.2	66973.7	65263.2	66973.7	
67842.1	66526.3	67842.1	66526.3	67842.1	
66657.9	66315.8	66657.9	66315.8	66657.9	
65447.4	65657.9	65447.4	65657.9	65447.4	
64868.4	65921.1	64868.4	65921.1	64868.4	
64657.9	67105.3	64657.9	67105.3	64657.9	
67315.8	64921.1	67315.8	64921.1	67315.8	
66052.6	65789.5	66052.6	65789.5	66052.6	
66131.6	67184.2	66131.6	67184.2	66131.6	
65447.4	68763.2	65447.4	68763.2	65447.4	
68894.7	64473.7	68894.7	64473.7	68894.7	
67578.9	66263.2	67578.9	66263.2	67578.9	
67236.8	66578.9	67236.8	66578.9	67236.8	
66710.5	65131.6	66710.5	65131.6	66710.5	
66657.9	66315.8	66657.9	66315.8	66657.9	
65973.7	65000	65973.7	65000	65973.7	
65184.2	66921.1	65184.2	66921.1	65184.2	
65184.2	66447.4	65184.2	66447.4	65184.2	
65052.6	66131.6	65052.6	66131.6	65052.6	
67368.4	67236.8	67368.4	67236.8	67368.4	
65052.6	65394.7	65052.6	65394.7	65052.6	
71421.1	71894.7	71421.1	71894.7	71421.1	
66526.3	65710.5	66526.3	65710.5	66526.3	
67789.5	65263.2	67789.5	65263.2	67789.5	
66447.4	65447.4	66447.4	65447.4	66447.4	
66447.4	66394.7	66447.4	66394.7	66447.4	
66447.4	66184.2	66447.4	66184.2	66447.4	
66394.7	68105.3	66394.7	68105.3	66394.7	
66526.3	67236.8	66526.3	67236.8	66526.3	
65315.8	65052.6	65315.8	65052.6	65315.8	
66657.9	66710.5	66657.9	66710.5	66657.9	
69157.9	66921.1	69157.9	66921.1	69157.9	
65789.5	66526.3	65789.5	66526.3	65789.5	
66394.7	68763.2	66394.7	68763.2	66394.7	
67236.8	66447.4	67236.8	66447.4	67236.8	
66710.5	65578.9	66710.5	65578.9	66710.5	
69578.9	66315.8	69578.9	66315.8	69578.9	
67500	67315.8	67500	67315.8	67500	
67789.5	66578.9	67789.5	66578.9	67789.5	
65578.9	66131.6	65578.9	66131.6	65578.9	
65578.9	65657.9	65578.9	65657.9	65578.9	
65526.3	66842.1	65526.3	66842.1	65526.3	
64526.3	67052.6	64526.3	67052.6	64526.3	
67052.6	65921.1	67052.6	65921.1	67052.6	
67105.3	65921.1	67105.3	65921.1	67105.3	
66315.8	64526.3	66315.8	64526.3	66315.8	
66052.6	65789.5	66052.6	65789.5	66052.6	
65131.6	68236.8	65131.6	68236.8	65131.6	
67315.8	66921.1	67315.8	66921.1	67315.8	
66842.1	64394.7	66842.1	64394.7	66842.1	
66447.4	65789.5	66447.4	65789.5	66447.4	
65526.3	66578.9	65526.3	66578.9	65526.3	
66263.2	65921.1	66263.2	65921.1	66263.2	
65710.5	65526.3	65710.5	65526.3	65710.5	
66184.2	65315.8	66184.2	65315.8	66184.2	
65973.7	67105.3	65973.7	67105.3	65973.7	
66710.5	65000	66710.5	65000	66710.5	
65578.9	66394.7	65578.9	66394.7	65578.9	
65973.7	65657.9	65973.7	65657.9	65973.7	
64921.1	64868.4	64921.1	64868.4	64921.1	
67578.9	66184.2	67578.9	66184.2	67578.9	
65973.7	64868.4	65973.7	64868.4	65973.7	
65526.3	66184.2	65526.3	66184.2	65526.3	
66131.6	66263.2	66131.6	66263.2	66131.6	
65184.2	66394.7	65184.2	66394.7	65184.2	
63473.7	66526.3	63473.7	66526.3	63473.7	
65710.5	66921.1	65710.5	66921.1	65710.5	
66184.2	66394.7	66184.2	66394.7	66184.2	
67368.4	66131.6	67368.4	66131.6	67368.4	
63736.8	66315.8	63736.8	66315.8	63736.8	
66052.6	66263.2	66052.6	66263.2	66052.6	
67052.6	65789.5	67052.6	65789.5	67052.6	
65973.7	66710.5	65973.7	66710.5	65973.7	
65000	65921.1	65000	65921.1	65000	
66578.9	67236.8	66578.9	67236.8	66578.9	
66184.2	65973.7	66184.2	65973.7	66184.2	
65578.9	68052.6	65578.9	68052.6	65578.9	
68368.4	64263.2	68368.4	64263.2	68368.4	
66973.7	67315.8	66973.7	67315.8	66973.7	
65526.3	65710.5	65526.3	65710.5	65526.3	
65710.5	65842.1	65710.5	65842.1	65710.5	
63789.5	66131.6	63789.5	66131.6	63789.5	
65315.8	66842.1	65315.8	66842.1	65315.8	
67578.9	65710.5	67578.9	65710.5	67578.9	
67921.1	65447.4	67921.1	65447.4	67921.1	
67447.4	65921.1	67447.4	65921.1	67447.4	
65447.4	66052.6	65447.4	66052.6	65447.4	
66710.5	67500	66710.5	67500	66710.5	
66394.7	67710.5	66394.7	67710.5	66394.7	
65921.1	67578.9	65921.1	67578.9	65921.1	
65394.7	66921.1	65394.7	66921.1	65394.7	
66394.7	63000	66394.7	63000	66394.7	
67710.5	63736.8	67710.5	63736.8	67710.5	
67105.3	66447.4	67105.3	66447.4	67105.3	
66394.7	66657.9	66394.7	66657.9	66394.7	
65710.5	68315.8	65710.5	68315.8	65710.5	
66578.9	66131.6	66578.9	66131.6	66578.9	
68052.6	67500	68052.6	67500	68052.6	
65657.9	64921.1	65657.9	64921.1	65657.9	
66052.6	67105.3	66052.6	67105.3	66052.6	
66526.3	65710.5	66526.3	65710.5	66526.3	
68315.8	64868.4	68315.8	64868.4	68315.8	
67052.6	66789.5	67052.6	66789.5	67052.6	
65973.7	67184.2	65973.7	67184.2	65973.7	
68052.6	65526.3	68052.6	65526.3	68052.6	
65184.2	66131.6	65184.2	66131.6	65184.2	
66921.1	66921.1	66921.1	66921.1	66921.1	
66526.3	65842.1	66526.3	65842.1	66526.3	
66526.3	67631.6	66526.3	67631.6	66526.3	
65578.9	66184.2	65578.9	66184.2	65578.9	
65184.2	67631.6	65184.2	67631.6	65184.2	
67236.8	64736.8	67236.8	64736.8	67236.8	
65184.2	65789.5	65184.2	65789.5	65184.2	
67052.6	66315.8	67052.6	66315.8	67052.6	
63394.7	66921.1	63394.7	66921.1	63394.7	
65578.9	65526.3	65578.9	65526.3	65578.9	
65710.5	66578.9	65710.5	66578.9	65710.5	
65315.8	66052.6	65315.8	66052.6	65315.8	
66526.3	65526.3	66526.3	65526.3	66526.3	
64184.2	65789.5	64184.2	65789.5	64184.2	
69631.6	66447.4	69631.6	66447.4	69631.6	
65973.7	66184.2	65973.7	66184.2	65973.7	
66973.7	64868.4	66973.7	64868.4	66973.7	
64657.9	66184.2	64657.9	66184.2	64657.9	
66315.8	64736.8	66315.8	64736.8	66315.8	
67315.8	66394.7	67315.8	66394.7	67315.8	
66789.5	66657.9	66789.5	66657.9	66789.5	
65710.5	65842.1	65710.5	65842.1	65710.5	
67184.2	66526.3	67184.2	66526.3	67184.2	
66184.2	66447.4	66184.2	66447.4	66184.2	
65710.5	67500	65710.5	67500	65710.5	
66526.3	65263.2	66526.3	65263.2	66526.3	
67052.6	67500	67052.6	67500	67052.6	
67789.5	64394.7	67789.5	64394.7	67789.5	
65842.1	65842.1	65842.1	65842.1	65842.1	
64131.6	67052.6	64131.6	67052.6	64131.6	
66394.7	65131.6	66394.7	65131.6	66394.7	
65315.8	66526.3	65315.8	66526.3	65315.8	
65710.5	65447.4	65710.5	65447.4	65710.5	
64868.4	65921.1	64868.4	65921.1	64868.4	
63736.8	68368.4	63736.8	68368.4	63736.8	
66315.8	67052.6	66315.8	67052.6	66315.8	
66315.8	66657.9	66315.8	66657.9	66315.8	
67052.6	66394.7	67052.6	66394.7	67052.6	
66394.7	66657.9	66394.7	66657.9	66394.7	
65657.9	67578.9	65657.9	67578.9	65657.9	
65526.3	64526.3	65526.3	64526.3	65526.3	
66447.4	66052.6	66447.4	66052.6	66447.4	
66526.3	65789.5	66526.3	65789.5	66526.3	
65789.5	66447.4	65789.5	66447.4	65789.5	
66921.1	65315.8	66921.1	65315.8	66921.1	
64315.8	66315.8	64315.8	66315.8	64315.8	
64131.6	64473.7	64131.6	64473.7	64131.6	
66394.7	66315.8	66394.7	66315.8	66394.7	
65657.9	66526.3	65657.9	66526.3	65657.9	
65394.7	66710.5	65394.7	66710.5	65394.7	
66921.1	68842.1	66921.1	68842.1	66921.1	
66263.2	67500	66263.2	67500	66263.2	
66578.9	67236.8	66578.9	67236.8	66578.9	
65710.5	64263.2	65710.5	64263.2	65710.5	
67578.9	67052.6	67578.9	67052.6	67578.9	
65789.5	68105.3	65789.5	68105.3	65789.5	
67315.8	65447.4	67315.8	65447.4	67315.8	
67631.6	67315.8	67631.6	67315.8	67631.6	
66394.7	63921.1	66394.7	63921.1	66394.7	
66131.6	66657.9	66131.6	66657.9	66131.6	
65394.7	67710.5	65394.7	67710.5	65394.7	
66394.7	66657.9	66394.7	66657.9	66394.7	
64736.8	67315.8	64736.8	67315.8	64736.8	
67921.1	68315.8	67921.1	68315.8	67921.1	
65394.7	67631.6	65394.7	67631.6	65394.7	
65447.4	67921.1	65447.4	67921.1	65447.4	
64736.8	65921.1	64736.8	65921.1	64736.8	
64605.3	64131.6	64605.3	64131.6	64605.3	
67105.3	64526.3	67105.3	64526.3	67105.3	
67842.1	68578.9	67842.1	68578.9	67842.1	
65973.7	66578.9	65973.7	66578.9	65973.7	
66184.2	65578.9	66184.2	65578.9	66184.2	
64921.1	65842.1	64921.1	65842.1	64921.1	
63789.5	66447.4	63789.5	66447.4	63789.5	
66131.6	66789.5	66131.6	66789.5	66131.6	
65052.6	65526.3	65052.6	65526.3	65052.6	
65184.2	66710.5	65184.2	66710.5	65184.2	
67578.9	66973.7	67578.9	66973.7	67578.9	
65447.4	64789.5	65447.4	64789.5	65447.4	
65263.2	66789.5	65263.2	66789.5	65263.2	
65921.1	66315.8	65921.1	66315.8	65921.1	
68763.2	65052.6	68763.2	65052.6	68763.2	
66657.9	65578.9	66657.9	65578.9	66657.9	
66526.3	67236.8	66526.3	67236.8	66526.3	
67236.8	64789.5	67236.8	64789.5	67236.8	
66657.9	65263.2	66657.9	65263.2	66657.9	
65789.5	65394.7	65789.5	65394.7	65789.5	
66052.6	66315.8	66052.6	66315.8	66052.6	
66263.2	65710.5	66263.2	65710.5	66263.2	
65184.2	65789.5	65184.2	65789.5	65184.2	
67368.4	67236.8	67368.4	67236.8	67368.4	
66842.1	65710.5	66842.1	65710.5	66842.1	
66447.4	65789.5	66447.4	65789.5	66447.4	
67184.2	65710.5	67184.2	65710.5	67184.2	
66263.2	68184.2	66263.2	68184.2	66263.2	
66184.2	66131.6	66184.2	66131.6	66184.2	
66052.6	65315.8	66052.6	65315.8	66052.6	
65842.1	64605.3	65842.1	64605.3	65842.1	
67789.5	63605.3	67789.5	63605.3	67789.5	
66657.9	66184.2	66657.9	66184.2	66657.9	
66921.1	65657.9	66921.1	65657.9	66921.1	
66315.8	66184.2	66315.8	66184.2	66315.8	
66710.5	65315.8	66710.5	65315.8	66710.5	
66657.9	66263.2	66657.9	66263.2	66657.9	
64605.3	66657.9	64605.3	66657.9	64605.3	
66973.7	67184.2	66973.7	67184.2	66973.7	
66052.6	65710.5	66052.6	65710.5	66052.6	
66789.5	66447.4	66789.5	66447.4	66789.5	
65526.3	67578.9	65526.3	67578.9	65526.3	
65315.8	65394.7	65315.8	65394.7	65315.8	
66394.7	65263.2	66394.7	65263.2	66394.7	
65789.5	65315.8	65789.5	65315.8	65789.5	
65973.7	65315.8	65973.7	65315.8	65973.7	
66315.8	65184.2	66315.8	65184.2	66315.8	
66184.2	66526.3	66184.2	66526.3	66184.2	
64605.3	64605.3	64605.3	64605.3	64605.3	
65526.3	65526.3	65526.3	65526.3	65526.3	
67315.8	65921.1	67315.8	65921.1	67315.8	
65657.9	67184.2	65657.9	67184.2	65657.9	
66657.9	67184.2	66657.9	67184.2	66657.9	
66526.3	65842.1	66526.3	65842.1	66526.3	
67500	64736.8	67500	64736.8	67500	
67315.8	67052.6	67315.8	67052.6	67315.8	
67710.5	68578.9	67710.5	68578.9	67710.5	
68184.2	66052.6	68184.2	66052.6	68184.2	
66263.2	66184.2	66263.2	66184.2	66263.2	
65842.1	67105.3	65842.1	67105.3	65842.1	
67315.8	64131.6	67315.8	64131.6	67315.8	
66710.5	68105.3	66710.5	68105.3	66710.5	
67236.8	65789.5	67236.8	65789.5	67236.8	
67710.5	66657.9	67710.5	66657.9	67710.5	
65657.9	65131.6	65657.9	65131.6	65657.9	
64526.3	65315.8	64526.3	65315.8	64526.3	
64921.1	63473.7	64921.1	63473.7	64921.1	
66394.7	67105.3	66394.7	67105.3	66394.7	
67236.8	67105.3	67236.8	67105.3	67236.8	
64789.5	66131.6	64789.5	66131.6	64789.5	
66973.7	67921.1	66973.7	67921.1	66973.7	
66789.5	67368.4	66789.5	67368.4	66789.5	
66973.7	65921.1	66973.7	65921.1	66973.7	
66526.3	66842.1	66526.3	66842.1	66526.3	
64868.4	68315.8	64868.4	68315.8	64868.4	
65447.4	67368.4	65447.4	67368.4	65447.4	
66789.5	66447.4	66789.5	66447.4	66789.5	
65052.6	67447.4	65052.6	67447.4	65052.6	
67447.4	65789.5	67447.4	65789.5	67447.4	
68763.2	66263.2	68763.2	66263.2	68763.2	
67315.8	66710.5	67315.8	66710.5	67315.8	
65973.7	67710.5	65973.7	67710.5	65973.7	
66578.9	66842.1	66578.9	66842.1	66578.9	
65921.1	67500	65921.1	67500	65921.1	
64736.8	66526.3	64736.8	66526.3	64736.8	
65578.9	65315.8	65578.9	65315.8	65578.9	
65184.2	65394.7	65184.2	65394.7	65184.2	
66315.8	67500	66315.8	67500	66315.8	
65578.9	66789.5	65578.9	66789.5	65578.9	
68184.2	65052.6	68184.2	65052.6	68184.2	
67368.4	68052.6	67368.4	68052.6	67368.4	
66921.1	65973.7	66921.1	65973.7	66921.1	
65263.2	66263.2	65263.2	66263.2	65263.2	
67236.8	65973.7	67236.8	65973.7	67236.8	
66842.1	65526.3	66842.1	65526.3	66842.1	
64052.6	65184.2	64052.6	65184.2	64052.6	
66447.4	65842.1	66447.4	65842.1	66447.4	
66447.4	65315.8	66447.4	65315.8	66447.4	
64921.1	67447.4	64921.1	67447.4	64921.1	
67105.3	65263.2	67105.3	65263.2	67105.3	
66394.7	65184.2	66394.7	65184.2	66394.7	
65315.8	66973.7	65315.8	66973.7	65315.8	
67447.4	64736.8	67447.4	64736.8	67447.4	
65578.9	65657.9	65578.9	65657.9	65578.9	
65921.1	65789.5	65921.1	65789.5	65921.1	
65657.9	64921.1	65657.9	64921.1	65657.9	
65526.3	66921.1	65526.3	66921.1	65526.3	
67236.8	65657.9	67236.8	65657.9	67236.8	
67789.5	66789.5	67789.5	66789.5	67789.5	
67052.6	66184.2	67052.6	66184.2	67052.6	
66263.2	66394.7	66263.2	66394.7	66263.2	
66578.9	66578.9	66578.9	66578.9	66578.9	
67315.8	67052.6	67315.8	67052.6	67315.8	
65184.2	66263.2	65184.2	66263.2	65184.2	
67315.8	66657.9	67315.8	66657.9	67315.8	
66131.6	65394.7	66131.6	65394.7	66131.6	
65131.6	63921.1	65131.6	63921.1	65131.6	
66394.7	64394.7	66394.7	64394.7	66394.7	
67315.8	65842.1	67315.8	65842.1	67315.8	
66131.6	66710.5	66131.6	66710.5	66131.6	
66973.7	64526.3	66973.7	64526.3	66973.7	
64526.3	64052.6	64526.3	64052.6	64526.3	
65789.5	65842.1	65789.5	65842.1	65789.5	
64789.5	65263.2	64789.5	65263.2	64789.5	
66184.2	65973.7	66184.2	65973.7	66184.2	
65973.7	68052.6	65973.7	68052.6	65973.7	
66315.8	66131.6	66315.8	66131.6	66315.8	
67368.4	65263.2	67368.4	65263.2	67368.4	
67236.8	66052.6	67236.8	66052.6	67236.8	
67315.8	66394.7	67315.8	66394.7	67315.8	
65973.7	67052.6	65973.7	67052.6	65973.7	
67631.6	66052.6	67631.6	66052.6	67631.6	
66184.2	66578.9	66184.2	66578.9	66184.2	
65315.8	66315.8	65315.8	66315.8	65315.8	
65315.8	66315.8	65315.8	66315.8	65315.8	
65315.8	66315.8	65315.8	66315.8	65315.8	
