3400	3400	3400	3400	3400	
5.7106e+06	5.7106e+06	5.7106e+06	5.7106e+06	5.7106e+06	
426800	409200	426800	409200	426800	
411800	406200	411800	406200	411800	
414200	400600	414200	400600	414200	
417800	403200	417800	403200	417800	
413200	424400	413200	424400	413200	
415200	406800	415200	406800	415200	
413200	417800	413200	417800	413200	
432000	402600	432000	402600	432000	
411200	425400	411200	425400	411200	
422400	412800	422400	412800	422400	
425400	423800	425400	423800	425400	
419400	420400	419400	420400	419400	
413200	424800	413200	424800	413200	
429400	423400	429400	423400	429400	
436000	432000	436000	432000	436000	
446600	443600	446600	443600	446600	
430400	458200	430400	458200	430400	
441600	446000	441600	446000	441600	
444600	450600	444600	450600	444600	
447600	442600	447600	442600	447600	
459200	452600	459200	452600	459200	
464200	454600	464200	454600	464200	
474800	464600	474800	464600	474800	
468200	476200	468200	476200	468200	
481800	476200	481800	476200	481800	
477200	486400	477200	486400	477200	
472800	485400	472800	485400	472800	
484400	481400	484400	481400	484400	
476800	476800	476800	476800	476800	
491000	493000	491000	493000	491000	
485400	492000	485400	492000	485400	
502600	494400	502600	494400	502600	
497000	498400	497000	498400	497000	
499400	500400	499400	500400	499400	
502600	511600	502600	511600	502600	
505600	503000	505600	503000	505600	
493000	483800	493000	483800	493000	
504600	510000	504600	510000	504600	
506600	509000	506600	509000	506600	
505000	499400	505000	499400	505000	
501400	510600	501400	510600	501400	
496400	500000	496400	500000	496400	
506000	504000	506000	504000	506000	
504000	497400	504000	497400	504000	
478400	503600	478400	503600	478400	
494400	496000	494400	496000	494400	
501000	506000	501000	506000	501000	
513000	506000	513000	506000	513000	
504000	500400	504000	500400	504000	
493000	498400	493000	498400	493000	
488800	500000	488800	500000	488800	
501400	501000	501400	501000	501400	
500400	498000	500400	498000	500400	
490000	506000	490000	506000	490000	
507600	500000	507600	500000	507600	
491400	493000	491400	493000	491400	
511600	494400	511600	494400	511600	
497000	506000	497000	506000	497000	
509000	499000	509000	499000	509000	
483400	498000	483400	498000	483400	
498400	501400	498400	501400	498400	
503600	494000	503600	494000	503600	
510600	491000	510600	491000	510600	
487400	500400	487400	500400	487400	
502600	490000	502600	490000	502600	
485800	490400	485800	490400	485800	
495400	485800	495400	485800	495400	
488800	501400	488800	501400	488800	
490400	490000	490400	490000	490400	
496000	496000	496000	496000	496000	
484800	474800	484800	474800	484800	
491400	484800	491400	484800	491400	
499400	495400	499400	495400	499400	
475800	500000	475800	500000	475800	
496000	495000	496000	495000	496000	
486400	493400	486400	493400	486400	
503600	492400	503600	492400	503600	
502600	504600	502600	504600	502600	
496000	491000	496000	491000	496000	
509000	505600	509000	505600	509000	
482800	507600	482800	507600	482800	
495400	484800	495400	484800	495400	
481800	485800	481800	485800	481800	
480800	504600	480800	504600	480800	
480400	482400	480400	482400	480400	
496400	492400	496400	492400	496400	
492400	489400	492400	489400	492400	
493000	492000	493000	492000	493000	
489400	486800	489400	486800	489400	
498000	506000	498000	506000	498000	
495000	497000	495000	497000	495000	
494000	495400	494000	495400	494000	
501400	497000	501400	497000	501400	
488400	486400	488400	486400	488400	
496000	494000	496000	494000	496000	
506600	492400	506600	492400	506600	
500000	483400	500000	483400	500000	
490400	483400	490400	483400	490400	
496000	511000	496000	511000	496000	
497000	506000	497000	506000	497000	
499000	482800	499000	482800	499000	
488800	498400	488800	498400	488800	
502000	488400	502000	488400	502000	
498000	497400	498000	497400	498000	
502600	502000	502600	502000	502600	
503600	492400	503600	492400	503600	
492400	483800	492400	483800	492400	
501000	503000	501000	503000	501000	
502000	504600	502000	504600	502000	
492000	488800	492000	488800	492000	
496400	487800	496400	487800	496400	
503000	508000	503000	508000	503000	
495400	484400	495400	484400	495400	
485800	519200	485800	519200	485800	
508000	496400	508000	496400	508000	
492000	498000	492000	498000	492000	
497400	492000	497400	492000	497400	
476200	487800	476200	487800	476200	
491000	500400	491000	500400	491000	
484800	510000	484800	510000	484800	
486800	506000	486800	506000	486800	
502600	496000	502600	496000	502600	
487800	497000	487800	497000	487800	
496400	481800	496400	481800	496400	
482400	513000	482400	513000	482400	
502600	499000	502600	499000	502600	
498000	497000	498000	497000	498000	
485800	507600	485800	507600	485800	
503000	490000	503000	490000	503000	
492000	488400	492000	488400	492000	
494000	499400	494000	499400	494000	
493000	496400	493000	496400	493000	
506000	504600	506000	504600	506000	
484400	478800	484400	478800	484400	
494000	506000	494000	506000	494000	
495000	498400	495000	498400	495000	
506600	497000	506600	497000	506600	
487800	505000	487800	505000	487800	
496000	496400	496000	496400	496000	
499000	495000	499000	495000	499000	
482400	493000	482400	493000	482400	
484800	491400	484800	491400	484800	
514000	511600	514000	511600	514000	
508000	503000	508000	503000	508000	
504600	490400	504600	490400	504600	
498000	505600	498000	505600	498000	
499400	498400	499400	498400	499400	
497000	483400	497000	483400	497000	
501000	494400	501000	494400	501000	
484800	488800	484800	488800	484800	
492000	490400	492000	490400	492000	
497400	492000	497400	492000	497400	
493400	493400	493400	493400	493400	
489400	497000	489400	497000	489400	
503600	499400	503600	499400	503600	
517200	497000	517200	497000	517200	
484400	503000	484400	503000	484400	
502600	497400	502600	497400	502600	
503600	501400	503600	501400	503600	
503600	494400	503600	494400	503600	
498400	479400	498400	479400	498400	
498000	493400	498000	493400	498000	
505000	487400	505000	487400	505000	
500400	494400	500400	494400	500400	
494400	491000	494400	491000	494400	
493000	491400	493000	491400	493000	
504000	498400	504000	498400	504000	
525600	503600	525600	503600	525600	
504000	508000	504000	508000	504000	
485800	494400	485800	494400	485800	
496400	496400	496400	496400	496400	
493000	502000	493000	502000	493000	
510600	486400	510600	486400	510600	
499000	495000	499000	495000	499000	
495000	499000	495000	499000	495000	
492000	496000	492000	496000	492000	
497400	483800	497400	483800	497400	
513000	495000	513000	495000	513000	
506600	497400	506600	497400	506600	
516600	499400	516600	499400	516600	
491000	493000	491000	493000	491000	
498400	504000	498400	504000	498400	
485400	497400	485400	497400	485400	
494000	503600	494000	503600	494000	
505000	510600	505000	510600	505000	
497400	504600	497400	504600	497400	
495000	507000	495000	507000	495000	
501400	501400	501400	501400	501400	
515200	491400	515200	491400	515200	
492400	497000	492400	497000	492400	
500400	498000	500400	498000	500400	
477200	497400	477200	497400	477200	
500400	502600	500400	502600	500400	
512600	497400	512600	497400	512600	
486800	503600	486800	503600	486800	
504000	498000	504000	498000	504000	
497400	504600	497400	504600	497400	
493000	497000	493000	497000	493000	
493000	494400	493000	494400	493000	
509600	485400	509600	485400	509600	
503000	490000	503000	490000	503000	
496400	492000	496400	492000	496400	
493400	505600	493400	505600	493400	
495400	506000	495400	506000	495400	
510600	509600	510600	509600	510600	
498400	486800	498400	486800	498400	
504000	484800	504000	484800	504000	
505600	498400	505600	498400	505600	
498400	482800	498400	482800	498400	
513000	488400	513000	488400	513000	
493000	488400	493000	488400	493000	
492000	501400	492000	501400	492000	
518600	483800	518600	483800	518600	
495000	491400	495000	491400	495000	
491400	504000	491400	504000	491400	
491400	506000	491400	506000	491400	
484800	497400	484800	497400	484800	
493000	499000	493000	499000	493000	
498400	502600	498400	502600	498400	
499400	511000	499400	511000	499400	
486400	505000	486400	505000	486400	
501400	496400	501400	496400	501400	
491400	506600	491400	506600	491400	
494000	505000	494000	505000	494000	
495400	503600	495400	503600	495400	
501000	511600	501000	511600	501000	
495400	481800	495400	481800	495400	
496400	484800	496400	484800	496400	
518200	502600	518200	502600	518200	
500400	492400	500400	492400	500400	
495400	487400	495400	487400	495400	
496400	514000	496400	514000	496400	
491000	489400	491000	489400	491000	
505000	507000	505000	507000	505000	
502000	505000	502000	505000	502000	
497400	494400	497400	494400	497400	
496000	500000	496000	500000	496000	
500400	497400	500400	497400	500400	
483400	499400	483400	499400	483400	
484800	494400	484800	494400	484800	
506600	501000	506600	501000	506600	
501000	499000	501000	499000	501000	
494000	505600	494000	505600	494000	
510600	507600	510600	507600	510600	
505600	520200	505600	520200	505600	
505000	503600	505000	503600	505000	
505600	496400	505600	496400	505600	
503000	496400	503000	496400	503000	
504000	486400	504000	486400	504000	
504600	495000	504600	495000	504600	
494400	492400	494400	492400	494400	
504600	505000	504600	505000	504600	
486400	499000	486400	499000	486400	
497000	491000	497000	491000	497000	
494000	496400	494000	496400	494000	
495000	491000	495000	491000	495000	
511000	496400	511000	496400	511000	
507000	494400	507000	494400	507000	
496400	482400	496400	482400	496400	
513000	499000	513000	499000	513000	
499400	498400	499400	498400	499400	
496400	517200	496400	517200	496400	
497400	503000	497400	503000	497400	
505000	505000	505000	505000	505000	
502600	496400	502600	496400	502600	
489400	501000	489400	501000	489400	
507000	492400	507000	492400	507000	
494400	497400	494400	497400	494400	
500400	498400	500400	498400	500400	
499000	497000	499000	497000	499000	
510600	500400	510600	500400	510600	
494400	502000	494400	502000	494400	
494000	495400	494000	495400	494000	
499000	487800	499000	487800	499000	
503600	495400	503600	495400	503600	
498000	494000	498000	494000	498000	
505000	510000	505000	510000	505000	
500000	499400	500000	499400	500000	
495400	498000	495400	498000	495400	
488400	491400	488400	491400	488400	
506000	510000	506000	510000	506000	
495400	498000	495400	498000	495400	
484800	495400	484800	495400	484800	
515600	514000	515600	514000	515600	
505000	507600	505000	507600	505000	
501000	498000	501000	498000	501000	
493400	512000	493400	512000	493400	
481400	501400	481400	501400	481400	
495400	498000	495400	498000	495400	
487400	500400	487400	500400	487400	
498400	494000	498400	494000	498400	
497400	516200	497400	516200	497400	
503600	488400	503600	488400	503600	
495400	497000	495400	497000	495400	
490400	511000	490400	511000	490400	
506000	501000	506000	501000	506000	
494400	508000	494400	508000	494400	
507600	506000	507600	506000	507600	
489400	495400	489400	495400	489400	
512000	505600	512000	505600	512000	
506000	507600	506000	507600	506000	
514000	500000	514000	500000	514000	
513600	498000	513600	498000	513600	
487400	499400	487400	499400	487400	
492000	489400	492000	489400	492000	
494000	511600	494000	511600	494000	
509000	498000	509000	498000	509000	
507600	500000	507600	500000	507600	
501400	493400	501400	493400	501400	
493000	509600	493000	509600	493000	
511000	497400	511000	497400	511000	
505600	499000	505600	499000	505600	
520600	498000	520600	498000	520600	
509600	517600	509600	517600	509600	
507600	513600	507600	513600	507600	
502600	500400	502600	500400	502600	
486400	502600	486400	502600	486400	
496000	496000	496000	496000	496000	
498400	490400	498400	490400	498400	
506600	498400	506600	498400	506600	
494000	491000	494000	491000	494000	
501000	500000	501000	500000	501000	
502000	504000	502000	504000	502000	
498000	500000	498000	500000	498000	
500000	500000	500000	500000	500000	
500000	495400	500000	495400	500000	
501400	494000	501400	494000	501400	
508000	500000	508000	500000	508000	
484800	516200	484800	516200	484800	
508000	504000	508000	504000	508000	
514000	511600	514000	511600	514000	
485400	498000	485400	498000	485400	
499000	500000	499000	500000	499000	
495400	503000	495400	503000	495400	
516200	500000	516200	500000	516200	
505000	505600	505000	505600	505000	
499400	491000	499400	491000	499400	
517600	495000	517600	495000	517600	
498400	506600	498400	506600	498400	
500000	506000	500000	506000	500000	
521600	517600	521600	517600	521600	
503600	499400	503600	499400	503600	
505600	492400	505600	492400	505600	
504000	505000	504000	505000	504000	
507000	503000	507000	503000	507000	
501400	512600	501400	512600	501400	
498400	505600	498400	505600	498400	
493400	500000	493400	500000	493400	
498000	501400	498000	501400	498000	
505600	493400	505600	493400	505600	
486400	510000	486400	510000	486400	
502000	499400	502000	499400	502000	
509600	500000	509600	500000	509600	
507000	487400	507000	487400	507000	
508600	497400	508600	497400	508600	
504000	488800	504000	488800	504000	
500000	497400	500000	497400	500000	
499400	502000	499400	502000	499400	
495400	503600	495400	503600	495400	
512000	504600	512000	504600	512000	
518200	510600	518200	510600	518200	
498000	506600	498000	506600	498000	
501400	497000	501400	497000	501400	
512600	506600	512600	506600	512600	
492000	507000	492000	507000	492000	
496000	501000	496000	501000	496000	
519200	503000	519200	503000	519200	
505600	503600	505600	503600	505600	
501000	503000	501000	503000	501000	
507000	492400	507000	492400	507000	
514000	488400	514000	488400	514000	
508600	503600	508600	503600	508600	
512600	503600	512600	503600	512600	
491400	499400	491400	499400	491400	
499400	490000	499400	490000	499400	
502000	506000	502000	506000	502000	
505000	505600	505000	505600	505000	
502000	506600	502000	506600	502000	
494400	495400	494400	495400	494400	
500400	487800	500400	487800	500400	
494000	501000	494000	501000	494000	
505600	502600	505600	502600	505600	
522200	511000	522200	511000	522200	
508000	486400	508000	486400	508000	
506000	502000	506000	502000	506000	
491000	499400	491000	499400	491000	
511600	498000	511600	498000	511600	
500000	487400	500000	487400	500000	
500000	500000	500000	500000	500000	
506000	501000	506000	501000	506000	
504600	503600	504600	503600	504600	
511600	506000	511600	506000	511600	
496000	498400	496000	498400	496000	
490000	495000	490000	495000	490000	
514000	494400	514000	494400	514000	
518200	490400	518200	490400	518200	
502600	496000	502600	496000	502600	
505000	490000	505000	490000	505000	
493000	489400	493000	489400	493000	
500000	501000	500000	501000	500000	
497000	506000	497000	506000	497000	
490000	500000	490000	500000	490000	
507600	500000	507600	500000	507600	
482400	504600	482400	504600	482400	
501000	504600	501000	504600	501000	
509600	526200	509600	526200	509600	
500000	501000	500000	501000	500000	
496400	493000	496400	493000	496400	
487800	499000	487800	499000	487800	
503600	516200	503600	516200	503600	
516600	502000	516600	502000	516600	
496000	504600	496000	504600	496000	
501000	507600	501000	507600	501000	
510000	511600	510000	511600	510000	
511600	490000	511600	490000	511600	
499000	495000	499000	495000	499000	
512000	513000	512000	513000	512000	
507600	513600	507600	513600	507600	
497000	514600	497000	514600	497000	
504600	497000	504600	497000	504600	
496400	494400	496400	494400	496400	
503000	514600	503000	514600	503000	
495400	507600	495400	507600	495400	
510600	498000	510600	498000	510600	
500000	508600	500000	508600	500000	
502000	507000	502000	507000	502000	
502600	488800	502600	488800	502600	
493400	507600	493400	507600	493400	
491000	514000	491000	514000	491000	
508000	516200	508000	516200	508000	
504000	496400	504000	496400	504000	
508000	494400	508000	494400	508000	
509600	506600	509600	506600	509600	
487400	502000	487400	502000	487400	
509000	490000	509000	490000	509000	
515200	508000	515200	508000	515200	
506000	513000	506000	513000	506000	
497400	507000	497400	507000	497400	
495400	491000	495400	491000	495400	
515600	516200	515600	516200	515600	
507600	494000	507600	494000	507600	
519200	517600	519200	517600	519200	
494400	500400	494400	500400	494400	
511600	501400	511600	501400	511600	
506600	513000	506600	513000	506600	
501400	513000	501400	513000	501400	
512600	501400	512600	501400	512600	
500000	497000	500000	497000	500000	
515600	506600	515600	506600	515600	
510000	504600	510000	504600	510000	
506600	496400	506600	496400	506600	
511000	502600	511000	502600	511000	
502000	502600	502000	502600	502000	
498400	505000	498400	505000	498400	
514000	503000	514000	503000	514000	
500000	513000	500000	513000	500000	
504600	513000	504600	513000	504600	
493000	509000	493000	509000	493000	
514000	498400	514000	498400	514000	
497000	518600	497000	518600	497000	
509000	514600	509000	514600	509000	
514000	498400	514000	498400	514000	
501400	512600	501400	512600	501400	
501000	505000	501000	505000	501000	
512600	499000	512600	499000	512600	
501400	500000	501400	500000	501400	
508000	497000	508000	497000	508000	
492400	500000	492400	500000	492400	
520600	509600	520600	509600	520600	
515200	505600	515200	505600	515200	
493400	498000	493400	498000	493400	
511000	516600	511000	516600	511000	
509000	514000	509000	514000	509000	
488800	505600	488800	505600	488800	
507600	505600	507600	505600	507600	
511600	516200	511600	516200	511600	
508600	500000	508600	500000	508600	
493400	502000	493400	502000	493400	
513600	499400	513600	499400	513600	
492400	497400	492400	497400	492400	
499400	500000	499400	500000	499400	
508000	494000	508000	494000	508000	
493400	500000	493400	500000	493400	
497400	499400	497400	499400	497400	
501000	487400	501000	487400	501000	
499400	496000	499400	496000	499400	
519200	526200	519200	526200	519200	
525600	507000	525600	507000	525600	
514600	509600	514600	509600	514600	
511600	508600	511600	508600	511600	
522600	516200	522600	516200	522600	
498400	497000	498400	497000	498400	
506600	489400	506600	489400	506600	
500000	508600	500000	508600	500000	
501400	508000	501400	508000	501400	
503000	508000	503000	508000	503000	
513000	502600	513000	502600	513000	
493000	487400	493000	487400	493000	
508000	508000	508000	508000	508000	
505600	512000	505600	512000	505600	
511600	494000	511600	494000	511600	
521600	500000	521600	500000	521600	
509600	501400	509600	501400	509600	
492000	506000	492000	506000	492000	
510600	506000	510600	506000	510600	
507600	508000	507600	508000	507600	
506600	506000	506600	506000	506600	
521600	499400	521600	499400	521600	
501000	500000	501000	500000	501000	
509000	503000	509000	503000	509000	
504600	500000	504600	500000	504600	
505000	486800	505000	486800	505000	
496400	496400	496400	496400	496400	
507600	509000	507600	509000	507600	
486400	504600	486400	504600	486400	
509000	499000	509000	499000	509000	
496400	512600	496400	512600	496400	
490000	492000	490000	492000	490000	
502600	511600	502600	511600	502600	
503000	510000	503000	510000	503000	
492400	519600	492400	519600	492400	
497000	499000	497000	499000	497000	
501000	502000	501000	502000	501000	
506000	511600	506000	511600	506000	
509600	487800	509600	487800	509600	
504000	507600	504000	507600	504000	
494400	489400	494400	489400	494400	
507600	494000	507600	494000	507600	
511000	503600	511000	503600	511000	
510600	508000	510600	508000	510600	
511000	489400	511000	489400	511000	
494000	508600	494000	508600	494000	
490400	504000	490400	504000	490400	
509600	494400	509600	494400	509600	
490000	504000	490000	504000	490000	
506600	498400	506600	498400	506600	
500000	502000	500000	502000	500000	
504000	500000	504000	500000	504000	
504600	502000	504600	502000	504600	
505000	515200	505000	515200	505000	
508000	493000	508000	493000	508000	
492000	503000	492000	503000	492000	
501000	502000	501000	502000	501000	
492000	484800	492000	484800	492000	
501400	511600	501400	511600	501400	
515200	513600	515200	513600	515200	
503000	498400	503000	498400	503000	
500400	504000	500400	504000	500400	
499000	509600	499000	509600	499000	
513600	511600	513600	511600	513600	
494400	497400	494400	497400	494400	
489400	496000	489400	496000	489400	
491000	512000	491000	512000	491000	
498400	498400	498400	498400	498400	
499400	499400	499400	499400	499400	
495000	506600	495000	506600	495000	
505600	505000	505600	505000	505600	
505600	519200	505600	519200	505600	
518200	497000	518200	497000	518200	
513600	501400	513600	501400	513600	
509600	513000	509600	513000	509600	
506600	492400	506600	492400	506600	
505600	500400	505600	500400	505600	
505000	504600	505000	504600	505000	
505600	516600	505600	516600	505600	
519600	501400	519600	501400	519600	
500000	507000	500000	507000	500000	
501400	483800	501400	483800	501400	
504600	494000	504600	494000	504600	
504600	494000	504600	494000	504600	
503600	507600	503600	507600	503600	
505000	494400	505000	494400	505000	
497400	510000	497400	510000	497400	
519200	516200	519200	516200	519200	
499000	498000	499000	498000	499000	
513600	510600	513600	510600	513600	
501400	500000	501400	500000	501400	
511600	491000	511600	491000	511600	
502600	510000	502600	510000	502600	
501400	497000	501400	497000	501400	
500400	502000	500400	502000	500400	
491400	495000	491400	495000	491400	
493400	495400	493400	495400	493400	
519200	496000	519200	496000	519200	
505600	502600	505600	502600	505600	
501000	508000	501000	508000	501000	
500400	503600	500400	503600	500400	
507600	502600	507600	502600	507600	
506600	516200	506600	516200	506600	
515600	499000	515600	499000	515600	
498400	508000	498400	508000	498400	
517200	498400	517200	498400	517200	
501400	512000	501400	512000	501400	
502000	507000	502000	507000	502000	
508600	505600	508600	505600	508600	
497000	510000	497000	510000	497000	
503600	515200	503600	515200	503600	
507600	497000	507600	497000	507600	
509000	509600	509000	509600	509000	
493000	502600	493000	502600	493000	
500400	519200	500400	519200	500400	
503600	496400	503600	496400	503600	
502600	506600	502600	506600	502600	
504600	508600	504600	508600	504600	
513600	499000	513600	499000	513600	
492000	507600	492000	507600	492000	
515600	504000	515600	504000	515600	
501000	494000	501000	494000	501000	
514000	498000	514000	498000	514000	
509600	509600	509600	509600	509600	
506000	505600	506000	505600	506000	
500400	495000	500400	495000	500400	
500400	493000	500400	493000	500400	
504000	507000	504000	507000	504000	
501400	510600	501400	510600	501400	
509000	506600	509000	506600	509000	
508000	512600	508000	512600	508000	
495000	513600	495000	513600	495000	
510000	499400	510000	499400	510000	
496400	503000	496400	503000	496400	
501400	518200	501400	518200	501400	
495000	502000	495000	502000	495000	
504600	501400	504600	501400	504600	
515200	502600	515200	502600	515200	
500000	505600	500000	505600	500000	
501400	498000	501400	498000	501400	
491400	498000	491400	498000	491400	
482800	490400	482800	490400	482800	
506600	509000	506600	509000	506600	
501000	498400	501000	498400	501000	
511600	502000	511600	502000	511600	
507600	506000	507600	506000	507600	
506600	504000	506600	504000	506600	
507000	500400	507000	500400	507000	
504600	486800	504600	486800	504600	
495400	495000	495400	495000	495400	
502600	494000	502600	494000	502600	
498000	498000	498000	498000	498000	
513600	494000	513600	494000	513600	
503000	502600	503000	502600	503000	
506600	512600	506600	512600	506600	
482800	512000	482800	512000	482800	
517200	508000	517200	508000	517200	
514600	487800	514600	487800	514600	
511600	503000	511600	503000	511600	
493000	507000	493000	507000	493000	
506600	498000	506600	498000	506600	
510600	490000	510600	490000	510600	
515200	499000	515200	499000	515200	
502600	496400	502600	496400	502600	
508600	494400	508600	494400	508600	
501000	513000	501000	513000	501000	
505000	503000	505000	503000	505000	
502600	504600	502600	504600	502600	
504000	505000	504000	505000	504000	
484800	509000	484800	509000	484800	
504600	508600	504600	508600	504600	
510600	512600	510600	512600	510600	
487800	501000	487800	501000	487800	
509000	492400	509000	492400	509000	
505600	502600	505600	502600	505600	
516200	499000	516200	499000	516200	
493000	493000	493000	493000	493000	
507000	509600	507000	509600	507000	
497400	507000	497400	507000	497400	
499400	493000	499400	493000	499400	
501000	498400	501000	498400	501000	
503600	500400	503600	500400	503600	
503600	493400	503600	493400	503600	
508600	522600	508600	522600	508600	
499400	511600	499400	511600	499400	
497400	497000	497400	497000	497400	
489400	482800	489400	482800	489400	
507600	509600	507600	509600	507600	
520200	518200	520200	518200	520200	
509600	501400	509600	501400	509600	
506600	509600	506600	509600	506600	
505600	491400	505600	491400	505600	
501400	501400	501400	501400	501400	
507000	487800	507000	487800	507000	
498400	491400	498400	491400	498400	
502000	511600	502000	511600	502000	
510600	491400	510600	491400	510600	
497400	499400	497400	499400	497400	
509600	512000	509600	512000	509600	
503000	490400	503000	490400	503000	
496000	505600	496000	505600	496000	
499000	507600	499000	507600	499000	
505600	512600	505600	512600	505600	
501400	506000	501400	506000	501400	
493400	509000	493400	509000	493400	
516200	495400	516200	495400	516200	
501400	498400	501400	498400	501400	
513600	511000	513600	511000	513600	
508600	504000	508600	504000	508600	
493400	505600	493400	505600	493400	
502000	506600	502000	506600	502000	
503600	501000	503600	501000	503600	
488400	505600	488400	505600	488400	
498000	490000	498000	490000	498000	
517600	493400	517600	493400	517600	
502000	506000	502000	506000	502000	
510600	503600	510600	503600	510600	
506000	511600	506000	511600	506000	
498000	516200	498000	516200	498000	
486400	503600	486400	503600	486400	
504000	496000	504000	496000	504000	
502000	506600	502000	506600	502000	
510000	509600	510000	509600	510000	
501000	508000	501000	508000	501000	
499000	521600	499000	521600	499000	
512000	502000	512000	502000	512000	
497000	507000	497000	507000	497000	
512000	504600	512000	504600	512000	
489400	505000	489400	505000	489400	
489400	521600	489400	521600	489400	
509000	510000	509000	510000	509000	
501400	512600	501400	512600	501400	
502000	496000	502000	496000	502000	
502600	502600	502600	502600	502600	
512600	515600	512600	515600	512600	
493400	507000	493400	507000	493400	
499400	507000	499400	507000	499400	
505000	496000	505000	496000	505000	
507000	504000	507000	504000	507000	
502000	501400	502000	501400	502000	
503600	501400	503600	501400	503600	
499400	503600	499400	503600	499400	
505600	504000	505600	504000	505600	
507600	503000	507600	503000	507600	
501000	511600	501000	511600	501000	
500400	505600	500400	505600	500400	
486400	514600	486400	514600	486400	
503600	520200	503600	520200	503600	
495400	504600	495400	504600	495400	
492400	500400	492400	500400	492400	
508000	510600	508000	510600	508000	
499000	497000	499000	497000	499000	
504600	491000	504600	491000	504600	
497400	514000	497400	514000	497400	
510000	481800	510000	481800	510000	
498000	509000	498000	509000	498000	
502600	502600	502600	502600	502600	
498000	494400	498000	494400	498000	
508600	508000	508600	508000	508600	
498000	506000	498000	506000	498000	
499000	508600	499000	508600	499000	
487800	509000	487800	509000	487800	
505000	510000	505000	510000	505000	
499000	504000	499000	504000	499000	
512000	504000	512000	504000	512000	
519600	495000	519600	495000	519600	
493000	495400	493000	495400	493000	
494400	500000	494400	500000	494400	
514600	494000	514600	494000	514600	
507000	514000	507000	514000	507000	
504600	502600	504600	502600	504600	
509600	503600	509600	503600	509600	
522200	497000	522200	497000	522200	
503000	518200	503000	518200	503000	
519600	512000	519600	512000	519600	
518200	513000	518200	513000	518200	
506600	500400	506600	500400	506600	
505000	505600	505000	505600	505000	
502600	507000	502600	507000	502600	
503600	505000	503600	505000	503600	
493000	508600	493000	508600	493000	
488800	515200	488800	515200	488800	
516600	501400	516600	501400	516600	
503000	504600	503000	504600	503000	
492400	505600	492400	505600	492400	
505600	501000	505600	501000	505600	
497400	510600	497400	510600	497400	
503000	514600	503000	514600	503000	
513600	504000	513600	504000	513600	
503000	509600	503000	509600	503000	
500400	504600	500400	504600	500400	
493400	494000	493400	494000	493400	
503600	491000	503600	491000	503600	
500400	496000	500400	496000	500400	
506600	502600	506600	502600	506600	
504000	499000	504000	499000	504000	
499400	502000	499400	502000	499400	
497400	505600	497400	505600	497400	
492000	515200	492000	515200	492000	
515200	506000	515200	506000	515200	
517200	507600	517200	507600	517200	
490400	485800	490400	485800	490400	
515600	502600	515600	502600	515600	
518200	497400	518200	497400	518200	
502600	507000	502600	507000	502600	
507600	499400	507600	499400	507600	
506000	486800	506000	486800	506000	
488400	495000	488400	495000	488400	
511000	499400	511000	499400	511000	
494000	510600	494000	510600	494000	
505600	492400	505600	492400	505600	
505000	494400	505000	494400	505000	
512000	501400	512000	501400	512000	
501400	503600	501400	503600	501400	
503000	493000	503000	493000	503000	
493400	511000	493400	511000	493400	
512600	488800	512600	488800	512600	
510000	515600	510000	515600	510000	
512600	505600	512600	505600	512600	
514600	494400	514600	494400	514600	
499400	495400	499400	495400	499400	
499000	509600	499000	509600	499000	
507000	505600	507000	505600	507000	
503000	504600	503000	504600	503000	
493000	507000	493000	507000	493000	
496400	513600	496400	513600	496400	
495400	508600	495400	508600	495400	
507600	484400	507600	484400	507600	
495400	499000	495400	499000	495400	
491400	493400	491400	493400	491400	
501000	493400	501000	493400	501000	
511600	514000	511600	514000	511600	
512600	496000	512600	496000	512600	
493400	492400	493400	492400	493400	
495400	500400	495400	500400	495400	
495400	506600	495400	506600	495400	
501400	502000	501400	502000	501400	
522200	486800	522200	486800	522200	
514600	501000	514600	501000	514600	
502600	507000	502600	507000	502600	
494400	509000	494400	509000	494400	
493400	496000	493400	496000	493400	
506000	503600	506000	503600	506000	
514000	511600	514000	511600	514000	
510000	498400	510000	498400	510000	
501000	510600	501000	510600	501000	
499400	511000	499400	511000	499400	
514000	499400	514000	499400	514000	
501000	509600	501000	509600	501000	
505000	504000	505000	504000	505000	
520600	497000	520600	497000	520600	
505600	510600	505600	510600	505600	
505000	508600	505000	508600	505000	
505600	498400	505600	498400	505600	
510600	487800	510600	487800	510600	
499000	482400	499000	482400	499000	
487400	497000	487400	497000	487400	
510600	503000	510600	503000	510600	
515600	507000	515600	507000	515600	
498000	490000	498000	490000	498000	
490400	494000	490400	494000	490400	
500400	508600	500400	508600	500400	
503000	491400	503000	491400	503000	
512600	508600	512600	508600	512600	
497000	501000	497000	501000	497000	
503000	507000	503000	507000	503000	
508000	511000	508000	511000	508000	
504600	510600	504600	510600	504600	
502000	503000	502000	503000	502000	
501400	502600	501400	502600	501400	
503600	506600	503600	506600	503600	
503000	518600	503000	518600	503000	
519200	509000	519200	509000	519200	
499000	498400	499000	498400	499000	
499400	505000	499400	505000	499400	
510600	498000	510600	498000	510600	
514600	511000	514600	511000	514600	
511600	493400	511600	493400	511600	
503600	496000	503600	496000	503600	
509600	496400	509600	496400	509600	
493000	510000	493000	510000	493000	
496000	494400	496000	494400	496000	
491400	494400	491400	494400	491400	
504600	502000	504600	502000	504600	
508600	500000	508600	500000	508600	
507600	499000	507600	499000	507600	
508000	518200	508000	518200	508000	
489400	517200	489400	517200	489400	
507000	504000	507000	504000	507000	
500000	506000	500000	506000	500000	
502600	499400	502600	499400	502600	
487800	508000	487800	508000	487800	
492400	503600	492400	503600	492400	
514600	504000	514600	504000	514600	
505000	506000	505000	506000	505000	
513000	499400	513000	499400	513000	
501000	498000	501000	498000	501000	
510000	504600	510000	504600	510000	
500000	504000	500000	504000	500000	
507600	515200	507600	515200	507600	
490400	499400	490400	499400	490400	
498400	504000	498400	504000	498400	
513000	510000	513000	510000	513000	
520200	517200	520200	517200	520200	
497400	507600	497400	507600	497400	
494000	503600	494000	503600	494000	
499000	511000	499000	511000	499000	
517600	504000	517600	504000	517600	
497000	497400	497000	497400	497000	
514600	496400	514600	496400	514600	
501000	508600	501000	508600	501000	
501400	505600	501400	505600	501400	
514600	523200	514600	523200	514600	
508600	503600	508600	503600	508600	
507000	506000	507000	506000	507000	
497400	498000	497400	498000	497400	
498400	501400	498400	501400	498400	
502000	499400	502000	499400	502000	
502000	495400	502000	495400	502000	
502600	519200	502600	519200	502600	
498400	498000	498400	498000	498400	
499000	516600	499000	516600	499000	
507000	498400	507000	498400	507000	
507000	507600	507000	507600	507000	
495000	500400	495000	500400	495000	
493000	503000	493000	503000	493000	
488400	504000	488400	504000	488400	
484400	508000	484400	508000	484400	
508600	499400	508600	499400	508600	
499400	504000	499400	504000	499400	
510600	513600	510600	513600	510600	
498000	500000	498000	500000	498000	
509000	511000	509000	511000	509000	
505000	511600	505000	511600	505000	
511600	502000	511600	502000	511600	
500000	490400	500000	490400	500000	
513000	500000	513000	500000	513000	
502600	510600	502600	510600	502600	
507600	505600	507600	505600	507600	
508600	496000	508600	496000	508600	
500000	506000	500000	506000	500000	
511600	501000	511600	501000	511600	
491000	506000	491000	506000	491000	
502600	516600	502600	516600	502600	
512000	500000	512000	500000	512000	
516200	500000	516200	500000	516200	
511600	505600	511600	505600	511600	
513600	492000	513600	492000	513600	
508000	492000	508000	492000	508000	
502000	515200	502000	515200	502000	
492000	495000	492000	495000	492000	
512600	501400	512600	501400	512600	
507600	508000	507600	508000	507600	
501000	502000	501000	502000	501000	
505000	502600	505000	502600	505000	
512000	507600	512000	507600	512000	
510000	489400	510000	489400	510000	
496400	506000	496400	506000	496400	
499400	498000	499400	498000	499400	
512600	495000	512600	495000	512600	
502000	510600	502000	510600	502000	
518200	499400	518200	499400	518200	
507000	509000	507000	509000	507000	
505600	507000	505600	507000	505600	
500000	493400	500000	493400	500000	
495000	509000	495000	509000	495000	
510000	504600	510000	504600	510000	
508600	515600	508600	515600	508600	
506600	502600	506600	502600	506600	
504000	513600	504000	513600	504000	
503600	501400	503600	501400	503600	
516200	509000	516200	509000	516200	
496000	514600	496000	514600	496000	
503000	500000	503000	500000	503000	
508000	508600	508000	508600	508000	
506600	498400	506600	498400	506600	
498000	498400	498000	498400	498000	
512000	506000	512000	506000	512000	
522600	514000	522600	514000	522600	
508000	515200	508000	515200	508000	
490000	496000	490000	496000	490000	
497000	505000	497000	505000	497000	
497000	503000	497000	503000	497000	
504000	502000	504000	502000	504000	
500000	509600	500000	509600	500000	
508000	496000	508000	496000	508000	
505600	501400	505600	501400	505600	
499400	503600	499400	503600	499400	
504000	504000	504000	504000	504000	
507000	515600	507000	515600	507000	
496000	500000	496000	500000	496000	
485400	516600	485400	516600	485400	
494400	515600	494400	515600	494400	
505000	510000	505000	510000	505000	
501400	514600	501400	514600	501400	
503000	494000	503000	494000	503000	
503600	510000	503600	510000	503600	
497000	507600	497000	507600	497000	
498400	511000	498400	511000	498400	
513600	501000	513600	501000	513600	
501400	501000	501400	501000	501400	
517600	500000	517600	500000	517600	
499400	501400	499400	501400	499400	
490000	514600	490000	514600	490000	
488400	507600	488400	507600	488400	
515600	507600	515600	507600	515600	
516600	493000	516600	493000	516600	
506600	500400	506600	500400	506600	
512000	508000	512000	508000	512000	
504000	499400	504000	499400	504000	
503600	503600	503600	503600	503600	
491000	493400	491000	493400	491000	
508000	512000	508000	512000	508000	
514000	486800	514000	486800	514000	
514000	495400	514000	495400	514000	
514600	503600	514600	503600	514600	
497400	509600	497400	509600	497400	
502000	498000	502000	498000	502000	
511000	507600	511000	507600	511000	
511000	486400	511000	486400	511000	
504000	502600	504000	502600	504000	
479400	494400	479400	494400	479400	
503000	493000	503000	493000	503000	
486400	502600	486400	502600	486400	
509600	503000	509600	503000	509600	
506000	496000	506000	496000	506000	
488400	504000	488400	504000	488400	
501400	509600	501400	509600	501400	
497000	504000	497000	504000	497000	
493400	502600	493400	502600	493400	
502000	508000	502000	508000	502000	
513000	507000	513000	507000	513000	
500400	502600	500400	502600	500400	
502600	506000	502600	506000	502600	
503600	506000	503600	506000	503600	
508000	509000	508000	509000	508000	
510600	485400	510600	485400	510600	
515200	520200	515200	520200	515200	
500000	515200	500000	515200	500000	
503600	506000	503600	506000	503600	
502000	499400	502000	499400	502000	
499000	506600	499000	506600	499000	
511600	493000	511600	493000	511600	
515200	512600	515200	512600	515200	
509600	504000	509600	504000	509600	
505000	497400	505000	497400	505000	
491400	500000	491400	500000	491400	
508600	490400	508600	490400	508600	
497400	499000	497400	499000	497400	
493400	507000	493400	507000	493400	
498400	509600	498400	509600	498400	
500400	515200	500400	515200	500400	
496000	504000	496000	504000	496000	
501400	502600	501400	502600	501400	
512600	503600	512600	503600	512600	
503000	497400	503000	497400	503000	
491000	508600	491000	508600	491000	
509000	498000	509000	498000	509000	
505600	508000	505600	508000	505600	
519200	509600	519200	509600	519200	
503600	499400	503600	499400	503600	
496400	487800	496400	487800	496400	
512600	502000	512600	502000	512600	
512600	508000	512600	508000	512600	
499400	508600	499400	508600	499400	
510600	500400	510600	500400	510600	
503000	499000	503000	499000	503000	
501000	491000	501000	491000	501000	
493000	505000	493000	505000	493000	
504600	505000	504600	505000	504600	
509000	503000	509000	503000	509000	
503600	492400	503600	492400	503600	
515600	500400	515600	500400	515600	
502600	505600	502600	505600	502600	
506000	494400	506000	494400	506000	
510600	502600	510600	502600	510600	
495400	499000	495400	499000	495400	
514600	498000	514600	498000	514600	
503000	519600	503000	519600	503000	
500000	512000	500000	512000	500000	
507000	498000	507000	498000	507000	
493400	496400	493400	496400	493400	
497000	508000	497000	508000	497000	
504600	509600	504600	509600	504600	
502000	506000	502000	506000	502000	
500400	490000	500400	490000	500400	
502600	509000	502600	509000	502600	
507600	507000	507600	507000	507600	
500000	512600	500000	512600	500000	
511000	512000	511000	512000	511000	
526200	506000	526200	506000	526200	
494000	499400	494000	499400	494000	
493400	505600	493400	505600	493400	
503000	508000	503000	508000	503000	
498400	510000	498400	510000	498400	
492000	503000	492000	503000	492000	
510000	503600	510000	503600	510000	
498400	503600	498400	503600	498400	
492400	491000	492400	491000	492400	
503000	503000	503000	503000	503000	
506000	492400	506000	492400	506000	
518200	498400	518200	498400	518200	
502000	505600	502000	505600	502000	
511000	502600	511000	502600	511000	
500400	509600	500400	509600	500400	
510000	508000	510000	508000	510000	
508000	493000	508000	493000	508000	
490000	485400	490000	485400	490000	
497400	503000	497400	503000	497400	
492000	496400	492000	496400	492000	
507000	511000	507000	511000	507000	
502000	506600	502000	506600	502000	
506000	502600	506000	502600	506000	
517600	500400	517600	500400	517600	
495000	500000	495000	500000	495000	
504600	503600	504600	503600	504600	
505000	506000	505000	506000	505000	
514000	501000	514000	501000	514000	
498400	502000	498400	502000	498400	
495400	490000	495400	490000	495400	
505000	491400	505000	491400	505000	
504600	505000	504600	505000	504600	
501000	502600	501000	502600	501000	
505000	518200	505000	518200	505000	
502600	488800	502600	488800	502600	
500400	497400	500400	497400	500400	
499000	510600	499000	510600	499000	
517600	508000	517600	508000	517600	
506600	508000	506600	508000	506600	
511000	493400	511000	493400	511000	
506000	498400	506000	498400	506000	
513600	520200	513600	520200	513600	
506600	493000	506600	493000	506600	
512000	496000	512000	496000	512000	
501400	513600	501400	513600	501400	
499000	500000	499000	500000	499000	
502600	493000	502600	493000	502600	
505000	500400	505000	500400	505000	
499000	499000	499000	499000	499000	
496400	502600	496400	502600	496400	
509600	487800	509600	487800	509600	
495000	507600	495000	507600	495000	
492400	503000	492400	503000	492400	
509600	500400	509600	500400	509600	
503000	509000	503000	509000	503000	
505600	481800	505600	481800	505600	
507600	497400	507600	497400	507600	
504000	502600	504000	502600	504000	
497400	505000	497400	505000	497400	
504600	498400	504600	498400	504600	
511600	506000	511600	506000	511600	
489400	482400	489400	482400	489400	
502000	491000	502000	491000	502000	
502600	507600	502600	507600	502600	
492000	491000	492000	491000	492000	
505600	509000	505600	509000	505600	
511600	500000	511600	500000	511600	
498000	486400	498000	486400	498000	
505000	494400	505000	494400	505000	
509000	522600	509000	522600	509000	
509600	504600	509600	504600	509600	
505600	498000	505600	498000	505600	
505000	503000	505000	503000	505000	
507600	480800	507600	480800	507600	
511600	508000	511600	508000	511600	
505600	505000	505600	505000	505600	
509600	507000	509600	507000	509600	
498400	510600	498400	510600	498400	
501400	516600	501400	516600	501400	
504600	504000	504600	504000	504600	
493400	496400	493400	496400	493400	
512600	504600	512600	504600	512600	
494000	503000	494000	503000	494000	
493400	502000	493400	502000	493400	
499000	502000	499000	502000	499000	
502600	508000	502600	508000	502600	
502000	502000	502000	502000	502000	
502000	507600	502000	507600	502000	
498400	494000	498400	494000	498400	
495400	516200	495400	516200	495400	
501000	502000	501000	502000	501000	
493000	503000	493000	503000	493000	
508000	507600	508000	507600	508000	
519200	519200	519200	519200	519200	
509600	514000	509600	514000	509600	
503600	510000	503600	510000	503600	
491400	499400	491400	499400	491400	
501000	513600	501000	513600	501000	
507600	511600	507600	511600	507600	
498400	491000	498400	491000	498400	
493400	485800	493400	485800	493400	
508600	514600	508600	514600	508600	
500400	491400	500400	491400	500400	
508600	505600	508600	505600	508600	
499000	500400	499000	500400	499000	
505600	501000	505600	501000	505600	
500000	507000	500000	507000	500000	
507000	502600	507000	502600	507000	
510000	499400	510000	499400	510000	
506600	512000	506600	512000	506600	
493400	503600	493400	503600	493400	
504000	507600	504000	507600	504000	
508600	502000	508600	502000	508600	
506000	510600	506000	510600	506000	
514000	496000	514000	496000	514000	
493400	500400	493400	500400	493400	
491000	508600	491000	508600	491000	
506000	492000	506000	492000	506000	
507000	505000	507000	505000	507000	
488800	506000	488800	506000	488800	
497400	506000	497400	506000	497400	
512600	497000	512600	497000	512600	
507000	506000	507000	506000	507000	
514600	488400	514600	488400	514600	
497400	513000	497400	513000	497400	
488400	496000	488400	496000	488400	
492000	505600	492000	505600	492000	
500400	486800	500400	486800	500400	
519200	495000	519200	495000	519200	
497400	497400	497400	497400	497400	
500000	513000	500000	513000	500000	
501000	494400	501000	494400	501000	
493000	504600	493000	504600	493000	
493400	517600	493400	517600	493400	
501400	507600	501400	507600	501400	
508000	500400	508000	500400	508000	
513600	522200	513600	522200	513600	
494400	503000	494400	503000	494400	
504600	489400	504600	489400	504600	
517600	515600	517600	515600	517600	
482800	504000	482800	504000	482800	
503600	505000	503600	505000	503600	
500000	497400	500000	497400	500000	
502000	505600	502000	505600	502000	
493400	497400	493400	497400	493400	
500400	495000	500400	495000	500400	
502600	505600	502600	505600	502600	
496000	505600	496000	505600	496000	
503000	506600	503000	506600	503000	
512600	495400	512600	495400	512600	
504000	498400	504000	498400	504000	
514000	499400	514000	499400	514000	
491000	495400	491000	495400	491000	
499400	498000	499400	498000	499400	
511000	498400	511000	498400	511000	
510000	501000	510000	501000	510000	
505000	496400	505000	496400	505000	
504600	507600	504600	507600	504600	
503600	494000	503600	494000	503600	
508600	505000	508600	505000	508600	
499000	508600	499000	508600	499000	
501400	504000	501400	504000	501400	
506000	496400	506000	496400	506000	
496400	503000	496400	503000	496400	
510000	515600	510000	515600	510000	
518600	504000	518600	504000	518600	
501400	499000	501400	499000	501400	
499000	507000	499000	507000	499000	
505000	493400	505000	493400	505000	
512000	503600	512000	503600	512000	
508000	498000	508000	498000	508000	
505600	505600	505600	505600	505600	
497400	512600	497400	512600	497400	
508600	488400	508600	488400	508600	
504000	509600	504000	509600	504000	
498000	505000	498000	505000	498000	
524600	498400	524600	498400	524600	
502600	517200	502600	517200	502600	
491000	503000	491000	503000	491000	
520200	506600	520200	506600	520200	
500000	500400	500000	500400	500000	
508000	492000	508000	492000	508000	
512000	506600	512000	506600	512000	
503600	509600	503600	509600	503600	
499000	506000	499000	506000	499000	
500000	510000	500000	510000	500000	
510000	492000	510000	492000	510000	
507000	497000	507000	497000	507000	
500400	485400	500400	485400	500400	
504600	499000	504600	499000	504600	
490000	500000	490000	500000	490000	
504000	511000	504000	511000	504000	
504600	514600	504600	514600	504600	
505000	509600	505000	509600	505000	
506000	512600	506000	512600	506000	
482800	517200	482800	517200	482800	
516200	509600	516200	509600	516200	
500000	510000	500000	510000	500000	
501400	499400	501400	499400	501400	
491000	499000	491000	499000	491000	
510600	511600	510600	511600	510600	
505000	517600	505000	517600	505000	
505000	514000	505000	514000	505000	
500400	496400	500400	496400	500400	
507600	489400	507600	489400	507600	
506000	504600	506000	504600	506000	
492400	497400	492400	497400	492400	
507600	513000	507600	513000	507600	
498000	514000	498000	514000	498000	
515600	502600	515600	502600	515600	
501000	492000	501000	492000	501000	
491000	504600	491000	504600	491000	
500400	506600	500400	506600	500400	
511000	511000	511000	511000	511000	
491400	498000	491400	498000	491400	
506600	504000	506600	504000	506600	
485400	504000	485400	504000	485400	
518200	508000	518200	508000	518200	
490400	503600	490400	503600	490400	
499400	497000	499400	497000	499400	
501000	499000	501000	499000	501000	
502600	509000	502600	509000	502600	
503000	508000	503000	508000	503000	
499000	517600	499000	517600	499000	
515600	508600	515600	508600	515600	
503600	492400	503600	492400	503600	
513000	501400	513000	501400	513000	
498400	497000	498400	497000	498400	
507600	504600	507600	504600	507600	
493400	503000	493400	503000	493400	
505600	501000	505600	501000	505600	
492400	508600	492400	508600	492400	
501000	500400	501000	500400	501000	
504600	513000	504600	513000	504600	
510600	501400	510600	501400	510600	
499400	502600	499400	502600	499400	
501000	493000	501000	493000	501000	
493400	495000	493400	495000	493400	
499000	520600	499000	520600	499000	
502000	499400	502000	499400	502000	
505600	498000	505600	498000	505600	
499400	510600	499400	510600	499400	
506600	508600	506600	508600	506600	
499400	511000	499400	511000	499400	
505000	514600	505000	514600	505000	
499400	495000	499400	495000	499400	
504600	512000	504600	512000	504600	
493000	497000	493000	497000	493000	
499400	501400	499400	501400	499400	
502600	514000	502600	514000	502600	
503600	497400	503600	497400	503600	
486800	505000	486800	505000	486800	
502600	491400	502600	491400	502600	
516600	503600	516600	503600	516600	
511000	510000	511000	510000	511000	
496400	503600	496400	503600	496400	
501400	502600	501400	502600	501400	
505000	503600	505000	503600	505000	
494000	495400	494000	495400	494000	
502600	509000	502600	509000	502600	
493000	509600	493000	509600	493000	
498400	503000	498400	503000	498400	
503600	492400	503600	492400	503600	
503000	503600	503000	503600	503000	
505000	494400	505000	494400	505000	
497400	510600	497400	510600	497400	
511000	501400	511000	501400	511000	
496400	518200	496400	518200	496400	
496400	488400	496400	488400	496400	
481400	490000	481400	490000	481400	
495400	507000	495400	507000	495400	
493400	495400	493400	495400	493400	
505000	507000	505000	507000	505000	
507000	497000	507000	497000	507000	
505600	502000	505600	502000	505600	
522600	503600	522600	503600	522600	
507600	492400	507600	492400	507600	
517600	497400	517600	497400	517600	
508600	510600	508600	510600	508600	
493400	494000	493400	494000	493400	
499000	491400	499000	491400	499000	
504600	498000	504600	498000	504600	
499400	503600	499400	503600	499400	
503000	519200	503000	519200	503000	
504600	502000	504600	502000	504600	
493400	513600	493400	513600	493400	
490000	496000	490000	496000	490000	
517600	499400	517600	499400	517600	
513600	497400	513600	497400	513600	
504000	495000	504000	495000	504000	
484400	515600	484400	515600	484400	
497000	520200	497000	520200	497000	
506600	500400	506600	500400	506600	
506600	498400	506600	498400	506600	
499000	494400	499000	494400	499000	
499000	509600	499000	509600	499000	
507600	487800	507600	487800	507600	
506000	501000	506000	501000	506000	
501000	498000	501000	498000	501000	
485400	492000	485400	492000	485400	
497400	496400	497400	496400	497400	
509600	515200	509600	515200	509600	
509000	509600	509000	509600	509000	
513600	503000	513600	503000	513600	
501400	504000	501400	504000	501400	
507600	505000	507600	505000	507600	
503600	507600	503600	507600	503600	
499400	487400	499400	487400	499400	
504600	496400	504600	496400	504600	
490400	506000	490400	506000	490400	
505600	493400	505600	493400	505600	
505600	494400	505600	494400	505600	
496400	485400	496400	485400	496400	
501000	500000	501000	500000	501000	
513000	504000	513000	504000	513000	
499400	502600	499400	502600	499400	
511600	501000	511600	501000	511600	
508000	510600	508000	510600	508000	
510600	501000	510600	501000	510600	
496400	510000	496400	510000	496400	
503600	498000	503600	498000	503600	
501400	505600	501400	505600	501400	
510000	506000	510000	506000	510000	
505000	488400	505000	488400	505000	
503000	494000	503000	494000	503000	
497400	506000	497400	506000	497400	
505600	496400	505600	496400	505600	
511000	497000	511000	497000	511000	
493400	497000	493400	497000	493400	
509600	498000	509600	498000	509600	
500400	500000	500400	500000	500400	
506600	494000	506600	494000	506600	
509600	513600	509600	513600	509600	
504600	517600	504600	517600	504600	
511600	498000	511600	498000	511600	
493000	487800	493000	487800	493000	
505000	503000	505000	503000	505000	
504600	508600	504600	508600	504600	
501000	504600	501000	504600	501000	
510600	501000	510600	501000	510600	
492400	506000	492400	506000	492400	
496400	500400	496400	500400	496400	
487800	503000	487800	503000	487800	
500400	503000	500400	503000	500400	
503000	495400	503000	495400	503000	
501000	503000	501000	503000	501000	
495000	481800	495000	481800	495000	
496000	491400	496000	491400	496000	
509000	509600	509000	509600	509000	
505600	510600	505600	510600	505600	
505600	516600	505600	516600	505600	
499400	499000	499400	499000	499400	
500000	504600	500000	504600	500000	
508600	500400	508600	500400	508600	
503600	504000	503600	504000	503600	
503600	502000	503600	502000	503600	
506600	501400	506600	501400	506600	
505000	506000	505000	506000	505000	
500000	482800	500000	482800	500000	
514600	507000	514600	507000	514600	
495400	509000	495400	509000	495400	
498000	507600	498000	507600	498000	
499400	495000	499400	495000	499400	
498000	507600	498000	507600	498000	
499000	501400	499000	501400	499000	
509600	506600	509600	506600	509600	
506000	510600	506000	510600	506000	
498400	505600	498400	505600	498400	
510000	508600	510000	508600	510000	
504600	497400	504600	497400	504600	
485400	511000	485400	511000	485400	
501000	491000	501000	491000	501000	
502000	504600	502000	504600	502000	
499000	497000	499000	497000	499000	
500000	499400	500000	499400	500000	
510600	497400	510600	497400	510600	
507600	498400	507600	498400	507600	
500000	499000	500000	499000	500000	
503600	500400	503600	500400	503600	
507000	501400	507000	501400	507000	
496000	520600	496000	520600	496000	
501400	507000	501400	507000	501400	
507000	502600	507000	502600	507000	
489400	509000	489400	509000	489400	
496400	507600	496400	507600	496400	
506000	497000	506000	497000	506000	
496400	501400	496400	501400	496400	
485400	510000	485400	510000	485400	
509600	500400	509600	500400	509600	
514000	505600	514000	505600	514000	
502000	499400	502000	499400	502000	
493000	510600	493000	510600	493000	
510600	505000	510600	505000	510600	
500400	504000	500400	504000	500400	
503000	508600	503000	508600	503000	
521200	505600	521200	505600	521200	
510600	503000	510600	503000	510600	
517200	500400	517200	500400	517200	
505000	504000	505000	504000	505000	
499400	513000	499400	513000	499400	
494400	508600	494400	508600	494400	
513000	522600	513000	522600	513000	
499400	492000	499400	492000	499400	
517600	504000	517600	504000	517600	
487400	490400	487400	490400	487400	
502000	506000	502000	506000	502000	
526800	497000	526800	497000	526800	
512600	516200	512600	516200	512600	
496400	497000	496400	497000	496400	
510600	504000	510600	504000	510600	
494000	510000	494000	510000	494000	
488800	495400	488800	495400	488800	
498000	512000	498000	512000	498000	
491000	507600	491000	507600	491000	
499000	497000	499000	497000	499000	
491000	514000	491000	514000	491000	
507600	499400	507600	499400	507600	
492000	491000	492000	491000	492000	
503600	496400	503600	496400	503600	
505600	495400	505600	495400	505600	
499400	500000	499400	500000	499400	
494400	495400	494400	495400	494400	
496000	511600	496000	511600	496000	
501400	499000	501400	499000	501400	
501400	504600	501400	504600	501400	
514600	493000	514600	493000	514600	
495000	503600	495000	503600	495000	
502000	497400	502000	497400	502000	
528800	508600	528800	508600	528800	
508600	503000	508600	503000	508600	
513000	506600	513000	506600	513000	
505600	500400	505600	500400	505600	
499000	495400	499000	495400	499000	
502000	497000	502000	497000	502000	
513000	495400	513000	495400	513000	
506600	508000	506600	508000	506600	
503600	507000	503600	507000	503600	
502600	499400	502600	499400	502600	
497000	505600	497000	505600	497000	
510600	505600	510600	505600	510600	
505000	515200	505000	515200	505000	
501400	505600	501400	505600	501400	
496000	492400	496000	492400	496000	
500400	500400	500400	500400	500400	
502000	503600	502000	503600	502000	
493400	500400	493400	500400	493400	
498400	508600	498400	508600	498400	
501000	513000	501000	513000	501000	
507000	503000	507000	503000	507000	
504000	504600	504000	504600	504000	
513600	504000	513600	504000	513600	
508000	499000	508000	499000	508000	
508600	496400	508600	496400	508600	
492400	513600	492400	513600	492400	
510000	501000	510000	501000	510000	
492400	510000	492400	510000	492400	
519200	492400	519200	492400	519200	
510000	516200	510000	516200	510000	
514000	501400	514000	501400	514000	
502000	495400	502000	495400	502000	
504000	506000	504000	506000	504000	
490400	501000	490400	501000	490400	
514000	499000	514000	499000	514000	
499000	491400	499000	491400	499000	
486800	506600	486800	506600	486800	
504000	494000	504000	494000	504000	
504000	515600	504000	515600	504000	
492000	501400	492000	501400	492000	
503600	497400	503600	497400	503600	
490400	495000	490400	495000	490400	
491000	504000	491000	504000	491000	
507000	507600	507000	507600	507000	
501000	506600	501000	506600	501000	
498400	503600	498400	503600	498400	
507000	499400	507000	499400	507000	
512600	510000	512600	510000	512600	
515600	483400	515600	483400	515600	
505600	493000	505600	493000	505600	
500000	500400	500000	500400	500000	
515600	494400	515600	494400	515600	
507000	510000	507000	510000	507000	
516600	496400	516600	496400	516600	
513600	499400	513600	499400	513600	
486800	497000	486800	497000	486800	
513600	491000	513600	491000	513600	
502600	504000	502600	504000	502600	
508000	504000	508000	504000	508000	
501400	498400	501400	498400	501400	
506600	505600	506600	505600	506600	
482400	496400	482400	496400	482400	
508000	496000	508000	496000	508000	
509000	511000	509000	511000	509000	
512600	514000	512600	514000	512600	
499000	485400	499000	485400	499000	
502000	512000	502000	512000	502000	
500000	496000	500000	496000	500000	
501400	501400	501400	501400	501400	
514000	497000	514000	497000	514000	
502600	503600	502600	503600	502600	
507000	511000	507000	511000	507000	
488800	493000	488800	493000	488800	
509600	514600	509600	514600	509600	
505000	504600	505000	504600	505000	
495000	493400	495000	493400	495000	
499400	512600	499400	512600	499400	
507600	508600	507600	508600	507600	
516600	500000	516600	500000	516600	
502600	492000	502600	492000	502600	
492400	494400	492400	494400	492400	
505600	490000	505600	490000	505600	
513600	506000	513600	506000	513600	
503000	491000	503000	491000	503000	
498000	503000	498000	503000	498000	
522200	497000	522200	497000	522200	
499400	507000	499400	507000	499400	
496400	502000	496400	502000	496400	
498400	512600	498400	512600	498400	
503000	497400	503000	497400	503000	
511000	503600	511000	503600	511000	
505600	514600	505600	514600	505600	
509000	496000	509000	496000	509000	
495000	503000	495000	503000	495000	
500400	499400	500400	499400	500400	
504600	504600	504600	504600	504600	
501400	506000	501400	506000	501400	
513600	495000	513600	495000	513600	
505600	499400	505600	499400	505600	
505000	521600	505000	521600	505000	
508000	506000	508000	506000	508000	
496400	511000	496400	511000	496400	
490400	497400	490400	497400	490400	
516600	493400	516600	493400	516600	
512600	499400	512600	499400	512600	
492000	512000	492000	512000	492000	
508000	500400	508000	500400	508000	
481800	500400	481800	500400	481800	
491000	485400	491000	485400	491000	
509000	488400	509000	488400	509000	
505000	490000	505000	490000	505000	
499000	509000	499000	509000	499000	
496000	500000	496000	500000	496000	
490400	511600	490400	511600	490400	
497400	500000	497400	500000	497400	
501400	511000	501400	511000	501400	
508600	504600	508600	504600	508600	
485800	491000	485800	491000	485800	
501000	490400	501000	490400	501000	
492400	507000	492400	507000	492400	
516600	486400	516600	486400	516600	
493000	508000	493000	508000	493000	
498000	490400	498000	490400	498000	
510600	501000	510600	501000	510600	
510000	497400	510000	497400	510000	
493000	512000	493000	512000	493000	
507600	495000	507600	495000	507600	
499000	496000	499000	496000	499000	
503000	506600	503000	506600	503000	
495000	518600	495000	518600	495000	
490400	500000	490400	500000	490400	
504600	495400	504600	495400	504600	
512600	509000	512600	509000	512600	
491400	491000	491400	491000	491400	
498400	497000	498400	497000	498400	
500000	506000	500000	506000	500000	
507000	508600	507000	508600	507000	
512000	512600	512000	512600	512000	
493400	490400	493400	490400	493400	
502000	508600	502000	508600	502000	
503000	498000	503000	498000	503000	
505600	502000	505600	502000	505600	
511000	516200	511000	516200	511000	
505600	495000	505600	495000	505600	
503000	506000	503000	506000	503000	
497400	502000	497400	502000	497400	
492400	494000	492400	494000	492400	
492400	511000	492400	511000	492400	
502600	507600	502600	507600	502600	
492400	496000	492400	496000	492400	
505600	507000	505600	507000	505600	
499000	498000	499000	498000	499000	
485800	495400	485800	495400	485800	
504000	504600	504000	504600	504000	
504000	502000	504000	502000	504000	
484400	488400	484400	488400	484400	
499400	505000	499400	505000	499400	
499000	512600	499000	512600	499000	
505000	500000	505000	500000	505000	
501000	494000	501000	494000	501000	
506000	501000	506000	501000	506000	
496400	505600	496400	505600	496400	
492400	509000	492400	509000	492400	
501400	517200	501400	517200	501400	
510600	495000	510600	495000	510600	
503000	498400	503000	498400	503000	
503000	495400	503000	495400	503000	
497000	501400	497000	501400	497000	
502600	504600	502600	504600	502600	
516200	508600	516200	508600	516200	
510600	494000	510600	494000	510600	
507600	497400	507600	497400	507600	
486400	497400	486400	497400	486400	
506000	510000	506000	510000	506000	
507000	506000	507000	506000	507000	
498000	516200	498000	516200	498000	
492400	499400	492400	499400	492400	
478800	500400	478800	500400	478800	
494000	494000	494000	494000	494000	
498400	511000	498400	511000	498400	
492000	505000	492000	505000	492000	
511000	488400	511000	488400	511000	
508600	516200	508600	516200	508600	
504000	504000	504000	504000	504000	
522200	512600	522200	512600	522200	
494000	503600	494000	503600	494000	
503600	493000	503600	493000	503600	
496000	504000	496000	504000	496000	
503000	511000	503000	511000	503000	
500000	497000	500000	497000	500000	
500000	509600	500000	509600	500000	
504600	496400	504600	496400	504600	
492000	522200	492000	522200	492000	
486400	498400	486400	498400	486400	
499000	500400	499000	500400	499000	
488800	505600	488800	505600	488800	
486800	506000	486800	506000	486800	
513000	514000	513000	514000	513000	
507000	508000	507000	508000	507000	
503600	509000	503600	509000	503600	
513600	497400	513600	497400	513600	
503600	488800	503600	488800	503600	
494400	504000	494400	504000	494400	
506600	503000	506600	503000	506600	
491400	502600	491400	502600	491400	
503600	504600	503600	504600	503600	
490400	493400	490400	493400	490400	
497000	516200	497000	516200	497000	
490000	506600	490000	506600	490000	
499400	491000	499400	491000	499400	
496400	491000	496400	491000	496400	
502000	513600	502000	513600	502000	
501400	502000	501400	502000	501400	
512000	508000	512000	508000	512000	
503600	488400	503600	488400	503600	
507000	508600	507000	508600	507000	
494000	503600	494000	503600	494000	
494400	520200	494400	520200	494400	
500000	509000	500000	509000	500000	
515600	499000	515600	499000	515600	
513600	498000	513600	498000	513600	
503000	514600	503000	514600	503000	
495000	502000	495000	502000	495000	
511000	500400	511000	500400	511000	
512600	498400	512600	498400	512600	
504600	499000	504600	499000	504600	
503600	492000	503600	492000	503600	
484400	505000	484400	505000	484400	
495400	521200	495400	521200	495400	
497000	501000	497000	501000	497000	
490000	495400	490000	495400	490000	
506600	501000	506600	501000	506600	
500000	496400	500000	496400	500000	
503600	490400	503600	490400	503600	
495400	502600	495400	502600	495400	
505000	512600	505000	512600	505000	
502000	506600	502000	506600	502000	
505000	501000	505000	501000	505000	
497400	498000	497400	498000	497400	
490400	509000	490400	509000	490400	
502600	500000	502600	500000	502600	
504000	509000	504000	509000	504000	
500400	501400	500400	501400	500400	
492400	496000	492400	496000	492400	
515200	498400	515200	498400	515200	
507000	509000	507000	509000	507000	
498000	513600	498000	513600	498000	
508000	506600	508000	506600	508000	
507000	495000	507000	495000	507000	
509600	500000	509600	500000	509600	
504600	507600	504600	507600	504600	
497000	508600	497000	508600	497000	
501000	495000	501000	495000	501000	
496400	505600	496400	505600	496400	
508600	518200	508600	518200	508600	
512000	514600	512000	514600	512000	
496400	502000	496400	502000	496400	
502600	507600	502600	507600	502600	
508000	493400	508000	493400	508000	
511000	498000	511000	498000	511000	
503000	521200	503000	521200	503000	
495000	512000	495000	512000	495000	
510000	496400	510000	496400	510000	
498000	498400	498000	498400	498000	
513600	509000	513600	509000	513600	
503600	509600	503600	509600	503600	
506600	512000	506600	512000	506600	
498000	499000	498000	499000	498000	
503000	498000	503000	498000	503000	
498400	497400	498400	497400	498400	
499400	505600	499400	505600	499400	
479800	492000	479800	492000	479800	
501000	496400	501000	496400	501000	
501400	504000	501400	504000	501400	
499000	502600	499000	502600	499000	
495400	495400	495400	495400	495400	
494000	499000	494000	499000	494000	
502600	490000	502600	490000	502600	
493400	490000	493400	490000	493400	
499400	496000	499400	496000	499400	
501400	502600	501400	502600	501400	
512000	513600	512000	513600	512000	
504000	491000	504000	491000	504000	
498400	502000	498400	502000	498400	
490400	507000	490400	507000	490400	
496400	520200	496400	520200	496400	
505000	502600	505000	502600	505000	
514000	506600	514000	506600	514000	
501000	515200	501000	515200	501000	
512000	497400	512000	497400	512000	
499000	508000	499000	508000	499000	
511600	508000	511600	508000	511600	
500000	507000	500000	507000	500000	
512600	509600	512600	509600	512600	
498000	502600	498000	502600	498000	
479400	498000	479400	498000	479400	
502600	503000	502600	503000	502600	
497000	498400	497000	498400	497000	
510000	512600	510000	512600	510000	
492000	499000	492000	499000	492000	
505600	516200	505600	516200	505600	
508000	498400	508000	498400	508000	
516600	495000	516600	495000	516600	
510000	502000	510000	502000	510000	
502000	508600	502000	508600	502000	
522600	497000	522600	497000	522600	
521200	493000	521200	493000	521200	
509000	504600	509000	504600	509000	
498000	513000	498000	513000	498000	
501000	487800	501000	487800	501000	
526200	508600	526200	508600	526200	
504600	500400	504600	500400	504600	
500400	505000	500400	505000	500400	
517200	508600	517200	508600	517200	
499400	507000	499400	507000	499400	
506000	500000	506000	500000	506000	
490000	493000	490000	493000	490000	
490000	496400	490000	496400	490000	
491400	507000	491400	507000	491400	
512600	501400	512600	501400	512600	
512000	511000	512000	511000	512000	
501000	503600	501000	503600	501000	
513000	482800	513000	482800	513000	
505600	503600	505600	503600	505600	
509000	487400	509000	487400	509000	
496000	493400	496000	493400	496000	
505600	499400	505600	499400	505600	
489400	509600	489400	509600	489400	
500400	512600	500400	512600	500400	
512600	501400	512600	501400	512600	
501000	485400	501000	485400	501000	
503600	506600	503600	506600	503600	
490400	497400	490400	497400	490400	
503000	487800	503000	487800	503000	
498000	496400	498000	496400	498000	
494400	497400	494400	497400	494400	
502600	500000	502600	500000	502600	
501000	498400	501000	498400	501000	
508600	504000	508600	504000	508600	
508000	506000	508000	506000	508000	
500000	496400	500000	496400	500000	
503000	501000	503000	501000	503000	
507600	498000	507600	498000	507600	
497000	499000	497000	499000	497000	
490000	495000	490000	495000	490000	
498000	499000	498000	499000	498000	
499400	497400	499400	497400	499400	
502600	505000	502600	505000	502600	
517600	501400	517600	501400	517600	
515200	519600	515200	519600	515200	
503000	502600	503000	502600	503000	
502600	495400	502600	495400	502600	
505000	503600	505000	503600	505000	
508600	509600	508600	509600	508600	
473200	507600	473200	507600	473200	
509600	496000	509600	496000	509600	
502000	497400	502000	497400	502000	
497400	507600	497400	507600	497400	
516200	505600	516200	505600	516200	
504600	509600	504600	509600	504600	
497400	512000	497400	512000	497400	
478800	499400	478800	499400	478800	
498400	499400	498400	499400	498400	
475800	514600	475800	514600	475800	
500000	499400	500000	499400	500000	
496400	504000	496400	504000	496400	
496400	503600	496400	503600	496400	
502000	504600	502000	504600	502000	
501000	499000	501000	499000	501000	
503000	507600	503000	507600	503000	
506000	491000	506000	491000	506000	
491000	503600	491000	503600	491000	
500000	504000	500000	504000	500000	
494400	493400	494400	493400	494400	
487400	513600	487400	513600	487400	
500000	494400	500000	494400	500000	
496400	501400	496400	501400	496400	
491000	506000	491000	506000	491000	
484800	507600	484800	507600	484800	
495400	507600	495400	507600	495400	
506000	498000	506000	498000	506000	
507000	495400	507000	495400	507000	
495400	492000	495400	492000	495400	
496400	491400	496400	491400	496400	
495400	503600	495400	503600	495400	
504000	503000	504000	503000	504000	
492400	515600	492400	515600	492400	
513600	502000	513600	502000	513600	
503000	504600	503000	504600	503000	
499400	510600	499400	510600	499400	
516200	498400	516200	498400	516200	
508000	507600	508000	507600	508000	
493400	492000	493400	492000	493400	
495400	493000	495400	493000	495400	
504600	508000	504600	508000	504600	
497000	497000	497000	497000	497000	
499000	499400	499000	499400	499000	
513600	503000	513600	503000	513600	
497400	509600	497400	509600	497400	
513000	494000	513000	494000	513000	
498400	498400	498400	498400	498400	
502600	497400	502600	497400	502600	
508600	513600	508600	513600	508600	
499400	513600	499400	513600	499400	
487400	483800	487400	483800	487400	
503000	508000	503000	508000	503000	
488800	497400	488800	497400	488800	
500000	504600	500000	504600	500000	
493400	503600	493400	503600	493400	
503600	504000	503600	504000	503600	
502600	514000	502600	514000	502600	
500400	488400	500400	488400	500400	
500000	491000	500000	491000	500000	
488400	490400	488400	490400	488400	
501400	491000	501400	491000	501400	
506000	500000	506000	500000	506000	
503000	498000	503000	498000	503000	
511000	510600	511000	510600	511000	
503000	499000	503000	499000	503000	
504600	506600	504600	506600	504600	
513000	493000	513000	493000	513000	
513600	502000	513600	502000	513600	
490400	508000	490400	508000	490400	
506600	519600	506600	519600	506600	
500000	514000	500000	514000	500000	
500400	496400	500400	496400	500400	
500400	510000	500400	510000	500400	
487800	510000	487800	510000	487800	
505000	495400	505000	495400	505000	
510000	511000	510000	511000	510000	
509000	512000	509000	512000	509000	
499000	504000	499000	504000	499000	
503000	505000	503000	505000	503000	
494400	512600	494400	512600	494400	
512000	514600	512000	514600	512000	
521600	511000	521600	511000	521600	
506600	496000	506600	496000	506600	
503600	510600	503600	510600	503600	
490000	499000	490000	499000	490000	
491000	502000	491000	502000	491000	
494400	510600	494400	510600	494400	
514000	505000	514000	505000	514000	
511600	498000	511600	498000	511600	
505000	486400	505000	486400	505000	
513600	488800	513600	488800	513600	
490000	501000	490000	501000	490000	
490000	499400	490000	499400	490000	
509600	509000	509600	509000	509600	
507600	504000	507600	504000	507600	
505600	509600	505600	509600	505600	
490000	498400	490000	498400	490000	
503000	494400	503000	494400	503000	
506600	501400	506600	501400	506600	
493400	492000	493400	492000	493400	
512600	491400	512600	491400	512600	
498000	509000	498000	509000	498000	
500400	497000	500400	497000	500400	
505000	503600	505000	503600	505000	
501400	488800	501400	488800	501400	
508000	493400	508000	493400	508000	
512000	493400	512000	493400	512000	
518200	503600	518200	503600	518200	
496400	505600	496400	505600	496400	
497400	495400	497400	495400	497400	
509000	505600	509000	505600	509000	
490000	499400	490000	499400	490000	
512000	501400	512000	501400	512000	
502000	500400	502000	500400	502000	
508600	496400	508600	496400	508600	
491400	497400	491400	497400	491400	
500000	494400	500000	494400	500000	
512000	499400	512000	499400	512000	
502000	506000	502000	506000	502000	
499000	488800	499000	488800	499000	
494400	493400	494400	493400	494400	
496000	478800	496000	478800	496000	
498000	504600	498000	504600	498000	
497000	478800	497000	478800	497000	
508600	506600	508600	506600	508600	
516200	521600	516200	521600	516200	
506000	489400	506000	489400	506000	
488800	491000	488800	491000	488800	
502600	497400	502600	497400	502600	
512000	497000	512000	497000	512000	
513000	495400	513000	495400	513000	
516200	509600	516200	509600	516200	
494400	505600	494400	505600	494400	
515200	507600	515200	507600	515200	
508000	495400	508000	495400	508000	
510600	506600	510600	506600	510600	
515200	496400	515200	496400	515200	
510000	497400	510000	497400	510000	
509600	511600	509600	511600	509600	
501000	502600	501000	502600	501000	
504000	487800	504000	487800	504000	
502600	502000	502600	502000	502600	
503000	509600	503000	509600	503000	
513600	492400	513600	492400	513600	
506600	504000	506600	504000	506600	
492000	509000	492000	509000	492000	
486800	506000	486800	506000	486800	
497400	498400	497400	498400	497400	
510600	505000	510600	505000	510600	
485800	512000	485800	512000	485800	
497000	511600	497000	511600	497000	
495400	488800	495400	488800	495400	
507600	501000	507600	501000	507600	
493000	501400	493000	501400	493000	
501000	503000	501000	503000	501000	
501400	493400	501400	493400	501400	
503600	511600	503600	511600	503600	
495400	496400	495400	496400	495400	
485400	506600	485400	506600	485400	
509600	507600	509600	507600	509600	
500400	498400	500400	498400	500400	
501400	493400	501400	493400	501400	
509600	498000	509600	498000	509600	
500400	498000	500400	498000	500400	
499400	498400	499400	498400	499400	
496000	495000	496000	495000	496000	
497400	499400	497400	499400	497400	
504600	503000	504600	503000	504600	
521200	486800	521200	486800	521200	
502600	501000	502600	501000	502600	
499000	509600	499000	509600	499000	
512600	505600	512600	505600	512600	
521200	506600	521200	506600	521200	
504600	491400	504600	491400	504600	
500000	498400	500000	498400	500000	
493400	507600	493400	507600	493400	
505000	501400	505000	501400	505000	
497400	507000	497400	507000	497400	
493000	499400	493000	499400	493000	
501000	504000	501000	504000	501000	
503600	502600	503600	502600	503600	
493400	493400	493400	493400	493400	
494400	499400	494400	499400	494400	
503600	514600	503600	514600	503600	
503600	498000	503600	498000	503600	
495400	503000	495400	503000	495400	
495400	503000	495400	503000	495400	
495400	503000	495400	503000	495400	
