395.349	395.349	395.349	395.349	395.349	
664023	664023	664023	664023	664023	
49116.3	48697.7	48814	50000	47930.2	
48767.4	45348.8	49116.3	48348.8	48883.7	
49581.4	47418.6	47697.7	47465.1	49000	
47534.9	46814	48279.1	48395.3	47883.7	
49279.1	48348.8	48162.8	48000	46069.8	
49046.5	47930.2	46186	47000	48395.3	
47581.4	50000	46000	49930.2	49162.8	
49046.5	47348.8	49627.9	47069.8	47697.7	
49162.8	47651.2	47465.1	48000	48767.4	
49116.3	49697.7	48232.6	48581.4	47651.2	
48767.4	48697.7	50279.1	47302.3	47302.3	
48395.3	49000	51093	50279.1	49279.1	
49581.4	50976.7	50814	50116.3	51627.9	
51860.5	51209.3	49883.7	49744.2	51465.1	
51627.9	50976.7	52441.9	51697.7	50395.3	
51348.8	52441.9	51279.1	54441.9	50930.2	
51976.7	51814	51093	50814	51348.8	
53046.5	53860.5	53046.5	52325.6	53907	
53325.6	51627.9	52558.1	52395.3	52441.9	
52976.7	53511.6	52930.2	51860.5	51930.2	
53558.1	53162.8	54558.1	53790.7	54279.1	
57953.5	57441.9	57325.6	57837.2	58720.9	
68697.7	68744.2	69046.5	68581.4	69976.7	
68976.7	69511.6	67976.7	68627.9	71209.3	
69976.7	70325.6	70162.8	72790.7	70744.2	
69325.6	71325.6	69093	69441.9	68395.3	
72093	72441.9	72139.5	71790.7	70279.1	
71511.6	70790.7	72255.8	70511.6	73209.3	
71511.6	71325.6	73488.4	71558.1	72255.8	
73558.1	72093	73255.8	72139.5	74488.4	
73441.9	72907	71558.1	73255.8	72023.3	
73674.4	72790.7	71093	73255.8	71558.1	
73255.8	75953.5	72325.6	73558.1	74441.9	
73953.5	73720.9	74837.2	72325.6	74907	
74488.4	72488.4	71907	75790.7	73790.7	
73255.8	73488.4	72790.7	74604.7	72790.7	
75023.3	74837.2	75255.8	73790.7	72325.6	
74372.1	72790.7	74255.8	72744.2	72372.1	
75558.1	72488.4	72674.4	72744.2	74604.7	
73093	73488.4	74604.7	72674.4	72860.5	
75558.1	73209.3	73209.3	74558.1	75069.8	
74093	73023.3	74325.6	72255.8	74837.2	
74558.1	72860.5	73441.9	73604.7	73441.9	
73604.7	73720.9	73837.2	73023.3	75139.5	
73558.1	72139.5	72093	71744.2	71209.3	
74790.7	73023.3	73372.1	73488.4	72558.1	
76418.6	75674.4	75953.5	73720.9	76069.8	
76883.7	77302.3	77023.3	76651.2	78651.2	
76418.6	76953.5	75720.9	77186	76604.7	
73674.4	72139.5	73790.7	71627.9	72023.3	
74790.7	72372.1	75372.1	75186	73441.9	
74441.9	73907	74209.3	73907	74720.9	
74441.9	73558.1	75907	75604.7	74488.4	
74907	74093	73372.1	72907	73093	
73953.5	74139.5	73325.6	74488.4	73720.9	
74093	75790.7	74720.9	73790.7	73372.1	
74372.1	74558.1	76023.3	74558.1	73209.3	
75674.4	74372.1	74953.5	72976.7	74953.5	
73674.4	72674.4	75604.7	73023.3	76604.7	
74139.5	73372.1	73790.7	76139.5	73093	
74790.7	71744.2	74837.2	75907	74093	
74558.1	74790.7	73953.5	75953.5	72790.7	
77767.4	75255.8	74372.1	74441.9	74604.7	
77720.9	75953.5	74255.8	75674.4	73558.1	
75488.4	73720.9	76139.5	74255.8	73907	
73720.9	74790.7	73023.3	72744.2	77372.1	
76651.2	74674.4	75790.7	76534.9	75302.3	
74255.8	75139.5	73488.4	75302.3	75953.5	
76139.5	75372.1	76139.5	73325.6	75418.6	
75720.9	76139.5	76604.7	74720.9	76302.3	
78000	75720.9	76372.1	75953.5	75139.5	
78418.6	76604.7	75488.4	75186	78069.8	
77069.8	77069.8	76372.1	74093	75488.4	
75790.7	75418.6	77651.2	76139.5	75674.4	
76883.7	76604.7	77767.4	76139.5	75790.7	
76953.5	76651.2	75302.3	77372.1	75790.7	
74488.4	75907	73720.9	74837.2	74907	
75558.1	75302.3	75907	78186	75488.4	
74790.7	75418.6	75837.2	76372.1	75069.8	
76534.9	78000	76372.1	75069.8	74907	
77720.9	77488.4	78186	75604.7	77372.1	
77767.4	78000	76488.4	76418.6	75558.1	
75023.3	73255.8	76720.9	76953.5	76883.7	
78418.6	75907	78000	75790.7	75372.1	
77186	77302.3	76720.9	77023.3	76488.4	
76720.9	77767.4	76720.9	76604.7	75953.5	
77302.3	76023.3	76069.8	76418.6	76883.7	
76069.8	76837.2	77837.2	76418.6	76069.8	
76720.9	77418.6	76023.3	75372.1	76488.4	
75720.9	76139.5	74209.3	75069.8	73953.5	
74209.3	78372.1	76534.9	75558.1	75720.9	
76372.1	76302.3	76488.4	74441.9	75488.4	
75674.4	74837.2	74209.3	77023.3	74837.2	
77488.4	75372.1	74558.1	76372.1	77604.7	
75488.4	76837.2	76372.1	76186	76953.5	
78116.3	76418.6	75790.7	76651.2	75139.5	
73907	78000	76883.7	77302.3	74441.9	
77883.7	77139.5	75302.3	77767.4	77255.8	
77651.2	76372.1	78069.8	77651.2	78418.6	
78418.6	80000	78000	78883.7	78651.2	
80069.8	77837.2	79697.7	78767.4	79651.2	
79116.3	80348.8	77720.9	81046.5	78720.9	
78767.4	77372.1	80069.8	80348.8	78953.5	
79465.1	78232.6	78069.8	78069.8	78720.9	
77418.6	79837.2	77186	79186	79534.9	
80116.3	77488.4	81930.2	78767.4	77883.7	
79767.4	76372.1	75907	77651.2	78720.9	
78883.7	77953.5	80116.3	78372.1	78953.5	
78651.2	77883.7	78883.7	81000	78837.2	
78767.4	78488.4	78883.7	77883.7	78069.8	
78953.5	78837.2	78232.6	78418.6	78418.6	
76186	77186	77302.3	77720.9	77883.7	
77069.8	78116.3	77883.7	77023.3	77186	
78604.7	76883.7	76604.7	77302.3	77023.3	
78767.4	76953.5	78488.4	76418.6	76418.6	
78720.9	74790.7	76023.3	76720.9	77302.3	
78767.4	77255.8	75790.7	74604.7	78186	
77418.6	79837.2	76186	76720.9	77139.5	
76418.6	78186	76604.7	78232.6	77651.2	
78186	77837.2	76023.3	79000	77604.7	
78232.6	78302.3	76534.9	76302.3	77767.4	
78302.3	80232.6	78069.8	80534.9	78000	
78767.4	79418.6	78186	79232.6	78186	
81348.8	78232.6	76953.5	79069.8	80302.3	
80000	79837.2	80069.8	78883.7	81465.1	
80232.6	77372.1	80116.3	79651.2	77767.4	
80418.6	80069.8	81116.3	78953.5	80000	
81116.3	79534.9	79186	78069.8	78837.2	
80534.9	79651.2	79232.6	81930.2	78000	
81348.8	79651.2	82348.8	80465.1	80232.6	
80302.3	80651.2	79883.7	80930.2	80581.4	
81930.2	80814	81930.2	81046.5	82046.5	
82395.3	79953.5	83627.9	81581.4	81697.7	
84232.6	81767.4	82162.8	81767.4	79883.7	
82511.6	84697.7	82767.4	83697.7	81697.7	
84930.2	84744.2	83860.5	84976.7	83627.9	
83627.9	85046.5	83627.9	83511.6	84046.5	
84581.4	84976.7	83860.5	82767.4	80465.1	
84976.7	82581.4	83976.7	82348.8	83395.3	
82395.3	82279.1	84860.5	82651.2	84116.3	
82767.4	82116.3	83744.2	80697.7	80465.1	
83279.1	82348.8	82232.6	83116.3	80465.1	
82116.3	81651.2	79767.4	81348.8	80883.7	
82232.6	80651.2	79000	79348.8	80930.2	
80232.6	79465.1	79232.6	80348.8	81162.8	
80186	82511.6	79000	80418.6	80534.9	
81697.7	83465.1	81162.8	81534.9	81465.1	
82395.3	82279.1	83581.4	82767.4	80302.3	
83162.8	84046.5	81930.2	83976.7	84162.8	
84744.2	84860.5	84279.1	84232.6	84162.8	
85093	82046.5	84395.3	85209.3	84581.4	
86674.4	84511.6	82651.2	85395.3	85744.2	
81418.6	83814	84348.8	82395.3	82116.3	
83860.5	83395.3	84465.1	82651.2	85814	
84232.6	84395.3	87279.1	85465.1	86046.5	
86511.6	86046.5	85930.2	85627.9	83860.5	
89860.5	87744.2	87511.6	87674.4	87511.6	
90488.4	88674.4	90674.4	90093	89674.4	
92418.6	91372.1	92023.3	90790.7	90372.1	
95186	91209.3	93302.3	93953.5	92604.7	
94953.5	91907	94767.4	95883.7	93023.3	
96465.1	94488.4	95883.7	95186	93418.6	
95651.2	95651.2	95953.5	96697.7	92069.8	
93302.3	97465.1	96883.7	95883.7	95720.9	
97302.3	96000	96697.7	96883.7	96348.8	
100349	94604.7	97418.6	94255.8	97232.6	
98418.6	100465	96348.8	96953.5	98418.6	
96953.5	100000	99279.1	97000	98302.3	
99279.1	98651.2	96232.6	98116.3	99395.3	
98000	99581.4	99930.2	100349	98465.1	
99627.9	99930.2	98767.4	101163	97348.8	
100512	98651.2	103860	95953.5	98767.4	
99232.6	100047	99000	99232.6	97883.7	
99581.4	102163	100977	98162.8	98697.7	
101279	99465.1	100465	98697.7	99767.4	
98232.6	102442	98581.4	99348.8	101279	
99930.2	99465.1	100349	100116	100349	
101395	100163	100000	99162.8	99465.1	
100860	100860	100977	101093	100000	
98814	102814	101581	99627.9	100860	
101628	100814	100512	100744	101163	
102581	103977	100930	102209	100465	
103093	102326	104628	101163	102814	
101512	104326	102512	104674	103558	
103093	107326	103512	104674	103163	
105674	105256	104977	103326	107209	
104628	102977	107674	104674	106977	
105907	107674	105977	106023	103791	
104558	102814	106326	105093	106488	
105791	105442	106140	105326	105860	
106023	108442	106140	105326	106674	
107372	109140	109605	106256	105512	
108140	108326	107140	109372	108023	
113581	111070	108605	109488	107488	
108674	112465	111070	111488	110256	
110651	111884	110953	109837	110535	
116279	110256	113070	112419	111372	
110302	112535	111837	110953	111651	
114465	114698	113465	113698	112000	
113070	112721	114581	112953	114884	
116884	113814	113116	114233	111651	
115814	114884	114070	117395	112186	
117628	114070	115465	113465	113233	
117465	116279	117116	115930	116233	
116628	115047	118093	115163	113465	
119395	117395	118233	115465	118512	
118744	116163	116930	116581	116814	
118349	119395	117977	115930	119093	
119930	116628	118814	117628	118930	
118349	116814	120093	118860	119093	
120047	118930	118744	117512	117395	
119512	120093	117977	119093	121442	
121279	120977	120047	118581	119093	
121628	122093	121163	123023	119698	
123023	121674	123791	124721	122256	
123093	123209	122442	122512	124326	
124326	122977	126256	123791	122977	
125070	125791	124837	122791	124372	
129233	124791	126791	125256	125256	
126535	127535	126837	127070	126791	
126721	128186	124837	125721	127651	
127419	128302	126651	127419	125140	
127953	127837	130651	128651	130070	
126953	126721	126651	126837	128372	
125488	128372	125558	126837	125372	
130884	128302	128186	129884	126419	
129000	127535	130000	130419	129721	
131814	129070	130581	129721	130419	
133465	133000	132116	129419	130419	
129767	131814	131581	132465	132651	
132930	133047	131581	133744	130349	
133279	130581	132767	130465	133512	
131302	131930	133628	130349	132698	
131651	130814	130884	132465	135628	
133000	131419	131884	134116	131698	
135279	132279	134465	132535	132349	
132651	133744	134698	136628	133698	
133279	135349	131186	133744	131651	
128535	131419	130698	130116	133116	
131651	131581	130419	132233	132651	
132814	132698	130884	130581	128419	
126907	127837	128070	128419	128605	
127023	129302	129837	130419	129349	
126837	126791	128535	127535	128070	
128419	129070	128837	129186	128419	
130535	128372	130581	129767	130535	
132930	132930	134581	133233	133116	
134628	134744	139326	134349	136977	
142791	141442	144884	137047	143953	
145535	143651	142372	142442	144023	
149047	145767	145000	141326	144837	
148186	145233	146070	143372	145884	
145488	142953	145233	145372	144070	
146535	146884	145116	145651	142070	
147302	151512	147116	147186	148186	
149651	148698	144837	146837	148000	
153326	150581	149116	150814	147814	
151860	151744	152209	152744	148000	
153442	153395	155907	153558	154512	
156372	153791	157953	155279	154628	
158605	156605	154907	156023	157674	
159558	154744	156860	156860	153860	
157023	156744	157093	154791	153209	
155628	154977	154744	154512	154163	
155093	156140	153163	153442	154442	
155512	152628	155395	152326	150581	
156907	154512	155907	153093	153209	
156791	156093	156372	154512	154674	
158209	156140	155791	158140	158070	
158558	159070	159674	159140	155977	
162488	164349	161023	161488	159186	
163651	165047	162116	160140	163000	
160419	160535	164581	161070	159023	
165698	163651	165698	165233	165884	
167047	169698	168814	166767	163651	
168349	173372	169814	167930	169977	
172674	173977	173326	172209	170093	
167860	174488	170093	169628	175372	
175558	176791	171326	172744	172860	
173558	176488	173023	175488	175256	
173256	171791	173721	176419	174791	
175070	174326	171628	172744	172512	
175256	172209	173558	172977	172093	
175070	172674	175791	173907	175488	
171628	174953	168814	173209	171093	
172674	177884	174907	174023	173209	
176256	176953	175721	175209	174023	
179186	182465	175372	178000	177256	
174488	179535	177884	175558	177884	
178535	183581	181581	179884	178605	
183628	181884	183000	181581	179767	
181186	182233	183512	182884	180535	
181000	177256	183814	181698	181000	
184977	186558	185163	185047	184233	
187512	186047	183767	188279	184000	
184279	186326	182116	184233	185279	
189512	187791	188326	189326	190721	
188395	192605	188860	189558	188628	
191442	191721	188558	192605	191256	
187628	186442	187163	186163	186558	
191791	188791	192070	189256	193535	
194605	193907	190023	193372	191721	
189860	189512	184814	185163	189023	
191023	188326	188977	188442	188093	
188279	185581	187442	187442	187395	
185465	183698	183116	182767	187047	
186628	186860	183767	186093	184698	
182349	189093	183698	182465	183349	
189860	184860	188163	185744	185930	
188860	186558	189372	183628	192256	
194837	191953	188512	189512	192442	
191209	189674	190558	189140	188791	
194302	189977	189023	192256	191791	
196767	196070	195721	191326	195070	
197930	198070	196767	199884	195535	
194953	193837	194953	196721	192907	
196186	189674	192907	196419	191093	
196884	193186	192953	192721	190721	
191907	192721	193721	193651	193535	
193302	195000	193070	192558	190977	
195605	190558	193953	190023	191605	
194070	194953	195256	192791	193791	
192326	196465	196000	194605	190791	
195140	195767	199535	196349	193605	
195605	194302	193140	194140	192791	
199535	198302	199651	197000	196953	
198302	201930	202512	197070	199349	
202581	202349	196116	199419	198186	
200000	196349	201628	199930	200047	
203512	199698	201116	206558	203163	
196465	201814	198186	200465	200233	
201698	204907	202744	199349	198116	
203512	201512	205907	203209	201628	
201977	202395	203628	201233	199163	
205023	200279	204512	201512	202279	
198930	200744	200000	199884	198116	
204209	202814	202628	200116	198465	
204558	201930	206093	200395	200233	
204047	198000	204860	200930	201349	
203093	199279	203860	199814	202395	
201581	201628	199767	200628	200814	
200814	203977	202930	197698	204512	
206372	201628	202698	204512	201163	
203395	208256	203093	203163	200395	
204907	203047	207558	204791	204558	
204860	203512	205512	205558	203326	
205907	206907	207209	206674	203744	
206674	208442	208256	204093	205860	
210605	211837	211953	210488	206860	
209721	210767	208093	204512	204860	
209070	205977	207791	209442	204326	
210070	210605	207907	209186	207977	
210953	207488	211953	210605	211605	
215814	211535	214767	212488	212535	
212116	217698	219047	215233	216465	
215047	216233	214767	213953	211767	
216884	213953	219279	215930	214070	
217860	218977	218163	218860	217279	
224907	222140	221558	218744	221047	
227140	223140	225907	219093	222744	
223907	221791	228140	223977	218279	
225907	226674	224605	228140	225791	
224023	224023	225953	225488	222791	
232581	229605	231535	229651	227953	
227837	227140	228070	227140	227767	
232698	235512	228721	228256	227070	
230535	229953	231419	230953	229302	
227953	231349	230884	231233	227535	
235628	234698	231465	236744	230465	
238047	233930	235116	235814	231698	
244140	234279	233814	235814	238163	
238442	238744	235744	238907	235860	
243488	243186	243302	242442	240372	
244186	239628	244302	241791	239977	
250279	242372	250698	247767	241372	
250047	248535	249814	249651	255512	
248535	247116	249047	248651	246767	
252814	250512	248465	246884	248767	
249767	255326	254977	254047	251628	
256326	260070	257209	255395	252814	
259256	253209	253395	255628	251628	
253209	257093	257907	258674	257140	
264581	256907	258209	260488	255791	
263070	260605	259488	260907	256512	
263186	264349	261535	260605	261535	
263953	266930	264535	268233	263186	
273256	263465	264698	266116	266419	
263721	264419	261535	265302	262837	
271628	265698	265233	267814	262256	
270395	263953	264186	264767	267000	
268977	262419	259558	265302	266884	
264884	263953	265419	264465	259186	
264186	262651	259140	261953	260372	
250814	257791	253209	252047	257860	
252279	257256	256907	256023	256674	
255326	254744	248651	251163	248884	
256558	251395	253930	253209	250698	
252930	253581	250767	254628	252116	
254442	257372	251233	256512	253163	
259326	256628	254442	255791	253744	
271279	263233	260186	260605	266163	
270698	265070	277023	271977	268233	
281186	271093	271442	275605	269977	
281233	280953	281419	275488	274372	
282535	285163	278884	279605	278651	
283698	284698	279651	282116	282651	
289628	285977	288209	282535	284512	
290372	289674	285744	288093	292209	
289163	287814	296116	289093	288047	
291093	286628	285047	290442	288674	
290140	289558	289744	284279	285977	
291674	285977	287209	288279	290326	
288907	291953	286093	286698	285930	
288512	289860	288744	287326	284349	
292442	289163	291721	291372	291093	
296884	294023	291140	296651	292674	
299419	293837	293302	300279	295302	
298698	299419	301512	298884	302395	
301349	298465	300279	301465	303209	
300581	306209	300698	305209	299698	
307977	302581	305209	302116	305163	
306558	306907	307977	309442	304744	
306674	305163	311953	306279	305442	
311837	307488	308256	308023	305977	
311256	311605	305791	311651	310907	
311884	311186	315186	315884	315302	
311419	315349	308721	311651	311419	
309605	312256	308721	314651	311535	
313000	308837	310140	309907	307605	
312605	312070	309605	311488	307860	
314070	311605	310674	310070	310140	
312535	312651	315419	313000	310674	
306628	313070	306140	308674	306023	
313372	310558	315070	311186	310419	
315581	311605	322209	315302	309488	
314581	313605	313605	309209	306628	
311256	310721	312186	309372	310674	
318349	318047	313535	318698	311605	
318000	318581	311651	315465	308674	
316419	316651	311023	313651	312419	
322326	316233	318116	315884	312721	
323023	315698	323628	318814	319116	
319395	316349	314884	316884	316651	
321442	318814	318047	315070	321047	
327023	329953	326070	323860	320581	
326907	332419	333814	329535	327605	
330535	334279	335279	327372	326837	
338209	331070	330116	337093	334767	
340326	334628	336860	337209	336581	
341558	339977	341674	340791	340442	
356023	346488	343326	347535	350279	
353977	352581	348070	353349	344302	
349070	347465	351233	349419	349302	
354442	351465	350116	351000	347651	
349884	352512	355326	354209	352977	
353977	354558	355907	351000	351930	
353047	351279	353047	350767	353977	
357256	361302	359558	357674	359953	
363116	364349	359558	364581	359837	
366000	367930	368047	361837	365465	
369349	367767	369977	363302	365186	
373907	381698	370628	372907	376140	
376953	375023	377302	375326	366698	
383419	381116	385395	381116	377302	
384512	380070	380605	383698	381884	
389674	387047	384884	389279	382698	
392209	387581	388558	391372	382535	
399000	392558	387093	394070	395302	
400000	399465	400302	393721	403163	
395651	398000	394605	394419	400302	
402814	404512	397349	400000	396256	
402279	402581	403860	405628	399233	
405093	401628	405977	401233	404930	
408093	408256	406907	406674	410953	
410721	416581	410907	409372	413605	
424023	414302	419860	417465	414302	
429372	418395	420093	421093	417047	
424558	421698	422209	422860	416651	
424093	419349	418116	421047	420581	
422791	421628	419163	417233	419930	
425721	424023	423977	420581	418767	
419000	411907	418465	420977	418233	
418581	419047	416465	420349	417581	
420814	424558	421209	425372	419744	
437744	434698	429140	422791	432116	
439558	441209	441977	440977	436581	
468698	466535	465465	461372	461488	
458605	461070	465884	451884	460605	
476256	472047	472512	475744	475977	
491442	489209	490163	492256	492860	
492326	500767	499884	497488	496605	
509605	513070	509372	511070	507628	
518651	516698	512535	516535	519744	
520744	528488	522163	518279	520860	
538930	533000	533465	528674	529302	
544721	545070	549465	540279	536000	
551651	549349	539209	534767	539279	
557209	550465	548302	551930	548605	
573977	560140	563070	561140	563605	
572977	578070	575256	569116	564535	
584419	588581	582953	582535	580535	
595488	597419	588698	593977	585698	
604395	600651	596302	598000	598535	
623442	609023	606395	616767	612605	
619395	620116	616698	612302	609326	
621512	615605	620163	612488	613023	
624558	609140	606395	612674	611256	
620000	620000	613256	609791	601581	
619000	612372	612419	609442	606047	
617070	615070	606930	615884	610140	
617651	625395	622628	621581	617767	
633953	632488	632349	629186	622628	
656512	654744	648256	650000	645070	
666605	666302	662605	657442	664419	
678256	684767	676023	680488	676209	
687465	689093	681070	689465	677907	
693977	697721	699186	693023	696907	
707977	708279	710256	707977	705512	
723581	717186	721698	713837	723163	
721860	713302	722395	725442	716419	
735884	738116	725860	735233	726628	
736163	736767	743372	727372	731767	
743907	731837	736698	734884	732256	
741395	736884	735186	727488	729907	
731023	725326	731767	726372	728674	
744023	732256	732884	731721	724744	
732651	737163	731140	724744	732000	
729372	733767	737047	735302	737512	
752186	737930	736651	747535	733884	
744721	752465	754744	742907	747186	
763674	765419	753047	755860	759558	
764767	777372	770930	769535	763070	
774395	772744	761488	776093	780953	
786884	779721	774628	781721	777372	
790395	788279	784419	776395	774395	
792395	787163	789977	780953	782372	
797837	785884	784884	781023	774744	
790093	781535	779558	787581	779558	
789930	796186	787767	782651	780605	
782767	789349	779326	789930	774163	
803698	794605	795791	784000	798302	
793140	797721	796442	798837	784070	
798302	788047	795140	787465	783070	
791093	791628	792093	792279	797535	
799953	795256	790326	784651	785535	
782023	775628	775279	777442	776744	
800419	786884	799372	782767	783605	
787628	777140	774674	764651	780721	
777977	779372	774930	786163	772977	
782605	781884	789512	777674	775512	
781372	783233	776977	774279	785651	
785070	793093	792628	785535	782419	
796488	795023	789814	794140	795023	
811023	791558	791558	795907	789047	
809674	796558	804000	803349	788930	
796186	794326	783302	788279	792442	
807047	807558	802186	802930	798721	
805744	809209	807326	806093	801349	
816186	813488	824279	806512	807279	
816651	817233	809512	808791	800884	
822814	812488	816256	813605	809442	
817233	815140	818186	816605	807814	
830674	834837	823209	815953	816837	
828372	819767	812605	819651	809279	
814907	816000	820000	811558	805116	
828837	825442	817953	821116	816767	
825279	809442	822000	816256	817721	
822814	813791	810326	818651	801116	
836581	818884	827860	826791	827256	
820930	815372	822047	821581	818581	
813023	813326	814140	818535	811907	
823860	823465	827140	814907	820465	
827674	832070	834465	833256	831605	
838581	835930	828209	830605	823465	
830023	824093	828605	824395	819814	
831256	822581	824860	835419	823977	
833256	828605	822349	830907	827907	
832372	834186	826395	827140	830442	
834186	841395	830605	834419	826512	
828140	835349	827326	824279	829488	
833767	834349	837651	834953	822744	
827628	833535	819233	822930	829209	
840581	833256	837233	825977	825628	
831721	831372	824326	822698	833884	
823930	828791	828209	830302	823628	
838116	841209	834767	835651	838465	
846140	843395	835419	836884	835000	
838930	850837	839698	845209	834116	
835651	842628	835116	837349	833721	
834465	839233	832721	829093	825512	
833000	832767	832023	842791	828372	
823279	830721	826279	825674	814535	
820163	825047	816302	823977	817767	
809860	807558	812837	802814	808395	
829907	819349	818930	813605	803116	
804628	802651	802070	798419	792977	
795558	807047	798605	798884	786419	
798488	792791	800651	791791	796326	
800349	787930	795023	776674	797140	
781186	781651	781767	776791	781837	
778488	774674	778256	780558	765186	
781023	783837	775860	779023	763419	
779791	785581	779558	781256	775163	
781651	780372	785767	777209	769116	
786814	776023	786047	784419	776140	
784186	784419	784419	777256	772395	
778674	776791	775512	780837	771047	
776395	773209	779907	773977	768233	
771930	771163	766000	769116	769047	
775791	771814	775326	766302	766605	
768884	771116	763488	766116	764837	
770000	767535	762326	758628	756930	
752419	774395	766721	758395	760442	
766837	767419	758977	749372	755698	
760326	755512	754465	750651	747907	
751465	753163	748302	745674	750535	
742791	755279	749605	741674	734000	
746302	735814	740326	741326	730372	
736419	736349	726372	723209	721930	
734070	734116	726093	720000	720698	
718767	724279	720930	711605	718419	
717000	709023	707977	712674	714721	
718651	717581	715651	709209	713488	
713535	718233	717000	709674	711372	
714837	711953	706047	715535	709558	
706279	709395	700070	696837	689326	
700349	696605	695023	696070	692977	
694372	692326	689930	679674	683837	
676209	682884	675023	676744	681140	
675326	670744	675744	670163	672465	
667767	666651	670395	673977	669047	
667070	651814	659442	669814	658093	
655279	648721	652233	644605	647419	
646791	644837	650070	646907	643023	
645023	651767	637279	646674	643860	
644326	645023	640442	642744	644488	
642674	643860	638047	633000	630070	
639326	640163	633349	634698	632721	
642256	632488	641209	633186	632186	
627907	633698	628953	628256	625791	
635884	632349	630767	628372	628326	
635163	624977	628837	620698	620047	
627721	626140	622395	631651	621977	
619930	607558	618581	616116	613953	
607512	613186	607791	609326	602349	
602349	600116	593442	602581	600419	
604930	595605	595791	588163	589860	
604349	592907	594442	590163	589163	
592860	581837	582070	583535	582953	
589814	587698	585465	582605	577488	
579256	584233	583581	581116	573209	
584651	589698	576209	576837	574047	
574512	561372	575372	572698	572047	
568767	567465	563256	563953	565535	
557163	557512	559907	552349	551116	
556674	561023	552628	555977	556791	
550930	547953	547767	554977	546767	
556395	554977	553465	553279	549884	
548721	546419	554512	549116	540209	
543023	544721	543837	545070	546372	
548302	556674	546186	546767	545419	
546256	541628	550302	543605	537744	
543256	538465	535233	536163	539860	
537512	538512	541628	532000	535279	
538930	534465	552349	537465	536930	
538977	543605	540628	532721	531186	
543674	535767	540326	526907	535581	
537977	534767	533233	529605	530767	
530535	530535	537279	531419	535651	
541442	528302	529837	528488	524744	
529023	532186	526442	528023	519628	
527837	517233	528442	529767	524977	
517651	528674	529535	512605	519047	
514372	514721	512953	523628	503349	
512535	516302	510837	515953	515116	
509372	505558	505395	505279	500581	
498465	497767	499953	499953	496605	
491140	492209	496070	499651	501233	
504047	498837	494907	500698	494442	
496023	496140	492442	496302	487233	
491860	490395	486698	490628	483698	
498233	488512	484163	479256	484302	
481884	478674	484581	481116	479884	
469465	469465	466070	466651	464535	
465581	454628	458488	454814	449930	
442605	451395	450233	447070	439744	
435512	445070	430721	439860	431465	
447372	439326	440279	438209	437209	
443953	440093	437581	441140	438326	
444721	443721	442256	451651	432116	
452698	445372	445140	445070	443791	
448837	446767	444442	442558	447000	
450651	447302	448233	442209	445070	
441326	449000	444442	450581	445535	
445535	446953	442326	444674	445953	
446023	442023	442256	438326	448581	
452395	454093	449419	440279	444721	
448651	448349	444488	448419	445256	
442209	445140	443442	441442	439395	
446651	449814	446837	440628	444302	
439279	438209	439047	436860	433070	
439907	437209	435116	432419	442837	
434163	436814	440977	433581	435628	
439860	439326	440558	437814	435512	
441744	434535	436163	434465	427442	
434279	431651	429488	431186	430372	
433535	437349	441093	429070	437581	
437093	439395	437814	432349	430605	
434000	438163	432814	438326	427372	
428837	435395	434814	426488	430256	
433419	433884	426907	427070	425488	
434349	431651	429419	436233	426372	
433070	435512	426372	429186	432535	
434930	430767	427907	427372	431837	
430488	430605	423977	429651	425907	
431000	428907	428535	429837	430767	
433233	427907	429721	426442	425372	
431767	428907	429372	421860	429721	
425791	425326	426605	424326	420465	
430256	423395	424023	424558	425256	
424023	422047	424093	412535	421930	
426093	424256	422442	425140	418767	
421047	413721	417233	419000	411419	
421209	421209	412488	417163	417116	
418279	421628	421279	417279	417767	
422326	422512	419512	421744	416930	
422860	419977	422093	416535	414767	
418116	415884	413767	412302	417884	
422442	413419	418163	416535	415000	
423791	423791	420814	416349	416000	
420512	419465	420860	419977	417465	
416814	418163	415953	411907	412302	
418279	420930	417651	414349	414884	
416000	408674	411070	412605	406209	
413070	409674	415884	408023	407256	
417163	407977	406791	413488	411419	
407558	405907	403279	409326	402977	
407628	407512	407140	401395	403581	
403977	404326	402116	407442	401000	
408023	398837	402744	404209	399419	
403395	403163	402000	393721	392209	
399767	399302	390977	390326	389744	
391023	394721	391372	390395	386279	
400814	395605	390977	395372	383930	
397186	390512	390326	385698	384465	
389395	389744	385977	383116	389279	
383930	382884	382814	385977	378907	
387395	387163	382884	381465	381535	
384930	378651	384465	375605	381186	
381837	384116	378837	375023	379419	
377791	375953	375372	376674	376209	
380000	371628	374488	370349	366349	
374674	377488	367395	369279	371628	
369000	373512	372628	368930	372395	
359488	367395	363721	367233	363186	
365767	368744	364233	365814	364535	
367581	362023	356163	356442	356209	
359326	362837	363767	358023	361651	
361953	358140	361186	357023	357209	
356977	357209	356023	355093	354860	
356977	359488	352349	356977	351512	
356558	351814	348884	354279	350163	
350233	350581	356791	349698	347767	
351395	349419	342837	346256	345070	
342605	349884	344488	334767	342953	
345302	337628	340140	341791	343140	
339209	341907	344070	335512	337442	
343674	339977	343674	341326	337395	
338977	342209	342209	347884	338395	
342442	342326	340674	330535	334163	
342488	339860	341209	342256	338163	
340372	337744	341093	337395	334465	
343907	335744	343186	338163	337395	
336860	338512	338860	333930	335628	
341907	337977	332465	335349	339860	
339326	331349	334000	337814	334349	
333465	330070	332884	333651	334884	
338512	334581	332070	331651	333651	
331233	326070	327674	328488	333349	
328488	326674	325674	328605	325256	
330837	324372	324674	326907	325791	
328372	328535	320326	326140	323791	
323744	325674	319465	320581	320047	
317884	315302	315651	320279	313651	
319465	317000	319465	315767	312070	
317116	317163	313535	317116	313302	
315651	314419	317116	310419	312651	
309442	312651	313884	307977	311837	
313651	307326	310186	309721	304163	
306977	307744	307442	307326	305977	
309209	308605	307023	304744	305279	
310791	310070	301814	302233	297233	
309442	306977	306512	305209	307256	
304977	303814	304442	307605	308093	
307256	306140	304558	302512	300930	
303093	303047	297233	300651	298000	
298302	299349	298233	299302	302163	
298535	301163	301395	294535	295140	
296186	301930	300884	292721	294023	
299930	297581	295070	292605	292674	
297581	298302	295605	289791	288163	
300000	291488	294953	290093	292558	
296605	293605	293837	288628	295488	
292023	290093	293558	289023	286512	
294256	292721	290093	290977	291326	
292140	294605	289628	291326	292721	
292093	295070	289791	290744	293953	
294372	287442	289558	289558	284744	
289163	287930	287209	289512	282884	
294605	295256	286628	286163	287395	
288279	282000	285000	290791	288791	
288791	287744	289558	286512	284465	
285744	285581	287093	285233	282000	
286628	289442	284279	286209	284465	
288209	287442	288326	286209	283767	
287395	279302	281070	286744	283163	
284349	285000	280767	283581	288047	
283884	287209	282814	281884	279070	
283535	282930	283279	282814	278302	
286512	282186	283535	282465	282186	
279767	279605	277419	278302	281767	
279419	281651	277651	284233	278140	
281767	279721	274907	279605	275023	
275721	280000	276791	276186	271047	
272326	283163	275023	281767	273326	
277140	275442	276674	272674	270744	
275093	275953	273977	269047	276070	
273791	273140	270279	269233	267512	
276791	270326	269093	270326	261419	
270860	272279	267884	267930	272395	
271395	265930	264814	264349	265116	
266698	265186	266419	265465	264186	
262302	262837	263349	264814	266000	
257977	257558	259721	255093	255791	
262256	255442	259488	259023	253628	
260674	255907	258326	257023	253977	
258907	252860	254395	255558	253163	
256209	254744	249814	251163	253628	
247465	247535	250116	251233	251814	
254442	250349	252349	248814	253163	
255628	249302	250000	252163	251116	
248302	244721	250884	247000	249651	
244140	246953	243791	244186	241791	
244605	241791	240488	245651	245140	
245023	247186	241488	251000	243419	
242791	244535	243605	242140	241953	
237163	244372	239977	241093	238512	
238907	242209	240372	239209	238907	
236209	239977	238395	234744	238512	
235279	233047	236093	233116	230465	
232419	234465	231186	230651	227186	
229000	230837	231116	231535	230581	
229651	232233	230581	230233	223209	
224791	230419	227721	225907	228372	
230767	227767	228140	225209	225907	
229535	226023	227767	221860	223442	
223628	222791	220674	222093	223628	
219860	222558	218814	219465	224605	
217744	217279	216651	218465	217814	
217000	217744	215116	215047	214698	
217465	216535	215651	213581	215116	
212605	215581	213465	211140	213535	
217860	215698	211488	214535	212884	
218349	214465	211488	215419	211256	
217279	213651	211535	214535	211767	
214000	215651	217395	216047	212953	
216116	216000	209070	211651	212721	
214302	211837	214535	210907	207372	
213116	208140	207837	208721	207977	
210023	209023	209953	207256	206907	
215651	212256	210302	210140	210907	
209558	211837	212000	207907	208791	
215116	207674	211605	208953	207907	
210907	211651	211419	209140	207023	
213767	209442	205209	209953	206977	
212000	208907	205977	208093	204395	
204512	204860	206326	203442	198302	
204047	204512	201581	206907	201581	
200395	202163	201349	200000	195767	
190442	195070	194488	192791	194651	
189209	187326	185047	186442	187977	
186279	187628	185233	187047	182116	
190256	187326	183884	181884	185512	
186814	186977	187395	186512	186860	
192023	190140	188558	192837	188744	
191791	190256	191558	192721	189977	
191023	194837	191791	191605	187860	
191605	194140	191442	193953	193535	
192791	193953	193186	196186	198465	
194140	195070	197070	193256	195767	
193907	196419	191791	195070	190977	
196419	195535	194023	194372	198116	
187791	191093	190326	193651	189372	
195302	194953	192488	192791	189256	
192140	189326	193837	189326	190023	
191907	191140	192023	191674	192070	
195256	189442	190558	194953	189093	
187558	194140	190558	191326	188209	
195767	189628	188977	190140	193419	
185977	188209	189023	188907	185628	
193488	191442	190023	188093	190372	
185163	184744	184349	186930	187395	
187907	187674	186209	185233	184233	
183698	187512	185233	185233	182651	
183349	184465	184512	183884	184930	
184279	178488	181651	182884	182163	
187628	185814	182279	184163	183349	
185977	182233	182047	182163	184465	
185163	182465	179953	184047	179488	
180186	180465	178884	184279	181535	
182279	177953	179767	179837	177953	
183116	178140	178488	177651	178302	
181581	177721	174023	178767	182349	
180349	181116	177767	177256	177767	
180000	181186	179233	176907	178884	
176488	175488	175791	175721	178651	
180651	176372	175721	180116	176837	
174488	176419	177023	177070	178488	
176070	171674	173977	173488	172093	
174023	170512	174372	175674	173372	
177070	173791	176953	174256	177140	
175442	173977	174256	176674	171977	
173860	176372	176186	172209	173721	
173721	176070	174326	175488	169860	
174209	174326	168744	170930	168977	
174209	171047	169326	172674	171791	
172558	172326	171279	172256	168395	
173558	173023	170977	168977	170674	
170442	171744	168163	169093	167349	
173860	173326	169326	168698	167581	
170930	168977	168930	169930	169581	
169047	169163	169326	172628	168698	
172093	167977	169628	170395	168814	
167628	169814	171395	168349	167349	
168512	170930	167279	167698	170279	
170674	167000	171674	168047	167047	
164581	169930	169744	168698	169326	
169860	168860	168860	170395	166698	
169977	169744	168814	168698	166163	
166279	167047	166279	168581	168698	
166930	169512	166000	168163	166395	
169744	168977	167279	166395	165767	
168047	166698	166233	167581	168814	
170791	168233	167744	167930	165814	
169047	167116	168233	164814	169093	
165884	170558	166349	168814	169209	
166349	165116	165349	163233	166349	
171442	167163	169047	164302	163651	
166884	169442	165930	164698	166000	
166814	166512	166512	166930	167860	
166163	166884	162884	166233	165233	
168860	163535	167395	164698	166047	
167047	165535	166698	161721	167744	
169698	166163	165233	166163	165163	
166279	169279	161535	163070	166698	
165930	164651	166047	164814	166512	
167163	168628	170209	165930	163186	
170163	168581	164116	162884	167233	
166884	168163	167581	166512	165116	
170093	164698	164581	167465	167047	
162884	165651	166349	165884	165651	
168465	165419	168233	165814	166930	
167930	168698	164698	163698	167860	
170395	168349	169581	162116	163419	
164884	167930	165884	165302	165814	
167698	165116	164186	162651	167698	
166651	163837	165698	166930	166349	
168233	169326	167930	169744	166000	
169930	170209	166698	167814	169512	
167977	164116	166279	166233	167977	
165884	163535	164465	164884	163186	
164070	162186	162419	160023	158326	
159023	156605	155674	151465	152163	
157837	152977	153558	153047	152744	
159837	158372	154163	156140	153628	
160302	157488	154907	154512	155093	
160767	160884	160302	158209	158837	
159791	157442	160256	163419	163419	
164349	163953	164814	162186	160419	
166047	162884	164767	159791	161884	
167116	168047	167233	164465	165233	
168628	168116	167349	168395	171907	
171093	172860	173326	170093	171163	
176674	179349	174326	172256	173605	
180302	178372	175674	180233	176140	
180698	182930	182163	184465	180116	
188279	189907	190558	182767	183698	
188674	190605	188512	186698	189791	
192186	193419	192558	192791	191372	
193651	189860	195070	192442	192605	
198651	197535	201047	196651	197767	
198465	199047	201000	191023	195721	
203698	203279	199047	203395	203698	
202744	208674	204674	202698	201512	
207488	212116	205744	205791	207326	
212651	210721	210140	211070	214814	
218233	217000	217233	215535	214930	
218814	222977	223674	224558	221163	
225140	221791	230465	225721	225721	
233651	230419	229953	230884	225209	
239860	242023	238209	232581	235628	
245767	248116	244023	243488	237930	
250279	250767	254163	248116	247349	
258023	254279	252744	251395	254791	
258907	254907	260791	256674	257721	
267395	263302	263302	262256	258953	
271395	265884	272023	267581	264651	
275907	273558	271163	271860	270698	
278372	275907	274907	271395	270047	
284395	286279	288047	282349	277372	
284814	285930	288047	290093	286465	
292326	288860	296372	288744	290209	
295023	295488	297581	294302	295837	
299767	297233	297953	294535	301581	
307860	305977	305209	304442	302349	
307442	307442	312605	304442	302860	
317047	316302	313488	313884	314698	
325209	325209	318047	319581	319628	
330767	317279	322209	325442	324372	
335163	334581	333000	330302	332651	
339395	347233	336349	334163	332302	
345023	342209	348302	343791	346884	
358837	348767	354698	353093	350651	
358442	359093	361070	358372	356558	
372047	368930	364837	365581	363256	
372860	378651	374372	374558	370930	
384465	381186	381767	377837	382698	
383535	389279	383302	388512	387395	
391977	397488	394721	390326	388442	
400767	396070	400233	401047	396256	
412186	398349	400047	395023	395186	
418814	416581	411256	405558	412651	
412140	418628	426907	417116	416535	
423047	422279	421628	422209	421279	
433419	426372	427442	426209	424628	
433186	433651	436000	429721	432186	
440093	441907	438442	440023	436000	
450116	437930	448721	446419	445186	
448070	446884	447837	454930	445419	
459721	461140	455930	453744	454628	
465465	464186	463953	469000	464837	
465884	467000	467163	470744	463372	
472744	479419	474512	467884	474023	
480302	482070	477605	480535	475442	
486000	481186	489163	477837	484767	
492721	490791	492907	492605	491256	
502349	504047	499233	494674	498953	
518651	511442	501465	504395	503233	
509209	507744	498349	505442	502512	
514837	519116	517930	511256	513186	
526442	520395	520163	518047	519349	
524558	523628	527209	517419	524860	
529419	531186	527140	535279	525907	
534651	531116	533930	535465	529186	
542372	539047	536233	534651	536279	
552512	546488	542488	546256	544791	
555930	552047	554233	549535	550930	
555581	550000	554628	553581	551930	
560488	563651	554860	554233	551116	
570581	559558	562488	566000	558744	
558093	555047	548000	551535	552465	
542558	544140	548000	536512	535581	
536512	539674	532884	532349	532349	
527256	525209	525256	529721	512605	
512837	522814	518279	513721	510442	
513721	507163	511372	502698	512651	
509023	499953	502233	500116	505279	
503395	506512	497140	500651	503698	
500302	494488	491326	499535	494953	
497070	500535	505558	497419	496372	
499535	495186	502233	501279	500535	
511023	503628	505628	508209	508791	
518767	516535	514767	510442	509605	
545419	530837	533814	535465	535767	
564372	569349	569395	561605	561791	
588698	588047	584070	576674	584000	
622465	610674	617186	605209	608674	
636628	628023	624442	632605	628209	
647488	649000	649535	641907	632349	
663791	657674	654233	661093	658023	
655512	650884	654512	660907	653163	
653047	652698	651581	651581	648302	
657209	654930	640326	637628	638581	
643674	640093	635884	638744	639395	
637279	643256	636814	630535	630070	
641558	639279	641674	642395	633000	
653116	643326	648535	650070	645140	
650767	654628	665186	656326	659023	
669395	666233	661093	662721	659674	
667419	670884	667070	672814	677256	
682302	682721	684465	678140	679302	
698884	695953	696953	695953	690442	
715884	711256	708442	708907	714256	
717814	715535	714372	700302	712953	
715186	713721	717000	720116	712372	
728023	724674	725674	714651	732256	
726209	729791	722814	730605	716721	
743140	754698	752465	735349	748070	
751302	747070	745442	744023	744372	
746674	745605	751698	746186	741047	
760023	761256	762605	769651	757326	
784302	780140	776744	775860	781070	
787163	794674	794605	783349	787628	
809395	796721	796140	796488	795721	
812372	812326	806465	805349	802767	
825860	813326	811791	808279	817349	
829907	826628	830674	829907	822860	
854279	850186	851349	843977	849837	
882302	882535	870535	878558	864791	
899721	895256	897953	897023	886814	
923930	918349	919698	913605	909628	
939233	928558	940628	934535	929605	
955279	946791	965651	943907	950605	
978442	961326	965023	963442	969186	
998605	994395	984372	994093	980791	
1.005e+06	998791	1.00123e+06	1.00758e+06	1.00335e+06	
1.00898e+06	1.00974e+06	1.00547e+06	1.00488e+06	1.00851e+06	
1.02312e+06	1.02802e+06	1.02023e+06	1.02798e+06	1.02428e+06	
1.02956e+06	1.0257e+06	1.03044e+06	1.02042e+06	1.01356e+06	
1.03307e+06	1.03191e+06	1.02498e+06	1.02691e+06	1.02042e+06	
1.03928e+06	1.04579e+06	1.04116e+06	1.03014e+06	1.03307e+06	
1.04807e+06	1.03665e+06	1.03284e+06	1.03712e+06	1.03133e+06	
1.05177e+06	1.03888e+06	1.05581e+06	1.04995e+06	1.04837e+06	
1.06367e+06	1.06372e+06	1.0547e+06	1.0543e+06	1.04416e+06	
1.07574e+06	1.08595e+06	1.06726e+06	1.06947e+06	1.06823e+06	
1.09526e+06	1.08372e+06	1.08484e+06	1.08121e+06	1.07809e+06	
1.09991e+06	1.09216e+06	1.09251e+06	1.08537e+06	1.08612e+06	
1.10735e+06	1.10488e+06	1.10188e+06	1.10916e+06	1.10423e+06	
1.11098e+06	1.09644e+06	1.10893e+06	1.10184e+06	1.1026e+06	
1.11056e+06	1.10042e+06	1.09856e+06	1.0986e+06	1.10002e+06	
1.12628e+06	1.11186e+06	1.10723e+06	1.10095e+06	1.10986e+06	
1.12709e+06	1.13179e+06	1.1207e+06	1.12228e+06	1.10481e+06	
1.139e+06	1.13553e+06	1.12879e+06	1.13923e+06	1.139e+06	
1.15007e+06	1.15114e+06	1.14063e+06	1.13881e+06	1.14405e+06	
1.15212e+06	1.15137e+06	1.15395e+06	1.14321e+06	1.15072e+06	
1.15388e+06	1.1543e+06	1.16098e+06	1.16256e+06	1.14251e+06	
1.15758e+06	1.15184e+06	1.15412e+06	1.1547e+06	1.15758e+06	
1.16784e+06	1.16884e+06	1.17423e+06	1.14991e+06	1.15658e+06	
1.17693e+06	1.17193e+06	1.17358e+06	1.15758e+06	1.17212e+06	
1.17288e+06	1.17828e+06	1.18167e+06	1.16116e+06	1.17053e+06	
1.19216e+06	1.18912e+06	1.1853e+06	1.1856e+06	1.19047e+06	
1.2067e+06	1.21274e+06	1.20423e+06	1.19528e+06	1.20177e+06	
1.222e+06	1.21033e+06	1.21291e+06	1.21337e+06	1.20053e+06	
1.22902e+06	1.22323e+06	1.23098e+06	1.22007e+06	1.22335e+06	
1.23588e+06	1.22065e+06	1.23009e+06	1.21972e+06	1.225e+06	
1.2356e+06	1.22963e+06	1.24363e+06	1.22435e+06	1.22828e+06	
1.23256e+06	1.22628e+06	1.23495e+06	1.23488e+06	1.22798e+06	
1.239e+06	1.23565e+06	1.23707e+06	1.23156e+06	1.23881e+06	
1.24298e+06	1.24035e+06	1.2523e+06	1.24674e+06	1.24077e+06	
1.24786e+06	1.25512e+06	1.24493e+06	1.25535e+06	1.24463e+06	
1.2506e+06	1.24937e+06	1.255e+06	1.24849e+06	1.25307e+06	
1.25565e+06	1.2597e+06	1.25653e+06	1.25565e+06	1.25653e+06	
1.26977e+06	1.25923e+06	1.26614e+06	1.25202e+06	1.24944e+06	
1.26649e+06	1.26109e+06	1.25898e+06	1.26051e+06	1.25916e+06	
1.26814e+06	1.26367e+06	1.26537e+06	1.26274e+06	1.2646e+06	
1.28402e+06	1.26595e+06	1.26972e+06	1.26644e+06	1.26802e+06	
1.27107e+06	1.27088e+06	1.27891e+06	1.27e+06	1.26051e+06	
1.28237e+06	1.27851e+06	1.27247e+06	1.2737e+06	1.25647e+06	
1.27547e+06	1.27523e+06	1.28402e+06	1.26521e+06	1.27281e+06	
1.28577e+06	1.26667e+06	1.2737e+06	1.2676e+06	1.27053e+06	
1.26591e+06	1.27e+06	1.27928e+06	1.27916e+06	1.26567e+06	
1.27023e+06	1.26895e+06	1.27816e+06	1.27112e+06	1.28526e+06	
1.26649e+06	1.27181e+06	1.27119e+06	1.26051e+06	1.26174e+06	
1.27663e+06	1.26888e+06	1.27047e+06	1.27598e+06	1.27605e+06	
1.27744e+06	1.27681e+06	1.27716e+06	1.27235e+06	1.27451e+06	
1.27563e+06	1.26667e+06	1.26765e+06	1.2696e+06	1.26121e+06	
1.27181e+06	1.27023e+06	1.26205e+06	1.2577e+06	1.26749e+06	
1.26842e+06	1.27188e+06	1.26937e+06	1.27153e+06	1.27505e+06	
1.27523e+06	1.27828e+06	1.27405e+06	1.26533e+06	1.2673e+06	
1.27681e+06	1.26914e+06	1.2686e+06	1.26926e+06	1.27428e+06	
1.28237e+06	1.28665e+06	1.27593e+06	1.26549e+06	1.2836e+06	
1.27365e+06	1.27428e+06	1.27112e+06	1.27528e+06	1.27335e+06	
1.27744e+06	1.2723e+06	1.27488e+06	1.27353e+06	1.26988e+06	
1.28272e+06	1.27088e+06	1.27686e+06	1.27381e+06	1.26895e+06	
1.28565e+06	1.28472e+06	1.28356e+06	1.27928e+06	1.28002e+06	
1.28384e+06	1.27686e+06	1.28249e+06	1.27623e+06	1.26633e+06	
1.27763e+06	1.27616e+06	1.28395e+06	1.2767e+06	1.28379e+06	
1.28021e+06	1.27856e+06	1.27751e+06	1.27535e+06	1.27951e+06	
1.28144e+06	1.28091e+06	1.2764e+06	1.26409e+06	1.27586e+06	
1.28184e+06	1.26814e+06	1.26849e+06	1.27435e+06	1.27353e+06	
1.2723e+06	1.27065e+06	1.26865e+06	1.27235e+06	1.27535e+06	
1.27951e+06	1.2696e+06	1.26849e+06	1.26544e+06	1.26802e+06	
1.26814e+06	1.26509e+06	1.2696e+06	1.2706e+06	1.25747e+06	
1.27258e+06	1.26753e+06	1.26607e+06	1.2693e+06	1.26467e+06	
1.25923e+06	1.2553e+06	1.257e+06	1.25547e+06	1.25447e+06	
1.26191e+06	1.2693e+06	1.26221e+06	1.26807e+06	1.26016e+06	
1.25184e+06	1.24298e+06	1.26179e+06	1.253e+06	1.24609e+06	
1.26233e+06	1.25835e+06	1.25084e+06	1.25349e+06	1.25523e+06	
1.25002e+06	1.23765e+06	1.237e+06	1.237e+06	1.23337e+06	
1.23735e+06	1.24193e+06	1.2427e+06	1.23453e+06	1.24035e+06	
1.2053e+06	1.21179e+06	1.225e+06	1.19663e+06	1.20677e+06	
1.12123e+06	1.12886e+06	1.12351e+06	1.11807e+06	1.12305e+06	
975209	986116	976512	978558	979907	
801884	794791	800302	783186	795558	
626488	618116	619930	617814	621814	
503233	499651	501698	495256	499953	
420279	423977	423860	416581	419279	
412884	404047	404279	397721	402116	
451814	454209	453465	450884	445605	
521814	523442	525209	520395	521093	
580302	577023	584465	578326	584419	
601581	594256	599721	590558	588977	
574791	579721	579953	577721	579256	
571047	574209	563419	569884	562535	
578721	563837	572814	572977	567930	
575372	571279	576023	578372	573093	
593256	591023	595023	589279	592140	
619512	614023	618814	612791	612721	
654465	660140	655465	649767	647953	
701419	699116	696372	696186	704814	
751814	742279	745907	736535	752419	
787930	785302	792093	783233	782488	
831302	829140	820279	816256	822628	
872349	873814	878721	876791	865256	
916721	901000	909977	913953	915953	
950140	952953	950767	955000	949605	
991977	995326	1.00142e+06	992814	994395	
1.02012e+06	1.02277e+06	1.02574e+06	1.01784e+06	1.01919e+06	
1.04698e+06	1.05986e+06	1.04907e+06	1.04228e+06	1.05242e+06	
1.06514e+06	1.0703e+06	1.06226e+06	1.06274e+06	1.07053e+06	
1.0836e+06	1.09463e+06	1.09498e+06	1.08126e+06	1.07879e+06	
1.09374e+06	1.08184e+06	1.09309e+06	1.08595e+06	1.09005e+06	
1.09772e+06	1.089e+06	1.0934e+06	1.0917e+06	1.08472e+06	
1.10647e+06	1.09849e+06	1.1013e+06	1.10084e+06	1.09198e+06	
1.09867e+06	1.09891e+06	1.11356e+06	1.10581e+06	1.09702e+06	
1.11237e+06	1.10265e+06	1.10481e+06	1.11226e+06	1.09802e+06	
1.11214e+06	1.11314e+06	1.10928e+06	1.10547e+06	1.10963e+06	
1.1173e+06	1.10874e+06	1.10751e+06	1.11256e+06	1.10107e+06	
1.11537e+06	1.10647e+06	1.09991e+06	1.10272e+06	1.0917e+06	
1.1097e+06	1.11133e+06	1.10728e+06	1.09979e+06	1.10149e+06	
1.10916e+06	1.10172e+06	1.0993e+06	1.09386e+06	1.09591e+06	
1.09756e+06	1.09491e+06	1.09309e+06	1.09867e+06	1.08588e+06	
1.09826e+06	1.08788e+06	1.09609e+06	1.09733e+06	1.08549e+06	
1.10249e+06	1.10623e+06	1.0966e+06	1.0924e+06	1.0877e+06	
1.11367e+06	1.09714e+06	1.09949e+06	1.09891e+06	1.10088e+06	
1.09795e+06	1.09398e+06	1.09151e+06	1.09895e+06	1.09463e+06	
1.07914e+06	1.08191e+06	1.08595e+06	1.0833e+06	1.068e+06	
1.08372e+06	1.0764e+06	1.08426e+06	1.07328e+06	1.07767e+06	
1.09509e+06	1.07974e+06	1.07598e+06	1.07435e+06	1.07212e+06	
1.0764e+06	1.07316e+06	1.06777e+06	1.07686e+06	1.06249e+06	
1.06795e+06	1.06233e+06	1.06249e+06	1.06367e+06	1.0636e+06	
1.06163e+06	1.06849e+06	1.06595e+06	1.06591e+06	1.0584e+06	
1.06977e+06	1.06384e+06	1.06684e+06	1.06198e+06	1.05956e+06	
1.07863e+06	1.06626e+06	1.06907e+06	1.06286e+06	1.06526e+06	
1.06795e+06	1.06719e+06	1.06426e+06	1.06642e+06	1.06456e+06	
1.06923e+06	1.06642e+06	1.06865e+06	1.05516e+06	1.0557e+06	
1.06116e+06	1.05747e+06	1.06226e+06	1.05512e+06	1.06637e+06	
1.06433e+06	1.05407e+06	1.05312e+06	1.05605e+06	1.05805e+06	
1.0543e+06	1.04907e+06	1.05295e+06	1.05019e+06	1.038e+06	
1.04907e+06	1.037e+06	1.04995e+06	1.04563e+06	1.0387e+06	
1.04772e+06	1.04995e+06	1.06279e+06	1.04151e+06	1.04756e+06	
1.0493e+06	1.03858e+06	1.04109e+06	1.03249e+06	1.04186e+06	
1.05535e+06	1.04474e+06	1.04637e+06	1.04398e+06	1.04286e+06	
1.03442e+06	1.03026e+06	1.03958e+06	1.0373e+06	1.02967e+06	
1.04691e+06	1.04005e+06	1.0346e+06	1.03947e+06	1.03974e+06	
1.03291e+06	1.0284e+06	1.03923e+06	1.03179e+06	1.02574e+06	
1.03707e+06	1.03407e+06	1.03179e+06	1.02998e+06	1.02153e+06	
1.02581e+06	1.02809e+06	1.0207e+06	1.02012e+06	1.02153e+06	
1.0247e+06	1.02851e+06	1.02633e+06	1.02193e+06	1.01614e+06	
1.0244e+06	1.02656e+06	1.02458e+06	1.02944e+06	1.02574e+06	
1.02263e+06	1.01665e+06	1.02312e+06	1.01942e+06	1.00512e+06	
1.0264e+06	1.02428e+06	1.01672e+06	1.01835e+06	1.02281e+06	
1.02533e+06	1.02528e+06	1.03095e+06	1.01965e+06	1.03253e+06	
1.02874e+06	1.03488e+06	1.02779e+06	1.0234e+06	1.02142e+06	
1.02474e+06	1.0203e+06	1.02551e+06	1.02093e+06	1.0153e+06	
1.02447e+06	1.01467e+06	1.02505e+06	1.0207e+06	1.01872e+06	
1.02293e+06	1.01156e+06	1.01584e+06	1.01607e+06	1.01021e+06	
1.01665e+06	1.00747e+06	1.00728e+06	1.0037e+06	994907	
1.0064e+06	1.00663e+06	1.0023e+06	1.0084e+06	1.002e+06	
1.00993e+06	1.00581e+06	1.00758e+06	1.00153e+06	994395	
1.01151e+06	1.00558e+06	1.00253e+06	1.00342e+06	1.00312e+06	
1.00616e+06	1.00588e+06	1.0064e+06	989047	996442	
1.00516e+06	996558	1.0067e+06	1.01051e+06	993558	
994395	1.00377e+06	1.00663e+06	1.00265e+06	1.00381e+06	
1.00458e+06	992442	1.00212e+06	1.00042e+06	1.00072e+06	
1.00037e+06	989163	995488	997140	988884	
999186	1.00388e+06	996953	985233	994326	
975977	977279	977791	979558	976279	
985465	988163	981372	968837	984419	
969698	976047	979605	976628	960977	
970651	963488	968767	971581	965953	
953070	953767	959791	955349	957047	
955279	955698	961093	949070	951419	
954535	950953	957279	955465	947558	
939000	940047	939744	936814	940163	
941326	918419	935233	919070	931372	
930326	923744	927140	918349	913209	
929093	919930	923349	915186	920465	
938000	929023	934535	929093	931558	
929488	923465	913953	918721	918116	
915767	909512	909907	913558	915721	
912372	914721	910209	918837	905814	
909674	912256	901070	908442	898186	
906395	895791	903465	895256	889698	
895326	899488	897558	897674	896209	
898186	897070	894093	895209	892093	
890047	888395	877512	875791	885116	
901837	891977	892744	890233	884837	
885186	878372	883140	883140	881186	
888349	891930	877023	886698	875977	
889163	890395	880326	875977	884116	
883372	877256	885767	873047	873279	
889465	878209	875791	864419	872860	
881605	879140	879209	877674	863442	
869698	879721	862093	872977	862256	
859326	861744	857628	857442	856814	
858093	849302	851419	852233	854349	
849070	846837	856279	848023	846488	
836581	840744	852116	849023	841814	
846558	850419	842163	840326	836767	
850070	844209	846605	847953	836698	
848605	844209	849605	851419	854814	
854279	846256	846907	853163	842093	
858163	856930	855581	849837	856860	
844140	839977	834884	838465	834884	
844744	829372	842047	835116	841209	
829326	824326	825047	821698	825047	
822465	830721	829674	823047	832302	
814302	811093	818070	810977	811326	
813140	822000	812023	813721	809442	
802651	811605	807047	797488	807558	
810791	793860	796442	802884	791047	
802302	799767	799256	793674	792907	
801419	797419	798023	793628	784535	
799419	802651	792047	785651	786163	
797535	801581	802233	804581	788860	
785930	786930	782605	779605	778605	
776140	785233	780837	776558	776628	
774674	779837	777791	780372	771047	
781884	781721	779837	773326	773977	
777209	781070	764907	772744	762209	
770814	761674	768884	773977	770163	
762256	766372	758977	756047	770698	
753930	744791	759674	745023	744977	
749535	760744	756163	757326	752070	
766535	759791	763419	756093	754930	
753279	757047	760488	762372	763605	
758395	762442	764023	756093	757674	
760791	766651	757558	752349	757442	
757395	757628	750651	752302	754233	
747023	748837	749256	740163	746837	
743209	741558	741209	755163	745209	
736047	740512	730651	738279	734419	
737814	729953	728023	732767	723860	
743256	729907	732070	731372	728791	
728837	720581	719163	717070	717349	
724791	724558	717698	715186	719581	
703279	705512	699070	698767	694837	
705233	704465	709395	705512	702930	
703651	696023	700465	696372	690395	
687744	696140	692628	688860	696302	
694721	694140	696605	688512	697767	
686116	686884	680140	680651	684465	
685186	685884	687860	678674	679140	
679023	669000	674047	665651	670744	
677953	668698	672093	667884	660558	
655233	660674	668116	656209	656860	
656628	659256	659977	651233	656744	
651233	639512	642256	637000	647419	
638116	635047	642023	636349	639814	
622326	626372	628326	624326	620744	
597023	604279	603000	598070	602535	
591628	584698	586116	587744	587349	
585884	577209	585116	583070	581953	
569465	570628	572814	561674	560209	
559442	553163	561140	552233	552581	
552628	540907	542023	536279	542256	
540209	539930	545791	539093	535279	
531605	529372	526558	535233	531186	
515419	519744	513721	518116	517233	
514302	509256	509977	504930	504395	
497651	505279	499953	508674	503465	
515116	508977	513767	511256	508907	
507628	509209	506744	505814	504279	
506791	504977	508209	500535	502233	
497256	494605	492140	497372	498837	
498651	495186	496837	493140	490047	
507860	507209	509372	503233	504744	
505279	501814	506558	503744	506163	
498070	496651	499814	494558	504581	
502395	504860	503395	501884	498651	
506163	504465	498721	494721	497186	
522628	514767	515302	522977	517070	
536465	531767	533000	528186	531605	
543488	539395	544488	541395	544907	
547767	547140	544558	541093	545419	
542605	535116	532000	533767	538628	
526953	533233	535581	532767	533419	
514651	532465	514070	518233	515116	
492372	492791	494721	494256	496721	
459442	457279	463605	457279	454977	
434814	430953	436116	436395	432349	
447419	443605	438442	441977	438814	
463767	463767	461488	454279	455093	
485930	482000	479605	477721	479535	
493140	491442	486860	490744	489395	
500767	499884	505512	491791	503279	
511837	516186	514767	505977	503814	
518163	519116	520163	514837	511372	
508860	508628	512023	510953	511140	
514186	516302	514256	509023	506326	
515651	504930	516302	511558	507093	
518884	521395	518465	508326	515070	
523558	509256	512837	510256	512651	
503047	512791	504512	505977	507512	
501279	493907	497884	495302	488442	
481837	480372	488047	481302	479302	
481233	473791	479837	480302	479419	
480302	477023	477953	473744	477791	
478837	479023	476837	480302	478023	
473047	469000	472860	468279	465535	
476093	463140	467465	463605	469163	
472395	469814	473791	476605	469233	
478605	473558	473209	476605	470512	
466698	472674	471209	465349	470279	
477442	475140	472163	476907	470163	
476372	471047	469698	463767	471163	
474512	475907	470860	472860	476907	
468233	476140	467163	470512	472279	
468767	471628	466767	462419	462186	
465535	470047	466535	468698	465535	
462186	462953	463070	462837	460791	
459256	459140	465884	461837	463651	
469977	466884	465465	463256	454163	
465070	459837	461721	451233	455326	
462535	453860	463488	464372	455977	
464721	460093	464953	457907	460372	
465349	462023	463070	467581	464767	
465837	461186	471279	466884	474326	
473326	470581	475372	470628	475605	
468047	472395	475907	464186	462651	
471628	477372	474674	469047	466884	
472395	473209	470465	473163	467419	
473326	465419	472093	464233	465186	
469930	469395	472395	467419	469233	
473860	472279	476256	467581	465535	
472860	471628	475907	474860	464488	
473442	469047	478256	469163	472163	
472512	468465	472163	471279	466930	
469977	462140	468279	463488	469163	
472326	470465	467419	468233	467698	
468767	462419	467814	462721	462837	
465070	460442	464767	458140	460326	
466698	464372	460791	461419	466767	
458442	463070	465419	470163	460721	
469814	464302	461953	457209	462884	
460953	454628	461558	456558	463186	
466070	465233	462837	463884	465767	
463372	458791	455674	457209	457744	
465767	458860	451930	455093	454512	
457140	458605	451814	457442	453233	
463070	454977	454209	458256	457628	
452814	452628	455093	460326	455977	
457791	458791	458442	459326	451930	
454581	454512	448000	454047	451767	
449302	457442	455930	449000	452860	
452279	448233	447953	448000	446605	
447116	439558	442209	436930	443326	
438628	450233	447256	437395	436744	
440512	443907	445186	437814	438047	
440907	439512	435465	441628	438163	
440674	442953	440163	441326	439558	
446884	451279	442093	446837	440512	
444488	442558	443674	435000	434535	
438860	446186	443558	438442	440442	
441442	443093	447372	436977	438395	
437209	439512	437163	438209	433465	
439047	427721	433698	431349	430651	
435000	425140	436814	434581	424744	
433814	436233	433233	434000	425837	
429372	427488	435628	430186	427140	
431465	423860	429721	424256	423860	
432070	435512	423395	423977	431000	
424512	420977	422512	421163	426326	
420860	424209	417163	416535	422163	
415349	419000	413488	412837	410372	
402581	402512	398651	395721	400651	
399698	393721	397000	395884	389791	
388558	394791	393209	387581	388860	
404209	401279	402581	404163	396651	
401930	398465	402977	397233	399884	
402349	397233	399651	402628	399116	
396535	401047	392837	390326	395488	
396837	397605	393674	393907	391023	
396023	398651	394488	394907	394907	
394953	390093	398070	396023	394674	
398953	398000	396302	389558	392372	
392721	396651	394419	392674	391977	
388209	384930	384767	379721	383651	
381581	381581	380721	377721	364465	
366302	359488	360302	360023	360721	
346140	348814	345488	345767	343326	
343023	343442	345605	344372	342721	
352581	348930	354744	354930	350884	
352698	356558	351163	356279	354209	
358023	358977	354698	355977	357140	
360721	366302	363721	362419	364000	
365419	364651	363302	362070	363372	
370977	370349	368000	370512	362070	
371860	370163	371558	371326	374372	
366930	372558	375674	374907	369977	
370628	373140	365651	375791	375791	
373791	367651	377070	367884	367814	
374326	377070	378256	371512	371860	
370814	371093	367000	376953	374860	
375140	375023	369047	371512	374093	
371814	364070	369465	371558	366186	
373977	369395	370349	363186	360907	
367814	368233	367047	369581	363535	
361488	363953	363186	357628	362070	
360488	362651	361791	362302	364767	
362186	361488	360907	364186	354930	
362140	361140	356674	360023	363302	
360186	362419	361372	355558	355860	
361140	352744	356395	351465	355093	
358791	353279	352163	354628	351884	
353047	356093	353209	355093	350349	
351628	355442	352163	352698	356674	
352047	356093	350419	351628	357023	
351698	352465	349465	350767	353512	
345256	348233	351116	356326	349070	
351512	348465	348465	348116	352279	
348233	348302	347465	343605	345372	
346837	353047	350000	344721	342140	
341256	348419	344256	347465	342256	
337442	342674	338744	340744	336395	
344791	338209	336930	337326	345302	
331419	331814	335628	335116	335860	
332349	329256	329953	327674	324488	
314000	313605	322628	318163	316349	
303395	308488	307442	304558	307791	
301698	301581	299884	299465	296884	
305558	303047	307674	302116	300884	
310372	310302	307605	312023	309837	
310791	310372	311256	301047	306674	
315814	308488	310070	314884	309209	
317512	316651	317349	309140	312186	
315116	313302	309140	312953	311488	
313535	305674	314419	308953	310721	
319395	308837	315070	311488	303860	
314419	315070	315651	311023	308721	
309256	308837	312023	314953	308605	
313116	312884	318465	314233	318930	
306907	312372	309256	308023	314070	
312419	311837	312372	311419	309953	
311372	313535	311953	313767	312837	
308558	308442	304047	307140	308442	
306140	302628	309488	300814	303628	
307605	301163	299419	305558	298767	
305442	303512	305279	302349	299302	
310419	304814	302047	303860	300814	
303628	306395	303581	301512	302047	
301814	298302	296372	300465	295767	
298814	299349	299302	297070	300698	
298651	296302	293674	292674	291837	
295651	296953	292488	292837	296953	
298116	291256	291721	290860	289674	
295767	293442	291674	290093	288442	
293605	292791	291721	295767	286930	
290558	289163	292093	287674	288674	
286860	290442	284465	287209	282814	
288093	288860	285698	288558	287279	
283395	283279	280419	281698	279605	
283349	285395	278535	288674	284116	
279256	280419	283279	285116	284512	
277791	278837	274907	282884	279837	
280953	280535	279767	276837	280535	
276953	281349	281581	277791	276605	
278721	278070	279488	276186	274721	
276558	275953	273256	276070	274256	
274023	277372	277419	273791	273791	
274791	273326	274791	268977	273093	
271279	264698	270442	263953	272628	
274488	267628	268233	266000	273326	
270628	272209	269349	268628	269093	
266651	261419	268930	264419	260791	
263070	260907	264116	264116	257721	
260837	259791	259837	261023	262535	
262070	259372	256744	253744	258558	
257093	263186	264535	255977	262419	
258488	262953	256512	254907	259442	
258837	255744	251628	257023	256256	
261372	254512	256628	258023	251977	
261256	255326	255558	251930	253047	
254674	257860	251116	257023	253442	
255512	252814	253093	256628	251628	
253209	258093	250628	248767	250884	
252465	252233	253047	251977	249651	
252047	248767	248884	249767	248186	
249814	249163	249814	253442	245605	
247535	247698	244372	250233	247233	
245721	250698	246884	247698	243721	
248349	246349	246070	241209	243302	
242907	245721	247535	242791	242605	
240860	242140	243302	240442	240023	
240023	236628	237628	239256	237442	
240209	236581	238674	237558	238860	
233163	238628	231465	233698	233349	
239628	237395	232419	233465	229372	
232814	234628	233581	233116	231116	
231930	229884	231116	227953	229372	
234047	231302	230233	227767	226186	
230884	231465	228256	224558	225907	
230698	231233	229884	227372	224605	
227767	224326	230465	222140	226070	
225093	225372	227372	225558	223907	
225209	225953	225209	225721	227372	
223628	223442	226186	224326	224209	
222628	220860	223140	223488	219093	
225140	222442	218395	226558	222279	
221093	223558	222442	224605	225791	
223488	218930	221395	217279	221628	
220558	218628	217744	218814	223093	
218465	212535	219512	216651	216116	
212651	213302	215419	214070	213000	
215000	213419	209186	212419	215581	
215814	214581	210070	212116	211837	
215767	210605	207209	214651	207674	
208256	206977	206791	205860	210023	
210070	206023	207093	206907	206372	
207256	207023	206558	201279	204977	
205674	205860	207372	205326	201814	
200698	204093	200744	201233	202279	
196349	197116	195651	200349	197698	
193651	198651	197419	199349	196116	
191674	192023	192140	194419	194023	
189674	189791	193605	191256	193721	
190837	186326	185349	185930	188791	
186442	187163	183512	182349	183814	
183465	184512	186860	180651	181186	
179186	179000	180698	178302	178488	
175372	174605	173209	174488	177023	
174907	172140	174372	173488	173605	
173977	173488	173093	173791	170442	
175442	173140	171744	171093	168628	
173721	169442	169581	170628	170930	
167977	170395	172140	168349	166930	
165535	161767	167000	164930	160302	
160256	157326	161651	158256	158837	
156256	159488	159605	157837	153442	
161651	158326	158605	159372	159070	
159721	157837	161884	160953	158256	
156744	159070	156605	160302	157605	
153977	155674	155977	157093	159140	
156558	152977	153977	155209	153395	
157140	157093	155744	155860	154907	
153674	156488	154326	154558	155093	
158070	155744	154977	153744	151814	
155023	154163	155326	155791	158442	
154907	154791	156442	154628	155674	
158256	162116	152279	156209	158558	
156674	156674	155442	157907	157605	
161651	165651	160953	156442	159605	
164465	165116	164070	165581	162651	
168395	168930	166233	167233	166814	
167512	166047	170977	168349	166814	
167279	170093	171279	173093	170093	
173674	172860	169093	172326	172140	
172628	176070	174140	168465	174605	
174326	172860	173023	171512	173326	
171907	170674	169512	170209	171442	
174140	172140	172395	170558	171674	
169581	171047	170674	166116	169395	
170442	171047	168977	167930	167465	
165465	168581	164581	164651	165535	
161884	164698	165302	160837	162605	
161605	162233	160953	158070	159302	
155209	161372	160953	157023	155023	
155558	157605	152581	153442	154163	
155279	154512	156140	152395	154047	
151860	151512	154279	149465	153279	
151581	153093	154674	151000	152930	
149233	147000	151279	151744	148186	
147419	148651	150581	147419	150349	
145000	147465	146302	147698	146767	
145651	147930	143837	148814	143302	
147884	144884	144605	145605	143953	
146000	147000	146767	140558	146651	
147884	151233	145721	150233	145488	
146581	148419	145721	148302	150047	
146070	146884	146581	146116	149000	
149512	148884	148698	147000	147930	
148930	149233	148047	148116	148581	
148000	147349	145419	149279	147535	
147930	146767	147651	147651	147000	
145488	144721	144419	145488	144140	
144372	141488	144070	140907	138907	
139488	141093	138279	141442	138977	
141256	140023	141256	136395	135512	
140674	139140	142140	140256	141721	
143186	143721	142302	142837	142023	
142256	141326	140953	141488	141674	
140442	138512	137907	141488	139326	
138512	138674	138512	136047	139488	
136674	134279	132116	131884	137093	
136860	136558	135628	135395	134628	
133349	136860	134349	134512	136093	
140209	136395	138326	139558	137047	
135465	137326	137209	135744	134698	
137977	138744	138512	135093	136744	
136744	135209	135930	132163	133860	
134395	132395	133512	135349	133349	
133163	134163	133512	132465	134047	
133581	136628	132465	135744	134860	
132651	134395	134279	132581	135744	
136326	136860	137558	132767	136930	
135977	136860	137442	137395	135465	
136674	136930	134628	137047	136628	
139791	135209	136209	138093	138558	
138512	136930	139907	136279	136442	
141093	140372	142372	143372	138791	
138326	139442	137395	143372	138512	
139744	143721	143023	143186	139442	
139628	139326	138791	139628	140093	
138744	140558	142256	140209	137628	
136395	138860	139256	135465	138558	
136674	134977	138326	135930	138140	
136209	137977	140674	134977	138977	
135209	137977	138093	136512	140023	
137326	137558	136279	135977	136558	
135930	135395	137628	134163	136209	
133744	134279	133860	132767	131070	
132814	133116	132233	132279	132767	
133698	130302	133395	133279	128605	
133000	129465	132116	130233	129465	
129953	130535	131767	128953	130233	
130651	130186	130233	129884	132698	
130651	128767	128372	130465	129186	
128256	126302	126256	127256	126186	
127070	127651	127140	126302	126372	
129186	126302	124953	126953	122093	
127070	128000	126419	125070	124023	
125186	124256	126535	124209	125907	
126488	127023	126070	125488	123093	
125674	127256	124256	125953	125442	
124605	125256	123442	124442	123605	
120744	121326	123326	122209	119814	
119326	118977	118814	118814	121209	
121744	117512	118581	116884	119326	
115814	114581	116744	116279	116279	
115047	113233	113651	111651	112884	
112302	111767	110535	110419	109953	
110186	108953	108023	109070	111140	
107023	108442	107791	105442	108907	
103977	103093	106791	104907	104093	
101814	104209	103791	101512	103674	
101744	99465.1	100395	100581	99046.5	
100116	98418.6	98651.2	98814	99162.8	
97465.1	96651.2	97581.4	95232.6	95720.9	
93023.3	93720.9	91139.5	94418.6	90604.7	
92488.4	92302.3	90790.7	91674.4	92837.2	
88744.2	89093	89325.6	89093	88558.1	
87558.1	87279.1	87744.2	86209.3	88139.5	
84814	87441.9	84627.9	84744.2	88023.3	
83860.5	83279.1	82814	85511.6	84348.8	
82116.3	79186	80186	83697.7	82046.5	
80116.3	79953.5	79116.3	81348.8	80116.3	
78372.1	77488.4	79116.3	78953.5	79116.3	
87046.5	84976.7	82511.6	83395.3	82930.2	
75186	76767.4	75023.3	76720.9	74953.5	
75953.5	72860.5	76302.3	75372.1	74441.9	
76139.5	77488.4	76372.1	74674.4	75907	
76186	75558.1	75674.4	75069.8	73674.4	
77953.5	76720.9	73720.9	77186	76604.7	
75674.4	76604.7	75488.4	74674.4	75907	
74674.4	74372.1	76604.7	73441.9	75186	
75302.3	74255.8	73325.6	74372.1	74488.4	
75604.7	74209.3	76837.2	73255.8	75372.1	
73907	74790.7	73441.9	74325.6	72372.1	
72744.2	74023.3	72790.7	73093	74255.8	
74372.1	73604.7	72744.2	72093	74488.4	
74790.7	72976.7	73907	72907	74953.5	
73907	75186	74372.1	74372.1	72604.7	
73953.5	73953.5	75372.1	74907	75069.8	
74907	75069.8	75558.1	76139.5	75558.1	
77953.5	75255.8	77720.9	77883.7	77883.7	
80767.4	79348.8	78651.2	79465.1	81302.3	
81581.4	80465.1	78651.2	79953.5	80581.4	
79418.6	81767.4	80930.2	80000	80302.3	
82116.3	81581.4	81348.8	78953.5	80302.3	
82232.6	81000	79883.7	81348.8	80883.7	
80814	81162.8	83279.1	82162.8	82930.2	
82162.8	82162.8	79883.7	81000	81534.9	
80000	80814	82511.6	83348.8	81534.9	
82279.1	80186	80883.7	81302.3	82116.3	
82814	81162.8	82000	82046.5	81930.2	
82465.1	81232.6	80418.6	80348.8	79186	
82814	81767.4	80814	79651.2	78116.3	
78302.3	79069.8	80534.9	77534.9	79651.2	
78883.7	77023.3	77837.2	77302.3	79348.8	
79465.1	77953.5	78372.1	77953.5	78720.9	
76837.2	77767.4	77023.3	78116.3	76139.5	
78302.3	75302.3	80000	79186	78651.2	
75372.1	75139.5	74953.5	77302.3	74720.9	
74023.3	76372.1	75488.4	74604.7	77069.8	
75720.9	75069.8	74558.1	76139.5	74139.5	
75069.8	74720.9	75186	74325.6	73441.9	
74325.6	74790.7	75720.9	74953.5	74139.5	
74023.3	74720.9	74720.9	76953.5	76255.8	
74837.2	74023.3	75255.8	73139.5	76255.8	
73953.5	73837.2	75953.5	74023.3	73837.2	
73139.5	73209.3	75790.7	74790.7	73488.4	
74093	72907	74674.4	73093	71976.7	
73325.6	75790.7	73558.1	71976.7	73488.4	
75488.4	74139.5	73139.5	74209.3	73953.5	
74604.7	74907	74558.1	74372.1	73139.5	
74325.6	72558.1	71860.5	74907	75302.3	
73837.2	73139.5	73558.1	73209.3	73488.4	
72488.4	72325.6	75674.4	74674.4	74720.9	
74441.9	73139.5	74093	75418.6	75418.6	
75372.1	75674.4	74674.4	74093	76302.3	
75139.5	74488.4	75186	73325.6	74209.3	
76767.4	74441.9	75558.1	73720.9	74604.7	
72674.4	73209.3	72860.5	76023.3	72860.5	
72255.8	73837.2	72558.1	72139.5	73093	
70627.9	72604.7	73907	71627.9	74720.9	
75907	74023.3	73674.4	71907	73093	
74953.5	74023.3	75837.2	75418.6	73604.7	
74558.1	74674.4	73558.1	74558.1	73209.3	
73139.5	73837.2	74488.4	75558.1	73674.4	
75255.8	74139.5	74325.6	73441.9	74488.4	
73093	72139.5	72209.3	71209.3	71674.4	
71325.6	71209.3	70279.1	69325.6	72790.7	
72209.3	71790.7	70860.5	72093	70558.1	
72558.1	73372.1	72744.2	72674.4	71139.5	
73953.5	73720.9	75023.3	71511.6	72744.2	
72372.1	74023.3	70209.3	73907	71907	
72790.7	72023.3	73441.9	70395.3	71674.4	
71744.2	71023.3	71139.5	73674.4	71744.2	
72604.7	71395.3	73372.1	69860.5	72372.1	
73790.7	71209.3	73139.5	73604.7	71744.2	
71790.7	72744.2	73209.3	70674.4	69209.3	
71558.1	71511.6	72093	71395.3	71907	
71511.6	71860.5	72860.5	72325.6	72093	
70744.2	71093	72325.6	70209.3	71558.1	
71558.1	71325.6	71860.5	72558.1	69976.7	
72209.3	71511.6	73255.8	70976.7	71395.3	
72907	68581.4	70976.7	72372.1	72488.4	
69627.9	72255.8	71093	71790.7	71209.3	
69930.2	70558.1	69325.6	69325.6	69162.8	
70907	72325.6	71558.1	71558.1	72023.3	
71511.6	71976.7	72744.2	71093	71325.6	
70790.7	70860.5	72255.8	69930.2	73139.5	
70558.1	71860.5	70790.7	68465.1	69441.9	
72558.1	71279.1	72139.5	72255.8	72209.3	
70744.2	73093	69976.7	72907	70325.6	
72558.1	68209.3	71627.9	70790.7	71860.5	
70558.1	71395.3	69395.3	70325.6	71279.1	
71511.6	70860.5	70325.6	71511.6	70790.7	
68627.9	67860.5	69558.1	70209.3	69976.7	
68976.7	70860.5	70395.3	70674.4	69511.6	
71209.3	71860.5	69209.3	71139.5	70279.1	
69976.7	71093	70441.9	71395.3	71023.3	
69976.7	70907	71976.7	68697.7	69976.7	
71093	72023.3	70395.3	69674.4	72372.1	
69860.5	70441.9	71279.1	68511.6	70395.3	
68279.1	69814	71976.7	70511.6	71209.3	
68860.5	71860.5	70511.6	71441.9	71139.5	
69325.6	71093	70441.9	71860.5	70511.6	
70093	70790.7	70674.4	69511.6	70279.1	
69279.1	72139.5	71023.3	71511.6	71627.9	
70674.4	71441.9	70209.3	71907	69930.2	
72488.4	70976.7	70860.5	70395.3	69558.1	
71209.3	71860.5	71209.3	70511.6	70162.8	
69511.6	71860.5	71325.6	69441.9	71674.4	
70162.8	72860.5	70441.9	69744.2	69325.6	
71325.6	69325.6	69209.3	70046.5	71139.5	
71976.7	69209.3	70325.6	70441.9	68395.3	
70860.5	68744.2	70860.5	70511.6	69860.5	
69674.4	71093	70558.1	70441.9	70744.2	
70093	69674.4	71093	68860.5	69558.1	
73023.3	70162.8	70441.9	69930.2	70279.1	
68093	69162.8	70907	70627.9	68744.2	
70790.7	70325.6	71395.3	70627.9	70325.6	
69511.6	68697.7	69744.2	68860.5	68744.2	
69395.3	70325.6	68325.6	68279.1	69325.6	
70860.5	69627.9	67930.2	71279.1	69814	
70395.3	70325.6	70395.3	68697.7	69744.2	
71744.2	70209.3	70279.1	71511.6	69744.2	
72488.4	71976.7	71325.6	70627.9	69279.1	
68697.7	69395.3	71558.1	71511.6	70860.5	
71627.9	70790.7	70162.8	70441.9	69325.6	
71395.3	70441.9	72441.9	71744.2	70279.1	
71139.5	69674.4	70279.1	71395.3	72023.3	
72790.7	71744.2	71744.2	72209.3	69558.1	
71139.5	69976.7	72674.4	73604.7	71023.3	
72139.5	70209.3	71279.1	71558.1	70860.5	
72372.1	70744.2	69627.9	71744.2	70046.5	
71790.7	69511.6	71558.1	72372.1	72674.4	
70395.3	72441.9	70209.3	71511.6	70046.5	
71441.9	71558.1	71023.3	69976.7	70790.7	
72139.5	69930.2	69744.2	70674.4	73255.8	
70279.1	70279.1	69511.6	71139.5	70976.7	
69860.5	71674.4	70325.6	70860.5	70790.7	
68465.1	72325.6	71325.6	71511.6	69441.9	
70511.6	69976.7	71023.3	68744.2	69627.9	
70511.6	69511.6	70279.1	70627.9	69441.9	
70860.5	70744.2	67930.2	70511.6	69930.2	
71139.5	70046.5	70907	70907	68930.2	
70093	67000	67976.7	69860.5	68697.7	
70744.2	68279.1	66232.6	69046.5	70441.9	
67000	68162.8	68744.2	68581.4	69279.1	
66000	68395.3	68627.9	66744.2	67976.7	
69209.3	68511.6	69930.2	68046.5	69744.2	
66814	66395.3	68093	67395.3	68581.4	
67116.3	69046.5	66395.3	69209.3	66511.6	
66511.6	69093	68814	65930.2	69558.1	
66046.5	70279.1	67232.6	67697.7	66814	
66930.2	67976.7	67279.1	66814	65116.3	
67162.8	65395.3	68395.3	66511.6	69814	
67279.1	65581.4	67162.8	65883.7	68860.5	
67814	66162.8	67116.3	67162.8	67814	
68162.8	68046.5	67697.7	66162.8	65162.8	
67348.8	66814	67511.6	67162.8	65697.7	
68744.2	66814	68627.9	67814	67000	
65651.2	67348.8	65581.4	66814	67465.1	
67511.6	66581.4	67511.6	66627.9	66116.3	
68162.8	67395.3	66860.5	65883.7	66116.3	
67744.2	65046.5	67511.6	67465.1	66465.1	
67627.9	65534.9	66860.5	66814	67930.2	
66000	65767.4	65000	66581.4	67232.6	
64697.7	65534.9	67279.1	65279.1	65534.9	
65000	66395.3	66232.6	66232.6	67976.7	
64814	66046.5	64930.2	68627.9	65465.1	
65465.1	66511.6	65162.8	66116.3	67232.6	
65697.7	66511.6	65883.7	66814	66744.2	
65162.8	65465.1	65651.2	67000	67000	
67511.6	64581.4	65697.7	66395.3	66116.3	
65930.2	64767.4	65395.3	66279.1	64814	
66348.8	66860.5	67162.8	64581.4	64767.4	
66348.8	67348.8	65534.9	67395.3	66511.6	
64814	64465.1	64116.3	65232.6	65814	
66581.4	64418.6	66930.2	64930.2	64000	
67279.1	66232.6	66930.2	66627.9	65697.7	
64814	68325.6	66511.6	64046.5	67976.7	
66697.7	65651.2	65000	64302.3	65000	
65348.8	65767.4	64534.9	65651.2	63814	
65651.2	65581.4	67232.6	63651.2	65162.8	
62953.5	65116.3	67465.1	63302.3	64581.4	
64767.4	64302.3	64046.5	63883.7	65395.3	
65348.8	64697.7	65162.8	66581.4	66000	
64767.4	68046.5	65767.4	64581.4	64697.7	
64116.3	65581.4	66046.5	64651.2	65651.2	
65116.3	67000	65116.3	64348.8	66744.2	
67511.6	66116.3	66348.8	64046.5	64697.7	
62767.4	65279.1	64581.4	64465.1	64302.3	
64348.8	66465.1	66279.1	64767.4	63883.7	
64883.7	65000	66395.3	65232.6	63767.4	
64767.4	64767.4	67232.6	64186	64767.4	
65767.4	66465.1	65534.9	63418.6	63534.9	
65814	64302.3	63000	63767.4	65767.4	
66511.6	63465.1	63814	64348.8	65232.6	
65116.3	64000	64465.1	66348.8	64697.7	
64697.7	63883.7	64767.4	64302.3	64348.8	
64651.2	61953.5	62534.9	64302.3	64581.4	
63000	63534.9	64651.2	63302.3	64534.9	
64651.2	63116.3	64116.3	63697.7	63767.4	
62883.7	64232.6	63534.9	63651.2	64581.4	
64930.2	63930.2	63069.8	63418.6	63697.7	
64534.9	63883.7	63930.2	64697.7	63930.2	
64418.6	64465.1	65000	66000	64232.6	
61953.5	61651.2	64418.6	63348.8	62953.5	
63302.3	62837.2	64465.1	63116.3	64767.4	
64930.2	64046.5	62232.6	62883.7	64046.5	
62116.3	61953.5	62883.7	62720.9	64186	
62302.3	63767.4	63302.3	62186	64348.8	
65534.9	67860.5	65930.2	64697.7	65116.3	
62465.1	62953.5	61302.3	63069.8	62720.9	
64116.3	62953.5	63232.6	61186	64116.3	
62581.4	62465.1	63651.2	62302.3	62767.4	
65697.7	63069.8	62953.5	62837.2	63465.1	
63930.2	60418.6	61534.9	64465.1	62651.2	
61116.3	63697.7	64046.5	63418.6	62883.7	
63116.3	62883.7	61488.4	63883.7	62767.4	
61302.3	62186	64767.4	63581.4	63930.2	
63069.8	62348.8	64046.5	62000	64418.6	
61116.3	63116.3	62651.2	63302.3	64465.1	
62534.9	60418.6	60953.5	61116.3	62720.9	
62116.3	63534.9	63534.9	61488.4	63116.3	
61720.9	61534.9	63069.8	61651.2	63232.6	
62116.3	61651.2	62581.4	62418.6	62418.6	
63116.3	61883.7	62000	61883.7	62116.3	
60767.4	61604.7	63418.6	63697.7	62418.6	
62000	62116.3	62581.4	64930.2	61534.9	
61534.9	63116.3	64000	61767.4	63581.4	
62116.3	63186	62837.2	63069.8	60139.5	
61767.4	61767.4	64302.3	61651.2	62465.1	
60720.9	62534.9	62302.3	60651.2	62581.4	
61953.5	61651.2	61418.6	61069.8	62651.2	
64302.3	62581.4	61651.2	61953.5	60372.1	
63186	61720.9	61418.6	62000	60418.6	
60069.8	60418.6	62581.4	62116.3	62069.8	
61186	61000	62302.3	63000	62465.1	
61069.8	61767.4	61767.4	60883.7	61651.2	
62581.4	61069.8	62581.4	62953.5	61488.4	
63465.1	61069.8	63069.8	60069.8	60651.2	
62720.9	61000	62116.3	63186	61255.8	
61651.2	62116.3	62069.8	62767.4	62883.7	
62883.7	62069.8	61116.3	60302.3	60255.8	
60604.7	62186	62232.6	62651.2	60372.1	
60651.2	63000	60837.2	60953.5	61953.5	
61255.8	62837.2	61767.4	62302.3	62348.8	
60720.9	61883.7	61837.2	61000	61186	
61302.3	61604.7	61488.4	62953.5	60604.7	
62302.3	61767.4	61488.4	60720.9	60069.8	
60767.4	61372.1	59953.5	60837.2	61186	
60953.5	59186	60534.9	62651.2	61767.4	
60372.1	62232.6	62186	62348.8	62348.8	
60883.7	60767.4	60837.2	59023.3	62767.4	
59604.7	61953.5	63069.8	58953.5	62465.1	
59907	61720.9	60651.2	61488.4	63069.8	
61186	61488.4	62232.6	62720.9	61372.1	
60534.9	60534.9	61186	60139.5	60720.9	
60883.7	61883.7	59953.5	59604.7	61720.9	
60372.1	61767.4	60953.5	61000	59488.4	
59953.5	61418.6	60302.3	59651.2	60720.9	
60604.7	61069.8	60651.2	61000	63116.3	
60255.8	60255.8	60953.5	59837.2	62232.6	
61604.7	60488.4	60767.4	59907	60372.1	
61837.2	60069.8	59767.4	59907	62069.8	
61720.9	59418.6	62116.3	61116.3	61418.6	
59720.9	61116.3	60302.3	61418.6	61186	
60255.8	60255.8	60837.2	61883.7	62534.9	
60883.7	60023.3	59651.2	62186	61372.1	
60302.3	62720.9	60604.7	59488.4	59837.2	
60372.1	60651.2	61883.7	60302.3	60488.4	
60302.3	59372.1	60720.9	60023.3	61069.8	
61534.9	60720.9	60651.2	60023.3	59255.8	
60767.4	59651.2	59255.8	60255.8	60651.2	
60837.2	60651.2	59720.9	61372.1	60372.1	
61000	59139.5	61302.3	58953.5	59069.8	
61069.8	60488.4	61302.3	61651.2	59953.5	
61372.1	61418.6	59604.7	59651.2	59953.5	
62116.3	62069.8	59023.3	59651.2	61372.1	
61604.7	59488.4	61116.3	60651.2	61488.4	
60604.7	61069.8	61837.2	59953.5	61302.3	
62186	60488.4	60069.8	60488.4	59023.3	
60767.4	60372.1	61302.3	59488.4	60651.2	
60139.5	59837.2	59953.5	61837.2	61372.1	
61000	60534.9	61116.3	61116.3	62953.5	
61604.7	60651.2	59255.8	59023.3	60534.9	
62000	60255.8	60488.4	61651.2	61000	
60372.1	61000	61372.1	61000	60302.3	
59953.5	60255.8	61604.7	61720.9	61000	
59953.5	60255.8	61604.7	61720.9	61000	
59953.5	60255.8	61604.7	61720.9	61000	
