414.634	414.634	414.634	414.634	414.634	
696415	696415	696415	696415	696415	
52048.8	51926.8	53853.7	51634.1	53048.8	
50097.6	51195.1	50512.2	49609.8	49487.8	
51512.2	50341.5	50707.3	49414.6	51268.3	
50951.2	51512.2	48317.1	49780.5	50829.3	
49536.6	51390.2	51268.3	50951.2	49365.9	
50024.4	50707.3	52682.9	50756.1	49658.5	
50951.2	50268.3	51195.1	51317.1	50756.1	
52170.7	50585.4	49780.5	52122	49975.6	
51512.2	50219.5	52048.8	51317.1	51439	
50585.4	51024.4	51561	50756.1	50463.4	
52170.7	51268.3	49536.6	51439	52609.8	
52609.8	53048.8	53585.4	52561	51804.9	
53463.4	51926.8	51073.2	52243.9	52609.8	
52926.8	53463.4	53902.4	54390.2	52853.7	
53414.6	54634.1	54634.1	53658.5	53975.6	
55073.2	54756.1	55756.1	52731.7	54585.4	
54463.4	53536.6	53585.4	53536.6	54512.2	
55756.1	55926.8	54390.2	55634.1	56048.8	
56926.8	55512.2	57414.6	53853.7	54951.2	
56804.9	55926.8	56170.7	55439	55756.1	
56292.7	57219.5	58073.2	56853.7	56804.9	
62024.4	62024.4	62829.3	61146.3	61414.6	
73707.3	71731.7	72658.5	74878	73146.3	
77146.3	74682.9	75780.5	75000	73829.3	
75731.7	74073.2	76146.3	73073.2	76146.3	
74878	74926.8	76097.6	75000	74243.9	
77829.3	76097.6	76414.6	75780.5	75780.5	
77634.1	78000	76146.3	75048.8	79487.8	
76902.4	76414.6	76219.5	76097.6	75122	
77195.1	78439	75658.5	76829.3	76024.4	
79097.6	76658.5	78000	76829.3	76829.3	
79243.9	79097.6	75780.5	77317.1	78195.1	
80097.6	78561	78122	79292.7	76341.5	
80951.2	78731.7	78195.1	79609.8	79243.9	
79048.8	77707.3	78609.8	75170.7	78317.1	
78365.9	78609.8	78926.8	78609.8	76902.4	
80512.2	79243.9	77829.3	79487.8	77829.3	
79731.7	79243.9	80341.5	77390.2	77634.1	
78439	80780.5	79536.6	79487.8	77439	
79243.9	79902.4	78853.7	78853.7	78975.6	
78487.8	80097.6	77561	78975.6	79975.6	
79731.7	79536.6	78243.9	78073.2	78365.9	
79414.6	80268.3	78365.9	79097.6	79853.7	
77951.2	78000	77634.1	78682.9	77073.2	
75487.8	76829.3	76414.6	76414.6	77561	
77707.3	77390.2	79609.8	78561	78317.1	
82243.9	81561	78804.9	79975.6	80341.5	
83219.5	82804.9	81804.9	83170.7	80219.5	
78561	82975.6	80707.3	81268.3	81073.2	
78439	77634.1	76414.6	79097.6	75292.7	
79536.6	79365.9	79487.8	80219.5	77756.1	
77756.1	80219.5	78853.7	78682.9	79853.7	
77634.1	77756.1	78975.6	77951.2	79170.7	
79975.6	80341.5	77829.3	80829.3	78243.9	
78439	78975.6	78853.7	81561	78682.9	
79243.9	78487.8	80024.4	78561	78439	
78926.8	79170.7	80463.4	74609.8	79975.6	
80341.5	78561	78926.8	79536.6	80024.4	
78926.8	80341.5	78975.6	79487.8	76463.4	
80634.1	78561	79609.8	78609.8	78804.9	
77707.3	79292.7	79487.8	78975.6	80902.4	
80390.2	77073.2	80024.4	79731.7	79414.6	
79853.7	79243.9	79048.8	78975.6	77512.2	
80024.4	78853.7	80146.3	77951.2	78926.8	
81268.3	79731.7	80097.6	79365.9	79975.6	
81024.4	79731.7	82000	79780.5	79414.6	
82243.9	81317.1	81682.9	80512.2	78317.1	
80585.4	80024.4	82561	81512.2	79780.5	
82926.8	82195.1	81756.1	80780.5	81268.3	
80951.2	80024.4	81073.2	80219.5	79902.4	
82439	81024.4	81195.1	80829.3	81268.3	
84146.3	80585.4	81024.4	79731.7	81195.1	
83780.5	82317.1	79487.8	78365.9	80341.5	
81390.2	80390.2	82195.1	79243.9	82317.1	
83097.6	82682.9	82439	83585.4	78561	
82365.9	82317.1	81146.3	82926.8	79853.7	
82243.9	79097.6	79609.8	82853.7	81146.3	
83658.5	84512.2	82122	79731.7	83292.7	
82487.8	82853.7	82122	78561	79097.6	
83853.7	82365.9	80902.4	82000	81926.8	
85682.9	82439	81634.1	83097.6	81561	
81561	82682.9	81682.9	80780.5	81390.2	
81146.3	84024.4	81268.3	81878	81682.9	
83536.6	81756.1	83341.5	80829.3	82048.8	
81146.3	84097.6	80512.2	82439	79902.4	
82682.9	80512.2	80780.5	81024.4	81317.1	
83170.7	82853.7	81268.3	81439	78804.9	
82487.8	82317.1	81317.1	80634.1	82975.6	
81804.9	79853.7	79536.6	80219.5	81195.1	
80780.5	81146.3	81317.1	79780.5	79658.5	
81634.1	82317.1	80585.4	79365.9	78975.6	
82609.8	82487.8	82195.1	81878	80463.4	
78243.9	81561	81926.8	81512.2	78365.9	
81317.1	81926.8	80585.4	83341.5	80146.3	
80951.2	80780.5	80463.4	80463.4	80634.1	
80512.2	82439	84024.4	80951.2	81756.1	
81512.2	81682.9	80902.4	80780.5	79658.5	
84585.4	82317.1	82000	81195.1	84024.4	
81926.8	83341.5	82682.9	82975.6	84341.5	
83975.6	83170.7	83975.6	83975.6	84463.4	
86122	85073.2	82317.1	83585.4	84268.3	
86365.9	84341.5	82853.7	83414.6	83463.4	
87048.8	84878	85000	85439	83048.8	
86170.7	85439	83975.6	84024.4	83853.7	
83292.7	86804.9	83170.7	83414.6	84268.3	
87902.4	84829.3	83292.7	84829.3	84512.2	
84341.5	83731.7	84097.6	85073.2	82048.8	
84219.5	84951.2	84024.4	81195.1	84146.3	
84146.3	85390.2	80951.2	85634.1	80780.5	
83170.7	83341.5	84951.2	83463.4	83902.4	
84634.1	82975.6	83780.5	84097.6	83658.5	
82609.8	85512.2	83731.7	85317.1	81195.1	
83902.4	84024.4	82804.9	84097.6	80902.4	
83341.5	81268.3	84097.6	82000	81561	
81878	83341.5	82439	82317.1	82365.9	
84585.4	80707.3	82317.1	81634.1	83731.7	
82975.6	80829.3	83536.6	82731.7	80780.5	
81634.1	82682.9	80463.4	80634.1	81268.3	
82731.7	83780.5	82609.8	83170.7	78609.8	
84219.5	82487.8	83585.4	83292.7	83341.5	
83341.5	83975.6	83414.6	82853.7	82439	
84268.3	83536.6	85878	83780.5	83658.5	
84707.3	84585.4	85195.1	83731.7	87219.5	
85756.1	86243.9	84219.5	85073.2	87341.5	
84878	84512.2	84707.3	85000	85439	
87780.5	85634.1	85439	85073.2	83853.7	
87829.3	84268.3	84951.2	85512.2	82243.9	
87097.6	87170.7	83780.5	83170.7	86975.6	
85634.1	85512.2	83658.5	86536.6	85804.9	
86170.7	85634.1	85878	86975.6	86853.7	
87780.5	88878	88073.2	86682.9	85926.8	
85682.9	90048.8	86122	87097.6	87097.6	
87048.8	88707.3	87463.4	86170.7	86731.7	
88390.2	87585.4	87292.7	87414.6	88512.2	
90170.7	90731.7	87414.6	85878	90365.9	
91097.6	91170.7	89000	88829.3	87097.6	
90414.6	89487.8	88512.2	89000	89878	
90365.9	90536.6	89682.9	90902.4	88585.4	
92756.1	90365.9	89487.8	90170.7	88146.3	
91902.4	89634.1	89926.8	89000	87585.4	
89561	89073.2	87292.7	90122	87170.7	
87463.4	87658.5	86048.8	88146.3	87585.4	
87219.5	86804.9	85756.1	86243.9	85561	
88634.1	87951.2	86682.9	85878	86853.7	
87463.4	86853.7	86853.7	86414.6	84829.3	
88512.2	87902.4	85804.9	85268.3	87707.3	
84878	88463.4	85804.9	89682.9	85561	
90048.8	88390.2	88707.3	88341.5	87536.6	
92024.4	90902.4	89439	90000	87780.5	
90170.7	89122	88146.3	89073.2	89122	
89365.9	89804.9	91707.3	91902.4	85512.2	
91951.2	88829.3	90487.8	89439	87780.5	
90365.9	92146.3	91292.7	90487.8	88146.3	
89243.9	90048.8	90170.7	88390.2	88878	
89561	91536.6	91024.4	91097.6	89317.1	
91292.7	94902.4	93317.1	90902.4	90536.6	
94536.6	91829.3	94414.6	92878	94658.5	
99390.2	95829.3	96390.2	95146.3	95951.2	
98731.7	99707.3	97048.8	98170.7	98414.6	
100683	101171	97487.8	98902.4	99097.6	
101537	102415	104439	97926.8	98609.8	
104927	101854	101537	101000	101805	
103756	105171	101049	101683	102049	
103098	104195	102220	104366	103024	
103707	105537	102463	102049	101927	
105732	105049	105780	104756	105000	
104439	105976	104878	104439	104366	
106220	108000	103756	106902	105000	
108195	110098	104561	105537	104634	
104805	107707	104317	107195	106415	
108805	106585	104488	103756	106951	
108000	108073	105780	107512	107024	
105976	106707	107195	107268	105488	
106341	108000	105244	103024	107634	
109049	104634	104756	106098	105659	
110220	106171	105732	106341	108317	
106829	110585	107073	106829	108073	
107951	106463	105244	107439	107707	
110463	107439	105732	109780	107512	
107878	110463	109049	108976	108854	
109171	108732	106829	105049	107878	
112317	107878	108976	108732	104683	
110512	110780	107195	110512	109049	
112732	111634	111146	109732	109049	
113902	111268	112927	111878	108122	
114220	112732	112805	113098	113537	
110829	111317	112854	111390	111439	
115512	116122	112732	110951	111317	
115878	114341	117171	111024	112683	
116293	117463	112854	113341	113171	
116000	111927	113049	115439	113902	
112439	116000	114341	113341	115927	
117341	114341	116488	115317	113537	
119634	117415	117951	116732	118268	
118634	119683	119634	118146	116049	
119439	121951	118463	119195	121220	
119756	120902	118878	121707	119561	
121098	119244	120415	119244	120780	
124610	120293	119805	121780	119634	
122512	120780	119683	121293	120488	
124854	122195	121415	121171	122439	
127000	125951	123122	123683	120122	
125829	124780	124000	123317	121707	
128415	123927	123073	125659	123000	
125780	125146	124488	124659	124537	
125463	125537	123732	125585	123073	
126683	126268	126073	127244	124366	
129512	128293	126390	125220	126512	
130439	128610	128780	125268	127610	
130146	128610	128854	127244	124854	
130073	128171	128220	126927	126439	
128610	131488	128780	128780	127073	
131244	128780	129220	128341	128659	
133220	129098	127195	131610	127366	
131171	131293	129341	128293	133098	
136098	129585	132707	130439	129220	
134756	135171	134317	131610	131366	
135293	134927	134683	134512	130317	
138244	132659	133634	133756	132171	
138854	135244	135122	135537	131927	
137390	135854	131366	136780	135780	
141268	137756	136585	135610	137073	
137073	138122	136415	136220	136341	
136341	138854	137512	135366	133220	
137512	135488	136537	136707	133707	
141439	139854	141024	139171	134878	
139854	138073	138000	135659	135171	
141439	140341	136659	138073	137756	
142561	142927	138561	140707	139244	
139293	141878	139537	138073	137146	
140659	141439	142439	141024	138488	
141805	142683	142122	139366	139122	
145561	144634	140951	140585	140390	
144634	143854	140585	143220	142122	
143415	142610	142195	140951	142927	
148024	146683	144585	143537	141268	
147098	144829	140659	139854	146366	
143976	141878	142244	141439	140659	
143098	144829	140829	140098	141512	
143341	138683	138439	139415	139537	
142610	141195	139537	140951	137878	
139659	137463	136707	138122	135976	
140220	137317	137512	133878	136829	
135488	133756	135415	136049	137634	
141024	141146	138073	134122	139122	
139293	139537	138366	140146	138244	
146561	143488	142610	141951	139049	
150732	144024	146439	144024	144756	
151829	153805	152146	148634	151902	
153610	152195	152268	151293	153244	
159390	156683	154122	153317	152195	
161171	158902	155659	155780	155098	
155537	158659	156439	152146	157317	
160024	157561	155951	152756	154732	
158902	162171	160073	158976	158366	
160683	162415	160390	160756	155537	
164317	159951	160683	161366	159390	
162976	163268	161927	158780	162585	
166902	169610	167463	162902	163878	
169659	168366	166707	169366	166585	
170098	173171	168439	163220	168122	
168073	173049	166902	162537	165244	
171439	168073	166171	165415	166220	
167634	172317	168683	165415	165780	
165122	168244	165610	166537	163220	
169610	167073	166098	166659	163951	
169976	165415	167024	164390	165488	
175073	168878	168000	165537	166951	
175512	171683	167707	169366	165854	
172927	169902	170585	168317	171073	
173780	174268	171829	175146	166780	
177780	174634	174951	175268	174341	
177415	178829	175439	169537	172366	
179927	178756	179268	176976	178463	
184293	184293	182390	178098	178585	
183244	184976	181780	179756	181585	
188098	184415	182634	184610	184415	
184854	185902	182146	184122	186268	
185707	187732	186390	186829	182634	
189902	190634	188171	186268	186756	
189951	188488	187488	187732	182146	
191683	189707	184732	184732	180732	
191488	187000	183000	187561	183000	
188976	190268	185146	184732	184976	
189220	194122	186878	182146	186951	
190756	188415	187805	186317	186439	
191732	189634	189220	185780	183195	
195293	192976	188244	190512	186878	
190146	185829	190439	185293	187000	
195537	194561	188854	193707	188098	
192463	196463	195805	194195	191927	
199122	195000	196780	193707	195000	
196951	195415	198244	199366	191171	
206805	199610	196537	195171	198000	
204098	198317	201512	196902	197951	
202073	201146	198439	197756	195537	
206122	205805	200780	199732	196098	
206561	205024	199902	203659	198488	
203854	208463	206805	206488	205073	
206439	207854	205024	199244	196220	
210171	209268	205439	203098	209146	
209878	208146	202927	202488	203659	
205195	206122	203488	202488	202244	
208268	205512	199780	200220	201634	
202439	201634	200098	195366	197707	
202561	201756	197268	192537	196049	
203293	201073	198561	200463	196098	
200341	198439	195049	197878	195927	
204220	205878	199732	200659	195854	
202366	203244	201195	199854	200780	
209073	207854	203976	203488	207537	
206854	204268	205146	203732	201073	
207854	210732	204341	200585	203171	
211293	209000	205073	204463	200463	
211829	215463	210854	206976	210049	
213927	210488	208951	208951	208268	
210488	210537	210244	204512	203780	
209512	204341	210854	204146	212220	
216268	208512	210976	204902	206049	
209683	213073	208829	209317	205927	
211220	209000	202561	207854	202976	
213439	208878	205683	208951	203415	
213439	206561	205390	204951	202610	
213244	215024	205195	209390	203732	
212146	210683	207415	202854	205878	
216634	212707	211902	208390	210049	
216146	218902	212756	208463	212829	
212829	214171	211463	207585	210976	
217610	221488	213634	207463	208829	
220878	217805	215951	214293	212707	
216268	213927	215585	212878	213683	
219829	221195	218122	210805	212878	
218902	212829	213439	217488	213927	
218610	215707	221732	212756	211341	
218976	215220	214293	213634	211707	
215098	218976	216195	213634	213317	
218366	218415	216146	211585	209561	
223634	218780	219098	207976	213561	
219707	219220	214366	216268	214000	
223098	215780	218537	212512	210122	
218902	214854	215659	215951	211171	
218610	214659	214780	217439	214049	
220756	217805	212585	213878	211780	
223098	218659	216439	216439	216024	
224268	223098	214366	215659	214488	
222902	224805	221195	214902	216317	
226707	225122	214854	219341	216829	
223707	224439	218659	217317	218244	
225854	226707	223268	222415	220512	
225610	223024	223341	220927	217732	
227878	227220	219512	224146	219780	
227098	224073	216829	218488	219902	
228122	227878	225244	217195	216317	
232317	230024	225976	225049	223585	
233293	230780	224634	227878	225683	
228244	230780	227634	225805	223829	
236366	233854	229732	235634	230415	
239317	238707	235927	231756	230707	
242390	238951	232366	232854	235561	
238707	246195	240293	236244	234390	
239146	240683	236854	233732	234585	
246756	243195	238024	235561	236805	
241951	246317	237976	237098	237659	
246439	246951	242585	240976	238512	
242268	245293	242829	240049	239024	
249780	247927	240610	250512	240854	
252220	253146	247244	244537	244171	
252659	253585	247073	249585	246195	
250439	256976	246195	245537	246024	
260171	258244	247683	243195	246878	
261073	253878	250634	252854	250024	
254561	250878	250390	250878	249220	
265268	256463	254561	254878	250683	
262317	263244	260171	256415	258244	
269878	265805	260537	261878	258073	
272634	260707	263366	261878	256780	
272098	269268	263732	261268	256780	
271537	271098	262854	264268	262927	
280146	278171	270366	266244	264707	
279902	279707	274366	274049	265390	
273756	276756	270000	269146	269146	
281610	280951	268951	271293	267902	
280317	281000	279585	273878	274780	
284390	287463	281976	273634	274122	
286707	280878	279415	273244	276390	
291146	285805	279585	275220	277073	
287463	279902	282366	283146	277317	
286463	281366	283146	277439	274366	
292439	287463	283463	283829	282732	
289927	288439	280683	283390	281683	
287098	279707	280073	280683	275585	
286707	286707	280561	278415	275341	
282902	280805	275220	275049	276707	
274171	274293	271902	268512	266732	
280805	277732	269683	267610	267098	
271659	259122	262488	263659	258756	
271976	266927	264341	262000	260341	
274366	274537	263244	263171	260415	
275780	270805	271293	267902	262805	
276878	277195	271537	269756	273439	
288244	280756	278415	273927	276390	
291634	289488	285610	281732	283707	
295268	291585	290098	284390	290415	
298463	295317	294220	289488	287878	
304805	300122	297049	292732	295829	
309585	303000	297780	294707	295195	
311683	304927	298829	309537	297610	
311488	307927	302390	294902	299878	
311122	307756	304000	301854	302390	
310268	308049	304171	300171	295561	
312171	308000	304659	302146	296732	
307805	309220	304171	302634	302829	
310878	303195	300317	301976	299195	
313146	307073	307122	305341	298951	
313341	312732	307610	309780	308122	
316049	317634	309341	303756	308049	
318878	313341	313268	307317	310390	
317341	316976	310829	310561	311244	
325268	328220	314756	316780	308293	
326561	323049	318561	314195	319293	
337244	327610	329512	322122	315561	
334854	325317	317585	316780	315488	
329561	327659	320171	321024	323293	
331293	332390	324829	326439	322317	
341073	332756	328098	328829	325756	
328341	334683	324585	324220	321878	
333512	328512	322195	323000	323122	
331220	332268	323854	324293	323902	
330366	329927	325561	323171	321707	
331341	336146	330732	328024	324659	
334805	337366	324707	327244	323976	
333561	334927	329146	331171	322244	
333805	332951	327293	326610	323244	
340146	328463	331341	323976	321512	
337683	340829	326927	330000	318439	
330927	336024	325268	323293	321829	
327854	328659	323293	321341	323659	
335829	335415	327902	322244	324537	
336024	334000	323049	321073	319732	
332707	334415	330683	324585	324585	
337195	338049	331171	327488	324024	
345976	338171	331293	333878	331220	
341488	340195	335585	329195	328098	
341732	339098	330561	331659	332951	
346610	344146	339415	338000	337244	
351390	349732	340756	340878	339902	
350902	351756	339098	339780	336634	
361415	353659	346171	347146	340317	
357976	358268	349049	349610	346732	
364366	361171	358146	350951	350707	
369829	364415	356976	366390	353244	
370829	369537	360366	361049	355439	
376537	376098	363512	366341	357537	
375683	367122	358341	354659	360976	
372732	374683	364854	365049	361732	
377220	376976	367561	362098	361659	
375732	371488	364854	370073	365707	
377341	376780	371805	367195	366024	
387732	377098	372171	372171	368366	
385390	384537	383049	380463	371073	
391610	390976	381585	378390	372610	
397512	397683	384780	384829	378317	
396220	398366	388902	387902	385268	
401610	400756	392512	388951	394561	
408927	402366	393634	393927	384951	
409244	406488	392268	395341	393195	
411707	405488	399049	400195	387610	
421732	411390	405927	404073	400756	
426146	417122	413000	406659	408146	
422829	417293	409488	407585	407024	
426390	421854	412244	407268	407098	
426146	424049	410463	412195	411756	
424171	420610	409122	415585	404805	
427122	424439	425585	416366	415634	
435561	432171	420488	426951	416927	
442634	433463	424244	430463	426220	
448537	437146	428488	433537	430390	
445220	437512	426463	435854	422463	
442634	438439	425976	429463	422585	
447659	437024	428610	434756	423024	
448293	439732	431683	429780	430341	
447902	438146	428049	424049	429951	
442073	435122	432049	424976	414585	
444951	440415	434146	430390	432122	
453146	449024	434634	437707	433293	
463293	459341	455220	446000	443122	
482780	480195	469854	475756	462488	
481659	475512	472878	471268	468683	
494463	489585	487439	482829	474098	
512146	512585	502317	502268	495854	
527098	513073	512463	508220	504585	
537537	532073	511780	524707	512659	
541415	534171	532268	522488	516756	
555195	548854	535341	532927	520463	
559000	545976	555805	538829	546098	
569220	559488	549463	547073	545902	
575537	569707	556122	560854	546341	
577805	578000	556049	566878	559366	
590854	583780	580707	566927	563561	
597049	590902	581927	585244	577683	
616171	610341	593561	591098	582805	
612610	610634	608195	600195	595268	
629098	620854	610585	613171	603146	
644098	635171	631049	624293	622805	
643902	643780	630195	623976	615366	
647049	645122	629220	623927	617585	
639488	634439	623488	626634	617537	
635902	631780	628171	627854	617659	
646244	634927	624488	623439	617780	
648878	635659	628341	623927	620122	
649195	646659	632415	632829	624537	
662049	655707	643463	648829	632829	
676854	668488	663146	659878	667561	
707463	688293	670780	679317	663951	
714780	707707	696537	689634	678878	
724317	715390	703732	702854	699415	
738829	724488	714537	710000	699780	
743317	731512	719463	715024	711220	
757024	745098	736049	727951	730707	
760415	751244	735439	735927	716268	
768146	763171	748976	739317	735024	
777854	751488	752171	745341	733341	
767171	763366	752537	748341	743122	
771220	762927	745585	743000	739122	
761439	760585	742463	749829	732122	
766805	760268	756463	737415	737707	
774854	757268	754244	737341	737585	
773805	754561	754439	744122	739805	
776073	774780	757146	750805	737293	
778854	778659	757268	755927	742268	
794146	788439	773000	765195	763049	
809146	795683	780024	786098	775659	
830122	808854	800293	789610	780927	
817024	810073	796366	793537	786902	
823171	815000	792854	800659	782415	
834293	819366	809951	804293	785927	
830488	814268	799317	801098	784805	
830854	823537	806512	802634	789415	
822854	819488	799390	789122	782220	
820537	820585	805463	788488	790902	
833561	822683	814756	807488	789610	
834122	820951	806512	806146	791024	
830610	821439	810927	804000	793659	
830415	816585	803195	802756	794024	
829512	814561	803683	800244	787390	
821634	813390	789610	788805	785171	
827463	815610	802463	806195	796439	
819415	805146	803073	793366	779463	
815293	791268	795390	783146	777927	
812341	814000	795634	795146	784683	
814561	808488	793415	793366	781366	
825146	816341	804122	802951	788805	
824146	822317	804902	792805	796049	
847707	825439	811683	800000	795683	
831951	832390	811195	808976	810878	
826683	819293	812659	811976	788073	
842902	831463	814317	816415	799000	
847341	830537	815805	806561	810756	
854780	843146	828146	829195	811561	
844561	846049	830000	827659	812537	
847463	843268	825439	823293	819293	
849659	836195	831341	824146	809024	
861829	834902	826317	833122	820707	
858098	853488	831341	835220	824268	
852732	847463	829073	810439	809268	
855756	852927	831585	828341	821756	
853902	855195	830000	829390	815171	
856805	843829	820098	820707	816707	
857415	856195	837732	833073	819366	
849780	845171	835171	830122	812732	
852317	840927	835902	826439	813512	
862463	849659	840024	832829	819854	
873951	865659	847756	837976	827098	
869951	855195	850902	838610	828585	
864049	845805	841732	835415	828098	
871732	854951	847024	838732	826610	
871244	851073	839780	836878	823659	
874317	856732	845976	838244	822366	
867610	860244	851707	840634	836146	
874756	855317	851195	844927	831220	
868049	863073	855439	842659	824098	
867195	854024	842732	841976	828146	
876707	859927	852683	840927	834854	
867439	852927	850293	828756	830805	
860293	855024	837976	846171	828707	
879122	859024	852000	841805	830415	
866146	867805	840878	848512	830854	
883537	866073	859024	857780	843098	
866024	853976	849659	850463	829390	
874268	858951	848683	841122	828829	
867561	854902	848317	835220	824268	
863000	852805	836268	820537	825195	
862756	851707	827610	825146	810439	
846951	840317	824512	818805	809707	
849610	842854	832390	814634	813268	
832634	826195	819780	804659	797976	
839341	829195	812902	810561	792366	
835024	811561	808732	804537	794707	
811000	808049	799805	791756	778732	
816293	801463	791683	785732	779268	
810390	797293	788073	780146	773878	
806707	794902	790415	787512	766732	
814512	803610	779098	783146	770610	
810024	799317	794585	782537	773439	
812659	808415	791024	780512	779902	
811561	794390	783390	784756	771902	
806756	794951	781000	783878	764024	
805707	790707	781366	774902	764463	
806561	790146	785805	772878	760951	
804902	795683	783268	768585	764341	
794268	785976	775659	759122	761561	
793976	784878	763537	774780	756049	
789780	785488	774415	761073	761878	
790220	774366	769244	764634	753878	
773366	770976	761805	756341	747927	
782341	764756	758122	755293	740659	
769000	751293	742146	755854	733098	
775146	755049	753341	738463	741659	
767902	753585	736000	731146	731878	
748293	737707	733293	735439	718610	
742073	732805	723585	717610	704512	
736976	728244	722098	715780	710780	
740537	723878	714049	717439	706976	
740732	723268	721488	713732	702049	
734512	719878	711171	708756	700341	
719341	708951	701390	698122	688902	
719146	710122	695000	702610	693512	
702244	697195	692049	681951	682146	
698122	694073	688659	685390	675122	
699732	683317	682024	676122	674146	
691610	678220	669244	667512	659829	
678268	670024	676122	667024	656927	
678268	649683	644268	648073	645244	
666146	650488	648024	646488	642000	
651951	657122	639780	636463	631927	
658854	654732	642488	639659	629024	
660512	644585	643976	632415	626512	
655707	646854	641683	634488	620293	
653366	649561	635780	636780	625390	
651537	639854	635488	629268	627610	
651537	647780	630439	632220	621024	
641683	642171	628976	627000	615195	
644829	631049	620122	630122	610756	
631732	620366	619000	605732	609854	
621220	616976	607390	600634	592268	
616780	610951	598829	594098	599463	
610268	601415	592195	593683	583585	
608122	602463	594902	587537	580146	
602707	598585	575049	574927	578000	
598293	589927	583659	576098	570683	
595463	590976	574683	580951	570927	
590366	583707	578366	572220	564854	
588073	574073	576390	569024	562756	
577268	575780	565756	563610	556902	
577146	563854	552610	557415	549415	
572024	564732	563854	551634	550146	
566268	553829	549463	543951	546780	
566512	555317	556488	550098	545610	
568951	555683	550390	545171	541171	
560902	554756	544805	538220	532268	
559073	555927	548488	543951	533488	
555805	549707	539073	538780	536390	
550512	546634	538902	542585	536512	
552122	549537	538902	540122	538829	
551805	548000	529732	537610	525561	
544976	545220	532195	538659	525561	
550829	539341	542220	532512	520220	
546098	543951	533683	528268	522000	
548610	539951	525683	531341	519707	
539390	534049	522927	522537	521073	
548000	531634	526732	529854	512585	
533366	531146	517146	518439	520146	
533171	519707	519976	512707	509073	
527463	523341	514000	521000	506122	
518171	520146	505390	508293	496122	
515341	506561	505341	500976	498146	
513195	510244	499317	495244	487756	
510488	504293	497146	489707	491805	
501268	504098	504220	492976	480366	
504585	500293	495854	492293	490634	
499000	495366	482829	484561	484976	
496000	491927	483634	485171	477000	
485780	474415	474902	476488	468805	
477122	471756	465683	463220	456220	
463293	466171	455098	444463	448659	
462780	452146	453146	445634	438195	
442756	442317	438146	435122	429780	
451049	445463	437463	440585	431878	
447902	445634	439000	439610	431073	
451732	448341	439366	441098	431878	
456756	447854	437268	439561	436976	
455463	454000	443171	444415	440976	
457512	450683	446439	444171	443976	
453634	448293	443122	445390	429341	
457634	456512	445024	444537	432415	
446366	456268	447171	438390	439195	
459220	454805	445951	447415	431073	
456707	449829	438756	439561	442195	
452146	448902	437951	439195	429829	
458488	445878	441463	440976	425976	
446927	439122	436049	433098	427512	
445756	442683	432244	430756	427634	
448902	429707	437341	426341	423073	
443927	442195	433902	434024	433146	
446610	439439	429829	430829	423195	
447244	444293	434878	434390	434683	
449707	446927	430512	428659	422341	
442683	437780	432366	435317	430878	
449512	435854	432732	432659	426463	
438805	437341	428122	424049	425902	
434073	438268	423756	425463	422390	
441951	436293	429049	428488	421049	
435000	435000	423073	422341	422098	
433537	435195	427317	425707	417171	
428927	428171	427756	421049	421220	
435854	435122	421854	419268	414049	
430195	425171	424488	423024	415073	
436976	431927	423634	421293	416878	
432171	431122	420073	411146	411829	
433902	422707	420805	418659	412634	
430146	422634	416610	416073	404195	
429293	419756	413610	416561	412244	
420488	413927	411829	409683	405244	
424610	416561	414098	406732	407390	
424366	424927	418293	413659	406732	
431561	412683	415585	413488	404951	
430390	424805	411390	404024	406415	
424805	419390	412805	411756	409049	
423756	422220	415707	409805	402976	
430268	425537	411024	413244	408073	
422463	425049	409317	415268	404805	
429463	412805	405488	407951	405805	
421902	417244	410854	406415	401122	
421610	412878	399780	402976	398293	
411951	408268	405073	402488	403098	
415195	411951	404561	400512	403659	
411341	409122	404390	396146	395049	
415390	403098	397073	392512	396512	
414659	405244	394488	398049	394000	
410049	400585	397512	394122	397244	
408878	399829	397122	392146	391659	
401488	393878	395341	388537	387244	
394293	389878	386122	386195	379488	
396512	387415	390854	385268	385463	
393756	389390	384415	386366	382805	
387122	388268	376854	382561	378878	
387244	383049	374683	376610	369659	
394366	383293	377220	373829	377463	
384902	383415	383293	384049	369293	
383000	388341	376220	370073	370146	
383976	377829	368415	373707	365341	
377756	377146	367683	367439	360122	
376049	377634	369707	367512	357537	
375732	374268	360805	359317	362268	
370512	368244	363805	362585	350659	
363268	361780	359390	356732	353415	
364683	362268	359634	354585	351341	
363561	360561	357854	355756	347951	
365293	360000	355707	352634	350780	
355024	359439	350951	351951	344512	
359512	354951	348390	353780	345244	
354951	355317	343707	340561	341000	
356854	353244	347463	340878	340951	
356122	353122	343341	344024	340390	
343220	346293	337122	340707	332951	
342415	340634	333268	333878	332341	
344805	340707	334976	334293	336073	
346976	340146	332463	333073	329805	
339463	337756	334049	337244	330732	
347268	336268	330122	331902	329024	
343707	345854	330854	336585	331171	
340951	337195	333439	332512	330195	
346854	345854	333317	330561	328512	
337805	339902	335220	331780	326927	
342537	339171	333000	332756	325439	
346049	339659	333634	331780	327098	
337927	333561	328780	327537	323415	
333878	336463	322561	318805	324463	
335829	328659	330000	324707	317268	
329390	324341	321390	322000	311732	
330000	322756	315171	319171	317951	
326073	320220	315488	315854	313780	
327854	324829	315049	323537	313707	
317878	315439	310439	313707	307756	
319244	317341	310195	312976	307439	
316341	317268	314317	314024	312902	
318317	314878	311317	308659	307610	
316220	314024	307488	304732	303390	
310512	309659	306585	306195	305951	
309341	306585	304854	303878	304049	
308537	305171	300976	297659	295146	
305585	307805	302220	301854	298268	
307878	309341	306707	301098	299561	
308049	307122	306951	304415	293854	
307878	307073	303122	299317	296976	
306585	301976	301976	294659	292488	
303000	301902	303073	295512	291268	
302463	300244	286585	295756	288805	
295878	298268	292244	290049	286463	
299268	293049	287756	287951	285171	
297854	295829	292878	291146	286902	
301220	295634	294780	291951	288244	
296317	290415	287146	291707	287024	
293854	293610	290341	284927	282659	
291878	286902	288561	288317	285171	
297293	293732	290780	289415	285805	
290780	289659	290707	284634	281439	
293122	290293	288390	283268	281927	
287585	292000	285805	284805	279902	
287341	281122	284439	279659	278659	
290049	287878	277195	282902	282780	
290951	283146	280317	278415	274000	
292610	283951	279146	283756	277439	
288122	279146	280073	277610	272585	
287390	286707	279415	279951	276146	
288634	285683	277488	279415	273073	
286220	280512	278610	278122	274171	
288195	285171	278244	276878	277610	
284317	289171	273195	273439	274244	
282732	283268	279220	271537	271341	
284805	282976	278902	279098	271780	
283902	277561	273439	274171	274049	
278000	280512	273000	265561	271829	
277488	277244	274537	273927	271098	
279537	273683	271049	270610	261707	
279951	273122	270488	272707	268902	
273634	275220	266195	269024	269073	
274122	269805	262488	262244	261317	
274000	274366	267854	266195	267732	
270683	269634	267659	264902	262000	
271049	265268	262122	260537	261317	
268951	267659	261195	261146	260659	
269561	261512	259732	257512	252854	
263122	261073	257098	255927	255927	
262439	261707	258000	254390	255683	
259049	258244	252659	252098	251366	
258512	258756	247000	246146	247732	
253024	256902	251561	251927	246878	
253268	247195	247073	245585	245220	
255000	252049	247122	247683	250512	
249659	249585	245463	241829	244902	
249585	246878	245463	241829	242024	
248976	247317	240000	239195	241829	
250561	246634	242878	233780	242463	
244293	251073	236317	239146	241171	
244415	242341	241463	239927	239756	
239390	241951	237415	237854	233122	
240683	240927	234707	232317	235268	
240854	236561	238463	233780	233610	
239439	239878	232366	234268	225805	
236317	230098	226098	224561	228317	
232317	231634	227146	230024	225976	
229976	230220	226293	229366	222732	
228756	226829	224439	222854	221317	
229732	228122	224756	221000	222293	
226341	223707	220146	219220	217073	
226537	226220	220024	217927	218610	
225488	221805	222049	219268	217073	
220683	222098	217073	219341	215537	
218488	218171	218732	217073	214902	
215951	215829	211829	213244	207220	
221683	213805	212512	207902	210854	
214049	215415	212585	209439	209439	
219512	212585	212268	214780	208463	
217195	213683	213634	209805	210610	
217000	214610	211780	211585	204268	
214976	211171	208634	207463	208341	
216439	215537	210171	209927	207341	
217195	211902	207659	208829	205024	
214293	215171	213000	206195	205268	
213756	211780	210488	208463	202073	
212585	215463	204390	209805	200780	
215902	212878	207732	204390	205439	
215293	211902	206488	206927	202317	
213488	212707	211098	210171	205634	
211829	206439	204951	202317	201439	
208341	208512	201634	205195	199854	
201878	203659	199366	198561	197390	
202317	200707	199854	200341	195171	
196341	192780	192220	188049	191317	
189268	188659	185463	188415	185780	
187366	187732	182829	184000	181659	
189220	188098	187683	181780	182878	
187805	192780	184976	183244	182390	
188537	188244	187805	188537	184902	
193098	189951	190561	190805	184122	
195976	190634	189634	193024	187073	
195659	191561	193024	189220	187805	
196537	192415	189585	191439	189390	
192220	193829	193220	192098	192049	
195000	193220	189341	190805	190024	
196220	195244	192049	193634	182756	
198122	192780	195488	193951	189634	
198195	194073	192293	190024	192659	
192854	190561	193341	193756	192415	
198195	190634	192537	189707	191000	
194000	196829	185902	188902	192049	
192854	193634	187000	187439	189341	
191317	194268	190561	185829	189512	
193390	187732	187244	188488	185707	
191927	193756	189220	185341	186439	
190561	185341	185659	182585	181220	
189098	186561	183244	180976	182073	
190317	186146	183073	184244	182878	
187805	183122	185707	183244	181951	
183366	184780	181415	181415	184537	
180976	184854	183073	181537	182707	
189098	181780	181585	179390	177976	
183927	185537	179927	180610	176976	
181659	187195	179512	179122	178268	
178951	182390	179927	178098	176122	
183927	181659	178098	176171	180244	
180244	179268	179195	179073	175024	
180366	182024	176244	179195	176244	
180659	179878	177049	177341	174220	
179195	180537	176000	175805	172488	
177415	181171	175195	177341	174098	
179756	177171	174512	177659	173415	
179195	176805	173537	175634	172439	
182146	180293	176317	171756	170463	
178707	178390	174268	171756	175024	
181780	176000	172195	171634	172732	
175073	174634	171829	172927	173976	
176000	172366	171073	172976	169171	
176854	174463	170415	172439	172122	
172927	172317	172073	168732	170951	
171146	171561	170537	170415	168366	
173098	171512	172439	170146	170098	
173049	174098	171073	168122	168683	
171634	175634	164756	168195	168439	
175073	172561	169366	164878	170268	
176049	170220	168488	168927	171073	
174829	170707	169780	169659	166780	
173537	171756	164561	169366	171146	
174585	170780	167707	169415	165244	
171512	175390	167634	167268	163098	
170659	171756	164634	166220	168732	
172366	174707	166659	166341	165854	
173049	165049	167073	166780	165976	
172122	173293	167951	171390	165976	
171561	171268	167390	164122	169415	
170537	169488	165780	164512	163878	
169902	167634	168610	171561	161366	
172195	168927	168732	165610	161561	
170659	172317	167463	170659	161805	
173293	172927	168878	164927	164244	
169854	170268	165122	165610	163098	
173732	172683	164683	164195	164512	
170659	169659	165366	162098	165732	
171024	167390	167585	164122	163756	
169244	169415	167146	168000	164634	
168122	168244	161122	164439	164512	
167878	169293	166780	164073	166098	
170415	166585	162854	165488	166951	
172561	170098	166537	164683	167341	
167707	170537	167756	163634	162585	
168878	169902	165610	164195	163268	
171439	171073	166829	165610	164683	
167195	169122	169171	163512	167341	
172805	165927	172122	165049	165049	
168805	169366	171756	164439	164390	
168366	170024	162341	169122	165854	
173098	169366	165927	167634	166293	
169780	169610	166951	163634	167268	
166659	166659	167951	164000	165854	
172927	168732	163829	167634	166902	
173171	170707	167829	165171	161854	
167463	174634	171561	167390	162902	
172683	168732	167707	165659	167585	
170951	166780	168439	165732	170585	
167195	164878	162902	163829	163463	
162415	160683	159024	162976	158220	
156878	155024	154610	155707	154244	
156146	156756	153927	152024	149683	
158488	157244	157854	154415	155707	
159707	161122	153732	156024	153244	
162707	162341	155585	160512	160146	
164000	164195	157317	162780	161293	
164756	164805	166951	163024	158537	
169244	164683	163024	162659	163634	
167634	162415	166829	160634	168683	
169122	169171	168732	167268	166585	
176049	169854	170341	169049	170024	
175073	176171	174707	173854	174024	
178756	176244	175561	175390	176000	
183878	184366	174902	182073	176805	
184610	190195	182585	180000	182390	
188732	187927	182756	186561	183000	
197463	190146	182512	187976	187073	
198195	194317	194512	189829	190756	
198878	199366	194878	192976	194122	
203537	203780	196049	195976	198000	
204780	204341	202488	197512	199049	
206049	204829	200146	205268	200829	
211341	207537	206317	207659	203415	
213634	210683	210805	208951	206488	
217317	214854	210732	212463	210244	
225049	217854	217683	220073	216829	
225976	229415	220317	227024	220146	
229732	228073	230415	225927	222902	
240293	236000	234951	231707	233902	
247683	242756	241463	237659	236317	
255488	252415	246268	245293	244366	
259902	259293	254390	252659	248000	
263732	257146	253756	251000	249268	
265317	265512	260098	258805	256707	
269268	266073	265439	263293	259293	
277122	274610	269073	267488	267610	
281073	271171	272878	273634	267220	
282098	281122	278732	278171	276195	
290659	277683	281976	283951	277610	
297293	291390	288512	284195	280512	
298146	296854	291878	294293	287463	
301976	299073	290829	286293	286780	
303927	306512	302268	307000	299390	
321878	312537	306951	304610	303805	
318317	316976	313902	308902	311000	
323780	325829	321146	317024	320537	
324585	328024	324024	322878	315000	
344756	336585	332585	328341	324415	
348195	346220	335537	334976	332268	
350707	343659	346415	339585	339659	
357976	357049	350415	350537	351220	
370951	365049	354293	354341	353000	
376098	369293	370878	363317	362341	
383244	378317	367317	377220	371073	
390732	386366	379366	380537	367366	
394122	389146	382512	379366	377463	
401732	399415	392146	389634	382317	
413927	400756	395537	396098	387122	
414537	404951	398293	399951	396146	
420366	414220	412317	407024	405000	
434951	425976	423268	416244	409049	
435195	428122	425463	423878	419951	
444585	436659	427439	430878	424805	
439610	439854	432732	432854	425780	
451659	447366	443049	433146	429951	
462610	453073	448171	446244	430878	
466293	451854	447659	449707	439488	
473610	467512	456756	457390	452659	
482902	479707	472683	465244	454488	
490878	480244	478951	465927	453756	
494512	491512	479829	480195	473366	
508659	487683	481902	478951	486512	
501878	493049	487683	494268	482146	
510317	502683	489707	495366	492537	
519829	513805	504171	506878	496976	
533488	524073	519341	511780	508171	
534171	520341	507000	512268	500732	
544317	530293	523293	524390	513268	
545537	537293	524951	525561	511244	
546512	535390	531268	534463	526854	
559366	549707	535463	532024	535512	
570122	557463	545854	541000	534098	
560732	559976	545415	537244	532634	
572415	566073	555805	550220	553293	
577195	566683	560732	565512	555073	
590854	576707	572024	571049	555927	
589122	587341	575244	577756	572829	
596683	586366	571244	571780	566805	
587024	579220	570366	566878	555000	
576659	567244	553171	556049	546268	
575244	556610	554512	537293	545366	
556659	547927	542098	542415	524707	
548049	541049	536073	536317	523537	
534463	535146	522366	519098	518122	
541854	529366	516220	519585	508098	
537927	529244	513951	519220	514366	
533439	518122	516707	517927	500976	
540317	527341	517756	513317	510366	
539463	524390	526122	521073	518244	
545732	535756	528561	524268	518488	
549780	543829	529195	534293	530976	
573707	566195	564732	555488	549854	
606537	599220	589000	583951	574244	
626268	624049	608317	606537	600927	
666146	648878	641634	636780	632293	
675927	667439	665171	656024	654098	
696415	687854	679000	668610	670951	
707780	698561	685220	683195	677951	
716512	697195	690927	687244	676049	
702561	686756	691366	670634	671927	
698927	689756	678220	676415	665902	
695659	683488	671805	666146	665854	
686561	679610	665854	663341	658293	
702854	685585	675195	673098	666415	
710902	696707	689829	672683	671634	
721732	704512	692341	692171	683122	
724073	712951	703049	703293	689829	
739073	727585	709634	715902	699610	
752463	730220	717244	722098	710537	
765756	750634	733049	730659	722463	
781122	762561	758927	742463	739317	
779463	762317	749268	748171	744122	
779098	761756	761146	754805	741902	
793293	785122	766439	772073	754244	
793049	795195	775098	772634	760098	
824220	812341	794780	785537	784244	
826195	810146	793293	786707	782854	
827610	807854	802512	795439	787024	
838049	823366	822122	806634	793171	
858098	845122	838293	832878	812341	
863073	858146	847878	839463	820951	
896512	874756	859927	849732	841927	
894049	872976	874756	862707	853732	
902976	891415	878634	866073	860244	
926756	903390	897683	883293	879171	
940780	921585	903951	911390	898000	
969805	959293	942683	923927	917537	
993415	970585	954732	958902	949146	
1.01461e+06	995805	986829	977122	963341	
1.04368e+06	1.01344e+06	1.00139e+06	999854	992854	
1.05734e+06	1.02746e+06	1.01622e+06	1.01302e+06	1.00754e+06	
1.07639e+06	1.05961e+06	1.04751e+06	1.02998e+06	1.01966e+06	
1.10259e+06	1.09061e+06	1.06951e+06	1.06029e+06	1.05302e+06	
1.11863e+06	1.0892e+06	1.0719e+06	1.06841e+06	1.06607e+06	
1.10966e+06	1.09046e+06	1.08483e+06	1.06846e+06	1.0679e+06	
1.1332e+06	1.10215e+06	1.09385e+06	1.0968e+06	1.07856e+06	
1.1351e+06	1.11863e+06	1.09866e+06	1.09483e+06	1.07529e+06	
1.14107e+06	1.1249e+06	1.10744e+06	1.11241e+06	1.08212e+06	
1.14544e+06	1.12959e+06	1.11863e+06	1.1101e+06	1.09207e+06	
1.15976e+06	1.13444e+06	1.12312e+06	1.1142e+06	1.11083e+06	
1.16732e+06	1.14124e+06	1.13302e+06	1.12454e+06	1.11124e+06	
1.1672e+06	1.15934e+06	1.13898e+06	1.13671e+06	1.1171e+06	
1.20629e+06	1.17305e+06	1.16395e+06	1.15498e+06	1.13432e+06	
1.20249e+06	1.17759e+06	1.16646e+06	1.16585e+06	1.15317e+06	
1.22105e+06	1.19512e+06	1.18098e+06	1.17778e+06	1.15737e+06	
1.23346e+06	1.20176e+06	1.1862e+06	1.18159e+06	1.16485e+06	
1.22602e+06	1.21632e+06	1.19371e+06	1.18534e+06	1.17944e+06	
1.23217e+06	1.20002e+06	1.19007e+06	1.17512e+06	1.16651e+06	
1.24183e+06	1.21446e+06	1.19961e+06	1.19893e+06	1.17907e+06	
1.25898e+06	1.23076e+06	1.21546e+06	1.20378e+06	1.19049e+06	
1.27134e+06	1.24563e+06	1.22678e+06	1.22266e+06	1.19449e+06	
1.28e+06	1.26261e+06	1.24085e+06	1.23115e+06	1.21995e+06	
1.27768e+06	1.2668e+06	1.24449e+06	1.24005e+06	1.2259e+06	
1.28205e+06	1.2751e+06	1.24307e+06	1.23366e+06	1.22554e+06	
1.28666e+06	1.2658e+06	1.24744e+06	1.23446e+06	1.23102e+06	
1.29815e+06	1.27744e+06	1.251e+06	1.25351e+06	1.24793e+06	
1.30527e+06	1.27141e+06	1.26115e+06	1.26402e+06	1.24539e+06	
1.31541e+06	1.2998e+06	1.27866e+06	1.26476e+06	1.25129e+06	
1.31898e+06	1.30539e+06	1.28978e+06	1.28222e+06	1.26871e+06	
1.34141e+06	1.30963e+06	1.3089e+06	1.28978e+06	1.28229e+06	
1.34671e+06	1.32871e+06	1.32237e+06	1.30154e+06	1.28873e+06	
1.35139e+06	1.34351e+06	1.32354e+06	1.31376e+06	1.31027e+06	
1.36146e+06	1.34076e+06	1.3281e+06	1.322e+06	1.30878e+06	
1.37149e+06	1.34334e+06	1.3311e+06	1.31217e+06	1.3102e+06	
1.3702e+06	1.3581e+06	1.33398e+06	1.33207e+06	1.31666e+06	
1.37185e+06	1.35912e+06	1.33005e+06	1.33276e+06	1.31493e+06	
1.38563e+06	1.36361e+06	1.34941e+06	1.33644e+06	1.33271e+06	
1.401e+06	1.3708e+06	1.35624e+06	1.34929e+06	1.32988e+06	
1.38298e+06	1.36239e+06	1.35322e+06	1.35039e+06	1.33922e+06	
1.39737e+06	1.37678e+06	1.36105e+06	1.34671e+06	1.35237e+06	
1.40849e+06	1.38027e+06	1.36656e+06	1.35305e+06	1.34093e+06	
1.39744e+06	1.37549e+06	1.35476e+06	1.34554e+06	1.34654e+06	
1.39578e+06	1.38107e+06	1.37056e+06	1.36478e+06	1.35532e+06	
1.40524e+06	1.38483e+06	1.36934e+06	1.3598e+06	1.35815e+06	
1.40824e+06	1.39559e+06	1.37259e+06	1.3769e+06	1.35293e+06	
1.41256e+06	1.38963e+06	1.38027e+06	1.36849e+06	1.35924e+06	
1.41244e+06	1.39473e+06	1.38078e+06	1.37715e+06	1.36373e+06	
1.4088e+06	1.39983e+06	1.36976e+06	1.36934e+06	1.35402e+06	
1.41232e+06	1.39227e+06	1.38107e+06	1.37124e+06	1.35976e+06	
1.4149e+06	1.39663e+06	1.38168e+06	1.37327e+06	1.36437e+06	
1.4162e+06	1.38754e+06	1.38163e+06	1.36898e+06	1.3668e+06	
1.41022e+06	1.39361e+06	1.3718e+06	1.37278e+06	1.363e+06	
1.41568e+06	1.38746e+06	1.38139e+06	1.36951e+06	1.36295e+06	
1.41705e+06	1.39202e+06	1.37671e+06	1.35693e+06	1.35612e+06	
1.41183e+06	1.38895e+06	1.37285e+06	1.36963e+06	1.36134e+06	
1.41176e+06	1.3828e+06	1.38183e+06	1.36602e+06	1.35027e+06	
1.41746e+06	1.38385e+06	1.37812e+06	1.37517e+06	1.35071e+06	
1.41976e+06	1.39393e+06	1.38293e+06	1.3702e+06	1.37161e+06	
1.42117e+06	1.40173e+06	1.37812e+06	1.37412e+06	1.36041e+06	
1.41385e+06	1.39785e+06	1.38354e+06	1.37383e+06	1.35361e+06	
1.41446e+06	1.39146e+06	1.38495e+06	1.36393e+06	1.35507e+06	
1.41976e+06	1.39756e+06	1.3809e+06	1.37302e+06	1.36449e+06	
1.42559e+06	1.40298e+06	1.39154e+06	1.38705e+06	1.37605e+06	
1.41888e+06	1.39307e+06	1.38876e+06	1.38015e+06	1.36873e+06	
1.41895e+06	1.39239e+06	1.39098e+06	1.3828e+06	1.3748e+06	
1.42098e+06	1.40444e+06	1.37683e+06	1.37888e+06	1.3721e+06	
1.41685e+06	1.40168e+06	1.39117e+06	1.36829e+06	1.37234e+06	
1.41705e+06	1.39861e+06	1.37076e+06	1.37973e+06	1.36054e+06	
1.40549e+06	1.38337e+06	1.37812e+06	1.36878e+06	1.36037e+06	
1.41078e+06	1.3911e+06	1.3801e+06	1.37537e+06	1.3678e+06	
1.40605e+06	1.39946e+06	1.37451e+06	1.36885e+06	1.36054e+06	
1.41588e+06	1.38459e+06	1.36922e+06	1.36232e+06	1.36263e+06	
1.40849e+06	1.37529e+06	1.367e+06	1.35402e+06	1.34334e+06	
1.39978e+06	1.38895e+06	1.36307e+06	1.36478e+06	1.35656e+06	
1.40193e+06	1.38495e+06	1.37941e+06	1.3611e+06	1.35839e+06	
1.39288e+06	1.3831e+06	1.36324e+06	1.3571e+06	1.34666e+06	
1.39041e+06	1.36473e+06	1.36049e+06	1.3418e+06	1.33356e+06	
1.38341e+06	1.36939e+06	1.34093e+06	1.3332e+06	1.32451e+06	
1.36012e+06	1.33441e+06	1.31732e+06	1.31376e+06	1.29293e+06	
1.26666e+06	1.24576e+06	1.23193e+06	1.23568e+06	1.2069e+06	
1.10844e+06	1.0871e+06	1.07922e+06	1.07037e+06	1.05088e+06	
900024	882488	864780	863683	855146	
705073	688463	685098	679000	662585	
569268	562073	551317	545488	537854	
478780	477049	467780	464390	454049	
461000	453512	459171	452659	442195	
521317	506512	506756	507780	504049	
615000	604854	593610	582537	581512	
664683	655756	641073	642561	637390	
691000	675268	663707	666707	661927	
676927	662707	652512	650366	640098	
659268	652317	639537	638732	631293	
668244	654659	643780	636780	633390	
660390	653561	649317	640951	631366	
685098	671805	662341	653000	654902	
714659	697756	692049	678512	681780	
765512	747854	738756	728073	730707	
808098	795634	785927	777854	774171	
862829	840561	830244	820171	813024	
905927	888951	867610	874024	860293	
939732	928732	918707	913902	898122	
995561	975268	974415	956634	951854	
1.04227e+06	1.01676e+06	1.01215e+06	997268	982878	
1.08366e+06	1.0681e+06	1.05076e+06	1.04732e+06	1.04251e+06	
1.13522e+06	1.10659e+06	1.09061e+06	1.08015e+06	1.07566e+06	
1.1691e+06	1.13554e+06	1.1169e+06	1.12288e+06	1.10068e+06	
1.19383e+06	1.16388e+06	1.1642e+06	1.15356e+06	1.14366e+06	
1.21041e+06	1.18385e+06	1.16868e+06	1.16663e+06	1.15895e+06	
1.22898e+06	1.1948e+06	1.1919e+06	1.1822e+06	1.16788e+06	
1.22432e+06	1.20371e+06	1.18834e+06	1.18239e+06	1.16844e+06	
1.23544e+06	1.20524e+06	1.19105e+06	1.19856e+06	1.17285e+06	
1.24154e+06	1.22166e+06	1.20051e+06	1.19598e+06	1.17561e+06	
1.25093e+06	1.21207e+06	1.20378e+06	1.20985e+06	1.18356e+06	
1.24668e+06	1.22359e+06	1.20422e+06	1.20354e+06	1.17998e+06	
1.25861e+06	1.23188e+06	1.22088e+06	1.20051e+06	1.19037e+06	
1.25744e+06	1.22807e+06	1.22529e+06	1.20063e+06	1.19615e+06	
1.24227e+06	1.22388e+06	1.21098e+06	1.20217e+06	1.17217e+06	
1.24971e+06	1.22634e+06	1.20212e+06	1.19363e+06	1.19007e+06	
1.23895e+06	1.21756e+06	1.19166e+06	1.19498e+06	1.17932e+06	
1.22622e+06	1.21337e+06	1.19934e+06	1.1801e+06	1.18227e+06	
1.2419e+06	1.20422e+06	1.18029e+06	1.19037e+06	1.187e+06	
1.23439e+06	1.21785e+06	1.183e+06	1.19371e+06	1.17612e+06	
1.22756e+06	1.21588e+06	1.19727e+06	1.18085e+06	1.17046e+06	
1.23139e+06	1.20705e+06	1.19732e+06	1.19259e+06	1.1701e+06	
1.2141e+06	1.19807e+06	1.1881e+06	1.17815e+06	1.17156e+06	
1.22178e+06	1.18834e+06	1.18029e+06	1.17771e+06	1.16461e+06	
1.21446e+06	1.18202e+06	1.1691e+06	1.17446e+06	1.14993e+06	
1.19266e+06	1.17561e+06	1.17317e+06	1.17027e+06	1.14366e+06	
1.20366e+06	1.1792e+06	1.15612e+06	1.14612e+06	1.13744e+06	
1.19807e+06	1.17973e+06	1.16024e+06	1.16241e+06	1.14434e+06	
1.1942e+06	1.17317e+06	1.1562e+06	1.1592e+06	1.14285e+06	
1.19946e+06	1.18276e+06	1.15995e+06	1.15688e+06	1.13573e+06	
1.1999e+06	1.17193e+06	1.16161e+06	1.16327e+06	1.15656e+06	
1.19359e+06	1.16634e+06	1.16088e+06	1.13971e+06	1.1418e+06	
1.18946e+06	1.16356e+06	1.15356e+06	1.14778e+06	1.13566e+06	
1.19315e+06	1.16639e+06	1.15312e+06	1.14237e+06	1.14217e+06	
1.17968e+06	1.16663e+06	1.14273e+06	1.12632e+06	1.11956e+06	
1.1659e+06	1.13776e+06	1.1369e+06	1.13517e+06	1.11088e+06	
1.17512e+06	1.15576e+06	1.13739e+06	1.14229e+06	1.13302e+06	
1.16202e+06	1.14968e+06	1.13868e+06	1.12963e+06	1.10254e+06	
1.17346e+06	1.15761e+06	1.13339e+06	1.12251e+06	1.12215e+06	
1.16868e+06	1.13573e+06	1.1292e+06	1.11937e+06	1.11168e+06	
1.16056e+06	1.14612e+06	1.13671e+06	1.12207e+06	1.12139e+06	
1.16344e+06	1.13978e+06	1.1179e+06	1.1078e+06	1.10998e+06	
1.16295e+06	1.12798e+06	1.12239e+06	1.12963e+06	1.11071e+06	
1.1592e+06	1.12705e+06	1.12034e+06	1.11585e+06	1.09073e+06	
1.14624e+06	1.12951e+06	1.12049e+06	1.1099e+06	1.09754e+06	
1.15066e+06	1.13161e+06	1.12176e+06	1.11702e+06	1.10561e+06	
1.15317e+06	1.11556e+06	1.10598e+06	1.10707e+06	1.09471e+06	
1.14383e+06	1.13266e+06	1.11112e+06	1.12446e+06	1.09534e+06	
1.1608e+06	1.13412e+06	1.11407e+06	1.11229e+06	1.09337e+06	
1.17027e+06	1.134e+06	1.11585e+06	1.1038e+06	1.09871e+06	
1.13793e+06	1.12546e+06	1.11022e+06	1.09717e+06	1.09761e+06	
1.15054e+06	1.11229e+06	1.10393e+06	1.09393e+06	1.08956e+06	
1.14673e+06	1.11483e+06	1.10222e+06	1.09337e+06	1.09576e+06	
1.13444e+06	1.11446e+06	1.09741e+06	1.09502e+06	1.07561e+06	
1.13634e+06	1.09766e+06	1.08807e+06	1.0888e+06	1.07707e+06	
1.13715e+06	1.1059e+06	1.09361e+06	1.09054e+06	1.06583e+06	
1.13271e+06	1.10793e+06	1.10339e+06	1.0968e+06	1.07788e+06	
1.11876e+06	1.09495e+06	1.08137e+06	1.06822e+06	1.05715e+06	
1.1211e+06	1.11483e+06	1.08783e+06	1.08224e+06	1.07056e+06	
1.12329e+06	1.09546e+06	1.08649e+06	1.08156e+06	1.07351e+06	
1.12515e+06	1.09293e+06	1.07744e+06	1.06829e+06	1.06676e+06	
1.12563e+06	1.10344e+06	1.074e+06	1.07598e+06	1.06046e+06	
1.11193e+06	1.08844e+06	1.07676e+06	1.07534e+06	1.06232e+06	
1.10105e+06	1.07812e+06	1.06029e+06	1.05544e+06	1.04468e+06	
1.10829e+06	1.07517e+06	1.07227e+06	1.06207e+06	1.05241e+06	
1.09854e+06	1.07615e+06	1.06534e+06	1.04215e+06	1.03576e+06	
1.08241e+06	1.06712e+06	1.05007e+06	1.04271e+06	1.03361e+06	
1.08241e+06	1.06207e+06	1.04173e+06	1.03071e+06	1.0188e+06	
1.06534e+06	1.05395e+06	1.03288e+06	1.03305e+06	1.03785e+06	
1.07166e+06	1.04646e+06	1.04185e+06	1.02727e+06	1.02561e+06	
1.05839e+06	1.04117e+06	1.02407e+06	1.0129e+06	1.0081e+06	
1.05549e+06	1.02932e+06	1.00956e+06	1.00232e+06	1.01166e+06	
1.04405e+06	1.02763e+06	1.01178e+06	1.0062e+06	992976	
1.04622e+06	1.01893e+06	1.00798e+06	1.0011e+06	990585	
1.044e+06	1.02932e+06	1.00927e+06	1.00483e+06	1.00571e+06	
1.03895e+06	1.0102e+06	1.00988e+06	996171	983683	
1.03551e+06	1.00139e+06	996976	999000	977000	
1.02661e+06	1.00624e+06	989463	979512	972927	
1.02168e+06	1.00139e+06	984122	979561	971463	
1.01393e+06	998805	982268	975024	965854	
1.01178e+06	993463	982951	979927	975756	
1.0098e+06	998024	971220	968805	955098	
997341	981537	966341	964561	949146	
998439	985341	958659	963537	964390	
985585	978537	958854	957195	939683	
990195	974780	963341	946366	938756	
982220	985293	958244	954415	954000	
982707	968805	958366	956512	942756	
984000	963707	952951	943171	944220	
986829	972927	951415	955902	931488	
982829	969732	954049	944463	930317	
970829	948659	938195	928537	925415	
955829	944463	927317	925659	916073	
959220	928780	923122	923805	913366	
951415	936463	930634	918585	901732	
949756	933024	915073	919390	911829	
944537	941512	926829	929902	905171	
955341	939537	934073	926341	919073	
952951	932976	922268	909659	899902	
962122	942073	934756	927488	915634	
939610	932366	923878	908683	892146	
952024	923683	913780	910659	904439	
926463	913488	894927	891780	891220	
936780	929024	893439	893756	892707	
917293	900390	888829	885561	880780	
916000	898000	887220	874805	866829	
895902	888951	876171	867439	865220	
895049	874512	874073	877341	857341	
904634	873707	876049	867244	855634	
897439	882610	859146	862756	857049	
883171	869707	853049	855927	858098	
907268	882439	862146	869951	857049	
878195	865463	846220	847098	845488	
875000	857732	837732	833195	828756	
881268	858098	839707	843634	827854	
870951	858756	853780	839220	838732	
867244	853122	839024	827780	816780	
864732	853366	840146	833683	814805	
858707	841732	824951	827098	814561	
837976	836146	811927	809341	800488	
854951	837927	825756	824341	808366	
855317	841488	830293	823171	805902	
852732	836951	830488	835951	813024	
855268	830049	821146	823488	804902	
853000	838293	825683	820951	815171	
838854	827537	809634	806317	804488	
840268	831902	814000	813390	803366	
831951	814634	804244	813878	794390	
823537	804537	790707	792000	783463	
816220	809512	790293	787463	779634	
818366	806561	800000	788756	781317	
808537	794390	771171	778488	766732	
803488	789415	780073	783634	773073	
784805	778366	771463	759293	740659	
793780	768463	775659	761683	752902	
797463	767976	752707	751049	741659	
780878	764463	751976	749463	747561	
776146	774122	753585	753878	739512	
762610	741049	740171	727073	729610	
760951	748780	735390	741463	732488	
776073	744976	736000	729976	720390	
749707	739634	725415	726098	720756	
744488	730098	709488	719463	708951	
744244	726829	719634	716024	711415	
723878	716317	711463	694195	699049	
721732	701268	694805	689585	675683	
696707	696098	678341	675439	664805	
676537	676976	655341	649732	650902	
658976	658098	648878	645439	635049	
655634	646732	642927	640707	629829	
639976	630805	613707	621659	608439	
630366	614707	594415	606220	597854	
612171	603439	591146	593244	591390	
604610	596683	589732	589854	581512	
597049	587829	580146	589732	569390	
579659	580220	566756	563244	563488	
577073	563439	550951	555878	550341	
564415	563488	553659	556293	540732	
575610	571049	554878	557146	549780	
576268	564780	560659	556854	548927	
572098	561463	552000	547927	547317	
557415	547146	539829	541293	534098	
560537	553341	544976	531512	533854	
575488	558317	557659	550024	546829	
573634	562073	556732	559732	548366	
567610	558561	551390	546512	538341	
564780	549585	549976	543683	533122	
557024	551805	544927	542024	538780	
582293	568707	560854	556415	554585	
592683	574854	580951	574073	567049	
615244	598829	591780	588024	589805	
615927	601488	591585	594732	582049	
601488	591024	597049	573829	578244	
595951	586780	585561	577683	568537	
580829	571659	560244	561098	554634	
556122	546902	536634	537293	532439	
520390	512098	493220	495195	496000	
495244	482780	473854	475512	468268	
503049	492049	484195	479390	472390	
513805	512415	503610	500854	493829	
546463	527463	523659	515049	515049	
553659	545732	537366	527146	536683	
567805	556244	553171	540927	541244	
576341	568902	558195	555805	543195	
580024	562927	571366	558146	557585	
571244	556732	550268	552366	537488	
573878	562878	561268	559610	543634	
570756	563366	557415	553951	547268	
580634	570073	568415	563366	556000	
580146	557951	554463	561829	547805	
576268	562024	555317	547756	543390	
552122	538537	534780	534659	532317	
540878	531756	520878	524463	518439	
540244	526732	521756	518000	512829	
536195	528561	513268	517805	517927	
529732	527902	516634	507732	510317	
526732	513683	511537	504707	502195	
518439	510317	509634	497780	500171	
525732	518366	516463	505390	511902	
531829	523829	517756	513634	511732	
528073	508951	514073	511049	508415	
525244	524390	514683	505024	506683	
529317	509878	507610	512341	506073	
529317	523171	517512	512829	508829	
525317	514927	503439	496902	497829	
525073	509317	506366	507780	501220	
521927	505756	498951	501585	497902	
519780	516098	501024	505878	496244	
512659	504415	503927	501220	491805	
528195	509878	509390	499610	492000	
515049	511366	497098	495122	493537	
511780	497902	495854	495683	487073	
513756	502195	501951	495122	494878	
521000	507415	503976	506683	501390	
525244	517439	504171	505024	498024	
526293	516463	514976	506756	499805	
525732	511049	505878	499976	496537	
526488	514317	515293	508220	497390	
527146	514854	507122	499366	500902	
517878	519585	508293	503171	500049	
526366	514927	507171	504415	502927	
533854	515293	511000	508659	496854	
526732	519902	511415	503293	497537	
525927	506366	506683	508098	503732	
524878	516902	516634	506195	498878	
523220	510122	507488	498951	494512	
519976	508341	497829	503293	496902	
521561	511244	499854	498756	492902	
515610	504707	498268	496366	495561	
514976	511732	503854	497024	492854	
515976	505024	498878	502268	499073	
519902	513317	498268	498634	487561	
516024	508659	496415	490341	486829	
513756	501951	497463	493341	489341	
517512	505098	492293	500537	486024	
510122	493707	490512	491244	482902	
508902	497024	488854	491512	483268	
503049	498146	491244	489463	483390	
510000	494024	483927	484195	483317	
516341	499683	491805	494707	477610	
501951	496780	491512	484610	480073	
503293	496854	482585	481415	479756	
501463	497780	479439	476122	477122	
492049	484317	470537	473000	470732	
490512	483073	473366	474171	465000	
491439	479634	477732	471098	463293	
488683	482537	466902	476756	470293	
486634	475829	465439	471390	468317	
495122	477976	472805	479317	473976	
497780	477488	480732	476073	468561	
490512	477976	473927	466049	462659	
490829	484805	468268	467780	457195	
490463	473122	472317	465488	464439	
477366	475024	470610	463902	455976	
477537	465561	465244	462171	454244	
486341	466780	453927	465976	447854	
472878	469244	457000	457512	456756	
473049	458976	460512	455171	455098	
479268	463707	460512	450805	455049	
472756	462537	455171	449195	451098	
458171	461561	444098	452463	447171	
459220	449878	442805	440854	443049	
442439	427439	427805	424049	424976	
434756	429415	426951	418293	417854	
441951	424317	419756	416878	414049	
436854	431561	424049	430463	421415	
443537	421902	425976	423268	419683	
438439	429829	420195	424244	423561	
437829	430829	428732	431195	425171	
442122	420805	427390	419878	421049	
439610	427000	426098	421780	415390	
432488	429902	419756	419756	420927	
436244	426878	422780	416439	416488	
440732	425537	421537	414049	413610	
424683	414585	410659	406171	408561	
415146	403951	403829	401561	400585	
397805	387537	383976	385073	374195	
375122	368488	370585	366098	371854	
377829	370634	369220	363146	359512	
384341	378683	372049	370146	366707	
393927	388585	379171	381024	379439	
394244	386683	386854	379293	380829	
402854	399171	390976	394610	385195	
401610	395049	387976	393024	391098	
408683	398000	406976	399463	389756	
406854	403146	397244	399780	390976	
407951	406659	400829	398415	391415	
412390	408317	402171	393634	393756	
408927	402854	401244	402171	392268	
420122	401610	400585	395829	394293	
416244	403463	393634	400268	394683	
409683	402366	405366	399829	394000	
402780	404317	390927	395829	387780	
406854	393317	395976	390317	393927	
401000	395049	391098	388707	384415	
398171	393878	383659	382927	382756	
398854	383976	388220	381390	383488	
399463	389268	388707	389805	382634	
403341	392024	389756	389024	378195	
399171	388585	385512	382805	377220	
390732	387610	381634	376732	377878	
382634	386000	377024	372659	371854	
388585	379683	378634	380780	370195	
390976	385829	375488	379805	374268	
390122	386439	369293	371610	370585	
382756	381634	374024	375732	373341	
386195	380829	382512	375683	371317	
387049	372780	369659	367317	370634	
381756	374634	369829	367073	362829	
381829	372244	367439	363073	361610	
385878	376732	372171	365293	370439	
371122	370390	358951	358341	361341	
370829	363805	359878	362634	357659	
366585	362146	362585	357854	353049	
358341	356000	348195	344439	341122	
347585	339707	340390	334976	330683	
335415	321634	324293	322366	322317	
330854	325634	319000	322439	321463	
328585	329927	320463	326439	320707	
340707	330561	329878	326854	327659	
338537	336220	325707	325707	327610	
338488	335415	332634	331220	325390	
341854	340439	333927	328146	328268	
339951	339415	328659	329073	324707	
341488	339707	333390	326683	328098	
344927	333317	338293	338659	327537	
346780	340439	326366	325829	332341	
335171	334610	325317	326610	327049	
341366	336634	333000	331098	326732	
339902	337683	331049	329805	324220	
341976	340146	336341	330244	326805	
341683	338049	330000	327171	321951	
338244	332390	324829	325707	324341	
333683	331732	326073	320220	319122	
334415	334049	322122	321512	320098	
334976	325829	327732	319683	314634	
331659	328829	318195	322683	317707	
331537	326488	318927	317024	314390	
329512	322122	318073	321024	318122	
323854	324171	321024	315561	313707	
320415	316098	315927	308854	312366	
322927	317829	313902	313902	305537	
321024	312732	314268	309098	311488	
316732	315488	309902	304976	305585	
320415	312293	310634	301220	305463	
314634	309293	302634	307610	306634	
312902	307439	306073	300317	298220	
315049	307561	302463	301220	296732	
310561	301707	300732	301098	301171	
315000	305293	302951	296805	298390	
306195	301049	295146	297293	293854	
303634	304171	295756	294707	291829	
299512	298829	295317	297171	288878	
300976	298512	296439	292561	285805	
303683	295634	293244	294098	288512	
298512	291756	294098	291268	286707	
304976	296927	292317	292805	286780	
295561	293366	285244	285561	284561	
288927	289293	283463	280268	281561	
295951	287341	288878	285976	284878	
292244	287878	279707	280634	278488	
284756	286902	282366	282976	276146	
293000	284634	280073	275537	276878	
282171	281854	278293	274122	270854	
282610	279902	276463	269634	270171	
287146	276951	271049	274049	269073	
279220	275220	272707	275463	265805	
279780	275585	274415	269195	270732	
275951	271585	271293	270171	266244	
279951	274927	265683	268463	265878	
276707	276634	270244	269805	268512	
278171	273683	267780	268390	260780	
274366	268098	263976	267488	263122	
270732	268707	268268	266244	259610	
274610	269268	264537	259732	263732	
270122	263000	261878	264098	259537	
268512	269878	266195	262439	259732	
268463	267780	255683	256902	257220	
264220	263171	266683	260829	255171	
261073	260537	256537	261756	256659	
269927	261317	251561	253146	246073	
259902	255927	251488	250805	251317	
254317	250805	251122	254439	251805	
252488	249951	250878	248537	245829	
251488	251976	249829	247195	240561	
254439	249390	243805	243512	246317	
247488	249390	241171	242098	236073	
253146	249341	248976	245585	246268	
251000	247073	240976	243244	239561	
243244	242268	237171	233732	238268	
249146	243195	240415	241829	237854	
244122	237659	240561	238829	238146	
247927	241951	236244	239805	235024	
242146	237854	235683	235195	237171	
241098	235683	238220	232805	231756	
241098	238024	231317	231951	227220	
242756	236732	231146	235317	234537	
241341	236561	235634	230415	232927	
237220	236683	230951	227756	229000	
234024	236000	228122	231951	227024	
229610	231390	230220	225244	224146	
232854	228634	225488	224512	223098	
228122	228439	226951	227829	220317	
225537	224805	222415	219829	219098	
224317	223341	221244	217488	218610	
223220	221439	221683	216512	218049	
223024	221000	216146	217488	214537	
224073	218976	217854	216951	212220	
217244	214415	214488	213805	215171	
217732	214415	209805	208098	206317	
212634	210805	208585	204268	206854	
210976	209195	207659	204780	195659	
211463	202561	200780	203976	202122	
200829	199780	199537	196415	193024	
202561	200024	194390	196951	192049	
198244	195366	195366	192976	193024	
190439	194683	191122	189634	189780	
191049	186561	191244	184610	186146	
190146	189146	188171	185707	184780	
188049	182512	181780	187366	181707	
186268	184488	182512	183878	179634	
186195	186317	182463	177659	183000	
185024	181171	181659	178951	178512	
176561	177171	174463	176439	171073	
173537	170146	169902	166707	167341	
166293	168317	168195	166659	164805	
174951	171195	171146	169488	166098	
172805	170220	167512	172073	171878	
172976	167268	166780	167756	165780	
170829	169415	165000	165244	166659	
172488	165049	169415	163707	164756	
172195	166707	166585	166220	165537	
171439	164756	167829	163098	166341	
164561	162293	165244	163878	163024	
166293	170146	164512	165976	164683	
169366	167195	165000	163463	164878	
169171	166098	168878	166707	162537	
172488	166341	169610	168073	165659	
174220	174707	172122	170463	170659	
179756	179122	174707	177780	174268	
182390	183195	180732	177098	178341	
185024	184000	181171	179390	182951	
188659	183244	178829	180927	178341	
192220	182268	183073	183439	181951	
189707	186439	183244	180000	181415	
185707	186390	183195	182829	182073	
189146	183195	180659	182512	181707	
187854	184537	182463	183366	182585	
185220	179000	182756	179000	181098	
186317	176927	180854	172854	178829	
176561	176317	175683	174902	172317	
178390	178634	174024	171512	177171	
174220	171317	173220	169610	168610	
172854	170537	167195	169293	167146	
168244	165171	161854	165366	162171	
169415	166829	164683	159707	160512	
162976	165171	162098	159024	157927	
163585	164683	163829	163585	161732	
159463	160878	160805	156439	155341	
160317	159390	154902	155951	155585	
160927	159146	156561	154000	155951	
160512	156317	157976	157317	155146	
160439	160390	157854	155659	155951	
156805	155415	153439	153439	152390	
158220	156878	157366	156146	154244	
158537	157000	158415	158976	155537	
158780	156317	157927	150537	153195	
161976	157732	158976	158220	155146	
162854	160439	160195	157244	153878	
160634	161293	157488	156390	153073	
160756	160756	157488	155707	155829	
158171	156683	154049	154293	153561	
155098	152268	151780	151537	147902	
150976	149317	149317	149317	145268	
154537	151829	146732	148756	148098	
153366	149073	152756	147780	149439	
151707	153073	154000	149927	150659	
157195	149634	150366	150122	149195	
152463	152317	149634	148878	151049	
151415	148707	146732	144098	145683	
144390	143854	143610	143854	140098	
150732	144634	140024	146854	142195	
147537	144634	146122	142805	141683	
148390	146610	146366	145390	146049	
148098	145268	144268	145439	145146	
152317	144463	145805	145927	144878	
144951	140902	139976	141878	142488	
147171	143854	139537	140951	142854	
141805	142366	143488	141268	140902	
146683	142195	142927	141195	139537	
147098	142073	140659	146000	140537	
149317	142610	145317	142000	143659	
145268	145683	144756	146049	144341	
148463	148024	144512	148463	142732	
149317	146439	149512	146439	143293	
151220	150049	147049	146488	145024	
152195	150244	147171	149317	147537	
149439	153122	149439	144951	149122	
153122	153195	146488	149561	147976	
152707	153122	146683	147585	143902	
153683	149000	146293	142927	144634	
147293	148634	149561	146561	145683	
148463	146122	143415	144634	146000	
151902	149244	143049	146049	145024	
148024	148098	149073	142854	146293	
145561	144707	144463	141512	144098	
144220	143415	142732	143610	140585	
148341	141146	141024	140024	143780	
143049	141756	138122	138805	139732	
141390	146561	137317	139659	138073	
142976	137756	139488	137634	138317	
142561	139293	137634	139780	136415	
141634	137951	139244	136293	137024	
138732	136171	137024	136171	138561	
138561	136707	133585	134122	135049	
139244	135244	136951	133220	132976	
134195	133829	134683	131488	132341	
138195	135488	137463	134512	130317	
137463	135415	134366	133585	130634	
136293	136341	138195	131000	135122	
135244	132415	133024	132585	133220	
133463	129585	131732	130512	127732	
128098	129098	129098	125146	128341	
126878	125707	126683	127000	123805	
129341	124488	124659	125098	123244	
126878	124366	121707	117902	121780	
122878	122707	120171	120659	119561	
120976	119000	117537	119000	115561	
117902	115683	114707	115268	115756	
114707	115439	114829	115878	114829	
114098	110829	110024	111073	109780	
111927	108561	109366	108366	107585	
108195	109293	105732	105122	107829	
105415	102220	104927	104195	105293	
102951	102951	102293	101171	102049	
101537	101610	99024.4	99024.4	96804.9	
99707.3	97682.9	98414.6	95829.3	95463.4	
95268.3	96073.2	94780.5	92756.1	93731.7	
94243.9	91536.6	92024.4	93365.9	91219.5	
91024.4	89682.9	92317.1	90048.8	90853.7	
90122	89243.9	88829.3	87341.5	88585.4	
90048.8	89000	84341.5	85756.1	86048.8	
85756.1	85878	86000	85682.9	81878	
85804.9	82365.9	86170.7	83170.7	81878	
89122	89561	86731.7	86048.8	87341.5	
79853.7	81634.1	80512.2	81390.2	78804.9	
79902.4	80512.2	81390.2	79853.7	79902.4	
80341.5	80634.1	81804.9	82195.1	80780.5	
80902.4	81756.1	79243.9	81024.4	81634.1	
82561	79048.8	79097.6	78682.9	79048.8	
80951.2	79780.5	81195.1	78561	80219.5	
80780.5	79487.8	80146.3	78975.6	79292.7	
81317.1	79902.4	79731.7	80902.4	79731.7	
81390.2	79365.9	79536.6	80341.5	80512.2	
80463.4	80341.5	79365.9	81878	80707.3	
81146.3	78853.7	78804.9	78609.8	78926.8	
79487.8	77561	80146.3	76829.3	79487.8	
79609.8	79170.7	76951.2	76585.4	78561	
78317.1	77756.1	77756.1	78609.8	78122	
82731.7	79853.7	79487.8	79170.7	76829.3	
82731.7	81804.9	77756.1	80829.3	80634.1	
83585.4	85634.1	83097.6	82682.9	81634.1	
85268.3	85073.2	81634.1	84024.4	85000	
88951.2	87170.7	86414.6	85000	83536.6	
86853.7	86365.9	85195.1	87292.7	85634.1	
89804.9	87951.2	84829.3	86000	85926.8	
89243.9	88878	86536.6	86292.7	86414.6	
89682.9	87170.7	86682.9	84878	87585.4	
87707.3	84634.1	86853.7	86365.9	88707.3	
89365.9	87170.7	87463.4	86414.6	85561	
87048.8	89561	87048.8	86122	84878	
88512.2	86000	87780.5	88024.4	85634.1	
85878	85878	86122	87048.8	85073.2	
85634.1	83341.5	84951.2	85804.9	83902.4	
85000	85878	83658.5	83536.6	82853.7	
83975.6	83975.6	84829.3	84707.3	80902.4	
86804.9	84634.1	82853.7	84463.4	83097.6	
83341.5	80902.4	81390.2	82609.8	83731.7	
82487.8	82243.9	81682.9	83463.4	80634.1	
80463.4	80390.2	83097.6	80219.5	81146.3	
80707.3	79731.7	77951.2	79365.9	77951.2	
80902.4	79048.8	78561	79243.9	77707.3	
77561	80390.2	77561	79536.6	80951.2	
79731.7	80585.4	79292.7	81439	77195.1	
82000	79414.6	80268.3	79658.5	79536.6	
79780.5	77317.1	77951.2	79097.6	78439	
79048.8	78609.8	78731.7	78073.2	79536.6	
76536.6	76951.2	78365.9	78609.8	77829.3	
77707.3	79609.8	78243.9	78926.8	75853.7	
79487.8	79170.7	77146.3	77829.3	78122	
79243.9	77756.1	76341.5	78731.7	78804.9	
79731.7	81073.2	77707.3	78487.8	77512.2	
80634.1	80146.3	77756.1	79853.7	75414.6	
80390.2	78487.8	77561	77829.3	80463.4	
77951.2	79414.6	78975.6	78487.8	78122	
76829.3	77829.3	79731.7	77829.3	78365.9	
79902.4	79487.8	78561	76951.2	78561	
80146.3	78439	79292.7	77756.1	78122	
78561	78561	79731.7	78000	78804.9	
79902.4	78804.9	77073.2	78926.8	76024.4	
78853.7	76414.6	76585.4	77878	77634.1	
78561	78561	77634.1	78926.8	77878	
77829.3	76829.3	79853.7	78195.1	76780.5	
78487.8	78122	78682.9	81390.2	79097.6	
78439	79365.9	78000	78195.1	80780.5	
79853.7	79731.7	78000	78000	79097.6	
78243.9	78487.8	79609.8	77073.2	80219.5	
77878	78731.7	77024.4	75853.7	80512.2	
76463.4	76414.6	74756.1	75731.7	77024.4	
75243.9	74682.9	76829.3	74243.9	74926.8	
78000	74365.9	75853.7	74487.8	75292.7	
78195.1	77951.2	78243.9	77634.1	78317.1	
78609.8	76097.6	78073.2	77024.4	76146.3	
76341.5	75414.6	75853.7	77073.2	76463.4	
75122	77878	75780.5	77561	74926.8	
77829.3	75658.5	75170.7	75243.9	75487.8	
76585.4	76707.3	76829.3	75902.4	73341.5	
75536.6	78000	75170.7	76097.6	74926.8	
75902.4	76902.4	75170.7	77024.4	76951.2	
75902.4	76146.3	75731.7	76414.6	76902.4	
79365.9	77634.1	75414.6	73756.1	74122	
75902.4	74000	76658.5	76146.3	74756.1	
77707.3	76219.5	76146.3	75780.5	75170.7	
75658.5	72951.2	75292.7	74122	73634.1	
75780.5	76414.6	77073.2	74439	73219.5	
73829.3	74439	73585.4	75243.9	75170.7	
74073.2	74878	73073.2	73951.2	74878	
77317.1	76463.4	76536.6	75853.7	74073.2	
76414.6	74561	73756.1	75780.5	75780.5	
78439	74317.1	76414.6	76780.5	77634.1	
76707.3	73585.4	76341.5	76341.5	76780.5	
76829.3	73829.3	74365.9	77512.2	75536.6	
75048.8	75975.6	75487.8	75048.8	75731.7	
74195.1	74487.8	76097.6	74756.1	74756.1	
74000	75609.8	77146.3	75853.7	73707.3	
74756.1	72658.5	71731.7	75536.6	75609.8	
74317.1	74000	74195.1	73634.1	73146.3	
76341.5	72658.5	74609.8	73390.2	74487.8	
73707.3	73756.1	73219.5	72902.4	76097.6	
73512.2	74317.1	74804.9	73219.5	73707.3	
74365.9	76146.3	73707.3	74122	75658.5	
74122	74487.8	72829.3	74439	73341.5	
75536.6	73341.5	74439	73073.2	74365.9	
75902.4	76219.5	74439	75292.7	73463.4	
74000	76463.4	73756.1	76024.4	73463.4	
73951.2	74926.8	74561	75048.8	75170.7	
77024.4	76219.5	73878	73707.3	74243.9	
75609.8	73268.3	75048.8	74122	74682.9	
74804.9	76097.6	72951.2	73390.2	74439	
73512.2	74243.9	75000	72902.4	72829.3	
74804.9	76024.4	76097.6	76341.5	74561	
74878	75000	72829.3	74804.9	75853.7	
76024.4	75853.7	73512.2	74195.1	72951.2	
75609.8	74439	75292.7	76146.3	74439	
74365.9	74609.8	75731.7	73951.2	72536.6	
75731.7	75365.9	73463.4	74073.2	75122	
75048.8	74756.1	75122	75000	73341.5	
74609.8	74561	74000	75170.7	74073.2	
75292.7	74195.1	73634.1	74317.1	73341.5	
75048.8	73707.3	73878	73219.5	74487.8	
72292.7	74317.1	71975.6	75731.7	73463.4	
74365.9	74609.8	73829.3	73634.1	74365.9	
73219.5	73634.1	74122	74682.9	72780.5	
74609.8	73219.5	73829.3	76585.4	71536.6	
75122	74682.9	73341.5	75048.8	71170.7	
73390.2	74243.9	74682.9	73512.2	75658.5	
74073.2	73951.2	73634.1	74804.9	74073.2	
75048.8	75536.6	74561	75170.7	74878	
74561	76658.5	73634.1	72097.6	76463.4	
76536.6	73951.2	73878	76463.4	74682.9	
73829.3	72170.7	74804.9	74756.1	71975.6	
76829.3	74195.1	76024.4	75122	75365.9	
74487.8	73146.3	75487.8	74439	74317.1	
76463.4	75048.8	73829.3	74243.9	75122	
74122	74317.1	75414.6	77073.2	74073.2	
75000	73829.3	72536.6	73634.1	74561	
76902.4	74317.1	74365.9	75048.8	74804.9	
74609.8	76414.6	76219.5	76024.4	74878	
74243.9	74487.8	73512.2	72048.8	73073.2	
72951.2	76219.5	73463.4	72463.4	74609.8	
74365.9	73878	75365.9	75170.7	73268.3	
76146.3	73024.4	74439	73756.1	74609.8	
72341.5	73707.3	71804.9	72780.5	74073.2	
74000	72170.7	73756.1	72292.7	73756.1	
73073.2	73634.1	74195.1	72707.3	71487.8	
73073.2	72097.6	73585.4	71122	73756.1	
74195.1	72414.6	71731.7	73512.2	72463.4	
73878	73829.3	71926.8	72536.6	71292.7	
70317.1	73219.5	72292.7	71292.7	70926.8	
73024.4	71853.7	71731.7	72341.5	72219.5	
74000	70561	71414.6	71658.5	71804.9	
72463.4	70512.2	71000	72170.7	70878	
71731.7	71804.9	70000	70561	70682.9	
71048.8	71243.9	71048.8	71292.7	71122	
69463.4	72170.7	69146.3	69097.6	70122	
72170.7	70804.9	70268.3	71000	70195.1	
71000	70122	69878	71731.7	71536.6	
71000	72292.7	70268.3	69951.2	70756.1	
70317.1	72219.5	70561	71170.7	70804.9	
71000	71365.9	70073.2	70317.1	69585.4	
71000	71414.6	69268.3	71853.7	71000	
70512.2	70195.1	72658.5	70634.1	71292.7	
71731.7	70195.1	70390.2	70122	71609.8	
70561	71731.7	71804.9	70268.3	69341.5	
69878	69585.4	70561	72536.6	69585.4	
70390.2	69268.3	71365.9	69585.4	71487.8	
71365.9	71365.9	70000	67853.7	69463.4	
70268.3	70878	69463.4	69219.5	69951.2	
70073.2	71000	68341.5	69512.2	68853.7	
70073.2	69097.6	68463.4	69097.6	69585.4	
71414.6	69878	70439	67731.7	69390.2	
66634.1	69097.6	68780.5	68219.5	69512.2	
70390.2	67731.7	71975.6	68170.7	68048.8	
69829.3	67317.1	70804.9	68902.4	68585.4	
69585.4	68731.7	69024.4	68731.7	69219.5	
70268.3	69097.6	68658.5	71365.9	69951.2	
70439	69219.5	69878	66682.9	69512.2	
68463.4	70268.3	71487.8	70804.9	69024.4	
69097.6	69878	68219.5	69341.5	68975.6	
71170.7	70634.1	67926.8	71365.9	68902.4	
68902.4	69341.5	69097.6	69219.5	67926.8	
68536.6	67804.9	69219.5	69585.4	69268.3	
69268.3	71365.9	68536.6	68341.5	70268.3	
68853.7	68731.7	68658.5	67853.7	70268.3	
68536.6	68853.7	69951.2	70439	68731.7	
68853.7	71926.8	69097.6	68902.4	67609.8	
69390.2	66682.9	69390.2	68975.6	69268.3	
69146.3	69219.5	66561	68731.7	70634.1	
68731.7	67439	66390.2	67122	66682.9	
67926.8	67975.6	67170.7	69146.3	68170.7	
69219.5	67317.1	68463.4	68585.4	67365.9	
67975.6	67731.7	67975.6	68292.7	67926.8	
68219.5	68048.8	67804.9	68536.6	67853.7	
68536.6	68341.5	69585.4	67975.6	69097.6	
68219.5	67682.9	67731.7	69219.5	67122	
69634.1	67682.9	66682.9	69097.6	68975.6	
68292.7	68902.4	67561	68048.8	68219.5	
66926.8	67682.9	66682.9	67804.9	67000	
68658.5	68463.4	67487.8	68048.8	66634.1	
68902.4	67731.7	67804.9	67170.7	69463.4	
68585.4	68731.7	69585.4	67731.7	67317.1	
68048.8	67609.8	67048.8	67048.8	64487.8	
67609.8	66878	67609.8	68414.6	69634.1	
67853.7	68902.4	67317.1	66561	69219.5	
67243.9	67804.9	67439	66268.3	65951.2	
66024.4	65463.4	67243.9	68414.6	66682.9	
66804.9	69097.6	65829.3	66926.8	65512.2	
66146.3	66634.1	67122	67487.8	65902.4	
67975.6	67853.7	66561	66195.1	67317.1	
66926.8	66439	69219.5	67804.9	66390.2	
66682.9	68097.6	66804.9	66512.2	68731.7	
67804.9	66146.3	66804.9	66390.2	67926.8	
68853.7	70195.1	68463.4	67170.7	69463.4	
66317.1	66634.1	67170.7	66390.2	66073.2	
65902.4	65268.3	64975.6	66682.9	67243.9	
67731.7	68585.4	66439	65951.2	65585.4	
66073.2	65902.4	66317.1	66756.1	67000	
65390.2	65707.3	64975.6	64902.4	65951.2	
66317.1	67000	65902.4	65780.5	66926.8	
65634.1	66561	66146.3	67487.8	65463.4	
66317.1	64658.5	66878	64658.5	66195.1	
64731.7	66390.2	66073.2	65951.2	65097.6	
66024.4	67853.7	67000	67000	67243.9	
65707.3	64975.6	66756.1	65829.3	67487.8	
65268.3	65463.4	65390.2	65829.3	63926.8	
66561	67122	65634.1	65024.4	67243.9	
67243.9	68585.4	65951.2	65512.2	65341.5	
65951.2	65780.5	64975.6	65829.3	65341.5	
65390.2	65780.5	64365.9	66195.1	66073.2	
66195.1	65634.1	65268.3	64609.8	66268.3	
66317.1	64780.5	66512.2	66073.2	66195.1	
67170.7	65780.5	65024.4	65219.5	66195.1	
65268.3	65341.5	65146.3	65097.6	68902.4	
63804.9	65829.3	64365.9	64536.6	67439	
66756.1	65146.3	66073.2	65951.2	64975.6	
64731.7	65341.5	66682.9	66195.1	65780.5	
63926.8	66682.9	64731.7	64536.6	66390.2	
65219.5	65707.3	64414.6	66804.9	64048.8	
65585.4	64853.7	65707.3	66195.1	63804.9	
66073.2	66146.3	65341.5	64292.7	65902.4	
66024.4	64243.9	64292.7	66146.3	65463.4	
65902.4	64658.5	66146.3	65341.5	65146.3	
62951.2	65512.2	63317.1	65341.5	65097.6	
65707.3	65951.2	66146.3	66390.2	65219.5	
66439	64414.6	65219.5	65097.6	64902.4	
62756.1	64780.5	63731.7	62951.2	65390.2	
63926.8	65024.4	65390.2	65707.3	64414.6	
65512.2	66073.2	64243.9	63609.8	65829.3	
65902.4	65024.4	64902.4	64780.5	62561	
65146.3	64902.4	64780.5	63853.7	65390.2	
64658.5	65219.5	65634.1	63682.9	63804.9	
63439	66317.1	63926.8	63317.1	64292.7	
65219.5	64609.8	65634.1	63365.9	62756.1	
64048.8	63853.7	63561	64097.6	65219.5	
65902.4	63439	65219.5	64609.8	64658.5	
63561	65268.3	64292.7	65780.5	65829.3	
63926.8	64243.9	63804.9	63365.9	66073.2	
65390.2	64097.6	66024.4	65951.2	63439	
63243.9	64975.6	64243.9	65829.3	63073.2	
63682.9	65024.4	63439	63731.7	64902.4	
61292.7	64097.6	64853.7	64853.7	65097.6	
65146.3	63317.1	62756.1	64853.7	66073.2	
63682.9	62634.1	63731.7	64170.7	64658.5	
61951.2	62951.2	62561	65707.3	62756.1	
64170.7	65707.3	62561	66512.2	64170.7	
64902.4	63122	65463.4	64365.9	64097.6	
64536.6	64609.8	63073.2	65341.5	62878	
64536.6	63365.9	66146.3	64658.5	65146.3	
64536.6	62439	64097.6	64292.7	62829.3	
63195.1	63682.9	63853.7	65341.5	63682.9	
64048.8	64365.9	64536.6	62024.4	64487.8	
63365.9	64487.8	61536.6	65219.5	64097.6	
63975.6	63487.8	64536.6	63439	62561	
63365.9	63317.1	64609.8	63853.7	62878	
64292.7	64414.6	63243.9	62878	64780.5	
64975.6	63487.8	64731.7	62951.2	64658.5	
62146.3	63926.8	63804.9	63317.1	63731.7	
65390.2	62073.2	64731.7	63804.9	62756.1	
63487.8	64975.6	62878	61146.3	63243.9	
65097.6	61951.2	64658.5	63731.7	63853.7	
64902.4	63682.9	64170.7	64780.5	65024.4	
62146.3	65634.1	63975.6	63487.8	64170.7	
64292.7	64097.6	64048.8	65463.4	63926.8	
64536.6	64170.7	63122	62634.1	61585.4	
63853.7	63073.2	63561	60609.8	62878	
63073.2	64902.4	64048.8	64487.8	62024.4	
63365.9	63195.1	64414.6	64048.8	63926.8	
62878	63365.9	61414.6	63439	64414.6	
63243.9	61219.5	63853.7	63487.8	63731.7	
62756.1	61024.4	64731.7	64243.9	64609.8	
62756.1	61024.4	64731.7	64243.9	64609.8	
62756.1	61024.4	64731.7	64243.9	64609.8	
