4250	4250	4250	4250	4250	
7.13825e+06	7.13825e+06	7.13825e+06	7.13825e+06	7.13825e+06	
542500	530500	542500	530500	542500	
511000	530500	511000	530500	511000	
524750	528000	524750	528000	524750	
515250	518500	515250	518500	515250	
526750	508500	526750	508500	526750	
521750	536750	521750	536750	521750	
511000	521000	511000	521000	511000	
530500	521000	530500	521000	530500	
504500	514750	504500	514750	504500	
534250	518500	534250	518500	534250	
523000	507750	523000	507750	523000	
536250	527250	536250	527250	536250	
517250	529750	517250	529750	517250	
546750	529250	546750	529250	546750	
541750	537500	541750	537500	541750	
532250	552500	532250	552500	532250	
557500	559500	557500	559500	557500	
575750	557000	575750	557000	575750	
563250	550500	563250	550500	563250	
574500	584750	574500	584750	574500	
589750	586000	589750	586000	589750	
582250	584750	582250	584750	582250	
592750	596000	592750	596000	592750	
600500	591500	600500	591500	600500	
603500	603500	603500	603500	603500	
594750	585250	594750	585250	594750	
612500	611000	612500	611000	612500	
596000	605500	596000	605500	596000	
613750	619250	613750	619250	613750	
605500	611750	605500	611750	605500	
603500	603500	603500	603500	603500	
617500	621750	617500	621750	617500	
609250	623750	609250	623750	609250	
615500	629500	615500	629500	615500	
646500	630750	646500	630750	646500	
608000	623000	608000	623000	608000	
637500	621750	637500	621750	637500	
609250	619250	609250	619250	609250	
616250	621750	616250	621750	616250	
610500	616250	610500	616250	610500	
620000	640000	620000	640000	620000	
623750	626750	623750	626750	623750	
625500	633250	625500	633250	625500	
638250	615500	638250	615500	638250	
641250	628250	641250	628250	641250	
638750	631250	638750	631250	638750	
623000	623000	623000	623000	623000	
613750	615000	613750	615000	613750	
628750	631250	628750	631250	628750	
616750	645250	616750	645250	616750	
615500	633250	615500	633250	615500	
646500	636250	646500	636250	646500	
624250	642500	624250	642500	624250	
603000	626750	603000	626750	603000	
615500	603500	615500	603500	615500	
617500	616250	617500	616250	617500	
613000	633250	613000	633250	613000	
633250	612500	633250	612500	633250	
611000	629500	611000	629500	611000	
628750	635750	628750	635750	628750	
625000	618000	625000	618000	625000	
613750	618750	613750	618750	613750	
615000	620000	615000	620000	615000	
616750	616750	616750	616750	616750	
626750	599750	626750	599750	626750	
633750	641250	633750	641250	633750	
629500	623000	629500	623000	629500	
615000	615000	615000	615000	615000	
619250	621750	619250	621750	619250	
626750	603500	626750	603500	626750	
604250	616750	604250	616750	604250	
638250	631250	638250	631250	638250	
617500	633750	617500	633750	617500	
621750	637000	621750	637000	621750	
621750	611750	621750	611750	621750	
606750	620500	606750	620500	606750	
627500	604250	627500	604250	627500	
607250	603000	607250	603000	607250	
616750	618000	616750	618000	616750	
616750	620500	616750	620500	616750	
608000	611000	608000	611000	608000	
617500	629500	617500	629500	617500	
633750	623750	633750	623750	633750	
606750	631250	606750	631250	606750	
620500	631250	620500	631250	620500	
620000	625500	620000	625500	620000	
621250	608000	621250	608000	621250	
615500	625500	615500	625500	615500	
619250	618000	619250	618000	619250	
620000	624250	620000	624250	620000	
623750	628750	623750	628750	623750	
621750	622500	621750	622500	621750	
625000	625000	625000	625000	625000	
613000	606000	613000	606000	613000	
612500	629500	612500	629500	612500	
614250	621750	614250	621750	614250	
610500	611000	610500	611000	610500	
635000	627500	635000	627500	635000	
635000	629500	635000	629500	635000	
617500	628250	617500	628250	617500	
621750	621750	621750	621750	621750	
617500	605500	617500	605500	617500	
623750	622500	623750	622500	623750	
640000	623000	640000	623000	640000	
613750	620000	613750	620000	613750	
633250	614250	633250	614250	633250	
603500	608500	603500	608500	603500	
630750	635000	630750	635000	630750	
631250	625000	631250	625000	631250	
619250	630000	619250	630000	619250	
635000	624250	635000	624250	635000	
615500	635750	615500	635750	615500	
602250	620000	602250	620000	602250	
616750	628750	616750	628750	616750	
632000	607250	632000	607250	632000	
630000	616750	630000	616750	630000	
632500	612500	632500	612500	632500	
612500	630000	612500	630000	612500	
626750	611750	626750	611750	626750	
609250	635000	609250	635000	609250	
630000	624250	630000	624250	630000	
626250	625000	626250	625000	626250	
630000	617500	630000	617500	630000	
606750	618000	606750	618000	606750	
628250	621250	628250	621250	628250	
625000	623000	625000	623000	625000	
620500	621250	620500	621250	620500	
617500	625000	617500	625000	617500	
643250	630000	643250	630000	643250	
612500	624250	612500	624250	612500	
627500	627500	627500	627500	627500	
618750	630750	618750	630750	618750	
623750	612500	623750	612500	623750	
615000	628750	615000	628750	615000	
640000	624250	640000	624250	640000	
620000	606000	620000	606000	620000	
618000	618750	618000	618750	618000	
619250	630000	619250	630000	619250	
615000	620500	615000	620500	615000	
632500	629500	632500	629500	632500	
625000	624250	625000	624250	625000	
617500	624250	617500	624250	617500	
642000	625000	642000	625000	642000	
621250	637500	621250	637500	621250	
627500	637000	627500	637000	627500	
632500	628250	632500	628250	632500	
617500	623000	617500	623000	617500	
604250	623750	604250	623750	604250	
613000	617500	613000	617500	613000	
623750	625500	623750	625500	623750	
621250	608500	621250	608500	621250	
626250	636250	626250	636250	626250	
616750	626750	616750	626750	616750	
640000	618750	640000	618750	640000	
608000	607250	608000	607250	608000	
629500	628250	629500	628250	629500	
600500	620500	600500	620500	600500	
633250	620500	633250	620500	633250	
616250	614250	616250	614250	616250	
635000	637500	635000	637500	635000	
621750	620000	621750	620000	621750	
618750	631250	618750	631250	618750	
630000	625000	630000	625000	630000	
619250	640750	619250	640750	619250	
645250	620000	645250	620000	645250	
618000	635000	618000	635000	618000	
637000	624250	637000	624250	637000	
617500	633750	617500	633750	617500	
618000	623750	618000	623750	618000	
637500	631250	637500	631250	637500	
628750	613750	628750	613750	628750	
620500	624250	620500	624250	620500	
633750	624250	633750	624250	633750	
625000	620500	625000	620500	625000	
621250	630750	621250	630750	621250	
625500	639500	625500	639500	625500	
625000	635750	625000	635750	625000	
632000	640750	632000	640750	632000	
626250	627500	626250	627500	626250	
637000	613750	637000	613750	637000	
631250	635750	631250	635750	631250	
636250	638750	636250	638750	636250	
618000	618750	618000	618750	618000	
639500	621250	639500	621250	639500	
614250	619250	614250	619250	614250	
626750	626250	626750	626250	626750	
633250	635750	633250	635750	633250	
621250	621750	621250	621750	621250	
632000	648250	632000	648250	632000	
624250	613000	624250	613000	624250	
624250	630750	624250	630750	624250	
617500	638750	617500	638750	617500	
623000	657000	623000	657000	623000	
609250	623750	609250	623750	609250	
615500	626250	615500	626250	615500	
623000	632500	623000	632500	623000	
612500	630750	612500	630750	612500	
622500	611750	622500	611750	622500	
621750	624250	621750	624250	621750	
633750	619250	633750	619250	633750	
635000	617500	635000	617500	635000	
615000	630000	615000	630000	615000	
621250	616750	621250	616750	621250	
621750	643250	621750	643250	621750	
640750	644500	640750	644500	640750	
621250	615000	621250	615000	621250	
641250	613750	641250	613750	641250	
633250	624250	633250	624250	633250	
628250	630000	628250	630000	628250	
626250	624250	626250	624250	626250	
609250	627500	609250	627500	609250	
635750	616750	635750	616750	635750	
623750	620500	623750	620500	623750	
627500	620000	627500	620000	627500	
623000	623000	623000	623000	623000	
637000	625000	637000	625000	637000	
651500	642000	651500	642000	651500	
626750	617500	626750	617500	626750	
625000	617500	625000	617500	625000	
621250	623750	621250	623750	621250	
643250	637500	643250	637500	643250	
620500	638250	620500	638250	620500	
634500	647750	634500	647750	634500	
617500	622500	617500	622500	617500	
604250	629500	604250	629500	604250	
630000	623750	630000	623750	630000	
631250	627500	631250	627500	631250	
632000	612500	632000	612500	632000	
641250	630000	641250	630000	641250	
639500	642000	639500	642000	639500	
642500	634500	642500	634500	642500	
619250	623750	619250	623750	619250	
628250	622500	628250	622500	628250	
621750	627500	621750	627500	621750	
649500	640750	649500	640750	649500	
630000	614250	630000	614250	630000	
626750	640750	626750	640750	626750	
616250	626250	616250	626250	616250	
630750	622500	630750	622500	630750	
630750	631250	630750	631250	630750	
620000	619250	620000	619250	620000	
626750	631250	626750	631250	626750	
643250	614250	643250	614250	643250	
628750	621250	628750	621250	628750	
613750	633250	613750	633250	613750	
628750	621750	628750	621750	628750	
633250	625500	633250	625500	633250	
607250	620500	607250	620500	607250	
620500	644500	620500	644500	620500	
639500	640000	639500	640000	639500	
628250	628250	628250	628250	628250	
636250	635000	636250	635000	636250	
622500	635000	622500	635000	622500	
628750	618000	628750	618000	628750	
638250	620000	638250	620000	638250	
622500	627500	622500	627500	622500	
632000	612500	632000	612500	632000	
631250	645250	631250	645250	631250	
642000	626250	642000	626250	642000	
641250	617500	641250	617500	641250	
616250	642500	616250	642500	616250	
635750	647750	635750	647750	635750	
628250	661500	628250	661500	628250	
635750	633250	635750	633250	635750	
644500	633750	644500	633750	644500	
643250	631250	643250	631250	643250	
631250	625000	631250	625000	631250	
609750	644500	609750	644500	609750	
632500	647750	632500	647750	632500	
610500	629500	610500	629500	610500	
637500	629500	637500	629500	637500	
633250	623750	633250	623750	633250	
638750	621750	638750	621750	638750	
630000	625000	630000	625000	630000	
635000	634500	635000	634500	635000	
642500	632000	642500	632000	642500	
637500	634500	637500	634500	637500	
626750	639500	626750	639500	626750	
628750	628750	628750	628750	628750	
645250	626750	645250	626750	645250	
632500	628250	632500	628250	632500	
618750	632000	618750	632000	618750	
626750	642000	626750	642000	626750	
630750	618000	630750	618000	630750	
625000	643250	625000	643250	625000	
627500	613750	627500	613750	627500	
635750	630750	635750	630750	635750	
632000	632000	632000	632000	632000	
637500	654000	637500	654000	637500	
630000	628750	630000	628750	630000	
616250	628250	616250	628250	616250	
630000	637500	630000	637500	630000	
626750	644500	626750	644500	626750	
628750	630750	628750	630750	628750	
627500	644500	627500	644500	627500	
637000	627500	637000	627500	637000	
644000	633750	644000	633750	644000	
620500	647000	620500	647000	620500	
634500	617500	634500	617500	634500	
615000	632000	615000	632000	615000	
625500	633750	625500	633750	625500	
644500	614250	644500	614250	644500	
625000	633250	625000	633250	625000	
634500	626250	634500	626250	634500	
635000	626750	635000	626750	635000	
646500	634500	646500	634500	646500	
628250	640750	628250	640750	628250	
630000	638750	630000	638750	630000	
642000	629500	642000	629500	642000	
630000	625500	630000	625500	630000	
626750	642000	626750	642000	626750	
636250	617500	636250	617500	636250	
626250	628250	626250	628250	626250	
639500	638250	639500	638250	639500	
622500	618750	622500	618750	622500	
629500	644500	629500	644500	629500	
621750	632500	621750	632500	621750	
647000	627500	647000	627500	647000	
619250	630000	619250	630000	619250	
636250	647000	636250	647000	636250	
659750	644500	659750	644500	659750	
618000	631250	618000	631250	618000	
621750	633750	621750	633750	621750	
616750	635000	616750	635000	616750	
637000	618000	637000	618000	637000	
630750	621750	630750	621750	630750	
637500	619250	637500	619250	637500	
630750	640750	630750	640750	630750	
630750	630000	630750	630000	630750	
649500	649000	649500	649000	649500	
621250	626750	621250	626750	621250	
623750	634500	623750	634500	623750	
635000	618750	635000	618750	635000	
633750	627500	633750	627500	633750	
625500	634500	625500	634500	625500	
626750	623000	626750	623000	626750	
633250	620500	633250	620500	633250	
641250	633250	641250	633250	641250	
634500	616250	634500	616250	634500	
635000	628250	635000	628250	635000	
632000	652750	632000	652750	632000	
623750	620000	623750	620000	623750	
634500	622500	634500	622500	634500	
623000	618000	623000	618000	623000	
621250	628750	621250	628750	621250	
626750	627500	626750	627500	626750	
635750	630000	635750	630000	635750	
638250	638750	638250	638750	638250	
632500	630000	632500	630000	632500	
640750	611750	640750	611750	640750	
632000	635000	632000	635000	632000	
632500	651500	632500	651500	632500	
637500	635750	637500	635750	637500	
627500	650250	627500	650250	627500	
632500	626750	632500	626750	632500	
632000	615000	632000	615000	632000	
637500	614250	637500	614250	637500	
647750	630000	647750	630000	647750	
630000	626250	630000	626250	630000	
609750	640750	609750	640750	609750	
619250	632500	619250	632500	619250	
618750	624250	618750	624250	618750	
659000	621250	659000	621250	659000	
618750	643250	618750	643250	618750	
625000	636250	625000	636250	625000	
638250	628750	638250	628750	638250	
626750	625500	626750	625500	626750	
624250	621750	624250	621750	624250	
626750	623750	626750	623750	626750	
637500	624250	637500	624250	637500	
632500	606750	632500	606750	632500	
629500	635000	629500	635000	629500	
638250	620500	638250	620500	638250	
634500	628250	634500	628250	634500	
626250	628250	626250	628250	626250	
625000	644500	625000	644500	625000	
634500	628750	634500	628750	634500	
625000	633750	625000	633750	625000	
629500	642500	629500	642500	629500	
634500	615000	634500	615000	634500	
599750	630750	599750	630750	599750	
626750	633250	626750	633250	626750	
635000	644500	635000	644500	635000	
618000	654000	618000	654000	618000	
625500	637500	625500	637500	625500	
623750	621250	623750	621250	623750	
635750	623750	635750	623750	635750	
635000	634500	635000	634500	635000	
626250	634500	626250	634500	626250	
637500	626250	637500	626250	637500	
650750	621750	650750	621750	650750	
635000	628250	635000	628250	635000	
637500	639500	637500	639500	637500	
624250	623000	624250	623000	624250	
644000	635750	644000	635750	644000	
625000	620500	625000	620500	625000	
628750	646500	628750	646500	628750	
641250	625500	641250	625500	641250	
624250	615000	624250	615000	624250	
620500	640000	620500	640000	620500	
625000	637500	625000	637500	625000	
624250	633250	624250	633250	624250	
626750	622500	626750	622500	626750	
637000	621250	637000	621250	637000	
630000	625000	630000	625000	630000	
618750	637500	618750	637500	618750	
630750	631250	630750	631250	630750	
610500	633750	610500	633750	610500	
616750	639500	616750	639500	616750	
626250	632500	626250	632500	626250	
624250	623750	624250	623750	624250	
646500	634500	646500	634500	646500	
618750	649500	618750	649500	618750	
643250	633250	643250	633250	643250	
621750	628750	621750	628750	621750	
613000	638250	613000	638250	613000	
640750	644500	640750	644500	640750	
644500	653250	644500	653250	644500	
638750	617500	638750	617500	638750	
632000	619250	632000	619250	632000	
627500	638750	627500	638750	627500	
609750	625500	609750	625500	609750	
635750	628750	635750	628750	635750	
619250	633750	619250	633750	619250	
620500	632000	620500	632000	620500	
627500	630750	627500	630750	627500	
632500	623750	632500	623750	632500	
631250	632000	631250	632000	631250	
618000	606750	618000	606750	618000	
636250	615500	636250	615500	636250	
633750	637500	633750	637500	633750	
622500	635750	622500	635750	622500	
643250	626750	643250	626750	643250	
631250	632000	631250	632000	631250	
624250	622500	624250	622500	624250	
635750	632500	635750	632500	635750	
654000	636250	654000	636250	654000	
630000	630750	630000	630750	630000	
634500	630750	634500	630750	634500	
621750	627500	621750	627500	621750	
637500	636250	637500	636250	637500	
630750	649500	630750	649500	630750	
637500	640000	637500	640000	637500	
633250	626250	633250	626250	633250	
628250	623750	628250	623750	628250	
627500	639500	627500	639500	627500	
656500	625500	656500	625500	656500	
649000	635000	649000	635000	649000	
625000	629500	625000	629500	625000	
620000	621750	620000	621750	620000	
656500	625500	656500	625500	656500	
645750	625000	645750	625000	645750	
649500	615000	649500	615000	649500	
638750	630750	638750	630750	638750	
637500	643250	637500	643250	637500	
634500	620000	634500	620000	634500	
635000	641250	635000	641250	635000	
626750	640000	626750	640000	626750	
642000	631250	642000	631250	642000	
637500	628750	637500	628750	637500	
615500	623750	615500	623750	615500	
621250	610500	621250	610500	621250	
642000	645250	642000	645250	642000	
638250	638250	638250	638250	638250	
645250	639500	645250	639500	645250	
616250	632000	616250	632000	616250	
616750	631250	616750	631250	616750	
634500	625000	634500	625000	634500	
642500	620000	642500	620000	642500	
617500	643250	617500	643250	617500	
616750	626750	616750	626750	616750	
630750	653250	630750	653250	630750	
632000	631250	632000	631250	632000	
626250	642500	626250	642500	626250	
647750	642500	647750	642500	647750	
626750	626750	626750	626750	626750	
626250	631250	626250	631250	626250	
639500	632000	639500	632000	639500	
625500	620000	625500	620000	625500	
640000	616250	640000	616250	640000	
644500	640750	644500	640750	644500	
647000	632000	647000	632000	647000	
633250	638250	633250	638250	633250	
621250	627500	621250	627500	621250	
625000	623000	625000	623000	625000	
626750	640000	626750	640000	626750	
658500	640750	658500	640750	658500	
631250	630000	631250	630000	631250	
638250	640000	638250	640000	638250	
627500	615000	627500	615000	627500	
640750	640000	640750	640000	640750	
630000	632500	630000	632500	630000	
614250	620000	614250	620000	614250	
638750	621250	638750	621250	638750	
622500	645250	622500	645250	622500	
631250	617500	631250	617500	631250	
636250	644000	636250	644000	636250	
624250	618750	624250	618750	624250	
637000	628250	637000	628250	637000	
625000	627500	625000	627500	625000	
623000	625000	623000	625000	623000	
628250	652000	628250	652000	628250	
632000	638250	632000	638250	632000	
623000	620000	623000	620000	623000	
646500	632500	646500	632500	646500	
636250	633750	636250	633750	636250	
625000	645750	625000	645750	625000	
620500	646500	620500	646500	620500	
637500	636250	637500	636250	637500	
630750	646500	630750	646500	630750	
613000	637000	613000	637000	613000	
654000	621250	654000	621250	654000	
635000	629500	635000	629500	635000	
631250	629500	631250	629500	631250	
635000	621750	635000	621750	635000	
655250	653250	655250	653250	655250	
629500	637000	629500	637000	629500	
628750	642000	628750	642000	628750	
642000	644500	642000	644500	642000	
640000	638250	640000	638250	640000	
628750	646500	628750	646500	628750	
648250	640750	648250	640750	648250	
625500	615500	625500	615500	625500	
618000	638250	618000	638250	618000	
630000	616250	630000	616250	630000	
626750	639500	626750	639500	626750	
627500	632500	627500	632500	627500	
641250	647750	641250	647750	641250	
659000	638750	659000	638750	659000	
617500	638250	617500	638250	617500	
645750	634500	645750	634500	645750	
628750	632500	628750	632500	628750	
632000	616250	632000	616250	632000	
658500	621750	658500	621750	658500	
626250	633750	626250	633750	626250	
632500	652000	632500	652000	632500	
635750	633750	635750	633750	635750	
632000	620500	632000	620500	632000	
621250	624250	621250	624250	621250	
630750	632000	630750	632000	630750	
640000	633250	640000	633250	640000	
640000	648250	640000	648250	640000	
639500	636250	639500	636250	639500	
620500	650750	620500	650750	620500	
626250	642000	626250	642000	626250	
632500	637500	632500	637500	632500	
631250	640000	631250	640000	631250	
630750	628250	630750	628250	630750	
623750	633750	623750	633750	623750	
623000	638250	623000	638250	623000	
626250	626250	626250	626250	626250	
629500	626250	629500	626250	629500	
645250	620000	645250	620000	645250	
637000	625500	637000	625500	637000	
642500	632500	642500	632500	642500	
644500	637000	644500	637000	644500	
639500	640750	639500	640750	639500	
645250	631250	645250	631250	645250	
621750	638750	621750	638750	621750	
623750	630000	623750	630000	623750	
615500	629500	615500	629500	615500	
637000	661500	637000	661500	637000	
632500	642000	632500	642000	632500	
633250	630750	633250	630750	633250	
638250	628750	638250	628750	638250	
626250	639500	626250	639500	626250	
638250	643250	638250	643250	638250	
617500	635750	617500	635750	617500	
632500	621250	632500	621250	632500	
637500	638250	637500	638250	637500	
638250	615500	638250	615500	638250	
630000	641250	630000	641250	630000	
630000	625000	630000	625000	630000	
631250	632000	631250	632000	631250	
641250	656500	641250	656500	641250	
649000	637500	649000	637500	649000	
625000	618000	625000	618000	625000	
625000	617500	625000	617500	625000	
642000	632000	642000	632000	642000	
637000	620500	637000	620500	637000	
629500	631250	629500	631250	629500	
636250	641250	636250	641250	636250	
631250	628750	631250	628750	631250	
642000	621750	642000	621750	642000	
625500	640000	625500	640000	625500	
637000	623000	637000	623000	637000	
630750	652000	630750	652000	630750	
623000	649500	623000	649500	623000	
634500	616750	634500	616750	634500	
631250	615000	631250	615000	631250	
615500	644000	615500	644000	615500	
621250	629500	621250	629500	621250	
656500	626750	656500	626750	656500	
637000	634500	637000	634500	637000	
626750	628750	626750	628750	626750	
640000	620500	640000	620500	640000	
658500	632000	658500	632000	658500	
625500	624250	625500	624250	625500	
643250	638250	643250	638250	643250	
630750	633250	630750	633250	630750	
626250	642500	626250	642500	626250	
637500	634500	637500	634500	637500	
630000	625500	630000	625500	630000	
603500	638750	603500	638750	603500	
628750	645250	628750	645250	628750	
639500	628750	639500	628750	639500	
632500	640750	632500	640750	632500	
631250	640000	631250	640000	631250	
650750	626750	650750	626750	650750	
637000	622500	637000	622500	637000	
621750	650750	621750	650750	621750	
637500	630000	637500	630000	637500	
642000	626250	642000	626250	642000	
621250	634500	621250	634500	621250	
632000	642500	632000	642500	632000	
628250	638750	628250	638750	628250	
638750	618750	638750	618750	638750	
625500	623000	625500	623000	625500	
648250	624250	648250	624250	648250	
635750	636250	635750	636250	635750	
628750	644500	628750	644500	628750	
614250	640750	614250	640750	614250	
630000	630000	630000	630000	630000	
616250	633250	616250	633250	616250	
631250	611750	631250	611750	631250	
642000	640750	642000	640750	642000	
645750	632500	645750	632500	645750	
652750	630000	652750	630000	652750	
633250	625000	633250	625000	633250	
652000	626750	652000	626750	652000	
630750	626250	630750	626250	630750	
632500	636250	632500	636250	632500	
641250	644000	641250	644000	641250	
626250	650250	626250	650250	626250	
637000	628250	637000	628250	637000	
631250	628250	631250	628250	631250	
622500	632000	622500	632000	622500	
648250	644500	648250	644500	648250	
626750	651500	626750	651500	626750	
630750	621250	630750	621250	630750	
639500	638750	639500	638750	639500	
615000	619250	615000	619250	615000	
625000	625500	625000	625500	625000	
628250	643250	628250	643250	628250	
628750	620500	628750	620500	628750	
639500	625500	639500	625500	639500	
621250	635750	621250	635750	621250	
617500	646500	617500	646500	617500	
627500	626250	627500	626250	627500	
633250	625000	633250	625000	633250	
633250	621250	633250	621250	633250	
633250	640000	633250	640000	633250	
628750	613000	628750	613000	628750	
641250	635750	641250	635750	641250	
631250	649000	631250	649000	631250	
627500	638250	627500	638250	627500	
615000	632500	615000	632500	615000	
626750	630000	626750	630000	626750	
638250	635000	638250	635000	638250	
638250	628250	638250	628250	638250	
644000	640000	644000	640000	644000	
613750	638750	613750	638750	613750	
633250	621250	633250	621250	633250	
632500	626250	632500	626250	632500	
631250	620000	631250	620000	631250	
615500	637500	615500	637500	615500	
628250	628250	628250	628250	628250	
637500	637000	637500	637000	637500	
627500	632000	627500	632000	627500	
628250	635000	628250	635000	628250	
615000	627500	615000	627500	615000	
617500	661500	617500	661500	617500	
613750	652000	613750	652000	613750	
641250	623000	641250	623000	641250	
625000	636250	625000	636250	625000	
622500	637500	622500	637500	622500	
622500	628250	622500	628250	622500	
630750	624250	630750	624250	630750	
615500	626250	615500	626250	615500	
633750	630750	633750	630750	633750	
618750	628750	618750	628750	618750	
626250	633750	626250	633750	626250	
636250	632000	636250	632000	636250	
637500	625500	637500	625500	637500	
632000	637500	632000	637500	632000	
633250	630750	633250	630750	633250	
632000	623000	632000	623000	632000	
629500	633250	629500	633250	629500	
628750	637500	628750	637500	628750	
638250	609750	638250	609750	638250	
633750	640000	633750	640000	633750	
624250	638750	624250	638750	624250	
639500	627500	639500	627500	639500	
647000	644000	647000	644000	647000	
625000	632500	625000	632500	625000	
628250	641250	628250	641250	628250	
642000	621750	642000	621750	642000	
618000	637500	618000	637500	618000	
618000	616750	618000	616750	618000	
628750	633750	628750	633750	628750	
633750	643250	633750	643250	633750	
638250	634500	638250	634500	638250	
635000	633750	635000	633750	635000	
630000	642000	630000	642000	630000	
629500	630750	629500	630750	629500	
645750	627500	645750	627500	645750	
644000	638250	644000	638250	644000	
627500	628250	627500	628250	627500	
642500	637000	642500	637000	642500	
629500	638750	629500	638750	629500	
627500	626250	627500	626250	627500	
630750	631250	630750	631250	630750	
623750	636250	623750	636250	623750	
641250	628250	641250	628250	641250	
625500	621750	625500	621750	625500	
626250	623000	626250	623000	626250	
635000	625500	635000	625500	635000	
635750	635750	635750	635750	635750	
632000	621250	632000	621250	632000	
641250	621750	641250	621750	641250	
606750	608500	606750	608500	606750	
641250	631250	641250	631250	641250	
635000	631250	635000	631250	635000	
639500	629500	639500	629500	639500	
623000	634500	623000	634500	623000	
638250	630750	638250	630750	638250	
623000	628250	623000	628250	623000	
626250	623000	626250	623000	626250	
633250	620500	633250	620500	633250	
630000	634500	630000	634500	630000	
664000	615000	664000	615000	664000	
631250	630000	631250	630000	631250	
621750	632500	621750	632500	621750	
611000	644000	611000	644000	611000	
621250	629500	621250	629500	621250	
625500	640000	625500	640000	625500	
632000	628750	632000	628750	632000	
639500	627500	639500	627500	639500	
633250	637000	633250	637000	633250	
621750	653250	621750	653250	621750	
633750	635000	633750	635000	633750	
648250	635750	648250	635750	648250	
643250	645250	643250	645250	643250	
641250	626750	641250	626750	641250	
628250	636250	628250	636250	628250	
639500	628750	639500	628750	639500	
632500	631250	632500	631250	632500	
626250	640000	626250	640000	626250	
618000	640750	618000	640750	618000	
625000	633250	625000	633250	625000	
639500	644500	639500	644500	639500	
638750	628250	638750	628250	638750	
616750	644000	616750	644000	616750	
642500	623750	642500	623750	642500	
630000	630000	630000	630000	630000	
621750	623000	621750	623000	621750	
644500	645250	644500	645250	644500	
630750	632000	630750	632000	630750	
646500	637000	646500	637000	646500	
644000	612500	644000	612500	644000	
634500	632500	634500	632500	634500	
619250	637500	619250	637500	619250	
623750	637000	623750	637000	623750	
649500	640750	649500	640750	649500	
628250	633750	628250	633750	628250	
647000	652750	647000	652750	647000	
639500	637500	639500	637500	639500	
630750	648250	630750	648250	630750	
618000	631250	618000	631250	618000	
612500	633250	612500	633250	612500	
623000	645250	623000	645250	623000	
619250	627500	619250	627500	619250	
623750	622500	623750	622500	623750	
635000	629500	635000	629500	635000	
632500	630000	632500	630000	632500	
625000	646500	625000	646500	625000	
603000	636250	603000	636250	603000	
639500	627500	639500	627500	639500	
627500	630750	627500	630750	627500	
633750	632500	633750	632500	633750	
651500	625500	651500	625500	651500	
631250	629500	631250	629500	631250	
633250	632500	633250	632500	633250	
649000	640000	649000	640000	649000	
639500	640000	639500	640000	639500	
644500	628750	644500	628750	644500	
635750	635750	635750	635750	635750	
631250	627500	631250	627500	631250	
637000	638750	637000	638750	637000	
619250	632500	619250	632500	619250	
608000	645750	608000	645750	608000	
637500	654000	637500	654000	637500	
639500	628750	639500	628750	639500	
648250	625500	648250	625500	648250	
620500	626250	620500	626250	620500	
641250	630000	641250	630000	641250	
647750	632000	647750	632000	647750	
633250	613000	633250	613000	633250	
638750	618750	638750	618750	638750	
627500	632000	627500	632000	627500	
634500	630000	634500	630000	634500	
635000	648250	635000	648250	635000	
641250	636250	641250	636250	641250	
643250	620500	643250	620500	643250	
637500	616750	637500	616750	637500	
632000	621250	632000	621250	632000	
633750	625000	633750	625000	633750	
635750	620500	635750	620500	635750	
642500	621250	642500	621250	642500	
631250	604250	631250	604250	631250	
629500	621750	629500	621750	629500	
645750	631250	645750	631250	645750	
630000	633750	630000	633750	630000	
630000	616750	630000	616750	630000	
626750	633250	626750	633250	626750	
637000	637000	637000	637000	637000	
626250	619250	626250	619250	626250	
626250	640750	626250	640750	626250	
623750	638250	623750	638250	623750	
632000	647750	632000	647750	632000	
629500	623000	629500	623000	629500	
629500	654500	629500	654500	629500	
625500	628750	625500	628750	625500	
633250	632500	633250	632500	633250	
630750	631250	630750	631250	630750	
630750	631250	630750	631250	630750	
649500	635750	649500	635750	649500	
646500	626750	646500	626750	646500	
647750	644000	647750	644000	647750	
626250	630750	626250	630750	626250	
612500	652000	612500	652000	612500	
634500	642500	634500	642500	634500	
633250	623000	633250	623000	633250	
636250	629500	636250	629500	636250	
638250	641250	638250	641250	638250	
632500	639500	632500	639500	632500	
635750	630000	635750	630000	635750	
625000	644000	625000	644000	625000	
638250	634500	638250	634500	638250	
644000	626750	644000	626750	644000	
644000	615500	644000	615500	644000	
631250	647750	631250	647750	631250	
641250	611750	641250	611750	641250	
641250	633250	641250	633250	641250	
630750	638250	630750	638250	630750	
628250	644000	628250	644000	628250	
625500	654000	625500	654000	625500	
637000	621750	637000	621750	637000	
650750	631250	650750	631250	650750	
635000	641250	635000	641250	635000	
638750	642000	638750	642000	638750	
626250	637000	626250	637000	626250	
625500	619250	625500	619250	625500	
630000	623000	630000	623000	630000	
645250	637000	645250	637000	645250	
635750	634500	635750	634500	635750	
633250	618000	633250	618000	633250	
631250	633250	631250	633250	631250	
630000	640000	630000	640000	630000	
618750	647000	618750	647000	618750	
638750	642000	638750	642000	638750	
640000	630000	640000	630000	640000	
618000	645250	618000	645250	618000	
607250	635000	607250	635000	607250	
629500	629500	629500	629500	629500	
642000	624250	642000	624250	642000	
632500	626250	632500	626250	632500	
632500	623750	632500	623750	632500	
632500	630000	632500	630000	632500	
633250	633250	633250	633250	633250	
637000	639500	637000	639500	637000	
654000	634500	654000	634500	654000	
633750	639500	633750	639500	633750	
630000	631250	630000	631250	630000	
638750	626250	638750	626250	638750	
620500	635750	620500	635750	620500	
615500	634500	615500	634500	615500	
632000	629500	632000	629500	632000	
621250	637000	621250	637000	621250	
640750	630750	640750	630750	640750	
644000	615000	644000	615000	644000	
632500	628250	632500	628250	632500	
632000	620500	632000	620500	632000	
634500	629500	634500	629500	634500	
632500	627500	632500	627500	632500	
625500	635000	625500	635000	625500	
645250	637500	645250	637500	645250	
623000	620000	623000	620000	623000	
637000	645750	637000	645750	637000	
637500	623750	637500	623750	637500	
637500	630000	637500	630000	637500	
626250	650250	626250	650250	626250	
635000	636250	635000	636250	635000	
635750	640000	635750	640000	635750	
632500	638250	632500	638250	632500	
635000	641250	635000	641250	635000	
619250	638750	619250	638750	619250	
625000	625500	625000	625500	625000	
636250	626250	636250	626250	636250	
628750	633750	628750	633750	628750	
625000	625500	625000	625500	625000	
637000	628250	637000	628250	637000	
636250	632500	636250	632500	636250	
620500	633250	620500	633250	620500	
630750	637000	630750	637000	630750	
611000	627500	611000	627500	611000	
639500	616250	639500	616250	639500	
633250	631250	633250	631250	633250	
630000	635000	630000	635000	630000	
633750	626750	633750	626750	633750	
650750	631250	650750	631250	650750	
632000	640750	632000	640750	632000	
623750	626750	623750	626750	623750	
628750	636250	628750	636250	628750	
632000	652000	632000	652000	632000	
628750	624250	628750	624250	628750	
635750	623750	635750	623750	635750	
621750	639500	621750	639500	621750	
635750	618000	635750	618000	635750	
626750	626750	626750	626750	626750	
638250	611750	638250	611750	638250	
623750	637000	623750	637000	623750	
621750	624250	621750	624250	621750	
638750	627500	638750	627500	638750	
619250	635750	619250	635750	619250	
616250	639500	616250	639500	616250	
645750	648250	645750	648250	645750	
634500	642000	634500	642000	634500	
633250	645250	633250	645250	633250	
629500	649000	629500	649000	629500	
633250	642000	633250	642000	633250	
628750	636250	628750	636250	628750	
652000	624250	652000	624250	652000	
632500	633750	632500	633750	632500	
619250	632000	619250	632000	619250	
640000	634500	640000	634500	640000	
634500	653250	634500	653250	634500	
634500	629500	634500	629500	634500	
635000	637000	635000	637000	635000	
667250	637000	667250	637000	667250	
630000	633250	630000	633250	630000	
630750	633750	630750	633750	630750	
623000	632000	623000	632000	623000	
630000	643250	630000	643250	630000	
632000	614250	632000	614250	632000	
622500	647750	622500	647750	622500	
621250	625500	621250	625500	621250	
626250	629500	626250	629500	626250	
627500	641250	627500	641250	627500	
634500	633250	634500	633250	634500	
625000	635000	625000	635000	625000	
610500	622500	610500	622500	610500	
648250	609250	648250	609250	648250	
630000	623000	630000	623000	630000	
657000	633750	657000	633750	657000	
636250	638750	636250	638750	636250	
641250	633750	641250	633750	641250	
640000	629500	640000	629500	640000	
630000	645250	630000	645250	630000	
632000	654500	632000	654500	632000	
634500	626750	634500	626750	634500	
626750	630750	626750	630750	626750	
635000	633250	635000	633250	635000	
649000	623750	649000	623750	649000	
635750	642000	635750	642000	635750	
624250	624250	624250	624250	624250	
630750	649000	630750	649000	630750	
626250	657750	626250	657750	626250	
623000	649500	623000	649500	623000	
638750	634500	638750	634500	638750	
637000	613000	637000	613000	637000	
623750	642000	623750	642000	623750	
638250	620000	638250	620000	638250	
631250	643250	631250	643250	631250	
640750	625500	640750	625500	640750	
626750	623750	626750	623750	626750	
635750	633250	635750	633250	635750	
640000	636250	640000	636250	640000	
635750	630000	635750	630000	635750	
635000	628750	635000	628750	635000	
645750	628250	645750	628250	645750	
664000	621250	664000	621250	664000	
627500	624250	627500	624250	627500	
640000	628750	640000	628750	640000	
627500	633250	627500	633250	627500	
651500	628750	651500	628750	651500	
645750	633250	645750	633250	645750	
630000	628250	630000	628250	630000	
622500	647000	622500	647000	622500	
645250	627500	645250	627500	645250	
615500	639500	615500	639500	615500	
642500	638750	642500	638750	642500	
636250	641250	636250	641250	636250	
637500	634500	637500	634500	637500	
627500	632500	627500	632500	627500	
628750	634500	628750	634500	628750	
627500	623000	627500	623000	627500	
623000	628250	623000	628250	623000	
627500	626750	627500	626750	627500	
644000	620000	644000	620000	644000	
630750	623000	630750	623000	630750	
623750	637500	623750	637500	623750	
636250	622500	636250	622500	636250	
620000	628250	620000	628250	620000	
632000	628750	632000	628750	632000	
628750	645250	628750	645250	628750	
625500	617500	625500	617500	625500	
628250	621250	628250	621250	628250	
646500	627500	646500	627500	646500	
614250	632000	614250	632000	614250	
628250	636250	628250	636250	628250	
633750	651500	633750	651500	633750	
633750	625500	633750	625500	633750	
639500	641250	639500	641250	639500	
615500	638250	615500	638250	615500	
633750	616750	633750	616750	633750	
626750	653250	626750	653250	626750	
634500	636250	634500	636250	634500	
632000	628250	632000	628250	632000	
623750	641250	623750	641250	623750	
633250	634500	633250	634500	633250	
650750	633750	650750	633750	650750	
626750	632000	626750	632000	626750	
628250	627500	628250	627500	628250	
626750	632000	626750	632000	626750	
644000	649500	644000	649500	644000	
623750	643250	623750	643250	623750	
616750	632000	616750	632000	616750	
616250	626250	616250	626250	616250	
623000	642000	623000	642000	623000	
626750	647000	626750	647000	626750	
615500	632500	615500	632500	615500	
629500	634500	629500	634500	629500	
619250	625500	619250	625500	619250	
621250	658500	621250	658500	621250	
628250	626750	628250	626750	628250	
625000	647750	625000	647750	625000	
634500	630750	634500	630750	634500	
629500	630000	629500	630000	629500	
628250	635000	628250	635000	628250	
628750	650750	628750	650750	628750	
623750	630000	623750	630000	623750	
630750	638750	630750	638750	630750	
633250	620000	633250	620000	633250	
626250	636250	626250	636250	626250	
624250	647750	624250	647750	624250	
643250	631250	643250	631250	643250	
631250	637000	631250	637000	631250	
627500	623750	627500	623750	627500	
632000	632000	632000	632000	632000	
626750	646500	626750	646500	626750	
620000	638250	620000	638250	620000	
637000	637000	637000	637000	637000	
617500	633250	617500	633250	617500	
628250	629500	628250	629500	628250	
629500	658500	629500	658500	629500	
635000	628750	635000	628750	635000	
623000	632000	623000	632000	623000	
622500	626250	622500	626250	622500	
631250	644500	631250	644500	631250	
615500	620000	615500	620000	615500	
626250	621750	626250	621750	626250	
636250	624250	636250	624250	636250	
633750	642000	633750	642000	633750	
624250	625500	624250	625500	624250	
632500	623750	632500	623750	632500	
649500	640750	649500	640750	649500	
635750	620500	635750	620500	635750	
626750	635750	626750	635750	626750	
644500	626250	644500	626250	644500	
640000	650750	640000	650750	640000	
623000	638750	623000	638750	623000	
626250	644000	626250	644000	626250	
621750	625000	621750	625000	621750	
637000	626750	637000	626750	637000	
640000	647750	640000	647750	640000	
626250	630750	626250	630750	626250	
626750	620500	626750	620500	626750	
626750	637500	626750	637500	626750	
624250	649500	624250	649500	624250	
650250	635000	650250	635000	650250	
645750	626250	645750	626250	645750	
629500	635000	629500	635000	629500	
650750	628750	650750	628750	650750	
639500	621750	639500	621750	639500	
627500	625000	627500	625000	627500	
626250	630750	626250	630750	626250	
635750	631250	635750	631250	635750	
636250	633250	636250	633250	636250	
633250	632000	633250	632000	633250	
612500	632500	612500	632500	612500	
626750	635000	626750	635000	626750	
649000	644500	649000	644500	649000	
638250	630000	638250	630000	638250	
621250	629500	621250	629500	621250	
632500	628750	632500	628750	632500	
628250	636250	628250	636250	628250	
645750	645750	645750	645750	645750	
623750	646500	623750	646500	623750	
626750	628250	626750	628250	626750	
635000	634500	635000	634500	635000	
626250	643250	626250	643250	626250	
632500	618750	632500	618750	632500	
643250	638250	643250	638250	643250	
644500	650250	644500	650250	644500	
626250	620500	626250	620500	626250	
635750	641250	635750	641250	635750	
640000	614250	640000	614250	640000	
617500	617500	617500	617500	617500	
623000	618750	623000	618750	623000	
643250	613750	643250	613750	643250	
650250	640750	650250	640750	650250	
631250	628250	631250	628250	631250	
628750	623750	628750	623750	628750	
627500	647000	627500	647000	627500	
638750	632000	638750	632000	638750	
623750	640000	623750	640000	623750	
608000	641250	608000	641250	608000	
629500	638250	629500	638250	629500	
640000	643250	640000	643250	640000	
628250	629500	628250	629500	628250	
630750	627500	630750	627500	630750	
646500	623000	646500	623000	646500	
634500	615000	634500	615000	634500	
620000	637500	620000	637500	620000	
641250	620500	641250	620500	641250	
638750	616250	638750	616250	638750	
618000	640000	618000	640000	618000	
621750	635000	621750	635000	621750	
625000	617500	625000	617500	625000	
653250	628750	653250	628750	653250	
624250	644500	624250	644500	624250	
621250	633750	621250	633750	621250	
637000	631250	637000	631250	637000	
615000	632500	615000	632500	615000	
627500	639500	627500	639500	627500	
639500	615500	639500	615500	639500	
637000	635750	637000	635750	637000	
637000	623000	637000	623000	637000	
636250	636250	636250	636250	636250	
623750	638250	623750	638250	623750	
625500	633750	625500	633750	625500	
647000	644000	647000	644000	647000	
630750	656500	630750	656500	630750	
653250	624250	653250	624250	653250	
653250	630000	653250	630000	653250	
626250	632000	626250	632000	626250	
639500	637000	639500	637000	639500	
638750	630750	638750	630750	638750	
638750	637000	638750	637000	638750	
631250	636250	631250	636250	631250	
638250	625500	638250	625500	638250	
639500	623000	639500	623000	639500	
626750	637500	626750	637500	626750	
628250	620500	628250	620500	628250	
645750	632000	645750	632000	645750	
637500	625000	637500	625000	637500	
630750	631250	630750	631250	630750	
619250	642500	619250	642500	619250	
640000	651500	640000	651500	640000	
625000	638250	625000	638250	625000	
633750	632500	633750	632500	633750	
631250	654500	631250	654500	631250	
630750	622500	630750	622500	630750	
641250	632000	641250	632000	641250	
630000	630000	630000	630000	630000	
642000	623750	642000	623750	642000	
613000	625500	613000	625500	613000	
645250	641250	645250	641250	645250	
610500	634500	610500	634500	610500	
627500	651500	627500	651500	627500	
626750	624250	626750	624250	626750	
636250	631250	636250	631250	636250	
632500	649500	632500	649500	632500	
633750	628250	633750	628250	633750	
623750	633250	623750	633250	623750	
634500	629500	634500	629500	634500	
625500	630750	625500	630750	625500	
632500	626750	632500	626750	632500	
619250	632500	619250	632500	619250	
635750	637500	635750	637500	635750	
632000	633250	632000	633250	632000	
631250	635000	631250	635000	631250	
628750	629500	628750	629500	628750	
625500	608500	625500	608500	625500	
631250	626250	631250	626250	631250	
632000	627500	632000	627500	632000	
633250	632500	633250	632500	633250	
630750	635750	630750	635750	630750	
627500	628250	627500	628250	627500	
632000	645750	632000	645750	632000	
625500	636250	625500	636250	625500	
631250	635000	631250	635000	631250	
640000	631250	640000	631250	640000	
627500	626250	627500	626250	627500	
629500	638750	629500	638750	629500	
621250	620500	621250	620500	621250	
624250	645250	624250	645250	624250	
645250	637000	645250	637000	645250	
635000	632000	635000	632000	635000	
628250	638250	628250	638250	628250	
629500	627500	629500	627500	629500	
619250	636250	619250	636250	619250	
625000	628250	625000	628250	625000	
628750	626750	628750	626750	628750	
622500	615000	622500	615000	622500	
618000	630000	618000	630000	618000	
637000	638250	637000	638250	637000	
626250	635000	626250	635000	626250	
634500	630750	634500	630750	634500	
612500	632500	612500	632500	612500	
625000	641250	625000	641250	625000	
618000	626250	618000	626250	618000	
626750	655250	626750	655250	626750	
615500	616250	615500	616250	615500	
627500	622500	627500	622500	627500	
621250	639500	621250	639500	621250	
638750	620500	638750	620500	638750	
623000	627500	623000	627500	623000	
615000	620500	615000	620500	615000	
637500	618750	637500	618750	637500	
645750	643250	645750	643250	645750	
615500	654000	615500	654000	615500	
625000	625000	625000	625000	625000	
627500	633750	627500	633750	627500	
626250	634500	626250	634500	626250	
626250	625000	626250	625000	626250	
625000	628250	625000	628250	625000	
631250	636250	631250	636250	631250	
611000	635750	611000	635750	611000	
653250	621750	653250	621750	653250	
625500	611000	625500	611000	625500	
635000	641250	635000	641250	635000	
613000	625500	613000	625500	613000	
638250	630000	638250	630000	638250	
625000	604250	625000	604250	625000	
608500	637000	608500	637000	608500	
638750	648250	638750	648250	638750	
631250	645250	631250	645250	631250	
645250	632500	645250	632500	645250	
651500	642000	651500	642000	651500	
625500	635750	625500	635750	625500	
633250	632500	633250	632500	633250	
632000	626250	632000	626250	632000	
636250	642500	636250	642500	636250	
639500	625500	639500	625500	639500	
636250	627500	636250	627500	636250	
617500	628750	617500	628750	617500	
648250	614250	648250	614250	648250	
616750	630000	616750	630000	616750	
632000	631250	632000	631250	632000	
629500	651500	629500	651500	629500	
651500	630750	651500	630750	651500	
637500	632000	637500	632000	637500	
620500	620000	620500	620000	620500	
621750	630750	621750	630750	621750	
619250	635750	619250	635750	619250	
642000	636250	642000	636250	642000	
645250	623000	645250	623000	645250	
635000	646500	635000	646500	635000	
610500	609750	610500	609750	610500	
630750	635000	630750	635000	630750	
637000	625500	637000	625500	637000	
635000	631250	635000	631250	635000	
621250	634500	621250	634500	621250	
621250	633750	621250	633750	621250	
632500	633750	632500	633750	632500	
623000	616250	623000	616250	623000	
638750	620500	638750	620500	638750	
628250	633250	628250	633250	628250	
618000	638250	618000	638250	618000	
636250	629500	636250	629500	636250	
632500	639500	632500	639500	632500	
623000	628750	623000	628750	623000	
628750	618750	628750	618750	628750	
637500	636250	637500	636250	637500	
628250	645750	628250	645750	628250	
636250	634500	636250	634500	636250	
637500	650750	637500	650750	637500	
613000	638250	613000	638250	613000	
630000	629500	630000	629500	630000	
615000	627500	615000	627500	615000	
635750	623000	635750	623000	635750	
618750	641250	618750	641250	618750	
637500	630000	637500	630000	637500	
644000	628250	644000	628250	644000	
632500	612500	632500	612500	632500	
621250	627500	621250	627500	621250	
642000	632000	642000	632000	642000	
640000	644000	640000	644000	640000	
632000	632500	632000	632500	632000	
641250	635000	641250	635000	641250	
632000	625000	632000	625000	632000	
637000	608000	637000	608000	637000	
636250	635750	636250	635750	636250	
642000	637500	642000	637500	642000	
619250	626250	619250	626250	619250	
624250	638750	624250	638750	624250	
637000	640000	637000	640000	637000	
621750	628750	621750	628750	621750	
647000	650250	647000	650250	647000	
649500	637000	649500	637000	649500	
630750	621750	630750	621750	630750	
654500	626250	654500	626250	654500	
639500	624250	639500	624250	639500	
618000	633750	618000	633750	618000	
629500	629500	629500	629500	629500	
635000	621750	635000	621750	635000	
620500	645750	620500	645750	620500	
633250	626750	633250	626750	633250	
631250	633250	631250	633250	631250	
629500	638250	629500	638250	629500	
631250	652000	631250	652000	631250	
628750	625000	628750	625000	628750	
635000	628250	635000	628250	635000	
626750	631250	626750	631250	626750	
634500	636250	634500	636250	634500	
611750	634500	611750	634500	611750	
629500	625000	629500	625000	629500	
654000	637500	654000	637500	654000	
634500	619250	634500	619250	634500	
634500	639500	634500	639500	634500	
619250	613000	619250	613000	619250	
634500	637500	634500	637500	634500	
625500	641250	625500	641250	625500	
634500	620500	634500	620500	634500	
632000	637000	632000	637000	632000	
634500	631250	634500	631250	634500	
644500	644000	644500	644000	644500	
635000	629500	635000	629500	635000	
632000	615000	632000	615000	632000	
628250	619250	628250	619250	628250	
633250	638250	633250	638250	633250	
625500	626750	625500	626750	625500	
617500	642000	617500	642000	617500	
649500	621250	649500	621250	649500	
640000	642000	640000	642000	640000	
646500	623750	646500	623750	646500	
618750	620500	618750	620500	618750	
642500	628250	642500	628250	642500	
642000	623000	642000	623000	642000	
623750	635750	623750	635750	623750	
629500	634500	629500	634500	629500	
624250	617500	624250	617500	624250	
618750	628750	618750	628750	618750	
629500	615000	629500	615000	629500	
633250	638750	633250	638750	633250	
626750	632000	626750	632000	626750	
632000	632500	632000	632500	632000	
638250	614250	638250	614250	638250	
644500	637500	644500	637500	644500	
632500	616750	632500	616750	632500	
642000	620500	642000	620500	642000	
640750	623750	640750	623750	640750	
623750	640750	623750	640750	623750	
615500	637500	615500	637500	615500	
626250	647000	626250	647000	626250	
610500	622500	610500	622500	610500	
636250	624250	636250	624250	636250	
628250	621250	628250	621250	628250	
618750	630000	618750	630000	618750	
637000	615500	637000	615500	637000	
631250	625000	631250	625000	631250	
654500	644500	654500	644500	654500	
640000	615500	640000	615500	640000	
634500	638750	634500	638750	634500	
619250	637500	619250	637500	619250	
621750	632500	621750	632500	621750	
615500	630750	615500	630750	615500	
644000	636250	644000	636250	644000	
634500	649500	634500	649500	634500	
632000	618750	632000	618750	632000	
629500	622500	629500	622500	629500	
625000	632500	625000	632500	625000	
648250	633250	648250	633250	648250	
650750	638250	650750	638250	650750	
630750	643250	630750	643250	630750	
623000	626250	623000	626250	623000	
627500	636250	627500	636250	627500	
620000	636250	620000	636250	620000	
650250	645250	650250	645250	650250	
627500	626250	627500	626250	627500	
642500	647000	642500	647000	642500	
641250	628250	641250	628250	641250	
612500	630750	612500	630750	612500	
633750	630000	633750	630000	633750	
650250	632000	650250	632000	650250	
616250	628250	616250	628250	616250	
626750	615000	626750	615000	626750	
615000	633750	615000	633750	615000	
618000	642500	618000	642500	618000	
646500	625500	646500	625500	646500	
637000	632500	637000	632500	637000	
630750	622500	630750	622500	630750	
633750	630750	633750	630750	633750	
625000	632500	625000	632500	625000	
630750	625000	630750	625000	630750	
638250	628750	638250	628750	638250	
636250	651500	636250	651500	636250	
624250	640000	624250	640000	624250	
611000	617500	611000	617500	611000	
638750	642500	638750	642500	638750	
618750	638250	618750	638250	618750	
632000	621750	632000	621750	632000	
637000	633750	637000	633750	637000	
638250	626250	638250	626250	638250	
611750	635000	611750	635000	611750	
618000	632500	618000	632500	618000	
638250	608000	638250	608000	638250	
618000	637000	618000	637000	618000	
638750	642000	638750	642000	638750	
642000	638750	642000	638750	642000	
630000	644000	630000	644000	630000	
618750	631250	618750	631250	618750	
627500	620500	627500	620500	627500	
616750	626750	616750	626750	616750	
629500	642000	629500	642000	629500	
630000	626750	630000	626750	630000	
616750	619250	616750	619250	616750	
627500	622500	627500	622500	627500	
635750	628250	635750	628250	635750	
635750	632000	635750	632000	635750	
630000	620500	630000	620500	630000	
621750	640750	621750	640750	621750	
626250	638750	626250	638750	626250	
633750	632500	633750	632500	633750	
621250	633250	621250	633250	621250	
655250	632500	655250	632500	655250	
616750	635000	616750	635000	616750	
640750	635750	640750	635750	640750	
644500	625000	644500	625000	644500	
655750	635000	655750	635000	655750	
635000	632500	635000	632500	635000	
618000	645250	618000	645250	618000	
631250	633750	631250	633750	631250	
637000	638750	637000	638750	637000	
609750	630000	609750	630000	609750	
620000	636250	620000	636250	620000	
644000	633750	644000	633750	644000	
644500	643250	644500	643250	644500	
647000	644500	647000	644500	647000	
632500	620000	632500	620000	632500	
618750	618000	618750	618000	618750	
615500	611750	615500	611750	615500	
629500	646500	629500	646500	629500	
628250	624250	628250	624250	628250	
637500	623750	637500	623750	637500	
618000	626250	618000	626250	618000	
616250	616750	616250	616750	616250	
630750	625500	630750	625500	630750	
616250	629500	616250	629500	616250	
632500	626750	632500	626750	632500	
647750	637000	647750	637000	647750	
630750	644500	630750	644500	630750	
646500	636250	646500	636250	646500	
620500	634500	620500	634500	620500	
632500	643250	632500	643250	632500	
627500	630750	627500	630750	627500	
644000	632000	644000	632000	644000	
620500	632000	620500	632000	620500	
633750	647000	633750	647000	633750	
637500	638750	637500	638750	637500	
632500	646500	632500	646500	632500	
630750	630750	630750	630750	630750	
616250	604250	616250	604250	616250	
638250	609250	638250	609250	638250	
642500	618000	642500	618000	642500	
622500	625500	622500	625500	622500	
621250	616250	621250	616250	621250	
613000	624250	613000	624250	613000	
627500	649500	627500	649500	627500	
641250	642500	641250	642500	641250	
609750	633750	609750	633750	609750	
643250	637000	643250	637000	643250	
628750	640750	628750	640750	628750	
617500	654500	617500	654500	617500	
618000	631250	618000	631250	618000	
641250	629500	641250	629500	641250	
621250	625500	621250	625500	621250	
638250	637500	638250	637500	638250	
625000	629500	625000	629500	625000	
621250	638250	621250	638250	621250	
623000	645750	623000	645750	623000	
633250	649000	633250	649000	633250	
623750	646500	623750	646500	623750	
642500	633250	642500	633250	642500	
648250	656500	648250	656500	648250	
649000	623750	649000	623750	649000	
613750	649500	613750	649500	613750	
635750	640750	635750	640750	635750	
632500	628750	632500	628750	632500	
631250	623000	631250	623000	631250	
639500	628250	639500	628250	639500	
624250	633250	624250	633250	624250	
628750	631250	628750	631250	628750	
613750	634500	613750	634500	613750	
632000	623750	632000	623750	632000	
637000	618750	637000	618750	637000	
629500	641250	629500	641250	629500	
621750	620500	621750	620500	621750	
620500	620500	620500	620500	620500	
626750	625500	626750	625500	626750	
623000	619250	623000	619250	623000	
649500	629500	649500	629500	649500	
642000	644000	642000	644000	642000	
626250	633750	626250	633750	626250	
621750	640000	621750	640000	621750	
631250	624250	631250	624250	631250	
604250	626750	604250	626750	604250	
639500	614250	639500	614250	639500	
623000	625500	623000	625500	623000	
637000	625000	637000	625000	637000	
625500	632000	625500	632000	625500	
637000	640750	637000	640750	637000	
618000	639500	618000	639500	618000	
617500	640000	617500	640000	617500	
632000	640000	632000	640000	632000	
644000	620500	644000	620500	644000	
616750	642500	616750	642500	616750	
613750	642000	613750	642000	613750	
621250	646500	621250	646500	621250	
629500	637500	629500	637500	629500	
625500	612500	625500	612500	625500	
642000	625000	642000	625000	642000	
623000	630750	623000	630750	623000	
650750	628250	650750	628250	650750	
637000	652750	637000	652750	637000	
640000	621250	640000	621250	640000	
621750	625000	621750	625000	621750	
623750	598500	623750	598500	623750	
618750	623750	618750	623750	618750	
642000	647750	642000	647750	642000	
627500	648250	627500	648250	627500	
621750	630000	621750	630000	621750	
628250	611750	628250	611750	628250	
628250	642000	628250	642000	628250	
638250	647750	638250	647750	638250	
636250	632500	636250	632500	636250	
619250	636250	619250	636250	619250	
640000	625500	640000	625500	640000	
640000	621750	640000	621750	640000	
606000	632500	606000	632500	606000	
642000	637500	642000	637500	642000	
647000	634500	647000	634500	647000	
627500	640000	627500	640000	627500	
641250	610500	641250	610500	641250	
635750	631250	635750	631250	635750	
649500	646500	649500	646500	649500	
619250	611750	619250	611750	619250	
623750	620000	623750	620000	623750	
610500	638750	610500	638750	610500	
626250	633250	626250	633250	626250	
620500	624250	620500	624250	620500	
637000	626750	637000	626750	637000	
630750	635000	630750	635000	630750	
644000	630750	644000	630750	644000	
640750	630000	640750	630000	640750	
626250	633250	626250	633250	626250	
625500	654500	625500	654500	625500	
635000	640000	635000	640000	635000	
625500	638750	625500	638750	625500	
638750	636250	638750	636250	638750	
628250	637500	628250	637500	628250	
623750	630750	623750	630750	623750	
632500	626250	632500	626250	632500	
625000	637000	625000	637000	625000	
633250	624250	633250	624250	633250	
631250	638750	631250	638750	631250	
615500	638750	615500	638750	615500	
627500	615500	627500	615500	627500	
621250	630750	621250	630750	621250	
637500	640750	637500	640750	637500	
628250	629500	628250	629500	628250	
644000	615500	644000	615500	644000	
635000	632500	635000	632500	635000	
628250	631250	628250	631250	628250	
640000	628750	640000	628750	640000	
627500	645750	627500	645750	627500	
618000	627500	618000	627500	618000	
635000	636250	635000	636250	635000	
625000	643250	625000	643250	625000	
618750	611750	618750	611750	618750	
602250	615000	602250	615000	602250	
612500	613750	612500	613750	612500	
631250	642000	631250	642000	631250	
640000	627500	640000	627500	640000	
633250	639500	633250	639500	633250	
618750	635000	618750	635000	618750	
632500	613000	632500	613000	632500	
635750	639500	635750	639500	635750	
638750	618750	638750	618750	638750	
633750	615500	633750	615500	633750	
619250	632500	619250	632500	619250	
626250	617500	626250	617500	626250	
646500	615500	646500	615500	646500	
634500	624250	634500	624250	634500	
629500	628750	629500	628750	629500	
634500	626250	634500	626250	634500	
635750	617500	635750	617500	635750	
614250	638750	614250	638750	614250	
632000	623000	632000	623000	632000	
652000	626750	652000	626750	652000	
621750	632000	621750	632000	621750	
630000	622500	630000	622500	630000	
616750	638250	616750	638250	616750	
632000	630000	632000	630000	632000	
621750	629500	621750	629500	621750	
626750	639500	626750	639500	626750	
631250	638750	631250	638750	631250	
642000	630000	642000	630000	642000	
619250	638750	619250	638750	619250	
624250	634500	624250	634500	624250	
606750	625500	606750	625500	606750	
630750	629500	630750	629500	630750	
638250	652750	638250	652750	638250	
632000	623000	632000	623000	632000	
624250	621750	624250	621750	624250	
634500	635000	634500	635000	634500	
633750	640750	633750	640750	633750	
633750	632500	633750	632500	633750	
650750	635000	650750	635000	650750	
637000	637000	637000	637000	637000	
637000	617500	637000	617500	637000	
628250	632500	628250	632500	628250	
611750	626250	611750	626250	611750	
637500	638750	637500	638750	637500	
642000	615500	642000	615500	642000	
634500	625000	634500	625000	634500	
635000	625000	635000	625000	635000	
626750	650750	626750	650750	626750	
638750	623000	638750	623000	638750	
624250	642500	624250	642500	624250	
616750	638750	616750	638750	616750	
616250	628750	616250	628750	616250	
632000	631250	632000	631250	632000	
638250	638750	638250	638750	638250	
640750	642500	640750	642500	640750	
621750	629500	621750	629500	621750	
618000	642000	618000	642000	618000	
615500	616750	615500	616750	615500	
646500	652000	646500	652000	646500	
623750	617500	623750	617500	623750	
620500	616750	620500	616750	620500	
623750	620500	623750	620500	623750	
636250	637000	636250	637000	636250	
642000	639500	642000	639500	642000	
632000	638750	632000	638750	632000	
617500	613000	617500	613000	617500	
633250	644000	633250	644000	633250	
632000	635750	632000	635750	632000	
632000	623000	632000	623000	632000	
639500	642000	639500	642000	639500	
644000	638750	644000	638750	644000	
632500	629500	632500	629500	632500	
624250	637500	624250	637500	624250	
634500	632500	634500	632500	634500	
616750	620500	616750	620500	616750	
645750	637000	645750	637000	645750	
625000	620500	625000	620500	625000	
629500	638750	629500	638750	629500	
632000	646500	632000	646500	632000	
649500	627500	649500	627500	649500	
606000	637000	606000	637000	606000	
625000	640000	625000	640000	625000	
632000	621750	632000	621750	632000	
626750	638250	626750	638250	626750	
634500	630000	634500	630000	634500	
635750	632000	635750	632000	635750	
621250	627500	621250	627500	621250	
638250	628250	638250	628250	638250	
628250	626250	628250	626250	628250	
639500	640000	639500	640000	639500	
627500	624250	627500	624250	627500	
615500	656500	615500	656500	615500	
628750	642500	628750	642500	628750	
625000	643250	625000	643250	625000	
626750	640000	626750	640000	626750	
608500	623000	608500	623000	608500	
625000	645750	625000	645750	625000	
648250	640000	648250	640000	648250	
640000	633750	640000	633750	640000	
629500	630000	629500	630000	629500	
633250	626250	633250	626250	633250	
630000	631250	630000	631250	630000	
623750	631250	623750	631250	623750	
630000	610500	630000	610500	630000	
632000	615000	632000	615000	632000	
644000	620500	644000	620500	644000	
625000	621750	625000	621750	625000	
625500	629500	625500	629500	625500	
621250	626250	621250	626250	621250	
650750	636250	650750	636250	650750	
611750	636250	611750	636250	611750	
616250	626750	616250	626750	616250	
641250	620500	641250	620500	641250	
629500	626750	629500	626750	629500	
616250	634500	616250	634500	616250	
654500	618000	654500	618000	654500	
633250	623000	633250	623000	633250	
616750	638750	616750	638750	616750	
639500	634500	639500	634500	639500	
638250	637000	638250	637000	638250	
645750	625000	645750	625000	645750	
620000	641250	620000	641250	620000	
629500	620500	629500	620500	629500	
632000	619250	632000	619250	632000	
636250	638250	636250	638250	636250	
633750	622500	633750	622500	633750	
622500	620500	622500	620500	622500	
624250	632500	624250	632500	624250	
624250	623000	624250	623000	624250	
615500	625000	615500	625000	615500	
621750	637500	621750	637500	621750	
644000	638750	644000	638750	644000	
638250	621250	638250	621250	638250	
629500	631250	629500	631250	629500	
609750	612500	609750	612500	609750	
621750	636250	621750	636250	621750	
624250	632000	624250	632000	624250	
636250	647000	636250	647000	636250	
638250	638250	638250	638250	638250	
641250	636250	641250	636250	641250	
639500	630750	639500	630750	639500	
637000	620500	637000	620500	637000	
645750	648250	645750	648250	645750	
622500	618750	622500	618750	622500	
638250	640750	638250	640750	638250	
633250	632500	633250	632500	633250	
625500	637500	625500	637500	625500	
636250	646500	636250	646500	636250	
609750	630750	609750	630750	609750	
638750	636250	638750	636250	638750	
616250	636250	616250	636250	616250	
616250	621250	616250	621250	616250	
629500	629500	629500	629500	629500	
616250	627500	616250	627500	616250	
609250	625500	609250	625500	609250	
642000	638250	642000	638250	642000	
625500	635750	625500	635750	625500	
623000	634500	623000	634500	623000	
624250	631250	624250	631250	624250	
625500	635000	625500	635000	625500	
640750	609750	640750	609750	640750	
621250	621250	621250	621250	621250	
631250	615500	631250	615500	631250	
633250	629500	633250	629500	633250	
607250	630000	607250	630000	607250	
637500	647750	637500	647750	637500	
635750	629500	635750	629500	635750	
614250	636250	614250	636250	614250	
633750	630750	633750	630750	633750	
630000	645250	630000	645250	630000	
638750	628750	638750	628750	638750	
632500	655750	632500	655750	632500	
624250	644500	624250	644500	624250	
618000	635000	618000	635000	618000	
616250	641250	616250	641250	616250	
634500	620500	634500	620500	634500	
633750	652750	633750	652750	633750	
632000	635750	632000	635750	632000	
630000	638750	630000	638750	630000	
620500	630750	620500	630750	620500	
624250	622500	624250	622500	624250	
637000	626250	637000	626250	637000	
642000	632500	642000	632500	642000	
641250	652000	641250	652000	641250	
625000	616250	625000	616250	625000	
637000	622500	637000	622500	637000	
623000	643250	623000	643250	623000	
623000	636250	623000	636250	623000	
604250	637000	604250	637000	604250	
632500	643250	632500	643250	632500	
605500	646500	605500	646500	605500	
644000	625000	644000	625000	644000	
641250	626750	641250	626750	641250	
618000	624250	618000	624250	618000	
642500	630000	642500	630000	642500	
637500	620500	637500	620500	637500	
640750	620000	640750	620000	640750	
634500	628250	634500	628250	634500	
637500	642000	637500	642000	637500	
628750	635000	628750	635000	628750	
635000	622500	635000	622500	635000	
627500	641250	627500	641250	627500	
634500	621250	634500	621250	634500	
632500	629500	632500	629500	632500	
615500	626250	615500	626250	615500	
613750	647750	613750	647750	613750	
620000	626750	620000	626750	620000	
619250	626750	619250	626750	619250	
640000	625500	640000	625500	640000	
638750	639500	638750	639500	638750	
639500	647750	639500	647750	639500	
618750	634500	618750	634500	618750	
609250	621750	609250	621750	609250	
641250	635000	641250	635000	641250	
638250	620500	638250	620500	638250	
629500	626250	629500	626250	629500	
638250	637000	638250	637000	638250	
625500	623000	625500	623000	625500	
644500	630000	644500	630000	644500	
630000	628750	630000	628750	630000	
626750	630750	626750	630750	626750	
627500	649500	627500	649500	627500	
607250	631250	607250	631250	607250	
644500	623750	644500	623750	644500	
636250	643250	636250	643250	636250	
639500	635000	639500	635000	639500	
611000	634500	611000	634500	611000	
623750	630750	623750	630750	623750	
614250	626750	614250	626750	614250	
633250	618750	633250	618750	633250	
635750	628750	635750	628750	635750	
628250	634500	628250	634500	628250	
632000	632500	632000	632500	632000	
623000	648250	623000	648250	623000	
644000	634500	644000	634500	644000	
623750	637000	623750	637000	623750	
640000	628250	640000	628250	640000	
621750	628750	621750	628750	621750	
609750	645250	609750	645250	609750	
621750	644500	621750	644500	621750	
629500	638250	629500	638250	629500	
628750	644000	628750	644000	628750	
645750	619250	645750	619250	645750	
627500	632500	627500	632500	627500	
619250	642000	619250	642000	619250	
639500	645250	639500	645250	639500	
628250	610500	628250	610500	628250	
635000	635750	635000	635750	635000	
638750	631250	638750	631250	638750	
616750	621750	616750	621750	616750	
654500	622500	654500	622500	654500	
630000	633750	630000	633750	630000	
615000	640000	615000	640000	615000	
630750	624250	630750	624250	630750	
635750	618000	635750	618000	635750	
629500	627500	629500	627500	629500	
620000	624250	620000	624250	620000	
649000	635000	649000	635000	649000	
633750	634500	633750	634500	633750	
628750	603500	628750	603500	628750	
620500	622500	620500	622500	620500	
612500	645750	612500	645750	612500	
616750	635000	616750	635000	616750	
615500	615500	615500	615500	615500	
623000	637000	623000	637000	623000	
625000	628750	625000	628750	625000	
608500	631250	608500	631250	608500	
625500	615000	625500	615000	625500	
631250	626250	631250	626250	631250	
627500	625500	627500	625500	627500	
628750	633250	628750	633250	628750	
640750	625500	640750	625500	640750	
627500	636250	627500	636250	627500	
628250	626750	628250	626750	628250	
640000	632500	640000	632500	640000	
625500	625000	625500	625000	625500	
613750	625000	613750	625000	613750	
627500	614250	627500	614250	627500	
638750	637000	638750	637000	638750	
632500	641250	632500	641250	632500	
618750	632500	618750	632500	618750	
628250	631250	628250	631250	628250	
627500	616750	627500	616750	627500	
635750	633250	635750	633250	635750	
641250	643250	641250	643250	641250	
647000	633750	647000	633750	647000	
623750	633250	623750	633250	623750	
635000	628250	635000	628250	635000	
622500	612500	622500	612500	622500	
629500	630000	629500	630000	629500	
623000	621750	623000	621750	623000	
623000	632500	623000	632500	623000	
632500	631250	632500	631250	632500	
665250	632500	665250	632500	665250	
621750	635000	621750	635000	621750	
645250	645750	645250	645750	645250	
638750	638750	638750	638750	638750	
616250	640750	616250	640750	616250	
635000	620000	635000	620000	635000	
624250	632500	624250	632500	624250	
630000	620000	630000	620000	630000	
615500	628250	615500	628250	615500	
628250	640000	628250	640000	628250	
640000	641250	640000	641250	640000	
624250	641250	624250	641250	624250	
617500	641250	617500	641250	617500	
632500	650250	632500	650250	632500	
612500	636250	612500	636250	612500	
632500	614250	632500	614250	632500	
630750	621750	630750	621750	630750	
615000	633250	615000	633250	615000	
608500	623750	608500	623750	608500	
636250	638250	636250	638250	636250	
618750	629500	618750	629500	618750	
642500	633250	642500	633250	642500	
633750	622500	633750	622500	633750	
633250	639500	633250	639500	633250	
637000	627500	637000	627500	637000	
618000	633250	618000	633250	618000	
638750	628750	638750	628750	638750	
639500	628750	639500	628750	639500	
608500	618000	608500	618000	608500	
613000	628750	613000	628750	613000	
636250	633750	636250	633750	636250	
640750	621750	640750	621750	640750	
629500	630750	629500	630750	629500	
623000	647750	623000	647750	623000	
641250	613000	641250	613000	641250	
637000	628250	637000	628250	637000	
635000	644500	635000	644500	635000	
642000	638750	642000	638750	642000	
646500	642500	646500	642500	646500	
647000	632500	647000	632500	647000	
625500	636250	625500	636250	625500	
642500	630750	642500	630750	642500	
628250	648250	628250	648250	628250	
633250	622500	633250	622500	633250	
634500	626250	634500	626250	634500	
625000	634500	625000	634500	625000	
637500	631250	637500	631250	637500	
627500	638750	627500	638750	627500	
627500	626250	627500	626250	627500	
632000	630750	632000	630750	632000	
635000	639500	635000	639500	635000	
627500	642000	627500	642000	627500	
623750	637000	623750	637000	623750	
625000	610500	625000	610500	625000	
618000	625000	618000	625000	618000	
622500	640750	622500	640750	622500	
609750	635750	609750	635750	609750	
626750	626750	626750	626750	626750	
636250	625000	636250	625000	636250	
656500	635000	656500	635000	656500	
636250	641250	636250	641250	636250	
637500	625000	637500	625000	637500	
638250	619250	638250	619250	638250	
650750	636250	650750	636250	650750	
625500	631250	625500	631250	625500	
624250	625500	624250	625500	624250	
632500	609750	632500	609750	632500	
626250	630750	626250	630750	626250	
616250	648250	616250	648250	616250	
627500	626750	627500	626750	627500	
629500	631250	629500	631250	629500	
637500	627500	637500	627500	637500	
632000	628750	632000	628750	632000	
611750	631250	611750	631250	611750	
638750	655750	638750	655750	638750	
624250	640750	624250	640750	624250	
631250	622500	631250	622500	631250	
628250	618000	628250	618000	628250	
639500	616750	639500	616750	639500	
643250	615000	643250	615000	643250	
625500	636250	625500	636250	625500	
620500	638750	620500	638750	620500	
623750	644000	623750	644000	623750	
640750	611750	640750	611750	640750	
627500	630000	627500	630000	627500	
635000	632000	635000	632000	635000	
628750	613000	628750	613000	628750	
615500	610500	615500	610500	615500	
638750	640750	638750	640750	638750	
622500	642500	622500	642500	622500	
621250	629500	621250	629500	621250	
611750	647750	611750	647750	611750	
641250	622500	641250	622500	641250	
630750	628750	630750	628750	630750	
630000	626250	630000	626250	630000	
626750	624250	626750	624250	626750	
630750	621250	630750	621250	630750	
639500	632500	639500	632500	639500	
621250	635750	621250	635750	621250	
635000	632000	635000	632000	635000	
632000	633250	632000	633250	632000	
630000	624250	630000	624250	630000	
634500	637500	634500	637500	634500	
623000	621250	623000	621250	623000	
630000	635750	630000	635750	630000	
619250	633750	619250	633750	619250	
646500	638250	646500	638250	646500	
630750	626250	630750	626250	630750	
615000	628250	615000	628250	615000	
626250	633750	626250	633750	626250	
625500	633250	625500	633250	625500	
620500	616250	620500	616250	620500	
645250	638250	645250	638250	645250	
636250	638750	636250	638750	636250	
615500	634500	615500	634500	615500	
617500	626250	617500	626250	617500	
620000	628250	620000	628250	620000	
631250	635000	631250	635000	631250	
616750	644500	616750	644500	616750	
630000	643250	630000	643250	630000	
626250	630750	626250	630750	626250	
633750	626250	633750	626250	633750	
632000	626250	632000	626250	632000	
620500	640750	620500	640750	620500	
625000	632500	625000	632500	625000	
625500	615000	625500	615000	625500	
629500	638250	629500	638250	629500	
626750	620500	626750	620500	626750	
612500	645250	612500	645250	612500	
628750	637500	628750	637500	628750	
627500	622500	627500	622500	627500	
637000	622500	637000	622500	637000	
639500	617500	639500	617500	639500	
621250	630000	621250	630000	621250	
608000	632500	608000	632500	608000	
637500	640000	637500	640000	637500	
644500	633750	644500	633750	644500	
652000	630000	652000	630000	652000	
630750	630000	630750	630000	630750	
635000	637500	635000	637500	635000	
630000	633750	630000	633750	630000	
647000	624250	647000	624250	647000	
642000	621250	642000	621250	642000	
633750	633750	633750	633750	633750	
635000	627500	635000	627500	635000	
645250	632000	645250	632000	645250	
645750	635750	645750	635750	645750	
610500	620500	610500	620500	610500	
625500	616750	625500	616750	625500	
637500	628750	637500	628750	637500	
616250	639500	616250	639500	616250	
638750	616250	638750	616250	638750	
645250	636250	645250	636250	645250	
642500	649500	642500	649500	642500	
621250	624250	621250	624250	621250	
628250	619250	628250	619250	628250	
628250	634500	628250	634500	628250	
640000	626750	640000	626750	640000	
638750	625500	638750	625500	638750	
633250	647000	633250	647000	633250	
633750	647000	633750	647000	633750	
622500	628250	622500	628250	622500	
645250	623000	645250	623000	645250	
620500	630000	620500	630000	620500	
627500	635750	627500	635750	627500	
638250	626750	638250	626750	638250	
640000	632500	640000	632500	640000	
627500	623750	627500	623750	627500	
635000	642500	635000	642500	635000	
635000	642500	635000	642500	635000	
635000	642500	635000	642500	635000	
