3400	3400	3400	3400	3400	
5.7106e+06	5.7106e+06	5.7106e+06	5.7106e+06	5.7106e+06	
421400	425400	427800	409200	435400	
412200	424400	412200	403600	409800	
413800	396600	407800	416200	403200	
387000	401200	420400	408200	409200	
422400	406800	415200	403200	391000	
407800	413200	399200	408200	411200	
418800	407800	419800	417400	396200	
412200	413800	429400	422800	401200	
421400	410200	421800	411800	416200	
423800	409800	415200	420400	414200	
411200	420400	428400	399600	428400	
417800	417400	427400	430400	430000	
429000	425400	419400	433000	437400	
442600	439000	439400	429400	442000	
440400	431400	438400	437000	431000	
446600	440000	434000	442600	447000	
442600	445600	439400	443000	446600	
437000	449600	439400	449000	455600	
449000	469200	453600	439400	453600	
470200	449600	469200	443000	454200	
470200	468800	465800	457200	450000	
525600	522200	517200	520600	506600	
664800	647200	663400	679000	660200	
667800	671800	663400	684400	682400	
706600	680400	685000	678000	672400	
707600	703200	691600	686000	694600	
715200	692600	696000	708600	682400	
691000	697600	694600	701200	697000	
719800	688600	687600	690000	686000	
713200	698000	705200	711800	719200	
735000	730400	745000	729800	718200	
764600	753600	726800	752600	741400	
764600	760200	750600	734400	726400	
767200	750600	757000	740000	760200	
760600	771200	729400	732800	746400	
752600	745000	756600	743000	740000	
717800	737400	746400	753000	716200	
743000	745000	732800	743000	742000	
749600	740000	767600	766200	756000	
775200	791800	754600	779800	762200	
807400	786800	805400	786800	788400	
790400	787800	776200	785800	782200	
811000	803000	820000	810000	785400	
808000	814600	782800	781200	791400	
799000	775800	802400	798000	778200	
785800	796400	759600	813600	786400	
801400	797000	803400	802000	780200	
788400	774200	759600	782800	781800	
762600	748000	751000	749600	745400	
751000	756600	741000	762600	730800	
765600	751000	759600	753600	748000	
749600	752000	730400	736400	749000	
724800	743000	737400	713800	746400	
732800	743000	772800	733400	742400	
772800	799400	780800	767200	784800	
832200	826200	822200	818000	823600	
852400	849800	823600	822600	859400	
858400	839200	836200	820600	841800	
817000	833200	820600	805000	811600	
792400	812000	781200	798000	795400	
817000	799000	819000	797000	808000	
823200	798000	800000	791400	797400	
848400	822600	834200	830600	824200	
869000	877000	856800	850800	848400	
881000	865400	883600	866400	843200	
872000	860000	861000	838800	861400	
868000	886600	868400	874600	854400	
897800	872000	864400	874000	879600	
886200	882200	879000	884200	893600	
900200	883200	897200	881600	881000	
926000	896800	892200	900200	921400	
947200	963200	921000	944200	958200	
975800	1.0106e+06	981400	962200	984000	
984400	1.0016e+06	1.0222e+06	982400	962800	
983400	977800	991000	976800	953600	
974800	963200	974400	973400	1.001e+06	
972400	966200	983400	969800	953600	
976800	972800	979400	961800	929400	
962800	973400	984000	953600	957200	
958200	949600	970400	954200	969800	
980400	994600	990000	972400	971400	
1.0182e+06	1.0092e+06	999600	996000	996000	
1.0388e+06	1.0156e+06	1.053e+06	1.0394e+06	1.0314e+06	
1.0036e+06	1.0328e+06	1.0384e+06	1.0464e+06	1.0338e+06	
1.0202e+06	1.0262e+06	1.0152e+06	1.0344e+06	1.0192e+06	
981000	1.0232e+06	991000	1.0052e+06	995600	
1.0272e+06	1.0228e+06	996600	1.0072e+06	996000	
1.0132e+06	1.0248e+06	1.0202e+06	1.0378e+06	1.0086e+06	
1.0248e+06	1.004e+06	992000	1.0122e+06	995600	
970800	992000	964200	972800	965200	
971400	965200	973400	968400	947200	
987400	977800	955800	952200	965800	
927000	912400	922400	912800	930400	
894200	924400	915400	901200	910800	
926000	922400	911400	890600	910800	
933000	949200	936000	931600	930000	
951200	945600	938600	927400	932600	
980400	974400	968400	974400	976400	
1.0198e+06	1.0026e+06	1.0222e+06	1.0212e+06	1.0168e+06	
1.0394e+06	1.061e+06	1.0434e+06	1.0228e+06	1.0116e+06	
1.06e+06	1.0278e+06	1.0514e+06	1.0262e+06	1.0272e+06	
1.058e+06	1.0434e+06	1.0692e+06	1.0394e+06	1.062e+06	
1.0848e+06	1.0706e+06	1.0766e+06	1.0776e+06	1.0686e+06	
1.1538e+06	1.116e+06	1.123e+06	1.1004e+06	1.1008e+06	
1.173e+06	1.1734e+06	1.1528e+06	1.1392e+06	1.1478e+06	
1.172e+06	1.171e+06	1.187e+06	1.1724e+06	1.175e+06	
1.1628e+06	1.1418e+06	1.1422e+06	1.1386e+06	1.1296e+06	
1.119e+06	1.0998e+06	1.0908e+06	1.0862e+06	1.124e+06	
1.0878e+06	1.058e+06	1.0716e+06	1.063e+06	1.0524e+06	
1.0852e+06	1.0636e+06	1.0852e+06	1.0606e+06	1.0788e+06	
1.103e+06	1.0812e+06	1.1236e+06	1.1074e+06	1.0944e+06	
1.1588e+06	1.116e+06	1.1408e+06	1.1246e+06	1.1432e+06	
1.1906e+06	1.18e+06	1.1634e+06	1.18e+06	1.176e+06	
1.1134e+06	1.1548e+06	1.1306e+06	1.116e+06	1.111e+06	
1.0898e+06	1.1014e+06	1.0788e+06	1.0918e+06	1.0978e+06	
1.0354e+06	1.0494e+06	1.0586e+06	1.0112e+06	1.0156e+06	
974400	994600	1.0136e+06	974400	984000	
973400	966800	957800	949600	925400	
932600	950200	940000	933000	924400	
935000	935600	948600	922000	946200	
985400	986400	960800	982400	981400	
1.0636e+06	1.0494e+06	1.062e+06	1.0556e+06	1.0636e+06	
1.1498e+06	1.1538e+06	1.1574e+06	1.1422e+06	1.1332e+06	
1.167e+06	1.1916e+06	1.1462e+06	1.1548e+06	1.188e+06	
1.1982e+06	1.1482e+06	1.1618e+06	1.1512e+06	1.1554e+06	
1.1598e+06	1.1342e+06	1.1418e+06	1.1714e+06	1.164e+06	
1.1608e+06	1.17e+06	1.176e+06	1.1558e+06	1.1498e+06	
1.2228e+06	1.1996e+06	1.1754e+06	1.1972e+06	1.1694e+06	
1.2486e+06	1.226e+06	1.168e+06	1.1992e+06	1.1846e+06	
1.1996e+06	1.2002e+06	1.1916e+06	1.1976e+06	1.2058e+06	
1.2158e+06	1.1952e+06	1.2028e+06	1.1916e+06	1.1876e+06	
1.2406e+06	1.2078e+06	1.2018e+06	1.1976e+06	1.2128e+06	
1.2092e+06	1.236e+06	1.2048e+06	1.1942e+06	1.227e+06	
1.2572e+06	1.249e+06	1.2572e+06	1.2304e+06	1.2416e+06	
1.3086e+06	1.3126e+06	1.2914e+06	1.2974e+06	1.2672e+06	
1.3962e+06	1.3494e+06	1.3958e+06	1.3872e+06	1.3448e+06	
1.4548e+06	1.4416e+06	1.4376e+06	1.4406e+06	1.4522e+06	
1.4372e+06	1.3952e+06	1.419e+06	1.4154e+06	1.4462e+06	
1.4754e+06	1.4784e+06	1.4654e+06	1.4356e+06	1.4452e+06	
1.5274e+06	1.5244e+06	1.5056e+06	1.5208e+06	1.4886e+06	
1.5964e+06	1.5708e+06	1.5758e+06	1.5556e+06	1.5394e+06	
1.539e+06	1.5254e+06	1.5194e+06	1.544e+06	1.5334e+06	
1.4412e+06	1.4478e+06	1.416e+06	1.4628e+06	1.4436e+06	
1.3484e+06	1.3388e+06	1.3414e+06	1.362e+06	1.3162e+06	
1.2204e+06	1.1966e+06	1.1902e+06	1.1654e+06	1.1604e+06	
1.0662e+06	1.0556e+06	1.0398e+06	1.053e+06	1.063e+06	
1.0122e+06	1.0258e+06	1.0086e+06	1.0268e+06	1.0208e+06	
1.1206e+06	1.1594e+06	1.1402e+06	1.1316e+06	1.12e+06	
1.3444e+06	1.3116e+06	1.3146e+06	1.3252e+06	1.2718e+06	
1.484e+06	1.4724e+06	1.4406e+06	1.4678e+06	1.4472e+06	
1.5824e+06	1.5612e+06	1.5642e+06	1.5586e+06	1.5506e+06	
1.6352e+06	1.5944e+06	1.6382e+06	1.604e+06	1.602e+06	
1.6096e+06	1.599e+06	1.5854e+06	1.5828e+06	1.5722e+06	
1.4452e+06	1.4352e+06	1.4286e+06	1.4336e+06	1.429e+06	
1.2542e+06	1.2632e+06	1.2324e+06	1.247e+06	1.2648e+06	
1.1498e+06	1.1604e+06	1.1366e+06	1.1302e+06	1.1392e+06	
1.2632e+06	1.2658e+06	1.2406e+06	1.2648e+06	1.2678e+06	
1.5334e+06	1.5314e+06	1.4962e+06	1.4568e+06	1.4562e+06	
1.7698e+06	1.7608e+06	1.7286e+06	1.726e+06	1.6882e+06	
1.8934e+06	1.907e+06	1.844e+06	1.8958e+06	1.8874e+06	
2.0618e+06	1.9836e+06	1.9624e+06	1.9594e+06	1.9438e+06	
2.0844e+06	2.0864e+06	2.083e+06	2.0728e+06	2.0482e+06	
2.1348e+06	2.1208e+06	2.092e+06	2.0672e+06	2.0748e+06	
2.1096e+06	2.1172e+06	2.1444e+06	2.099e+06	2.096e+06	
2.1726e+06	2.1772e+06	2.1378e+06	2.1152e+06	2.106e+06	
2.147e+06	2.151e+06	2.1474e+06	2.157e+06	2.1282e+06	
2.2396e+06	2.2296e+06	2.1676e+06	2.1676e+06	2.1934e+06	
2.3324e+06	2.287e+06	2.267e+06	2.2866e+06	2.2734e+06	
2.345e+06	2.343e+06	2.2982e+06	2.2382e+06	2.283e+06	
2.406e+06	2.3294e+06	2.3592e+06	2.2976e+06	2.3022e+06	
2.391e+06	2.3848e+06	2.3672e+06	2.407e+06	2.3516e+06	
2.3788e+06	2.3294e+06	2.3048e+06	2.332e+06	2.3536e+06	
2.3506e+06	2.3622e+06	2.2614e+06	2.2654e+06	2.2326e+06	
2.3954e+06	2.3622e+06	2.3234e+06	2.347e+06	2.3098e+06	
2.4126e+06	2.4126e+06	2.343e+06	2.397e+06	2.3384e+06	
2.391e+06	2.3798e+06	2.328e+06	2.3406e+06	2.3188e+06	
2.3768e+06	2.3662e+06	2.3168e+06	2.3446e+06	2.3268e+06	
2.3728e+06	2.3698e+06	2.3132e+06	2.3274e+06	2.339e+06	
2.4206e+06	2.4312e+06	2.335e+06	2.3742e+06	2.3446e+06	
2.402e+06	2.3768e+06	2.342e+06	2.3062e+06	2.3184e+06	
2.4342e+06	2.3692e+06	2.3416e+06	2.3476e+06	2.3218e+06	
2.3658e+06	2.3586e+06	2.3268e+06	2.3446e+06	2.3228e+06	
2.4172e+06	2.3682e+06	2.3762e+06	2.35e+06	2.3218e+06	
2.4172e+06	2.4384e+06	2.3984e+06	2.397e+06	2.406e+06	
2.472e+06	2.4636e+06	2.4232e+06	2.4372e+06	2.4574e+06	
2.5246e+06	2.5326e+06	2.5064e+06	2.5164e+06	2.4564e+06	
2.596e+06	2.6168e+06	2.5396e+06	2.5744e+06	2.5034e+06	
2.7136e+06	2.6772e+06	2.6642e+06	2.6198e+06	2.5654e+06	
2.7852e+06	2.6354e+06	2.6682e+06	2.6592e+06	2.6162e+06	
2.6122e+06	2.6702e+06	2.6248e+06	2.5442e+06	2.5926e+06	
2.4802e+06	2.4278e+06	2.4156e+06	2.4338e+06	2.3874e+06	
2.4928e+06	2.4504e+06	2.4494e+06	2.4322e+06	2.4332e+06	
2.522e+06	2.5068e+06	2.4772e+06	2.4902e+06	2.452e+06	
2.6676e+06	2.703e+06	2.6576e+06	2.6742e+06	2.6086e+06	
2.7852e+06	2.7746e+06	2.763e+06	2.7076e+06	2.7528e+06	
2.821e+06	2.7816e+06	2.7574e+06	2.716e+06	2.7826e+06	
2.8502e+06	2.8694e+06	2.8406e+06	2.83e+06	2.8114e+06	
2.8526e+06	2.8452e+06	2.8124e+06	2.7776e+06	2.7836e+06	
2.8128e+06	2.8164e+06	2.7958e+06	2.835e+06	2.763e+06	
2.7896e+06	2.7644e+06	2.719e+06	2.7348e+06	2.6858e+06	
2.9188e+06	2.888e+06	2.8618e+06	2.83e+06	2.7906e+06	
2.9102e+06	2.9168e+06	2.8536e+06	2.879e+06	2.8674e+06	
2.9182e+06	2.8844e+06	2.8628e+06	2.8568e+06	2.7972e+06	
2.9178e+06	2.9232e+06	2.8668e+06	2.822e+06	2.8532e+06	
2.8536e+06	2.8946e+06	2.8144e+06	2.838e+06	2.8118e+06	
2.9082e+06	2.8622e+06	2.8854e+06	2.8618e+06	2.8532e+06	
2.963e+06	2.9252e+06	2.9378e+06	2.8728e+06	2.9056e+06	
3.067e+06	3.0392e+06	3.009e+06	2.9424e+06	2.9862e+06	
3.07e+06	3.0554e+06	3.0544e+06	3.02e+06	3.0004e+06	
3.0104e+06	2.9434e+06	2.9746e+06	2.9284e+06	2.9586e+06	
2.9126e+06	2.9494e+06	2.8684e+06	2.8956e+06	2.8976e+06	
2.9616e+06	2.9062e+06	2.8482e+06	2.8748e+06	2.8744e+06	
2.944e+06	2.9238e+06	2.8804e+06	2.8502e+06	2.8804e+06	
2.9716e+06	3.0054e+06	2.88e+06	2.9262e+06	2.8986e+06	
3.0196e+06	3.008e+06	2.9772e+06	2.9338e+06	2.9036e+06	
3.1088e+06	3.0674e+06	2.9878e+06	2.9672e+06	2.96e+06	
3.0544e+06	3.0156e+06	2.9908e+06	2.9626e+06	2.902e+06	
3.063e+06	3.0366e+06	2.9878e+06	2.9918e+06	2.9494e+06	
3.0734e+06	3.0714e+06	3.0408e+06	3.0528e+06	3.0272e+06	
3.2126e+06	3.133e+06	3.0896e+06	3.1062e+06	3.0892e+06	
3.2116e+06	3.2414e+06	3.2238e+06	3.1552e+06	3.189e+06	
3.3044e+06	3.2822e+06	3.2838e+06	3.2182e+06	3.2212e+06	
3.2332e+06	3.2454e+06	3.2832e+06	3.2318e+06	3.2308e+06	
3.1728e+06	3.1506e+06	3.1294e+06	3.1234e+06	3.0902e+06	
3.0912e+06	3.124e+06	2.9792e+06	3.0998e+06	3.0356e+06	
3.0956e+06	3.0654e+06	3.0372e+06	3.024e+06	3.018e+06	
3.0806e+06	2.9998e+06	2.9808e+06	3.0398e+06	3.005e+06	
3.1512e+06	3.1612e+06	3.0892e+06	3.1682e+06	3.066e+06	
3.2388e+06	3.2218e+06	3.1638e+06	3.2112e+06	3.145e+06	
3.3362e+06	3.2444e+06	3.2228e+06	3.2322e+06	3.2368e+06	
3.331e+06	3.2606e+06	3.2262e+06	3.253e+06	3.1954e+06	
3.2712e+06	3.2398e+06	3.2192e+06	3.2066e+06	3.195e+06	
3.2832e+06	3.2228e+06	3.1576e+06	3.1748e+06	3.135e+06	
3.33e+06	3.266e+06	3.2656e+06	3.1894e+06	3.1784e+06	
3.383e+06	3.317e+06	3.321e+06	3.309e+06	3.2766e+06	
3.3322e+06	3.2776e+06	3.3028e+06	3.2636e+06	3.257e+06	
3.3462e+06	3.2832e+06	3.2258e+06	3.2848e+06	3.2186e+06	
3.198e+06	3.1486e+06	3.1204e+06	3.125e+06	3.1018e+06	
3.2136e+06	3.2136e+06	3.2056e+06	3.141e+06	3.1556e+06	
3.2228e+06	3.2786e+06	3.1808e+06	3.204e+06	3.1798e+06	
3.3478e+06	3.2782e+06	3.2806e+06	3.265e+06	3.2636e+06	
3.3296e+06	3.2292e+06	3.2136e+06	3.208e+06	3.189e+06	
3.1556e+06	3.1562e+06	3.1794e+06	3.0966e+06	3.1486e+06	
3.0574e+06	3.0554e+06	2.9706e+06	3.0482e+06	3.0124e+06	
2.8874e+06	2.8542e+06	2.8346e+06	2.8462e+06	2.7876e+06	
2.7474e+06	2.6632e+06	2.6596e+06	2.6718e+06	2.6086e+06	
2.6314e+06	2.6056e+06	2.5704e+06	2.58e+06	2.53e+06	
2.6838e+06	2.6938e+06	2.5986e+06	2.6612e+06	2.636e+06	
3.0438e+06	3.066e+06	3.0316e+06	3.011e+06	3.0568e+06	
3.3896e+06	3.3538e+06	3.3336e+06	3.3608e+06	3.3144e+06	
3.6048e+06	3.5938e+06	3.562e+06	3.5196e+06	3.5302e+06	
3.5338e+06	3.5508e+06	3.4354e+06	3.4264e+06	3.4798e+06	
3.5348e+06	3.565e+06	3.498e+06	3.5968e+06	3.449e+06	
3.6916e+06	3.6128e+06	3.5676e+06	3.567e+06	3.554e+06	
3.6698e+06	3.6084e+06	3.5802e+06	3.5514e+06	3.5514e+06	
3.4426e+06	3.444e+06	3.372e+06	3.3962e+06	3.3498e+06	
3.503e+06	3.4158e+06	3.3356e+06	3.3442e+06	3.3962e+06	
3.5772e+06	3.5288e+06	3.5484e+06	3.51e+06	3.5172e+06	
3.748e+06	3.6946e+06	3.6688e+06	3.6496e+06	3.621e+06	
3.7968e+06	3.7268e+06	3.7308e+06	3.686e+06	3.699e+06	
3.8222e+06	3.7858e+06	3.7848e+06	3.7576e+06	3.7414e+06	
4.0188e+06	4.0036e+06	3.9754e+06	3.865e+06	3.9168e+06	
4.05e+06	4.056e+06	4.0212e+06	3.9002e+06	3.8958e+06	
4.0636e+06	4.0862e+06	3.9456e+06	3.9904e+06	3.999e+06	
4.0096e+06	4.0076e+06	3.937e+06	3.92e+06	3.876e+06	
3.9578e+06	3.9386e+06	3.8946e+06	3.876e+06	3.8458e+06	
3.8422e+06	3.8044e+06	3.7642e+06	3.6602e+06	3.7138e+06	
3.6864e+06	3.6906e+06	3.676e+06	3.6396e+06	3.6608e+06	
3.6286e+06	3.6392e+06	3.5594e+06	3.564e+06	3.5166e+06	
3.8428e+06	3.759e+06	3.7118e+06	3.7294e+06	3.7162e+06	
3.982e+06	3.9652e+06	3.876e+06	3.8442e+06	3.8958e+06	
4.0222e+06	3.9556e+06	3.9366e+06	3.9492e+06	3.8972e+06	
3.9662e+06	3.9814e+06	3.9552e+06	3.9774e+06	3.87e+06	
3.9758e+06	3.9788e+06	3.8968e+06	3.877e+06	3.9078e+06	
4.1412e+06	4.1004e+06	4.0414e+06	4.0404e+06	3.9834e+06	
4.23e+06	4.233e+06	4.1538e+06	4.1664e+06	4.0964e+06	
4.4044e+06	4.35e+06	4.3342e+06	4.2964e+06	4.2834e+06	
4.3504e+06	4.3126e+06	4.3096e+06	4.2692e+06	4.2224e+06	
4.5214e+06	4.4784e+06	4.359e+06	4.4528e+06	4.3252e+06	
4.5424e+06	4.4488e+06	4.3766e+06	4.4104e+06	4.3994e+06	
4.5192e+06	4.423e+06	4.3736e+06	4.411e+06	4.364e+06	
4.4432e+06	4.3988e+06	4.3046e+06	4.4084e+06	4.2768e+06	
4.5334e+06	4.5334e+06	4.3272e+06	4.3908e+06	4.3554e+06	
4.4664e+06	4.4462e+06	4.361e+06	4.418e+06	4.3806e+06	
4.5516e+06	4.5066e+06	4.5204e+06	4.433e+06	4.4144e+06	
4.6418e+06	4.5546e+06	4.4724e+06	4.5172e+06	4.4664e+06	
4.5294e+06	4.5224e+06	4.4296e+06	4.42e+06	4.424e+06	
4.425e+06	4.3816e+06	4.3292e+06	4.2824e+06	4.3424e+06	
4.3958e+06	4.2496e+06	4.228e+06	4.177e+06	4.2028e+06	
4.4442e+06	4.3454e+06	4.3842e+06	4.3448e+06	4.3332e+06	
4.5318e+06	4.5214e+06	4.4582e+06	4.4604e+06	4.4068e+06	
4.6166e+06	4.5838e+06	4.474e+06	4.4946e+06	4.4078e+06	
4.7552e+06	4.779e+06	4.7638e+06	4.6464e+06	4.6302e+06	
4.8848e+06	4.7864e+06	4.6192e+06	4.6514e+06	4.668e+06	
4.8132e+06	4.7426e+06	4.7336e+06	4.6574e+06	4.6448e+06	
4.8148e+06	4.7588e+06	4.7084e+06	4.6308e+06	4.6856e+06	
4.8188e+06	4.7578e+06	4.6918e+06	4.6892e+06	4.6328e+06	
4.8454e+06	4.8032e+06	4.721e+06	4.6096e+06	4.7164e+06	
4.979e+06	4.9014e+06	4.8268e+06	4.7926e+06	4.7456e+06	
4.9494e+06	4.8586e+06	4.8188e+06	4.7674e+06	4.717e+06	
5.0356e+06	5.0502e+06	4.9906e+06	4.9458e+06	4.8782e+06	
5.1786e+06	5.1656e+06	5.0688e+06	5.0618e+06	4.9932e+06	
5.0854e+06	5.0744e+06	5.0178e+06	5.0068e+06	4.9252e+06	
5.0774e+06	5.0214e+06	5.0062e+06	4.8974e+06	4.9014e+06	
5.088e+06	4.98e+06	4.9508e+06	4.9684e+06	4.9462e+06	
4.9472e+06	4.8984e+06	4.8072e+06	4.7814e+06	4.779e+06	
4.8072e+06	4.7492e+06	4.6614e+06	4.7286e+06	4.7516e+06	
4.659e+06	4.6282e+06	4.5324e+06	4.5026e+06	4.5908e+06	
4.7356e+06	4.7426e+06	4.6352e+06	4.7582e+06	4.612e+06	
4.7748e+06	4.7824e+06	4.7064e+06	4.6852e+06	4.664e+06	
4.9094e+06	4.8566e+06	4.8474e+06	4.8616e+06	4.8042e+06	
4.9292e+06	4.8736e+06	4.7996e+06	4.8252e+06	4.7864e+06	
4.9114e+06	4.8526e+06	4.8168e+06	4.7224e+06	4.7664e+06	
4.9104e+06	4.8434e+06	4.7864e+06	4.8116e+06	4.7678e+06	
5.034e+06	4.97e+06	4.9422e+06	4.852e+06	4.8162e+06	
5.0104e+06	4.981e+06	4.9462e+06	4.8978e+06	4.842e+06	
5.0598e+06	5.0884e+06	4.9976e+06	4.9624e+06	4.9226e+06	
5.1122e+06	5.0264e+06	5.0476e+06	4.9988e+06	4.9044e+06	
5.1932e+06	5.161e+06	4.9962e+06	5.046e+06	4.9488e+06	
5.3208e+06	5.2644e+06	5.2144e+06	5.156e+06	5.088e+06	
5.1706e+06	5.2004e+06	5.1036e+06	5.0784e+06	5.0542e+06	
5.1248e+06	5.0346e+06	5.0224e+06	4.9866e+06	4.9382e+06	
5.1186e+06	5.0718e+06	4.9936e+06	5.0028e+06	4.9292e+06	
5.0748e+06	5.0164e+06	5.0466e+06	4.9508e+06	4.9462e+06	
5.1626e+06	5.0828e+06	5.032e+06	5.0218e+06	5.0168e+06	
5.147e+06	5.0168e+06	4.9342e+06	5.0748e+06	5.0072e+06	
5.1172e+06	5.0426e+06	5.0154e+06	5.0744e+06	4.9714e+06	
5.2352e+06	5.162e+06	5.1102e+06	5.0582e+06	5.0314e+06	
5.1978e+06	5.1716e+06	5.1272e+06	5.0854e+06	5.0724e+06	
5.3456e+06	5.3138e+06	5.2512e+06	5.212e+06	5.158e+06	
5.2966e+06	5.2658e+06	5.148e+06	5.2028e+06	5.147e+06	
5.3752e+06	5.2452e+06	5.1862e+06	5.2896e+06	5.211e+06	
5.4878e+06	5.3658e+06	5.2508e+06	5.343e+06	5.288e+06	
5.464e+06	5.3692e+06	5.217e+06	5.3234e+06	5.3278e+06	
5.4464e+06	5.3446e+06	5.2306e+06	5.211e+06	5.1822e+06	
5.4992e+06	5.3944e+06	5.402e+06	5.2982e+06	5.2986e+06	
5.464e+06	5.3394e+06	5.3486e+06	5.3102e+06	5.27e+06	
5.458e+06	5.3092e+06	5.283e+06	5.2966e+06	5.2332e+06	
5.341e+06	5.342e+06	5.2458e+06	5.2356e+06	5.1438e+06	
5.3496e+06	5.3048e+06	5.2416e+06	5.2376e+06	5.1882e+06	
5.27e+06	5.283e+06	5.1742e+06	5.1828e+06	5.1736e+06	
5.3904e+06	5.3364e+06	5.2856e+06	5.2704e+06	5.2704e+06	
5.4096e+06	5.3616e+06	5.3184e+06	5.215e+06	5.168e+06	
5.5548e+06	5.526e+06	5.3772e+06	5.4026e+06	5.3626e+06	
5.4736e+06	5.3642e+06	5.2594e+06	5.3006e+06	5.2004e+06	
5.3258e+06	5.285e+06	5.269e+06	5.2548e+06	5.2614e+06	
5.519e+06	5.4116e+06	5.3526e+06	5.332e+06	5.2744e+06	
5.4782e+06	5.5018e+06	5.334e+06	5.39e+06	5.3678e+06	
5.6092e+06	5.5124e+06	5.4348e+06	5.406e+06	5.34e+06	
5.585e+06	5.5532e+06	5.404e+06	5.3874e+06	5.399e+06	
5.6792e+06	5.7106e+06	5.4786e+06	5.5492e+06	5.531e+06	
5.7388e+06	5.6324e+06	5.5708e+06	5.5926e+06	5.5436e+06	
5.7412e+06	5.6908e+06	5.5744e+06	5.523e+06	5.4726e+06	
5.6918e+06	5.5982e+06	5.5774e+06	5.5724e+06	5.5048e+06	
5.7432e+06	5.647e+06	5.5624e+06	5.6092e+06	5.5416e+06	
5.5406e+06	5.5118e+06	5.3446e+06	5.3606e+06	5.3456e+06	
5.7086e+06	5.7548e+06	5.6434e+06	5.581e+06	5.5582e+06	
5.781e+06	5.7296e+06	5.7402e+06	5.655e+06	5.5804e+06	
5.8552e+06	5.902e+06	5.7004e+06	5.7392e+06	5.7004e+06	
6.0514e+06	6.1042e+06	6.0286e+06	5.9672e+06	5.9636e+06	
6.2172e+06	6.0912e+06	5.9168e+06	6.0104e+06	5.9262e+06	
6.134e+06	6.0796e+06	5.9662e+06	5.9198e+06	5.82e+06	
6.0462e+06	6.0186e+06	5.9016e+06	5.8684e+06	5.838e+06	
6.2112e+06	6.1764e+06	6.0694e+06	5.9716e+06	5.9726e+06	
6.2206e+06	6.1158e+06	5.9984e+06	6.011e+06	5.964e+06	
6.3286e+06	6.2494e+06	6.126e+06	6.0912e+06	6.137e+06	
6.4466e+06	6.4022e+06	6.3332e+06	6.3372e+06	6.1702e+06	
6.4046e+06	6.4682e+06	6.3482e+06	6.2762e+06	6.2016e+06	
6.4182e+06	6.4698e+06	6.3044e+06	6.3028e+06	6.248e+06	
6.4436e+06	6.394e+06	6.313e+06	6.2832e+06	6.2646e+06	
6.4974e+06	6.515e+06	6.3548e+06	6.323e+06	6.2766e+06	
6.4808e+06	6.4908e+06	6.4046e+06	6.3604e+06	6.3528e+06	
6.5182e+06	6.4148e+06	6.4172e+06	6.3432e+06	6.3048e+06	
6.6926e+06	6.6466e+06	6.5014e+06	6.5196e+06	6.438e+06	
6.7616e+06	6.7842e+06	6.6748e+06	6.6602e+06	6.4934e+06	
7.0504e+06	6.8588e+06	6.9078e+06	6.7474e+06	6.7686e+06	
6.9618e+06	6.872e+06	6.7298e+06	6.8024e+06	6.7948e+06	
7.0218e+06	6.8902e+06	6.8896e+06	6.8704e+06	6.8252e+06	
7.1018e+06	6.9234e+06	6.9204e+06	6.9094e+06	6.7696e+06	
7.2784e+06	7.1578e+06	7.0222e+06	7.0444e+06	6.9668e+06	
7.299e+06	7.179e+06	7.1346e+06	7.0554e+06	7.0106e+06	
7.3292e+06	7.2078e+06	7.1176e+06	7.052e+06	7.051e+06	
7.48e+06	7.4256e+06	7.2154e+06	7.2038e+06	7.1428e+06	
7.4528e+06	7.3938e+06	7.1604e+06	7.306e+06	7.236e+06	
7.415e+06	7.3524e+06	7.2002e+06	7.174e+06	7.1704e+06	
7.537e+06	7.4184e+06	7.2924e+06	7.3912e+06	7.2808e+06	
7.6276e+06	7.5612e+06	7.4422e+06	7.5274e+06	7.4572e+06	
7.7366e+06	7.6064e+06	7.5354e+06	7.4956e+06	7.495e+06	
7.7562e+06	7.676e+06	7.6564e+06	7.597e+06	7.4986e+06	
7.732e+06	7.6322e+06	7.5118e+06	7.5238e+06	7.4396e+06	
7.7376e+06	7.6604e+06	7.6328e+06	7.5994e+06	7.541e+06	
7.7214e+06	7.7306e+06	7.5632e+06	7.5556e+06	7.5192e+06	
7.8032e+06	7.7694e+06	7.5576e+06	7.5748e+06	7.4296e+06	
7.676e+06	7.6146e+06	7.5918e+06	7.4916e+06	7.4442e+06	
7.8778e+06	7.8228e+06	7.6534e+06	7.6322e+06	7.5974e+06	
7.7078e+06	7.6312e+06	7.5274e+06	7.6186e+06	7.4582e+06	
7.5022e+06	7.4754e+06	7.3756e+06	7.361e+06	7.2854e+06	
7.1054e+06	6.9546e+06	6.867e+06	6.9834e+06	6.8372e+06	
6.8846e+06	6.8186e+06	6.6764e+06	6.6744e+06	6.6618e+06	
6.8312e+06	6.7434e+06	6.5962e+06	6.625e+06	6.5962e+06	
6.9734e+06	6.9704e+06	6.862e+06	6.8538e+06	6.8766e+06	
7.3796e+06	7.3378e+06	7.2486e+06	7.2142e+06	7.124e+06	
7.6528e+06	7.5728e+06	7.4774e+06	7.496e+06	7.4624e+06	
7.9488e+06	7.8536e+06	7.739e+06	7.7774e+06	7.675e+06	
8.1196e+06	7.976e+06	7.856e+06	7.8092e+06	7.7442e+06	
7.975e+06	7.8968e+06	7.8146e+06	7.7986e+06	7.7442e+06	
8.038e+06	7.9468e+06	7.791e+06	7.8848e+06	7.8702e+06	
8.2866e+06	8.2094e+06	8.108e+06	8.146e+06	8.0864e+06	
8.576e+06	8.3818e+06	8.2634e+06	8.2764e+06	8.2574e+06	
8.6188e+06	8.5876e+06	8.4206e+06	8.401e+06	8.3374e+06	
8.6818e+06	8.471e+06	8.272e+06	8.3354e+06	8.2184e+06	
8.698e+06	8.6384e+06	8.4898e+06	8.458e+06	8.4328e+06	
8.522e+06	8.4298e+06	8.3874e+06	8.3224e+06	8.2574e+06	
8.4368e+06	8.3234e+06	8.2008e+06	8.2034e+06	8.1384e+06	
8.3188e+06	8.2588e+06	8.0688e+06	8.108e+06	8.0228e+06	
8.29e+06	8.2058e+06	8.0648e+06	8.161e+06	8.0854e+06	
8.4696e+06	8.3732e+06	8.345e+06	8.2588e+06	8.1848e+06	
8.6838e+06	8.659e+06	8.4504e+06	8.5254e+06	8.4418e+06	
8.7846e+06	8.6702e+06	8.5678e+06	8.5276e+06	8.4246e+06	
8.6842e+06	8.645e+06	8.5128e+06	8.4922e+06	8.394e+06	
8.8662e+06	8.775e+06	8.5654e+06	8.6072e+06	8.5512e+06	
8.944e+06	8.9e+06	8.776e+06	8.6802e+06	8.6516e+06	
9.147e+06	8.9732e+06	8.8486e+06	8.843e+06	8.7518e+06	
9.0886e+06	8.899e+06	8.826e+06	8.8058e+06	8.8158e+06	
9.1088e+06	9.0196e+06	8.9e+06	8.8254e+06	8.7498e+06	
9.0568e+06	9.021e+06	8.884e+06	8.8094e+06	8.7226e+06	
8.9404e+06	9.02e+06	8.8158e+06	8.8214e+06	8.7942e+06	
9.1052e+06	9.0134e+06	8.9006e+06	8.8336e+06	8.8188e+06	
9.1396e+06	9.1284e+06	9.0014e+06	8.9116e+06	8.8914e+06	
9.2364e+06	9.1466e+06	8.9626e+06	8.9948e+06	8.9974e+06	
9.144e+06	9.0624e+06	8.9454e+06	8.8738e+06	8.8588e+06	
8.9786e+06	8.8924e+06	8.7634e+06	8.66e+06	8.6384e+06	
8.902e+06	8.7946e+06	8.6858e+06	8.6036e+06	8.6228e+06	
8.891e+06	8.8442e+06	8.6254e+06	8.6238e+06	8.5674e+06	
8.9888e+06	8.9902e+06	8.8426e+06	8.8114e+06	8.7252e+06	
9.0946e+06	8.9712e+06	8.8452e+06	8.8244e+06	8.7674e+06	
9.011e+06	9.0154e+06	8.7614e+06	8.9132e+06	8.7978e+06	
8.9686e+06	8.9122e+06	8.7246e+06	8.7126e+06	8.6364e+06	
8.837e+06	8.7302e+06	8.5602e+06	8.5644e+06	8.4866e+06	
8.7306e+06	8.6954e+06	8.587e+06	8.4908e+06	8.3894e+06	
8.7292e+06	8.7684e+06	8.5018e+06	8.5164e+06	8.4166e+06	
8.7014e+06	8.6464e+06	8.4358e+06	8.5084e+06	8.465e+06	
8.7962e+06	8.6148e+06	8.4726e+06	8.4392e+06	8.4318e+06	
8.8174e+06	8.7186e+06	8.5628e+06	8.6022e+06	8.524e+06	
8.9556e+06	8.9076e+06	8.7336e+06	8.8314e+06	8.6772e+06	
9.073e+06	9.018e+06	8.84e+06	8.8466e+06	8.8138e+06	
9.066e+06	8.959e+06	8.768e+06	8.7206e+06	8.7574e+06	
8.9712e+06	8.9126e+06	8.7902e+06	8.7524e+06	8.5966e+06	
8.9092e+06	8.8496e+06	8.6822e+06	8.6202e+06	8.6212e+06	
8.9832e+06	8.896e+06	8.7514e+06	8.7852e+06	8.7432e+06	
9.2126e+06	8.9872e+06	8.8542e+06	8.7766e+06	8.7746e+06	
9.2786e+06	9.1496e+06	8.9872e+06	8.904e+06	8.8814e+06	
9.3512e+06	9.3856e+06	9.1516e+06	9.136e+06	9.0942e+06	
9.44e+06	9.2892e+06	9.13e+06	9.1334e+06	9.145e+06	
9.444e+06	9.395e+06	9.2384e+06	9.253e+06	9.2162e+06	
9.3306e+06	9.2242e+06	9.072e+06	9.0714e+06	9.0282e+06	
9.3194e+06	9.2478e+06	9.1616e+06	9.011e+06	8.9988e+06	
9.139e+06	9.137e+06	8.9726e+06	8.9938e+06	8.95e+06	
9.1632e+06	9.015e+06	8.8466e+06	8.8466e+06	8.8098e+06	
9.0856e+06	9.0186e+06	8.9192e+06	8.8174e+06	8.7832e+06	
9.1204e+06	9.0018e+06	8.8904e+06	8.7872e+06	8.7332e+06	
9.3436e+06	9.2544e+06	9.0906e+06	9.1552e+06	8.9918e+06	
9.4268e+06	9.2686e+06	9.1028e+06	9.077e+06	9.0492e+06	
9.4168e+06	9.2236e+06	9.1082e+06	9.1224e+06	9.0538e+06	
9.3246e+06	9.2288e+06	9.0892e+06	9.0502e+06	8.9868e+06	
9.2878e+06	9.1396e+06	9.0538e+06	9.024e+06	8.8956e+06	
9.2872e+06	9.0886e+06	9.0236e+06	8.9378e+06	8.8734e+06	
9.316e+06	9.1562e+06	9.1062e+06	9.0714e+06	9.0342e+06	
9.572e+06	9.447e+06	9.1486e+06	9.2514e+06	9.0892e+06	
9.456e+06	9.3266e+06	9.1742e+06	9.2302e+06	9.148e+06	
9.3784e+06	9.3266e+06	9.088e+06	9.1132e+06	9.1248e+06	
9.4748e+06	9.2958e+06	9.1556e+06	9.126e+06	9.1098e+06	
9.3624e+06	9.261e+06	9.1234e+06	9.1038e+06	8.9832e+06	
9.189e+06	9.1778e+06	8.8784e+06	8.8844e+06	8.775e+06	
9.2802e+06	9.1154e+06	9.0724e+06	8.9766e+06	8.9424e+06	
9.1374e+06	9.0376e+06	8.9328e+06	8.8516e+06	8.8764e+06	
9.0776e+06	8.961e+06	8.9212e+06	8.7872e+06	8.6802e+06	
9.08e+06	8.9606e+06	8.8546e+06	8.8154e+06	8.7584e+06	
9.073e+06	9.0624e+06	8.7946e+06	8.8914e+06	8.8346e+06	
9.2374e+06	9.1562e+06	9.0124e+06	8.9858e+06	8.9464e+06	
9.3416e+06	9.0508e+06	9.0408e+06	9.0302e+06	9.0206e+06	
9.1742e+06	9.0438e+06	8.8986e+06	8.8798e+06	8.7528e+06	
8.837e+06	8.66e+06	8.5154e+06	8.4614e+06	8.3868e+06	
8.4352e+06	8.2604e+06	8.1218e+06	8.2206e+06	8.0668e+06	
8.231e+06	8.156e+06	7.9906e+06	7.97e+06	7.906e+06	
8.3718e+06	8.2226e+06	7.9966e+06	8.106e+06	8.0652e+06	
8.4938e+06	8.3572e+06	8.2816e+06	8.2386e+06	8.2034e+06	
8.4202e+06	8.3858e+06	8.2462e+06	8.213e+06	8.1736e+06	
8.6506e+06	8.4886e+06	8.3294e+06	8.2658e+06	8.2236e+06	
8.6778e+06	8.6682e+06	8.4514e+06	8.524e+06	8.4252e+06	
8.888e+06	8.6832e+06	8.6096e+06	8.6032e+06	8.4766e+06	
9.0508e+06	8.9484e+06	8.8138e+06	8.8356e+06	8.6576e+06	
9.1824e+06	9.1108e+06	8.9404e+06	8.9398e+06	8.8516e+06	
9.2594e+06	9.1702e+06	9.1592e+06	9.0478e+06	8.9742e+06	
9.3084e+06	9.2076e+06	9.1516e+06	9.0286e+06	8.9348e+06	
9.384e+06	9.3462e+06	9.146e+06	9.1894e+06	9.006e+06	
9.389e+06	9.2338e+06	9.2312e+06	9.1542e+06	9.0534e+06	
9.5362e+06	9.4168e+06	9.2438e+06	9.386e+06	9.1642e+06	
9.5358e+06	9.373e+06	9.208e+06	9.207e+06	9.249e+06	
9.3916e+06	9.2988e+06	9.1944e+06	9.1884e+06	9.077e+06	
9.386e+06	9.3088e+06	9.0744e+06	9.1536e+06	9.0628e+06	
9.3058e+06	9.312e+06	9.1344e+06	9.0906e+06	8.886e+06	
9.5538e+06	9.3734e+06	9.322e+06	9.2236e+06	9.0614e+06	
9.678e+06	9.5206e+06	9.383e+06	9.3594e+06	9.3084e+06	
9.7662e+06	9.6602e+06	9.5584e+06	9.5614e+06	9.4698e+06	
9.9012e+06	9.7732e+06	9.6054e+06	9.5182e+06	9.4384e+06	
9.7274e+06	9.7152e+06	9.5922e+06	9.5812e+06	9.4304e+06	
9.8978e+06	9.6784e+06	9.4632e+06	9.559e+06	9.4536e+06	
9.755e+06	9.6522e+06	9.5318e+06	9.4788e+06	9.447e+06	
9.6044e+06	9.4646e+06	9.3634e+06	9.3184e+06	9.2666e+06	
9.3402e+06	9.1562e+06	9.0292e+06	9.0428e+06	9.022e+06	
8.9188e+06	8.8794e+06	8.718e+06	8.6874e+06	8.636e+06	
9.134e+06	8.9354e+06	8.8028e+06	8.762e+06	8.698e+06	
9.1954e+06	9.011e+06	8.9006e+06	8.881e+06	8.8804e+06	
9.3432e+06	9.2438e+06	9.1632e+06	8.9408e+06	9.0342e+06	
9.6084e+06	9.494e+06	9.3306e+06	9.2318e+06	9.2786e+06	
9.802e+06	9.5988e+06	9.496e+06	9.4702e+06	9.4092e+06	
9.8962e+06	9.8494e+06	9.6764e+06	9.572e+06	9.617e+06	
1.00146e+07	1.0004e+07	9.7746e+06	9.7152e+06	9.7424e+06	
1.00172e+07	9.8392e+06	9.681e+06	9.6376e+06	9.566e+06	
9.9068e+06	9.8372e+06	9.6638e+06	9.7022e+06	9.4838e+06	
9.9552e+06	9.8524e+06	9.7152e+06	9.753e+06	9.6114e+06	
1.00766e+07	9.9416e+06	9.8074e+06	9.811e+06	9.7888e+06	
1.00878e+07	9.9702e+06	9.7884e+06	9.8494e+06	9.7148e+06	
1.01634e+07	9.9586e+06	9.9208e+06	9.8408e+06	9.7606e+06	
1.00772e+07	9.999e+06	9.864e+06	9.8458e+06	9.7354e+06	
9.8998e+06	9.7656e+06	9.5812e+06	9.619e+06	9.5766e+06	
9.69e+06	9.6496e+06	9.3488e+06	9.4062e+06	9.2812e+06	
9.639e+06	9.5242e+06	9.3614e+06	9.2892e+06	9.3004e+06	
9.572e+06	9.4828e+06	9.333e+06	9.3088e+06	9.3194e+06	
9.7096e+06	9.5292e+06	9.5382e+06	9.4556e+06	9.3482e+06	
9.755e+06	9.687e+06	9.4536e+06	9.5034e+06	9.3876e+06	
9.7036e+06	9.743e+06	9.5338e+06	9.4908e+06	9.4142e+06	
9.7778e+06	9.7142e+06	9.4698e+06	9.4636e+06	9.4006e+06	
9.8442e+06	9.8064e+06	9.5958e+06	9.497e+06	9.5292e+06	
9.9944e+06	9.9042e+06	9.6688e+06	9.6748e+06	9.567e+06	
1.00384e+07	9.8724e+06	9.7938e+06	9.7868e+06	9.742e+06	
1.0064e+07	9.862e+06	9.7696e+06	9.7652e+06	9.5998e+06	
9.932e+06	9.762e+06	9.6476e+06	9.6486e+06	9.6032e+06	
9.7102e+06	9.7092e+06	9.4698e+06	9.501e+06	9.3618e+06	
9.8266e+06	9.5534e+06	9.5438e+06	9.4622e+06	9.4162e+06	
9.8302e+06	9.576e+06	9.563e+06	9.4062e+06	9.3674e+06	
9.7494e+06	9.6018e+06	9.5226e+06	9.5464e+06	9.374e+06	
9.8548e+06	9.7344e+06	9.5686e+06	9.5518e+06	9.5494e+06	
9.875e+06	9.7576e+06	9.5498e+06	9.5434e+06	9.502e+06	
9.8524e+06	9.8176e+06	9.6064e+06	9.5534e+06	9.4354e+06	
9.7988e+06	9.7596e+06	9.4828e+06	9.6148e+06	9.388e+06	
9.6466e+06	9.5202e+06	9.4546e+06	9.3754e+06	9.2842e+06	
9.5368e+06	9.3246e+06	9.3038e+06	9.195e+06	9.1692e+06	
9.4066e+06	9.196e+06	9.198e+06	9.133e+06	9.0428e+06	
9.3906e+06	9.2418e+06	9.1556e+06	9.0714e+06	8.9298e+06	
9.5262e+06	9.3562e+06	9.0654e+06	9.0518e+06	9.0986e+06	
9.439e+06	9.2988e+06	9.1642e+06	9.0342e+06	9.1586e+06	
9.5686e+06	9.4218e+06	9.2514e+06	9.2636e+06	9.2534e+06	
9.4722e+06	9.4424e+06	9.1672e+06	9.2142e+06	9.1098e+06	
9.4662e+06	9.3594e+06	9.2852e+06	9.265e+06	9.1542e+06	
9.6326e+06	9.4984e+06	9.3508e+06	9.33e+06	9.1818e+06	
9.437e+06	9.386e+06	9.2832e+06	9.193e+06	9.1516e+06	
9.6114e+06	9.4314e+06	9.4118e+06	9.2978e+06	9.2384e+06	
9.4908e+06	9.5282e+06	9.3724e+06	9.4022e+06	9.2166e+06	
9.6582e+06	9.621e+06	9.4032e+06	9.378e+06	9.3094e+06	
9.6346e+06	9.4708e+06	9.3452e+06	9.311e+06	9.3184e+06	
9.5812e+06	9.5736e+06	9.4182e+06	9.3754e+06	9.374e+06	
9.6874e+06	9.686e+06	9.4666e+06	9.4974e+06	9.4082e+06	
9.5644e+06	9.6002e+06	9.3804e+06	9.3468e+06	9.251e+06	
9.6078e+06	9.5086e+06	9.327e+06	9.3528e+06	9.3114e+06	
9.6336e+06	9.5938e+06	9.383e+06	9.378e+06	9.2656e+06	
9.509e+06	9.5634e+06	9.3588e+06	9.3204e+06	9.256e+06	
9.6306e+06	9.395e+06	9.3528e+06	9.2908e+06	9.253e+06	
9.4138e+06	9.2584e+06	9.1506e+06	9.1678e+06	9.1098e+06	
9.2942e+06	9.1632e+06	9.1178e+06	9.0558e+06	9.0372e+06	
9.389e+06	9.26e+06	9.1778e+06	9.0634e+06	9.1052e+06	
9.4566e+06	9.3194e+06	9.2282e+06	9.204e+06	9.1344e+06	
9.4712e+06	9.3956e+06	9.1868e+06	9.1964e+06	9.2106e+06	
9.4888e+06	9.4808e+06	9.2626e+06	9.2206e+06	9.1552e+06	
9.561e+06	9.4188e+06	9.2862e+06	9.2918e+06	9.2196e+06	
9.5014e+06	9.441e+06	9.2236e+06	9.2136e+06	9.2196e+06	
9.5524e+06	9.3356e+06	9.2248e+06	9.2782e+06	9.2272e+06	
9.6012e+06	9.4162e+06	9.3048e+06	9.2812e+06	9.266e+06	
9.4616e+06	9.378e+06	9.2984e+06	9.1774e+06	9.1838e+06	
9.4446e+06	9.2958e+06	9.19e+06	9.1506e+06	9.0568e+06	
9.4026e+06	9.4168e+06	9.1596e+06	9.1144e+06	9.1556e+06	
9.556e+06	9.4152e+06	9.3164e+06	9.2514e+06	9.1778e+06	
9.4738e+06	9.4192e+06	9.2166e+06	9.2236e+06	9.1122e+06	
9.3814e+06	9.3972e+06	9.1748e+06	9.1858e+06	9.0734e+06	
9.4294e+06	9.3644e+06	9.2782e+06	9.2696e+06	9.0896e+06	
9.319e+06	9.3664e+06	9.0946e+06	9.1446e+06	9.1632e+06	
9.5186e+06	9.3594e+06	9.2846e+06	9.2212e+06	9.0614e+06	
9.449e+06	9.3512e+06	9.256e+06	9.2454e+06	9.1586e+06	
9.4596e+06	9.4288e+06	9.2484e+06	9.3678e+06	9.1672e+06	
9.6164e+06	9.558e+06	9.2716e+06	9.2474e+06	9.1944e+06	
9.5474e+06	9.442e+06	9.323e+06	9.315e+06	9.314e+06	
9.5806e+06	9.4858e+06	9.4192e+06	9.188e+06	9.252e+06	
9.3936e+06	9.3114e+06	9.1868e+06	9.1112e+06	9.0528e+06	
9.4722e+06	9.2908e+06	9.1974e+06	9.2126e+06	9.1082e+06	
9.3008e+06	9.2534e+06	9.0902e+06	9.0598e+06	8.9242e+06	
9.1954e+06	9.012e+06	8.9222e+06	8.8738e+06	8.8946e+06	
9.1778e+06	9.1364e+06	9.0176e+06	8.9798e+06	8.825e+06	
9.1742e+06	9.129e+06	9.0144e+06	8.9736e+06	8.9716e+06	
9.25e+06	9.0796e+06	8.8894e+06	8.9212e+06	8.841e+06	
9.132e+06	9.0518e+06	8.9106e+06	8.947e+06	8.8274e+06	
8.9862e+06	8.8098e+06	8.64e+06	8.7568e+06	8.6526e+06	
8.9798e+06	8.8562e+06	8.7504e+06	8.6294e+06	8.6914e+06	
8.9616e+06	8.9006e+06	8.7206e+06	8.6162e+06	8.6706e+06	
9.0104e+06	8.903e+06	8.7106e+06	8.702e+06	8.6742e+06	
8.9192e+06	8.8714e+06	8.837e+06	8.6898e+06	8.7438e+06	
9.2116e+06	9.0226e+06	8.8708e+06	8.8526e+06	8.7604e+06	
9.194e+06	9.1334e+06	9.0392e+06	8.9e+06	8.827e+06	
9.2636e+06	9.1818e+06	9.0522e+06	8.9258e+06	8.9802e+06	
9.255e+06	9.082e+06	9.006e+06	9.012e+06	8.8556e+06	
9.1194e+06	9.0624e+06	8.8618e+06	8.8718e+06	8.7312e+06	
9.1808e+06	9.019e+06	8.7998e+06	8.8462e+06	8.8738e+06	
9.1612e+06	9.0946e+06	8.9072e+06	8.9122e+06	8.8012e+06	
9.1728e+06	9.2328e+06	8.9852e+06	8.9354e+06	8.8214e+06	
9.1582e+06	9.0992e+06	8.9772e+06	8.9762e+06	8.9484e+06	
9.268e+06	9.1324e+06	8.902e+06	8.899e+06	9.0104e+06	
9.1698e+06	9.0352e+06	8.8864e+06	8.9338e+06	8.7872e+06	
9.1184e+06	9.0104e+06	8.9318e+06	8.8728e+06	8.8244e+06	
9.1688e+06	9.139e+06	8.9914e+06	8.9218e+06	8.8446e+06	
9.1784e+06	8.9616e+06	8.841e+06	8.891e+06	8.8002e+06	
9.0206e+06	8.966e+06	8.8022e+06	8.833e+06	8.7176e+06	
9.0432e+06	8.9252e+06	8.823e+06	8.7862e+06	8.6974e+06	
9.0124e+06	8.8456e+06	8.6842e+06	8.6858e+06	8.589e+06	
8.9862e+06	8.9278e+06	8.6878e+06	8.768e+06	8.581e+06	
9.025e+06	8.9268e+06	8.763e+06	8.7574e+06	8.6566e+06	
9.133e+06	8.9908e+06	8.8098e+06	8.7852e+06	8.832e+06	
9.14e+06	9.0972e+06	8.8314e+06	8.8472e+06	8.9006e+06	
9.0674e+06	9.016e+06	8.8174e+06	8.759e+06	8.8072e+06	
9.0694e+06	8.8788e+06	8.899e+06	8.71e+06	8.7216e+06	
8.9524e+06	8.8542e+06	8.7024e+06	8.7464e+06	8.6496e+06	
8.9902e+06	8.882e+06	8.7372e+06	8.654e+06	8.586e+06	
8.9494e+06	8.8628e+06	8.7488e+06	8.767e+06	8.6354e+06	
8.8496e+06	8.7776e+06	8.6924e+06	8.648e+06	8.4776e+06	
8.8718e+06	8.7664e+06	8.6716e+06	8.5744e+06	8.579e+06	
8.8264e+06	8.823e+06	8.64e+06	8.6288e+06	8.4464e+06	
8.7276e+06	8.6832e+06	8.4428e+06	8.4252e+06	8.3824e+06	
8.6324e+06	8.6414e+06	8.4302e+06	8.407e+06	8.3698e+06	
8.7368e+06	8.5688e+06	8.4696e+06	8.3848e+06	8.3108e+06	
8.8204e+06	8.6924e+06	8.6298e+06	8.5174e+06	8.4886e+06	
8.8602e+06	8.7448e+06	8.6328e+06	8.58e+06	8.5784e+06	
8.9802e+06	8.9036e+06	8.7654e+06	8.6908e+06	8.6002e+06	
8.9198e+06	8.7156e+06	8.7116e+06	8.5658e+06	8.6086e+06	
9.0342e+06	8.9242e+06	8.8602e+06	8.7312e+06	8.6056e+06	
8.9388e+06	8.8718e+06	8.7558e+06	8.6424e+06	8.65e+06	
8.9318e+06	8.776e+06	8.72e+06	8.7534e+06	8.6748e+06	
9.0332e+06	8.8396e+06	8.6888e+06	8.7574e+06	8.6344e+06	
8.904e+06	8.7322e+06	8.575e+06	8.5588e+06	8.5426e+06	
8.8704e+06	8.7952e+06	8.5194e+06	8.5992e+06	8.4756e+06	
8.821e+06	8.6642e+06	8.5486e+06	8.4812e+06	8.4172e+06	
8.7326e+06	8.6294e+06	8.4726e+06	8.453e+06	8.463e+06	
8.7438e+06	8.6612e+06	8.5326e+06	8.3914e+06	8.4458e+06	
8.7568e+06	8.6148e+06	8.515e+06	8.4624e+06	8.4514e+06	
8.698e+06	8.5684e+06	8.4772e+06	8.398e+06	8.4086e+06	
8.8244e+06	8.6158e+06	8.4574e+06	8.474e+06	8.4166e+06	
8.8032e+06	8.523e+06	8.4484e+06	8.3592e+06	8.3742e+06	
8.6254e+06	8.6334e+06	8.407e+06	8.4372e+06	8.4232e+06	
8.6076e+06	8.4912e+06	8.3496e+06	8.3426e+06	8.2402e+06	
8.6854e+06	8.5346e+06	8.3278e+06	8.3142e+06	8.3006e+06	
8.5114e+06	8.4706e+06	8.2584e+06	8.2226e+06	8.1978e+06	
8.5582e+06	8.4646e+06	8.2558e+06	8.279e+06	8.1918e+06	
8.6884e+06	8.516e+06	8.3036e+06	8.2846e+06	8.2936e+06	
8.6318e+06	8.47e+06	8.3082e+06	8.3088e+06	8.2598e+06	
8.6516e+06	8.5392e+06	8.4156e+06	8.2382e+06	8.2276e+06	
8.5638e+06	8.532e+06	8.393e+06	8.289e+06	8.3546e+06	
8.6072e+06	8.4866e+06	8.3794e+06	8.3576e+06	8.3002e+06	
8.6652e+06	8.583e+06	8.3994e+06	8.3414e+06	8.2816e+06	
8.7448e+06	8.5876e+06	8.457e+06	8.3516e+06	8.2926e+06	
8.6168e+06	8.4524e+06	8.3838e+06	8.3516e+06	8.346e+06	
8.709e+06	8.5044e+06	8.5214e+06	8.397e+06	8.3894e+06	
8.7074e+06	8.6066e+06	8.5422e+06	8.5664e+06	8.3954e+06	
8.6334e+06	8.5492e+06	8.4352e+06	8.3314e+06	8.3026e+06	
8.6782e+06	8.6338e+06	8.468e+06	8.4372e+06	8.393e+06	
8.6274e+06	8.5622e+06	8.3808e+06	8.408e+06	8.3058e+06	
8.6254e+06	8.5622e+06	8.4096e+06	8.3158e+06	8.3194e+06	
8.6152e+06	8.5718e+06	8.2976e+06	8.3036e+06	8.3576e+06	
8.5532e+06	8.411e+06	8.3562e+06	8.2246e+06	8.2478e+06	
8.533e+06	8.3848e+06	8.3254e+06	8.2018e+06	8.1354e+06	
8.402e+06	8.2896e+06	8.1112e+06	8.1832e+06	8.0668e+06	
8.3606e+06	8.1948e+06	8.161e+06	8.1122e+06	8.0662e+06	
8.2658e+06	8.2462e+06	8.0274e+06	7.965e+06	7.8726e+06	
8.3002e+06	8.2362e+06	8.0154e+06	7.9876e+06	7.9186e+06	
8.3788e+06	8.231e+06	8.0562e+06	7.9554e+06	8.031e+06	
8.2638e+06	8.2352e+06	8.1196e+06	8.0274e+06	7.9514e+06	
8.2412e+06	8.1838e+06	8.1e+06	7.9256e+06	7.9468e+06	
8.2552e+06	8.1398e+06	8.0294e+06	7.9296e+06	7.8722e+06	
8.1182e+06	7.908e+06	7.8086e+06	7.8348e+06	7.732e+06	
7.8692e+06	7.7904e+06	7.5516e+06	7.609e+06	7.5934e+06	
7.6464e+06	7.5244e+06	7.4846e+06	7.4356e+06	7.2522e+06	
7.4044e+06	7.3604e+06	7.1492e+06	7.186e+06	7.124e+06	
7.2894e+06	7.19e+06	7.1392e+06	7.0912e+06	7.0142e+06	
7.369e+06	7.2768e+06	7.167e+06	7.1306e+06	7.0802e+06	
7.4392e+06	7.3322e+06	7.246e+06	7.2576e+06	7.1134e+06	
7.5778e+06	7.4422e+06	7.3464e+06	7.299e+06	7.29e+06	
7.5434e+06	7.3872e+06	7.3666e+06	7.2728e+06	7.2854e+06	
7.737e+06	7.5248e+06	7.4866e+06	7.5016e+06	7.3746e+06	
7.6518e+06	7.4814e+06	7.4548e+06	7.356e+06	7.367e+06	
7.6634e+06	7.5858e+06	7.4492e+06	7.4154e+06	7.423e+06	
7.6554e+06	7.6156e+06	7.5162e+06	7.4886e+06	7.3932e+06	
7.6352e+06	7.5812e+06	7.4194e+06	7.302e+06	7.3912e+06	
7.6494e+06	7.5288e+06	7.4068e+06	7.4256e+06	7.4154e+06	
7.6812e+06	7.5868e+06	7.5284e+06	7.5012e+06	7.3776e+06	
7.667e+06	7.5758e+06	7.3318e+06	7.433e+06	7.3418e+06	
7.673e+06	7.4492e+06	7.3384e+06	7.3534e+06	7.3162e+06	
7.5974e+06	7.549e+06	7.3756e+06	7.3428e+06	7.2798e+06	
7.5934e+06	7.3726e+06	7.3196e+06	7.299e+06	7.2688e+06	
7.4698e+06	7.4402e+06	7.3574e+06	7.229e+06	7.2042e+06	
7.5384e+06	7.4648e+06	7.351e+06	7.3258e+06	7.2672e+06	
7.5122e+06	7.481e+06	7.3752e+06	7.413e+06	7.2854e+06	
7.4936e+06	7.5168e+06	7.3232e+06	7.3534e+06	7.2974e+06	
7.5328e+06	7.5082e+06	7.3862e+06	7.3312e+06	7.292e+06	
7.5812e+06	7.5904e+06	7.3372e+06	7.365e+06	7.302e+06	
7.5118e+06	7.5466e+06	7.427e+06	7.2944e+06	7.3368e+06	
7.6064e+06	7.4456e+06	7.3928e+06	7.358e+06	7.2834e+06	
7.4558e+06	7.3656e+06	7.2626e+06	7.2234e+06	7.233e+06	
7.551e+06	7.4058e+06	7.2672e+06	7.2828e+06	7.2854e+06	
7.4754e+06	7.3832e+06	7.2384e+06	7.2636e+06	7.3026e+06	
7.5808e+06	7.3948e+06	7.3448e+06	7.301e+06	7.189e+06	
7.495e+06	7.3888e+06	7.3066e+06	7.2248e+06	7.239e+06	
7.5258e+06	7.4552e+06	7.2848e+06	7.2884e+06	7.1976e+06	
7.4634e+06	7.4442e+06	7.2742e+06	7.3322e+06	7.2794e+06	
7.4316e+06	7.3726e+06	7.2194e+06	7.1896e+06	7.2082e+06	
7.5046e+06	7.4426e+06	7.3938e+06	7.2586e+06	7.2652e+06	
7.4708e+06	7.2964e+06	7.1396e+06	7.1604e+06	7.0504e+06	
7.3942e+06	7.2592e+06	7.2354e+06	7.1356e+06	7.0902e+06	
7.4124e+06	7.298e+06	7.2566e+06	7.1574e+06	7.0394e+06	
7.3666e+06	7.2522e+06	7.1412e+06	7.1246e+06	7.0298e+06	
7.3686e+06	7.2218e+06	7.0974e+06	7.1004e+06	7.1302e+06	
7.4044e+06	7.302e+06	7.2132e+06	7.124e+06	7.0722e+06	
7.4236e+06	7.354e+06	7.244e+06	7.2214e+06	7.1008e+06	
7.478e+06	7.4316e+06	7.308e+06	7.2496e+06	7.2612e+06	
7.5032e+06	7.3696e+06	7.291e+06	7.2268e+06	7.1786e+06	
7.4296e+06	7.3604e+06	7.3e+06	7.1544e+06	7.1512e+06	
7.5404e+06	7.4982e+06	7.2238e+06	7.241e+06	7.234e+06	
7.4442e+06	7.4236e+06	7.2698e+06	7.2218e+06	7.2132e+06	
7.4532e+06	7.3434e+06	7.1856e+06	7.231e+06	7.2058e+06	
7.4982e+06	7.3646e+06	7.2164e+06	7.2108e+06	7.2138e+06	
7.4432e+06	7.3428e+06	7.1976e+06	7.2582e+06	7.1246e+06	
7.4018e+06	7.426e+06	7.169e+06	7.121e+06	7.1206e+06	
7.4482e+06	7.3826e+06	7.3186e+06	7.2314e+06	7.1876e+06	
7.4164e+06	7.3888e+06	7.2174e+06	7.239e+06	7.1296e+06	
7.3212e+06	7.3196e+06	7.1074e+06	7.1684e+06	7.059e+06	
7.366e+06	7.3524e+06	7.2062e+06	7.1226e+06	7.109e+06	
7.4048e+06	7.2204e+06	7.1502e+06	7.0682e+06	7.108e+06	
7.298e+06	7.1472e+06	7.1376e+06	7.0686e+06	7.044e+06	
7.2904e+06	7.2662e+06	7.0888e+06	7.0586e+06	7.0056e+06	
7.3162e+06	7.1674e+06	7.0732e+06	7.0504e+06	6.9632e+06	
7.2592e+06	7.1472e+06	7.0772e+06	6.99e+06	6.9522e+06	
7.1996e+06	7.2002e+06	6.9678e+06	7.0444e+06	7.0092e+06	
7.2158e+06	7.1648e+06	6.945e+06	6.9512e+06	6.8972e+06	
7.2384e+06	7.1154e+06	7.0238e+06	7.0036e+06	6.9174e+06	
7.2128e+06	7.048e+06	6.8978e+06	6.9078e+06	6.8538e+06	
7.2914e+06	7.1438e+06	6.9472e+06	6.9966e+06	6.8998e+06	
7.2344e+06	7.1588e+06	7.0762e+06	7.0126e+06	6.99e+06	
7.166e+06	7.0626e+06	6.9466e+06	6.9678e+06	6.9502e+06	
7.1216e+06	7.1114e+06	6.9688e+06	6.883e+06	6.808e+06	
7.118e+06	7.1332e+06	6.9632e+06	6.9492e+06	6.9274e+06	
7.1462e+06	7.0984e+06	6.9466e+06	6.8694e+06	6.8452e+06	
7.1638e+06	7.0898e+06	6.877e+06	6.922e+06	6.7968e+06	
7.0922e+06	6.9744e+06	6.9264e+06	6.7868e+06	6.7788e+06	
7.056e+06	6.942e+06	6.9244e+06	6.814e+06	6.7812e+06	
7.002e+06	6.922e+06	6.8146e+06	6.7762e+06	6.7748e+06	
7.0182e+06	6.9346e+06	6.8922e+06	6.8362e+06	6.7716e+06	
7.067e+06	6.993e+06	6.8442e+06	6.8624e+06	6.8584e+06	
7.0576e+06	6.9844e+06	6.8286e+06	6.7928e+06	6.698e+06	
6.9154e+06	6.8462e+06	6.7238e+06	6.738e+06	6.6784e+06	
6.9472e+06	6.8826e+06	6.7182e+06	6.7354e+06	6.7394e+06	
6.8342e+06	6.747e+06	6.6412e+06	6.6664e+06	6.5494e+06	
6.809e+06	6.7116e+06	6.6522e+06	6.6058e+06	6.5302e+06	
6.8912e+06	6.7848e+06	6.6376e+06	6.6416e+06	6.56e+06	
6.805e+06	6.7642e+06	6.555e+06	6.5328e+06	6.516e+06	
6.9204e+06	6.7328e+06	6.6628e+06	6.6664e+06	6.628e+06	
6.8962e+06	6.8306e+06	6.7536e+06	6.6864e+06	6.5908e+06	
6.933e+06	6.7958e+06	6.6936e+06	6.6452e+06	6.5992e+06	
6.9088e+06	6.7858e+06	6.7122e+06	6.7132e+06	6.6572e+06	
6.8776e+06	6.8624e+06	6.7242e+06	6.695e+06	6.6094e+06	
6.8942e+06	6.8316e+06	6.7288e+06	6.7178e+06	6.6582e+06	
6.8962e+06	6.924e+06	6.7096e+06	6.6714e+06	6.6588e+06	
6.9346e+06	6.8196e+06	6.7506e+06	6.7394e+06	6.676e+06	
6.876e+06	6.751e+06	6.7646e+06	6.756e+06	6.68e+06	
6.9158e+06	6.876e+06	6.7958e+06	6.748e+06	6.6224e+06	
6.9678e+06	6.879e+06	6.7318e+06	6.7414e+06	6.6492e+06	
6.8508e+06	6.7132e+06	6.6718e+06	6.6326e+06	6.6018e+06	
6.8508e+06	6.8558e+06	6.6416e+06	6.639e+06	6.6154e+06	
6.8398e+06	6.6582e+06	6.573e+06	6.5842e+06	6.5518e+06	
6.7434e+06	6.7348e+06	6.6612e+06	6.6114e+06	6.506e+06	
6.7334e+06	6.7726e+06	6.569e+06	6.506e+06	6.4824e+06	
6.6476e+06	6.6108e+06	6.4854e+06	6.4828e+06	6.4456e+06	
6.7012e+06	6.7076e+06	6.4994e+06	6.5428e+06	6.442e+06	
6.6512e+06	6.5352e+06	6.4984e+06	6.4082e+06	6.4728e+06	
6.5968e+06	6.5434e+06	6.435e+06	6.326e+06	6.3624e+06	
6.5896e+06	6.447e+06	6.3412e+06	6.326e+06	6.321e+06	
6.572e+06	6.4228e+06	6.3124e+06	6.3054e+06	6.2978e+06	
6.5252e+06	6.5276e+06	6.3266e+06	6.3432e+06	6.2414e+06	
6.5096e+06	6.4294e+06	6.32e+06	6.2348e+06	6.1804e+06	
6.4632e+06	6.4284e+06	6.3406e+06	6.2418e+06	6.1612e+06	
6.512e+06	6.3668e+06	6.3522e+06	6.2862e+06	6.201e+06	
6.4304e+06	6.4224e+06	6.4188e+06	6.2902e+06	6.2398e+06	
6.4476e+06	6.4092e+06	6.2998e+06	6.2706e+06	6.1924e+06	
6.4798e+06	6.3422e+06	6.248e+06	6.2186e+06	6.1582e+06	
6.2752e+06	6.3184e+06	6.1718e+06	6.1416e+06	6.1274e+06	
6.3552e+06	6.2122e+06	6.1198e+06	6.0548e+06	6.1018e+06	
6.3014e+06	6.2006e+06	6.0976e+06	6.1112e+06	6.085e+06	
6.2212e+06	6.1466e+06	6.016e+06	6.0306e+06	6.012e+06	
6.2716e+06	6.2338e+06	6.069e+06	6.1078e+06	5.9586e+06	
6.2398e+06	6.1576e+06	6.0256e+06	6.0346e+06	5.9914e+06	
6.2534e+06	6.0922e+06	6.0382e+06	6.0346e+06	5.9444e+06	
6.2408e+06	6.1008e+06	6.014e+06	5.9712e+06	5.9086e+06	
6.2268e+06	6.0574e+06	6.0408e+06	6.0146e+06	5.964e+06	
6.2248e+06	6.1808e+06	5.9974e+06	5.9878e+06	5.9646e+06	
6.1476e+06	6.0882e+06	5.9726e+06	5.8754e+06	5.9052e+06	
6.126e+06	6.0654e+06	6.0044e+06	5.949e+06	5.896e+06	
6.0604e+06	6.082e+06	5.8652e+06	5.9314e+06	5.8032e+06	
6.0584e+06	5.9948e+06	5.9228e+06	5.8642e+06	5.829e+06	
6.1138e+06	5.9878e+06	5.9434e+06	5.9218e+06	5.8748e+06	
6.0922e+06	5.9798e+06	5.9726e+06	5.9168e+06	5.8774e+06	
6.129e+06	6.011e+06	5.957e+06	5.9736e+06	5.8336e+06	
6.071e+06	5.9536e+06	5.8774e+06	5.8058e+06	5.773e+06	
6.064e+06	6.003e+06	5.9766e+06	5.8042e+06	5.821e+06	
6.0744e+06	5.9126e+06	5.8996e+06	5.83e+06	5.7958e+06	
6.0594e+06	5.9126e+06	5.8778e+06	5.8204e+06	5.83e+06	
6.0528e+06	6.0292e+06	5.8356e+06	5.7978e+06	5.8486e+06	
5.9762e+06	5.963e+06	5.8946e+06	5.8304e+06	5.7538e+06	
6.004e+06	5.891e+06	5.8728e+06	5.7806e+06	5.6938e+06	
5.9408e+06	5.8486e+06	5.84e+06	5.7972e+06	5.8234e+06	
5.9454e+06	5.89e+06	5.8244e+06	5.7302e+06	5.6732e+06	
5.9892e+06	5.887e+06	5.7932e+06	5.7186e+06	5.7382e+06	
5.9288e+06	5.9444e+06	5.8002e+06	5.7442e+06	5.7332e+06	
5.944e+06	5.8672e+06	5.7402e+06	5.8028e+06	5.7232e+06	
5.9334e+06	5.8814e+06	5.8022e+06	5.7962e+06	5.7398e+06	
5.9408e+06	5.888e+06	5.7554e+06	5.718e+06	5.7474e+06	
5.9112e+06	5.8472e+06	5.7548e+06	5.7438e+06	5.6354e+06	
5.894e+06	5.8638e+06	5.7252e+06	5.7272e+06	5.7408e+06	
5.9218e+06	5.8088e+06	5.7484e+06	5.7534e+06	5.636e+06	
5.7756e+06	5.7726e+06	5.6222e+06	5.5466e+06	5.577e+06	
5.8446e+06	5.774e+06	5.6692e+06	5.6808e+06	5.5886e+06	
5.7584e+06	5.703e+06	5.5906e+06	5.582e+06	5.5256e+06	
5.7186e+06	5.6964e+06	5.5532e+06	5.5392e+06	5.4826e+06	
5.7544e+06	5.6294e+06	5.5668e+06	5.5108e+06	5.4726e+06	
5.7468e+06	5.593e+06	5.5886e+06	5.4832e+06	5.453e+06	
5.6274e+06	5.5718e+06	5.474e+06	5.5008e+06	5.4338e+06	
5.5708e+06	5.5502e+06	5.4872e+06	5.392e+06	5.3888e+06	
5.5734e+06	5.525e+06	5.519e+06	5.4162e+06	5.407e+06	
5.6182e+06	5.6274e+06	5.4278e+06	5.4988e+06	5.3828e+06	
5.5422e+06	5.5286e+06	5.4488e+06	5.4666e+06	5.4404e+06	
5.6546e+06	5.5572e+06	5.4772e+06	5.4918e+06	5.4146e+06	
5.5256e+06	5.5476e+06	5.4796e+06	5.4232e+06	5.3884e+06	
5.6066e+06	5.4938e+06	5.4202e+06	5.3888e+06	5.345e+06	
5.6138e+06	5.4762e+06	5.3884e+06	5.3294e+06	5.333e+06	
5.5548e+06	5.5014e+06	5.4646e+06	5.3476e+06	5.3364e+06	
5.5038e+06	5.4404e+06	5.3002e+06	5.341e+06	5.2628e+06	
5.4988e+06	5.4292e+06	5.332e+06	5.3016e+06	5.2922e+06	
5.4358e+06	5.3954e+06	5.3012e+06	5.2846e+06	5.21e+06	
5.4394e+06	5.2846e+06	5.2386e+06	5.1872e+06	5.1948e+06	
5.338e+06	5.3436e+06	5.2286e+06	5.2386e+06	5.0818e+06	
5.4186e+06	5.287e+06	5.1464e+06	5.1524e+06	5.2014e+06	
5.3052e+06	5.208e+06	5.159e+06	5.1248e+06	5.1192e+06	
5.2674e+06	5.211e+06	5.1156e+06	5.0104e+06	5.0598e+06	
5.21e+06	5.1524e+06	5.0724e+06	5.0164e+06	5.0502e+06	
5.2276e+06	5.1398e+06	5.0482e+06	5.045e+06	4.9866e+06	
5.145e+06	5.1408e+06	5.0178e+06	4.9936e+06	5.0294e+06	
5.1944e+06	5.102e+06	5.0224e+06	4.97e+06	4.8994e+06	
5.0592e+06	5.0482e+06	4.9644e+06	4.9074e+06	4.8676e+06	
5.0668e+06	4.9714e+06	4.9286e+06	4.978e+06	4.8378e+06	
5.0546e+06	4.9584e+06	4.9206e+06	4.8928e+06	4.8676e+06	
5.0254e+06	4.9346e+06	4.857e+06	4.853e+06	4.8504e+06	
5.04e+06	4.9756e+06	4.8852e+06	4.9094e+06	4.8662e+06	
5.0602e+06	4.9882e+06	4.909e+06	4.9166e+06	4.8616e+06	
5.0648e+06	5.0274e+06	4.923e+06	4.9346e+06	4.8898e+06	
5.089e+06	4.9936e+06	4.909e+06	4.8884e+06	4.8474e+06	
5.0138e+06	4.9302e+06	4.8672e+06	4.86e+06	4.842e+06	
5.0516e+06	5.0124e+06	4.8944e+06	4.8642e+06	4.8394e+06	
5.0708e+06	4.9872e+06	4.9206e+06	4.8122e+06	4.8474e+06	
5.0768e+06	5.036e+06	4.9276e+06	4.8404e+06	4.8768e+06	
5.105e+06	4.9206e+06	4.9196e+06	4.8938e+06	4.8546e+06	
5.0486e+06	4.9946e+06	4.9044e+06	4.8606e+06	4.8222e+06	
4.9856e+06	4.973e+06	4.8484e+06	4.8706e+06	4.801e+06	
5.0314e+06	4.9262e+06	4.8424e+06	4.8218e+06	4.8566e+06	
4.9508e+06	4.9196e+06	4.8378e+06	4.8126e+06	4.7552e+06	
4.9378e+06	4.8586e+06	4.7844e+06	4.781e+06	4.724e+06	
4.856e+06	4.8222e+06	4.7044e+06	4.733e+06	4.6594e+06	
4.8198e+06	4.7224e+06	4.6836e+06	4.6402e+06	4.5874e+06	
4.5974e+06	4.5692e+06	4.495e+06	4.4654e+06	4.4214e+06	
4.4664e+06	4.4214e+06	4.3524e+06	4.3106e+06	4.2436e+06	
4.3378e+06	4.3096e+06	4.1986e+06	4.1336e+06	4.1936e+06	
4.3626e+06	4.3226e+06	4.2486e+06	4.1528e+06	4.2118e+06	
4.3898e+06	4.3364e+06	4.3216e+06	4.2556e+06	4.2022e+06	
4.4814e+06	4.4644e+06	4.4018e+06	4.3206e+06	4.372e+06	
4.5964e+06	4.5466e+06	4.4326e+06	4.4396e+06	4.4396e+06	
4.679e+06	4.6034e+06	4.5752e+06	4.543e+06	4.5466e+06	
4.7008e+06	4.6938e+06	4.5824e+06	4.5072e+06	4.5192e+06	
4.7032e+06	4.6938e+06	4.5782e+06	4.5556e+06	4.538e+06	
4.7966e+06	4.7144e+06	4.7174e+06	4.6292e+06	4.5904e+06	
4.8116e+06	4.7048e+06	4.6256e+06	4.601e+06	4.5788e+06	
4.8228e+06	4.7346e+06	4.6922e+06	4.66e+06	4.599e+06	
4.8344e+06	4.6786e+06	4.6192e+06	4.5974e+06	4.6176e+06	
4.7714e+06	4.7572e+06	4.6968e+06	4.7074e+06	4.612e+06	
4.8126e+06	4.7174e+06	4.6454e+06	4.6614e+06	4.6e+06	
4.8666e+06	4.6942e+06	4.7032e+06	4.72e+06	4.5878e+06	
4.7794e+06	4.7336e+06	4.6428e+06	4.6812e+06	4.6696e+06	
4.7754e+06	4.779e+06	4.7018e+06	4.661e+06	4.6418e+06	
4.8122e+06	4.7326e+06	4.7074e+06	4.6706e+06	4.6862e+06	
4.857e+06	4.7432e+06	4.6584e+06	4.6614e+06	4.6044e+06	
4.7946e+06	4.7346e+06	4.6464e+06	4.6222e+06	4.6044e+06	
4.7506e+06	4.721e+06	4.6624e+06	4.6342e+06	4.6292e+06	
4.7234e+06	4.7758e+06	4.602e+06	4.5556e+06	4.5762e+06	
4.7462e+06	4.6952e+06	4.612e+06	4.554e+06	4.539e+06	
4.7452e+06	4.6478e+06	4.5844e+06	4.607e+06	4.5466e+06	
4.7058e+06	4.6308e+06	4.5632e+06	4.6266e+06	4.5132e+06	
4.7406e+06	4.6508e+06	4.5602e+06	4.6196e+06	4.5112e+06	
4.718e+06	4.6614e+06	4.5864e+06	4.5984e+06	4.5102e+06	
4.6786e+06	4.6786e+06	4.5682e+06	4.5394e+06	4.5652e+06	
4.7688e+06	4.6378e+06	4.5576e+06	4.596e+06	4.5142e+06	
4.6958e+06	4.613e+06	4.5108e+06	4.495e+06	4.5642e+06	
4.675e+06	4.6574e+06	4.5636e+06	4.5834e+06	4.4794e+06	
4.6776e+06	4.6342e+06	4.495e+06	4.5616e+06	4.4508e+06	
4.6832e+06	4.5612e+06	4.5476e+06	4.5016e+06	4.5118e+06	
4.6912e+06	4.5702e+06	4.548e+06	4.4946e+06	4.481e+06	
4.5908e+06	4.6412e+06	4.5198e+06	4.5824e+06	4.5012e+06	
4.6918e+06	4.5738e+06	4.5128e+06	4.4846e+06	4.5354e+06	
4.605e+06	4.5964e+06	4.4856e+06	4.4946e+06	4.3646e+06	
4.6412e+06	4.5894e+06	4.5208e+06	4.488e+06	4.4708e+06	
4.6242e+06	4.5778e+06	4.5122e+06	4.4814e+06	4.5118e+06	
4.6192e+06	4.5566e+06	4.5002e+06	4.493e+06	4.4836e+06	
4.6262e+06	4.5168e+06	4.4462e+06	4.4008e+06	4.4432e+06	
4.6706e+06	4.6372e+06	4.4608e+06	4.4684e+06	4.4286e+06	
4.5818e+06	4.554e+06	4.4624e+06	4.4194e+06	4.3494e+06	
4.5098e+06	4.549e+06	4.4356e+06	4.4406e+06	4.3268e+06	
4.5748e+06	4.4628e+06	4.4054e+06	4.3494e+06	4.4144e+06	
4.5036e+06	4.4654e+06	4.3494e+06	4.3478e+06	4.3752e+06	
4.4694e+06	4.4658e+06	4.3706e+06	4.3574e+06	4.3172e+06	
4.4502e+06	4.4498e+06	4.416e+06	4.4366e+06	4.3182e+06	
4.5132e+06	4.4462e+06	4.353e+06	4.3908e+06	4.3408e+06	
4.491e+06	4.434e+06	4.3882e+06	4.3312e+06	4.302e+06	
4.474e+06	4.4508e+06	4.3656e+06	4.3686e+06	4.3438e+06	
4.5162e+06	4.4518e+06	4.4124e+06	4.424e+06	4.296e+06	
4.5006e+06	4.4184e+06	4.3434e+06	4.3564e+06	4.352e+06	
4.553e+06	4.4694e+06	4.3308e+06	4.3428e+06	4.2794e+06	
4.4996e+06	4.3898e+06	4.419e+06	4.3454e+06	4.2702e+06	
4.4678e+06	4.4412e+06	4.3554e+06	4.2924e+06	4.291e+06	
4.4154e+06	4.3418e+06	4.2688e+06	4.2848e+06	4.236e+06	
4.4048e+06	4.3908e+06	4.3322e+06	4.3036e+06	4.3394e+06	
4.4008e+06	4.4154e+06	4.3046e+06	4.2602e+06	4.295e+06	
4.3812e+06	4.297e+06	4.2612e+06	4.2476e+06	4.1956e+06	
4.4468e+06	4.3186e+06	4.289e+06	4.2512e+06	4.184e+06	
4.3792e+06	4.3364e+06	4.2818e+06	4.3282e+06	4.2682e+06	
4.3882e+06	4.3288e+06	4.2924e+06	4.2778e+06	4.2062e+06	
4.3892e+06	4.2996e+06	4.2612e+06	4.241e+06	4.2062e+06	
4.4164e+06	4.3564e+06	4.297e+06	4.243e+06	4.1946e+06	
4.3514e+06	4.359e+06	4.2506e+06	4.1618e+06	4.2132e+06	
4.3116e+06	4.2552e+06	4.2732e+06	4.1816e+06	4.23e+06	
4.3272e+06	4.2844e+06	4.1714e+06	4.1502e+06	4.1578e+06	
4.3288e+06	4.2728e+06	4.2052e+06	4.173e+06	4.2164e+06	
4.299e+06	4.2732e+06	4.2586e+06	4.181e+06	4.166e+06	
4.299e+06	4.237e+06	4.2204e+06	4.17e+06	4.0848e+06	
4.289e+06	4.3192e+06	4.1598e+06	4.0928e+06	4.122e+06	
4.2626e+06	4.2148e+06	4.1512e+06	4.1498e+06	4.0954e+06	
4.2974e+06	4.2244e+06	4.1302e+06	4.1764e+06	4.1306e+06	
4.2536e+06	4.2516e+06	4.1952e+06	4.1502e+06	4.0208e+06	
4.2648e+06	4.2244e+06	4.0892e+06	4.1386e+06	4.1008e+06	
4.1952e+06	4.2566e+06	4.1154e+06	4.0746e+06	4.056e+06	
4.2304e+06	4.186e+06	4.111e+06	4.1488e+06	4.064e+06	
4.1558e+06	4.1598e+06	4.0812e+06	4.045e+06	3.991e+06	
4.2158e+06	4.1282e+06	4.117e+06	4.0358e+06	3.9946e+06	
4.1488e+06	4.0862e+06	4.0308e+06	4.002e+06	3.998e+06	
4.1634e+06	4.0742e+06	4.0156e+06	4.0394e+06	3.996e+06	
4.1236e+06	4.0924e+06	4.0414e+06	4.0424e+06	3.992e+06	
4.0882e+06	4.0176e+06	3.933e+06	3.9592e+06	3.94e+06	
4.1302e+06	4.0126e+06	3.9062e+06	3.9578e+06	3.938e+06	
4.1544e+06	4.0616e+06	4.0016e+06	3.9718e+06	3.9072e+06	
4.0374e+06	4.0102e+06	3.9366e+06	3.8756e+06	3.8578e+06	
4.044e+06	3.9758e+06	3.9058e+06	3.9284e+06	3.9062e+06	
3.987e+06	3.9012e+06	3.8326e+06	3.8276e+06	3.8252e+06	
3.7958e+06	3.816e+06	3.7404e+06	3.6876e+06	3.691e+06	
3.6014e+06	3.567e+06	3.4486e+06	3.4162e+06	3.4142e+06	
3.3966e+06	3.3266e+06	3.2838e+06	3.2716e+06	3.2564e+06	
3.26e+06	3.2288e+06	3.1698e+06	3.1284e+06	3.1678e+06	
3.2606e+06	3.256e+06	3.1944e+06	3.191e+06	3.1526e+06	
3.3164e+06	3.268e+06	3.2464e+06	3.1744e+06	3.2056e+06	
3.3502e+06	3.2918e+06	3.2292e+06	3.2212e+06	3.2494e+06	
3.3436e+06	3.2994e+06	3.2066e+06	3.2368e+06	3.2232e+06	
3.3246e+06	3.2474e+06	3.2282e+06	3.255e+06	3.2182e+06	
3.3008e+06	3.2822e+06	3.2192e+06	3.2186e+06	3.2056e+06	
3.3678e+06	3.3942e+06	3.2838e+06	3.2766e+06	3.2368e+06	
3.4032e+06	3.3528e+06	3.2984e+06	3.3114e+06	3.2026e+06	
3.439e+06	3.3522e+06	3.3532e+06	3.3018e+06	3.2932e+06	
3.4828e+06	3.4122e+06	3.2928e+06	3.2898e+06	3.312e+06	
3.446e+06	3.4808e+06	3.3598e+06	3.4026e+06	3.3276e+06	
3.4944e+06	3.4682e+06	3.3962e+06	3.3362e+06	3.3574e+06	
3.5362e+06	3.4616e+06	3.4284e+06	3.3906e+06	3.3532e+06	
3.505e+06	3.4828e+06	3.4098e+06	3.392e+06	3.4198e+06	
3.5256e+06	3.4762e+06	3.4078e+06	3.4798e+06	3.4092e+06	
3.4844e+06	3.4732e+06	3.3836e+06	3.4142e+06	3.4108e+06	
3.5508e+06	3.4642e+06	3.3322e+06	3.4062e+06	3.3542e+06	
3.4414e+06	3.3618e+06	3.3704e+06	3.37e+06	3.3594e+06	
3.3754e+06	3.4228e+06	3.3322e+06	3.3654e+06	3.309e+06	
3.4204e+06	3.3492e+06	3.2898e+06	3.3024e+06	3.2882e+06	
3.454e+06	3.391e+06	3.3664e+06	3.3008e+06	3.3044e+06	
3.3886e+06	3.3472e+06	3.2882e+06	3.2676e+06	3.259e+06	
3.3972e+06	3.3412e+06	3.3608e+06	3.2848e+06	3.2908e+06	
3.3522e+06	3.3426e+06	3.3034e+06	3.2948e+06	3.2142e+06	
3.4026e+06	3.3654e+06	3.3256e+06	3.3366e+06	3.2408e+06	
3.3866e+06	3.372e+06	3.3468e+06	3.3654e+06	3.3144e+06	
3.4414e+06	3.4208e+06	3.3628e+06	3.3144e+06	3.313e+06	
3.4788e+06	3.3926e+06	3.4112e+06	3.323e+06	3.32e+06	
3.4496e+06	3.4132e+06	3.3532e+06	3.3382e+06	3.313e+06	
3.4678e+06	3.4268e+06	3.3472e+06	3.3468e+06	3.3584e+06	
3.4446e+06	3.3926e+06	3.3014e+06	3.329e+06	3.265e+06	
3.379e+06	3.4214e+06	3.2852e+06	3.3256e+06	3.323e+06	
3.331e+06	3.3296e+06	3.3114e+06	3.2586e+06	3.2176e+06	
3.4002e+06	3.3396e+06	3.3362e+06	3.256e+06	3.2454e+06	
3.2994e+06	3.2954e+06	3.2776e+06	3.2378e+06	3.144e+06	
3.33e+06	3.2458e+06	3.2474e+06	3.208e+06	3.2534e+06	
3.3376e+06	3.1854e+06	3.2172e+06	3.187e+06	3.208e+06	
3.2746e+06	3.2232e+06	3.1344e+06	3.1214e+06	3.1118e+06	
3.3058e+06	3.1748e+06	3.1542e+06	3.133e+06	3.0816e+06	
3.2192e+06	3.2192e+06	3.1502e+06	3.0492e+06	3.1134e+06	
3.1734e+06	3.1814e+06	3.0916e+06	3.1244e+06	3.0654e+06	
3.1648e+06	3.1572e+06	3.145e+06	3.0936e+06	3.066e+06	
3.188e+06	3.128e+06	3.0946e+06	3.0922e+06	3.0286e+06	
3.1764e+06	3.1218e+06	3.1144e+06	3.0654e+06	3.082e+06	
3.1622e+06	3.1148e+06	3.0458e+06	3.0246e+06	2.9722e+06	
3.1502e+06	3.125e+06	3.0972e+06	3.0846e+06	3.065e+06	
3.1954e+06	3.0986e+06	3.1078e+06	3.078e+06	3.0504e+06	
3.1628e+06	3.1688e+06	3.0704e+06	3.0664e+06	3.0286e+06	
3.1566e+06	3.1506e+06	3.0412e+06	3.0408e+06	3.0504e+06	
3.1234e+06	3.1522e+06	3.0714e+06	3.073e+06	3.0004e+06	
3.185e+06	3.1178e+06	3.0952e+06	3.0856e+06	3.0428e+06	
3.1894e+06	3.127e+06	3.1114e+06	3.0664e+06	3.0856e+06	
3.143e+06	3.125e+06	3.0936e+06	3.0724e+06	3.0568e+06	
3.1108e+06	3.0986e+06	3.068e+06	3.067e+06	3.0524e+06	
3.1174e+06	3.1012e+06	3.0418e+06	3.0246e+06	3.0216e+06	
3.0826e+06	3.0932e+06	3.0064e+06	3.0388e+06	2.9882e+06	
3.1018e+06	3.1038e+06	3.0448e+06	3.017e+06	2.9832e+06	
3.0998e+06	3.0694e+06	3.0408e+06	3.008e+06	2.9732e+06	
3.137e+06	3.0896e+06	3.0282e+06	3.0276e+06	2.9828e+06	
3.1022e+06	3.081e+06	3.02e+06	3.0448e+06	2.9696e+06	
3.0664e+06	3.0176e+06	3.0428e+06	2.956e+06	2.944e+06	
3.073e+06	3.0356e+06	2.9964e+06	2.9822e+06	2.9736e+06	
3.0872e+06	3.0418e+06	2.9662e+06	2.9788e+06	2.9252e+06	
3.0886e+06	2.9994e+06	2.9908e+06	2.9808e+06	2.9076e+06	
3.0492e+06	3.0226e+06	2.9606e+06	2.946e+06	2.9474e+06	
3.0412e+06	2.9988e+06	2.948e+06	2.9158e+06	2.944e+06	
3.0146e+06	3.016e+06	2.9672e+06	2.945e+06	2.9102e+06	
3.0598e+06	3.023e+06	2.954e+06	2.955e+06	2.9394e+06	
3.0554e+06	2.9546e+06	2.954e+06	2.9136e+06	2.8844e+06	
3.0326e+06	2.9792e+06	2.9328e+06	2.954e+06	2.8568e+06	
3.0346e+06	2.9832e+06	2.9066e+06	2.9258e+06	2.8894e+06	
2.9862e+06	2.9686e+06	2.9374e+06	2.9304e+06	2.833e+06	
2.9778e+06	2.944e+06	2.9096e+06	2.8456e+06	2.8588e+06	
2.949e+06	2.9146e+06	2.9308e+06	2.841e+06	2.7832e+06	
2.9882e+06	2.9424e+06	2.9132e+06	2.8694e+06	2.8326e+06	
2.951e+06	2.8436e+06	2.8758e+06	2.8664e+06	2.8148e+06	
2.9338e+06	2.8976e+06	2.8294e+06	2.821e+06	2.7806e+06	
2.9454e+06	2.839e+06	2.818e+06	2.8632e+06	2.77e+06	
2.8658e+06	2.8476e+06	2.7992e+06	2.83e+06	2.7916e+06	
2.8764e+06	2.8562e+06	2.779e+06	2.8068e+06	2.7538e+06	
2.8366e+06	2.8704e+06	2.7524e+06	2.7952e+06	2.7232e+06	
2.8774e+06	2.836e+06	2.7866e+06	2.7696e+06	2.7474e+06	
2.8134e+06	2.829e+06	2.774e+06	2.7222e+06	2.7226e+06	
2.839e+06	2.7988e+06	2.7726e+06	2.757e+06	2.7348e+06	
2.8032e+06	2.773e+06	2.6778e+06	2.7392e+06	2.6834e+06	
2.7458e+06	2.7458e+06	2.695e+06	2.6646e+06	2.6792e+06	
2.6708e+06	2.6924e+06	2.6424e+06	2.6128e+06	2.639e+06	
2.596e+06	2.5568e+06	2.5442e+06	2.5376e+06	2.5084e+06	
2.4902e+06	2.4792e+06	2.4298e+06	2.466e+06	2.457e+06	
2.4196e+06	2.3682e+06	2.3904e+06	2.4e+06	2.3406e+06	
2.3566e+06	2.3466e+06	2.3102e+06	2.3002e+06	2.273e+06	
2.3264e+06	2.2774e+06	2.274e+06	2.275e+06	2.2448e+06	
2.273e+06	2.2502e+06	2.2226e+06	2.2004e+06	2.1918e+06	
2.209e+06	2.1994e+06	2.1878e+06	2.1504e+06	2.15e+06	
2.1796e+06	2.158e+06	2.1238e+06	2.088e+06	2.0864e+06	
2.164e+06	2.155e+06	2.1006e+06	2.1106e+06	2.086e+06	
2.1166e+06	2.0764e+06	2.0864e+06	2.102e+06	2.0324e+06	
2.1202e+06	2.1222e+06	2.096e+06	2.0648e+06	2.0446e+06	
2.148e+06	2.1378e+06	2.105e+06	2.0884e+06	2.0314e+06	
2.1696e+06	2.1544e+06	2.104e+06	2.157e+06	2.1248e+06	
2.2604e+06	2.1954e+06	2.1912e+06	2.2094e+06	2.1682e+06	
2.3416e+06	2.2972e+06	2.2396e+06	2.2176e+06	2.2382e+06	
2.3648e+06	2.3596e+06	2.3132e+06	2.3098e+06	2.2754e+06	
2.4288e+06	2.3934e+06	2.3682e+06	2.3708e+06	2.393e+06	
2.4116e+06	2.4362e+06	2.3838e+06	2.3606e+06	2.3778e+06	
2.4338e+06	2.4322e+06	2.3788e+06	2.3688e+06	2.345e+06	
2.3964e+06	2.3954e+06	2.3586e+06	2.3486e+06	2.344e+06	
2.3516e+06	2.331e+06	2.332e+06	2.277e+06	2.2428e+06	
2.267e+06	2.2472e+06	2.2448e+06	2.2004e+06	2.2104e+06	
2.2442e+06	2.2452e+06	2.1616e+06	2.2094e+06	2.1858e+06	
2.228e+06	2.229e+06	2.2044e+06	2.2226e+06	2.1364e+06	
2.2206e+06	2.212e+06	2.161e+06	2.1702e+06	2.1408e+06	
2.1706e+06	2.1978e+06	2.1428e+06	2.1646e+06	2.1344e+06	
2.2382e+06	2.167e+06	2.1818e+06	2.1222e+06	2.1212e+06	
2.209e+06	2.1398e+06	2.1192e+06	2.1348e+06	2.1152e+06	
2.2512e+06	2.167e+06	2.1494e+06	2.1082e+06	2.1308e+06	
2.2322e+06	2.208e+06	2.1176e+06	2.1514e+06	2.154e+06	
2.2094e+06	2.1898e+06	2.158e+06	2.1378e+06	2.1722e+06	
2.1968e+06	2.1974e+06	2.1616e+06	2.1408e+06	2.1344e+06	
2.2044e+06	2.1878e+06	2.1414e+06	2.1278e+06	2.1292e+06	
2.1388e+06	2.1378e+06	2.095e+06	2.0966e+06	2.0844e+06	
2.1878e+06	2.1606e+06	2.1122e+06	2.1444e+06	2.1232e+06	
2.156e+06	2.1868e+06	2.1606e+06	2.1192e+06	2.096e+06	
2.1872e+06	2.1892e+06	2.1494e+06	2.161e+06	2.1238e+06	
2.1616e+06	2.1696e+06	2.1112e+06	2.1282e+06	2.084e+06	
2.1782e+06	2.1272e+06	2.1e+06	2.1086e+06	2.1258e+06	
2.1948e+06	2.163e+06	2.1056e+06	2.1026e+06	2.0658e+06	
2.218e+06	2.155e+06	2.1318e+06	2.1424e+06	2.1278e+06	
2.2034e+06	2.1912e+06	2.084e+06	2.145e+06	2.0698e+06	
2.1908e+06	2.1726e+06	2.1434e+06	2.0956e+06	2.1248e+06	
2.1948e+06	2.1636e+06	2.144e+06	2.1298e+06	2.1364e+06	
2.2266e+06	2.156e+06	2.1474e+06	2.1186e+06	2.1096e+06	
2.209e+06	2.1762e+06	2.1756e+06	2.1268e+06	2.103e+06	
2.2478e+06	2.2104e+06	2.1762e+06	2.165e+06	2.1358e+06	
2.289e+06	2.2124e+06	2.1818e+06	2.1848e+06	2.1842e+06	
2.3062e+06	2.2754e+06	2.2492e+06	2.2422e+06	2.2124e+06	
2.345e+06	2.2896e+06	2.224e+06	2.2326e+06	2.208e+06	
2.3224e+06	2.2986e+06	2.3006e+06	2.2598e+06	2.2614e+06	
2.3344e+06	2.335e+06	2.3098e+06	2.3032e+06	2.2634e+06	
2.3824e+06	2.3582e+06	2.2836e+06	2.2952e+06	2.3016e+06	
2.403e+06	2.3426e+06	2.3102e+06	2.3218e+06	2.2532e+06	
2.3924e+06	2.3244e+06	2.2936e+06	2.3038e+06	2.2876e+06	
2.393e+06	2.338e+06	2.342e+06	2.3012e+06	2.3032e+06	
2.3334e+06	2.3622e+06	2.2952e+06	2.3016e+06	2.285e+06	
2.3708e+06	2.3698e+06	2.3314e+06	2.3118e+06	2.2972e+06	
2.3486e+06	2.3678e+06	2.29e+06	2.2336e+06	2.275e+06	
2.3224e+06	2.2912e+06	2.275e+06	2.2396e+06	2.2548e+06	
2.2942e+06	2.3072e+06	2.2638e+06	2.2684e+06	2.226e+06	
2.3864e+06	2.3324e+06	2.2734e+06	2.2336e+06	2.2442e+06	
2.3768e+06	2.3168e+06	2.2734e+06	2.29e+06	2.2502e+06	
2.3394e+06	2.3148e+06	2.3304e+06	2.2982e+06	2.2644e+06	
2.3648e+06	2.35e+06	2.3602e+06	2.287e+06	2.2634e+06	
2.3556e+06	2.3048e+06	2.2962e+06	2.3208e+06	2.3026e+06	
2.3394e+06	2.3072e+06	2.2648e+06	2.2558e+06	2.2362e+06	
2.3062e+06	2.2382e+06	2.284e+06	2.267e+06	2.224e+06	
2.344e+06	2.3058e+06	2.2256e+06	2.2468e+06	2.2644e+06	
2.2982e+06	2.3344e+06	2.2336e+06	2.2412e+06	2.27e+06	
2.2976e+06	2.3108e+06	2.2488e+06	2.2502e+06	2.2916e+06	
2.3652e+06	2.3006e+06	2.2654e+06	2.287e+06	2.2996e+06	
2.3112e+06	2.2574e+06	2.3062e+06	2.2836e+06	2.2684e+06	
2.3204e+06	2.3254e+06	2.2962e+06	2.2532e+06	2.212e+06	
2.3294e+06	2.3244e+06	2.271e+06	2.2598e+06	2.2508e+06	
2.29e+06	2.3068e+06	2.2322e+06	2.2654e+06	2.2336e+06	
2.3258e+06	2.2826e+06	2.2578e+06	2.2926e+06	2.2418e+06	
2.3138e+06	2.276e+06	2.282e+06	2.2336e+06	2.228e+06	
2.267e+06	2.2896e+06	2.277e+06	2.2618e+06	2.2402e+06	
2.3178e+06	2.3154e+06	2.2544e+06	2.2236e+06	2.1918e+06	
2.3728e+06	2.2986e+06	2.2674e+06	2.3214e+06	2.2458e+06	
2.3294e+06	2.3068e+06	2.2296e+06	2.2796e+06	2.2558e+06	
2.3406e+06	2.2942e+06	2.2932e+06	2.279e+06	2.2836e+06	
2.3622e+06	2.3032e+06	2.2754e+06	2.2578e+06	2.2432e+06	
2.3324e+06	2.3238e+06	2.224e+06	2.288e+06	2.2614e+06	
2.3174e+06	2.3038e+06	2.2478e+06	2.2724e+06	2.2418e+06	
2.3118e+06	2.328e+06	2.2578e+06	2.2406e+06	2.1984e+06	
2.3112e+06	2.3184e+06	2.2574e+06	2.2382e+06	2.2114e+06	
2.3344e+06	2.3098e+06	2.2448e+06	2.2658e+06	2.272e+06	
2.288e+06	2.275e+06	2.2452e+06	2.2216e+06	2.2206e+06	
2.2946e+06	2.275e+06	2.2236e+06	2.2372e+06	2.2438e+06	
2.2952e+06	2.2912e+06	2.2588e+06	2.2472e+06	2.224e+06	
2.336e+06	2.2942e+06	2.2608e+06	2.2392e+06	2.2124e+06	
2.2992e+06	2.281e+06	2.2734e+06	2.2498e+06	2.2246e+06	
2.3032e+06	2.2976e+06	2.2376e+06	2.1954e+06	2.1736e+06	
2.2594e+06	2.2554e+06	2.2406e+06	2.2286e+06	2.2568e+06	
2.2734e+06	2.2846e+06	2.1998e+06	2.2346e+06	2.1958e+06	
2.3032e+06	2.2992e+06	2.2382e+06	2.2618e+06	2.224e+06	
2.2796e+06	2.2532e+06	2.2538e+06	2.2588e+06	2.1918e+06	
2.2764e+06	2.2558e+06	2.1944e+06	2.1974e+06	2.1606e+06	
2.2226e+06	2.2286e+06	2.225e+06	2.1666e+06	2.1636e+06	
2.1934e+06	2.2028e+06	2.1776e+06	2.1374e+06	2.1554e+06	
2.2472e+06	2.206e+06	2.1746e+06	2.1822e+06	2.1212e+06	
2.2356e+06	2.2306e+06	2.1682e+06	2.1786e+06	2.1394e+06	
2.221e+06	2.2004e+06	2.1666e+06	2.152e+06	2.1418e+06	
2.221e+06	2.1948e+06	2.1832e+06	2.1964e+06	2.1828e+06	
2.2044e+06	2.162e+06	2.1858e+06	2.1606e+06	2.1484e+06	
2.2206e+06	2.2008e+06	2.1682e+06	2.1746e+06	2.1222e+06	
2.1752e+06	2.21e+06	2.1868e+06	2.146e+06	2.1494e+06	
2.1882e+06	2.1948e+06	2.1742e+06	2.1272e+06	2.1e+06	
2.2186e+06	2.1772e+06	2.146e+06	2.1394e+06	2.1126e+06	
2.1868e+06	2.1354e+06	2.1262e+06	2.156e+06	2.1772e+06	
2.215e+06	2.156e+06	2.1606e+06	2.15e+06	2.159e+06	
2.2164e+06	2.1656e+06	2.1388e+06	2.1686e+06	2.1192e+06	
2.1686e+06	2.1742e+06	2.1334e+06	2.1324e+06	2.1288e+06	
2.209e+06	2.165e+06	2.1566e+06	2.1202e+06	2.1076e+06	
2.1832e+06	2.1656e+06	2.1096e+06	2.1182e+06	2.1186e+06	
2.1912e+06	2.1586e+06	2.1388e+06	2.1374e+06	2.1066e+06	
2.1414e+06	2.1586e+06	2.0956e+06	2.0754e+06	2.1e+06	
2.1934e+06	2.1334e+06	2.1172e+06	2.1248e+06	2.0622e+06	
2.1692e+06	2.1126e+06	2.1116e+06	2.0924e+06	2.0778e+06	
2.1278e+06	2.095e+06	2.0658e+06	2.0572e+06	2.0552e+06	
2.1328e+06	2.1006e+06	2.0934e+06	2.0576e+06	2.03e+06	
2.104e+06	2.1248e+06	2.0608e+06	2.0516e+06	2.0642e+06	
2.1176e+06	2.1152e+06	2.0768e+06	2.0774e+06	2.043e+06	
2.0552e+06	2.0904e+06	2.0406e+06	2.028e+06	2.0542e+06	
2.1262e+06	2.093e+06	2.0672e+06	2.0314e+06	2.0336e+06	
2.1388e+06	2.0834e+06	2.0698e+06	2.0482e+06	2.0492e+06	
2.0672e+06	2.0502e+06	2.0194e+06	2.0118e+06	2.0068e+06	
1.96e+06	1.9136e+06	1.9176e+06	1.9296e+06	1.9316e+06	
1.8016e+06	1.795e+06	1.7674e+06	1.7376e+06	1.7506e+06	
1.6004e+06	1.5304e+06	1.5414e+06	1.5108e+06	1.5298e+06	
1.3364e+06	1.3258e+06	1.3142e+06	1.299e+06	1.3156e+06	
1.1482e+06	1.1528e+06	1.1266e+06	1.1326e+06	1.123e+06	
994000	1.0082e+06	986000	1.001e+06	999000	
957200	955800	922000	903800	921400	
959200	958800	922000	947600	939000	
1.052e+06	1.0268e+06	1.05e+06	1.0324e+06	1.0046e+06	
1.168e+06	1.1428e+06	1.1054e+06	1.0944e+06	1.111e+06	
1.1664e+06	1.1634e+06	1.1634e+06	1.1216e+06	1.1386e+06	
1.1498e+06	1.1342e+06	1.1332e+06	1.119e+06	1.121e+06	
1.1346e+06	1.1488e+06	1.114e+06	1.1362e+06	1.1266e+06	
1.1528e+06	1.1322e+06	1.1014e+06	1.1452e+06	1.0978e+06	
1.1502e+06	1.1558e+06	1.113e+06	1.1508e+06	1.113e+06	
1.1428e+06	1.1272e+06	1.1402e+06	1.1442e+06	1.1166e+06	
1.1684e+06	1.183e+06	1.1382e+06	1.1766e+06	1.1402e+06	
1.2214e+06	1.2092e+06	1.168e+06	1.185e+06	1.1932e+06	
1.299e+06	1.2778e+06	1.2572e+06	1.2532e+06	1.2638e+06	
1.3322e+06	1.3408e+06	1.3156e+06	1.298e+06	1.3096e+06	
1.4018e+06	1.3882e+06	1.3292e+06	1.3332e+06	1.3686e+06	
1.4572e+06	1.4472e+06	1.412e+06	1.3908e+06	1.4078e+06	
1.5006e+06	1.4936e+06	1.4668e+06	1.4542e+06	1.4522e+06	
1.5858e+06	1.554e+06	1.54e+06	1.5298e+06	1.534e+06	
1.6156e+06	1.6172e+06	1.5924e+06	1.5752e+06	1.5672e+06	
1.6876e+06	1.6398e+06	1.6454e+06	1.602e+06	1.6298e+06	
1.7296e+06	1.6982e+06	1.6766e+06	1.661e+06	1.6504e+06	
1.7422e+06	1.7276e+06	1.7044e+06	1.716e+06	1.7128e+06	
1.784e+06	1.7748e+06	1.7366e+06	1.7194e+06	1.7346e+06	
1.7694e+06	1.7794e+06	1.791e+06	1.7844e+06	1.7764e+06	
1.8168e+06	1.7834e+06	1.8006e+06	1.789e+06	1.7422e+06	
1.8394e+06	1.8368e+06	1.794e+06	1.7588e+06	1.7638e+06	
1.844e+06	1.791e+06	1.8198e+06	1.7572e+06	1.788e+06	
1.8294e+06	1.8006e+06	1.7946e+06	1.8022e+06	1.7492e+06	
1.8536e+06	1.8304e+06	1.7724e+06	1.8016e+06	1.8308e+06	
1.86e+06	1.8132e+06	1.8198e+06	1.8036e+06	1.7936e+06	
1.861e+06	1.8328e+06	1.782e+06	1.7966e+06	1.8122e+06	
1.8868e+06	1.8208e+06	1.8202e+06	1.8364e+06	1.8122e+06	
1.858e+06	1.8116e+06	1.7804e+06	1.8212e+06	1.79e+06	
1.85e+06	1.8072e+06	1.7714e+06	1.8102e+06	1.8106e+06	
1.8494e+06	1.7804e+06	1.8042e+06	1.7738e+06	1.7638e+06	
1.8138e+06	1.8026e+06	1.79e+06	1.7754e+06	1.778e+06	
1.8556e+06	1.8158e+06	1.782e+06	1.8012e+06	1.8e+06	
1.8192e+06	1.8e+06	1.7724e+06	1.7976e+06	1.7708e+06	
1.8212e+06	1.8026e+06	1.7718e+06	1.7728e+06	1.7724e+06	
1.8126e+06	1.7996e+06	1.7568e+06	1.7466e+06	1.7658e+06	
1.8274e+06	1.7946e+06	1.7426e+06	1.7608e+06	1.7376e+06	
1.8096e+06	1.791e+06	1.7426e+06	1.738e+06	1.7496e+06	
1.7956e+06	1.7708e+06	1.7632e+06	1.7718e+06	1.715e+06	
1.7834e+06	1.7804e+06	1.7506e+06	1.7452e+06	1.7098e+06	
1.7864e+06	1.7658e+06	1.7572e+06	1.731e+06	1.7094e+06	
1.7632e+06	1.7664e+06	1.7622e+06	1.7098e+06	1.7144e+06	
1.7598e+06	1.7452e+06	1.7452e+06	1.7432e+06	1.7326e+06	
1.779e+06	1.7492e+06	1.7668e+06	1.7446e+06	1.7144e+06	
1.7638e+06	1.7622e+06	1.734e+06	1.676e+06	1.718e+06	
1.7714e+06	1.7608e+06	1.7518e+06	1.7044e+06	1.6982e+06	
1.7638e+06	1.7622e+06	1.728e+06	1.6876e+06	1.6654e+06	
1.7518e+06	1.6972e+06	1.6912e+06	1.7012e+06	1.6886e+06	
1.7694e+06	1.7234e+06	1.726e+06	1.716e+06	1.6908e+06	
1.7528e+06	1.72e+06	1.716e+06	1.6766e+06	1.6836e+06	
1.7356e+06	1.7138e+06	1.7164e+06	1.6978e+06	1.727e+06	
1.7204e+06	1.717e+06	1.6846e+06	1.6958e+06	1.6776e+06	
1.7688e+06	1.7254e+06	1.7074e+06	1.6792e+06	1.677e+06	
1.7456e+06	1.7204e+06	1.6876e+06	1.6716e+06	1.6912e+06	
1.73e+06	1.7502e+06	1.6948e+06	1.668e+06	1.6654e+06	
1.7194e+06	1.6896e+06	1.6938e+06	1.6686e+06	1.666e+06	
1.724e+06	1.7194e+06	1.6992e+06	1.6352e+06	1.6352e+06	
1.6746e+06	1.7154e+06	1.6902e+06	1.677e+06	1.6852e+06	
1.7134e+06	1.7138e+06	1.6948e+06	1.6434e+06	1.662e+06	
1.6836e+06	1.6908e+06	1.6802e+06	1.6766e+06	1.6494e+06	
1.7608e+06	1.6836e+06	1.6614e+06	1.6318e+06	1.6302e+06	
1.7442e+06	1.7114e+06	1.671e+06	1.6998e+06	1.6514e+06	
1.7124e+06	1.6802e+06	1.6876e+06	1.6902e+06	1.655e+06	
1.661e+06	1.6866e+06	1.6398e+06	1.6534e+06	1.6494e+06	
1.6746e+06	1.6882e+06	1.6574e+06	1.6308e+06	1.6484e+06	
1.6806e+06	1.6504e+06	1.6474e+06	1.6454e+06	1.6298e+06	
1.6928e+06	1.675e+06	1.6428e+06	1.6564e+06	1.6202e+06	
1.6968e+06	1.6676e+06	1.6544e+06	1.615e+06	1.6186e+06	
1.6922e+06	1.656e+06	1.6464e+06	1.614e+06	1.614e+06	
1.6488e+06	1.6372e+06	1.607e+06	1.6318e+06	1.6338e+06	
1.6972e+06	1.6498e+06	1.6534e+06	1.608e+06	1.6412e+06	
1.6862e+06	1.6286e+06	1.6166e+06	1.6438e+06	1.6226e+06	
1.6388e+06	1.6756e+06	1.6398e+06	1.6434e+06	1.6286e+06	
1.6494e+06	1.6402e+06	1.656e+06	1.6126e+06	1.6438e+06	
1.6932e+06	1.6332e+06	1.6292e+06	1.6262e+06	1.613e+06	
1.6348e+06	1.602e+06	1.612e+06	1.6044e+06	1.5918e+06	
1.6262e+06	1.6096e+06	1.5722e+06	1.5718e+06	1.5924e+06	
1.6518e+06	1.6272e+06	1.595e+06	1.5656e+06	1.5814e+06	
1.6252e+06	1.6156e+06	1.5526e+06	1.5742e+06	1.5626e+06	
1.5994e+06	1.6352e+06	1.5708e+06	1.5732e+06	1.5344e+06	
1.6226e+06	1.6004e+06	1.5752e+06	1.5692e+06	1.5742e+06	
1.6126e+06	1.5698e+06	1.5914e+06	1.5632e+06	1.5562e+06	
1.603e+06	1.5828e+06	1.5516e+06	1.5752e+06	1.5314e+06	
1.5646e+06	1.5646e+06	1.5536e+06	1.5602e+06	1.5234e+06	
1.5878e+06	1.5486e+06	1.5254e+06	1.5304e+06	1.5566e+06	
1.547e+06	1.5692e+06	1.5194e+06	1.5394e+06	1.5592e+06	
1.5692e+06	1.535e+06	1.5182e+06	1.5264e+06	1.535e+06	
1.5446e+06	1.5384e+06	1.5178e+06	1.5032e+06	1.4926e+06	
1.5616e+06	1.5798e+06	1.5228e+06	1.5088e+06	1.5168e+06	
1.5562e+06	1.5476e+06	1.5068e+06	1.494e+06	1.5012e+06	
1.5182e+06	1.5142e+06	1.5228e+06	1.5108e+06	1.5042e+06	
1.5072e+06	1.5122e+06	1.5142e+06	1.5062e+06	1.5204e+06	
1.5152e+06	1.5556e+06	1.4946e+06	1.4886e+06	1.5304e+06	
1.55e+06	1.5148e+06	1.483e+06	1.5042e+06	1.471e+06	
1.4976e+06	1.4976e+06	1.493e+06	1.477e+06	1.4684e+06	
1.5284e+06	1.5142e+06	1.483e+06	1.4688e+06	1.4508e+06	
1.4826e+06	1.5002e+06	1.4598e+06	1.486e+06	1.4396e+06	
1.5138e+06	1.4906e+06	1.4498e+06	1.4618e+06	1.4488e+06	
1.5268e+06	1.47e+06	1.4804e+06	1.479e+06	1.4584e+06	
1.4946e+06	1.4654e+06	1.4896e+06	1.4754e+06	1.4488e+06	
1.5022e+06	1.4658e+06	1.4866e+06	1.4512e+06	1.4624e+06	
1.5002e+06	1.487e+06	1.4638e+06	1.4518e+06	1.4458e+06	
1.4522e+06	1.4658e+06	1.4508e+06	1.47e+06	1.4462e+06	
1.4436e+06	1.472e+06	1.4406e+06	1.4542e+06	1.4356e+06	
1.4588e+06	1.4532e+06	1.432e+06	1.4472e+06	1.4502e+06	
1.4478e+06	1.4558e+06	1.4336e+06	1.4562e+06	1.4266e+06	
1.4366e+06	1.4562e+06	1.4478e+06	1.3962e+06	1.3974e+06	
1.4184e+06	1.4406e+06	1.431e+06	1.4276e+06	1.3912e+06	
1.4548e+06	1.4286e+06	1.4422e+06	1.3974e+06	1.3872e+06	
1.4402e+06	1.4412e+06	1.3922e+06	1.422e+06	1.4124e+06	
1.4236e+06	1.4316e+06	1.4296e+06	1.4316e+06	1.423e+06	
1.4584e+06	1.4618e+06	1.4346e+06	1.4332e+06	1.4174e+06	
1.4412e+06	1.427e+06	1.42e+06	1.3974e+06	1.4184e+06	
1.4512e+06	1.4362e+06	1.4144e+06	1.3984e+06	1.3882e+06	
1.4226e+06	1.4068e+06	1.3948e+06	1.4266e+06	1.3978e+06	
1.4356e+06	1.4426e+06	1.4114e+06	1.4044e+06	1.41e+06	
1.4346e+06	1.3852e+06	1.3938e+06	1.41e+06	1.4226e+06	
1.3998e+06	1.418e+06	1.3812e+06	1.4014e+06	1.3858e+06	
1.3938e+06	1.4084e+06	1.3716e+06	1.3686e+06	1.3574e+06	
1.3584e+06	1.3796e+06	1.3716e+06	1.3434e+06	1.363e+06	
1.37e+06	1.3766e+06	1.3428e+06	1.3524e+06	1.3468e+06	
1.3746e+06	1.365e+06	1.3308e+06	1.349e+06	1.3434e+06	
1.3368e+06	1.36e+06	1.3458e+06	1.3408e+06	1.3468e+06	
1.358e+06	1.3616e+06	1.3338e+06	1.3636e+06	1.358e+06	
1.3968e+06	1.3408e+06	1.3238e+06	1.3086e+06	1.3288e+06	
1.3766e+06	1.3424e+06	1.3006e+06	1.3252e+06	1.2954e+06	
1.3354e+06	1.3278e+06	1.3016e+06	1.3186e+06	1.2974e+06	
1.362e+06	1.3222e+06	1.3332e+06	1.3116e+06	1.2702e+06	
1.3454e+06	1.3338e+06	1.293e+06	1.2986e+06	1.3e+06	
1.3564e+06	1.3136e+06	1.3292e+06	1.3006e+06	1.3258e+06	
1.3574e+06	1.3172e+06	1.3076e+06	1.2914e+06	1.309e+06	
1.3146e+06	1.2748e+06	1.289e+06	1.2924e+06	1.2788e+06	
1.3272e+06	1.3354e+06	1.3006e+06	1.2818e+06	1.2702e+06	
1.3328e+06	1.3212e+06	1.3086e+06	1.2824e+06	1.288e+06	
1.3232e+06	1.3222e+06	1.2884e+06	1.2774e+06	1.2436e+06	
1.3086e+06	1.3196e+06	1.3394e+06	1.295e+06	1.2592e+06	
1.3288e+06	1.2824e+06	1.3196e+06	1.3076e+06	1.3036e+06	
1.3146e+06	1.3216e+06	1.3298e+06	1.2768e+06	1.3026e+06	
1.3278e+06	1.2854e+06	1.2682e+06	1.2722e+06	1.2758e+06	
1.3186e+06	1.2808e+06	1.2944e+06	1.2848e+06	1.29e+06	
1.3116e+06	1.308e+06	1.249e+06	1.2592e+06	1.3222e+06	
1.2954e+06	1.2692e+06	1.292e+06	1.2678e+06	1.2708e+06	
1.2986e+06	1.2708e+06	1.2576e+06	1.2764e+06	1.249e+06	
1.2848e+06	1.2688e+06	1.2692e+06	1.232e+06	1.2638e+06	
1.2864e+06	1.2944e+06	1.2804e+06	1.2552e+06	1.2516e+06	
1.2376e+06	1.2386e+06	1.2606e+06	1.2526e+06	1.2164e+06	
1.2476e+06	1.2456e+06	1.2164e+06	1.2294e+06	1.2512e+06	
1.2642e+06	1.2692e+06	1.2526e+06	1.233e+06	1.2244e+06	
1.234e+06	1.248e+06	1.2376e+06	1.1966e+06	1.2354e+06	
1.2228e+06	1.23e+06	1.248e+06	1.2144e+06	1.1992e+06	
1.2566e+06	1.235e+06	1.2028e+06	1.2128e+06	1.1886e+06	
1.2628e+06	1.2072e+06	1.2198e+06	1.2214e+06	1.1992e+06	
1.238e+06	1.2144e+06	1.2018e+06	1.2012e+06	1.1866e+06	
1.1946e+06	1.1856e+06	1.1932e+06	1.185e+06	1.174e+06	
1.1902e+06	1.2058e+06	1.1906e+06	1.1856e+06	1.1922e+06	
1.2148e+06	1.187e+06	1.1598e+06	1.182e+06	1.1902e+06	
1.1564e+06	1.178e+06	1.1806e+06	1.1942e+06	1.172e+06	
1.1906e+06	1.1472e+06	1.1382e+06	1.1518e+06	1.168e+06	
1.187e+06	1.1564e+06	1.1578e+06	1.1376e+06	1.1502e+06	
1.1544e+06	1.1422e+06	1.1438e+06	1.117e+06	1.117e+06	
1.1478e+06	1.1166e+06	1.108e+06	1.0938e+06	1.0798e+06	
1.1044e+06	1.104e+06	1.0914e+06	1.0908e+06	1.0978e+06	
1.0974e+06	1.0676e+06	1.0944e+06	1.0928e+06	1.0868e+06	
1.1064e+06	1.0882e+06	1.0888e+06	1.0666e+06	1.045e+06	
1.0842e+06	1.0742e+06	1.0344e+06	1.0272e+06	1.0514e+06	
1.0484e+06	1.0692e+06	1.0398e+06	1.0228e+06	1.0398e+06	
1.059e+06	1.0268e+06	1.0222e+06	1.0414e+06	1.0328e+06	
1.0464e+06	1.0378e+06	1.0288e+06	1.0252e+06	1.0364e+06	
1.0248e+06	1.0248e+06	1.0202e+06	1.0202e+06	991000	
1.0056e+06	1.0066e+06	1.003e+06	1.0056e+06	980400	
1.0242e+06	1.0072e+06	982400	992000	978400	
1.0192e+06	1.0262e+06	1.003e+06	1.0268e+06	974800	
1.0072e+06	1.0156e+06	1.004e+06	997600	1.0142e+06	
999000	1.0202e+06	994000	1.0052e+06	993600	
994600	1.0052e+06	989400	1.0006e+06	989000	
1.004e+06	1.0006e+06	987000	1.0132e+06	980000	
1.0156e+06	994000	986400	1.0082e+06	984400	
1.0188e+06	1.0006e+06	1.001e+06	1.0106e+06	982000	
989400	1.0172e+06	1.001e+06	1.0328e+06	985400	
1.0142e+06	1.0076e+06	993600	985000	979400	
1.0172e+06	991000	999600	981400	998000	
1.0156e+06	1.0282e+06	1.0142e+06	972800	1.0052e+06	
1.0484e+06	1.0282e+06	1.0338e+06	1.0282e+06	1.0182e+06	
1.058e+06	1.048e+06	1.046e+06	1.0616e+06	1.0358e+06	
1.0546e+06	1.0398e+06	1.051e+06	1.0398e+06	1.0278e+06	
1.051e+06	1.056e+06	1.043e+06	1.049e+06	1.0384e+06	
1.062e+06	1.0696e+06	1.0474e+06	1.0168e+06	1.0218e+06	
1.0454e+06	1.0202e+06	1.0056e+06	989000	1.0082e+06	
980400	994600	987400	976400	975400	
965800	939000	938600	933000	942000	
930400	931000	913400	934600	916400	
962200	919000	936000	924400	925000	
975400	950600	951200	940000	948600	
967800	956800	964200	978800	963200	
991000	1.0046e+06	976400	973400	987000	
1.0208e+06	1.0086e+06	989000	1.0006e+06	992600	
1.0082e+06	1.0146e+06	1.0354e+06	1.0178e+06	1.0016e+06	
1.0368e+06	1.0368e+06	1.0228e+06	1.0152e+06	999600	
1.0052e+06	987400	1.0152e+06	1.0086e+06	1.0046e+06	
1.0278e+06	994000	1.0112e+06	953200	1.0046e+06	
1.0202e+06	1.0464e+06	999600	994000	988000	
1.0282e+06	1.0142e+06	1.0168e+06	1.0146e+06	996600	
1.002e+06	1.0324e+06	983000	1.0066e+06	967200	
1.0156e+06	996600	994600	998000	1.0092e+06	
993600	994000	971400	968400	975800	
970800	970800	983400	944600	984000	
971800	965800	966800	964800	970800	
995000	969800	960200	981000	947200	
983400	950600	960800	969800	955200	
966200	975800	974400	938600	951600	
987400	972400	962200	977400	951600	
986000	972800	951200	982400	960200	
977400	967800	953600	953200	966200	
979400	948200	954200	957800	953200	
996000	960800	964800	964200	951600	
948200	970800	948600	957200	950600	
998000	960200	947200	966800	938600	
982400	982000	958800	947200	953600	
995600	965800	933600	946600	945200	
967800	943000	979400	950600	946600	
971800	966200	947200	955200	935000	
963800	956800	955200	953200	932000	
944600	948600	948200	944200	953600	
960200	941600	939600	953200	914800	
949600	949200	947200	928000	950200	
957800	972800	962200	941000	954200	
941600	955200	934000	933000	948600	
984400	956200	954600	969800	955800	
975800	970800	951600	940000	955200	
970800	971400	972400	947600	951600	
985000	965200	974800	956200	943600	
968800	957200	982000	965200	954200	
960800	960800	963200	950600	945600	
949600	955200	930400	948600	974400	
980400	969400	946600	968800	968800	
985400	987400	967200	955800	953600	
971400	971400	958800	943000	948600	
974400	972400	930000	967200	951600	
1e+06	965200	954200	982400	948600	
989000	968400	955200	960200	959200	
966200	960200	940000	938600	956800	
975400	962200	963200	931000	937000	
964800	948600	946600	953200	951600	
955800	962200	984000	960800	958200	
984400	962800	942000	963800	960200	
966800	995000	943600	945200	925000	
963200	954600	961200	952200	949200	
958200	929000	953200	952200	948600	
960800	945600	946600	939000	936600	
942600	958200	938600	946600	942600	
929000	937000	924400	926000	940000	
948200	959200	937000	943600	940000	
945600	946200	906800	938600	931000	
962200	956800	933000	956200	940000	
929000	964800	940000	926000	933000	
932000	941000	953200	927400	942600	
937600	931000	936000	928400	933600	
940600	928400	939000	917800	902800	
933600	933000	923000	938600	919400	
914800	932000	939600	914400	911800	
955800	951200	920000	932600	907800	
962800	944200	924400	895800	920400	
931000	935000	927000	928400	917800	
945600	932000	920000	924000	908400	
937000	921400	926400	926000	883200	
926400	919000	928400	908800	927400	
922000	939600	905800	933600	893600	
914800	927000	909800	910800	921400	
951600	921400	921400	907400	903800	
939000	928400	917800	904200	903200	
923000	909800	926000	898800	888200	
938600	899200	908400	893200	894200	
950200	908800	902200	892600	909400	
927400	923400	892200	921400	897200	
913800	898800	888200	921000	904200	
873600	876000	870000	898800	886600	
883600	888200	885600	868000	875600	
886200	889600	874600	863400	872000	
884200	880000	885600	877000	866000	
862000	876600	883600	880600	860400	
874000	882600	880600	863400	897800	
897200	881600	892200	888600	888200	
899800	882200	883600	867000	859400	
861400	881600	888200	881000	867400	
876600	885600	856800	888600	882600	
900800	871600	856400	869000	895200	
874000	876000	866400	886600	865400	
860000	876600	864000	872000	866000	
858000	853800	866400	847800	848800	
818000	822600	824600	831200	834200	
821200	836800	813000	808600	815600	
813000	835200	800000	811000	817600	
834200	847400	816000	824200	813000	
843200	830200	827200	832200	804400	
851400	858000	814600	837800	842200	
844800	843800	830600	856800	841200	
861000	850800	858400	852800	832200	
846400	862000	840200	836200	842800	
845800	833200	852800	861400	853800	
852800	853400	868000	851400	840200	
854800	858400	875000	848800	851800	
861000	849800	842200	858000	863400	
864400	875600	870600	856400	844800	
897800	838800	852800	859000	854400	
865000	862000	886600	836800	829200	
871000	845400	843800	839800	868400	
834800	846400	845400	820000	851800	
859400	859000	829200	834200	831600	
867000	844800	823600	838800	826200	
855800	843200	825200	841800	813600	
849800	836800	822200	855400	850400	
831600	849400	840800	835200	839200	
828600	840800	830600	817000	848400	
848800	854800	830200	828600	809000	
832200	858000	840800	853400	823200	
860400	854800	846400	834800	825200	
844200	834800	828600	830600	797400	
818600	840800	826600	836800	810000	
823600	836800	823200	800400	842800	
847400	842200	828600	841800	818600	
831200	826600	838200	825600	818600	
842200	829600	821600	817600	820000	
822600	803400	844800	836800	817000	
821200	832600	832600	838800	808600	
832600	814000	811600	809000	826600	
825600	806400	814000	800000	839800	
838200	830200	802000	805000	798000	
790400	816000	799400	797400	784400	
807400	794400	785400	766200	787400	
769200	788800	778800	784400	792400	
789800	777200	769600	782800	779800	
805000	811000	791800	789400	783800	
796400	783800	797000	794800	785400	
817000	781200	778800	793400	770600	
805000	813600	791400	776200	791400	
794800	804000	793800	797400	780800	
791400	794400	785800	791800	781800	
784400	795800	760200	785400	772800	
796400	779800	794400	775800	756000	
816600	797000	802000	793400	792800	
793400	793800	805000	779800	783200	
794800	776200	785800	790800	782800	
801400	814000	776200	794800	776200	
795400	794800	786400	778800	814600	
805400	789400	802000	797000	795400	
783800	787800	774200	792800	785800	
806400	781200	793800	784400	778200	
786800	790800	788400	784400	780200	
801000	784400	780200	781200	780200	
777800	795800	783800	770200	781800	
800000	783800	775200	774200	783800	
791400	778800	756600	777200	768200	
782200	785400	765200	776200	778200	
782200	789400	775200	774800	761200	
786800	756600	763600	763200	750600	
766600	781800	752600	782200	764600	
787800	776200	747000	776800	753000	
773200	773800	748600	756000	750000	
774200	762600	778800	777200	760600	
783200	769200	772800	770600	748000	
753000	771800	725800	747000	739000	
770600	753000	767600	743000	750600	
766600	767600	763200	743000	746000	
761200	746000	764200	744400	753000	
744400	754600	752000	762200	751000	
763600	744400	759000	762600	748600	
776200	758600	767600	747600	752000	
739000	751600	743400	745400	762200	
744400	750000	762200	757000	735400	
764200	752000	756000	726800	732400	
764600	752000	737400	760200	740000	
756000	751000	737400	723400	725800	
740400	738400	738400	743400	748000	
729800	735000	722800	741400	733400	
750000	735000	732800	733400	738000	
750000	714800	741400	728800	716800	
729800	729400	722200	729400	735000	
726800	751000	717800	721200	714800	
752000	752600	741400	727400	731400	
740000	744400	724400	728400	716800	
759000	726400	715200	712200	731400	
737000	732400	748000	713200	726400	
729400	725400	735000	738400	718200	
732800	740000	726400	699200	721200	
738000	730800	715800	727800	709200	
727400	738000	715200	723800	707200	
727400	727800	721800	688000	729800	
742400	724400	721200	705600	700600	
724400	714800	715800	716200	714200	
715800	722200	721800	713800	718200	
706200	726800	714200	727800	726400	
711200	735000	725800	726800	708600	
725800	697600	715200	709600	707200	
714800	698000	715800	700600	713800	
692600	720800	694600	708600	694600	
732800	706200	700600	701600	699600	
719200	705200	708600	689000	701200	
722800	701600	698000	696600	698000	
697000	708600	715800	683000	690600	
700200	693000	696000	689000	688000	
703200	707600	705200	694600	698600	
693000	716200	693000	710200	687000	
707200	677400	691600	712200	682400	
686000	699200	689600	677000	694000	
701600	694000	699600	689000	685400	
705200	694600	686000	690000	683000	
688000	709600	689000	687600	684000	
679000	679400	680400	698600	676000	
690600	687000	690600	690000	687600	
690600	679400	687600	679000	678400	
657800	690000	691600	688600	678000	
691600	706600	677000	684400	690600	
703200	675400	686000	670800	685400	
684000	699200	693000	675400	689600	
689000	684400	681400	683000	680000	
677400	683400	682400	674000	692600	
662400	677000	665800	668800	670800	
669800	672400	662400	681000	669400	
666400	655800	669800	686600	683400	
677000	680000	659200	658800	665400	
666400	675400	667800	661200	653800	
678000	648600	669400	666800	669800	
664400	654800	655800	666800	659200	
660800	649200	663400	667800	658200	
629600	655200	678400	645600	643200	
663800	659200	641200	650200	653200	
641200	636600	641200	659800	651200	
664800	633600	642200	646600	644200	
648600	661200	635000	653200	636600	
629000	636000	641600	636000	624000	
640200	636000	633000	622400	631000	
627000	632600	623000	631000	621000	
641600	638200	637600	624400	628600	
653800	628000	642200	643200	627600	
630000	620400	609800	622400	629600	
626600	631600	627000	623400	616000	
637200	608400	617000	622000	600800	
617000	614400	623000	625600	611400	
617000	622400	633600	594800	631000	
609400	606400	613400	612400	624000	
621400	609800	627000	610800	619400	
622000	625600	624000	624400	606800	
629000	619400	608800	604800	620000	
600800	615400	601800	609800	605800	
599800	611400	620000	606400	610400	
609800	598200	616000	620000	629000	
628600	613000	617400	597200	626000	
625000	610800	611800	601800	610400	
629000	619000	598200	606400	613400	
607400	624000	600400	627600	611400	
623400	622400	626600	631600	610800	
616400	638200	628000	610800	623400	
609800	637200	623400	636600	629600	
629000	641200	636600	630600	633000	
642200	658800	626600	624000	638200	
637200	634600	641600	631000	644200	
639600	640600	625600	639200	628000	
619400	645200	618000	621400	644200	
626000	620000	631600	641600	626000	
645600	636600	639600	611400	634600	
631000	633600	634000	634000	627600	
642200	622400	626000	634000	615400	
614000	628000	614400	618000	632600	
611400	637600	623000	604800	612400	
634000	631600	620000	610800	614400	
628000	613000	609400	625600	617000	
612400	608400	608400	612400	606800	
617400	613400	605400	609400	609400	
617000	599800	600800	606800	594200	
615400	622000	592200	609800	602400	
621400	602800	620000	595800	611800	
603400	611400	611400	602400	617000	
609800	608800	609800	610800	615000	
594800	607400	605800	596800	604400	
613000	599200	605400	609400	618400	
603800	598800	596200	609400	596200	
591800	599800	611800	597200	592800	
609400	613000	598200	596800	588800	
583600	610800	613400	608800	607400	
594800	610800	605800	602800	584200	
601400	607800	604400	597800	600400	
600400	604400	600400	624000	614000	
609800	616000	598200	588800	590800	
594200	618000	598800	604800	600800	
600800	593800	581200	590800	600400	
595800	582200	587200	579200	587200	
596200	593200	580200	603400	583200	
610400	593200	601400	598800	600800	
593200	609400	596800	596800	592800	
588800	588200	596800	587600	591200	
593200	611400	585600	589800	594800	
585200	597800	598200	583600	604800	
588200	577600	578600	590800	594800	
581600	590800	577600	580600	602800	
590800	595200	563600	579200	576600	
603800	605800	610400	595200	585600	
587600	608400	594200	583200	580600	
596200	592200	593800	595800	586600	
603400	598800	588200	595800	588800	
585600	583600	597200	597800	596800	
586200	610400	579200	585600	583200	
589200	581200	598200	585600	584600	
586200	581200	594200	585200	578600	
589800	586600	591200	569000	584600	
581200	577200	591800	588200	578600	
589200	600400	588800	597200	584600	
600800	585600	591200	591200	595800	
614400	595800	597200	599800	601800	
598200	604800	584600	599800	601800	
600800	578600	596200	590200	592800	
586600	589200	587600	581600	585600	
590800	591200	576600	576600	582200	
589200	602400	588800	583200	602400	
586200	602800	592800	593200	606400	
592800	597800	588200	585200	593800	
594800	603800	596200	597200	592200	
589800	590800	591800	596800	596200	
579600	600400	608800	575600	589200	
596200	588800	589800	575600	596200	
590800	585200	590200	580600	600400	
594800	587200	588200	578600	597200	
598200	583600	581200	590800	580200	
572000	592200	580600	584200	585600	
592200	587600	584200	580200	578200	
599800	574600	583200	598800	586200	
585600	568600	590200	598800	569600	
582200	576200	575600	563600	580200	
581200	581200	574600	574000	592200	
569000	587200	572000	584200	573000	
589200	586600	588800	575600	589200	
587200	574600	572000	576600	583200	
576200	581200	581200	579200	583200	
590800	572600	570600	564000	574000	
574600	581600	560000	565000	591800	
569600	576600	548400	573000	580600	
566600	569600	569000	566600	563600	
566000	574600	570600	555400	573600	
567600	567600	574600	545800	558000	
571600	568000	555000	569600	562000	
569000	549400	566600	556400	556400	
560400	553000	569600	554400	556000	
561000	559400	553400	545800	539800	
538800	553000	546400	553000	541800	
554000	557000	558400	540800	549800	
534200	550800	546400	544400	539400	
542400	542400	541800	552400	550800	
543400	548800	525600	539800	537800	
531200	520200	546400	548400	527800	
541800	529200	545400	531200	547800	
536200	531200	535200	536200	539800	
534200	529200	547800	526200	542400	
534800	546400	524600	533800	522600	
517600	515200	522200	536200	540800	
518600	519600	528800	526800	525600	
517200	527800	537800	525200	510600	
529200	520600	519600	519200	514000	
523200	531200	535200	523600	523200	
521600	536800	529200	532200	537200	
518200	526800	508000	520200	527800	
531800	516600	525600	540800	508000	
518600	525200	519600	538800	519200	
526800	512600	517600	526800	536800	
520600	516200	522600	520200	515600	
516200	523200	522200	521200	513600	
521600	526200	513600	521200	520200	
514000	515600	524600	523200	533800	
531200	526200	518600	516200	519200	
513000	529200	528200	517200	520600	
511000	513600	514000	522600	523600	
524600	537200	519600	529800	523200	
528200	510600	527200	514600	520600	
522600	520200	533200	524200	539800	
524600	520600	512000	535800	524200	
522600	536800	526200	533200	516600	
512000	511600	532800	543800	532800	
519200	539400	530800	525200	532200	
520200	542400	528800	527200	531800	
539400	530200	540400	528800	533200	
536200	523200	518200	526800	537200	
521200	526800	541400	528800	526200	
516600	523600	528200	534800	532200	
539400	542400	521200	528800	520600	
538800	538200	539400	523200	535800	
517200	519600	534200	529200	553000	
538800	535200	534800	525200	522200	
533200	525600	526200	520200	527200	
526800	531200	529800	522200	551400	
537200	532200	519600	532800	511600	
530800	532800	519200	536800	525200	
527200	522600	524200	535800	521200	
520600	529800	531200	518200	519600	
526200	516600	516600	508000	533800	
530800	526200	526800	524200	519600	
512000	516200	532800	535200	507600	
517600	526200	526200	533800	522600	
517200	521600	514600	534200	517600	
523200	520200	542400	520200	532800	
534200	530200	521200	523200	521600	
513000	531200	531200	521600	532800	
528800	520200	523200	514600	520200	
516600	511600	513000	500000	520600	
526800	535200	516200	536200	516200	
536200	530200	505600	521600	514600	
508600	516600	506600	519600	504000	
520200	517200	503600	528200	508000	
528200	529800	517600	502000	533200	
524200	528800	520200	514000	519200	
530200	526200	526800	528800	519200	
518200	523200	532200	522600	528200	
532200	524600	518600	512000	520200	
528200	506600	526800	531200	515600	
524200	526200	518200	528200	527800	
534200	518200	529200	521200	527800	
525200	509600	516200	517200	531200	
518200	529200	523200	526200	511000	
519200	514000	516200	532800	521600	
520200	527200	515200	514000	530800	
528200	512000	517600	527800	533800	
530800	521600	509000	518600	532800	
518200	517600	508600	533200	530800	
517600	523200	518200	520200	528800	
522200	509600	526800	503000	519200	
521200	512000	525600	508600	522600	
516200	525600	544800	536200	525200	
515200	527800	517200	520600	513000	
523600	510600	530200	534200	521200	
517200	511600	526200	521600	519600	
505600	516200	509600	514000	528200	
505000	515600	503000	524200	536800	
519600	518600	516600	511000	504600	
529800	505000	512000	537200	516600	
523600	513600	511000	519600	514600	
521600	515200	507600	528200	521200	
527800	508600	519600	523200	520200	
519600	503000	502000	522600	518200	
524600	530800	507000	513600	527200	
519600	520600	518600	531800	519200	
504600	517600	514600	522200	523600	
520600	513000	520600	514600	538200	
521600	500400	507000	526200	519200	
524200	502000	520600	527800	520600	
515600	511000	522200	520600	527800	
530200	522600	508000	524200	528800	
515200	515600	500000	518200	520200	
522600	518200	520600	514000	509600	
518200	521200	517200	521600	510000	
524600	529800	518200	504000	517600	
519200	525200	506000	527200	512000	
518600	521600	517200	530200	523200	
497000	508000	499000	505000	512600	
511000	502600	516600	509600	520200	
521200	512600	513000	529200	524600	
503600	528800	532200	506600	511000	
511000	517600	513600	516200	527800	
525600	518200	516600	512600	518200	
523600	508000	530200	521600	507000	
517600	527200	502600	524600	515200	
508600	498000	517200	520200	515600	
515600	519600	518600	513000	514600	
520600	513000	527200	527200	520200	
509600	510000	518200	510600	532800	
511600	521600	526200	518200	505600	
515200	508000	499400	516200	506600	
514600	521600	511000	515600	520200	
528200	517600	522600	521600	510000	
512600	504000	495000	510000	505000	
514600	516600	511000	525200	517600	
509600	510000	504600	524200	523200	
522200	509600	519600	523600	530200	
520200	520600	519200	532800	514000	
527200	519200	517600	522200	518600	
526200	516200	518600	502600	520600	
521600	526200	513000	519200	507600	
526200	510600	523600	522600	530200	
521200	505000	510600	528200	528200	
515600	524600	528800	510000	512000	
513000	533200	512000	520200	527200	
513600	519200	501400	514600	523600	
517200	523200	510600	535200	521200	
508600	517600	516200	523200	502000	
515600	528200	503000	507000	520200	
522600	511600	514000	510000	530800	
526800	515600	532800	521200	518600	
503600	517600	513000	520600	526800	
522200	512600	523200	510600	527200	
510600	524200	504600	522600	513000	
506000	513600	509000	514000	522200	
506000	523600	517200	523600	516200	
519600	510600	527800	513000	512000	
522200	522200	527800	508000	516600	
519200	514000	515200	530200	518600	
507000	517600	521600	514000	514000	
517200	514600	528800	527800	516200	
503600	514000	510600	510600	513000	
514000	523200	507600	514000	514000	
504600	516200	503600	509000	527200	
514600	520600	511600	515200	523200	
537800	523200	522200	522600	504000	
516600	518200	508000	521200	510600	
515200	513600	502600	509000	510000	
515200	508000	525600	508600	518600	
512000	525200	513600	494400	520600	
513600	520600	513000	512000	512000	
508000	505000	523200	522600	514000	
521600	505600	505000	507600	511000	
509600	504000	503600	516200	513000	
517200	504600	512600	529200	514000	
509600	508000	511600	512000	512000	
508000	519600	521600	507000	513000	
515600	516600	519600	528800	530800	
516600	511000	506600	518200	518600	
523600	516200	511000	521600	513000	
506600	518200	503600	516200	509000	
517200	512600	515600	508600	503600	
518600	521200	512600	516200	513000	
509000	509600	504000	515200	510000	
490400	519200	501400	503600	515600	
522200	513000	522600	525200	510600	
534800	511000	498400	508000	507600	
506000	511600	508000	505000	499400	
505600	515600	512000	505600	516200	
500000	518600	502600	521600	502600	
511000	514600	524200	493400	517200	
501000	508600	506000	524200	511600	
511000	516600	512000	512600	523600	
494400	532800	509000	499400	521200	
516200	499000	513000	508600	506000	
497400	507000	495000	511600	506600	
504600	508000	510000	506000	503600	
511600	512000	507000	510000	514600	
500000	504000	505600	498400	505600	
505000	511600	510600	522200	517200	
510600	498400	504600	515600	505000	
516200	520200	515200	501000	509600	
504600	519200	513600	505000	516200	
514000	518200	512600	523200	494400	
514600	512600	514000	500000	511600	
506000	516200	508000	498400	516600	
512000	514000	509600	512600	519600	
509000	497400	507600	526800	504000	
512000	501000	505000	514600	522200	
505000	525200	516200	509000	505600	
518200	495000	513000	513000	501000	
515200	514000	511600	508000	504600	
504600	514600	521600	509000	517200	
517200	508600	515600	512000	504000	
508600	509600	513000	508600	510600	
500000	513600	520600	499400	525600	
500400	524200	502600	505000	514000	
515200	494000	500400	498400	512600	
525600	517200	516600	510000	515200	
522200	510600	519600	511000	515200	
514000	512600	513000	528800	514600	
516200	500000	517200	503600	519200	
512600	517200	518200	500000	510000	
509600	501400	511000	516200	503600	
512000	505000	512600	514600	522600	
499000	525200	505600	515200	504000	
501000	515200	518600	516600	513600	
521200	524600	512000	500000	493000	
501400	503600	508600	498000	512600	
518200	512600	512000	507000	500000	
517600	502600	518600	513600	515200	
508600	506600	508000	516200	525600	
502600	503000	513000	512000	518600	
504600	524600	509000	505000	527200	
506000	518200	508000	505600	521200	
514600	516200	497000	516600	522600	
512000	502000	501000	493000	505600	
501000	494400	506600	501000	501000	
502000	503000	508600	520600	503600	
516200	514000	498000	515600	503600	
502000	501000	505600	508000	509000	
509000	517200	516600	517600	524600	
506600	499000	514000	495400	519600	
504000	516600	510000	510000	509600	
505000	524200	510000	508600	496400	
522200	508600	499400	509000	508600	
517600	506600	510000	504600	504000	
510000	509600	506000	492400	503600	
503000	503000	516200	503000	519600	
508600	494000	505000	511000	502000	
507000	525200	498400	496400	505000	
510600	504000	501000	510000	496000	
497000	505600	507000	500000	511600	
502600	498400	513000	515600	492400	
515200	506000	516600	508600	509000	
514600	501400	508000	509000	503600	
511000	507000	517600	490000	503000	
505600	502600	505600	503000	503600	
521200	509000	509600	501400	509000	
522600	517200	501000	509000	519600	
515200	512600	500000	515600	508600	
513600	509600	510600	513000	507600	
510600	510000	512600	502600	515600	
514600	521600	505600	504600	500400	
511000	516600	501400	517600	485400	
501400	504000	512000	509600	511000	
501400	516600	503000	502600	491400	
497000	510000	506000	503000	492400	
500000	513600	507600	497000	498000	
508600	496000	501400	511600	498400	
498400	496000	514000	499400	498400	
520600	509000	510600	502000	509600	
504600	509000	503000	513600	515200	
502000	500400	498400	498400	506000	
514000	506000	513600	500400	506000	
512000	504000	494000	502600	500000	
506000	503600	510000	499000	504600	
516200	519600	500400	502600	513600	
512000	506000	523200	510000	512000	
511000	503000	494400	510000	495000	
506000	511000	494000	507000	511000	
506000	507600	513000	496400	499000	
511000	513600	500000	499000	510600	
509000	511000	514600	501000	507000	
509600	512600	498000	516200	513600	
510000	510600	500000	510600	517600	
515200	516600	512600	501000	513600	
512600	497400	513000	514600	511000	
510600	504600	482800	495400	506600	
515600	501000	510000	509000	512600	
492000	510000	508000	486800	488400	
498400	507000	507000	508600	502600	
510000	501400	501400	515200	505600	
503000	501000	500400	502600	508000	
495400	500400	497000	519600	496000	
495000	497000	505000	500400	511000	
511000	520600	506600	503000	508000	
507000	498400	492400	504600	504600	
517600	510600	503000	498000	515200	
507600	504000	504600	505600	502000	
521600	499400	502600	501000	503600	
510600	513000	499000	504600	510000	
509600	513000	519200	506000	515200	
497400	506000	515600	509000	504600	
515600	515200	507000	496400	502000	
492400	499400	499000	507600	515600	
508000	506600	506600	495000	511000	
502600	520600	507600	496000	502600	
509600	506000	515600	513600	505000	
496400	520600	510600	493000	513000	
496400	520600	510600	493000	513000	
496400	520600	510600	493000	513000	
