607.143	607.143	607.143	607.143	607.143	
1.01975e+06	1.01975e+06	1.01975e+06	1.01975e+06	1.01975e+06	
75785.7	78107.1	75607.1	75785.7	74142.9	
74428.6	72714.3	73000	74714.3	73178.6	
73714.3	73535.7	74142.9	76142.9	73714.3	
75678.6	75964.3	74535.7	73535.7	76142.9	
72714.3	74785.7	76392.9	69928.6	73428.6	
72464.3	72071.4	73535.7	71821.4	74714.3	
76035.7	73607.1	72642.9	74250	74142.9	
76035.7	73250	72357.1	73178.6	74250	
78642.9	71642.9	74535.7	73071.4	75678.6	
75428.6	73535.7	75250	76500	74714.3	
77571.4	74142.9	76857.1	74785.7	74785.7	
74892.9	76035.7	76964.3	75071.4	77571.4	
76142.9	77321.4	78464.3	78642.9	77928.6	
78750	77214.3	82071.4	79928.6	77392.9	
79821.4	78107.1	78464.3	79464.3	78035.7	
79285.7	79571.4	80000	79642.9	79285.7	
78285.7	76142.9	80714.3	78392.9	78928.6	
81464.3	81464.3	79571.4	80535.7	78392.9	
80000	81285.7	80285.7	80821.4	83178.6	
81107.1	82250	80285.7	80357.1	81464.3	
81714.3	82428.6	84071.4	81357.1	81714.3	
89357.1	89750	88750	91178.6	90714.3	
108179	106036	106929	105393	106643	
107464	109714	107643	107214	106036	
109821	106643	108357	108179	108714	
110179	107286	110964	111786	111250	
109821	107286	110964	107286	107821	
111714	111143	110714	110786	111071	
110786	111321	111250	113321	108821	
112143	108536	112500	112607	109250	
109821	111786	113571	112786	114857	
109071	110893	113036	110536	113500	
111250	113857	111714	112429	112786	
114929	114321	114857	111321	114143	
109714	113500	113321	113679	111893	
112857	112429	114571	110893	113036	
113036	114321	112321	112143	115393	
112321	111964	112857	114143	113393	
115393	115464	114679	112321	113571	
112429	116107	114393	115821	112250	
116214	110893	117179	114143	113214	
114857	111500	113571	112429	109714	
116107	113571	111714	113393	113393	
112607	113500	111714	116643	114036	
111607	115107	112250	107750	112607	
113857	113036	111714	111250	113857	
115393	116571	113857	120607	116214	
116750	119250	117893	116107	117536	
116036	112679	116821	117000	114750	
112500	114929	114214	111786	112071	
113036	114679	117179	115750	114679	
112071	114214	113036	112679	111500	
114321	113214	114036	113500	115286	
113786	114321	111893	113786	114393	
113857	113786	113393	114214	114500	
114679	114393	115643	116214	111893	
113786	114679	115929	112679	113500	
115643	113321	114393	115393	115036	
111429	112250	116214	114500	114214	
112321	111786	116464	115214	114500	
115464	113143	113036	115107	115643	
114679	115821	117000	114321	115036	
117714	115107	113321	116929	113143	
112786	115821	114393	114679	116107	
116643	116571	116036	115571	113393	
116571	116464	113036	113321	112857	
114750	118357	113571	114036	117286	
114500	116036	119071	120536	116107	
116821	115286	114393	117286	113321	
119714	115286	116821	118071	113214	
116929	118357	117357	117286	112786	
119071	116036	120893	117821	119250	
115036	117000	119786	120893	115464	
118000	117536	117107	117643	116571	
118000	116286	119250	118071	118714	
116571	118357	118286	120714	116464	
115821	116821	114036	117893	119536	
118714	121500	121071	118536	119607	
118000	120893	119893	118357	117464	
120143	116643	117714	119536	117107	
118000	118000	120714	118821	121786	
118000	116214	118179	119429	116107	
117107	118179	118821	118643	115214	
115464	117643	118821	118179	117714	
120893	117179	116464	116643	116107	
118536	120714	119179	118643	119536	
112786	116571	116107	114571	117107	
118821	116107	115214	119429	117000	
115286	114393	117179	117893	118286	
115464	117464	113500	118464	116750	
117893	117000	111964	118714	119714	
117893	118893	116929	118821	116107	
117000	114929	117357	115821	113393	
116464	118000	119071	118179	116750	
116929	117536	115036	118464	117893	
115107	116107	117893	117643	118179	
118000	119714	115643	116107	117464	
117179	119536	120786	120357	120071	
120893	120536	118536	121857	120964	
117643	121071	118000	121500	121071	
119071	120536	120714	119964	123500	
118714	120357	124214	124643	121500	
120536	124393	123393	123321	123750	
122321	122679	120429	123750	122036	
119964	121143	121250	125036	125464	
121607	124857	120071	126536	120429	
119786	124393	123143	123143	123393	
122321	120536	120536	123393	122321	
121786	119786	118536	122321	121500	
121679	122321	121071	121321	120357	
119786	122857	120357	121607	121071	
123571	120357	117000	120786	121250	
122143	121071	120143	122321	123214	
120607	121071	121143	119964	121964	
121321	119071	118643	119536	120786	
119786	119179	118821	119964	118071	
115750	118821	120071	115107	119429	
120607	119179	117821	121964	120429	
120071	118643	118536	118821	120536	
123679	121786	119429	120429	120143	
121964	120786	120607	123679	121857	
121607	120607	123214	123750	124857	
122607	119893	120607	122679	123214	
123036	122857	123679	124929	121786	
123393	122393	125571	126286	121429	
124107	125214	123500	125036	121250	
126107	124571	123857	121250	126643	
123393	125464	127286	124857	120429	
126286	124393	123571	127821	122393	
125036	124036	123750	125393	124036	
124643	131321	124214	126536	123750	
126357	126536	124036	129179	127536	
125571	127179	125036	128071	123571	
127000	127893	127286	128714	129429	
129429	131143	130429	130321	125571	
131786	128429	134286	127893	130786	
133036	131143	128964	129357	131250	
130071	126929	133214	131500	130143	
129357	132321	129893	131500	130607	
128429	128536	129964	129250	130250	
126929	126464	127286	130500	131036	
127000	128357	128357	127286	128786	
124929	125750	124393	128000	127357	
129786	127179	127000	124929	128429	
125214	125464	127821	125821	123571	
127000	124214	125750	126464	126000	
125214	127000	129357	125571	125036	
128714	127464	128071	129357	129714	
131857	131964	131500	130321	130429	
133107	129714	127643	131679	130679	
130607	133393	133750	129786	128893	
130964	131500	134643	128607	129786	
131500	130500	130429	130857	131964	
132500	129179	130321	131786	132679	
133286	132143	134750	132214	131036	
137250	134750	134393	132750	135536	
135464	136821	135750	140071	139429	
140429	141929	142393	141929	143929	
145643	142857	148321	142929	146429	
144000	148679	146714	148893	146714	
146714	151393	148321	151143	149143	
151393	153214	148893	150321	151393	
153393	150143	149500	151929	152750	
152393	151143	154286	150857	149679	
155893	151750	153107	151679	155071	
155464	154000	153929	152036	154107	
153286	158321	157429	154000	156357	
158071	162929	158071	157714	152643	
159679	160679	158500	158071	156000	
159679	159214	159500	159500	159786	
161036	158857	158679	158964	158964	
157607	158500	159143	159786	159679	
157143	153821	154286	157321	160750	
157786	157714	158607	160393	157714	
157429	162393	159857	158607	162107	
157321	161107	161036	157071	161393	
158500	156429	159321	163357	163536	
161571	158786	160143	161107	161929	
164000	161643	160500	160143	158786	
163286	162214	160571	160857	160214	
163107	164643	160036	162036	164714	
160750	163000	165357	162107	158429	
163536	163821	163179	167143	163179	
169143	165429	167857	162107	165786	
165536	169857	165250	167143	167786	
168500	171929	167857	168857	168214	
169679	170214	171393	171036	170857	
171750	172464	173893	173357	173357	
172179	173107	170679	170286	170393	
172000	166250	175893	173357	172107	
173000	171821	175714	171929	171214	
170107	174000	170857	172464	174000	
176250	175357	174607	172929	173643	
181286	175607	173000	179679	178214	
182107	183179	178679	176679	179107	
180643	178036	181286	177786	178679	
182643	180571	182464	182000	180036	
185500	182893	181821	180571	178214	
182821	185857	186786	187036	183071	
184071	183893	182179	181357	179393	
184786	189464	189821	187679	182357	
188679	188929	191643	188929	188500	
188679	189214	180929	189464	187036	
191464	185429	187321	187321	186786	
188321	190571	183429	190179	188857	
191179	194429	189036	191714	191107	
196036	194321	192429	190750	189643	
193893	193429	192179	186679	192179	
195607	191357	193179	192429	195429	
190821	193000	186429	189393	192357	
187393	193893	193179	187857	194321	
193786	192536	197393	194143	191286	
193071	194607	195071	197929	197571	
199821	197393	201357	198643	196500	
198214	197679	205321	198393	198214	
200821	201357	195964	200286	198464	
202536	205679	197679	200536	199821	
198571	199929	199214	203536	198643	
202714	205036	203607	202429	203714	
203143	206679	206143	202893	203536	
208750	205571	204679	201464	203071	
206214	208286	204857	205786	203607	
206571	205786	205036	204143	212143	
205964	203536	207464	205786	205857	
210107	204321	206750	210714	202000	
207857	208643	207286	209821	209000	
207286	208571	208821	210357	204429	
208036	211786	210714	214607	212964	
209357	209179	211357	215393	211607	
209286	209821	213321	212071	210464	
211536	215393	206036	210179	212357	
209286	215679	214036	211357	212536	
210536	214214	210821	212607	215571	
209821	212250	210643	212786	212143	
211536	216464	211607	215321	213607	
211429	219643	210286	215214	217036	
218179	215321	209464	216571	212071	
207464	214607	212536	208571	210357	
211786	211250	209714	211000	213500	
206571	206500	212714	214786	211893	
208464	205571	212071	209107	211429	
203429	206143	200643	207464	205786	
202893	202536	206321	208464	203429	
200179	206214	203536	208821	201071	
204607	203893	202964	206036	201179	
206679	210821	210286	212714	205214	
213679	210179	218357	214964	210000	
215750	216286	213321	218179	212429	
223607	224571	222321	228286	226036	
225571	231500	233214	229536	228714	
228286	230536	232250	232679	232429	
228714	235929	228714	237821	234571	
230607	235036	230714	231500	229893	
228286	232500	234143	236000	232679	
239536	237286	238643	237714	237107	
236750	238000	233500	237643	235571	
242321	244643	240714	241857	235750	
240964	244036	244214	242143	241143	
248429	244571	245929	252500	249321	
247714	252571	251036	250429	249786	
245107	258893	253571	255643	259250	
243393	255000	243321	246893	247821	
249714	251607	251143	247821	251964	
248964	248964	256000	250429	247821	
246107	248357	249143	243857	244929	
248000	243750	242857	242679	244821	
244643	244821	254643	249071	248607	
249607	249071	251607	250250	249071	
247464	249429	252393	244393	248071	
258071	256107	249714	252571	253857	
255536	256893	254643	261750	257071	
262750	258893	259786	259321	252679	
254393	259679	260036	263393	252857	
263750	266536	265000	263286	265893	
270679	270393	264179	270857	263214	
272107	266893	271679	269321	270750	
273179	281393	278429	275821	276786	
275714	276179	278143	275714	270750	
275714	276000	280500	278143	279143	
277500	281929	286321	279036	275250	
278071	277429	279857	277071	277607	
273179	275714	275429	277429	271750	
278071	275429	278250	272286	280500	
278250	282929	280143	278429	276536	
268321	275250	280857	279750	278964	
279214	282750	284643	279143	274179	
276607	280571	279036	278429	284357	
281750	286250	278250	283179	283714	
274643	279500	286429	282464	276536	
288036	286893	288786	286071	289571	
285250	290929	287786	287679	289393	
287500	290750	293464	293286	293536	
292107	288571	288143	294786	288036	
294250	297786	295714	295714	298500	
297964	294071	290929	299107	296500	
300464	298500	296143	295071	297500	
298750	303071	299393	299464	299214	
299750	304179	305679	300036	300821	
308036	305321	304071	300821	306607	
304179	298036	300464	301107	302357	
303786	303893	299679	305786	302643	
300214	306500	306679	302357	304071	
298214	300750	301714	297607	293714	
303786	311643	303071	299107	306857	
295714	303786	294607	296143	300036	
292464	296857	295071	298143	299464	
298214	300821	294071	301464	293000	
298857	296857	293286	293357	295357	
302536	301821	303429	303071	295607	
295964	304714	300286	306857	298143	
308393	303071	300571	305679	302893	
301536	302536	307393	301000	303964	
307143	307036	299679	301464	303536	
304786	304607	306500	304179	300464	
316679	313429	314500	314143	308036	
310643	311714	316036	309821	313607	
314607	311643	309214	306964	308571	
311821	317679	304607	311643	307679	
311893	307857	304250	309036	307750	
312821	311714	312429	317321	308500	
309571	308500	309929	309214	302821	
305607	316393	309214	310107	304250	
306250	309643	305143	305250	301643	
310929	310179	303000	311643	309214	
307214	311179	313000	312179	304179	
313893	317679	312250	317679	316857	
314071	310821	314786	317036	315071	
317857	316857	317321	319464	316036	
314429	321071	314964	321643	319821	
319929	327107	320821	314500	314964	
318214	325143	321714	316857	317929	
323143	324786	323679	324321	318643	
321643	322071	320643	317929	323964	
323679	325750	325750	322607	320643	
320357	318750	322071	318929	318214	
318214	317214	318393	320464	317214	
316036	322607	322429	311893	320464	
321536	313536	317321	323321	325393	
319571	323786	319821	321000	322357	
317679	321536	319464	327929	312429	
314071	319393	315071	323321	322607	
317107	323893	318214	320821	323679	
321536	321643	322250	322786	319464	
327036	323679	324429	321429	323679	
321357	322250	321357	324143	322893	
326036	325321	328929	326750	322964	
327750	334964	332071	326036	329107	
326750	328929	329821	329536	327643	
322964	336286	328000	332250	332714	
334571	330000	327929	330000	323964	
334214	331714	333857	331893	334321	
334500	334500	335393	333321	333071	
328286	338000	335214	335750	339893	
332321	335929	332321	342857	333607	
339536	337286	342857	336393	334786	
344571	343500	339357	347000	335321	
348714	352321	345036	344857	341714	
348643	350429	347464	347000	346750	
350357	348893	352679	349071	348643	
350714	356179	353214	363679	353500	
353393	357000	355286	350429	355929	
360143	359607	352143	357643	360429	
363500	362214	359893	355643	361857	
359536	371214	359429	360143	364571	
366714	367821	363143	362036	362321	
367536	370786	369321	367643	368964	
368893	374214	370321	371750	370500	
366286	369429	364464	370786	372500	
372929	373571	371036	378607	374000	
373643	375643	371679	372571	372679	
377429	388964	383214	373214	377964	
381571	374107	377786	380500	371964	
383464	392107	384714	379607	383929	
390214	392750	385357	384821	391286	
392214	388321	386000	392393	392821	
396250	396607	400571	396893	394893	
394893	396071	395357	395786	392464	
402571	406143	398679	399857	403821	
399036	404821	400214	405536	403000	
407786	404821	409571	414893	418036	
416500	405714	413643	416429	404250	
412000	411179	414250	408679	410821	
414429	418036	413357	418857	422071	
413179	416250	422071	421286	414250	
410571	416429	418500	422000	416964	
424429	422464	416679	421536	417571	
428464	427214	419929	424536	427929	
422536	419464	420036	424143	419464	
425143	430821	427036	423071	420286	
428107	428929	427036	428643	421286	
424786	429750	422893	420643	426214	
420393	428750	424536	428286	416857	
420821	421464	420821	422536	417500	
405357	410214	411929	406679	401464	
404714	408857	407964	408036	408857	
402286	395429	403179	403107	400321	
403000	399750	405964	406429	406786	
403000	397250	406071	406071	398679	
409321	405071	408143	402643	404000	
404179	411286	407071	408500	406607	
415143	421286	415071	419393	417393	
426500	428286	422821	430929	421179	
435321	451179	435429	439929	436571	
441000	439107	439929	445929	438393	
455929	461429	447643	445679	454929	
453500	449000	450893	449107	450643	
456107	460964	461607	459714	456107	
459071	466821	453143	462429	457000	
456643	465286	453607	458643	459000	
460893	466036	455143	460429	461893	
461143	458357	456750	458714	454500	
459000	459071	459643	458821	458821	
455321	459179	461893	462143	452964	
465750	459250	457929	464929	457393	
465214	459071	464857	470893	466036	
464393	466643	460250	470250	471679	
468893	469000	468357	469179	472214	
476821	477464	473036	481321	471857	
484750	477357	478964	481964	473500	
476929	487536	483929	480429	483214	
493750	483036	491321	491857	486464	
483571	487429	486357	485179	481500	
489143	491321	489607	478429	488536	
503929	492321	490429	504893	501214	
499857	497429	492214	495643	495107	
494000	497000	489964	487357	494000	
488964	492857	488893	488179	485536	
489071	493571	499679	495536	488179	
491036	494393	500143	492393	494929	
497786	495714	484286	500964	491143	
496893	494571	490500	498429	498893	
489679	500750	491750	496071	498964	
499786	494464	492857	500321	502214	
494821	494929	493107	498071	493393	
504536	504714	500857	503929	499786	
503571	498786	493821	499250	495357	
490429	494286	496250	490857	489250	
495643	499250	491571	507786	489607	
496893	502214	491750	498143	499071	
497786	503286	495107	504714	490786	
494107	499071	500036	492679	498964	
496179	502393	515607	504286	505250	
504000	510321	513643	506964	507071	
500321	507250	503821	513357	506429	
521286	519679	521036	515357	512393	
522107	527500	515714	518679	516250	
517250	528036	527500	528500	519036	
535143	531464	530286	537036	534000	
535500	540571	531464	539107	533714	
541107	546036	550536	547321	549107	
552000	548929	543714	552964	555321	
554250	563429	562071	559643	551357	
557929	558286	562536	556571	550714	
561000	567107	564964	559714	562250	
549929	570429	559179	562429	559179	
553250	555857	557036	557286	563500	
553607	568107	558821	565143	564214	
569357	573143	561893	559821	565929	
574143	581321	576464	576036	577643	
578643	578464	582429	582250	580429	
579821	597464	585286	589714	578643	
590964	599786	594643	590964	602036	
595929	603929	597071	600500	594036	
599429	613286	607786	604464	603286	
609786	612929	604643	611036	604393	
619679	613929	625893	623357	613393	
621857	617786	619250	622571	617714	
628321	631036	621500	634536	631643	
634714	635357	637500	648036	631107	
634893	638571	635536	631929	639036	
632464	644714	631393	651357	639571	
641821	653786	648750	650286	647500	
648321	650036	656786	654071	631393	
655964	657214	650929	660286	649107	
659107	667107	665607	661107	655786	
664964	675964	670000	680357	676571	
670000	685679	676857	689000	670643	
669643	684679	667036	681179	668036	
666929	681964	669286	684036	667321	
672536	670893	683857	689893	680893	
677929	685036	670000	680071	669179	
680250	675321	677036	677750	670714	
661357	673071	672179	671821	676214	
689893	685750	692857	685321	692250	
686929	697107	700357	709714	700000	
713750	710321	699714	715000	705107	
748964	747607	750750	754536	749393	
742036	755250	752464	748679	748036	
778107	787929	776321	778857	774786	
792964	791429	789821	800250	792536	
813036	817107	815571	816036	808179	
829429	836643	830679	841393	818286	
846643	855464	838357	851036	832393	
860393	862929	865071	858786	857786	
883250	890107	874536	897393	882714	
885250	883250	887036	889393	887679	
885679	899393	891357	901179	894714	
910107	906571	911357	916286	907107	
926750	914500	930000	929536	918357	
939250	952571	942214	932607	930357	
955357	962679	954821	970929	960857	
968143	972464	982000	979857	978071	
992643	999464	987500	994071	1.001e+06	
1.00307e+06	1.01693e+06	1.01804e+06	1.02379e+06	1.01189e+06	
1.03154e+06	1.029e+06	1.01514e+06	1.04096e+06	1.01532e+06	
1.02875e+06	1.03154e+06	1.01657e+06	1.02668e+06	1.02143e+06	
1.01693e+06	1.02125e+06	1.00911e+06	1.02136e+06	1.02118e+06	
1.02125e+06	1.01371e+06	1.02668e+06	1.02289e+06	1.01918e+06	
1.01136e+06	1.03307e+06	1.01307e+06	1.02479e+06	1.01036e+06	
1.01425e+06	1.02414e+06	1.02261e+06	1.01632e+06	1.01261e+06	
1.04621e+06	1.05439e+06	1.03646e+06	1.04529e+06	1.02271e+06	
1.05521e+06	1.05882e+06	1.06014e+06	1.06068e+06	1.04836e+06	
1.06907e+06	1.09536e+06	1.07664e+06	1.08661e+06	1.07654e+06	
1.10086e+06	1.10293e+06	1.09707e+06	1.11768e+06	1.111e+06	
1.13668e+06	1.14361e+06	1.14504e+06	1.14818e+06	1.12561e+06	
1.1455e+06	1.15621e+06	1.15739e+06	1.16321e+06	1.14686e+06	
1.16564e+06	1.16818e+06	1.16593e+06	1.17646e+06	1.16189e+06	
1.185e+06	1.18429e+06	1.17996e+06	1.19268e+06	1.18439e+06	
1.20754e+06	1.21654e+06	1.20507e+06	1.21671e+06	1.1995e+06	
1.21032e+06	1.21057e+06	1.22571e+06	1.215e+06	1.19943e+06	
1.23236e+06	1.22571e+06	1.22443e+06	1.23229e+06	1.21454e+06	
1.22732e+06	1.23454e+06	1.23271e+06	1.234e+06	1.22779e+06	
1.24118e+06	1.23814e+06	1.23111e+06	1.24568e+06	1.22893e+06	
1.23354e+06	1.22779e+06	1.22725e+06	1.23325e+06	1.22607e+06	
1.223e+06	1.22479e+06	1.22479e+06	1.23721e+06	1.22354e+06	
1.23336e+06	1.22929e+06	1.23157e+06	1.2545e+06	1.21489e+06	
1.22489e+06	1.2285e+06	1.22921e+06	1.23236e+06	1.23589e+06	
1.22929e+06	1.23607e+06	1.22246e+06	1.2355e+06	1.22389e+06	
1.24525e+06	1.26918e+06	1.24696e+06	1.261e+06	1.24857e+06	
1.25604e+06	1.25461e+06	1.26343e+06	1.26568e+06	1.24318e+06	
1.27e+06	1.27214e+06	1.288e+06	1.286e+06	1.27793e+06	
1.28339e+06	1.298e+06	1.30429e+06	1.30232e+06	1.30043e+06	
1.28871e+06	1.32607e+06	1.32039e+06	1.32111e+06	1.29557e+06	
1.30871e+06	1.31832e+06	1.30168e+06	1.30204e+06	1.30429e+06	
1.315e+06	1.32093e+06	1.31961e+06	1.33425e+06	1.31868e+06	
1.32329e+06	1.31589e+06	1.33821e+06	1.30771e+06	1.32796e+06	
1.32311e+06	1.32193e+06	1.32489e+06	1.316e+06	1.33021e+06	
1.31589e+06	1.31925e+06	1.33211e+06	1.32093e+06	1.30311e+06	
1.32789e+06	1.326e+06	1.32111e+06	1.33643e+06	1.31589e+06	
1.31464e+06	1.32068e+06	1.33436e+06	1.33489e+06	1.32275e+06	
1.33407e+06	1.34064e+06	1.33814e+06	1.34104e+06	1.34004e+06	
1.33796e+06	1.32957e+06	1.34046e+06	1.34157e+06	1.34704e+06	
1.34389e+06	1.33329e+06	1.32732e+06	1.33293e+06	1.33246e+06	
1.33039e+06	1.34732e+06	1.35229e+06	1.33832e+06	1.332e+06	
1.326e+06	1.34821e+06	1.33364e+06	1.34489e+06	1.31096e+06	
1.30654e+06	1.32329e+06	1.32293e+06	1.32275e+06	1.30986e+06	
1.33329e+06	1.33111e+06	1.33975e+06	1.34082e+06	1.33914e+06	
1.30475e+06	1.33814e+06	1.30582e+06	1.31979e+06	1.31814e+06	
1.30879e+06	1.3275e+06	1.31832e+06	1.31293e+06	1.31268e+06	
1.30968e+06	1.32311e+06	1.3115e+06	1.31518e+06	1.30196e+06	
1.32714e+06	1.32868e+06	1.32382e+06	1.32968e+06	1.31043e+06	
1.32411e+06	1.35721e+06	1.32357e+06	1.3475e+06	1.32904e+06	
1.34121e+06	1.34236e+06	1.34514e+06	1.34525e+06	1.33221e+06	
1.34911e+06	1.34082e+06	1.35193e+06	1.35461e+06	1.33796e+06	
1.3465e+06	1.35829e+06	1.34739e+06	1.36461e+06	1.36118e+06	
1.32264e+06	1.34436e+06	1.32643e+06	1.35075e+06	1.33643e+06	
1.35154e+06	1.36775e+06	1.35361e+06	1.36343e+06	1.35318e+06	
1.33689e+06	1.37314e+06	1.37846e+06	1.36361e+06	1.33654e+06	
1.36029e+06	1.37829e+06	1.3745e+06	1.38196e+06	1.35668e+06	
1.37271e+06	1.37496e+06	1.37029e+06	1.38189e+06	1.36704e+06	
1.37189e+06	1.3945e+06	1.3835e+06	1.398e+06	1.37486e+06	
1.36839e+06	1.37236e+06	1.37639e+06	1.38207e+06	1.3665e+06	
1.39539e+06	1.39682e+06	1.38307e+06	1.38954e+06	1.37307e+06	
1.37793e+06	1.39018e+06	1.40107e+06	1.39368e+06	1.37379e+06	
1.35768e+06	1.38911e+06	1.37054e+06	1.37054e+06	1.37504e+06	
1.39314e+06	1.38929e+06	1.39025e+06	1.39971e+06	1.38775e+06	
1.37746e+06	1.37875e+06	1.37432e+06	1.37946e+06	1.37693e+06	
1.38018e+06	1.38089e+06	1.38864e+06	1.389e+06	1.37207e+06	
1.379e+06	1.40386e+06	1.39114e+06	1.41068e+06	1.39043e+06	
1.36821e+06	1.38332e+06	1.38396e+06	1.407e+06	1.38764e+06	
1.38107e+06	1.37729e+06	1.37314e+06	1.4e+06	1.38646e+06	
1.38386e+06	1.39404e+06	1.39718e+06	1.39404e+06	1.38271e+06	
1.41493e+06	1.41493e+06	1.40925e+06	1.41914e+06	1.40296e+06	
1.39718e+06	1.40657e+06	1.417e+06	1.40493e+06	1.39286e+06	
1.39107e+06	1.40582e+06	1.39504e+06	1.40546e+06	1.38261e+06	
1.40782e+06	1.40789e+06	1.40243e+06	1.39493e+06	1.40368e+06	
1.39746e+06	1.41214e+06	1.39386e+06	1.41014e+06	1.389e+06	
1.40043e+06	1.39539e+06	1.39918e+06	1.42068e+06	1.39657e+06	
1.40304e+06	1.41493e+06	1.42086e+06	1.41411e+06	1.39314e+06	
1.40161e+06	1.39818e+06	1.4135e+06	1.41689e+06	1.39361e+06	
1.40657e+06	1.42175e+06	1.40439e+06	1.41421e+06	1.41061e+06	
1.38196e+06	1.41789e+06	1.40393e+06	1.39764e+06	1.39793e+06	
1.40504e+06	1.40411e+06	1.4035e+06	1.41736e+06	1.39864e+06	
1.38568e+06	1.41446e+06	1.41907e+06	1.41564e+06	1.38307e+06	
1.39268e+06	1.39711e+06	1.40368e+06	1.40936e+06	1.40539e+06	
1.41368e+06	1.41393e+06	1.42607e+06	1.41718e+06	1.39664e+06	
1.41257e+06	1.42493e+06	1.418e+06	1.42221e+06	1.40825e+06	
1.41889e+06	1.42832e+06	1.42761e+06	1.43114e+06	1.42429e+06	
1.40664e+06	1.42411e+06	1.42375e+06	1.41232e+06	1.40882e+06	
1.3835e+06	1.41043e+06	1.40393e+06	1.40789e+06	1.389e+06	
1.40575e+06	1.41446e+06	1.40979e+06	1.42743e+06	1.38532e+06	
1.39154e+06	1.38918e+06	1.398e+06	1.40511e+06	1.38307e+06	
1.38064e+06	1.38946e+06	1.37793e+06	1.40332e+06	1.37432e+06	
1.35111e+06	1.36486e+06	1.36721e+06	1.36307e+06	1.35325e+06	
1.35479e+06	1.38396e+06	1.36596e+06	1.378e+06	1.36154e+06	
1.33696e+06	1.36018e+06	1.36111e+06	1.342e+06	1.33589e+06	
1.33725e+06	1.35679e+06	1.34661e+06	1.35964e+06	1.32507e+06	
1.33536e+06	1.34246e+06	1.35993e+06	1.34471e+06	1.33507e+06	
1.31625e+06	1.32086e+06	1.32636e+06	1.32554e+06	1.30743e+06	
1.31564e+06	1.31671e+06	1.305e+06	1.31211e+06	1.31879e+06	
1.30761e+06	1.30571e+06	1.31321e+06	1.30257e+06	1.30043e+06	
1.31043e+06	1.31536e+06	1.30357e+06	1.32021e+06	1.30564e+06	
1.28575e+06	1.30275e+06	1.31257e+06	1.3005e+06	1.29979e+06	
1.29636e+06	1.32168e+06	1.30196e+06	1.31321e+06	1.28421e+06	
1.30825e+06	1.32264e+06	1.32996e+06	1.33068e+06	1.30736e+06	
1.30268e+06	1.31321e+06	1.31736e+06	1.30339e+06	1.31364e+06	
1.29268e+06	1.30311e+06	1.31518e+06	1.29671e+06	1.2835e+06	
1.2915e+06	1.29575e+06	1.29861e+06	1.30214e+06	1.28089e+06	
1.27557e+06	1.29257e+06	1.29332e+06	1.29646e+06	1.28357e+06	
1.29464e+06	1.30061e+06	1.28414e+06	1.29636e+06	1.28521e+06	
1.29421e+06	1.28621e+06	1.287e+06	1.29025e+06	1.27414e+06	
1.26657e+06	1.27593e+06	1.26954e+06	1.28693e+06	1.27225e+06	
1.27836e+06	1.28161e+06	1.27332e+06	1.28943e+06	1.25846e+06	
1.25764e+06	1.27421e+06	1.27943e+06	1.27854e+06	1.26539e+06	
1.27421e+06	1.26461e+06	1.26854e+06	1.25864e+06	1.25614e+06	
1.23775e+06	1.24768e+06	1.25757e+06	1.25379e+06	1.25082e+06	
1.24111e+06	1.24379e+06	1.24325e+06	1.24136e+06	1.241e+06	
1.21364e+06	1.241e+06	1.22607e+06	1.24821e+06	1.22461e+06	
1.2175e+06	1.22761e+06	1.2185e+06	1.2265e+06	1.20896e+06	
1.204e+06	1.21239e+06	1.20464e+06	1.197e+06	1.20529e+06	
1.19879e+06	1.19186e+06	1.19736e+06	1.20139e+06	1.18275e+06	
1.18061e+06	1.20589e+06	1.17539e+06	1.19286e+06	1.17896e+06	
1.17593e+06	1.18818e+06	1.1915e+06	1.19682e+06	1.16286e+06	
1.17925e+06	1.19564e+06	1.18286e+06	1.18896e+06	1.186e+06	
1.16764e+06	1.17996e+06	1.18061e+06	1.176e+06	1.16468e+06	
1.15871e+06	1.16414e+06	1.15082e+06	1.15307e+06	1.14711e+06	
1.15468e+06	1.17475e+06	1.15118e+06	1.15179e+06	1.14539e+06	
1.13271e+06	1.15e+06	1.12307e+06	1.14639e+06	1.13975e+06	
1.12904e+06	1.13793e+06	1.13621e+06	1.13189e+06	1.12229e+06	
1.11489e+06	1.11625e+06	1.12661e+06	1.13171e+06	1.10696e+06	
1.10164e+06	1.10039e+06	1.102e+06	1.10814e+06	1.10482e+06	
1.09075e+06	1.09311e+06	1.07629e+06	1.10714e+06	1.09211e+06	
1.08246e+06	1.07346e+06	1.06618e+06	1.08229e+06	1.05357e+06	
1.06143e+06	1.08079e+06	1.06718e+06	1.05871e+06	1.05764e+06	
1.05321e+06	1.04154e+06	1.05025e+06	1.06204e+06	1.05089e+06	
1.05332e+06	1.05e+06	1.05096e+06	1.05546e+06	1.059e+06	
1.05125e+06	1.05871e+06	1.03918e+06	1.049e+06	1.04421e+06	
1.04604e+06	1.048e+06	1.04207e+06	1.05314e+06	1.01864e+06	
1.04304e+06	1.04611e+06	1.04829e+06	1.05486e+06	1.02514e+06	
1.03539e+06	1.03496e+06	1.02539e+06	1.04089e+06	1.02089e+06	
1.028e+06	1.04943e+06	1.03889e+06	1.04439e+06	1.04225e+06	
1.0175e+06	1.03325e+06	1.01918e+06	1.02479e+06	1.02261e+06	
1.01182e+06	1.01479e+06	1.02243e+06	1.01929e+06	1.00604e+06	
997857	1.01343e+06	1.01343e+06	1.00793e+06	1.00211e+06	
986143	1.00568e+06	994607	1.00075e+06	980500	
970571	983464	977786	984536	970321	
964536	971750	963286	971857	963214	
965714	966786	946179	971214	955107	
950250	962750	958429	943036	950607	
954821	957071	949536	961750	945214	
934857	943214	944571	938000	939000	
930536	942036	932607	941964	922679	
914036	932607	929071	934571	923857	
902000	923321	908214	923786	904857	
898286	906500	886857	913500	885964	
902179	905679	894250	903429	900464	
885964	897857	882179	892071	874357	
893607	889929	882179	890929	887857	
881286	895143	882893	895429	877321	
869143	882464	874250	878393	873286	
877964	894607	885143	886500	887857	
874179	878857	861286	877250	863643	
872357	878857	872643	869036	871107	
861929	872821	869571	873286	855821	
860321	864821	875179	884250	852464	
870464	867679	869929	871393	852036	
861929	865357	855536	866536	858321	
853464	861571	850393	854536	856964	
856357	858964	856964	855000	852929	
844750	844286	846643	863357	845893	
841214	849500	850321	856786	837536	
828071	843643	840964	843214	828071	
839143	844107	846250	840250	828714	
811071	824286	820607	831679	816036	
811429	819071	820786	830429	819179	
805679	821679	816214	814571	802250	
796929	800429	792071	800357	796393	
784857	797750	802964	810964	791000	
793321	799714	800250	810429	796321	
788464	785607	788821	785500	785143	
779107	774357	772821	779571	767143	
782250	782964	774429	780929	762536	
759143	757857	775429	764250	741286	
737607	746429	737714	750500	743464	
712857	723643	732464	722929	711429	
710143	718071	717429	716000	712143	
700071	699179	703321	705821	689821	
700179	700250	709429	709786	690536	
700964	696214	696286	707893	702036	
696643	698107	699429	710500	712679	
706821	701250	704571	701500	706179	
707179	717000	707000	715286	708714	
716464	720964	704107	711857	713571	
708357	714107	716643	712036	702786	
701500	720964	704571	717071	697464	
706107	706000	705464	705929	703036	
711679	713679	708536	715929	705750	
711429	707357	704750	713321	693964	
703214	695107	703214	707464	697179	
690071	714929	706179	708893	694214	
687036	689107	707714	703321	694679	
693964	697107	696643	696571	679286	
684036	695571	689000	698714	679286	
686286	699357	690071	695214	689714	
678464	691607	692607	691250	686857	
690429	690357	688893	689714	685393	
695464	708071	688536	702036	695214	
689464	701500	698107	686571	687643	
690964	690250	696464	696286	676857	
692964	687643	685857	685321	676143	
678821	685929	678571	689286	680464	
683143	687286	689179	689821	681357	
671643	683250	684571	675393	680643	
678750	667214	664500	677036	670893	
674679	683857	673964	677464	675214	
675321	672607	684964	679107	668036	
665964	675393	672786	680464	674250	
663964	682429	670821	680250	669929	
665786	681429	667679	665786	662179	
670536	678000	664429	669107	672429	
661000	676750	660536	666321	656786	
654179	662607	669464	668750	670000	
649571	647214	651357	650821	660286	
653714	650750	654607	656964	646679	
659821	658750	657857	659107	660464	
654536	667321	658857	667679	656036	
666393	662179	662714	668107	656321	
654786	660464	649571	659929	652357	
660821	670464	649214	651643	649393	
653250	669464	657679	659929	651179	
650393	660929	657393	662714	651536	
645893	654786	656857	659393	644786	
648571	658750	653714	656857	639750	
643643	639857	645786	653429	641750	
638393	644714	637786	646071	645714	
644714	646250	639036	636143	631286	
630214	638143	628321	633893	627500	
635179	634179	633286	627964	631821	
638857	638786	634357	634179	630500	
630857	635429	621857	631929	624000	
623357	623000	621036	626429	617357	
616071	632643	618964	618321	606643	
611036	623286	615107	616429	610786	
617536	602750	624643	612286	617536	
614464	608964	614464	606357	604393	
601500	612107	598179	603393	583214	
592500	590893	597179	601321	588071	
589071	605286	600607	595214	591607	
595750	596107	589893	594750	594464	
588250	590143	586821	605464	588464	
594214	578821	580786	581607	581607	
585214	586000	583214	575929	582786	
575036	578643	579000	580607	579179	
573679	570071	583143	588464	567643	
562357	571071	572786	565393	556500	
562429	560357	557214	568357	554143	
553786	563071	562714	556214	558571	
555964	566214	557929	561071	552429	
558821	554321	545250	561536	551357	
546500	554857	543786	560107	543786	
542250	545143	549000	554964	542429	
541357	544893	539286	546321	541536	
538857	535679	529214	533607	536321	
541357	538571	522107	536786	532536	
521286	522464	528393	524179	516536	
520464	525893	522714	520107	524000	
517857	531643	521107	526250	525536	
518964	519857	523107	532179	520750	
520393	528143	524429	533357	515786	
518964	523357	526500	523464	513893	
512286	518214	522000	529929	512393	
524786	522357	521571	527607	509036	
512571	519679	516250	514357	510036	
508071	513000	514286	519750	509214	
515250	508679	510214	518429	513821	
516607	517786	513536	514464	517071	
511393	512821	506893	507321	504000	
507250	511857	506000	515179	508857	
499964	508500	502107	512464	503000	
502286	499857	502464	504714	498321	
491750	500500	495107	497179	486286	
488964	489321	492321	498143	488179	
487821	491571	489143	488179	483571	
479714	489321	482571	492214	491321	
480500	491857	490857	481143	478536	
478607	493643	487536	477536	480071	
476536	482679	472607	482929	471429	
469786	476179	471607	474679	472036	
467714	474393	467536	469714	471429	
476107	469536	478714	473500	458357	
465571	459643	468643	467000	457643	
466214	466929	459714	460714	457286	
471071	473571	462607	466286	457107	
458000	462607	455036	469786	457821	
458714	469179	461714	465750	461607	
463786	462071	461714	454214	455321	
455214	455036	449464	457393	451536	
454214	447393	454857	457107	442607	
446321	458107	453071	452679	454500	
434607	444857	440893	446750	448107	
452786	446321	439286	449821	451071	
444143	458286	443429	444679	439643	
443500	447286	448464	447107	448643	
437214	442714	437500	448643	437857	
439286	437393	447821	442786	447464	
444786	447464	436571	447214	441000	
431107	443500	443500	447929	440000	
446929	437286	434679	430000	428643	
432786	438286	441429	441607	432786	
438036	437571	435036	437036	430179	
437679	441893	437929	438214	435214	
431714	440107	438821	436571	434429	
436750	435214	437286	439821	428750	
428464	442000	430464	433786	426500	
434857	436571	439821	429821	431464	
423714	426143	428643	428464	426786	
429571	432429	420286	428393	423000	
432250	435214	430000	433964	420821	
425429	429821	427857	431107	420643	
425321	421000	429464	430929	422536	
422464	422643	420821	425607	428464	
417500	424321	414429	420643	417750	
417214	419036	412107	418750	417750	
414714	417393	414429	421464	409214	
415143	419821	420107	419750	408036	
415893	421536	410750	415321	418036	
414893	425143	415321	407964	414071	
410571	414893	409321	415893	407607	
407500	405607	416607	415786	403893	
405964	405964	406964	412000	404179	
400571	399393	400107	404429	404714	
404357	400857	396536	399321	404714	
395714	398607	393821	396964	395179	
393464	401036	394643	398143	391857	
393286	395429	389214	392643	385536	
379607	384893	384536	380964	385464	
377000	380214	385464	386893	384179	
379143	384000	381929	381750	377429	
379429	377786	378071	382643	378250	
373571	384357	382750	381036	376000	
371393	378250	375536	376071	368607	
365643	379321	379250	375107	366714	
368714	370071	368429	373214	370857	
371143	366000	370321	366464	362500	
366286	374929	369250	371571	365464	
367714	370250	365821	368071	362679	
358000	363750	358250	366643	358179	
363679	357821	355929	361607	360607	
350786	359786	359786	355464	353679	
348000	351250	343786	350714	349071	
354286	346929	347464	348000	348179	
344929	348357	349250	345464	344679	
333071	343429	336393	340429	345571	
338107	346750	337929	343857	341357	
341429	338536	334214	339893	336214	
330000	341071	331071	336036	335393	
332893	329714	336464	328821	334143	
327821	334036	329107	328464	330464	
328000	329464	328107	328571	323143	
325321	329464	328000	327643	327750	
322714	312357	318929	328750	316750	
310107	318750	319107	318286	315250	
320536	317500	320107	315786	317321	
312714	321893	318464	326857	316393	
315500	313786	321000	331607	320643	
318107	322179	321250	322429	319286	
310357	321179	316857	315429	309393	
310536	319107	324607	320464	315250	
310464	322250	310821	318393	310643	
311643	314071	312821	309107	312250	
311357	323607	310929	317107	309929	
313250	319393	307857	314857	310179	
314607	317750	318750	317571	314429	
309821	312893	313429	312179	307393	
308286	313786	310107	315143	309821	
307036	316571	305786	310821	308500	
304429	307857	299393	307929	292464	
301464	306143	300286	301714	294714	
300036	296679	298393	294714	291929	
286964	284536	289321	289321	282929	
278071	279929	278321	276536	280750	
273179	283714	275536	277429	273464	
271107	277071	271857	275250	275714	
277071	277071	272821	282000	276071	
278679	282286	280393	285786	279321	
283357	283821	282821	285893	282929	
289036	287679	285893	285786	285786	
283357	282929	285714	289214	284536	
286714	286143	287429	289143	291036	
283000	290929	284714	288321	293000	
284464	288036	289036	285893	290821	
287429	288214	284464	285250	285429	
282821	289214	281464	284821	285357	
285000	284714	285357	281214	287143	
284250	284071	282750	281286	282214	
276714	285179	280393	284071	282929	
285714	285964	286429	287321	282571	
281107	281214	282929	285000	275536	
281107	280750	281107	283179	279500	
275714	280857	284250	279571	277143	
282750	276714	282393	278321	279321	
274107	280321	273571	272571	275536	
273929	275821	269964	276071	269500	
272643	272821	274464	270679	269143	
272821	278321	272286	269607	271393	
269321	272464	266071	268071	263107	
271107	268857	272643	265893	272393	
268857	265357	274464	274107	264929	
264107	269429	268607	267250	267786	
261321	265714	260857	262571	267607	
261214	260429	260679	263107	261857	
262857	266714	258536	264536	268143	
260214	270036	262286	261571	265464	
261321	263393	260500	262679	262571	
259321	264107	256643	263214	263036	
266536	263571	260143	263821	253286	
256357	260786	266250	255179	260964	
254464	259786	264536	259500	263036	
256643	263643	264179	258786	257607	
257964	258429	258250	258893	257179	
256893	255286	258429	259679	259321	
249321	254036	257000	263286	254464	
262214	252857	256464	257893	252857	
257536	255821	252321	254286	256643	
252679	255179	252571	254393	250786	
254821	254036	250500	257071	255107	
250679	254643	253929	250607	254286	
251321	256000	251321	252571	244643	
249321	249429	245821	251500	249786	
248714	252321	251964	252500	249071	
247821	251036	253393	255286	247643	
250607	255286	243036	253857	248071	
251500	246464	250786	248893	250321	
246000	253214	251964	254643	248714	
257714	251214	246179	253107	246179	
248964	246286	251786	249714	246893	
249714	248964	244821	250250	252571	
246357	250500	245464	248250	243393	
245571	254929	245464	249321	247821	
248179	245821	246893	247714	249429	
242393	250071	247536	246893	249786	
243143	245643	244821	247714	244214	
247893	243857	252321	249964	249893	
251143	252750	247643	251786	242857	
251679	246357	247643	244286	249429	
246643	249607	244036	249786	245643	
246821	247536	252929	250607	245036	
247071	247357	245286	244286	239429	
247286	244107	241321	248250	245286	
240893	250250	241679	244036	247286	
238536	246107	247643	248536	246107	
237714	245643	251036	251143	246714	
244286	249714	240893	243500	242500	
245643	248786	249893	249607	247714	
247536	244286	246107	244036	243857	
248000	249071	246536	247893	244036	
243393	243750	245214	246893	244107	
244750	246357	245571	246643	248893	
238714	249536	243393	250429	247893	
245643	242964	245821	244571	245929	
248536	250857	250321	251964	249607	
244821	248250	250607	246893	247179	
246179	241071	246107	249321	245929	
247893	252214	244464	246714	242214	
242321	246357	240429	245750	250607	
247357	249250	247179	250321	247179	
246464	248000	250964	250679	244571	
248179	248357	246179	254286	249714	
249071	248179	253643	242143	245464	
244286	242857	248893	250857	245214	
244107	242857	241679	247536	240429	
242036	236286	239429	235464	236000	
226821	229821	230893	232250	235214	
224036	225929	224571	225679	226036	
226214	228357	231679	227643	229536	
234393	235214	233321	232857	231607	
234393	234393	236929	233500	237179	
236000	239964	238357	240893	237107	
242857	240071	238643	242750	240786	
243214	244821	243857	245571	242571	
247357	249536	245929	250143	245393	
250429	249893	254214	249607	243679	
252143	258607	254036	256714	253393	
259500	259321	262036	262679	262750	
266179	258714	262286	263571	264536	
269321	275250	272393	269786	267964	
269964	275821	278321	277071	274107	
272214	284071	276429	283000	280929	
278607	287500	285429	291571	285964	
292179	286714	287607	294536	289571	
295607	289393	297321	295964	294357	
295893	298321	303357	296429	298679	
302643	305857	310107	304250	303000	
310464	306321	303964	308679	305500	
314071	314679	320714	317929	311643	
314143	318571	318750	320643	320357	
327214	326143	325964	329286	320714	
339464	339107	336107	333786	333321	
345464	345393	341714	344750	336929	
346036	351429	349357	354107	349536	
360143	364107	369429	367357	353321	
368071	369321	369250	374571	372214	
385357	385714	374393	385643	380857	
394893	393179	392107	393464	395607	
392107	397321	390321	398500	398143	
401821	407429	406500	416071	396964	
408321	415607	418500	412464	404250	
420750	422000	420107	418929	421714	
430179	427571	424143	435964	424964	
436571	441536	441607	443857	432536	
445036	445321	446679	449821	442429	
449893	449893	449000	453071	449286	
454679	463036	464750	461143	462679	
464750	466571	470071	468536	460893	
473393	473143	468179	478429	477464	
475464	480250	485464	487714	479536	
490857	493750	494179	494929	491750	
501857	510036	504000	505643	506429	
512464	521643	514821	512036	508250	
520750	530393	519393	530643	521214	
532107	528321	530214	538929	525964	
540821	548036	535679	550107	545429	
551000	550286	561429	560464	555679	
562786	569714	570429	562429	565929	
577000	580964	589179	594214	575679	
581964	596464	584679	588071	578357	
601143	591071	600679	606464	594393	
603643	608893	601321	622643	610500	
618607	614464	620929	626000	615286	
633821	624464	625429	633893	624821	
625821	632571	636893	633893	638393	
642107	645893	653893	648321	640643	
661536	665429	647964	666143	654357	
659464	669643	669286	679536	671250	
681429	680000	682536	680464	673500	
689179	683679	687286	695571	681250	
684679	699000	687929	700786	691714	
699429	711143	702607	708821	712214	
697929	707286	708893	717643	703929	
725107	725286	720964	721679	723464	
720143	742036	736429	738607	731500	
742750	736893	736607	748036	740500	
752464	754714	757786	763071	763179	
766786	770571	766857	770929	770393	
771179	775786	767679	767857	759393	
783536	780179	782786	783179	776214	
790464	800179	789750	796214	784857	
798179	808357	809536	812679	793500	
799821	801179	806107	803500	797107	
816929	819250	820429	814393	811429	
815750	833107	835536	830321	831143	
816643	829607	826929	834286	827179	
838000	846536	848679	848321	852393	
839500	855357	854179	851143	853821	
843214	854643	861393	864286	851143	
865000	869143	880643	870286	861464	
873893	874786	873643	880929	878929	
877679	885071	877321	879679	877679	
885679	889464	897500	893964	887393	
889286	893786	880750	895679	880821	
870464	883714	885679	886857	869857	
848143	865179	862036	878143	848143	
837250	859857	843214	852643	836179	
818179	836107	821964	831500	827179	
817643	811786	813036	820143	816286	
799821	794679	803429	817179	800714	
796393	787393	793607	797821	790464	
783179	788571	798357	799179	787679	
783893	787286	781821	786929	783357	
788107	790821	777214	792964	787500	
789107	801536	792536	789750	784500	
794786	794964	808000	810250	804929	
803857	807286	805143	820893	812429	
844179	851500	854286	855643	844821	
881179	885964	888393	888321	892643	
913429	927357	921429	930429	922429	
963571	972643	966786	982107	968679	
996250	994536	994179	994071	999929	
1.01839e+06	1.02289e+06	1.02432e+06	1.03179e+06	1.01486e+06	
1.03289e+06	1.03782e+06	1.03018e+06	1.03396e+06	1.03254e+06	
1.03854e+06	1.03854e+06	1.03432e+06	1.04639e+06	1.038e+06	
1.02118e+06	1.019e+06	1.00625e+06	1.02468e+06	1.01846e+06	
1.0175e+06	1.02171e+06	1.00875e+06	1.01532e+06	1.02207e+06	
1.01307e+06	1.0065e+06	998571	1.00886e+06	995143	
993536	1.00696e+06	996321	1.00975e+06	1.00454e+06	
1.00679e+06	1.01018e+06	1.00775e+06	1.00696e+06	1.01443e+06	
1.01093e+06	1.01739e+06	1.02036e+06	1.03082e+06	1.02521e+06	
1.01675e+06	1.03007e+06	1.02954e+06	1.04754e+06	1.02557e+06	
1.03711e+06	1.04529e+06	1.03954e+06	1.03818e+06	1.04054e+06	
1.05429e+06	1.07168e+06	1.06529e+06	1.06168e+06	1.05729e+06	
1.07104e+06	1.08032e+06	1.07582e+06	1.07832e+06	1.08471e+06	
1.07364e+06	1.08896e+06	1.08968e+06	1.09507e+06	1.08257e+06	
1.10157e+06	1.11325e+06	1.11857e+06	1.10689e+06	1.11175e+06	
1.11679e+06	1.11282e+06	1.11354e+06	1.10761e+06	1.11075e+06	
1.11643e+06	1.11893e+06	1.11021e+06	1.11993e+06	1.11246e+06	
1.12371e+06	1.131e+06	1.11382e+06	1.13704e+06	1.139e+06	
1.12804e+06	1.13296e+06	1.14125e+06	1.13586e+06	1.13218e+06	
1.15782e+06	1.16421e+06	1.15361e+06	1.17671e+06	1.17611e+06	
1.157e+06	1.15343e+06	1.15918e+06	1.16664e+06	1.16693e+06	
1.14982e+06	1.15882e+06	1.17618e+06	1.17239e+06	1.16764e+06	
1.16818e+06	1.19025e+06	1.19114e+06	1.188e+06	1.178e+06	
1.20743e+06	1.20689e+06	1.204e+06	1.222e+06	1.203e+06	
1.22146e+06	1.22732e+06	1.22761e+06	1.23111e+06	1.22968e+06	
1.23489e+06	1.25561e+06	1.24425e+06	1.25539e+06	1.23461e+06	
1.25468e+06	1.25775e+06	1.25675e+06	1.25721e+06	1.26271e+06	
1.26314e+06	1.26593e+06	1.25561e+06	1.2725e+06	1.24939e+06	
1.29393e+06	1.2845e+06	1.29386e+06	1.30754e+06	1.28529e+06	
1.30743e+06	1.31454e+06	1.32671e+06	1.317e+06	1.32186e+06	
1.352e+06	1.34957e+06	1.36407e+06	1.36821e+06	1.35396e+06	
1.38568e+06	1.40161e+06	1.38721e+06	1.38154e+06	1.3835e+06	
1.40411e+06	1.41914e+06	1.41871e+06	1.42589e+06	1.41664e+06	
1.42204e+06	1.43418e+06	1.44193e+06	1.43079e+06	1.44168e+06	
1.45921e+06	1.47246e+06	1.47354e+06	1.47064e+06	1.47632e+06	
1.48361e+06	1.49486e+06	1.49307e+06	1.49314e+06	1.49343e+06	
1.52693e+06	1.53979e+06	1.52954e+06	1.52393e+06	1.53104e+06	
1.53421e+06	1.54221e+06	1.55679e+06	1.54725e+06	1.53339e+06	
1.52943e+06	1.55843e+06	1.54607e+06	1.563e+06	1.55507e+06	
1.55996e+06	1.584e+06	1.57643e+06	1.57536e+06	1.575e+06	
1.54061e+06	1.57886e+06	1.563e+06	1.57614e+06	1.56786e+06	
1.55832e+06	1.56707e+06	1.56607e+06	1.57554e+06	1.575e+06	
1.58336e+06	1.58236e+06	1.58607e+06	1.61314e+06	1.58804e+06	
1.57904e+06	1.60054e+06	1.59289e+06	1.58336e+06	1.59379e+06	
1.59407e+06	1.60775e+06	1.60054e+06	1.59461e+06	1.60307e+06	
1.61089e+06	1.61289e+06	1.62332e+06	1.60846e+06	1.62286e+06	
1.62964e+06	1.67075e+06	1.65168e+06	1.65161e+06	1.64125e+06	
1.64989e+06	1.66221e+06	1.66761e+06	1.66536e+06	1.65725e+06	
1.65457e+06	1.66825e+06	1.67732e+06	1.68318e+06	1.66718e+06	
1.66843e+06	1.68354e+06	1.68318e+06	1.69768e+06	1.67004e+06	
1.67932e+06	1.68932e+06	1.67796e+06	1.69382e+06	1.67168e+06	
1.66186e+06	1.67507e+06	1.66896e+06	1.69264e+06	1.68086e+06	
1.68014e+06	1.68625e+06	1.69832e+06	1.69668e+06	1.68596e+06	
1.69525e+06	1.71e+06	1.71793e+06	1.72307e+06	1.70318e+06	
1.72343e+06	1.72125e+06	1.73386e+06	1.73639e+06	1.71164e+06	
1.73386e+06	1.73118e+06	1.7435e+06	1.75339e+06	1.73782e+06	
1.73089e+06	1.75e+06	1.74279e+06	1.75332e+06	1.74261e+06	
1.74243e+06	1.75179e+06	1.75546e+06	1.75504e+06	1.75071e+06	
1.74818e+06	1.75089e+06	1.748e+06	1.76186e+06	1.75393e+06	
1.74546e+06	1.76275e+06	1.77014e+06	1.77646e+06	1.76125e+06	
1.74889e+06	1.76629e+06	1.78436e+06	1.7805e+06	1.77682e+06	
1.77771e+06	1.77968e+06	1.78921e+06	1.79625e+06	1.78304e+06	
1.78471e+06	1.78961e+06	1.80164e+06	1.802e+06	1.7975e+06	
1.80525e+06	1.83093e+06	1.83146e+06	1.84668e+06	1.81625e+06	
1.81721e+06	1.83e+06	1.831e+06	1.81868e+06	1.82939e+06	
1.84432e+06	1.8555e+06	1.83271e+06	1.85468e+06	1.84782e+06	
1.83639e+06	1.85504e+06	1.85532e+06	1.86261e+06	1.85936e+06	
1.84839e+06	1.85118e+06	1.85018e+06	1.88961e+06	1.85568e+06	
1.84332e+06	1.86114e+06	1.86664e+06	1.87214e+06	1.87079e+06	
1.859e+06	1.84811e+06	1.86396e+06	1.86171e+06	1.87214e+06	
1.86379e+06	1.87836e+06	1.88025e+06	1.89807e+06	1.88671e+06	
1.86575e+06	1.90204e+06	1.88221e+06	1.90939e+06	1.87771e+06	
1.86486e+06	1.88321e+06	1.89239e+06	1.89068e+06	1.87196e+06	
1.87511e+06	1.90114e+06	1.89671e+06	1.90139e+06	1.88311e+06	
1.88404e+06	1.90275e+06	1.89571e+06	1.89725e+06	1.90211e+06	
1.87961e+06	1.89914e+06	1.904e+06	1.90282e+06	1.90057e+06	
1.89286e+06	1.89996e+06	1.90429e+06	1.91389e+06	1.89375e+06	
1.89311e+06	1.90157e+06	1.90204e+06	1.91211e+06	1.89754e+06	
1.88743e+06	1.91554e+06	1.90329e+06	1.91732e+06	1.9175e+06	
1.90175e+06	1.90104e+06	1.913e+06	1.92986e+06	1.915e+06	
1.90536e+06	1.93093e+06	1.91932e+06	1.93157e+06	1.91618e+06	
1.89121e+06	1.90707e+06	1.89718e+06	1.91743e+06	1.90121e+06	
1.88743e+06	1.89743e+06	1.90193e+06	1.90843e+06	1.90529e+06	
1.89536e+06	1.895e+06	1.90886e+06	1.9085e+06	1.91886e+06	
1.87593e+06	1.91246e+06	1.90529e+06	1.91193e+06	1.89311e+06	
1.88836e+06	1.90168e+06	1.90339e+06	1.91221e+06	1.89339e+06	
1.88682e+06	1.89979e+06	1.89896e+06	1.91329e+06	1.91654e+06	
1.888e+06	1.89571e+06	1.89061e+06	1.90175e+06	1.89689e+06	
1.89664e+06	1.89718e+06	1.89761e+06	1.8985e+06	1.90625e+06	
1.87468e+06	1.89239e+06	1.89493e+06	1.89464e+06	1.90904e+06	
1.87907e+06	1.89293e+06	1.90482e+06	1.90996e+06	1.89061e+06	
1.88646e+06	1.91436e+06	1.913e+06	1.91032e+06	1.90275e+06	
1.89529e+06	1.91429e+06	1.90489e+06	1.90671e+06	1.89636e+06	
1.89725e+06	1.89339e+06	1.90393e+06	1.90275e+06	1.90571e+06	
1.88214e+06	1.89446e+06	1.89968e+06	1.90707e+06	1.90743e+06	
1.88907e+06	1.91543e+06	1.89529e+06	1.91561e+06	1.91554e+06	
1.90625e+06	1.90939e+06	1.91389e+06	1.91093e+06	1.91146e+06	
1.88961e+06	1.91507e+06	1.90571e+06	1.92011e+06	1.90743e+06	
1.90139e+06	1.90714e+06	1.91371e+06	1.89725e+06	1.91389e+06	
1.89475e+06	1.91004e+06	1.90957e+06	1.92554e+06	1.89925e+06	
1.89582e+06	1.90454e+06	1.90507e+06	1.923e+06	1.90761e+06	
1.88914e+06	1.89536e+06	1.91471e+06	1.90807e+06	1.91014e+06	
1.86943e+06	1.89771e+06	1.88061e+06	1.88854e+06	1.87546e+06	
1.86314e+06	1.90239e+06	1.88529e+06	1.90157e+06	1.88232e+06	
1.87079e+06	1.87771e+06	1.87061e+06	1.89879e+06	1.85864e+06	
1.87007e+06	1.88593e+06	1.88096e+06	1.89571e+06	1.87825e+06	
1.82857e+06	1.86693e+06	1.87789e+06	1.86954e+06	1.85664e+06	
1.84586e+06	1.87243e+06	1.88457e+06	1.88404e+06	1.86404e+06	
1.85118e+06	1.86304e+06	1.85089e+06	1.85729e+06	1.87107e+06	
1.85089e+06	1.84946e+06	1.86771e+06	1.88014e+06	1.86639e+06	
1.83236e+06	1.82679e+06	1.82946e+06	1.85179e+06	1.82471e+06	
1.81607e+06	1.83396e+06	1.82361e+06	1.84521e+06	1.83729e+06	
1.76871e+06	1.79246e+06	1.79186e+06	1.79354e+06	1.78321e+06	
1.627e+06	1.66661e+06	1.65529e+06	1.66643e+06	1.65511e+06	
1.42157e+06	1.43743e+06	1.43454e+06	1.44004e+06	1.42968e+06	
1.14479e+06	1.14343e+06	1.14479e+06	1.15793e+06	1.17375e+06	
905857	890464	911964	901893	902250	
711857	716536	725179	722857	718893	
604107	614750	600964	612679	608429	
585464	586179	586393	597357	586107	
657500	662071	655500	658500	664071	
776964	785857	771179	780714	783071	
842214	854464	848500	861929	858857	
870571	871571	874071	872000	879393	
850143	847250	853107	860393	857964	
835536	834571	838893	840500	847786	
818357	837821	838000	839143	845000	
834464	846179	846071	851857	852286	
864107	867857	876857	864821	867786	
891893	900536	903071	906214	904429	
944929	961500	959321	968607	960964	
1.03007e+06	1.03457e+06	1.02243e+06	1.03746e+06	1.038e+06	
1.09257e+06	1.084e+06	1.09814e+06	1.08861e+06	1.08761e+06	
1.14586e+06	1.14521e+06	1.16304e+06	1.15739e+06	1.15946e+06	
1.19671e+06	1.21689e+06	1.21186e+06	1.224e+06	1.20868e+06	
1.26443e+06	1.27757e+06	1.27396e+06	1.28007e+06	1.28432e+06	
1.31907e+06	1.33104e+06	1.32986e+06	1.34021e+06	1.33725e+06	
1.38646e+06	1.40546e+06	1.40636e+06	1.42375e+06	1.39361e+06	
1.43329e+06	1.45839e+06	1.44968e+06	1.45689e+06	1.45668e+06	
1.48954e+06	1.49639e+06	1.49639e+06	1.50946e+06	1.48954e+06	
1.53907e+06	1.54796e+06	1.54996e+06	1.54457e+06	1.5425e+06	
1.56489e+06	1.57129e+06	1.57086e+06	1.58075e+06	1.56732e+06	
1.58461e+06	1.59371e+06	1.59271e+06	1.59821e+06	1.58757e+06	
1.57382e+06	1.59804e+06	1.59696e+06	1.59479e+06	1.581e+06	
1.59289e+06	1.61196e+06	1.60479e+06	1.60307e+06	1.60568e+06	
1.60632e+06	1.61189e+06	1.60946e+06	1.61557e+06	1.60764e+06	
1.60561e+06	1.62007e+06	1.61468e+06	1.62179e+06	1.6055e+06	
1.61575e+06	1.61746e+06	1.62196e+06	1.64746e+06	1.611e+06	
1.60657e+06	1.62018e+06	1.62107e+06	1.63529e+06	1.61829e+06	
1.62439e+06	1.63107e+06	1.63807e+06	1.64032e+06	1.62575e+06	
1.60936e+06	1.62729e+06	1.62439e+06	1.62154e+06	1.619e+06	
1.6045e+06	1.61929e+06	1.61332e+06	1.61946e+06	1.62025e+06	
1.58686e+06	1.61479e+06	1.59993e+06	1.61818e+06	1.60989e+06	
1.59757e+06	1.61089e+06	1.60632e+06	1.60821e+06	1.593e+06	
1.58921e+06	1.60314e+06	1.58436e+06	1.60639e+06	1.60793e+06	
1.59325e+06	1.60521e+06	1.60579e+06	1.61082e+06	1.60164e+06	
1.59532e+06	1.60561e+06	1.60443e+06	1.59864e+06	1.61593e+06	
1.59657e+06	1.59632e+06	1.60271e+06	1.61082e+06	1.59354e+06	
1.59289e+06	1.59614e+06	1.59282e+06	1.58418e+06	1.57679e+06	
1.56696e+06	1.58182e+06	1.58775e+06	1.58454e+06	1.56932e+06	
1.55796e+06	1.57011e+06	1.58175e+06	1.59111e+06	1.56146e+06	
1.55346e+06	1.56075e+06	1.5675e+06	1.57957e+06	1.57057e+06	
1.53825e+06	1.55679e+06	1.57193e+06	1.56643e+06	1.55204e+06	
1.54807e+06	1.56032e+06	1.55636e+06	1.55761e+06	1.55932e+06	
1.54068e+06	1.56561e+06	1.55636e+06	1.56032e+06	1.54654e+06	
1.54339e+06	1.563e+06	1.55275e+06	1.57329e+06	1.54607e+06	
1.54293e+06	1.57129e+06	1.56293e+06	1.55979e+06	1.55921e+06	
1.54796e+06	1.55779e+06	1.55204e+06	1.55175e+06	1.55086e+06	
1.53214e+06	1.54671e+06	1.55714e+06	1.54607e+06	1.536e+06	
1.52611e+06	1.53682e+06	1.55932e+06	1.54814e+06	1.54096e+06	
1.51771e+06	1.52014e+06	1.53682e+06	1.53304e+06	1.53257e+06	
1.50639e+06	1.52036e+06	1.51154e+06	1.51961e+06	1.51379e+06	
1.50189e+06	1.53482e+06	1.50514e+06	1.51871e+06	1.51432e+06	
1.49829e+06	1.51457e+06	1.50846e+06	1.51764e+06	1.52504e+06	
1.52114e+06	1.528e+06	1.52161e+06	1.52646e+06	1.52268e+06	
1.50136e+06	1.51493e+06	1.50782e+06	1.51368e+06	1.50279e+06	
1.52754e+06	1.51754e+06	1.52179e+06	1.52168e+06	1.51321e+06	
1.49289e+06	1.50196e+06	1.50586e+06	1.50125e+06	1.49782e+06	
1.50171e+06	1.50729e+06	1.49539e+06	1.52682e+06	1.50586e+06	
1.48071e+06	1.48846e+06	1.49279e+06	1.49325e+06	1.49314e+06	
1.49964e+06	1.499e+06	1.50036e+06	1.50179e+06	1.48164e+06	
1.48911e+06	1.50179e+06	1.4855e+06	1.49125e+06	1.49082e+06	
1.48389e+06	1.4875e+06	1.48425e+06	1.48154e+06	1.47696e+06	
1.48289e+06	1.48693e+06	1.49611e+06	1.4945e+06	1.48786e+06	
1.50621e+06	1.4955e+06	1.49171e+06	1.50907e+06	1.51154e+06	
1.49046e+06	1.49504e+06	1.49946e+06	1.49461e+06	1.47875e+06	
1.471e+06	1.48757e+06	1.49425e+06	1.49082e+06	1.47957e+06	
1.47218e+06	1.48296e+06	1.48318e+06	1.48129e+06	1.47604e+06	
1.45743e+06	1.47246e+06	1.47921e+06	1.46686e+06	1.46229e+06	
1.45579e+06	1.47039e+06	1.46039e+06	1.46625e+06	1.47046e+06	
1.45236e+06	1.46354e+06	1.45507e+06	1.48182e+06	1.46325e+06	
1.45418e+06	1.46407e+06	1.47118e+06	1.46425e+06	1.47811e+06	
1.44382e+06	1.45839e+06	1.46246e+06	1.46904e+06	1.44589e+06	
1.45011e+06	1.45182e+06	1.44121e+06	1.46057e+06	1.44139e+06	
1.44121e+06	1.47064e+06	1.46668e+06	1.46211e+06	1.44057e+06	
1.44993e+06	1.44725e+06	1.45275e+06	1.44661e+06	1.46325e+06	
1.44204e+06	1.45004e+06	1.45175e+06	1.45389e+06	1.43814e+06	
1.43643e+06	1.45579e+06	1.43789e+06	1.45282e+06	1.45714e+06	
1.42932e+06	1.43707e+06	1.44275e+06	1.44175e+06	1.43564e+06	
1.40043e+06	1.42232e+06	1.42014e+06	1.43229e+06	1.42186e+06	
1.41611e+06	1.42032e+06	1.4195e+06	1.42421e+06	1.41879e+06	
1.39593e+06	1.40736e+06	1.408e+06	1.40854e+06	1.41493e+06	
1.39171e+06	1.40018e+06	1.40107e+06	1.41664e+06	1.39954e+06	
1.37504e+06	1.38775e+06	1.39539e+06	1.40214e+06	1.38214e+06	
1.371e+06	1.39961e+06	1.37693e+06	1.38964e+06	1.3855e+06	
1.37307e+06	1.38929e+06	1.38414e+06	1.38793e+06	1.37586e+06	
1.35361e+06	1.36621e+06	1.353e+06	1.363e+06	1.35829e+06	
1.33643e+06	1.35668e+06	1.34507e+06	1.35661e+06	1.35993e+06	
1.34661e+06	1.33768e+06	1.34346e+06	1.34164e+06	1.34661e+06	
1.33993e+06	1.32904e+06	1.34236e+06	1.33589e+06	1.33057e+06	
1.32689e+06	1.33643e+06	1.35193e+06	1.34121e+06	1.34271e+06	
1.32921e+06	1.324e+06	1.33543e+06	1.34796e+06	1.324e+06	
1.33507e+06	1.32789e+06	1.32825e+06	1.32157e+06	1.3205e+06	
1.29943e+06	1.30618e+06	1.32039e+06	1.3195e+06	1.31418e+06	
1.30168e+06	1.30386e+06	1.30689e+06	1.32004e+06	1.326e+06	
1.29843e+06	1.30611e+06	1.31329e+06	1.31779e+06	1.29125e+06	
1.30196e+06	1.30475e+06	1.29996e+06	1.30554e+06	1.29989e+06	
1.28936e+06	1.29979e+06	1.31021e+06	1.31121e+06	1.2925e+06	
1.28918e+06	1.28789e+06	1.28961e+06	1.28807e+06	1.29332e+06	
1.27504e+06	1.2925e+06	1.28393e+06	1.30186e+06	1.27604e+06	
1.27125e+06	1.28314e+06	1.27196e+06	1.27261e+06	1.279e+06	
1.25893e+06	1.27457e+06	1.27396e+06	1.28321e+06	1.27539e+06	
1.25136e+06	1.27154e+06	1.27457e+06	1.27621e+06	1.27871e+06	
1.26911e+06	1.26971e+06	1.27907e+06	1.27575e+06	1.26611e+06	
1.24568e+06	1.28414e+06	1.26954e+06	1.27943e+06	1.28286e+06	
1.26343e+06	1.27586e+06	1.26196e+06	1.27954e+06	1.26496e+06	
1.24064e+06	1.27296e+06	1.26479e+06	1.25354e+06	1.268e+06	
1.22986e+06	1.24264e+06	1.24432e+06	1.24407e+06	1.23686e+06	
1.21643e+06	1.24786e+06	1.23579e+06	1.23418e+06	1.22968e+06	
1.20939e+06	1.23361e+06	1.23011e+06	1.22461e+06	1.22236e+06	
1.22254e+06	1.23668e+06	1.24579e+06	1.23229e+06	1.23686e+06	
1.21986e+06	1.22479e+06	1.21679e+06	1.21975e+06	1.21086e+06	
1.21571e+06	1.21654e+06	1.22093e+06	1.22839e+06	1.21886e+06	
1.23129e+06	1.23461e+06	1.23075e+06	1.23479e+06	1.23757e+06	
1.21679e+06	1.22571e+06	1.2185e+06	1.22768e+06	1.22957e+06	
1.22175e+06	1.22382e+06	1.21068e+06	1.25146e+06	1.23004e+06	
1.20132e+06	1.21411e+06	1.22732e+06	1.22364e+06	1.20743e+06	
1.20157e+06	1.21104e+06	1.21968e+06	1.21679e+06	1.20932e+06	
1.18636e+06	1.19393e+06	1.19671e+06	1.19636e+06	1.20375e+06	
1.19582e+06	1.20193e+06	1.20139e+06	1.20057e+06	1.19607e+06	
1.16504e+06	1.17754e+06	1.17671e+06	1.18836e+06	1.1735e+06	
1.16736e+06	1.17089e+06	1.1815e+06	1.17618e+06	1.176e+06	
1.16718e+06	1.16143e+06	1.17186e+06	1.17636e+06	1.16818e+06	
1.14461e+06	1.15757e+06	1.14875e+06	1.15954e+06	1.15586e+06	
1.1445e+06	1.14396e+06	1.15396e+06	1.16486e+06	1.15414e+06	
1.14136e+06	1.15946e+06	1.14361e+06	1.16611e+06	1.13982e+06	
1.12993e+06	1.14443e+06	1.14289e+06	1.14693e+06	1.14325e+06	
1.14764e+06	1.15396e+06	1.15e+06	1.15764e+06	1.1625e+06	
1.1255e+06	1.12661e+06	1.1375e+06	1.14739e+06	1.13675e+06	
1.11614e+06	1.11786e+06	1.13236e+06	1.12182e+06	1.10507e+06	
1.11525e+06	1.113e+06	1.12414e+06	1.1345e+06	1.11111e+06	
1.10346e+06	1.12182e+06	1.12021e+06	1.12721e+06	1.13407e+06	
1.09536e+06	1.10732e+06	1.11579e+06	1.11389e+06	1.09921e+06	
1.09975e+06	1.11436e+06	1.10707e+06	1.12586e+06	1.11082e+06	
1.08825e+06	1.1005e+06	1.10732e+06	1.11271e+06	1.10182e+06	
1.07375e+06	1.08079e+06	1.08529e+06	1.08482e+06	1.07404e+06	
1.10121e+06	1.10696e+06	1.09696e+06	1.10786e+06	1.08661e+06	
1.07861e+06	1.09229e+06	1.10011e+06	1.0985e+06	1.09957e+06	
1.10543e+06	1.09239e+06	1.09436e+06	1.09707e+06	1.10093e+06	
1.08186e+06	1.09482e+06	1.09482e+06	1.10725e+06	1.09768e+06	
1.08886e+06	1.10282e+06	1.09932e+06	1.10968e+06	1.09743e+06	
1.08004e+06	1.08921e+06	1.08879e+06	1.0805e+06	1.08429e+06	
1.08211e+06	1.07979e+06	1.09121e+06	1.08843e+06	1.07996e+06	
1.06654e+06	1.08193e+06	1.06618e+06	1.08339e+06	1.0805e+06	
1.05079e+06	1.05907e+06	1.06393e+06	1.06782e+06	1.06375e+06	
1.048e+06	1.03964e+06	1.057e+06	1.05421e+06	1.06575e+06	
1.05582e+06	1.06404e+06	1.06446e+06	1.05186e+06	1.06386e+06	
1.03504e+06	1.03854e+06	1.04971e+06	1.04143e+06	1.03232e+06	
1.02946e+06	1.04936e+06	1.04225e+06	1.038e+06	1.04125e+06	
1.00171e+06	1.02586e+06	1.00236e+06	1.01389e+06	1.02189e+06	
1.00525e+06	1.02082e+06	1.01964e+06	1.0175e+06	1.01514e+06	
1.00643e+06	1.00461e+06	1.00786e+06	1.00532e+06	1.01282e+06	
983643	1.00282e+06	999214	995964	1.00336e+06	
996857	997607	1.01354e+06	1.00021e+06	989214	
979393	976893	986143	996964	981571	
968857	984071	985607	988321	977964	
968607	961036	963750	980857	963286	
947286	964643	965714	964464	967786	
952679	953929	946179	957714	952036	
941607	941607	938250	956107	937286	
927107	927357	927000	931429	934571	
911714	918536	921000	922143	926643	
885500	902893	886679	897214	893250	
866429	869571	865000	869143	859500	
844393	853571	845000	848321	832857	
838536	843929	847179	850750	850750	
819893	804214	809714	816464	811536	
797214	799464	801071	797821	805214	
776500	792179	789107	792250	789107	
774536	776214	770643	779929	775071	
767786	765429	775857	767571	768321	
738321	746714	747964	752643	738250	
720679	736893	731750	732857	743000	
724036	724286	720964	730964	720786	
736357	736607	732036	734893	727786	
732571	736786	740929	736607	722571	
721143	730857	723393	730964	715821	
710321	712857	712393	723750	724929	
706179	708000	713857	718714	711071	
734179	732643	732393	730036	739214	
730143	745536	733571	740571	728321	
724036	726536	722500	727536	715286	
714286	732464	728143	724643	731857	
714393	731500	722571	725893	728536	
731857	743286	746607	755179	745357	
759143	774250	759750	783429	772071	
786321	783964	791357	796036	788286	
787571	793071	784786	801786	798179	
765714	772071	784321	780107	786393	
762536	772714	768679	779214	766786	
736536	736714	749857	744714	750929	
699893	710964	703321	712321	707714	
658036	666214	663179	663179	657929	
620679	635536	630857	620321	624714	
628071	633536	634000	647964	639393	
656857	662357	666571	670464	655607	
691071	696643	685393	695857	681536	
700964	711143	705464	716643	714929	
718607	718179	726464	731571	726286	
735643	748857	743286	737714	737714	
733464	749571	739036	737786	747429	
734893	742393	734107	744357	735893	
721500	745893	731679	734536	741107	
724571	739679	725464	735714	735821	
745357	737536	740143	742750	749750	
741750	747429	738250	748607	746893	
725357	714107	733750	733821	730679	
717000	715000	699786	717071	709000	
682321	687750	696643	696750	699536	
685571	696036	685500	690000	682714	
686643	690536	677821	688286	690429	
691250	686464	679357	687750	686286	
679464	671643	681893	681357	673893	
660929	675143	676500	674071	663357	
682893	686464	680464	682714	683429	
675679	691607	676321	687464	680250	
682429	674321	675964	688107	678571	
682321	683071	681714	682714	679893	
675964	690607	677393	674964	682714	
675214	690000	679893	685214	683964	
669821	671071	676214	683071	670821	
656964	668571	669750	685393	662821	
667929	666857	677286	673500	668464	
659286	674250	669179	665857	670107	
660750	664143	672071	666143	664071	
661643	672357	671357	679286	659821	
660643	650750	654429	660464	660107	
653893	647964	658393	663179	658500	
666500	666036	667500	663071	657143	
659821	672714	669286	669571	667036	
667857	675500	669821	678643	677393	
672714	671000	675750	672429	668107	
661643	674679	672179	673607	684964	
674786	680250	685500	679357	673679	
665321	679643	672179	684036	680643	
659750	671179	670286	671643	675500	
666679	669286	671429	682607	680464	
679893	677036	679893	672536	673321	
676214	677286	671250	675750	677643	
673429	680643	682786	673964	677107	
668643	673679	667857	678000	677107	
654179	667321	666036	677214	665679	
674607	666500	675321	673250	671357	
660000	671179	671357	673250	671179	
662714	673500	672429	671643	668929	
671000	662357	668750	676750	671071	
664071	672429	659750	675571	668393	
668393	674607	668036	657393	662821	
659286	666500	659214	664607	656250	
646607	657750	662821	660357	657929	
653964	656857	654429	658107	666214	
649036	654179	657321	657857	656786	
657143	648571	658929	658107	649679	
646857	651929	664250	666750	655429	
644786	654357	650214	655857	651357	
657857	657679	659750	658500	659821	
659036	656321	650929	654429	650643	
651714	656429	651179	651821	654786	
623750	645714	645536	645536	648500	
628429	627964	628429	636500	633536	
627071	636500	630143	637786	623571	
628679	638857	632000	632571	633536	
636429	638571	632750	639143	632000	
636250	625250	637786	624286	632643	
632643	637500	633357	644071	641571	
623929	636500	633536	635536	635964	
629929	623286	625250	637071	630036	
631464	630214	637321	640393	639321	
620571	619071	618607	631286	623821	
618250	630750	612857	628429	620679	
610786	613643	615821	627429	622393	
615107	620214	619071	619857	612750	
618500	611036	609964	624286	611857	
607893	613929	614821	620036	617964	
609964	611500	611750	620750	609143	
603107	609964	609429	616000	616000	
602214	605714	608357	606464	606286	
591857	594464	595393	598000	591250	
570000	572679	568107	578107	569464	
565321	564429	565500	567821	568286	
556143	575036	566857	570607	561071	
572786	564964	566107	575214	578714	
563250	565679	571893	580357	570536	
574143	580357	569714	573500	576929	
561000	569714	567036	570357	566393	
562179	566929	569107	572250	574321	
561964	572500	562607	567393	569107	
561536	565500	562786	570250	561607	
563964	556393	567821	565036	563500	
560643	573250	562714	570536	566929	
542429	552071	560714	555393	550179	
537679	546964	535143	549000	542536	
517500	509786	508964	513000	513714	
494750	484643	493464	496179	501393	
493286	489321	488179	490500	495179	
493214	499607	500143	498071	506607	
500679	515250	512214	512464	514107	
510929	513714	511750	523464	517500	
521036	519036	515893	529107	529750	
527143	530214	515357	523893	517429	
535321	535143	536321	532357	534536	
532286	532179	524536	533071	534071	
537393	541107	540821	534250	538143	
528571	529750	528321	529214	527500	
529857	530821	536857	540821	539036	
532464	540821	536071	533893	536071	
522821	539571	536607	534786	533071	
534250	538750	531464	537679	537679	
532357	535429	531107	533536	531821	
524357	529286	530750	536500	536857	
519500	518500	520750	524179	528500	
516357	518036	519750	518321	530286	
516250	520679	522643	521929	517071	
514107	520464	514000	523286	515964	
520857	528929	512214	519036	517250	
513179	512929	516714	514643	510679	
501750	512643	509214	514286	512464	
502036	506429	506357	506714	512393	
499857	507964	513357	506429	501393	
506536	509500	497714	514643	514107	
500143	510143	501571	506964	506071	
495536	510321	504107	498143	502286	
494750	504179	515250	506071	504107	
498893	498786	505071	501500	502571	
492321	491679	491321	498321	495179	
494750	494286	500500	492750	500214	
483214	487714	497250	494821	498143	
477643	487179	486464	489607	494571	
481679	491500	485643	489429	491571	
481607	481679	478786	488786	480857	
464321	462250	465929	473036	460536	
451000	456643	460357	454214	444071	
438107	430821	438036	446571	438286	
427857	428464	429286	434071	424536	
435036	435607	432893	439000	438821	
440286	446571	443607	444786	441786	
439750	438571	448571	444964	440179	
445143	447643	449107	451536	454214	
444143	445214	451536	451429	447036	
441786	451964	445393	454393	446214	
440286	444500	437857	452964	442179	
444500	445750	450357	453964	449464	
435500	440893	444500	441607	445500	
452143	448750	445393	444964	447286	
441786	440893	444143	451536	446107	
442964	444071	446107	444679	450643	
439929	450071	450536	446571	446679	
446036	442607	439179	447107	446679	
434679	436750	443964	447286	431893	
426321	439357	433250	438929	444321	
437107	427036	439643	435321	428750	
430357	440536	437107	440714	438107	
434500	432071	430929	440286	433964	
427929	432250	424321	434607	442786	
423607	429036	425071	427393	428464	
428464	427393	430821	425071	430929	
413357	420643	423071	421643	418857	
412536	417679	419929	418321	418929	
412536	422643	422821	422536	419571	
411107	410571	410750	425786	411750	
417857	418036	411821	422821	415964	
408500	412107	418393	418036	415893	
406964	407607	402357	418321	413464	
408571	404429	410107	408214	406143	
403000	410821	401214	395429	398857	
410750	406143	409679	406143	399857	
396179	404071	407429	402929	402750	
396786	402571	395071	396536	393929	
392750	395893	398786	401571	396071	
395357	396786	396250	403286	397250	
405714	395179	390929	398786	400679	
390679	398429	389500	396607	395429	
387429	400929	395357	392821	391929	
386964	387179	392393	386893	392643	
383464	385821	383929	387429	384714	
385357	377429	385714	384821	382643	
375536	387357	385357	376536	385643	
375536	377964	382571	383643	382107	
373821	375179	377071	379429	381750	
371393	368429	375893	375179	376000	
366893	372321	380214	376536	371679	
367643	369714	365821	379250	371571	
366357	369714	368429	370250	367250	
367429	365643	371750	374571	367429	
358000	371750	370321	363857	370500	
365643	370679	364750	366643	364214	
361143	361964	363500	364929	370500	
360143	363929	366714	366536	361857	
356929	359250	362679	360786	356929	
362036	362857	363571	363929	358607	
356357	358357	360250	361321	356179	
353750	354857	357821	354571	356464	
354286	345036	353679	353214	351429	
355036	354571	350179	357179	355929	
349893	349000	351500	354929	349250	
344143	348536	348821	344143	347643	
343036	339821	345393	340000	342429	
335036	342429	339714	348179	342964	
334500	339643	338179	343321	337107	
336571	334321	340607	339286	339536	
330071	336107	339821	332607	329536	
336393	334214	332893	328393	332143	
329357	335571	325964	328571	327214	
325679	330536	332536	328107	332143	
327571	330643	327464	331071	329643	
325964	328821	329893	324857	331964	
323893	323143	324143	325857	328286	
322893	324964	322786	328286	329536	
327036	327643	321821	326929	323786	
321071	323143	322893	324857	322179	
323679	321000	319929	317036	316857	
316214	316929	320286	319929	317107	
319821	312607	316750	316214	320286	
306786	313786	314429	318286	318821	
309750	311893	320536	316500	321821	
308214	312250	310643	311893	311821	
301536	311464	303250	311000	306679	
307500	301536	309036	304250	305429	
295964	303429	311107	306607	303964	
300821	307679	304607	304607	299286	
295607	294000	300750	297964	295964	
287250	292536	294000	298036	295893	
296857	295714	292893	292000	293071	
291464	292643	294536	288143	293821	
284357	296071	291464	283714	290214	
285357	283107	285000	288143	279750	
281643	282571	281464	277321	288321	
269786	277071	278607	279036	281214	
272464	276607	276179	276714	275643	
263821	271107	266357	268071	276536	
260214	265536	265107	268071	265536	
260143	255536	264357	263393	265286	
257429	255929	260964	259429	258714	
251214	252571	257964	255000	253571	
247071	249143	249786	249071	252571	
247643	248000	249893	247821	245643	
249071	246536	250250	241679	248714	
242500	253036	242214	246536	247071	
243500	244214	238250	244107	243214	
234214	233679	236821	233571	234500	
229607	224393	225750	231500	232071	
227464	222250	225571	227179	231250	
226393	232500	226750	226214	229179	
227571	233500	226929	235286	232679	
235393	232250	230179	230714	230250	
229821	227000	220536	229000	227821	
223143	226464	224929	224321	223964	
223143	222786	220250	228821	221357	
225750	227107	222143	224929	218179	
224393	221429	224500	223857	226393	
224143	227464	225500	227929	221179	
224750	226821	220250	222500	219286	
224036	222429	227286	230536	227643	
223786	227286	228107	231786	228464	
231143	230429	235036	228536	232679	
241143	230714	237286	238357	240893	
238714	234750	241679	242500	243929	
241964	241857	246286	244107	242679	
242571	248607	242036	245464	247821	
248071	248071	248357	243679	250964	
249964	246357	249536	249714	246643	
247179	247357	246286	249607	249964	
248607	244571	246286	253857	242321	
244214	248714	247893	244393	247357	
243214	242321	248357	244929	249143	
237286	244464	245393	237000	239786	
237536	237464	236179	235464	239071	
232321	236393	237107	234214	233143	
234036	227286	233750	224393	230964	
230357	224679	231964	228821	227000	
223429	225571	225107	225393	226464	
221536	221357	225571	222143	227571	
214786	218107	218643	216464	216107	
215857	216393	220357	229000	221000	
214143	212429	216393	212893	212893	
208036	212143	211357	214964	212071	
209000	211607	213429	209893	211179	
209286	211964	211893	212964	212607	
210357	215857	210286	212964	214500	
213071	212429	210286	215679	208286	
209464	215143	210107	213500	215500	
214857	214143	214679	211536	212143	
210107	215036	215214	214679	215214	
211893	207464	215143	213250	210893	
218286	213679	214964	215679	214143	
206571	213250	214321	210107	211607	
209464	207643	211714	215214	213679	
210000	210821	210000	208643	211607	
198107	209714	204250	208107	208036	
200536	203143	204321	202357	196679	
201893	201464	202357	205857	202786	
200821	203143	202179	203536	207464	
204143	205143	206321	205321	207857	
205036	204607	204857	202893	208929	
201821	202000	202250	198036	200536	
195429	200643	195679	203714	201643	
193071	193357	194143	194964	195679	
194964	187679	194964	194607	195321	
193250	199464	196214	197214	195679	
199929	197679	201357	196214	199107	
198821	199821	200107	195964	196214	
198929	195857	195143	199750	194321	
194893	197857	197929	194893	201536	
189821	194607	197143	192536	195964	
191357	193536	193714	195321	195679	
195321	195500	191464	192821	191357	
190571	196750	199643	194893	193429	
193536	196857	195250	199464	198286	
197857	204607	194143	194500	200000	
194714	194714	195679	192714	196143	
202786	199821	195429	202429	195429	
204500	200286	195964	204143	203429	
206393	204429	203607	204321	203536	
206393	205214	204857	203607	205321	
205857	205321	206750	205393	204071	
198571	202714	206571	203607	204786	
199286	201071	204321	203250	198929	
199464	199214	198464	202429	199286	
199821	202179	198571	197929	197679	
200107	196750	200714	200643	206393	
199393	196750	197750	205143	200643	
196857	193607	199393	199929	199214	
198036	198571	193893	197321	195250	
189929	192536	193964	196500	194607	
192179	194143	193071	192429	192643	
191821	190179	193536	188750	191000	
187143	188036	190750	186321	187393	
188679	189464	187500	186857	188857	
187500	190750	191821	190571	195786	
189286	188143	188857	186964	187036	
190000	184536	184071	187214	186429	
182286	183071	183536	186429	184786	
184357	183607	183714	186321	182107	
187679	184607	182464	183429	183714	
183000	179571	183536	181821	185143	
181357	184964	182536	188679	188393	
181464	183893	181000	179393	179286	
177500	179679	179107	179929	183357	
175357	176500	178321	181357	178571	
177500	176679	172714	174607	172643	
166786	170750	169393	166143	169571	
166143	167679	167321	169571	163107	
168500	160571	170571	171821	164179	
165250	162929	167250	165000	160036	
158429	159036	156893	160750	159786	
156071	155000	157786	156179	156250	
151500	152750	153107	154107	153214	
149786	146536	146071	150321	149429	
147071	145536	146429	148893	147893	
142214	143929	142321	140500	144821	
136357	140857	142393	142107	142036	
138893	137536	138429	138250	134214	
135000	132500	134393	133857	135929	
132929	131607	134214	131857	133286	
125643	130071	129250	127107	128714	
124643	129071	126821	128964	126821	
125214	123321	123393	124929	122321	
123500	122036	121500	122143	123929	
117893	119429	118357	121321	120786	
115036	115571	112500	117357	118714	
120964	122143	127286	124571	121500	
112607	113321	116929	115036	113143	
109643	113571	114036	110357	114321	
112429	116036	116036	114857	115464	
112250	111250	112250	113964	113857	
114679	112679	113321	112321	112786	
111714	111143	113321	113143	115571	
113500	109893	113143	115286	116929	
114500	111964	113393	113571	113321	
111143	112679	113679	111500	114143	
112964	114500	114571	115036	113036	
113036	112071	111893	109643	112321	
111250	114321	113571	111786	116750	
110714	110357	110714	114571	111893	
111143	110536	110071	113143	112321	
110607	111250	110714	110607	114143	
114500	114321	116036	114750	114679	
117536	113500	115107	117107	114857	
114929	116929	122679	117893	120357	
122679	120429	120714	119000	125643	
117714	121143	119964	122214	121679	
122607	123214	120071	122679	123036	
124107	122964	120143	119714	123857	
120071	121964	123393	118536	124571	
124464	121071	125464	121071	120429	
122964	122321	123857	123036	124036	
120893	122036	121964	119786	124857	
122321	123929	120143	116750	119536	
119786	116750	120714	122214	122036	
119250	121500	121071	121321	122500	
118179	117643	115929	118179	119250	
118893	115929	114750	117464	118000	
118893	116107	116571	116643	116286	
115464	113964	114143	119429	115571	
113393	113857	115393	119000	114321	
115393	116750	117357	118071	115929	
111964	111786	113321	113036	112607	
114321	113500	109714	113786	111429	
113500	111893	113036	115286	112500	
112500	113214	113321	113321	114393	
113679	113393	113964	113786	112143	
113393	110429	110786	109250	110250	
108107	110536	109893	111250	110429	
111250	109893	107464	110357	113500	
110429	112607	111714	108643	111893	
112786	111786	112786	111964	110071	
108536	111500	112607	112429	110000	
108179	110000	115571	110357	110964	
111786	110536	113321	113500	111607	
111500	111143	110357	111893	113143	
108536	109536	111786	111071	113500	
109536	110607	112786	111250	110250	
113143	112429	108357	113321	111786	
112071	112143	110607	111964	116643	
112250	112964	114214	114036	115393	
112071	111071	111143	110607	111786	
111786	109643	109250	109464	113571	
110893	106929	110893	108643	112964	
108714	108286	108357	112679	112679	
108107	111893	111429	113500	111893	
109071	109536	110786	111071	111321	
116036	112250	110429	110893	111893	
111429	112857	109250	111893	110071	
112500	108286	110536	109464	110893	
109464	110250	106286	108714	111500	
107286	108893	107571	107000	109464	
109821	110786	109536	106750	110607	
108643	110607	108643	109357	107929	
107000	109536	110000	106214	111964	
109643	110000	111071	110000	108821	
111250	111321	111321	112500	108357	
110714	111143	111071	108107	106571	
107929	107286	107393	107929	108643	
108000	111429	110964	108536	106750	
107000	105571	104857	107929	107643	
108714	108357	108000	112786	108893	
107393	109179	107929	110179	108714	
109714	108357	111964	106643	110071	
108000	107214	107286	109000	108107	
106214	106929	108536	105393	107464	
107821	106393	107643	107821	106286	
106929	110357	108643	108179	107464	
107929	107107	109071	108536	106643	
108179	107214	107643	106464	107286	
106571	108893	106821	108821	109714	
107750	110964	107643	108107	107464	
107464	109893	108464	105393	110429	
107750	106464	106393	107750	109071	
104857	108286	109250	108821	108893	
106929	107929	107000	108714	107571	
110357	104393	106750	107821	108286	
105571	107107	106571	106464	106821	
105500	104321	106643	106393	108357	
107643	108464	105036	109643	106464	
110000	107750	108357	106750	109536	
107571	109071	107929	109357	104143	
108714	105214	108357	107000	109000	
104393	105750	104929	106643	107821	
104929	107643	107393	104857	106286	
106286	108893	107464	106643	107286	
105750	106571	106464	105214	106571	
106750	107464	105679	108000	107393	
106393	105929	107571	106929	105929	
107214	110000	105500	108536	109464	
106571	107750	104143	103857	107286	
106464	106036	107571	109643	104929	
105750	105393	107214	107643	109250	
105571	105143	105750	105500	108000	
105393	105571	109643	105750	106214	
105679	107107	102071	106464	104750	
106821	104143	107000	104679	107571	
105214	104500	106107	105857	102893	
104393	106214	106107	108000	104036	
107929	105679	104500	105571	107464	
109714	105036	103250	106643	107286	
105929	104929	107821	107571	104321	
106571	104750	109000	106750	105571	
103679	105857	106286	103857	105321	
106107	105036	102607	104036	104321	
104500	103786	106643	104393	108357	
103857	106821	105571	105929	105750	
108893	108714	105571	107929	108357	
106214	106571	106036	109357	109179	
108643	109536	107286	110000	106107	
106929	109071	106750	108179	108536	
106464	108464	109071	104750	110071	
105214	110179	109071	106286	107107	
108179	107643	107929	106643	106571	
109714	103500	105500	105214	106286	
108179	108536	106643	107750	107571	
106464	104036	110357	109643	106643	
106750	108536	104929	108000	105571	
107750	106750	107000	106214	107286	
109893	107214	106750	106214	107643	
104500	105571	108893	108714	107929	
106107	106929	105036	104143	106393	
103429	107000	105393	108893	100071	
101714	104500	104571	104393	104393	
107643	108821	106643	105143	108714	
104750	105857	102679	102250	104857	
103071	106036	104857	105500	103964	
105679	104571	104143	105214	105679	
101964	103321	102893	103679	102429	
103143	103321	103500	101179	105143	
105679	106036	104750	104036	101000	
99892.9	103429	105679	102250	101786	
101607	103964	103679	101714	102321	
102607	103143	104143	100071	106643	
101964	101714	101786	102607	105321	
102321	102500	100643	102607	103071	
101429	101179	103250	100643	100893	
104393	100179	105679	100357	100643	
102071	100000	102429	102250	102429	
101357	100714	99464.3	102786	100357	
102250	99285.7	104679	99535.7	102250	
103429	100429	103250	99107.1	103500	
103321	103679	100714	103607	103429	
103429	99821.4	101607	100643	103071	
100714	99107.1	100643	103071	101429	
100821	100357	103607	102893	104750	
100429	102429	104500	102429	99107.1	
101357	100250	100179	101607	101000	
100071	101893	99000	100357	99714.3	
100179	102964	100714	100250	99821.4	
98464.3	101071	101964	98571.4	101536	
99357.1	100536	100429	101786	100821	
101429	100357	101000	102786	100000	
100429	103143	101714	98571.4	101714	
97928.6	101179	96928.6	102679	101714	
102321	97821.4	101714	102143	100821	
99357.1	99357.1	101000	102143	98821.4	
101071	101429	98000	100536	97821.4	
104750	98000	100179	98750	97107.1	
100643	100071	98821.4	99000	98928.6	
103321	100357	102893	102500	101179	
99178.6	101179	98000	101071	103429	
95678.6	100536	99178.6	99178.6	99464.3	
100071	98285.7	101000	102429	98928.6	
101607	96500	100893	99178.6	98000	
97750	98750	97642.9	101429	100250	
99464.3	95571.4	98107.1	101429	98821.4	
99642.9	102250	97464.3	100000	98464.3	
97750	101179	102893	98178.6	98571.4	
100643	99000	100071	96750	98107.1	
97107.1	96500	99714.3	100000	100000	
94500	100893	98000	96035.7	99285.7	
98178.6	96321.4	98928.6	98750	98357.1	
98178.6	98107.1	98571.4	98928.6	100000	
100179	98642.9	100250	97107.1	99464.3	
100893	98107.1	96107.1	98928.6	95857.1	
98928.6	95571.4	98464.3	100893	100536	
97642.9	97107.1	98571.4	100250	98285.7	
98178.6	98357.1	98571.4	99285.7	98178.6	
100071	97214.3	97821.4	95678.6	97750	
97035.7	96928.6	98285.7	98357.1	97214.3	
99107.1	99285.7	99285.7	96500	98821.4	
95392.9	98928.6	96214.3	97285.7	99357.1	
100179	97035.7	101786	99464.3	98750	
98107.1	95571.4	96035.7	98000	99464.3	
98178.6	96857.1	99178.6	97392.9	95750	
97571.4	97464.3	96392.9	97392.9	97821.4	
98107.1	97107.1	99357.1	97750	97928.6	
99892.9	98357.1	98571.4	97392.9	99178.6	
96571.4	95321.4	96214.3	95928.6	97214.3	
98178.6	96321.4	96928.6	96035.7	95571.4	
94678.6	99464.3	99107.1	96035.7	96392.9	
96750	96750	97571.4	100357	95928.6	
97464.3	96321.4	96928.6	98928.6	97821.4	
101357	98000	97214.3	99464.3	99000	
98571.4	95857.1	95392.9	97464.3	95678.6	
95035.7	97750	95750	96392.9	97642.9	
95142.9	95321.4	96857.1	98000	97107.1	
96035.7	96392.9	95571.4	96928.6	95500	
97107.1	97928.6	99178.6	95214.3	94857.1	
96571.4	95392.9	96500	96392.9	94428.6	
97571.4	98357.1	95571.4	97285.7	95392.9	
95392.9	97285.7	94321.4	96857.1	94607.1	
95857.1	95500	96392.9	96500	94500	
95321.4	94678.6	96928.6	95142.9	93321.4	
97928.6	96500	98285.7	97464.3	94857.1	
93250	98107.1	98571.4	95214.3	95750	
93964.3	97214.3	95392.9	93250	97107.1	
94142.9	94500	95321.4	93607.1	95857.1	
98571.4	94142.9	94321.4	95392.9	94142.9	
97392.9	96321.4	94500	97821.4	96214.3	
93428.6	93857.1	96928.6	94250	97214.3	
95214.3	95571.4	95214.3	93428.6	94785.7	
96928.6	94250	93678.6	92714.3	94142.9	
95857.1	93142.9	93071.4	92357.1	93678.6	
96392.9	94607.1	93142.9	95321.4	92714.3	
94071.4	94964.3	96321.4	94785.7	93964.3	
95321.4	93678.6	94964.3	95321.4	94142.9	
91785.7	92785.7	93071.4	94607.1	95857.1	
90714.3	94785.7	96035.7	92785.7	97571.4	
94964.3	94428.6	92607.1	95500	95500	
94678.6	94785.7	94071.4	95214.3	96107.1	
96392.9	96500	92785.7	96214.3	95857.1	
93964.3	95500	94607.1	94607.1	96321.4	
94321.4	94142.9	93678.6	93321.4	95928.6	
92428.6	93428.6	92892.9	93250	94678.6	
95392.9	95214.3	92535.7	93857.1	97392.9	
95321.4	95214.3	96392.9	93964.3	95928.6	
93785.7	93964.3	94607.1	94785.7	96571.4	
93607.1	94607.1	91250	95928.6	92964.3	
93678.6	95500	94321.4	93250	96500	
95750	95321.4	92535.7	95142.9	93321.4	
92964.3	93678.6	96928.6	93250	94071.4	
92071.4	92000	95500	93250	96321.4	
93071.4	94607.1	95500	93678.6	94678.6	
92178.6	95571.4	91785.7	94857.1	92892.9	
91071.4	92071.4	94321.4	95571.4	94142.9	
94142.9	91607.1	95214.3	91607.1	95035.7	
95321.4	94250	93607.1	94678.6	94428.6	
95142.9	92607.1	93785.7	94142.9	94678.6	
92892.9	95678.6	94500	94964.3	91785.7	
94500	92964.3	94142.9	94071.4	95321.4	
94250	93857.1	94071.4	93678.6	92178.6	
93142.9	91178.6	97571.4	92357.1	93428.6	
91785.7	94857.1	91714.3	92964.3	93428.6	
92892.9	95321.4	91892.9	94428.6	93964.3	
94607.1	92535.7	91714.3	92535.7	91178.6	
91714.3	93678.6	90000	93428.6	93428.6	
93142.9	92535.7	93607.1	94964.3	93857.1	
93607.1	91714.3	92964.3	95928.6	91000	
94857.1	92250	92535.7	92714.3	93071.4	
93500	93071.4	93678.6	92714.3	88928.6	
94071.4	94678.6	91428.6	93500	93678.6	
92964.3	94321.4	92178.6	93142.9	92428.6	
93428.6	92607.1	94321.4	93321.4	91357.1	
91892.9	93607.1	93428.6	91714.3	91535.7	
93321.4	93857.1	91607.1	94607.1	93428.6	
93428.6	94678.6	93785.7	91892.9	93428.6	
94678.6	93785.7	92357.1	91892.9	92071.4	
93500	92714.3	92892.9	92535.7	92428.6	
90714.3	90892.9	93142.9	90107.1	93785.7	
93071.4	91535.7	90464.3	92071.4	92607.1	
91178.6	93428.6	92785.7	92357.1	94607.1	
91607.1	94785.7	91535.7	92000	94071.4	
90464.3	93321.4	93607.1	93250	92785.7	
92535.7	91178.6	93678.6	93071.4	94785.7	
91178.6	92535.7	93428.6	91357.1	92714.3	
90357.1	95321.4	92428.6	92785.7	91714.3	
93857.1	94500	91428.6	94428.6	91071.4	
91071.4	91428.6	93964.3	92535.7	95678.6	
91785.7	93250	92000	92964.3	90357.1	
91428.6	92178.6	92964.3	93678.6	90464.3	
91428.6	92178.6	92964.3	93678.6	90464.3	
91428.6	92178.6	92964.3	93678.6	90464.3	
