459.459	459.459	459.459	459.459	459.459	
771703	771703	771703	771703	771703	
59054.1	58837.8	59054.1	58837.8	59054.1	
56594.6	55027	56594.6	55027	56594.6	
55837.8	54756.8	55837.8	54756.8	55837.8	
54837.8	54216.2	54837.8	54216.2	54837.8	
53810.8	57216.2	53810.8	57216.2	53810.8	
55702.7	54216.2	55702.7	54216.2	55702.7	
55918.9	57351.4	55918.9	57351.4	55918.9	
55297.3	55567.6	55297.3	55567.6	55297.3	
56405.4	56243.2	56405.4	56243.2	56405.4	
57000	56810.8	57000	56810.8	57000	
58648.6	54621.6	58648.6	54621.6	58648.6	
56810.8	57000	56810.8	57000	56810.8	
58973	56243.2	58973	56243.2	58973	
58837.8	59594.6	58837.8	59594.6	58837.8	
58432.4	57270.3	58432.4	57270.3	58432.4	
61702.7	59729.7	61702.7	59729.7	61702.7	
59054.1	61432.4	59054.1	61432.4	59054.1	
61216.2	61648.6	61216.2	61648.6	61216.2	
62783.8	61783.8	62783.8	61783.8	62783.8	
63540.5	61567.6	63540.5	61567.6	63540.5	
61918.9	60216.2	61918.9	60216.2	61918.9	
62189.2	64783.8	62189.2	64783.8	62189.2	
63675.7	63351.4	63675.7	63351.4	63675.7	
64486.5	62324.3	64486.5	62324.3	64486.5	
63621.6	63891.9	63621.6	63891.9	63621.6	
64973	64973	64973	64973	64973	
65513.5	65054.1	65513.5	65054.1	65513.5	
67081.1	65324.3	67081.1	65324.3	67081.1	
64486.5	66000	64486.5	66000	64486.5	
64918.9	65864.9	64918.9	65864.9	64918.9	
64351.4	67351.4	64351.4	67351.4	64351.4	
68054.1	68054.1	68054.1	68054.1	68054.1	
66351.4	67081.1	66351.4	67081.1	66351.4	
65729.7	67027	65729.7	67027	65729.7	
66756.8	68864.9	66756.8	68864.9	66756.8	
67162.2	67702.7	67162.2	67702.7	67162.2	
66675.7	70486.5	66675.7	70486.5	66675.7	
67216.2	67567.6	67216.2	67567.6	67216.2	
67837.8	66891.9	67837.8	66891.9	67837.8	
68243.2	68054.1	68243.2	68054.1	68243.2	
68864.9	69000	68864.9	69000	68864.9	
66000	69270.3	66000	69270.3	66000	
67918.9	69324.3	67918.9	69324.3	67918.9	
68378.4	67486.5	68378.4	67486.5	68378.4	
68729.7	67621.6	68729.7	67621.6	68729.7	
69810.8	67297.3	69810.8	67297.3	69810.8	
65648.6	67432.4	65648.6	67432.4	65648.6	
69324.3	65864.9	69324.3	65864.9	69324.3	
68513.5	67486.5	68513.5	67486.5	68513.5	
67837.8	67973	67837.8	67973	67837.8	
66054.1	69189.2	66054.1	69189.2	66054.1	
68648.6	67756.8	68648.6	67756.8	68648.6	
66675.7	67621.6	66675.7	67621.6	66675.7	
68054.1	67081.1	68054.1	67081.1	68054.1	
68378.4	69000	68378.4	69000	68378.4	
68594.6	68243.2	68594.6	68243.2	68594.6	
67837.8	66945.9	67837.8	66945.9	67837.8	
67756.8	66486.5	67756.8	66486.5	67756.8	
67351.4	69189.2	67351.4	69189.2	67351.4	
67567.6	67567.6	67567.6	67567.6	67567.6	
67621.6	67486.5	67621.6	67486.5	67621.6	
66891.9	68864.9	66891.9	68864.9	66891.9	
65324.3	66054.1	65324.3	66054.1	65324.3	
67162.2	67567.6	67162.2	67567.6	67162.2	
67297.3	67432.4	67297.3	67432.4	67297.3	
65918.9	69540.5	65918.9	69540.5	65918.9	
65324.3	67216.2	65324.3	67216.2	65324.3	
66945.9	66540.5	66945.9	66540.5	66945.9	
65864.9	66891.9	65864.9	66891.9	65864.9	
69189.2	66810.8	69189.2	66810.8	69189.2	
68918.9	66756.8	68918.9	66756.8	68918.9	
68054.1	66405.4	68054.1	66405.4	68054.1	
67216.2	67567.6	67216.2	67567.6	67216.2	
66540.5	67486.5	66540.5	67486.5	66540.5	
65648.6	67567.6	65648.6	67567.6	65648.6	
67702.7	70432.4	67702.7	70432.4	67702.7	
65324.3	68189.2	65324.3	68189.2	65324.3	
66405.4	67837.8	66405.4	67837.8	66405.4	
68108.1	66270.3	68108.1	66270.3	68108.1	
65378.4	65243.2	65378.4	65243.2	65378.4	
67621.6	68189.2	67621.6	68189.2	67621.6	
67486.5	68108.1	67486.5	68108.1	67486.5	
67621.6	67567.6	67621.6	67567.6	67621.6	
65918.9	67567.6	65918.9	67567.6	65918.9	
66216.2	68189.2	66216.2	68189.2	66216.2	
66756.8	66216.2	66756.8	66216.2	66756.8	
64918.9	66351.4	64918.9	66351.4	64918.9	
67567.6	66216.2	67567.6	66216.2	67567.6	
65243.2	68378.4	65243.2	68378.4	65243.2	
67297.3	68108.1	67297.3	68108.1	67297.3	
67297.3	64297.3	67297.3	64297.3	67297.3	
66756.8	67351.4	66756.8	67351.4	66756.8	
68108.1	66054.1	68108.1	66054.1	68108.1	
66675.7	68783.8	66675.7	68783.8	66675.7	
68648.6	66054.1	68648.6	66054.1	68648.6	
67432.4	65918.9	67432.4	65918.9	67432.4	
64567.6	67027	64567.6	67027	64567.6	
66351.4	67918.9	66351.4	67918.9	66351.4	
66270.3	67621.6	66270.3	67621.6	66270.3	
67567.6	68594.6	67567.6	68594.6	67567.6	
67351.4	67567.6	67351.4	67567.6	67351.4	
66756.8	67567.6	66756.8	67567.6	66756.8	
66810.8	67162.2	66810.8	67162.2	66810.8	
65918.9	67162.2	65918.9	67162.2	65918.9	
68243.2	66810.8	68243.2	66810.8	68243.2	
66054.1	67973	66054.1	67973	66054.1	
67027	68243.2	67027	68243.2	67027	
66621.6	67216.2	66621.6	67216.2	66621.6	
65783.8	68189.2	65783.8	68189.2	65783.8	
66405.4	64973	66405.4	64973	66405.4	
66810.8	67216.2	66810.8	67216.2	66810.8	
67432.4	69810.8	67432.4	69810.8	67432.4	
70216.2	66675.7	70216.2	66675.7	70216.2	
65729.7	66621.6	65729.7	66621.6	65729.7	
67486.5	66540.5	67486.5	66540.5	67486.5	
67027	67918.9	67027	67918.9	67027	
65864.9	65918.9	65864.9	65918.9	65864.9	
67918.9	67351.4	67918.9	67351.4	67918.9	
67837.8	69000	67837.8	69000	67837.8	
67918.9	68918.9	67918.9	68918.9	67918.9	
68648.6	67702.7	68648.6	67702.7	68648.6	
66945.9	68108.1	66945.9	68108.1	66945.9	
66756.8	66891.9	66756.8	66891.9	66756.8	
66351.4	66054.1	66351.4	66054.1	66351.4	
67702.7	65783.8	67702.7	65783.8	67702.7	
67702.7	67351.4	67702.7	67351.4	67702.7	
67621.6	69054.1	67621.6	69054.1	67621.6	
67297.3	66135.1	67297.3	66135.1	67297.3	
68594.6	67486.5	68594.6	67486.5	68594.6	
67486.5	67081.1	67486.5	67081.1	67486.5	
69135.1	67027	69135.1	67027	69135.1	
66756.8	66675.7	66756.8	66675.7	66756.8	
66756.8	69135.1	66756.8	69135.1	66756.8	
68054.1	68864.9	68054.1	68864.9	68054.1	
64486.5	67432.4	64486.5	67432.4	64486.5	
67756.8	65783.8	67756.8	65783.8	67756.8	
66054.1	66135.1	66054.1	66135.1	66054.1	
68108.1	66540.5	68108.1	66540.5	68108.1	
65729.7	67621.6	65729.7	67621.6	65729.7	
67918.9	68054.1	67918.9	68054.1	67918.9	
66675.7	66405.4	66675.7	66405.4	66675.7	
66540.5	68054.1	66540.5	68054.1	66540.5	
66351.4	65378.4	66351.4	65378.4	66351.4	
66486.5	69324.3	66486.5	69324.3	66486.5	
67702.7	69000	67702.7	69000	67702.7	
66810.8	67216.2	66810.8	67216.2	66810.8	
67432.4	66270.3	67432.4	66270.3	67432.4	
67351.4	68108.1	67351.4	68108.1	67351.4	
68108.1	68054.1	68108.1	68054.1	68108.1	
66540.5	67973	66540.5	67973	66540.5	
67162.2	66540.5	67162.2	66540.5	67162.2	
69540.5	67297.3	69540.5	67297.3	69540.5	
68108.1	67027	68108.1	67027	68108.1	
67297.3	66675.7	67297.3	66675.7	67297.3	
65918.9	66540.5	65918.9	66540.5	65918.9	
68054.1	65378.4	68054.1	65378.4	68054.1	
69189.2	68513.5	69189.2	68513.5	69189.2	
68648.6	67702.7	68648.6	67702.7	68648.6	
67162.2	69135.1	67162.2	69135.1	67162.2	
67837.8	66756.8	67837.8	66756.8	67837.8	
69000	67567.6	69000	67567.6	69000	
67567.6	68864.9	67567.6	68864.9	67567.6	
69189.2	69540.5	69189.2	69540.5	69189.2	
67756.8	67621.6	67756.8	67621.6	67756.8	
66486.5	66216.2	66486.5	66216.2	66486.5	
67567.6	68783.8	67567.6	68783.8	67567.6	
65918.9	67621.6	65918.9	67621.6	65918.9	
67297.3	67567.6	67297.3	67567.6	67297.3	
68729.7	67027	68729.7	67027	68729.7	
67837.8	68243.2	67837.8	68243.2	67837.8	
66891.9	66405.4	66891.9	66405.4	66891.9	
68378.4	68918.9	68378.4	68918.9	68378.4	
69189.2	67432.4	69189.2	67432.4	69189.2	
67702.7	65648.6	67702.7	65648.6	67702.7	
67973	67918.9	67973	67918.9	67973	
65459.5	67351.4	65459.5	67351.4	65459.5	
65513.5	67162.2	65513.5	67162.2	65513.5	
69459.5	65864.9	69459.5	65864.9	69459.5	
68324.3	67702.7	68324.3	67702.7	68324.3	
67486.5	68108.1	67486.5	68108.1	67486.5	
68783.8	68918.9	68783.8	68918.9	68783.8	
67756.8	66270.3	67756.8	66270.3	67756.8	
67973	67081.1	67973	67081.1	67973	
67621.6	66135.1	67621.6	66135.1	67621.6	
67216.2	66351.4	67216.2	66351.4	67216.2	
67081.1	67162.2	67081.1	67162.2	67081.1	
68324.3	67297.3	68324.3	67297.3	68324.3	
67216.2	68378.4	67216.2	68378.4	67216.2	
66756.8	68054.1	66756.8	68054.1	66756.8	
66945.9	68054.1	66945.9	68054.1	66945.9	
66621.6	69270.3	66621.6	69270.3	66621.6	
67756.8	67567.6	67756.8	67567.6	67756.8	
68459.5	69189.2	68459.5	69189.2	68459.5	
65513.5	68324.3	65513.5	68324.3	65513.5	
66675.7	66405.4	66675.7	66405.4	66675.7	
66405.4	69189.2	66405.4	69189.2	66405.4	
68189.2	67973	68189.2	67973	68189.2	
67162.2	67297.3	67162.2	67297.3	67162.2	
68054.1	67621.6	68054.1	67621.6	68054.1	
66270.3	69000	66270.3	69000	66270.3	
67351.4	66486.5	67351.4	66486.5	67351.4	
67973	66540.5	67973	66540.5	67973	
68189.2	67567.6	68189.2	67567.6	68189.2	
66405.4	66756.8	66405.4	66756.8	66405.4	
66054.1	67973	66054.1	67973	66054.1	
66486.5	66216.2	66486.5	66216.2	66486.5	
67486.5	69189.2	67486.5	69189.2	67486.5	
68108.1	67567.6	68108.1	67567.6	68108.1	
66270.3	67297.3	66270.3	67297.3	66270.3	
67216.2	66540.5	67216.2	66540.5	67216.2	
67973	68243.2	67973	68243.2	67973	
68594.6	67837.8	68594.6	67837.8	68594.6	
67702.7	67432.4	67702.7	67432.4	67702.7	
68108.1	69459.5	68108.1	69459.5	68108.1	
68729.7	69459.5	68729.7	69459.5	68729.7	
67486.5	66540.5	67486.5	66540.5	67486.5	
67756.8	67567.6	67756.8	67567.6	67756.8	
66810.8	68324.3	66810.8	68324.3	66810.8	
66486.5	68783.8	66486.5	68783.8	66486.5	
66621.6	67567.6	66621.6	67567.6	66621.6	
66135.1	67973	66135.1	67973	66135.1	
68864.9	67297.3	68864.9	67297.3	68864.9	
66216.2	68054.1	66216.2	68054.1	66216.2	
67973	67756.8	67973	67756.8	67973	
68864.9	67702.7	68864.9	67702.7	68864.9	
69270.3	66405.4	69270.3	66405.4	69270.3	
68324.3	67297.3	68324.3	67297.3	68324.3	
68513.5	68594.6	68513.5	68594.6	68513.5	
68054.1	68864.9	68054.1	68864.9	68054.1	
67621.6	67918.9	67621.6	67918.9	67621.6	
67702.7	68864.9	67702.7	68864.9	67702.7	
67486.5	68513.5	67486.5	68513.5	67486.5	
70081.1	67621.6	70081.1	67621.6	70081.1	
67621.6	69405.4	67621.6	69405.4	67621.6	
67702.7	67567.6	67702.7	67567.6	67702.7	
69540.5	68729.7	69540.5	68729.7	69540.5	
67081.1	68054.1	67081.1	68054.1	67081.1	
69054.1	67567.6	69054.1	67567.6	69054.1	
67297.3	68324.3	67297.3	68324.3	67297.3	
65594.6	67027	65594.6	67027	65594.6	
68108.1	67297.3	68108.1	67297.3	68108.1	
68513.5	67756.8	68513.5	67756.8	68513.5	
67081.1	67702.7	67081.1	67702.7	67081.1	
68648.6	67351.4	68648.6	67351.4	68648.6	
68729.7	68918.9	68729.7	68918.9	68729.7	
67162.2	66891.9	67162.2	66891.9	67162.2	
69945.9	67351.4	69945.9	67351.4	69945.9	
68513.5	67216.2	68513.5	67216.2	68513.5	
67973	68378.4	67973	68378.4	67973	
68243.2	67432.4	68243.2	67432.4	68243.2	
68459.5	67756.8	68459.5	67756.8	68459.5	
67918.9	67702.7	67918.9	67702.7	67918.9	
66405.4	68864.9	66405.4	68864.9	66405.4	
67486.5	68513.5	67486.5	68513.5	67486.5	
68864.9	68864.9	68864.9	68864.9	68864.9	
68378.4	67486.5	68378.4	67486.5	68378.4	
65243.2	67621.6	65243.2	67621.6	65243.2	
67756.8	68864.9	67756.8	68864.9	67756.8	
69135.1	69945.9	69135.1	69945.9	69135.1	
69675.7	67756.8	69675.7	67756.8	69675.7	
69054.1	67081.1	69054.1	67081.1	69054.1	
68189.2	69189.2	68189.2	69189.2	68189.2	
69270.3	69135.1	69270.3	69135.1	69270.3	
70351.4	67756.8	70351.4	67756.8	70351.4	
67918.9	67351.4	67918.9	67351.4	67918.9	
67756.8	67702.7	67756.8	67702.7	67756.8	
68378.4	67297.3	68378.4	67297.3	68378.4	
67837.8	67756.8	67837.8	67756.8	67837.8	
68918.9	67756.8	68918.9	67756.8	68918.9	
68378.4	67837.8	68378.4	67837.8	68378.4	
68594.6	68189.2	68594.6	68189.2	68594.6	
69621.6	68108.1	69621.6	68108.1	69621.6	
67837.8	68054.1	67837.8	68054.1	67837.8	
69459.5	68729.7	69459.5	68729.7	69459.5	
66891.9	68783.8	66891.9	68783.8	66891.9	
67081.1	67162.2	67081.1	67162.2	67081.1	
68729.7	67973	68729.7	67973	68729.7	
67297.3	70486.5	67297.3	70486.5	67297.3	
67162.2	68108.1	67162.2	68108.1	67162.2	
67216.2	69945.9	67216.2	69945.9	67216.2	
68108.1	66675.7	68108.1	66675.7	68108.1	
69621.6	69000	69621.6	69000	69621.6	
66891.9	67351.4	66891.9	67351.4	66891.9	
67918.9	67567.6	67918.9	67567.6	67918.9	
70351.4	68864.9	70351.4	68864.9	70351.4	
69189.2	67918.9	69189.2	67918.9	69189.2	
68594.6	69621.6	68594.6	69621.6	68594.6	
67918.9	67432.4	67918.9	67432.4	67918.9	
68783.8	67297.3	68783.8	67297.3	68783.8	
67432.4	67918.9	67432.4	67918.9	67432.4	
66756.8	68243.2	66756.8	68243.2	66756.8	
68054.1	68594.6	68054.1	68594.6	68054.1	
66486.5	69000	66486.5	69000	66486.5	
68729.7	69189.2	68729.7	69189.2	68729.7	
68324.3	66486.5	68324.3	66486.5	68324.3	
67567.6	68054.1	67567.6	68054.1	67567.6	
68324.3	70081.1	68324.3	70081.1	68324.3	
66351.4	69324.3	66351.4	69324.3	66351.4	
67973	66486.5	67973	66486.5	67973	
67081.1	67432.4	67081.1	67432.4	67081.1	
68108.1	66810.8	68108.1	66810.8	68108.1	
68729.7	67702.7	68729.7	67702.7	68729.7	
67216.2	65324.3	67216.2	65324.3	67216.2	
67216.2	67702.7	67216.2	67702.7	67216.2	
67973	68459.5	67973	68459.5	67973	
68783.8	67567.6	68783.8	67567.6	68783.8	
67837.8	67351.4	67837.8	67351.4	67837.8	
67351.4	69405.4	67351.4	69405.4	67351.4	
69810.8	68459.5	69810.8	68459.5	69810.8	
69135.1	69324.3	69135.1	69324.3	69135.1	
66540.5	66891.9	66540.5	66891.9	66540.5	
67702.7	67027	67702.7	67027	67702.7	
69891.9	68864.9	69891.9	68864.9	69891.9	
68783.8	67567.6	68783.8	67567.6	68783.8	
71459.5	72405.4	71459.5	72405.4	71459.5	
68783.8	69000	68783.8	69000	68783.8	
67216.2	68108.1	67216.2	68108.1	67216.2	
68594.6	67621.6	68594.6	67621.6	68594.6	
67351.4	67432.4	67351.4	67432.4	67351.4	
67162.2	67351.4	67162.2	67351.4	67162.2	
68189.2	68108.1	68189.2	68108.1	68189.2	
68729.7	68378.4	68729.7	68378.4	68729.7	
68189.2	68918.9	68189.2	68918.9	68189.2	
70027	70351.4	70027	70351.4	70027	
70891.9	68513.5	70891.9	68513.5	70891.9	
68378.4	69756.8	68378.4	69756.8	68378.4	
68378.4	65918.9	68378.4	65918.9	68378.4	
68243.2	66216.2	68243.2	66216.2	68243.2	
67837.8	68378.4	67837.8	68378.4	67837.8	
72189.2	67621.6	72189.2	67621.6	72189.2	
68378.4	67973	68378.4	67973	68378.4	
68648.6	67297.3	68648.6	67297.3	68648.6	
66945.9	68783.8	66945.9	68783.8	66945.9	
68918.9	69324.3	68918.9	69324.3	68918.9	
71243.2	67702.7	71243.2	67702.7	71243.2	
67027	70621.6	67027	70621.6	67027	
68378.4	68648.6	68378.4	68648.6	68378.4	
68324.3	69000	68324.3	69000	68324.3	
68783.8	69405.4	68783.8	69405.4	68783.8	
70081.1	68459.5	70081.1	68459.5	70081.1	
69756.8	68648.6	69756.8	68648.6	69756.8	
67432.4	67973	67432.4	67973	67432.4	
69000	67973	69000	67973	69000	
69405.4	69270.3	69405.4	69270.3	69405.4	
68918.9	66891.9	68918.9	66891.9	68918.9	
67702.7	67973	67702.7	67973	67702.7	
66675.7	67918.9	66675.7	67918.9	66675.7	
67162.2	66945.9	67162.2	66945.9	67162.2	
66945.9	67432.4	66945.9	67432.4	66945.9	
68108.1	68459.5	68108.1	68459.5	68108.1	
68594.6	68864.9	68594.6	68864.9	68594.6	
67216.2	67702.7	67216.2	67702.7	67216.2	
66810.8	67351.4	66810.8	67351.4	66810.8	
66675.7	68594.6	66675.7	68594.6	66675.7	
67297.3	68108.1	67297.3	68108.1	67297.3	
67756.8	69135.1	67756.8	69135.1	67756.8	
68729.7	69270.3	68729.7	69270.3	68729.7	
66756.8	69189.2	66756.8	69189.2	66756.8	
65864.9	67621.6	65864.9	67621.6	65864.9	
67973	67567.6	67973	67567.6	67973	
67621.6	66540.5	67621.6	66540.5	67621.6	
68513.5	69891.9	68513.5	69891.9	68513.5	
69189.2	69054.1	69189.2	69054.1	69189.2	
68054.1	68243.2	68054.1	68243.2	68054.1	
68324.3	66756.8	68324.3	66756.8	68324.3	
67567.6	67162.2	67567.6	67162.2	67567.6	
66540.5	69945.9	66540.5	69945.9	66540.5	
68648.6	70756.8	68648.6	70756.8	68648.6	
68054.1	70216.2	68054.1	70216.2	68054.1	
66810.8	68783.8	66810.8	68783.8	66810.8	
69621.6	67756.8	69621.6	67756.8	69621.6	
68918.9	68054.1	68918.9	68054.1	68918.9	
67432.4	66675.7	67432.4	66675.7	67432.4	
69135.1	67756.8	69135.1	67756.8	69135.1	
68513.5	70486.5	68513.5	70486.5	68513.5	
67756.8	70216.2	67756.8	70216.2	67756.8	
67297.3	67621.6	67297.3	67621.6	67297.3	
67621.6	70621.6	67621.6	70621.6	67621.6	
66810.8	69540.5	66810.8	69540.5	66810.8	
67756.8	68864.9	67756.8	68864.9	67756.8	
68864.9	68189.2	68864.9	68189.2	68864.9	
67837.8	69324.3	67837.8	69324.3	67837.8	
68243.2	68513.5	68243.2	68513.5	68243.2	
67702.7	67567.6	67702.7	67567.6	67702.7	
69270.3	69000	69270.3	69000	69270.3	
68729.7	68378.4	68729.7	68378.4	68729.7	
66621.6	67918.9	66621.6	67918.9	66621.6	
68324.3	68594.6	68324.3	68594.6	68324.3	
68459.5	69324.3	68459.5	69324.3	68459.5	
68918.9	69459.5	68918.9	69459.5	68918.9	
66756.8	67702.7	66756.8	67702.7	66756.8	
67486.5	68513.5	67486.5	68513.5	67486.5	
67621.6	68054.1	67621.6	68054.1	67621.6	
68918.9	66945.9	68918.9	66945.9	68918.9	
67567.6	67702.7	67567.6	67702.7	67567.6	
66621.6	69405.4	66621.6	69405.4	66621.6	
69810.8	69135.1	69810.8	69135.1	69810.8	
68783.8	67486.5	68783.8	67486.5	68783.8	
67027	67918.9	67027	67918.9	67027	
70297.3	67351.4	70297.3	67351.4	70297.3	
66810.8	66810.8	66810.8	66810.8	66810.8	
71378.4	68189.2	71378.4	68189.2	71378.4	
68729.7	68594.6	68729.7	68594.6	68729.7	
67432.4	68108.1	67432.4	68108.1	67432.4	
68783.8	67432.4	68783.8	67432.4	68783.8	
68243.2	69891.9	68243.2	69891.9	68243.2	
67973	65648.6	67973	65648.6	67973	
67297.3	66000	67297.3	66000	67297.3	
68864.9	69054.1	68864.9	69054.1	68864.9	
66270.3	67918.9	66270.3	67918.9	66270.3	
68594.6	68189.2	68594.6	68189.2	68594.6	
67351.4	67973	67351.4	67973	67351.4	
68918.9	67973	68918.9	67973	68918.9	
70081.1	70756.8	70081.1	70756.8	70081.1	
68513.5	69756.8	68513.5	69756.8	68513.5	
65864.9	67973	65864.9	67973	65864.9	
67837.8	67756.8	67837.8	67756.8	67837.8	
68378.4	69135.1	68378.4	69135.1	68378.4	
67973	68324.3	67973	68324.3	67973	
67918.9	67702.7	67918.9	67702.7	67918.9	
67351.4	67621.6	67351.4	67621.6	67351.4	
66891.9	68459.5	66891.9	68459.5	66891.9	
68108.1	69540.5	68108.1	69540.5	68108.1	
66405.4	68324.3	66405.4	68324.3	66405.4	
69621.6	68729.7	69621.6	68729.7	69621.6	
68108.1	67973	68108.1	67973	68108.1	
66000	68648.6	66000	68648.6	66000	
68918.9	68513.5	68918.9	68513.5	68918.9	
69945.9	69675.7	69945.9	69675.7	69945.9	
68459.5	67567.6	68459.5	67567.6	68459.5	
66891.9	68864.9	66891.9	68864.9	66891.9	
67567.6	67432.4	67567.6	67432.4	67567.6	
68648.6	68054.1	68648.6	68054.1	68648.6	
66810.8	67756.8	66810.8	67756.8	66810.8	
67702.7	68648.6	67702.7	68648.6	67702.7	
69000	69270.3	69000	69270.3	69000	
67027	68729.7	67027	68729.7	67027	
65918.9	69135.1	65918.9	69135.1	65918.9	
68513.5	65324.3	68513.5	65324.3	68513.5	
69000	68648.6	69000	68648.6	69000	
68783.8	69621.6	68783.8	69621.6	68783.8	
67432.4	67162.2	67432.4	67162.2	67432.4	
67973	69270.3	67973	69270.3	67973	
68324.3	68729.7	68324.3	68729.7	68324.3	
69324.3	68648.6	69324.3	68648.6	69324.3	
67621.6	67621.6	67621.6	67621.6	67621.6	
67486.5	68864.9	67486.5	68864.9	67486.5	
67216.2	70027	67216.2	70027	67216.2	
67621.6	69459.5	67621.6	69459.5	67621.6	
67621.6	68918.9	67621.6	68918.9	67621.6	
67027	67162.2	67027	67162.2	67027	
67756.8	66675.7	67756.8	66675.7	67756.8	
65459.5	68783.8	65459.5	68783.8	65459.5	
69189.2	69324.3	69189.2	69324.3	69189.2	
67702.7	68648.6	67702.7	68648.6	67702.7	
67837.8	69135.1	67837.8	69135.1	67837.8	
69270.3	67918.9	69270.3	67918.9	69270.3	
69621.6	68459.5	69621.6	68459.5	69621.6	
67432.4	69270.3	67432.4	69270.3	67432.4	
67351.4	68108.1	67351.4	68108.1	67351.4	
67567.6	67621.6	67567.6	67621.6	67567.6	
68243.2	69324.3	68243.2	69324.3	68243.2	
67918.9	68513.5	67918.9	68513.5	67918.9	
68324.3	68243.2	68324.3	68243.2	68324.3	
68648.6	66621.6	68648.6	66621.6	68648.6	
68243.2	69459.5	68243.2	69459.5	68243.2	
68324.3	67918.9	68324.3	67918.9	68324.3	
68108.1	68054.1	68108.1	68054.1	68108.1	
69135.1	68189.2	69135.1	68189.2	69135.1	
69621.6	67486.5	69621.6	67486.5	69621.6	
65864.9	69891.9	65864.9	69891.9	65864.9	
68189.2	69189.2	68189.2	69189.2	68189.2	
68108.1	67081.1	68108.1	67081.1	68108.1	
66540.5	68108.1	66540.5	68108.1	66540.5	
69405.4	69270.3	69405.4	69270.3	69405.4	
68054.1	69135.1	68054.1	69135.1	68054.1	
67432.4	67027	67432.4	67027	67432.4	
67162.2	66351.4	67162.2	66351.4	67162.2	
69324.3	66486.5	69324.3	66486.5	69324.3	
68864.9	69324.3	68864.9	69324.3	68864.9	
69000	67081.1	69000	67081.1	69000	
67486.5	67432.4	67486.5	67432.4	67486.5	
70891.9	69135.1	70891.9	69135.1	70891.9	
68324.3	68918.9	68324.3	68918.9	68324.3	
67756.8	69270.3	67756.8	69270.3	67756.8	
67297.3	66486.5	67297.3	66486.5	67297.3	
82081.1	79216.2	82081.1	79216.2	82081.1	
70027	68459.5	70027	68459.5	70027	
68594.6	67567.6	68594.6	67567.6	68594.6	
68054.1	69324.3	68054.1	69324.3	68054.1	
68783.8	67162.2	68783.8	67162.2	68783.8	
69621.6	68189.2	69621.6	68189.2	69621.6	
67837.8	66054.1	67837.8	66054.1	67837.8	
67621.6	69054.1	67621.6	69054.1	67621.6	
69270.3	68189.2	69270.3	68189.2	69270.3	
69810.8	68459.5	69810.8	68459.5	69810.8	
66810.8	67973	66810.8	67973	66810.8	
67297.3	68729.7	67297.3	68729.7	67297.3	
69459.5	69405.4	69459.5	69405.4	69459.5	
68513.5	67837.8	68513.5	67837.8	68513.5	
68783.8	70027	68783.8	70027	68783.8	
69621.6	67918.9	69621.6	67918.9	69621.6	
68108.1	70297.3	68108.1	70297.3	68108.1	
69621.6	66810.8	69621.6	66810.8	69621.6	
66270.3	67973	66270.3	67973	66270.3	
68729.7	68243.2	68729.7	68243.2	68729.7	
68864.9	68108.1	68864.9	68108.1	68864.9	
67432.4	67837.8	67432.4	67837.8	67432.4	
67918.9	67297.3	67918.9	67297.3	67918.9	
69459.5	66945.9	69459.5	66945.9	69459.5	
69459.5	67216.2	69459.5	67216.2	69459.5	
70081.1	69891.9	70081.1	69891.9	70081.1	
67918.9	67567.6	67918.9	67567.6	67918.9	
70162.2	67973	70162.2	67973	70162.2	
66756.8	66945.9	66756.8	66945.9	66756.8	
66216.2	68864.9	66216.2	68864.9	66216.2	
68918.9	66945.9	68918.9	66945.9	68918.9	
67432.4	68378.4	67432.4	68378.4	67432.4	
68054.1	70216.2	68054.1	70216.2	68054.1	
67432.4	70486.5	67432.4	70486.5	67432.4	
66891.9	66810.8	66891.9	66810.8	66891.9	
67837.8	69000	67837.8	69000	67837.8	
68459.5	68243.2	68459.5	68243.2	68459.5	
68729.7	70621.6	68729.7	70621.6	68729.7	
67918.9	68054.1	67918.9	68054.1	67918.9	
69675.7	67702.7	69675.7	67702.7	69675.7	
68378.4	70027	68378.4	70027	68378.4	
67973	69270.3	67973	69270.3	67973	
69891.9	69621.6	69891.9	69621.6	69891.9	
69459.5	68459.5	69459.5	68459.5	69459.5	
68324.3	69000	68324.3	69000	68324.3	
67837.8	66486.5	67837.8	66486.5	67837.8	
67621.6	69756.8	67621.6	69756.8	67621.6	
69405.4	68189.2	69405.4	68189.2	69405.4	
66621.6	67297.3	66621.6	67297.3	66621.6	
67918.9	67973	67918.9	67973	67918.9	
69621.6	69054.1	69621.6	69054.1	69621.6	
70162.2	67567.6	70162.2	67567.6	70162.2	
67621.6	69054.1	67621.6	69054.1	67621.6	
67918.9	67567.6	67918.9	67567.6	67918.9	
69459.5	67486.5	69459.5	67486.5	69459.5	
69000	67216.2	69000	67216.2	69000	
67756.8	69054.1	67756.8	69054.1	67756.8	
69459.5	66810.8	69459.5	66810.8	69459.5	
70027	69054.1	70027	69054.1	70027	
68378.4	68864.9	68378.4	68864.9	68378.4	
67432.4	68189.2	67432.4	68189.2	67432.4	
67918.9	68324.3	67918.9	68324.3	67918.9	
69324.3	67702.7	69324.3	67702.7	69324.3	
67837.8	66540.5	67837.8	66540.5	67837.8	
69054.1	67756.8	69054.1	67756.8	69054.1	
69405.4	69891.9	69405.4	69891.9	69405.4	
68513.5	68324.3	68513.5	68324.3	68513.5	
68189.2	69000	68189.2	69000	68189.2	
66054.1	68243.2	66054.1	68243.2	66054.1	
66945.9	69135.1	66945.9	69135.1	66945.9	
68459.5	67756.8	68459.5	67756.8	68459.5	
69135.1	69270.3	69135.1	69270.3	69135.1	
68783.8	69189.2	68783.8	69189.2	68783.8	
66405.4	68594.6	66405.4	68594.6	66405.4	
68324.3	68594.6	68324.3	68594.6	68324.3	
69756.8	69810.8	69756.8	69810.8	69756.8	
67081.1	68108.1	67081.1	68108.1	67081.1	
67486.5	66891.9	67486.5	66891.9	67486.5	
67621.6	68729.7	67621.6	68729.7	67621.6	
67486.5	68729.7	67486.5	68729.7	67486.5	
66891.9	68243.2	66891.9	68243.2	66891.9	
68648.6	69054.1	68648.6	69054.1	68648.6	
67351.4	71027	67351.4	71027	67351.4	
67432.4	67973	67432.4	67973	67432.4	
69270.3	68513.5	69270.3	68513.5	69270.3	
69540.5	69675.7	69540.5	69675.7	69540.5	
66486.5	67756.8	66486.5	67756.8	66486.5	
69891.9	69135.1	69891.9	69135.1	69891.9	
69000	68729.7	69000	68729.7	69000	
67567.6	68459.5	67567.6	68459.5	67567.6	
70432.4	69675.7	70432.4	69675.7	70432.4	
67702.7	66135.1	67702.7	66135.1	67702.7	
69405.4	70351.4	69405.4	70351.4	69405.4	
69621.6	68378.4	69621.6	68378.4	69621.6	
69054.1	66486.5	69054.1	66486.5	69054.1	
66810.8	68054.1	66810.8	68054.1	66810.8	
68864.9	67081.1	68864.9	67081.1	68864.9	
68729.7	69324.3	68729.7	69324.3	68729.7	
67918.9	68648.6	67918.9	68648.6	67918.9	
68864.9	69054.1	68864.9	69054.1	68864.9	
67702.7	68324.3	67702.7	68324.3	67702.7	
67918.9	69054.1	67918.9	69054.1	67918.9	
67432.4	68054.1	67432.4	68054.1	67432.4	
68243.2	68648.6	68243.2	68648.6	68243.2	
67621.6	69000	67621.6	69000	67621.6	
66945.9	67216.2	66945.9	67216.2	66945.9	
68783.8	69135.1	68783.8	69135.1	68783.8	
68864.9	70216.2	68864.9	70216.2	68864.9	
68459.5	69054.1	68459.5	69054.1	68459.5	
68378.4	68243.2	68378.4	68243.2	68378.4	
68054.1	67081.1	68054.1	67081.1	68054.1	
67486.5	67081.1	67486.5	67081.1	67486.5	
67216.2	68864.9	67216.2	68864.9	67216.2	
66756.8	68729.7	66756.8	68729.7	66756.8	
65648.6	68324.3	65648.6	68324.3	65648.6	
68864.9	68378.4	68864.9	68378.4	68864.9	
68594.6	67567.6	68594.6	67567.6	68594.6	
67081.1	68189.2	67081.1	68189.2	67081.1	
68783.8	69324.3	68783.8	69324.3	68783.8	
69459.5	69810.8	69459.5	69810.8	69459.5	
69135.1	68108.1	69135.1	68108.1	69135.1	
68054.1	68918.9	68054.1	68918.9	68054.1	
67837.8	66621.6	67837.8	66621.6	67837.8	
68864.9	68189.2	68864.9	68189.2	68864.9	
70162.2	68243.2	70162.2	68243.2	70162.2	
68594.6	70567.6	68594.6	70567.6	68594.6	
69675.7	67567.6	69675.7	67567.6	69675.7	
68783.8	66675.7	68783.8	66675.7	68783.8	
68054.1	67837.8	68054.1	67837.8	68054.1	
66540.5	69810.8	66540.5	69810.8	66540.5	
69810.8	69621.6	69810.8	69621.6	69810.8	
69540.5	66891.9	69540.5	66891.9	69540.5	
69135.1	67081.1	69135.1	67081.1	69135.1	
66540.5	67027	66540.5	67027	66540.5	
68918.9	67702.7	68918.9	67702.7	68918.9	
69459.5	69135.1	69459.5	69135.1	69459.5	
69189.2	70351.4	69189.2	70351.4	69189.2	
68864.9	70567.6	68864.9	70567.6	68864.9	
68648.6	67432.4	68648.6	67432.4	68648.6	
67702.7	68729.7	67702.7	68729.7	67702.7	
67973	68729.7	67973	68729.7	67973	
69459.5	66891.9	69459.5	66891.9	69459.5	
66540.5	69621.6	66540.5	69621.6	66540.5	
67432.4	69540.5	67432.4	69540.5	67432.4	
69675.7	67567.6	69675.7	67567.6	69675.7	
68594.6	70162.2	68594.6	70162.2	68594.6	
66054.1	68189.2	66054.1	68189.2	66054.1	
68108.1	67621.6	68108.1	67621.6	68108.1	
67216.2	67162.2	67216.2	67162.2	67216.2	
68054.1	66621.6	68054.1	66621.6	68054.1	
66945.9	68054.1	66945.9	68054.1	66945.9	
67351.4	68243.2	67351.4	68243.2	67351.4	
66216.2	68783.8	66216.2	68783.8	66216.2	
67621.6	68459.5	67621.6	68459.5	67621.6	
67621.6	67216.2	67621.6	67216.2	67621.6	
70216.2	68189.2	70216.2	68189.2	70216.2	
68783.8	68864.9	68783.8	68864.9	68783.8	
68108.1	67351.4	68108.1	67351.4	68108.1	
66891.9	69054.1	66891.9	69054.1	66891.9	
69189.2	68189.2	69189.2	68189.2	69189.2	
69135.1	67432.4	69135.1	67432.4	69135.1	
68189.2	69675.7	68189.2	69675.7	68189.2	
68783.8	67973	68783.8	67973	68783.8	
66945.9	67486.5	66945.9	67486.5	66945.9	
69189.2	69189.2	69189.2	69189.2	69189.2	
69405.4	69945.9	69405.4	69945.9	69405.4	
68378.4	67351.4	68378.4	67351.4	68378.4	
68459.5	66945.9	68459.5	66945.9	68459.5	
69675.7	66135.1	69675.7	66135.1	69675.7	
67027	70432.4	67027	70432.4	67027	
67756.8	68594.6	67756.8	68594.6	67756.8	
68783.8	67567.6	68783.8	67567.6	68783.8	
68648.6	68459.5	68648.6	68459.5	68648.6	
67081.1	68594.6	67081.1	68594.6	67081.1	
68108.1	68864.9	68108.1	68864.9	68108.1	
68729.7	68729.7	68729.7	68729.7	68729.7	
66135.1	67702.7	66135.1	67702.7	66135.1	
67027	67027	67027	67027	67027	
68108.1	68729.7	68108.1	68729.7	68108.1	
69324.3	68459.5	69324.3	68459.5	69324.3	
67973	69756.8	67973	69756.8	67973	
69270.3	68729.7	69270.3	68729.7	69270.3	
67027	67297.3	67027	67297.3	67027	
67567.6	67702.7	67567.6	67702.7	67567.6	
69270.3	69189.2	69270.3	69189.2	69270.3	
69675.7	67973	69675.7	67973	69675.7	
66054.1	67567.6	66054.1	67567.6	66054.1	
70162.2	69054.1	70162.2	69054.1	70162.2	
69459.5	70351.4	69459.5	70351.4	69459.5	
69054.1	69756.8	69054.1	69756.8	69054.1	
66675.7	69945.9	66675.7	69945.9	66675.7	
66675.7	68378.4	66675.7	68378.4	66675.7	
71459.5	68864.9	71459.5	68864.9	71459.5	
70162.2	69459.5	70162.2	69459.5	70162.2	
68594.6	69756.8	68594.6	69756.8	68594.6	
69000	67216.2	69000	67216.2	69000	
69000	69756.8	69000	69756.8	69000	
67973	68054.1	67973	68054.1	67973	
65189.2	67432.4	65189.2	67432.4	65189.2	
68594.6	68108.1	68594.6	68108.1	68594.6	
69891.9	69675.7	69891.9	69675.7	69891.9	
69891.9	68918.9	69891.9	68918.9	69891.9	
68459.5	69405.4	68459.5	69405.4	68459.5	
69621.6	69135.1	69621.6	69135.1	69621.6	
67081.1	69621.6	67081.1	69621.6	67081.1	
67081.1	69000	67081.1	69000	67081.1	
68864.9	67973	68864.9	67973	68864.9	
70027	68729.7	70027	68729.7	70027	
68189.2	66810.8	68189.2	66810.8	68189.2	
67297.3	67351.4	67297.3	67351.4	67297.3	
67837.8	67027	67837.8	67027	67837.8	
68594.6	66945.9	68594.6	66945.9	68594.6	
67973	69324.3	67973	69324.3	67973	
69189.2	69891.9	69189.2	69891.9	69189.2	
69756.8	68918.9	69756.8	68918.9	69756.8	
70432.4	68378.4	70432.4	68378.4	70432.4	
68324.3	68594.6	68324.3	68594.6	68324.3	
65054.1	67486.5	65054.1	67486.5	65054.1	
68918.9	68594.6	68918.9	68594.6	68918.9	
68783.8	65108.1	68783.8	65108.1	68783.8	
69405.4	68783.8	69405.4	68783.8	69405.4	
69540.5	67756.8	69540.5	67756.8	69540.5	
70216.2	67216.2	70216.2	67216.2	70216.2	
69459.5	67621.6	69459.5	67621.6	69459.5	
67351.4	68378.4	67351.4	68378.4	67351.4	
68054.1	68594.6	68054.1	68594.6	68054.1	
68648.6	69540.5	68648.6	69540.5	68648.6	
68054.1	69810.8	68054.1	69810.8	68054.1	
69891.9	68783.8	69891.9	68783.8	69891.9	
69891.9	68108.1	69891.9	68108.1	69891.9	
71027	68054.1	71027	68054.1	71027	
68108.1	67027	68108.1	67027	68108.1	
68864.9	71513.5	68864.9	71513.5	68864.9	
68459.5	68189.2	68459.5	68189.2	68459.5	
70081.1	67567.6	70081.1	67567.6	70081.1	
68594.6	67351.4	68594.6	67351.4	68594.6	
68378.4	70027	68378.4	70027	68378.4	
68324.3	68729.7	68324.3	68729.7	68324.3	
68918.9	67432.4	68918.9	67432.4	68918.9	
68108.1	67837.8	68108.1	67837.8	68108.1	
69000	68108.1	69000	68108.1	69000	
68513.5	67027	68513.5	67027	68513.5	
67216.2	67432.4	67216.2	67432.4	67216.2	
68243.2	67756.8	68243.2	67756.8	68243.2	
67702.7	68378.4	67702.7	68378.4	67702.7	
68108.1	70027	68108.1	70027	68108.1	
69135.1	68108.1	69135.1	68108.1	69135.1	
69405.4	67216.2	69405.4	67216.2	69405.4	
68594.6	67486.5	68594.6	67486.5	68594.6	
67351.4	69054.1	67351.4	69054.1	67351.4	
66621.6	67702.7	66621.6	67702.7	66621.6	
68459.5	68783.8	68459.5	68783.8	68459.5	
69405.4	67621.6	69405.4	67621.6	69405.4	
68729.7	70351.4	68729.7	70351.4	68729.7	
68783.8	67621.6	68783.8	67621.6	68783.8	
67351.4	69540.5	67351.4	69540.5	67351.4	
67702.7	67756.8	67702.7	67756.8	67702.7	
68054.1	69189.2	68054.1	69189.2	68054.1	
69054.1	67973	69054.1	67973	69054.1	
67351.4	71243.2	67351.4	71243.2	67351.4	
70027	70567.6	70027	70567.6	70027	
68864.9	67756.8	68864.9	67756.8	68864.9	
68729.7	66054.1	68729.7	66054.1	68729.7	
67351.4	69540.5	67351.4	69540.5	67351.4	
67027	67351.4	67027	67351.4	67027	
68378.4	68918.9	68378.4	68918.9	68378.4	
68324.3	69945.9	68324.3	69945.9	68324.3	
70297.3	67081.1	70297.3	67081.1	70297.3	
70162.2	67837.8	70162.2	67837.8	70162.2	
68513.5	70567.6	68513.5	70567.6	68513.5	
70027	68918.9	70027	68918.9	70027	
69000	68189.2	69000	68189.2	69000	
68513.5	68783.8	68513.5	68783.8	68513.5	
68459.5	67162.2	68459.5	67162.2	68459.5	
69540.5	70027	69540.5	70027	69540.5	
69189.2	68918.9	69189.2	68918.9	69189.2	
68918.9	67837.8	68918.9	67837.8	68918.9	
68729.7	67486.5	68729.7	67486.5	68729.7	
68108.1	66000	68108.1	66000	68108.1	
66621.6	69891.9	66621.6	69891.9	66621.6	
70027	69756.8	70027	69756.8	70027	
68108.1	67973	68108.1	67973	68108.1	
67297.3	66945.9	67297.3	66945.9	67297.3	
69054.1	70702.7	69054.1	70702.7	69054.1	
67756.8	67756.8	67756.8	67756.8	67756.8	
67702.7	69054.1	67702.7	69054.1	67702.7	
68648.6	69540.5	68648.6	69540.5	68648.6	
67702.7	68729.7	67702.7	68729.7	67702.7	
67351.4	69810.8	67351.4	69810.8	67351.4	
66135.1	69675.7	66135.1	69675.7	66135.1	
68189.2	68324.3	68189.2	68324.3	68189.2	
70973	67297.3	70973	67297.3	70973	
68864.9	68513.5	68864.9	68513.5	68864.9	
68648.6	69621.6	68648.6	69621.6	68648.6	
68864.9	69270.3	68864.9	69270.3	68864.9	
69891.9	70081.1	69891.9	70081.1	69891.9	
68054.1	68513.5	68054.1	68513.5	68054.1	
67918.9	68729.7	67918.9	68729.7	67918.9	
67432.4	68189.2	67432.4	68189.2	67432.4	
69945.9	68108.1	69945.9	68108.1	69945.9	
69135.1	69054.1	69135.1	69054.1	69135.1	
66810.8	69000	66810.8	69000	66810.8	
66351.4	68108.1	66351.4	68108.1	66351.4	
70216.2	68378.4	70216.2	68378.4	70216.2	
69000	68243.2	69000	68243.2	69000	
70351.4	68729.7	70351.4	68729.7	70351.4	
68648.6	67973	68648.6	67973	68648.6	
68459.5	68243.2	68459.5	68243.2	68459.5	
67918.9	68918.9	67918.9	68918.9	67918.9	
67162.2	66810.8	67162.2	66810.8	67162.2	
70567.6	68648.6	70567.6	68648.6	70567.6	
68108.1	67918.9	68108.1	67918.9	68108.1	
66756.8	68189.2	66756.8	68189.2	66756.8	
68918.9	69054.1	68918.9	69054.1	68918.9	
69675.7	69324.3	69675.7	69324.3	69675.7	
69621.6	68783.8	69621.6	68783.8	69621.6	
68513.5	69621.6	68513.5	69621.6	68513.5	
68513.5	67567.6	68513.5	67567.6	68513.5	
68378.4	68594.6	68378.4	68594.6	68378.4	
68729.7	67486.5	68729.7	67486.5	68729.7	
68324.3	68864.9	68324.3	68864.9	68324.3	
69135.1	69270.3	69135.1	69270.3	69135.1	
71459.5	68648.6	71459.5	68648.6	71459.5	
68108.1	69945.9	68108.1	69945.9	68108.1	
69054.1	68324.3	69054.1	68324.3	69054.1	
69945.9	69540.5	69945.9	69540.5	69945.9	
68864.9	65378.4	68864.9	65378.4	68864.9	
68648.6	69891.9	68648.6	69891.9	68648.6	
67837.8	70351.4	67837.8	70351.4	67837.8	
68324.3	67756.8	68324.3	67756.8	68324.3	
68864.9	68243.2	68864.9	68243.2	68864.9	
67081.1	67027	67081.1	67027	67081.1	
68243.2	67621.6	68243.2	67621.6	68243.2	
67973	66621.6	67973	66621.6	67973	
68459.5	69945.9	68459.5	69945.9	68459.5	
69135.1	67351.4	69135.1	67351.4	69135.1	
67837.8	67027	67837.8	67027	67837.8	
68189.2	68108.1	68189.2	68108.1	68189.2	
68189.2	69135.1	68189.2	69135.1	68189.2	
66351.4	68189.2	66351.4	68189.2	66351.4	
68189.2	68513.5	68189.2	68513.5	68189.2	
70297.3	70432.4	70297.3	70432.4	70297.3	
69891.9	68108.1	69891.9	68108.1	69891.9	
68108.1	69000	68108.1	69000	68108.1	
68324.3	67027	68324.3	67027	68324.3	
68378.4	67486.5	68378.4	67486.5	68378.4	
68783.8	66540.5	68783.8	66540.5	68783.8	
68459.5	68783.8	68459.5	68783.8	68459.5	
68378.4	69459.5	68378.4	69459.5	68378.4	
69810.8	69054.1	69810.8	69054.1	69810.8	
68378.4	69405.4	68378.4	69405.4	68378.4	
66675.7	69459.5	66675.7	69459.5	66675.7	
68108.1	67756.8	68108.1	67756.8	68108.1	
68243.2	69054.1	68243.2	69054.1	68243.2	
70162.2	67621.6	70162.2	67621.6	70162.2	
69054.1	67756.8	69054.1	67756.8	69054.1	
68864.9	68108.1	68864.9	68108.1	68864.9	
69621.6	69945.9	69621.6	69945.9	69621.6	
67918.9	67918.9	67918.9	67918.9	67918.9	
66405.4	67837.8	66405.4	67837.8	66405.4	
69000	66810.8	69000	66810.8	69000	
69000	66054.1	69000	66054.1	69000	
66945.9	69000	66945.9	69000	66945.9	
69621.6	68513.5	69621.6	68513.5	69621.6	
68594.6	69324.3	68594.6	69324.3	68594.6	
70432.4	68378.4	70432.4	68378.4	70432.4	
67837.8	70351.4	67837.8	70351.4	67837.8	
68729.7	69756.8	68729.7	69756.8	68729.7	
67621.6	69135.1	67621.6	69135.1	67621.6	
69270.3	68189.2	69270.3	68189.2	69270.3	
65864.9	68108.1	65864.9	68108.1	65864.9	
68108.1	70027	68108.1	70027	68108.1	
67973	69054.1	67973	69054.1	67973	
68108.1	69135.1	68108.1	69135.1	68108.1	
66621.6	68513.5	66621.6	68513.5	66621.6	
69270.3	68513.5	69270.3	68513.5	69270.3	
70162.2	66891.9	70162.2	66891.9	70162.2	
68729.7	66405.4	68729.7	66405.4	68729.7	
67973	68189.2	67973	68189.2	67973	
66945.9	67081.1	66945.9	67081.1	66945.9	
68648.6	67081.1	68648.6	67081.1	68648.6	
66405.4	69135.1	66405.4	69135.1	66405.4	
68108.1	67081.1	68108.1	67081.1	68108.1	
68594.6	68378.4	68594.6	68378.4	68594.6	
67486.5	69054.1	67486.5	69054.1	67486.5	
67297.3	66216.2	67297.3	66216.2	67297.3	
69540.5	68054.1	69540.5	68054.1	69540.5	
67162.2	67702.7	67162.2	67702.7	67162.2	
69270.3	67297.3	69270.3	67297.3	69270.3	
68459.5	68459.5	68459.5	68459.5	68459.5	
67027	70027	67027	70027	67027	
68783.8	67756.8	68783.8	67756.8	68783.8	
67621.6	69675.7	67621.6	69675.7	67621.6	
69621.6	68648.6	69621.6	68648.6	69621.6	
68648.6	68378.4	68648.6	68378.4	68648.6	
68108.1	70837.8	68108.1	70837.8	68108.1	
68459.5	68729.7	68459.5	68729.7	68459.5	
67837.8	69405.4	67837.8	69405.4	67837.8	
70081.1	67432.4	70081.1	67432.4	70081.1	
67837.8	67432.4	67837.8	67432.4	67837.8	
67567.6	68378.4	67567.6	68378.4	67567.6	
67973	68108.1	67973	68108.1	67973	
70432.4	67081.1	70432.4	67081.1	70432.4	
71243.2	69000	71243.2	69000	71243.2	
68648.6	69135.1	68648.6	69135.1	68648.6	
66756.8	67432.4	66756.8	67432.4	66756.8	
68864.9	67973	68864.9	67973	68864.9	
67486.5	69621.6	67486.5	69621.6	67486.5	
67621.6	67297.3	67621.6	67297.3	67621.6	
66054.1	69675.7	66054.1	69675.7	66054.1	
66621.6	68864.9	66621.6	68864.9	66621.6	
67756.8	70081.1	67756.8	70081.1	67756.8	
67081.1	67351.4	67081.1	67351.4	67081.1	
67837.8	68918.9	67837.8	68918.9	67837.8	
68054.1	68189.2	68054.1	68189.2	68054.1	
68189.2	69135.1	68189.2	69135.1	68189.2	
67918.9	67837.8	67918.9	67837.8	67918.9	
67432.4	66216.2	67432.4	66216.2	67432.4	
68918.9	68243.2	68918.9	68243.2	68918.9	
69135.1	67837.8	69135.1	67837.8	69135.1	
69054.1	69540.5	69054.1	69540.5	69054.1	
67702.7	70027	67702.7	70027	67702.7	
68594.6	69189.2	68594.6	69189.2	68594.6	
67297.3	67918.9	67297.3	67918.9	67297.3	
69270.3	65108.1	69270.3	65108.1	69270.3	
68729.7	69054.1	68729.7	69054.1	68729.7	
70621.6	69459.5	70621.6	69459.5	70621.6	
68459.5	67567.6	68459.5	67567.6	68459.5	
67973	68648.6	67973	68648.6	67973	
70567.6	67973	70567.6	67973	70567.6	
69891.9	69810.8	69891.9	69810.8	69891.9	
67702.7	65783.8	67702.7	65783.8	67702.7	
68783.8	70162.2	68783.8	70162.2	68783.8	
69540.5	69054.1	69540.5	69054.1	69540.5	
68108.1	68459.5	68108.1	68459.5	68108.1	
67621.6	69459.5	67621.6	69459.5	67621.6	
69135.1	67756.8	69135.1	67756.8	69135.1	
68594.6	68729.7	68594.6	68729.7	68594.6	
67432.4	67756.8	67432.4	67756.8	67432.4	
67432.4	69891.9	67432.4	69891.9	67432.4	
69891.9	68243.2	69891.9	68243.2	69891.9	
70891.9	67756.8	70891.9	67756.8	70891.9	
68864.9	67432.4	68864.9	67432.4	68864.9	
68189.2	67918.9	68189.2	67918.9	68189.2	
67486.5	68594.6	67486.5	68594.6	67486.5	
68729.7	69135.1	68729.7	69135.1	68729.7	
70297.3	69945.9	70297.3	69945.9	70297.3	
67918.9	68729.7	67918.9	68729.7	67918.9	
66891.9	66891.9	66891.9	66891.9	66891.9	
69135.1	69135.1	69135.1	69135.1	69135.1	
68378.4	69270.3	68378.4	69270.3	68378.4	
68513.5	67918.9	68513.5	67918.9	68513.5	
70027	69324.3	70027	69324.3	70027	
68324.3	67621.6	68324.3	67621.6	68324.3	
68459.5	68594.6	68459.5	68594.6	68459.5	
68918.9	68378.4	68918.9	68378.4	68918.9	
69000	68108.1	69000	68108.1	69000	
68108.1	67621.6	68108.1	67621.6	68108.1	
67621.6	67432.4	67621.6	67432.4	67621.6	
70567.6	69135.1	70567.6	69135.1	70567.6	
68378.4	66216.2	68378.4	66216.2	68378.4	
69054.1	69891.9	69054.1	69891.9	69054.1	
65783.8	67567.6	65783.8	67567.6	65783.8	
66486.5	69405.4	66486.5	69405.4	66486.5	
68513.5	69675.7	68513.5	69675.7	68513.5	
68108.1	68648.6	68108.1	68648.6	68108.1	
67621.6	67756.8	67621.6	67756.8	67621.6	
69000	69054.1	69000	69054.1	69000	
66891.9	67351.4	66891.9	67351.4	66891.9	
68189.2	69270.3	68189.2	69270.3	68189.2	
68378.4	68243.2	68378.4	68243.2	68378.4	
67297.3	69135.1	67297.3	69135.1	67297.3	
69324.3	69135.1	69324.3	69135.1	69324.3	
66135.1	68108.1	66135.1	68108.1	66135.1	
68918.9	69621.6	68918.9	69621.6	68918.9	
68378.4	69135.1	68378.4	69135.1	68378.4	
65648.6	67621.6	65648.6	67621.6	65648.6	
68594.6	70621.6	68594.6	70621.6	68594.6	
69810.8	67702.7	69810.8	67702.7	69810.8	
69891.9	68459.5	69891.9	68459.5	69891.9	
67702.7	68729.7	67702.7	68729.7	67702.7	
68783.8	68648.6	68783.8	68648.6	68783.8	
68054.1	68513.5	68054.1	68513.5	68054.1	
69189.2	69135.1	69189.2	69135.1	69189.2	
69540.5	69459.5	69540.5	69459.5	69540.5	
67486.5	67027	67486.5	67027	67486.5	
67756.8	67973	67756.8	67973	67756.8	
66270.3	69945.9	66270.3	69945.9	66270.3	
69324.3	68324.3	69324.3	68324.3	69324.3	
70297.3	68513.5	70297.3	68513.5	70297.3	
67351.4	69324.3	67351.4	69324.3	67351.4	
68864.9	69540.5	68864.9	69540.5	68864.9	
67702.7	68864.9	67702.7	68864.9	67702.7	
71459.5	69270.3	71459.5	69270.3	71459.5	
68648.6	69270.3	68648.6	69270.3	68648.6	
69756.8	67918.9	69756.8	67918.9	69756.8	
67486.5	69324.3	67486.5	69324.3	67486.5	
69810.8	69135.1	69810.8	69135.1	69810.8	
67297.3	67973	67297.3	67973	67297.3	
67567.6	68378.4	67567.6	68378.4	67567.6	
68783.8	68513.5	68783.8	68513.5	68783.8	
67081.1	68324.3	67081.1	68324.3	67081.1	
67702.7	69945.9	67702.7	69945.9	67702.7	
70297.3	70081.1	70297.3	70081.1	70297.3	
69054.1	67837.8	69054.1	67837.8	69054.1	
70891.9	68189.2	70891.9	68189.2	70891.9	
70837.8	68594.6	70837.8	68594.6	70837.8	
67216.2	70081.1	67216.2	70081.1	67216.2	
67837.8	68243.2	67837.8	68243.2	67837.8	
66675.7	68648.6	66675.7	68648.6	66675.7	
67432.4	68918.9	67432.4	68918.9	67432.4	
68378.4	67756.8	68378.4	67756.8	68378.4	
68594.6	68783.8	68594.6	68783.8	68594.6	
68243.2	67081.1	68243.2	67081.1	68243.2	
68459.5	66891.9	68459.5	66891.9	68459.5	
68054.1	70297.3	68054.1	70297.3	68054.1	
70027	68594.6	70027	68594.6	70027	
68459.5	68459.5	68459.5	68459.5	68459.5	
68729.7	67567.6	68729.7	67567.6	68729.7	
69621.6	67621.6	69621.6	67621.6	69621.6	
68324.3	67837.8	68324.3	67837.8	68324.3	
69189.2	68459.5	69189.2	68459.5	69189.2	
69459.5	68513.5	69459.5	68513.5	69459.5	
68513.5	67973	68513.5	67973	68513.5	
67351.4	68108.1	67351.4	68108.1	67351.4	
69540.5	69459.5	69540.5	69459.5	69540.5	
68918.9	66486.5	68918.9	66486.5	68918.9	
68108.1	69810.8	68108.1	69810.8	68108.1	
68864.9	68729.7	68864.9	68729.7	68864.9	
67432.4	67432.4	67432.4	67432.4	67432.4	
67973	68378.4	67973	68378.4	67973	
67027	67837.8	67027	67837.8	67027	
69054.1	69891.9	69054.1	69891.9	69054.1	
65054.1	67432.4	65054.1	67432.4	65054.1	
68324.3	69000	68324.3	69000	68324.3	
68324.3	66621.6	68324.3	66621.6	68324.3	
69891.9	68243.2	69891.9	68243.2	69891.9	
69135.1	67918.9	69135.1	67918.9	69135.1	
69540.5	64081.1	69540.5	64081.1	69540.5	
68324.3	68378.4	68324.3	68378.4	68324.3	
70351.4	68324.3	70351.4	68324.3	70351.4	
67351.4	68459.5	67351.4	68459.5	67351.4	
67081.1	69621.6	67081.1	69621.6	67081.1	
69621.6	68243.2	69621.6	68243.2	69621.6	
68189.2	68108.1	68189.2	68108.1	68189.2	
67973	66000	67973	66000	67973	
66351.4	69324.3	66351.4	69324.3	66351.4	
70162.2	69000	70162.2	69000	70162.2	
68729.7	68189.2	68729.7	68189.2	68729.7	
66621.6	67162.2	66621.6	67162.2	66621.6	
69270.3	67973	69270.3	67973	69270.3	
69270.3	70081.1	69270.3	70081.1	69270.3	
68459.5	68513.5	68459.5	68513.5	68459.5	
70027	68243.2	70027	68243.2	70027	
68864.9	68324.3	68864.9	68324.3	68864.9	
68783.8	68459.5	68783.8	68459.5	68783.8	
68108.1	67702.7	68108.1	67702.7	68108.1	
68783.8	70216.2	68783.8	70216.2	68783.8	
68513.5	68864.9	68513.5	68864.9	68513.5	
68864.9	68864.9	68864.9	68864.9	68864.9	
67918.9	68918.9	67918.9	68918.9	67918.9	
67432.4	68459.5	67432.4	68459.5	67432.4	
67621.6	68729.7	67621.6	68729.7	67621.6	
68054.1	68594.6	68054.1	68594.6	68054.1	
68459.5	68459.5	68459.5	68459.5	68459.5	
67297.3	68783.8	67297.3	68783.8	67297.3	
68054.1	68243.2	68054.1	68243.2	68054.1	
68918.9	68648.6	68918.9	68648.6	68918.9	
67756.8	67756.8	67756.8	67756.8	67756.8	
68108.1	67432.4	68108.1	67432.4	68108.1	
68648.6	67756.8	68648.6	67756.8	68648.6	
69135.1	69945.9	69135.1	69945.9	69135.1	
68918.9	69756.8	68918.9	69756.8	68918.9	
68864.9	67486.5	68864.9	67486.5	68864.9	
68378.4	66945.9	68378.4	66945.9	68378.4	
67973	68324.3	67973	68324.3	67973	
68729.7	70081.1	68729.7	70081.1	68729.7	
71378.4	68378.4	71378.4	68378.4	71378.4	
70216.2	68594.6	70216.2	68594.6	70216.2	
67432.4	69945.9	67432.4	69945.9	67432.4	
68594.6	66810.8	68594.6	66810.8	68594.6	
68378.4	69324.3	68378.4	69324.3	68378.4	
67837.8	67837.8	67837.8	67837.8	67837.8	
68864.9	69000	68864.9	69000	68864.9	
66810.8	69270.3	66810.8	69270.3	66810.8	
67621.6	66756.8	67621.6	66756.8	67621.6	
70297.3	67216.2	70297.3	67216.2	70297.3	
67702.7	68918.9	67702.7	68918.9	67702.7	
69135.1	68783.8	69135.1	68783.8	69135.1	
67973	69324.3	67973	69324.3	67973	
68108.1	67432.4	68108.1	67432.4	68108.1	
67837.8	68054.1	67837.8	68054.1	67837.8	
68054.1	67837.8	68054.1	67837.8	68054.1	
67756.8	69945.9	67756.8	69945.9	67756.8	
67756.8	70081.1	67756.8	70081.1	67756.8	
68918.9	68054.1	68918.9	68054.1	68918.9	
68108.1	69675.7	68108.1	69675.7	68108.1	
69270.3	69459.5	69270.3	69459.5	69270.3	
68729.7	68729.7	68729.7	68729.7	68729.7	
69675.7	67837.8	69675.7	67837.8	69675.7	
67973	68324.3	67973	68324.3	67973	
70837.8	67351.4	70837.8	67351.4	70837.8	
68648.6	69891.9	68648.6	69891.9	68648.6	
68108.1	70162.2	68108.1	70162.2	68108.1	
69270.3	68378.4	69270.3	68378.4	69270.3	
69135.1	67216.2	69135.1	67216.2	69135.1	
69324.3	68108.1	69324.3	68108.1	69324.3	
68243.2	66945.9	68243.2	66945.9	68243.2	
67567.6	69810.8	67567.6	69810.8	67567.6	
67297.3	67973	67297.3	67973	67297.3	
68459.5	68459.5	68459.5	68459.5	68459.5	
68189.2	69054.1	68189.2	69054.1	68189.2	
69540.5	66270.3	69540.5	66270.3	69540.5	
68648.6	68513.5	68648.6	68513.5	68648.6	
67432.4	68189.2	67432.4	68189.2	67432.4	
67027	69891.9	67027	69891.9	67027	
69189.2	69540.5	69189.2	69540.5	69189.2	
69459.5	68108.1	69459.5	68108.1	69459.5	
68918.9	70756.8	68918.9	70756.8	68918.9	
67081.1	68783.8	67081.1	68783.8	67081.1	
69054.1	69810.8	69054.1	69810.8	69054.1	
67297.3	68378.4	67297.3	68378.4	67297.3	
69756.8	68378.4	69756.8	68378.4	69756.8	
67973	67486.5	67973	67486.5	67973	
69756.8	69540.5	69756.8	69540.5	69756.8	
66540.5	69621.6	66540.5	69621.6	66540.5	
69621.6	67432.4	69621.6	67432.4	69621.6	
68108.1	67973	68108.1	67973	68108.1	
67351.4	70351.4	67351.4	70351.4	67351.4	
68108.1	67297.3	68108.1	67297.3	68108.1	
67837.8	67081.1	67837.8	67081.1	67837.8	
67918.9	67351.4	67918.9	67351.4	67918.9	
68918.9	68459.5	68918.9	68459.5	68918.9	
69621.6	68378.4	69621.6	68378.4	69621.6	
68513.5	68378.4	68513.5	68378.4	68513.5	
69054.1	68378.4	69054.1	68378.4	69054.1	
68378.4	70027	68378.4	70027	68378.4	
69891.9	70027	69891.9	70027	69891.9	
69135.1	67297.3	69135.1	67297.3	69135.1	
67081.1	66351.4	67081.1	66351.4	67081.1	
67756.8	67162.2	67756.8	67162.2	67756.8	
69324.3	68648.6	69324.3	68648.6	69324.3	
68189.2	67702.7	68189.2	67702.7	68189.2	
68864.9	69459.5	68864.9	69459.5	68864.9	
69324.3	69540.5	69324.3	69540.5	69324.3	
68054.1	69000	68054.1	69000	68054.1	
66945.9	69891.9	66945.9	69891.9	66945.9	
69324.3	70081.1	69324.3	70081.1	69324.3	
68594.6	67432.4	68594.6	67432.4	68594.6	
70216.2	69756.8	70216.2	69756.8	70216.2	
68054.1	68378.4	68054.1	68378.4	68054.1	
67621.6	68729.7	67621.6	68729.7	67621.6	
66945.9	67297.3	66945.9	67297.3	66945.9	
68324.3	67756.8	68324.3	67756.8	68324.3	
68324.3	68243.2	68324.3	68243.2	68324.3	
67621.6	68513.5	67621.6	68513.5	67621.6	
68108.1	67432.4	68108.1	67432.4	68108.1	
69810.8	68513.5	69810.8	68513.5	69810.8	
67918.9	68864.9	67918.9	68864.9	67918.9	
69405.4	67486.5	69405.4	67486.5	69405.4	
70432.4	69135.1	70432.4	69135.1	70432.4	
66621.6	68459.5	66621.6	68459.5	66621.6	
69054.1	68729.7	69054.1	68729.7	69054.1	
68513.5	66945.9	68513.5	66945.9	68513.5	
66945.9	69405.4	66945.9	69405.4	66945.9	
68864.9	69270.3	68864.9	69270.3	68864.9	
69135.1	68513.5	69135.1	68513.5	69135.1	
69270.3	67297.3	69270.3	67297.3	69270.3	
67756.8	67081.1	67756.8	67081.1	67756.8	
68594.6	69135.1	68594.6	69135.1	68594.6	
68864.9	66756.8	68864.9	66756.8	68864.9	
67756.8	69810.8	67756.8	69810.8	67756.8	
68783.8	69324.3	68783.8	69324.3	68783.8	
69810.8	69756.8	69810.8	69756.8	69810.8	
68054.1	68324.3	68054.1	68324.3	68054.1	
67756.8	68648.6	67756.8	68648.6	67756.8	
69810.8	68918.9	69810.8	68918.9	69810.8	
69270.3	68729.7	69270.3	68729.7	69270.3	
67837.8	69324.3	67837.8	69324.3	67837.8	
69540.5	68594.6	69540.5	68594.6	69540.5	
68324.3	67702.7	68324.3	67702.7	68324.3	
67567.6	66621.6	67567.6	66621.6	67567.6	
67297.3	70432.4	67297.3	70432.4	67297.3	
67297.3	66540.5	67297.3	66540.5	67297.3	
68513.5	65729.7	68513.5	65729.7	68513.5	
69405.4	67486.5	69405.4	67486.5	69405.4	
69621.6	67918.9	69621.6	67918.9	69621.6	
68243.2	68594.6	68243.2	68594.6	68243.2	
66621.6	68243.2	66621.6	68243.2	66621.6	
68729.7	67837.8	68729.7	67837.8	68729.7	
68864.9	69405.4	68864.9	69405.4	68864.9	
68594.6	69054.1	68594.6	69054.1	68594.6	
67918.9	67486.5	67918.9	67486.5	67918.9	
66945.9	68324.3	66945.9	68324.3	66945.9	
67702.7	68783.8	67702.7	68783.8	67702.7	
67918.9	71027	67918.9	71027	67918.9	
69675.7	67621.6	69675.7	67621.6	69675.7	
66891.9	68189.2	66891.9	68189.2	66891.9	
69675.7	68324.3	69675.7	68324.3	69675.7	
68729.7	68459.5	68729.7	68459.5	68729.7	
68108.1	66810.8	68108.1	66810.8	68108.1	
67756.8	70027	67756.8	70027	67756.8	
66810.8	67837.8	66810.8	67837.8	66810.8	
68324.3	68054.1	68324.3	68054.1	68324.3	
69054.1	68243.2	69054.1	68243.2	69054.1	
68378.4	66486.5	68378.4	66486.5	68378.4	
69000	68378.4	69000	68378.4	69000	
67837.8	69324.3	67837.8	69324.3	67837.8	
69000	68594.6	69000	68594.6	69000	
69405.4	69810.8	69405.4	69810.8	69405.4	
67973	67702.7	67973	67702.7	67973	
68108.1	68243.2	68108.1	68243.2	68108.1	
68243.2	69675.7	68243.2	69675.7	68243.2	
68783.8	67486.5	68783.8	67486.5	68783.8	
67756.8	69756.8	67756.8	69756.8	67756.8	
65324.3	69135.1	65324.3	69135.1	65324.3	
66891.9	68594.6	66891.9	68594.6	66891.9	
65864.9	67756.8	65864.9	67756.8	65864.9	
68864.9	69810.8	68864.9	69810.8	68864.9	
68594.6	68918.9	68594.6	68918.9	68594.6	
69000	69675.7	69000	69675.7	69000	
68189.2	69945.9	68189.2	69945.9	68189.2	
66270.3	69135.1	66270.3	69135.1	66270.3	
69135.1	67297.3	69135.1	67297.3	69135.1	
69135.1	68243.2	69135.1	68243.2	69135.1	
69189.2	67351.4	69189.2	67351.4	69189.2	
68783.8	68459.5	68783.8	68459.5	68783.8	
68243.2	69945.9	68243.2	69945.9	68243.2	
68729.7	69189.2	68729.7	69189.2	68729.7	
67621.6	67756.8	67621.6	67756.8	67621.6	
65243.2	68378.4	65243.2	68378.4	65243.2	
68189.2	69891.9	68189.2	69891.9	68189.2	
69540.5	68864.9	69540.5	68864.9	69540.5	
68783.8	66891.9	68783.8	66891.9	68783.8	
67432.4	67918.9	67432.4	67918.9	67432.4	
67756.8	67973	67756.8	67973	67756.8	
67837.8	69000	67837.8	69000	67837.8	
69054.1	66945.9	69054.1	66945.9	69054.1	
69135.1	68054.1	69135.1	68054.1	69135.1	
69135.1	67837.8	69135.1	67837.8	69135.1	
67756.8	68189.2	67756.8	68189.2	67756.8	
67702.7	69189.2	67702.7	69189.2	67702.7	
67081.1	68594.6	67081.1	68594.6	67081.1	
68459.5	67918.9	68459.5	67918.9	68459.5	
71189.2	68108.1	71189.2	68108.1	71189.2	
69270.3	68108.1	69270.3	68108.1	69270.3	
66270.3	69054.1	66270.3	69054.1	66270.3	
68243.2	69540.5	68243.2	69540.5	68243.2	
70432.4	69891.9	70432.4	69891.9	70432.4	
66621.6	70432.4	66621.6	70432.4	66621.6	
68513.5	69891.9	68513.5	69891.9	68513.5	
68648.6	67621.6	68648.6	67621.6	68648.6	
68054.1	67567.6	68054.1	67567.6	68054.1	
68324.3	68729.7	68324.3	68729.7	68324.3	
68054.1	68324.3	68054.1	68324.3	68054.1	
70486.5	69000	70486.5	69000	70486.5	
68378.4	67837.8	68378.4	67837.8	68378.4	
69000	68513.5	69000	68513.5	69000	
67918.9	67837.8	67918.9	67837.8	67918.9	
67756.8	68459.5	67756.8	68459.5	67756.8	
68594.6	69891.9	68594.6	69891.9	68594.6	
68648.6	68783.8	68648.6	68783.8	68648.6	
67432.4	68189.2	67432.4	68189.2	67432.4	
69054.1	69459.5	69054.1	69459.5	69054.1	
67918.9	68108.1	67918.9	68108.1	67918.9	
66810.8	67756.8	66810.8	67756.8	66810.8	
68108.1	68864.9	68108.1	68864.9	68108.1	
66945.9	68378.4	66945.9	68378.4	66945.9	
66675.7	67837.8	66675.7	67837.8	66675.7	
66486.5	68243.2	66486.5	68243.2	66486.5	
68378.4	68729.7	68378.4	68729.7	68378.4	
68108.1	68324.3	68108.1	68324.3	68108.1	
68864.9	69189.2	68864.9	69189.2	68864.9	
70351.4	67837.8	70351.4	67837.8	70351.4	
69054.1	68189.2	69054.1	68189.2	69054.1	
69324.3	68378.4	69324.3	68378.4	69324.3	
67297.3	67918.9	67297.3	67918.9	67297.3	
68594.6	66891.9	68594.6	66891.9	68594.6	
68108.1	66891.9	68108.1	66891.9	68108.1	
67621.6	69891.9	67621.6	69891.9	67621.6	
69810.8	69324.3	69810.8	69324.3	69810.8	
68378.4	69324.3	68378.4	69324.3	68378.4	
67621.6	67486.5	67621.6	67486.5	67621.6	
68513.5	67918.9	68513.5	67918.9	68513.5	
67162.2	68864.9	67162.2	68864.9	67162.2	
67702.7	66810.8	67702.7	66810.8	67702.7	
67162.2	69810.8	67162.2	69810.8	67162.2	
67567.6	70351.4	67567.6	70351.4	67567.6	
68729.7	67837.8	68729.7	67837.8	68729.7	
67918.9	69945.9	67918.9	69945.9	67918.9	
67918.9	68108.1	67918.9	68108.1	67918.9	
68324.3	67973	68324.3	67973	68324.3	
68378.4	69054.1	68378.4	69054.1	68378.4	
68108.1	68918.9	68108.1	68918.9	68108.1	
69189.2	69270.3	69189.2	69270.3	69189.2	
67973	69621.6	67973	69621.6	67973	
67621.6	68459.5	67621.6	68459.5	67621.6	
68513.5	66405.4	68513.5	66405.4	68513.5	
67432.4	67702.7	67432.4	67702.7	67432.4	
69054.1	67837.8	69054.1	67837.8	69054.1	
67918.9	69270.3	67918.9	69270.3	67918.9	
68783.8	67297.3	68783.8	67297.3	68783.8	
67918.9	69135.1	67918.9	69135.1	67918.9	
70486.5	69135.1	70486.5	69135.1	70486.5	
67216.2	66054.1	67216.2	66054.1	67216.2	
68648.6	70297.3	68648.6	70297.3	68648.6	
69270.3	66891.9	69270.3	66891.9	69270.3	
69189.2	67918.9	69189.2	67918.9	69189.2	
69675.7	68054.1	69675.7	68054.1	69675.7	
68189.2	71729.7	68189.2	71729.7	68189.2	
65648.6	68513.5	65648.6	68513.5	65648.6	
68648.6	67918.9	68648.6	67918.9	68648.6	
69054.1	70162.2	69054.1	70162.2	69054.1	
69540.5	67351.4	69540.5	67351.4	69540.5	
69054.1	67973	69054.1	67973	69054.1	
70162.2	66405.4	70162.2	66405.4	70162.2	
68108.1	68108.1	68108.1	68108.1	68108.1	
68729.7	68054.1	68729.7	68054.1	68729.7	
67162.2	69054.1	67162.2	69054.1	67162.2	
68459.5	68189.2	68459.5	68189.2	68459.5	
69945.9	68324.3	69945.9	68324.3	69945.9	
66756.8	69324.3	66756.8	69324.3	66756.8	
67297.3	68189.2	67297.3	68189.2	67297.3	
67486.5	69270.3	67486.5	69270.3	67486.5	
69756.8	68108.1	69756.8	68108.1	69756.8	
66810.8	69000	66810.8	69000	66810.8	
67702.7	68189.2	67702.7	68189.2	67702.7	
67702.7	69189.2	67702.7	69189.2	67702.7	
69270.3	66891.9	69270.3	66891.9	69270.3	
68378.4	67837.8	68378.4	67837.8	68378.4	
69459.5	66756.8	69459.5	66756.8	69459.5	
69135.1	66756.8	69135.1	66756.8	69135.1	
65054.1	68108.1	65054.1	68108.1	65054.1	
68918.9	69000	68918.9	69000	68918.9	
67297.3	67027	67297.3	67027	67297.3	
68783.8	66756.8	68783.8	66756.8	68783.8	
69000	70837.8	69000	70837.8	69000	
68054.1	69054.1	68054.1	69054.1	68054.1	
70162.2	67702.7	70162.2	67702.7	70162.2	
68108.1	69621.6	68108.1	69621.6	68108.1	
67756.8	67432.4	67756.8	67432.4	67756.8	
69054.1	66621.6	69054.1	66621.6	69054.1	
69000	69945.9	69000	69945.9	69000	
70351.4	69405.4	70351.4	69405.4	70351.4	
69891.9	67756.8	69891.9	67756.8	69891.9	
68864.9	67621.6	68864.9	67621.6	68864.9	
68324.3	69000	68324.3	69000	68324.3	
67432.4	69135.1	67432.4	69135.1	67432.4	
68243.2	68324.3	68243.2	68324.3	68243.2	
69540.5	68864.9	69540.5	68864.9	69540.5	
68324.3	68378.4	68324.3	68378.4	68324.3	
68729.7	70702.7	68729.7	70702.7	68729.7	
67351.4	67756.8	67351.4	67756.8	67351.4	
69810.8	68729.7	69810.8	68729.7	69810.8	
70027	69135.1	70027	69135.1	70027	
66945.9	67162.2	66945.9	67162.2	66945.9	
68108.1	68054.1	68108.1	68054.1	68108.1	
67702.7	67486.5	67702.7	67486.5	67702.7	
68243.2	69891.9	68243.2	69891.9	68243.2	
68648.6	67621.6	68648.6	67621.6	68648.6	
69135.1	68189.2	69135.1	68189.2	69135.1	
71513.5	69810.8	71513.5	69810.8	71513.5	
68864.9	67756.8	68864.9	67756.8	68864.9	
69405.4	68054.1	69405.4	68054.1	69405.4	
69621.6	69621.6	69621.6	69621.6	69621.6	
69540.5	68243.2	69540.5	68243.2	69540.5	
65864.9	68513.5	65864.9	68513.5	65864.9	
67081.1	67918.9	67081.1	67918.9	67081.1	
69540.5	69810.8	69540.5	69810.8	69540.5	
68594.6	67486.5	68594.6	67486.5	68594.6	
68243.2	67351.4	68243.2	67351.4	68243.2	
69810.8	67621.6	69810.8	67621.6	69810.8	
66891.9	68918.9	66891.9	68918.9	66891.9	
69189.2	69621.6	69189.2	69621.6	69189.2	
69405.4	69945.9	69405.4	69945.9	69405.4	
67081.1	69621.6	67081.1	69621.6	67081.1	
68783.8	67432.4	68783.8	67432.4	68783.8	
69270.3	67973	69270.3	67973	69270.3	
67702.7	67621.6	67702.7	67621.6	67702.7	
67621.6	68324.3	67621.6	68324.3	67621.6	
68243.2	68864.9	68243.2	68864.9	68243.2	
68054.1	67081.1	68054.1	67081.1	68054.1	
67432.4	67351.4	67432.4	67351.4	67432.4	
69945.9	69756.8	69945.9	69756.8	69945.9	
68108.1	68729.7	68108.1	68729.7	68108.1	
67756.8	70621.6	67756.8	70621.6	67756.8	
68054.1	70027	68054.1	70027	68054.1	
69270.3	67702.7	69270.3	67702.7	69270.3	
68594.6	69054.1	68594.6	69054.1	68594.6	
69459.5	66216.2	69459.5	66216.2	69459.5	
67216.2	69189.2	67216.2	69189.2	67216.2	
67216.2	67432.4	67216.2	67432.4	67216.2	
69459.5	67756.8	69459.5	67756.8	69459.5	
69405.4	67216.2	69405.4	67216.2	69405.4	
68513.5	67297.3	68513.5	67297.3	68513.5	
68729.7	68648.6	68729.7	68648.6	68729.7	
67918.9	66540.5	67918.9	66540.5	67918.9	
68378.4	69540.5	68378.4	69540.5	68378.4	
67918.9	70216.2	67918.9	70216.2	67918.9	
67351.4	68243.2	67351.4	68243.2	67351.4	
67027	67567.6	67027	67567.6	67027	
68108.1	67432.4	68108.1	67432.4	68108.1	
68648.6	68513.5	68648.6	68513.5	68648.6	
67973	67486.5	67973	67486.5	67973	
68648.6	68189.2	68648.6	68189.2	68648.6	
68243.2	69189.2	68243.2	69189.2	68243.2	
67297.3	68054.1	67297.3	68054.1	67297.3	
69054.1	68324.3	69054.1	68324.3	69054.1	
68594.6	67216.2	68594.6	67216.2	68594.6	
67973	68108.1	67973	68108.1	67973	
67756.8	67837.8	67756.8	67837.8	67756.8	
68918.9	69945.9	68918.9	69945.9	68918.9	
69270.3	68459.5	69270.3	68459.5	69270.3	
68324.3	68324.3	68324.3	68324.3	68324.3	
68864.9	66756.8	68864.9	66756.8	68864.9	
67756.8	67837.8	67756.8	67837.8	67756.8	
69054.1	68729.7	69054.1	68729.7	69054.1	
67162.2	67027	67162.2	67027	67162.2	
68189.2	68729.7	68189.2	68729.7	68189.2	
67621.6	68243.2	67621.6	68243.2	67621.6	
67486.5	68378.4	67486.5	68378.4	67486.5	
67486.5	69189.2	67486.5	69189.2	67486.5	
69405.4	68783.8	69405.4	68783.8	69405.4	
68513.5	69054.1	68513.5	69054.1	68513.5	
66351.4	70216.2	66351.4	70216.2	66351.4	
69000	67027	69000	67027	69000	
66675.7	67837.8	66675.7	67837.8	66675.7	
69000	70351.4	69000	70351.4	69000	
68189.2	68054.1	68189.2	68054.1	68189.2	
68189.2	66540.5	68189.2	66540.5	68189.2	
67973	67567.6	67973	67567.6	67973	
67351.4	67027	67351.4	67027	67351.4	
69891.9	67297.3	69891.9	67297.3	69891.9	
67567.6	69675.7	67567.6	69675.7	67567.6	
67027	69621.6	67027	69621.6	67027	
66945.9	67837.8	66945.9	67837.8	66945.9	
68108.1	67297.3	68108.1	67297.3	68108.1	
67621.6	69324.3	67621.6	69324.3	67621.6	
68513.5	68189.2	68513.5	68189.2	68513.5	
69891.9	69945.9	69891.9	69945.9	69891.9	
68729.7	66891.9	68729.7	66891.9	68729.7	
67027	67567.6	67027	67567.6	67027	
69891.9	68054.1	69891.9	68054.1	69891.9	
67081.1	68513.5	67081.1	68513.5	67081.1	
67918.9	67216.2	67918.9	67216.2	67918.9	
67162.2	66000	67162.2	66000	67162.2	
67162.2	68108.1	67162.2	68108.1	67162.2	
67621.6	68729.7	67621.6	68729.7	67621.6	
69891.9	69270.3	69891.9	69270.3	69891.9	
69459.5	69270.3	69459.5	69270.3	69459.5	
68324.3	68108.1	68324.3	68108.1	68324.3	
68459.5	67973	68459.5	67973	68459.5	
70297.3	68783.8	70297.3	68783.8	70297.3	
67756.8	69459.5	67756.8	69459.5	67756.8	
66216.2	69324.3	66216.2	69324.3	66216.2	
68729.7	69459.5	68729.7	69459.5	68729.7	
68513.5	69540.5	68513.5	69540.5	68513.5	
69054.1	68864.9	69054.1	68864.9	69054.1	
65594.6	68378.4	65594.6	68378.4	65594.6	
69324.3	69675.7	69324.3	69675.7	69324.3	
68243.2	67432.4	68243.2	67432.4	68243.2	
68459.5	68648.6	68459.5	68648.6	68459.5	
66675.7	67216.2	66675.7	67216.2	66675.7	
67621.6	68783.8	67621.6	68783.8	67621.6	
67216.2	68594.6	67216.2	68594.6	67216.2	
67486.5	68324.3	67486.5	68324.3	67486.5	
67973	68108.1	67973	68108.1	67973	
67756.8	69000	67756.8	69000	67756.8	
66486.5	66540.5	66486.5	66540.5	66486.5	
68594.6	67621.6	68594.6	67621.6	68594.6	
68594.6	68594.6	68594.6	68594.6	68594.6	
67351.4	69621.6	67351.4	69621.6	67351.4	
70081.1	67702.7	70081.1	67702.7	70081.1	
67027	68378.4	67027	68378.4	67027	
69405.4	66756.8	69405.4	66756.8	69405.4	
69135.1	69135.1	69135.1	69135.1	69135.1	
67702.7	68594.6	67702.7	68594.6	67702.7	
67702.7	68189.2	67702.7	68189.2	67702.7	
69621.6	68513.5	69621.6	68513.5	69621.6	
68459.5	67973	68459.5	67973	68459.5	
64918.9	68594.6	64918.9	68594.6	64918.9	
67486.5	68459.5	67486.5	68459.5	67486.5	
68594.6	66054.1	68594.6	66054.1	68594.6	
68189.2	66675.7	68189.2	66675.7	68189.2	
69324.3	68864.9	69324.3	68864.9	69324.3	
67027	68324.3	67027	68324.3	67027	
66540.5	68378.4	66540.5	68378.4	66540.5	
68594.6	68594.6	68594.6	68594.6	68594.6	
68648.6	69270.3	68648.6	69270.3	68648.6	
66945.9	67351.4	66945.9	67351.4	66945.9	
70837.8	67918.9	70837.8	67918.9	70837.8	
67432.4	66891.9	67432.4	66891.9	67432.4	
68054.1	66270.3	68054.1	66270.3	68054.1	
69054.1	70027	69054.1	70027	69054.1	
68459.5	67567.6	68459.5	67567.6	68459.5	
67837.8	69756.8	67837.8	69756.8	67837.8	
67918.9	67081.1	67918.9	67081.1	67918.9	
67621.6	69891.9	67621.6	69891.9	67621.6	
67621.6	69459.5	67621.6	69459.5	67621.6	
68783.8	68783.8	68783.8	68783.8	68783.8	
70432.4	70702.7	70432.4	70702.7	70432.4	
68918.9	69054.1	68918.9	69054.1	68918.9	
68918.9	69000	68918.9	69000	68918.9	
68783.8	70567.6	68783.8	70567.6	68783.8	
69270.3	66945.9	69270.3	66945.9	69270.3	
65324.3	69675.7	65324.3	69675.7	65324.3	
69891.9	67351.4	69891.9	67351.4	69891.9	
68648.6	67973	68648.6	67973	68648.6	
68594.6	69189.2	68594.6	69189.2	68594.6	
68243.2	69405.4	68243.2	69405.4	68243.2	
69675.7	69540.5	69675.7	69540.5	69675.7	
66270.3	67973	66270.3	67973	66270.3	
66216.2	69540.5	66216.2	69540.5	66216.2	
68189.2	68918.9	68189.2	68918.9	68189.2	
66405.4	68324.3	66405.4	68324.3	66405.4	
67918.9	68513.5	67918.9	68513.5	67918.9	
67297.3	67081.1	67297.3	67081.1	67297.3	
68108.1	69324.3	68108.1	69324.3	68108.1	
67567.6	66621.6	67567.6	66621.6	67567.6	
68324.3	68459.5	68324.3	68459.5	68324.3	
68783.8	67486.5	68783.8	67486.5	68783.8	
68648.6	67027	68648.6	67027	68648.6	
69756.8	65594.6	69756.8	65594.6	69756.8	
66891.9	66000	66891.9	66000	66891.9	
69270.3	67837.8	69270.3	67837.8	69270.3	
67216.2	69270.3	67216.2	69270.3	67216.2	
68243.2	68243.2	68243.2	68243.2	68243.2	
65918.9	69000	65918.9	69000	65918.9	
67486.5	69891.9	67486.5	69891.9	67486.5	
67973	70432.4	67973	70432.4	67973	
68054.1	68918.9	68054.1	68918.9	68054.1	
68864.9	67081.1	68864.9	67081.1	68864.9	
70567.6	67567.6	70567.6	67567.6	70567.6	
69000	68189.2	69000	68189.2	69000	
68729.7	68459.5	68729.7	68459.5	68729.7	
69270.3	68243.2	69270.3	68243.2	69270.3	
69270.3	68243.2	69270.3	68243.2	69270.3	
68783.8	68108.1	68783.8	68108.1	68783.8	
67702.7	66054.1	67702.7	66054.1	67702.7	
68108.1	67162.2	68108.1	67162.2	68108.1	
67702.7	69675.7	67702.7	69675.7	67702.7	
68378.4	67756.8	68378.4	67756.8	68378.4	
67918.9	68513.5	67918.9	68513.5	67918.9	
67216.2	68729.7	67216.2	68729.7	67216.2	
69459.5	67621.6	69459.5	67621.6	69459.5	
66405.4	67351.4	66405.4	67351.4	66405.4	
67432.4	68594.6	67432.4	68594.6	67432.4	
70027	69270.3	70027	69270.3	70027	
66945.9	69756.8	66945.9	69756.8	66945.9	
68513.5	65783.8	68513.5	65783.8	68513.5	
68054.1	68648.6	68054.1	68648.6	68054.1	
70216.2	67216.2	70216.2	67216.2	70216.2	
69756.8	66351.4	69756.8	66351.4	69756.8	
66405.4	68648.6	66405.4	68648.6	66405.4	
68459.5	67081.1	68459.5	67081.1	68459.5	
68459.5	67162.2	68459.5	67162.2	68459.5	
68729.7	67486.5	68729.7	67486.5	68729.7	
68783.8	67918.9	68783.8	67918.9	68783.8	
68594.6	69459.5	68594.6	69459.5	68594.6	
67837.8	68783.8	67837.8	68783.8	67837.8	
66756.8	67216.2	66756.8	67216.2	66756.8	
68243.2	69135.1	68243.2	69135.1	68243.2	
67756.8	68918.9	67756.8	68918.9	67756.8	
68189.2	67162.2	68189.2	67162.2	68189.2	
66891.9	66675.7	66891.9	66675.7	66891.9	
68783.8	68729.7	68783.8	68729.7	68783.8	
65594.6	69270.3	65594.6	69270.3	65594.6	
69000	66756.8	69000	66756.8	69000	
69891.9	69810.8	69891.9	69810.8	69891.9	
66135.1	68864.9	66135.1	68864.9	66135.1	
68054.1	67973	68054.1	67973	68054.1	
69945.9	68513.5	69945.9	68513.5	69945.9	
67297.3	67432.4	67297.3	67432.4	67297.3	
69675.7	68378.4	69675.7	68378.4	69675.7	
69540.5	67486.5	69540.5	67486.5	69540.5	
68324.3	66945.9	68324.3	66945.9	68324.3	
69000	67918.9	69000	67918.9	69000	
68513.5	67486.5	68513.5	67486.5	68513.5	
69270.3	68378.4	69270.3	68378.4	69270.3	
68918.9	67486.5	68918.9	67486.5	68918.9	
70081.1	67621.6	70081.1	67621.6	70081.1	
68243.2	68513.5	68243.2	68513.5	68243.2	
67918.9	68189.2	67918.9	68189.2	67918.9	
68243.2	66756.8	68243.2	66756.8	68243.2	
68108.1	67621.6	68108.1	67621.6	68108.1	
69621.6	67432.4	69621.6	67432.4	69621.6	
67756.8	68324.3	67756.8	68324.3	67756.8	
68783.8	68513.5	68783.8	68513.5	68783.8	
68189.2	68108.1	68189.2	68108.1	68189.2	
67567.6	69189.2	67567.6	69189.2	67567.6	
70486.5	69675.7	70486.5	69675.7	70486.5	
68324.3	69540.5	68324.3	69540.5	68324.3	
67621.6	68189.2	67621.6	68189.2	67621.6	
68513.5	67837.8	68513.5	67837.8	68513.5	
71108.1	68513.5	71108.1	68513.5	71108.1	
66945.9	68459.5	66945.9	68459.5	66945.9	
69000	68513.5	69000	68513.5	69000	
69189.2	68243.2	69189.2	68243.2	69189.2	
69810.8	66891.9	69810.8	66891.9	69810.8	
67837.8	67756.8	67837.8	67756.8	67837.8	
67351.4	67837.8	67351.4	67837.8	67351.4	
69621.6	68459.5	69621.6	68459.5	69621.6	
69189.2	70081.1	69189.2	70081.1	69189.2	
71108.1	68189.2	71108.1	68189.2	71108.1	
67702.7	68459.5	67702.7	68459.5	67702.7	
68378.4	68243.2	68378.4	68243.2	68378.4	
67621.6	68918.9	67621.6	68918.9	67621.6	
67837.8	69756.8	67837.8	69756.8	67837.8	
69891.9	67567.6	69891.9	67567.6	69891.9	
69000	69756.8	69000	69756.8	69000	
68378.4	67621.6	68378.4	67621.6	68378.4	
68918.9	68108.1	68918.9	68108.1	68918.9	
68243.2	68513.5	68243.2	68513.5	68243.2	
68189.2	67162.2	68189.2	67162.2	68189.2	
67702.7	68513.5	67702.7	68513.5	67702.7	
67162.2	68378.4	67162.2	68378.4	67162.2	
68378.4	69756.8	68378.4	69756.8	68378.4	
67918.9	66675.7	67918.9	66675.7	67918.9	
67567.6	69810.8	67567.6	69810.8	67567.6	
68324.3	67486.5	68324.3	67486.5	68324.3	
68729.7	67567.6	68729.7	67567.6	68729.7	
68783.8	69054.1	68783.8	69054.1	68783.8	
69324.3	69270.3	69324.3	69270.3	69324.3	
67837.8	67027	67837.8	67027	67837.8	
67756.8	67918.9	67756.8	67918.9	67756.8	
68513.5	68513.5	68513.5	68513.5	68513.5	
66945.9	68864.9	66945.9	68864.9	66945.9	
68054.1	69756.8	68054.1	69756.8	68054.1	
67973	67432.4	67973	67432.4	67973	
67081.1	69324.3	67081.1	69324.3	67081.1	
67918.9	69000	67918.9	69000	67918.9	
67486.5	68054.1	67486.5	68054.1	67486.5	
68864.9	70702.7	68864.9	70702.7	68864.9	
67351.4	69405.4	67351.4	69405.4	67351.4	
66216.2	67081.1	66216.2	67081.1	66216.2	
70702.7	66486.5	70702.7	66486.5	70702.7	
67621.6	67621.6	67621.6	67621.6	67621.6	
66945.9	66810.8	66945.9	66810.8	66945.9	
69891.9	68459.5	69891.9	68459.5	69891.9	
68918.9	67973	68918.9	67973	68918.9	
68729.7	67432.4	68729.7	67432.4	68729.7	
67837.8	67567.6	67837.8	67567.6	67837.8	
67756.8	70567.6	67756.8	70567.6	67756.8	
68189.2	68378.4	68189.2	68378.4	68189.2	
65783.8	69000	65783.8	69000	65783.8	
69621.6	68054.1	69621.6	68054.1	69621.6	
68513.5	66756.8	68513.5	66756.8	68513.5	
67216.2	67567.6	67216.2	67567.6	67216.2	
67837.8	68648.6	67837.8	68648.6	67837.8	
70756.8	67973	70756.8	67973	70756.8	
70486.5	68864.9	70486.5	68864.9	70486.5	
68459.5	67973	68459.5	67973	68459.5	
67081.1	68783.8	67081.1	68783.8	67081.1	
69324.3	67973	69324.3	67973	69324.3	
68729.7	67486.5	68729.7	67486.5	68729.7	
68594.6	68729.7	68594.6	68729.7	68594.6	
67837.8	68189.2	67837.8	68189.2	67837.8	
66891.9	68189.2	66891.9	68189.2	66891.9	
66135.1	67081.1	66135.1	67081.1	66135.1	
68108.1	69405.4	68108.1	69405.4	68108.1	
68054.1	65783.8	68054.1	65783.8	68054.1	
68783.8	67837.8	68783.8	67837.8	68783.8	
67621.6	67837.8	67621.6	67837.8	67621.6	
67918.9	66351.4	67918.9	66351.4	67918.9	
67027	69270.3	67027	69270.3	67027	
68594.6	67918.9	68594.6	67918.9	68594.6	
67918.9	69324.3	67918.9	69324.3	67918.9	
67973	68648.6	67973	68648.6	67973	
68378.4	68594.6	68378.4	68594.6	68378.4	
69054.1	68783.8	69054.1	68783.8	69054.1	
67351.4	69189.2	67351.4	69189.2	67351.4	
67702.7	68729.7	67702.7	68729.7	67702.7	
68054.1	68378.4	68054.1	68378.4	68054.1	
68243.2	70351.4	68243.2	70351.4	68243.2	
67351.4	69405.4	67351.4	69405.4	67351.4	
68243.2	68783.8	68243.2	68783.8	68243.2	
68594.6	69054.1	68594.6	69054.1	68594.6	
67621.6	67567.6	67621.6	67567.6	67621.6	
67918.9	68108.1	67918.9	68108.1	67918.9	
69189.2	67621.6	69189.2	67621.6	69189.2	
69945.9	68324.3	69945.9	68324.3	69945.9	
69405.4	67351.4	69405.4	67351.4	69405.4	
68513.5	67837.8	68513.5	67837.8	68513.5	
66891.9	69621.6	66891.9	69621.6	66891.9	
67162.2	70027	67162.2	70027	67162.2	
70621.6	72675.7	70621.6	72675.7	70621.6	
67918.9	68243.2	67918.9	68243.2	67918.9	
68459.5	68783.8	68459.5	68783.8	68459.5	
68324.3	67486.5	68324.3	67486.5	68324.3	
67621.6	69324.3	67621.6	69324.3	67621.6	
65918.9	69000	65918.9	69000	65918.9	
71378.4	67756.8	71378.4	67756.8	71378.4	
66756.8	68054.1	66756.8	68054.1	66756.8	
66810.8	66540.5	66810.8	66540.5	66810.8	
69054.1	67621.6	69054.1	67621.6	69054.1	
68378.4	69054.1	68378.4	69054.1	68378.4	
67567.6	68459.5	67567.6	68459.5	67567.6	
67702.7	69000	67702.7	69000	67702.7	
66351.4	68918.9	66351.4	68918.9	66351.4	
68864.9	67297.3	68864.9	67297.3	68864.9	
67567.6	67918.9	67567.6	67918.9	67567.6	
68108.1	67297.3	68108.1	67297.3	68108.1	
68189.2	68648.6	68189.2	68648.6	68189.2	
68189.2	67162.2	68189.2	67162.2	68189.2	
67918.9	66054.1	67918.9	66054.1	67918.9	
68243.2	68783.8	68243.2	68783.8	68243.2	
67702.7	69054.1	67702.7	69054.1	67702.7	
68378.4	68108.1	68378.4	68108.1	68378.4	
65648.6	69135.1	65648.6	69135.1	65648.6	
68108.1	67918.9	68108.1	67918.9	68108.1	
67918.9	68594.6	67918.9	68594.6	67918.9	
66675.7	70756.8	66675.7	70756.8	66675.7	
66351.4	66756.8	66351.4	66756.8	66351.4	
67027	68054.1	67027	68054.1	67027	
67973	68513.5	67973	68513.5	67973	
67162.2	68054.1	67162.2	68054.1	67162.2	
68729.7	67081.1	68729.7	67081.1	68729.7	
69135.1	68783.8	69135.1	68783.8	69135.1	
68783.8	67216.2	68783.8	67216.2	68783.8	
67216.2	68594.6	67216.2	68594.6	67216.2	
68729.7	67081.1	68729.7	67081.1	68729.7	
68108.1	68243.2	68108.1	68243.2	68108.1	
69000	68054.1	69000	68054.1	69000	
68189.2	68594.6	68189.2	68594.6	68189.2	
68459.5	65864.9	68459.5	65864.9	68459.5	
67702.7	67297.3	67702.7	67297.3	67702.7	
68243.2	67081.1	68243.2	67081.1	68243.2	
67297.3	68459.5	67297.3	68459.5	67297.3	
67837.8	67756.8	67837.8	67756.8	67837.8	
68243.2	69540.5	68243.2	69540.5	68243.2	
66540.5	67973	66540.5	67973	66540.5	
67621.6	67567.6	67621.6	67567.6	67621.6	
66891.9	67837.8	66891.9	67837.8	66891.9	
68378.4	67486.5	68378.4	67486.5	68378.4	
68189.2	67432.4	68189.2	67432.4	68189.2	
68243.2	67486.5	68243.2	67486.5	68243.2	
68783.8	69621.6	68783.8	69621.6	68783.8	
67756.8	68918.9	67756.8	68918.9	67756.8	
68513.5	70621.6	68513.5	70621.6	68513.5	
69054.1	66945.9	69054.1	66945.9	69054.1	
70756.8	69675.7	70756.8	69675.7	70756.8	
66000	67621.6	66000	67621.6	66000	
68189.2	68648.6	68189.2	68648.6	68189.2	
67918.9	68783.8	67918.9	68783.8	67918.9	
70081.1	66945.9	70081.1	66945.9	70081.1	
69135.1	70081.1	69135.1	70081.1	69135.1	
67702.7	66351.4	67702.7	66351.4	67702.7	
68108.1	69459.5	68108.1	69459.5	68108.1	
66216.2	66810.8	66216.2	66810.8	66216.2	
69891.9	68189.2	69891.9	68189.2	69891.9	
70081.1	67837.8	70081.1	67837.8	70081.1	
69135.1	67216.2	69135.1	67216.2	69135.1	
67702.7	69756.8	67702.7	69756.8	67702.7	
68513.5	66486.5	68513.5	66486.5	68513.5	
69135.1	67973	69135.1	67973	69135.1	
68783.8	70432.4	68783.8	70432.4	68783.8	
69945.9	69270.3	69945.9	69270.3	69945.9	
68864.9	67027	68864.9	67027	68864.9	
68729.7	69621.6	68729.7	69621.6	68729.7	
70081.1	68189.2	70081.1	68189.2	70081.1	
70486.5	67621.6	70486.5	67621.6	70486.5	
67756.8	69621.6	67756.8	69621.6	67756.8	
68054.1	67837.8	68054.1	67837.8	68054.1	
66756.8	67756.8	66756.8	67756.8	66756.8	
66756.8	68378.4	66756.8	68378.4	66756.8	
68459.5	66351.4	68459.5	66351.4	68459.5	
69135.1	68189.2	69135.1	68189.2	69135.1	
70351.4	69621.6	70351.4	69621.6	70351.4	
67837.8	67216.2	67837.8	67216.2	67837.8	
67702.7	67297.3	67702.7	67297.3	67702.7	
67567.6	67756.8	67567.6	67756.8	67567.6	
66945.9	67027	66945.9	67027	66945.9	
77243.2	77864.9	77243.2	77864.9	77243.2	
68648.6	68729.7	68648.6	68729.7	68648.6	
66675.7	67162.2	66675.7	67162.2	66675.7	
69189.2	67486.5	69189.2	67486.5	69189.2	
69945.9	69324.3	69945.9	69324.3	69945.9	
69675.7	68729.7	69675.7	68729.7	69675.7	
67702.7	67162.2	67702.7	67162.2	67702.7	
66945.9	67918.9	66945.9	67918.9	66945.9	
67027	68324.3	67027	68324.3	67027	
67918.9	68594.6	67918.9	68594.6	67918.9	
67756.8	67702.7	67756.8	67702.7	67756.8	
69540.5	68324.3	69540.5	68324.3	69540.5	
69810.8	67973	69810.8	67973	69810.8	
68108.1	70621.6	68108.1	70621.6	68108.1	
65918.9	68729.7	65918.9	68729.7	65918.9	
68189.2	68189.2	68189.2	68189.2	68189.2	
68378.4	67918.9	68378.4	67918.9	68378.4	
68513.5	69270.3	68513.5	69270.3	68513.5	
67432.4	67973	67432.4	67973	67432.4	
67432.4	67973	67432.4	67973	67432.4	
68513.5	67702.7	68513.5	67702.7	68513.5	
66756.8	68108.1	66756.8	68108.1	66756.8	
69135.1	65918.9	69135.1	65918.9	69135.1	
67486.5	67918.9	67486.5	67918.9	67486.5	
68864.9	67081.1	68864.9	67081.1	68864.9	
68459.5	66675.7	68459.5	66675.7	68459.5	
66486.5	67837.8	66486.5	67837.8	66486.5	
68594.6	68378.4	68594.6	68378.4	68594.6	
67351.4	68243.2	67351.4	68243.2	67351.4	
68864.9	67837.8	68864.9	67837.8	68864.9	
68648.6	67081.1	68648.6	67081.1	68648.6	
69459.5	67702.7	69459.5	67702.7	69459.5	
67486.5	68108.1	67486.5	68108.1	67486.5	
68783.8	65864.9	68783.8	65864.9	68783.8	
69135.1	67432.4	69135.1	67432.4	69135.1	
67837.8	66216.2	67837.8	66216.2	67837.8	
70702.7	68189.2	70702.7	68189.2	70702.7	
68324.3	68648.6	68324.3	68648.6	68324.3	
68324.3	67216.2	68324.3	67216.2	68324.3	
67081.1	70216.2	67081.1	70216.2	67081.1	
67297.3	68108.1	67297.3	68108.1	67297.3	
69270.3	67297.3	69270.3	67297.3	69270.3	
68054.1	67837.8	68054.1	67837.8	68054.1	
69000	68729.7	69000	68729.7	69000	
68783.8	67918.9	68783.8	67918.9	68783.8	
68513.5	68108.1	68513.5	68108.1	68513.5	
67837.8	70432.4	67837.8	70432.4	67837.8	
67621.6	68918.9	67621.6	68918.9	67621.6	
67837.8	68513.5	67837.8	68513.5	67837.8	
68054.1	69054.1	68054.1	69054.1	68054.1	
69405.4	69054.1	69405.4	69054.1	69405.4	
67837.8	67486.5	67837.8	67486.5	67837.8	
68108.1	67162.2	68108.1	67162.2	68108.1	
68243.2	68594.6	68243.2	68594.6	68243.2	
69135.1	68594.6	69135.1	68594.6	69135.1	
69810.8	66540.5	69810.8	66540.5	69810.8	
66756.8	68864.9	66756.8	68864.9	66756.8	
68918.9	69405.4	68918.9	69405.4	68918.9	
67486.5	68189.2	67486.5	68189.2	67486.5	
68594.6	67918.9	68594.6	67918.9	68594.6	
68108.1	69756.8	68108.1	69756.8	68108.1	
69756.8	68189.2	69756.8	68189.2	69756.8	
67837.8	67756.8	67837.8	67756.8	67837.8	
67918.9	68918.9	67918.9	68918.9	67918.9	
66810.8	66756.8	66810.8	66756.8	66810.8	
66351.4	66891.9	66351.4	66891.9	66351.4	
68108.1	66891.9	68108.1	66891.9	68108.1	
68243.2	68324.3	68243.2	68324.3	68243.2	
68243.2	69756.8	68243.2	69756.8	68243.2	
67027	68783.8	67027	68783.8	67027	
69270.3	67918.9	69270.3	67918.9	69270.3	
67297.3	68594.6	67297.3	68594.6	67297.3	
69270.3	67918.9	69270.3	67918.9	69270.3	
69675.7	67162.2	69675.7	67162.2	69675.7	
69756.8	68054.1	69756.8	68054.1	69756.8	
68243.2	69054.1	68243.2	69054.1	68243.2	
68648.6	66675.7	68648.6	66675.7	68648.6	
69324.3	66486.5	69324.3	66486.5	69324.3	
68189.2	67216.2	68189.2	67216.2	68189.2	
68378.4	64783.8	68378.4	64783.8	68378.4	
69270.3	66945.9	69270.3	66945.9	69270.3	
69189.2	67918.9	69189.2	67918.9	69189.2	
67216.2	67027	67216.2	67027	67216.2	
68648.6	66945.9	68648.6	66945.9	68648.6	
67837.8	67351.4	67837.8	67351.4	67837.8	
67432.4	68594.6	67432.4	68594.6	67432.4	
69324.3	67162.2	69324.3	67162.2	69324.3	
69000	69324.3	69000	69324.3	69000	
67162.2	67351.4	67162.2	67351.4	67162.2	
67027	66756.8	67027	66756.8	67027	
68594.6	69000	68594.6	69000	68594.6	
66945.9	68324.3	66945.9	68324.3	66945.9	
68648.6	68729.7	68648.6	68729.7	68648.6	
69270.3	69189.2	69270.3	69189.2	69270.3	
67973	68648.6	67973	68648.6	67973	
69540.5	67567.6	69540.5	67567.6	69540.5	
67216.2	67216.2	67216.2	67216.2	67216.2	
69459.5	67027	69459.5	67027	69459.5	
67027	67702.7	67027	67702.7	67027	
67081.1	67567.6	67081.1	67567.6	67081.1	
69756.8	68783.8	69756.8	68783.8	69756.8	
68864.9	66945.9	68864.9	66945.9	68864.9	
70837.8	68648.6	70837.8	68648.6	70837.8	
69324.3	69540.5	69324.3	69540.5	69324.3	
66216.2	69189.2	66216.2	69189.2	66216.2	
67432.4	68594.6	67432.4	68594.6	67432.4	
67486.5	69135.1	67486.5	69135.1	67486.5	
70973	68648.6	70973	68648.6	70973	
68459.5	68513.5	68459.5	68513.5	68459.5	
67973	67567.6	67973	67567.6	67973	
67486.5	66540.5	67486.5	66540.5	67486.5	
68189.2	68189.2	68189.2	68189.2	68189.2	
69540.5	70837.8	69540.5	70837.8	69540.5	
70162.2	69000	70162.2	69000	70162.2	
68324.3	68783.8	68324.3	68783.8	68324.3	
69270.3	67432.4	69270.3	67432.4	69270.3	
69891.9	68918.9	69891.9	68918.9	69891.9	
68243.2	67973	68243.2	67973	68243.2	
67918.9	68648.6	67918.9	68648.6	67918.9	
66540.5	69135.1	66540.5	69135.1	66540.5	
67702.7	69000	67702.7	69000	67702.7	
67621.6	68648.6	67621.6	68648.6	67621.6	
68324.3	67918.9	68324.3	67918.9	68324.3	
66216.2	67432.4	66216.2	67432.4	66216.2	
67973	67756.8	67973	67756.8	67973	
66540.5	69459.5	66540.5	69459.5	66540.5	
67027	67837.8	67027	67837.8	67027	
68459.5	68108.1	68459.5	68108.1	68459.5	
68783.8	68189.2	68783.8	68189.2	68783.8	
68459.5	67756.8	68459.5	67756.8	68459.5	
70027	67702.7	70027	67702.7	70027	
67702.7	67837.8	67702.7	67837.8	67702.7	
66891.9	69324.3	66891.9	69324.3	66891.9	
68324.3	69459.5	68324.3	69459.5	68324.3	
67027	67216.2	67027	67216.2	67027	
66891.9	66135.1	66891.9	66135.1	66891.9	
69000	67837.8	69000	67837.8	69000	
67216.2	67081.1	67216.2	67081.1	67216.2	
67486.5	67702.7	67486.5	67702.7	67486.5	
68783.8	66945.9	68783.8	66945.9	68783.8	
66945.9	68729.7	66945.9	68729.7	66945.9	
67297.3	69189.2	67297.3	69189.2	67297.3	
68324.3	68378.4	68324.3	68378.4	68324.3	
69135.1	68324.3	69135.1	68324.3	69135.1	
70621.6	70081.1	70621.6	70081.1	70621.6	
69810.8	66216.2	69810.8	66216.2	69810.8	
68918.9	68108.1	68918.9	68108.1	68918.9	
68729.7	70432.4	68729.7	70432.4	68729.7	
67756.8	67918.9	67756.8	67918.9	67756.8	
67297.3	68108.1	67297.3	68108.1	67297.3	
68108.1	67973	68108.1	67973	68108.1	
66054.1	69189.2	66054.1	69189.2	66054.1	
67162.2	67918.9	67162.2	67918.9	67162.2	
66675.7	68243.2	66675.7	68243.2	66675.7	
66216.2	68513.5	66216.2	68513.5	66216.2	
66756.8	66810.8	66756.8	66810.8	66756.8	
69540.5	68918.9	69540.5	68918.9	69540.5	
69405.4	68243.2	69405.4	68243.2	69405.4	
67081.1	68324.3	67081.1	68324.3	67081.1	
68918.9	70621.6	68918.9	70621.6	68918.9	
67702.7	67702.7	67702.7	67702.7	67702.7	
67027	68918.9	67027	68918.9	67027	
68324.3	67216.2	68324.3	67216.2	68324.3	
67297.3	66270.3	67297.3	66270.3	67297.3	
67702.7	69459.5	67702.7	69459.5	67702.7	
69135.1	67621.6	69135.1	67621.6	69135.1	
68783.8	70162.2	68783.8	70162.2	68783.8	
69000	68054.1	69000	68054.1	69000	
68648.6	66216.2	68648.6	66216.2	68648.6	
68864.9	65918.9	68864.9	65918.9	68864.9	
66810.8	66891.9	66810.8	66891.9	66810.8	
67756.8	69405.4	67756.8	69405.4	67756.8	
68243.2	68864.9	68243.2	68864.9	68243.2	
66351.4	68513.5	66351.4	68513.5	66351.4	
67621.6	68243.2	67621.6	68243.2	67621.6	
65918.9	67756.8	65918.9	67756.8	65918.9	
68189.2	67918.9	68189.2	67918.9	68189.2	
67621.6	69135.1	67621.6	69135.1	67621.6	
66810.8	69540.5	66810.8	69540.5	66810.8	
67027	67216.2	67027	67216.2	67027	
67432.4	68189.2	67432.4	68189.2	67432.4	
68243.2	67973	68243.2	67973	68243.2	
66891.9	67756.8	66891.9	67756.8	66891.9	
69324.3	68918.9	69324.3	68918.9	69324.3	
70567.6	67918.9	70567.6	67918.9	70567.6	
67621.6	67837.8	67621.6	67837.8	67621.6	
65729.7	67756.8	65729.7	67756.8	65729.7	
68324.3	67621.6	68324.3	67621.6	68324.3	
66810.8	65918.9	66810.8	65918.9	66810.8	
70297.3	69459.5	70297.3	69459.5	70297.3	
67297.3	66621.6	67297.3	66621.6	67297.3	
66621.6	67351.4	66621.6	67351.4	66621.6	
65594.6	69891.9	65594.6	69891.9	65594.6	
68108.1	67567.6	68108.1	67567.6	68108.1	
66891.9	67297.3	66891.9	67297.3	66891.9	
67297.3	67216.2	67297.3	67216.2	67297.3	
67081.1	67973	67081.1	67973	67081.1	
67621.6	68594.6	67621.6	68594.6	67621.6	
67027	68378.4	67027	68378.4	67027	
68324.3	69891.9	68324.3	69891.9	68324.3	
69054.1	67081.1	69054.1	67081.1	69054.1	
66054.1	68459.5	66054.1	68459.5	66054.1	
67567.6	69810.8	67567.6	69810.8	67567.6	
69756.8	67027	69756.8	67027	69756.8	
68729.7	69405.4	68729.7	69405.4	68729.7	
69405.4	67702.7	69405.4	67702.7	69405.4	
67351.4	67837.8	67351.4	67837.8	67351.4	
66486.5	70027	66486.5	70027	66486.5	
70297.3	67837.8	70297.3	67837.8	70297.3	
67297.3	67216.2	67297.3	67216.2	67297.3	
66945.9	67756.8	66945.9	67756.8	66945.9	
69621.6	68108.1	69621.6	68108.1	69621.6	
68108.1	65918.9	68108.1	65918.9	68108.1	
68108.1	67432.4	68108.1	67432.4	68108.1	
67567.6	66540.5	67567.6	66540.5	67567.6	
68054.1	69270.3	68054.1	69270.3	68054.1	
68324.3	69621.6	68324.3	69621.6	68324.3	
68648.6	68243.2	68648.6	68243.2	68648.6	
67162.2	67621.6	67162.2	67621.6	67162.2	
68378.4	70027	68378.4	70027	68378.4	
67486.5	69459.5	67486.5	69459.5	67486.5	
67621.6	68054.1	67621.6	68054.1	67621.6	
67297.3	66000	67297.3	66000	67297.3	
69270.3	67162.2	69270.3	67162.2	69270.3	
67027	69189.2	67027	69189.2	67027	
69000	69621.6	69000	69621.6	69000	
67837.8	67081.1	67837.8	67081.1	67837.8	
67297.3	68918.9	67297.3	68918.9	67297.3	
67162.2	66945.9	67162.2	66945.9	67162.2	
67162.2	67567.6	67162.2	67567.6	67162.2	
68108.1	68189.2	68108.1	68189.2	68108.1	
69324.3	67027	69324.3	67027	69324.3	
68918.9	67297.3	68918.9	67297.3	68918.9	
66810.8	68864.9	66810.8	68864.9	66810.8	
67756.8	68108.1	67756.8	68108.1	67756.8	
65378.4	68513.5	65378.4	68513.5	65378.4	
69270.3	66621.6	69270.3	66621.6	69270.3	
66486.5	69054.1	66486.5	69054.1	66486.5	
69189.2	68054.1	69189.2	68054.1	69189.2	
67756.8	69756.8	67756.8	69756.8	67756.8	
67162.2	67756.8	67162.2	67756.8	67162.2	
66216.2	67081.1	66216.2	67081.1	66216.2	
68378.4	66540.5	68378.4	66540.5	68378.4	
67297.3	67351.4	67297.3	67351.4	67297.3	
68324.3	67162.2	68324.3	67162.2	68324.3	
67621.6	67351.4	67621.6	67351.4	67621.6	
68783.8	69756.8	68783.8	69756.8	68783.8	
68243.2	68918.9	68243.2	68918.9	68243.2	
67162.2	69189.2	67162.2	69189.2	67162.2	
69945.9	66945.9	69945.9	66945.9	69945.9	
69189.2	68513.5	69189.2	68513.5	69189.2	
66810.8	67432.4	66810.8	67432.4	66810.8	
66405.4	67432.4	66405.4	67432.4	66405.4	
67216.2	68648.6	67216.2	68648.6	67216.2	
69270.3	66945.9	69270.3	66945.9	69270.3	
68783.8	67621.6	68783.8	67621.6	68783.8	
66891.9	70216.2	66891.9	70216.2	66891.9	
68054.1	68459.5	68054.1	68459.5	68054.1	
67756.8	67162.2	67756.8	67162.2	67756.8	
68648.6	69000	68648.6	69000	68648.6	
68054.1	67702.7	68054.1	67702.7	68054.1	
69270.3	66810.8	69270.3	66810.8	69270.3	
69540.5	70162.2	69540.5	70162.2	69540.5	
68864.9	68729.7	68864.9	68729.7	68864.9	
70027	66621.6	70027	66621.6	70027	
67081.1	69270.3	67081.1	69270.3	67081.1	
67567.6	67297.3	67567.6	67297.3	67567.6	
68513.5	68324.3	68513.5	68324.3	68513.5	
67621.6	67973	67621.6	67973	67621.6	
68783.8	69270.3	68783.8	69270.3	68783.8	
68108.1	69054.1	68108.1	69054.1	68108.1	
67702.7	69459.5	67702.7	69459.5	67702.7	
66810.8	69000	66810.8	69000	66810.8	
66756.8	68189.2	66756.8	68189.2	66756.8	
67486.5	69054.1	67486.5	69054.1	67486.5	
68918.9	68729.7	68918.9	68729.7	68918.9	
68324.3	68513.5	68324.3	68513.5	68324.3	
69621.6	69189.2	69621.6	69189.2	69621.6	
69054.1	68648.6	69054.1	68648.6	69054.1	
68189.2	67351.4	68189.2	67351.4	68189.2	
67702.7	68378.4	67702.7	68378.4	67702.7	
67621.6	69270.3	67621.6	69270.3	67621.6	
67216.2	68648.6	67216.2	68648.6	67216.2	
68459.5	68918.9	68459.5	68918.9	68459.5	
70432.4	68378.4	70432.4	68378.4	70432.4	
67756.8	67297.3	67756.8	67297.3	67756.8	
67756.8	67297.3	67756.8	67297.3	67756.8	
67756.8	67297.3	67756.8	67297.3	67756.8	
