3400	3400	3400	3400	3400	
5.7106e+06	5.7106e+06	5.7106e+06	5.7106e+06	5.7106e+06	
416200	415200	414200	423800	415800	
425800	414800	406800	413200	415200	
412200	413200	402200	415800	402200	
404800	399200	402600	406200	414200	
404800	410800	399600	419400	417800	
408800	430000	416800	406800	409200	
412200	398600	421800	411200	422400	
414800	407200	420800	416200	415800	
425800	420400	430000	419800	426800	
421800	424800	432400	414200	410200	
423800	433400	426800	423800	419400	
436000	436000	424400	427400	430000	
441000	428400	429000	440000	432400	
433400	432000	432400	436400	424800	
438400	438000	429000	438000	429000	
437400	438400	435000	442600	434400	
440400	456600	443000	431400	452600	
444000	458200	457200	446600	448000	
437400	439400	442000	446000	456200	
450000	459600	460200	465800	460200	
469800	452000	447000	468200	461200	
525600	533800	515600	515200	526800	
655200	667400	671800	664800	668400	
701600	699600	670400	662400	686600	
684400	693600	684400	686600	700600	
692600	687600	677000	688600	690000	
704200	705200	690000	703200	702600	
700600	700600	694600	704200	698000	
690600	703600	708200	706200	729400	
737400	733800	718200	730400	731400	
722200	746000	736400	738400	711800	
772200	755600	748000	760600	749600	
754600	759600	775800	762200	753000	
751600	733800	770200	757000	748600	
756600	751000	730800	752000	749600	
753000	763200	743000	768200	762200	
760200	767600	757000	749000	728400	
746000	745400	763600	740000	751600	
746400	768200	771200	766600	771200	
786400	798000	785800	784400	776800	
795800	809000	790800	808600	808600	
812600	805000	809000	793800	800400	
827600	846400	826200	790400	809000	
820600	852800	811000	834800	802000	
805400	808000	804000	806400	816600	
826200	813600	809600	812600	807400	
803400	812600	791400	810000	828600	
803000	789800	782800	791400	760200	
763200	774200	764200	783200	749600	
775800	770600	769600	762200	750000	
775800	781800	770600	772200	768600	
770600	760200	749600	746400	761200	
729800	736400	762200	739400	737000	
786800	778200	759000	763600	741400	
784800	790400	797000	801400	795400	
847400	870600	855800	838800	831600	
876000	874000	859400	864000	850400	
863000	860000	843800	840200	835200	
824600	838800	847400	824200	832200	
815600	837800	835800	822200	808000	
824600	815000	814000	819600	807000	
808000	826200	837800	815000	812000	
844800	845400	831200	840200	842800	
868000	868000	867000	849400	877600	
895800	884600	870600	882600	884600	
891200	860000	872600	880600	883200	
883600	861400	871600	871000	864400	
902200	902200	896200	892600	895200	
911800	900800	909400	909400	919400	
905200	916800	893600	915800	906800	
944600	926000	924000	899800	934600	
966800	993000	981000	980000	941000	
1.0288e+06	1.0198e+06	1.0136e+06	996600	985000	
1.0122e+06	1.0136e+06	1.0082e+06	1.0102e+06	1.0092e+06	
1.0082e+06	1.0136e+06	1.0202e+06	996000	1.0046e+06	
1.0106e+06	1.0102e+06	1.0202e+06	1.002e+06	1.0006e+06	
989400	979400	1.0146e+06	1.0182e+06	995600	
1.0052e+06	1.0228e+06	990400	996000	995600	
1.0082e+06	990400	957800	999000	981400	
1.0072e+06	954200	996000	995000	961800	
997000	1.004e+06	1.0202e+06	986000	991000	
1.0258e+06	1.042e+06	1.0464e+06	1.0112e+06	1.0156e+06	
1.052e+06	1.0626e+06	1.0636e+06	1.0556e+06	1.056e+06	
1.0524e+06	1.0726e+06	1.0546e+06	1.063e+06	1.056e+06	
1.045e+06	1.0444e+06	1.0546e+06	1.054e+06	1.0524e+06	
1.0168e+06	1.0242e+06	1.0222e+06	1.0102e+06	1.0218e+06	
1.0408e+06	1.048e+06	1.0494e+06	1.053e+06	1.0036e+06	
1.044e+06	1.0504e+06	1.047e+06	1.042e+06	1.0298e+06	
1.0384e+06	1.0484e+06	1.0212e+06	1.0112e+06	1.0208e+06	
988000	995000	1.003e+06	979400	994000	
989000	995000	998000	1.002e+06	989400	
1.0172e+06	998600	983400	993000	967200	
961200	939600	941600	950200	932000	
929400	940600	905800	935000	921400	
934600	931000	940000	916800	904200	
956200	928000	966800	948600	957200	
962200	970800	948200	959200	956200	
981400	988000	986000	989000	986000	
1.0304e+06	1.0398e+06	1.0252e+06	1.044e+06	1.0434e+06	
1.053e+06	1.049e+06	1.0616e+06	1.054e+06	1.057e+06	
1.0556e+06	1.0878e+06	1.0702e+06	1.0772e+06	1.0712e+06	
1.0798e+06	1.0752e+06	1.0858e+06	1.0792e+06	1.0666e+06	
1.1044e+06	1.0736e+06	1.116e+06	1.1104e+06	1.114e+06	
1.1856e+06	1.1478e+06	1.1588e+06	1.167e+06	1.1508e+06	
1.1806e+06	1.1766e+06	1.1942e+06	1.2174e+06	1.1634e+06	
1.2144e+06	1.2154e+06	1.2194e+06	1.2108e+06	1.2008e+06	
1.186e+06	1.1796e+06	1.1628e+06	1.1584e+06	1.1836e+06	
1.1398e+06	1.1166e+06	1.1538e+06	1.1316e+06	1.1004e+06	
1.0878e+06	1.0868e+06	1.1014e+06	1.1044e+06	1.0862e+06	
1.1134e+06	1.0742e+06	1.0998e+06	1.1024e+06	1.0686e+06	
1.106e+06	1.1286e+06	1.1398e+06	1.1216e+06	1.1336e+06	
1.1986e+06	1.1866e+06	1.185e+06	1.1558e+06	1.1614e+06	
1.231e+06	1.2264e+06	1.225e+06	1.234e+06	1.2396e+06	
1.174e+06	1.1502e+06	1.1502e+06	1.167e+06	1.168e+06	
1.119e+06	1.0994e+06	1.1034e+06	1.1356e+06	1.106e+06	
1.0752e+06	1.0702e+06	1.0838e+06	1.0766e+06	1.0626e+06	
1.0156e+06	1.0268e+06	1.0208e+06	1.0192e+06	1.0252e+06	
996600	970800	986400	971800	986400	
962800	957200	933000	939000	970800	
964800	963800	962800	952600	984400	
1.0314e+06	1.0126e+06	1.042e+06	1.0232e+06	991000	
1.0802e+06	1.0626e+06	1.107e+06	1.056e+06	1.0702e+06	
1.1604e+06	1.182e+06	1.1956e+06	1.1776e+06	1.1724e+06	
1.1922e+06	1.2264e+06	1.177e+06	1.1962e+06	1.1962e+06	
1.2042e+06	1.2158e+06	1.1932e+06	1.2234e+06	1.1754e+06	
1.1578e+06	1.1734e+06	1.1972e+06	1.184e+06	1.178e+06	
1.2154e+06	1.1996e+06	1.1594e+06	1.168e+06	1.2072e+06	
1.2304e+06	1.2652e+06	1.225e+06	1.2108e+06	1.2214e+06	
1.2612e+06	1.243e+06	1.2416e+06	1.239e+06	1.1976e+06	
1.232e+06	1.2774e+06	1.2758e+06	1.2244e+06	1.248e+06	
1.2522e+06	1.23e+06	1.2466e+06	1.245e+06	1.2532e+06	
1.292e+06	1.2582e+06	1.233e+06	1.243e+06	1.2376e+06	
1.2622e+06	1.2576e+06	1.2496e+06	1.2556e+06	1.2406e+06	
1.2798e+06	1.2546e+06	1.2728e+06	1.2848e+06	1.2662e+06	
1.3428e+06	1.3292e+06	1.3564e+06	1.3308e+06	1.3268e+06	
1.4276e+06	1.4306e+06	1.4276e+06	1.422e+06	1.4048e+06	
1.5046e+06	1.5404e+06	1.4926e+06	1.4856e+06	1.4826e+06	
1.5002e+06	1.5026e+06	1.5036e+06	1.5056e+06	1.484e+06	
1.5168e+06	1.5062e+06	1.5062e+06	1.5374e+06	1.47e+06	
1.5718e+06	1.5566e+06	1.538e+06	1.5576e+06	1.5204e+06	
1.611e+06	1.6126e+06	1.6202e+06	1.6172e+06	1.6056e+06	
1.5858e+06	1.5596e+06	1.603e+06	1.5762e+06	1.601e+06	
1.5204e+06	1.5062e+06	1.4744e+06	1.5188e+06	1.484e+06	
1.4024e+06	1.3932e+06	1.365e+06	1.3544e+06	1.3942e+06	
1.2354e+06	1.2208e+06	1.2284e+06	1.2344e+06	1.1996e+06	
1.0948e+06	1.0682e+06	1.0702e+06	1.0586e+06	1.0646e+06	
1.065e+06	1.0722e+06	1.0404e+06	1.0278e+06	1.0324e+06	
1.1392e+06	1.1644e+06	1.1554e+06	1.1604e+06	1.1392e+06	
1.3594e+06	1.354e+06	1.3348e+06	1.3302e+06	1.3132e+06	
1.5258e+06	1.541e+06	1.479e+06	1.5274e+06	1.5042e+06	
1.6332e+06	1.6216e+06	1.6488e+06	1.611e+06	1.612e+06	
1.6998e+06	1.6942e+06	1.7078e+06	1.6852e+06	1.6454e+06	
1.5858e+06	1.6298e+06	1.6434e+06	1.6468e+06	1.606e+06	
1.4972e+06	1.4966e+06	1.489e+06	1.4836e+06	1.5102e+06	
1.302e+06	1.3116e+06	1.288e+06	1.301e+06	1.2934e+06	
1.228e+06	1.1946e+06	1.2072e+06	1.1876e+06	1.1962e+06	
1.3006e+06	1.2974e+06	1.3196e+06	1.293e+06	1.3026e+06	
1.5682e+06	1.5354e+06	1.5626e+06	1.5308e+06	1.5672e+06	
1.8334e+06	1.846e+06	1.794e+06	1.7608e+06	1.7854e+06	
1.9452e+06	1.9756e+06	1.9412e+06	1.9438e+06	1.9694e+06	
2.0718e+06	2.0632e+06	2.0784e+06	2.0688e+06	2.0324e+06	
2.22e+06	2.157e+06	2.1842e+06	2.1464e+06	2.1464e+06	
2.2114e+06	2.1862e+06	2.1464e+06	2.1818e+06	2.1484e+06	
2.206e+06	2.2164e+06	2.2154e+06	2.211e+06	2.1892e+06	
2.2124e+06	2.2498e+06	2.1922e+06	2.212e+06	2.2256e+06	
2.2548e+06	2.2704e+06	2.2648e+06	2.2522e+06	2.2544e+06	
2.34e+06	2.3204e+06	2.2634e+06	2.269e+06	2.3244e+06	
2.4252e+06	2.3692e+06	2.3858e+06	2.336e+06	2.3546e+06	
2.4478e+06	2.4136e+06	2.405e+06	2.393e+06	2.3838e+06	
2.474e+06	2.4474e+06	2.4328e+06	2.3974e+06	2.403e+06	
2.5174e+06	2.4892e+06	2.4902e+06	2.472e+06	2.4488e+06	
2.4868e+06	2.5088e+06	2.4626e+06	2.461e+06	2.4352e+06	
2.4272e+06	2.4196e+06	2.3874e+06	2.404e+06	2.3476e+06	
2.455e+06	2.4258e+06	2.4614e+06	2.4252e+06	2.4308e+06	
2.5256e+06	2.4898e+06	2.4626e+06	2.473e+06	2.4484e+06	
2.4584e+06	2.4292e+06	2.4126e+06	2.454e+06	2.406e+06	
2.4902e+06	2.4438e+06	2.46e+06	2.4282e+06	2.4162e+06	
2.4888e+06	2.5184e+06	2.462e+06	2.4478e+06	2.4236e+06	
2.4868e+06	2.4882e+06	2.4836e+06	2.4766e+06	2.4636e+06	
2.4332e+06	2.4474e+06	2.4298e+06	2.4696e+06	2.4378e+06	
2.4912e+06	2.4172e+06	2.4232e+06	2.4428e+06	2.45e+06	
2.4458e+06	2.4186e+06	2.4488e+06	2.4468e+06	2.4478e+06	
2.451e+06	2.4782e+06	2.4822e+06	2.4752e+06	2.4186e+06	
2.5054e+06	2.5154e+06	2.5512e+06	2.5084e+06	2.4796e+06	
2.528e+06	2.5592e+06	2.5436e+06	2.5502e+06	2.5134e+06	
2.6198e+06	2.641e+06	2.6288e+06	2.6118e+06	2.5972e+06	
2.6788e+06	2.6772e+06	2.645e+06	2.6782e+06	2.6444e+06	
2.8294e+06	2.7474e+06	2.7624e+06	2.7822e+06	2.7448e+06	
2.8254e+06	2.7932e+06	2.8422e+06	2.7402e+06	2.762e+06	
2.7166e+06	2.702e+06	2.7296e+06	2.6682e+06	2.7518e+06	
2.576e+06	2.5724e+06	2.5814e+06	2.5286e+06	2.5014e+06	
2.5996e+06	2.5644e+06	2.5604e+06	2.5558e+06	2.5542e+06	
2.6344e+06	2.6138e+06	2.5678e+06	2.5694e+06	2.6002e+06	
2.8098e+06	2.836e+06	2.7872e+06	2.8038e+06	2.7488e+06	
2.9056e+06	2.94e+06	2.8598e+06	2.8764e+06	2.8274e+06	
2.9716e+06	2.9142e+06	2.95e+06	2.8754e+06	2.8708e+06	
3.0346e+06	3.0534e+06	2.9696e+06	2.9898e+06	2.9122e+06	
2.9868e+06	2.9378e+06	2.9404e+06	2.9046e+06	2.899e+06	
2.9324e+06	2.9494e+06	2.8552e+06	2.892e+06	2.8956e+06	
2.9056e+06	2.8734e+06	2.836e+06	2.8074e+06	2.824e+06	
3.0482e+06	2.9722e+06	2.941e+06	2.951e+06	2.9062e+06	
3.0124e+06	3.0326e+06	3.0524e+06	2.9968e+06	2.961e+06	
3.0206e+06	2.9742e+06	2.96e+06	2.9484e+06	2.9414e+06	
3.066e+06	2.9646e+06	2.9832e+06	3.0146e+06	2.9944e+06	
3.0336e+06	2.9378e+06	2.9152e+06	2.9692e+06	2.9526e+06	
3.0422e+06	3.0074e+06	3.0594e+06	2.9808e+06	2.9944e+06	
3.073e+06	3.0468e+06	3.0584e+06	3.0558e+06	3.0312e+06	
3.1838e+06	3.1758e+06	3.1254e+06	3.1154e+06	3.1058e+06	
3.1894e+06	3.1426e+06	3.126e+06	3.1628e+06	3.1566e+06	
3.0956e+06	3.085e+06	3.0372e+06	3.1008e+06	3.0326e+06	
3.0604e+06	2.9928e+06	3.0034e+06	3.0256e+06	2.9742e+06	
3.0366e+06	3.0206e+06	3.004e+06	2.9978e+06	3.0216e+06	
3.0568e+06	3.0598e+06	3.0398e+06	3.0024e+06	2.9924e+06	
3.0462e+06	3.0452e+06	3.068e+06	2.9988e+06	2.9556e+06	
3.1456e+06	3.08e+06	3.1204e+06	3.1108e+06	3.1102e+06	
3.1754e+06	3.1102e+06	3.133e+06	3.0956e+06	3.1154e+06	
3.1608e+06	3.1234e+06	3.13e+06	3.1148e+06	3.1542e+06	
3.1284e+06	3.0886e+06	3.136e+06	3.0922e+06	3.0498e+06	
3.2186e+06	3.202e+06	3.1744e+06	3.191e+06	3.139e+06	
3.3624e+06	3.2942e+06	3.2318e+06	3.25e+06	3.2206e+06	
3.38e+06	3.3942e+06	3.3104e+06	3.2816e+06	3.315e+06	
3.4234e+06	3.431e+06	3.4248e+06	3.4264e+06	3.309e+06	
3.3618e+06	3.4274e+06	3.3956e+06	3.3326e+06	3.378e+06	
3.308e+06	3.2888e+06	3.2564e+06	3.262e+06	3.1722e+06	
3.2278e+06	3.2398e+06	3.142e+06	3.1754e+06	3.1486e+06	
3.2252e+06	3.2312e+06	3.1692e+06	3.1622e+06	3.195e+06	
3.1824e+06	3.2076e+06	3.133e+06	3.1416e+06	3.0992e+06	
3.2746e+06	3.3134e+06	3.2574e+06	3.2056e+06	3.2282e+06	
3.3678e+06	3.3644e+06	3.4228e+06	3.3416e+06	3.312e+06	
3.388e+06	3.4214e+06	3.3816e+06	3.384e+06	3.3528e+06	
3.4516e+06	3.4476e+06	3.3932e+06	3.4016e+06	3.3478e+06	
3.3966e+06	3.375e+06	3.3376e+06	3.3502e+06	3.3342e+06	
3.331e+06	3.3462e+06	3.3478e+06	3.2792e+06	3.3018e+06	
3.3956e+06	3.386e+06	3.4324e+06	3.3744e+06	3.3448e+06	
3.5418e+06	3.4304e+06	3.4582e+06	3.434e+06	3.4678e+06	
3.4294e+06	3.4374e+06	3.4254e+06	3.434e+06	3.3936e+06	
3.4456e+06	3.4244e+06	3.3926e+06	3.4294e+06	3.3406e+06	
3.3068e+06	3.3306e+06	3.2918e+06	3.2776e+06	3.2742e+06	
3.3846e+06	3.2918e+06	3.325e+06	3.3538e+06	3.3114e+06	
3.392e+06	3.3564e+06	3.3634e+06	3.3704e+06	3.3266e+06	
3.4486e+06	3.4466e+06	3.4244e+06	3.4218e+06	3.3916e+06	
3.4294e+06	3.3996e+06	3.3558e+06	3.3548e+06	3.3528e+06	
3.2948e+06	3.3174e+06	3.2772e+06	3.256e+06	3.267e+06	
3.1924e+06	3.1784e+06	3.19e+06	3.1576e+06	3.1294e+06	
3.0064e+06	2.9736e+06	2.952e+06	2.9514e+06	2.9334e+06	
2.819e+06	2.7372e+06	2.7726e+06	2.7594e+06	2.7432e+06	
2.7096e+06	2.6728e+06	2.7242e+06	2.646e+06	2.6642e+06	
2.7906e+06	2.7958e+06	2.7806e+06	2.7348e+06	2.7524e+06	
3.1778e+06	3.1536e+06	3.1294e+06	3.1758e+06	3.1506e+06	
3.5186e+06	3.5918e+06	3.4904e+06	3.5322e+06	3.4546e+06	
3.7546e+06	3.7702e+06	3.7314e+06	3.7258e+06	3.6754e+06	
3.746e+06	3.6552e+06	3.7424e+06	3.6508e+06	3.6476e+06	
3.7244e+06	3.6684e+06	3.691e+06	3.6356e+06	3.6104e+06	
3.8372e+06	3.7394e+06	3.7526e+06	3.7566e+06	3.7096e+06	
3.7414e+06	3.7596e+06	3.7716e+06	3.7278e+06	3.6508e+06	
3.6276e+06	3.5816e+06	3.501e+06	3.5192e+06	3.495e+06	
3.5766e+06	3.5312e+06	3.5338e+06	3.5332e+06	3.4572e+06	
3.7666e+06	3.7274e+06	3.7006e+06	3.6508e+06	3.6482e+06	
3.8634e+06	3.8004e+06	3.8352e+06	3.8402e+06	3.754e+06	
3.9164e+06	3.9768e+06	3.9284e+06	3.8458e+06	3.9114e+06	
4.056e+06	4.0298e+06	4.0188e+06	3.9956e+06	3.9874e+06	
4.1986e+06	4.1618e+06	4.1644e+06	4.183e+06	4.1008e+06	
4.2012e+06	4.1422e+06	4.1962e+06	4.1482e+06	4.1074e+06	
4.2476e+06	4.1986e+06	4.1266e+06	4.1866e+06	4.1282e+06	
4.173e+06	4.1558e+06	4.0924e+06	4.0944e+06	4.0858e+06	
4.0888e+06	4.113e+06	4.0238e+06	4.0666e+06	4.0384e+06	
3.9682e+06	3.9904e+06	3.9068e+06	3.9174e+06	3.8832e+06	
3.8972e+06	3.8272e+06	3.8322e+06	3.816e+06	3.8494e+06	
3.7732e+06	3.8272e+06	3.6916e+06	3.7072e+06	3.7152e+06	
3.9254e+06	3.939e+06	3.8992e+06	3.878e+06	3.8716e+06	
4.123e+06	4.1382e+06	4.115e+06	4.116e+06	4.0988e+06	
4.1638e+06	4.1438e+06	4.1008e+06	4.0918e+06	4.0626e+06	
4.2058e+06	4.1932e+06	4.1684e+06	4.0192e+06	4.063e+06	
4.0954e+06	4.1196e+06	4.119e+06	4.0394e+06	4.0354e+06	
4.2158e+06	4.2522e+06	4.2188e+06	4.2144e+06	4.1458e+06	
4.4034e+06	4.3564e+06	4.3842e+06	4.3534e+06	4.2662e+06	
4.5278e+06	4.5298e+06	4.5434e+06	4.4856e+06	4.4266e+06	
4.5586e+06	4.5546e+06	4.4824e+06	4.5298e+06	4.4482e+06	
4.7164e+06	4.6982e+06	4.6422e+06	4.6488e+06	4.536e+06	
4.7714e+06	4.6434e+06	4.7084e+06	4.5864e+06	4.5712e+06	
4.6998e+06	4.6706e+06	4.6146e+06	4.541e+06	4.5394e+06	
4.6222e+06	4.5304e+06	4.5712e+06	4.4962e+06	4.5138e+06	
4.6806e+06	4.6494e+06	4.6328e+06	4.5546e+06	4.6076e+06	
4.673e+06	4.6438e+06	4.6348e+06	4.6474e+06	4.611e+06	
4.7164e+06	4.7562e+06	4.679e+06	4.6594e+06	4.5854e+06	
4.7542e+06	4.6922e+06	4.7694e+06	4.7124e+06	4.662e+06	
4.678e+06	4.7158e+06	4.6518e+06	4.7582e+06	4.6222e+06	
4.5864e+06	4.5798e+06	4.594e+06	4.5576e+06	4.4744e+06	
4.5254e+06	4.4774e+06	4.4598e+06	4.3822e+06	4.3882e+06	
4.6126e+06	4.5606e+06	4.5848e+06	4.5728e+06	4.4936e+06	
4.7774e+06	4.7244e+06	4.665e+06	4.6528e+06	4.6226e+06	
4.801e+06	4.7472e+06	4.7114e+06	4.717e+06	4.6518e+06	
4.962e+06	4.9472e+06	4.8888e+06	4.8878e+06	4.8354e+06	
4.9372e+06	4.9558e+06	4.9216e+06	4.9382e+06	4.8848e+06	
5.0104e+06	4.9356e+06	4.9044e+06	4.845e+06	4.8632e+06	
4.9786e+06	4.9272e+06	4.966e+06	4.9256e+06	4.8258e+06	
5.0048e+06	4.9624e+06	4.9388e+06	4.8324e+06	4.8616e+06	
5.0082e+06	4.9276e+06	5.0204e+06	4.907e+06	4.8576e+06	
5.1182e+06	5.1142e+06	5.0738e+06	4.9624e+06	4.9478e+06	
5.1172e+06	5.0608e+06	5.0178e+06	4.973e+06	4.9458e+06	
5.275e+06	5.223e+06	5.1818e+06	5.1908e+06	5.147e+06	
5.4322e+06	5.3042e+06	5.2982e+06	5.2886e+06	5.2458e+06	
5.3268e+06	5.2352e+06	5.2956e+06	5.2594e+06	5.1752e+06	
5.2336e+06	5.271e+06	5.169e+06	5.1288e+06	5.1616e+06	
5.2684e+06	5.2342e+06	5.223e+06	5.2034e+06	5.1272e+06	
5.1126e+06	5.046e+06	5.091e+06	5.0652e+06	5.0576e+06	
5.046e+06	5.0124e+06	4.963e+06	4.9296e+06	4.848e+06	
4.8944e+06	4.8536e+06	4.8434e+06	4.8192e+06	4.8046e+06	
4.9428e+06	4.8858e+06	4.9388e+06	4.8994e+06	4.8682e+06	
4.9912e+06	4.9972e+06	4.9462e+06	4.8682e+06	4.855e+06	
5.1202e+06	5.1726e+06	5.094e+06	5.0682e+06	5.0542e+06	
5.0738e+06	5.0506e+06	5.0128e+06	5.0346e+06	5.0188e+06	
5.1196e+06	5.028e+06	5.035e+06	5.0734e+06	4.9972e+06	
5.0562e+06	5.0492e+06	5.0078e+06	4.9418e+06	4.9876e+06	
5.2296e+06	5.147e+06	5.1712e+06	5.1258e+06	5.0618e+06	
5.2528e+06	5.2428e+06	5.1408e+06	5.1e+06	5.1132e+06	
5.3052e+06	5.2856e+06	5.275e+06	5.229e+06	5.1882e+06	
5.2568e+06	5.2664e+06	5.2458e+06	5.1802e+06	5.1732e+06	
5.2836e+06	5.2548e+06	5.2996e+06	5.1948e+06	5.207e+06	
5.4338e+06	5.4278e+06	5.4126e+06	5.3506e+06	5.3334e+06	
5.3364e+06	5.3314e+06	5.3602e+06	5.3718e+06	5.2574e+06	
5.3032e+06	5.3294e+06	5.2568e+06	5.2186e+06	5.16e+06	
5.3032e+06	5.215e+06	5.2846e+06	5.1944e+06	5.221e+06	
5.274e+06	5.3354e+06	5.2548e+06	5.2648e+06	5.1932e+06	
5.343e+06	5.3178e+06	5.277e+06	5.2402e+06	5.2276e+06	
5.3984e+06	5.272e+06	5.3426e+06	5.2468e+06	5.1912e+06	
5.3174e+06	5.3204e+06	5.283e+06	5.2276e+06	5.2296e+06	
5.4172e+06	5.3818e+06	5.34e+06	5.3486e+06	5.281e+06	
5.3994e+06	5.3536e+06	5.3294e+06	5.2458e+06	5.2392e+06	
5.5234e+06	5.519e+06	5.4636e+06	5.4026e+06	5.3732e+06	
5.4928e+06	5.5094e+06	5.461e+06	5.404e+06	5.3814e+06	
5.6118e+06	5.5296e+06	5.53e+06	5.455e+06	5.453e+06	
5.706e+06	5.6006e+06	5.637e+06	5.574e+06	5.5664e+06	
5.6676e+06	5.5896e+06	5.5744e+06	5.597e+06	5.5118e+06	
5.657e+06	5.5654e+06	5.595e+06	5.5582e+06	5.4812e+06	
5.7024e+06	5.6652e+06	5.6762e+06	5.5684e+06	5.4862e+06	
5.6782e+06	5.5866e+06	5.584e+06	5.5916e+06	5.518e+06	
5.587e+06	5.582e+06	5.58e+06	5.4636e+06	5.4428e+06	
5.4812e+06	5.5784e+06	5.4912e+06	5.4066e+06	5.4912e+06	
5.6082e+06	5.5038e+06	5.5246e+06	5.456e+06	5.4484e+06	
5.4836e+06	5.4882e+06	5.4302e+06	5.345e+06	5.348e+06	
5.5754e+06	5.5982e+06	5.532e+06	5.5492e+06	5.5326e+06	
5.6244e+06	5.5854e+06	5.527e+06	5.5204e+06	5.519e+06	
5.8224e+06	5.7544e+06	5.7316e+06	5.6792e+06	5.6328e+06	
5.658e+06	5.5234e+06	5.58e+06	5.4488e+06	5.4958e+06	
5.6072e+06	5.6012e+06	5.5078e+06	5.468e+06	5.4988e+06	
5.6662e+06	5.7054e+06	5.585e+06	5.5956e+06	5.5054e+06	
5.7518e+06	5.7044e+06	5.7014e+06	5.6172e+06	5.5814e+06	
5.838e+06	5.7534e+06	5.8048e+06	5.6808e+06	5.6616e+06	
5.8446e+06	5.7922e+06	5.6894e+06	5.76e+06	5.6546e+06	
5.943e+06	5.957e+06	5.8904e+06	5.826e+06	5.7952e+06	
5.9514e+06	5.8622e+06	5.8844e+06	5.7852e+06	5.772e+06	
5.9066e+06	5.9696e+06	5.8774e+06	5.832e+06	5.8114e+06	
5.9626e+06	5.8648e+06	5.822e+06	5.8698e+06	5.7906e+06	
5.945e+06	5.9408e+06	6.0024e+06	5.8148e+06	5.8224e+06	
5.8012e+06	5.764e+06	5.7488e+06	5.7448e+06	5.5582e+06	
5.9248e+06	5.9334e+06	5.8788e+06	5.8476e+06	5.7382e+06	
6.017e+06	6.0326e+06	5.955e+06	5.9102e+06	5.9272e+06	
6.1864e+06	6.2112e+06	6.0936e+06	6.0412e+06	5.952e+06	
6.373e+06	6.3688e+06	6.2394e+06	6.2908e+06	6.2666e+06	
6.4052e+06	6.319e+06	6.3668e+06	6.253e+06	6.2414e+06	
6.3306e+06	6.3836e+06	6.2696e+06	6.2428e+06	6.2172e+06	
6.26e+06	6.2878e+06	6.268e+06	6.1774e+06	6.1678e+06	
6.4234e+06	6.3962e+06	6.3296e+06	6.2942e+06	6.2474e+06	
6.448e+06	6.3664e+06	6.3134e+06	6.327e+06	6.3008e+06	
6.6214e+06	6.5348e+06	6.5378e+06	6.3326e+06	6.4244e+06	
6.7748e+06	6.6738e+06	6.616e+06	6.5968e+06	6.5644e+06	
6.683e+06	6.6764e+06	6.6002e+06	6.6034e+06	6.5428e+06	
6.7434e+06	6.7238e+06	6.6492e+06	6.6346e+06	6.5372e+06	
6.7072e+06	6.6714e+06	6.6098e+06	6.5842e+06	6.5318e+06	
6.8242e+06	6.7152e+06	6.6472e+06	6.6346e+06	6.5594e+06	
6.7978e+06	6.682e+06	6.7036e+06	6.699e+06	6.6254e+06	
6.7832e+06	6.6874e+06	6.6664e+06	6.6446e+06	6.6578e+06	
6.8982e+06	6.9682e+06	6.8442e+06	6.8588e+06	6.8186e+06	
7.0938e+06	7.055e+06	6.984e+06	6.9708e+06	6.9638e+06	
7.2662e+06	7.2572e+06	7.2466e+06	7.1734e+06	7.0616e+06	
7.1624e+06	7.1396e+06	7.1628e+06	7.0918e+06	7.0248e+06	
7.2944e+06	7.2446e+06	7.243e+06	7.113e+06	7.169e+06	
7.3066e+06	7.2042e+06	7.245e+06	7.1982e+06	7.182e+06	
7.615e+06	7.5762e+06	7.431e+06	7.4286e+06	7.424e+06	
7.5108e+06	7.5636e+06	7.5026e+06	7.4644e+06	7.3792e+06	
7.596e+06	7.4824e+06	7.5132e+06	7.4084e+06	7.3836e+06	
7.7094e+06	7.6136e+06	7.6202e+06	7.5914e+06	7.5414e+06	
7.7376e+06	7.7758e+06	7.6716e+06	7.5994e+06	7.5036e+06	
7.6358e+06	7.6968e+06	7.6e+06	7.617e+06	7.4886e+06	
7.8032e+06	7.7592e+06	7.679e+06	7.6872e+06	7.674e+06	
8.0164e+06	7.9756e+06	7.968e+06	7.8642e+06	7.788e+06	
8.0204e+06	7.9796e+06	7.969e+06	7.908e+06	7.7976e+06	
8.093e+06	8.102e+06	8.0048e+06	8.0068e+06	7.8762e+06	
7.911e+06	7.8934e+06	7.9114e+06	7.797e+06	7.6862e+06	
8.034e+06	8.0608e+06	7.9428e+06	7.9388e+06	7.8838e+06	
8.0824e+06	8.0164e+06	7.9806e+06	7.969e+06	7.8822e+06	
8.043e+06	7.9982e+06	7.979e+06	7.9654e+06	7.9146e+06	
7.9524e+06	7.9336e+06	7.799e+06	7.8716e+06	7.7632e+06	
8.222e+06	8.0632e+06	8.1338e+06	8.0914e+06	7.9534e+06	
7.984e+06	7.9816e+06	8.0092e+06	7.9186e+06	7.8546e+06	
7.849e+06	7.8414e+06	7.791e+06	7.6756e+06	7.6332e+06	
7.3604e+06	7.3968e+06	7.3116e+06	7.2652e+06	7.2572e+06	
7.1236e+06	7.0328e+06	7.0086e+06	7.0378e+06	6.9516e+06	
7.1124e+06	7.0208e+06	7.0076e+06	6.9532e+06	6.868e+06	
7.291e+06	7.2028e+06	7.2552e+06	7.24e+06	7.1684e+06	
7.6448e+06	7.675e+06	7.6296e+06	7.5994e+06	7.5086e+06	
7.9418e+06	7.8904e+06	7.8782e+06	7.851e+06	7.7916e+06	
8.2094e+06	8.166e+06	8.035e+06	8.1262e+06	8.1218e+06	
8.3984e+06	8.391e+06	8.2684e+06	8.2352e+06	8.1262e+06	
8.2618e+06	8.2542e+06	8.1736e+06	8.1116e+06	8.1344e+06	
8.3904e+06	8.4308e+06	8.3456e+06	8.2196e+06	8.1136e+06	
8.5906e+06	8.592e+06	8.4782e+06	8.5502e+06	8.457e+06	
8.842e+06	8.7126e+06	8.7126e+06	8.6222e+06	8.5592e+06	
8.9882e+06	8.9016e+06	8.9606e+06	8.8774e+06	8.7716e+06	
8.8068e+06	8.8536e+06	8.8164e+06	8.8204e+06	8.7272e+06	
8.9792e+06	9.0316e+06	8.9686e+06	8.9328e+06	8.8688e+06	
8.838e+06	8.8118e+06	8.8456e+06	8.7554e+06	8.6706e+06	
8.7332e+06	8.649e+06	8.7044e+06	8.6586e+06	8.5512e+06	
8.6348e+06	8.6218e+06	8.5784e+06	8.5602e+06	8.5276e+06	
8.641e+06	8.5794e+06	8.4812e+06	8.457e+06	8.4004e+06	
8.8662e+06	8.8592e+06	8.765e+06	8.6686e+06	8.5728e+06	
9.065e+06	8.9792e+06	8.9364e+06	8.9238e+06	8.8028e+06	
9.067e+06	9.1052e+06	8.9968e+06	8.9358e+06	8.8748e+06	
9.0134e+06	8.9798e+06	8.9772e+06	8.9954e+06	8.8572e+06	
9.1616e+06	9.1248e+06	9.1406e+06	9.1072e+06	8.9812e+06	
9.3926e+06	9.2428e+06	9.2398e+06	9.1486e+06	9.0946e+06	
9.4192e+06	9.3976e+06	9.392e+06	9.3184e+06	9.2226e+06	
9.4152e+06	9.3528e+06	9.3094e+06	9.2762e+06	9.2242e+06	
9.3724e+06	9.3784e+06	9.2524e+06	9.2574e+06	9.1682e+06	
9.4234e+06	9.4308e+06	9.4188e+06	9.2742e+06	9.2252e+06	
9.454e+06	9.394e+06	9.3028e+06	9.3804e+06	9.2978e+06	
9.5338e+06	9.3588e+06	9.395e+06	9.3412e+06	9.1784e+06	
9.5246e+06	9.4814e+06	9.4748e+06	9.3794e+06	9.2408e+06	
9.6436e+06	9.5852e+06	9.4928e+06	9.44e+06	9.4182e+06	
9.5468e+06	9.5266e+06	9.3896e+06	9.318e+06	9.2494e+06	
9.393e+06	9.2842e+06	9.1702e+06	9.1486e+06	9.0902e+06	
9.2132e+06	9.1506e+06	9.1606e+06	9.0956e+06	9.0392e+06	
9.261e+06	9.1628e+06	9.1582e+06	9.0372e+06	9.026e+06	
9.5302e+06	9.3406e+06	9.251e+06	9.1894e+06	9.1582e+06	
9.373e+06	9.381e+06	9.3326e+06	9.2666e+06	9.314e+06	
9.3956e+06	9.4228e+06	9.2762e+06	9.204e+06	9.1416e+06	
9.4238e+06	9.2534e+06	9.2192e+06	9.134e+06	9.138e+06	
9.1642e+06	9.1506e+06	9.0856e+06	8.9424e+06	8.956e+06	
9.1244e+06	9.0296e+06	8.9414e+06	8.957e+06	8.881e+06	
9.088e+06	9.0084e+06	9.0176e+06	8.9454e+06	8.8652e+06	
9.0836e+06	9.0114e+06	8.955e+06	8.9546e+06	8.8314e+06	
9.0694e+06	8.9902e+06	8.9712e+06	8.8658e+06	8.7962e+06	
9.1552e+06	9.069e+06	9.0322e+06	8.9454e+06	8.9344e+06	
9.2968e+06	9.3704e+06	9.1768e+06	9.188e+06	9.1314e+06	
9.33e+06	9.3598e+06	9.2736e+06	9.2676e+06	9.147e+06	
9.3376e+06	9.3846e+06	9.2716e+06	9.255e+06	9.1632e+06	
9.3436e+06	9.2156e+06	9.207e+06	9.1884e+06	9.1244e+06	
9.2696e+06	9.1188e+06	9.0628e+06	9.087e+06	9.004e+06	
9.3538e+06	9.2322e+06	9.1728e+06	9.1974e+06	9.1682e+06	
9.4752e+06	9.3658e+06	9.3866e+06	9.316e+06	9.1606e+06	
9.5896e+06	9.5166e+06	9.5066e+06	9.4032e+06	9.3744e+06	
9.7218e+06	9.6628e+06	9.681e+06	9.5604e+06	9.5842e+06	
9.7636e+06	9.7364e+06	9.7874e+06	9.621e+06	9.558e+06	
9.9356e+06	9.8146e+06	9.7576e+06	9.7606e+06	9.634e+06	
9.696e+06	9.5222e+06	9.4844e+06	9.574e+06	9.4904e+06	
9.7268e+06	9.626e+06	9.5896e+06	9.4702e+06	9.439e+06	
9.4884e+06	9.4118e+06	9.4844e+06	9.2846e+06	9.3402e+06	
9.3976e+06	9.3678e+06	9.27e+06	9.2464e+06	9.2332e+06	
9.3684e+06	9.3956e+06	9.324e+06	9.2398e+06	9.134e+06	
9.4798e+06	9.3452e+06	9.3204e+06	9.2826e+06	9.2338e+06	
9.7278e+06	9.6946e+06	9.624e+06	9.5746e+06	9.443e+06	
9.76e+06	9.6754e+06	9.6078e+06	9.6794e+06	9.446e+06	
9.7368e+06	9.7288e+06	9.6768e+06	9.5332e+06	9.452e+06	
9.6568e+06	9.6654e+06	9.6134e+06	9.4572e+06	9.4526e+06	
9.6356e+06	9.5918e+06	9.5044e+06	9.4526e+06	9.3734e+06	
9.6758e+06	9.507e+06	9.5252e+06	9.452e+06	9.3876e+06	
9.6648e+06	9.6396e+06	9.5796e+06	9.5802e+06	9.4808e+06	
9.8972e+06	9.8912e+06	9.8956e+06	9.7862e+06	9.6936e+06	
9.7646e+06	9.7626e+06	9.7066e+06	9.5812e+06	9.5686e+06	
9.7712e+06	9.7036e+06	9.5948e+06	9.5382e+06	9.5574e+06	
9.755e+06	9.7036e+06	9.638e+06	9.5242e+06	9.5644e+06	
9.6224e+06	9.5948e+06	9.5654e+06	9.4854e+06	9.4162e+06	
9.4572e+06	9.4228e+06	9.372e+06	9.328e+06	9.2424e+06	
9.5282e+06	9.5444e+06	9.4586e+06	9.4828e+06	9.3362e+06	
9.4586e+06	9.3794e+06	9.2998e+06	9.2584e+06	9.253e+06	
9.4234e+06	9.2958e+06	9.3326e+06	9.2858e+06	9.1546e+06	
9.3744e+06	9.3814e+06	9.3608e+06	9.2646e+06	9.27e+06	
9.4672e+06	9.4278e+06	9.386e+06	9.3422e+06	9.253e+06	
9.6366e+06	9.56e+06	9.5222e+06	9.394e+06	9.3582e+06	
9.6018e+06	9.5402e+06	9.5276e+06	9.3406e+06	9.3992e+06	
9.5358e+06	9.3774e+06	9.3502e+06	9.3582e+06	9.2252e+06	
9.072e+06	9.007e+06	9.0356e+06	8.9868e+06	8.8814e+06	
8.713e+06	8.6984e+06	8.6248e+06	8.5518e+06	8.4988e+06	
8.581e+06	8.3984e+06	8.348e+06	8.4646e+06	8.3612e+06	
8.6046e+06	8.5588e+06	8.575e+06	8.5366e+06	8.3944e+06	
8.7584e+06	8.8022e+06	8.6676e+06	8.6414e+06	8.586e+06	
8.7534e+06	8.76e+06	8.7362e+06	8.6288e+06	8.5936e+06	
8.7786e+06	8.7872e+06	8.8098e+06	8.6838e+06	8.6036e+06	
9.013e+06	8.9672e+06	9.0266e+06	8.892e+06	8.8356e+06	
9.1466e+06	9.1652e+06	9.0372e+06	8.9978e+06	8.957e+06	
9.4446e+06	9.434e+06	9.2932e+06	9.2468e+06	9.2554e+06	
9.5034e+06	9.5014e+06	9.4738e+06	9.2868e+06	9.3256e+06	
9.625e+06	9.5434e+06	9.4782e+06	9.505e+06	9.3214e+06	
9.5866e+06	9.6486e+06	9.4768e+06	9.4818e+06	9.3972e+06	
9.7736e+06	9.7546e+06	9.5484e+06	9.5972e+06	9.4742e+06	
9.7642e+06	9.7874e+06	9.7006e+06	9.6108e+06	9.5086e+06	
9.9088e+06	9.81e+06	9.7938e+06	9.6088e+06	9.6582e+06	
9.8292e+06	9.6946e+06	9.7278e+06	9.7752e+06	9.5846e+06	
9.688e+06	9.6608e+06	9.5948e+06	9.5872e+06	9.4298e+06	
9.691e+06	9.6422e+06	9.6184e+06	9.4858e+06	9.503e+06	
9.682e+06	9.6058e+06	9.6018e+06	9.558e+06	9.4404e+06	
9.81e+06	9.8402e+06	9.7062e+06	9.693e+06	9.5938e+06	
1.00454e+07	1.00112e+07	9.8988e+06	9.7934e+06	9.693e+06	
1.00938e+07	1.00944e+07	1.00106e+07	9.9808e+06	9.881e+06	
1.0066e+07	1.0107e+07	1.00932e+07	9.9804e+06	9.8912e+06	
1.01996e+07	1.00988e+07	1.00838e+07	9.937e+06	9.9012e+06	
1.01376e+07	1.01276e+07	1.00606e+07	9.9502e+06	1.00282e+07	
1.01574e+07	1.00888e+07	1.0046e+07	1.00242e+07	9.8302e+06	
9.8528e+06	9.8936e+06	9.8588e+06	9.754e+06	9.7122e+06	
9.6406e+06	9.6436e+06	9.5302e+06	9.4788e+06	9.3362e+06	
9.313e+06	9.194e+06	9.1722e+06	9.1154e+06	9.068e+06	
9.382e+06	9.3174e+06	9.2746e+06	9.2086e+06	9.1364e+06	
9.456e+06	9.3654e+06	9.3018e+06	9.45e+06	9.2514e+06	
9.691e+06	9.6764e+06	9.5922e+06	9.4844e+06	9.4486e+06	
9.9502e+06	9.748e+06	9.7526e+06	9.7036e+06	9.6768e+06	
1.00606e+07	1.00162e+07	9.9304e+06	9.9334e+06	9.8272e+06	
1.02188e+07	1.01694e+07	1.01806e+07	1.00756e+07	1.00328e+07	
1.02854e+07	1.03116e+07	1.02848e+07	1.01554e+07	1.0176e+07	
1.02888e+07	1.03096e+07	1.01508e+07	1.00918e+07	1.00424e+07	
1.02824e+07	1.02264e+07	1.02048e+07	1.019e+07	1.0054e+07	
1.02516e+07	1.02818e+07	1.02138e+07	1.01972e+07	1.00192e+07	
1.04064e+07	1.0425e+07	1.0352e+07	1.02532e+07	1.0112e+07	
1.04568e+07	1.0354e+07	1.02944e+07	1.02658e+07	1.01372e+07	
1.04456e+07	1.0489e+07	1.03866e+07	1.0353e+07	1.02264e+07	
1.04674e+07	1.03922e+07	1.0368e+07	1.0234e+07	1.02092e+07	
1.02446e+07	1.02294e+07	1.01538e+07	1.00258e+07	1.00082e+07	
9.9768e+06	9.9522e+06	9.9748e+06	9.869e+06	9.746e+06	
9.8084e+06	9.8346e+06	9.8746e+06	9.7838e+06	9.6558e+06	
9.8614e+06	9.8932e+06	9.7636e+06	9.7304e+06	9.7006e+06	
1.00106e+07	9.995e+06	9.9496e+06	9.9512e+06	9.8372e+06	
9.993e+06	9.9592e+06	9.9576e+06	9.9824e+06	9.7736e+06	
1.01048e+07	1.00112e+07	9.9586e+06	9.942e+06	9.817e+06	
1.01246e+07	1.0054e+07	1.00298e+07	9.8988e+06	9.9224e+06	
1.02784e+07	1.017e+07	1.01952e+07	1.00102e+07	9.9092e+06	
1.03288e+07	1.0251e+07	1.02384e+07	1.01134e+07	1.00596e+07	
1.04436e+07	1.03172e+07	1.0306e+07	1.02572e+07	1.01186e+07	
1.03352e+07	1.03126e+07	1.02268e+07	1.01836e+07	1.00918e+07	
1.02698e+07	1.0191e+07	1.01992e+07	1.00984e+07	9.992e+06	
1.0056e+07	1.00222e+07	1.00398e+07	9.8674e+06	9.8272e+06	
1.00932e+07	9.9758e+06	1.00354e+07	9.9788e+06	9.7822e+06	
1.00016e+07	9.996e+06	1.00258e+07	9.8912e+06	9.8342e+06	
1.0127e+07	1.00176e+07	1.01018e+07	9.9744e+06	9.8104e+06	
1.02052e+07	1.01084e+07	1.00378e+07	1.00026e+07	9.938e+06	
1.0182e+07	1.01326e+07	1.00742e+07	1.00796e+07	9.9698e+06	
1.01392e+07	1.01014e+07	1.00404e+07	9.9012e+06	9.8312e+06	
1.01982e+07	1.00722e+07	1.00268e+07	1.00006e+07	9.8292e+06	
9.9612e+06	9.9996e+06	9.9668e+06	9.7782e+06	9.7454e+06	
9.8252e+06	9.7172e+06	9.7252e+06	9.6804e+06	9.5192e+06	
9.7642e+06	9.6234e+06	9.6124e+06	9.5836e+06	9.5538e+06	
9.69e+06	9.5726e+06	9.574e+06	9.4844e+06	9.4536e+06	
9.741e+06	9.5792e+06	9.5444e+06	9.4858e+06	9.4192e+06	
9.8472e+06	9.7686e+06	9.639e+06	9.555e+06	9.5318e+06	
9.9234e+06	9.7948e+06	9.7182e+06	9.7884e+06	9.6412e+06	
9.7656e+06	9.7076e+06	9.7032e+06	9.7288e+06	9.5792e+06	
9.8246e+06	9.693e+06	9.6436e+06	9.6642e+06	9.565e+06	
9.9516e+06	9.8892e+06	9.8292e+06	9.7656e+06	9.6416e+06	
9.874e+06	9.7832e+06	9.694e+06	9.7106e+06	9.557e+06	
9.936e+06	9.9052e+06	9.739e+06	9.7434e+06	9.693e+06	
9.9692e+06	9.8604e+06	9.7696e+06	9.7934e+06	9.7924e+06	
1.0053e+07	1.00056e+07	9.9396e+06	9.8428e+06	9.7662e+06	
1.00046e+07	9.8524e+06	9.8558e+06	9.7504e+06	9.6916e+06	
9.9748e+06	9.989e+06	9.9506e+06	9.881e+06	9.7258e+06	
1.0116e+07	1.0047e+07	1.00232e+07	9.9582e+06	9.8694e+06	
1.00228e+07	9.934e+06	9.8282e+06	9.8136e+06	9.7212e+06	
9.9798e+06	9.938e+06	9.9048e+06	9.811e+06	9.8402e+06	
1.00142e+07	9.819e+06	9.868e+06	9.7662e+06	9.6538e+06	
9.9062e+06	9.9052e+06	9.75e+06	9.7938e+06	9.82e+06	
9.8872e+06	9.8942e+06	9.873e+06	9.7812e+06	9.6664e+06	
9.8388e+06	9.741e+06	9.5822e+06	9.7136e+06	9.4056e+06	
9.7494e+06	9.5464e+06	9.561e+06	9.5786e+06	9.4884e+06	
9.8402e+06	9.748e+06	9.633e+06	9.577e+06	9.4434e+06	
9.8488e+06	9.684e+06	9.6568e+06	9.691e+06	9.6012e+06	
9.8392e+06	9.8044e+06	9.8534e+06	9.6108e+06	9.5624e+06	
9.7736e+06	9.7692e+06	9.7242e+06	9.7e+06	9.5392e+06	
9.816e+06	9.7818e+06	9.7924e+06	9.7494e+06	9.761e+06	
9.8746e+06	9.8604e+06	9.7928e+06	9.637e+06	9.6588e+06	
9.802e+06	9.8872e+06	9.7978e+06	9.7384e+06	9.5624e+06	
9.9244e+06	9.7736e+06	9.8156e+06	9.6618e+06	9.687e+06	
9.8846e+06	9.75e+06	9.6916e+06	9.6966e+06	9.5454e+06	
9.7232e+06	9.694e+06	9.6698e+06	9.6486e+06	9.5624e+06	
9.7928e+06	9.698e+06	9.6734e+06	9.6688e+06	9.5338e+06	
9.811e+06	9.808e+06	9.7798e+06	9.74e+06	9.6064e+06	
9.7994e+06	9.821e+06	9.6744e+06	9.5928e+06	9.6154e+06	
9.8242e+06	9.7536e+06	9.6406e+06	9.629e+06	9.5434e+06	
9.8998e+06	9.6916e+06	9.7096e+06	9.6022e+06	9.5538e+06	
9.751e+06	9.7116e+06	9.6326e+06	9.4844e+06	9.5912e+06	
9.8206e+06	9.821e+06	9.7676e+06	9.6748e+06	9.6094e+06	
9.865e+06	9.7168e+06	9.751e+06	9.6386e+06	9.626e+06	
9.7566e+06	9.812e+06	9.819e+06	9.7092e+06	9.6462e+06	
9.9304e+06	9.8936e+06	9.821e+06	9.7726e+06	9.7454e+06	
9.9748e+06	9.9138e+06	9.812e+06	9.866e+06	9.63e+06	
9.8624e+06	9.7732e+06	9.808e+06	9.7788e+06	9.6432e+06	
9.7022e+06	9.6734e+06	9.6482e+06	9.5852e+06	9.5464e+06	
9.7752e+06	9.813e+06	9.751e+06	9.5066e+06	9.6422e+06	
9.6532e+06	9.5876e+06	9.5816e+06	9.513e+06	9.3624e+06	
9.4304e+06	9.4818e+06	9.4228e+06	9.3698e+06	9.3668e+06	
9.573e+06	9.4738e+06	9.4662e+06	9.4062e+06	9.2504e+06	
9.5604e+06	9.4984e+06	9.517e+06	9.4324e+06	9.2626e+06	
9.505e+06	9.5182e+06	9.3972e+06	9.3174e+06	9.26e+06	
9.5014e+06	9.4686e+06	9.4496e+06	9.3688e+06	9.324e+06	
9.2388e+06	9.1838e+06	9.1606e+06	9.1834e+06	9.0134e+06	
9.2772e+06	9.2594e+06	9.1914e+06	9.0644e+06	9.0534e+06	
9.198e+06	9.3528e+06	9.1754e+06	9.0926e+06	9.0734e+06	
9.3508e+06	9.2162e+06	9.2524e+06	9.1814e+06	9.0558e+06	
9.3462e+06	9.2186e+06	9.2322e+06	9.2746e+06	9.1002e+06	
9.4354e+06	9.4254e+06	9.3452e+06	9.327e+06	9.195e+06	
9.501e+06	9.448e+06	9.2888e+06	9.3674e+06	9.2388e+06	
9.634e+06	9.5156e+06	9.5216e+06	9.4652e+06	9.3436e+06	
9.5408e+06	9.4656e+06	9.3962e+06	9.3028e+06	9.3008e+06	
9.453e+06	9.4274e+06	9.3548e+06	9.2166e+06	9.1244e+06	
9.5408e+06	9.4702e+06	9.4314e+06	9.2096e+06	9.2384e+06	
9.4918e+06	9.4728e+06	9.4032e+06	9.2458e+06	9.2458e+06	
9.5988e+06	9.5226e+06	9.4894e+06	9.4066e+06	9.2812e+06	
9.5262e+06	9.5338e+06	9.4192e+06	9.375e+06	9.3608e+06	
9.5428e+06	9.4954e+06	9.4662e+06	9.3174e+06	9.2322e+06	
9.4162e+06	9.3698e+06	9.3644e+06	9.2868e+06	9.1804e+06	
9.5792e+06	9.495e+06	9.4632e+06	9.4036e+06	9.2424e+06	
9.4964e+06	9.388e+06	9.3542e+06	9.2826e+06	9.2026e+06	
9.444e+06	9.3764e+06	9.3552e+06	9.2384e+06	9.208e+06	
9.4466e+06	9.321e+06	9.3014e+06	9.134e+06	9.1712e+06	
9.3638e+06	9.3296e+06	9.208e+06	9.1722e+06	9.0694e+06	
9.3204e+06	9.3044e+06	9.0922e+06	9.149e+06	9.004e+06	
9.3306e+06	9.2812e+06	9.1406e+06	9.1874e+06	9.1732e+06	
9.3436e+06	9.2868e+06	9.3134e+06	9.268e+06	9.137e+06	
9.4152e+06	9.2842e+06	9.3436e+06	9.2086e+06	9.209e+06	
9.4858e+06	9.4304e+06	9.395e+06	9.3034e+06	9.3174e+06	
9.4148e+06	9.3402e+06	9.2616e+06	9.2474e+06	9.1586e+06	
9.318e+06	9.2952e+06	9.197e+06	9.2272e+06	9.072e+06	
9.2942e+06	9.2026e+06	9.1522e+06	9.086e+06	9.0396e+06	
9.2958e+06	9.2534e+06	9.1894e+06	9.012e+06	9.0376e+06	
9.199e+06	9.249e+06	9.1718e+06	9.1884e+06	9.0322e+06	
9.2594e+06	9.207e+06	9.1688e+06	9.0206e+06	8.953e+06	
9.2706e+06	9.2398e+06	9.1396e+06	9.0992e+06	9.0144e+06	
9.1768e+06	9.0402e+06	9.1894e+06	9.0276e+06	8.9752e+06	
9.0608e+06	8.9954e+06	8.9762e+06	8.9188e+06	8.824e+06	
9.0418e+06	8.9252e+06	8.8678e+06	8.8336e+06	8.7756e+06	
9.0114e+06	9.0154e+06	8.9288e+06	8.895e+06	8.8138e+06	
9.2742e+06	9.087e+06	8.9766e+06	8.9838e+06	8.9666e+06	
9.1566e+06	9.1304e+06	9.1214e+06	9.0438e+06	8.9248e+06	
9.263e+06	9.197e+06	9.1874e+06	9.206e+06	8.9802e+06	
9.2988e+06	9.193e+06	9.1754e+06	9.0714e+06	9.0024e+06	
9.3068e+06	9.3836e+06	9.3482e+06	9.1294e+06	9.1042e+06	
9.331e+06	9.255e+06	9.2398e+06	9.1012e+06	9.0312e+06	
9.3604e+06	9.3008e+06	9.1672e+06	9.1546e+06	9.1102e+06	
9.2358e+06	9.2262e+06	9.2292e+06	9.0704e+06	9.019e+06	
9.249e+06	9.1576e+06	9.1092e+06	9.0886e+06	8.9212e+06	
9.1944e+06	9.1158e+06	9.0376e+06	8.9374e+06	8.8612e+06	
9.0654e+06	9.0916e+06	8.966e+06	8.899e+06	8.8164e+06	
9.084e+06	9.006e+06	8.961e+06	8.8874e+06	8.835e+06	
9.0508e+06	9.014e+06	8.9368e+06	8.9006e+06	8.8294e+06	
9.023e+06	9.0554e+06	8.9998e+06	8.8744e+06	8.836e+06	
9.1238e+06	9.0028e+06	8.9278e+06	8.8532e+06	8.8012e+06	
9.148e+06	9.013e+06	8.9112e+06	8.9248e+06	8.8048e+06	
9.0488e+06	8.8986e+06	8.9328e+06	8.893e+06	8.7166e+06	
8.9696e+06	9.0326e+06	8.82e+06	8.826e+06	8.7842e+06	
8.9122e+06	8.889e+06	8.8502e+06	8.8058e+06	8.7262e+06	
8.893e+06	8.775e+06	8.78e+06	8.762e+06	8.6178e+06	
8.8284e+06	8.7528e+06	8.7664e+06	8.6938e+06	8.528e+06	
8.8174e+06	8.8008e+06	8.714e+06	8.6676e+06	8.5956e+06	
8.9126e+06	8.9232e+06	8.821e+06	8.7242e+06	8.6908e+06	
8.9242e+06	8.827e+06	8.841e+06	8.8158e+06	8.658e+06	
8.9892e+06	8.89e+06	8.7906e+06	8.719e+06	8.7054e+06	
8.957e+06	8.903e+06	8.903e+06	8.8688e+06	8.706e+06	
9.01e+06	8.8708e+06	8.8104e+06	8.8506e+06	8.7266e+06	
8.9258e+06	8.9328e+06	8.9586e+06	8.8234e+06	8.714e+06	
9.0684e+06	8.9314e+06	8.9122e+06	8.8138e+06	8.6772e+06	
8.9248e+06	8.9868e+06	8.9524e+06	8.8704e+06	8.7594e+06	
9.0366e+06	8.9298e+06	8.9288e+06	8.8824e+06	8.7842e+06	
9.0014e+06	9.069e+06	8.9338e+06	8.8996e+06	8.8224e+06	
8.9696e+06	8.9056e+06	8.7922e+06	8.7992e+06	8.7034e+06	
8.9672e+06	8.9692e+06	8.9414e+06	8.7978e+06	8.8118e+06	
8.948e+06	8.881e+06	8.8456e+06	8.8512e+06	8.7262e+06	
8.9484e+06	8.9344e+06	8.826e+06	8.7926e+06	8.71e+06	
8.9388e+06	8.9676e+06	8.8062e+06	8.8012e+06	8.6132e+06	
8.8754e+06	8.766e+06	8.7504e+06	8.8094e+06	8.6496e+06	
8.7644e+06	8.7856e+06	8.6716e+06	8.6274e+06	8.5254e+06	
8.6832e+06	8.595e+06	8.5804e+06	8.4796e+06	8.411e+06	
8.64e+06	8.6006e+06	8.5326e+06	8.5128e+06	8.41e+06	
8.582e+06	8.5496e+06	8.4862e+06	8.3798e+06	8.3294e+06	
8.6178e+06	8.6112e+06	8.3748e+06	8.4392e+06	8.3718e+06	
8.6864e+06	8.6062e+06	8.534e+06	8.4716e+06	8.3874e+06	
8.4782e+06	8.6086e+06	8.5296e+06	8.3944e+06	8.3984e+06	
8.5582e+06	8.476e+06	8.406e+06	8.415e+06	8.288e+06	
8.5214e+06	8.4156e+06	8.3656e+06	8.3748e+06	8.3082e+06	
8.3172e+06	8.3032e+06	8.2714e+06	8.2794e+06	8.1206e+06	
8.1166e+06	8.094e+06	7.9932e+06	7.966e+06	7.9462e+06	
7.8284e+06	7.856e+06	7.7946e+06	7.733e+06	7.6766e+06	
7.7462e+06	7.541e+06	7.5944e+06	7.5142e+06	7.5172e+06	
7.5748e+06	7.5178e+06	7.536e+06	7.4478e+06	7.2994e+06	
7.5592e+06	7.6106e+06	7.5536e+06	7.5636e+06	7.4346e+06	
7.736e+06	7.5898e+06	7.6454e+06	7.6044e+06	7.4824e+06	
7.8168e+06	7.7562e+06	7.792e+06	7.6422e+06	7.6494e+06	
7.8082e+06	7.8242e+06	7.7966e+06	7.7002e+06	7.6654e+06	
7.9514e+06	7.9024e+06	7.9136e+06	7.8032e+06	7.7068e+06	
7.9554e+06	7.9156e+06	7.8348e+06	7.7442e+06	7.723e+06	
7.9946e+06	7.8652e+06	7.8918e+06	7.8318e+06	7.782e+06	
7.9544e+06	7.92e+06	7.8672e+06	7.851e+06	7.797e+06	
7.8994e+06	7.9468e+06	7.8122e+06	7.7688e+06	7.7536e+06	
8.0124e+06	7.9024e+06	7.9262e+06	7.8666e+06	7.8136e+06	
7.972e+06	7.9684e+06	7.9282e+06	7.795e+06	7.7562e+06	
7.9392e+06	7.8918e+06	7.8616e+06	7.8168e+06	7.725e+06	
7.8484e+06	7.7688e+06	7.8052e+06	7.7406e+06	7.7316e+06	
7.8756e+06	7.8308e+06	7.7592e+06	7.7558e+06	7.6736e+06	
7.8324e+06	7.7884e+06	7.796e+06	7.7572e+06	7.6402e+06	
7.7496e+06	7.7486e+06	7.6872e+06	7.6034e+06	7.5258e+06	
7.8076e+06	7.8042e+06	7.798e+06	7.658e+06	7.6444e+06	
7.849e+06	7.784e+06	7.783e+06	7.7144e+06	7.6716e+06	
7.9262e+06	7.8626e+06	7.7652e+06	7.6948e+06	7.6448e+06	
7.9034e+06	7.7738e+06	7.7864e+06	7.7038e+06	7.6292e+06	
7.863e+06	7.8252e+06	7.8006e+06	7.7598e+06	7.6736e+06	
7.9004e+06	7.9216e+06	7.863e+06	7.7386e+06	7.6544e+06	
7.8404e+06	7.73e+06	7.6872e+06	7.7104e+06	7.6538e+06	
7.7548e+06	7.6906e+06	7.7148e+06	7.6342e+06	7.5858e+06	
7.8172e+06	7.7472e+06	7.7386e+06	7.7214e+06	7.5944e+06	
7.8162e+06	7.668e+06	7.7254e+06	7.7028e+06	7.548e+06	
7.7874e+06	7.7346e+06	7.7486e+06	7.6266e+06	7.6242e+06	
7.8178e+06	7.7728e+06	7.6928e+06	7.661e+06	7.5198e+06	
7.784e+06	7.7592e+06	7.7442e+06	7.5918e+06	7.5152e+06	
7.7416e+06	7.7048e+06	7.7264e+06	7.6554e+06	7.6564e+06	
7.739e+06	7.677e+06	7.7028e+06	7.605e+06	7.5466e+06	
7.8188e+06	7.8142e+06	7.6458e+06	7.5928e+06	7.496e+06	
7.6756e+06	7.674e+06	7.5708e+06	7.488e+06	7.5728e+06	
7.6524e+06	7.6484e+06	7.6146e+06	7.474e+06	7.4296e+06	
7.6948e+06	7.6262e+06	7.5248e+06	7.5622e+06	7.4236e+06	
7.605e+06	7.603e+06	7.479e+06	7.4976e+06	7.4542e+06	
7.5692e+06	7.5162e+06	7.538e+06	7.4996e+06	7.416e+06	
7.6338e+06	7.5752e+06	7.5318e+06	7.551e+06	7.4402e+06	
7.6786e+06	7.6464e+06	7.5686e+06	7.5158e+06	7.5238e+06	
7.7612e+06	7.7512e+06	7.7678e+06	7.6766e+06	7.7114e+06	
7.7316e+06	7.6992e+06	7.7038e+06	7.6644e+06	7.555e+06	
7.7134e+06	7.67e+06	7.733e+06	7.615e+06	7.5318e+06	
7.7466e+06	7.7476e+06	7.6776e+06	7.5642e+06	7.4804e+06	
7.8238e+06	7.741e+06	7.7194e+06	7.596e+06	7.492e+06	
7.7916e+06	7.7854e+06	7.6948e+06	7.6312e+06	7.5182e+06	
7.6916e+06	7.6686e+06	7.6024e+06	7.5646e+06	7.6306e+06	
7.6706e+06	7.667e+06	7.5788e+06	7.6508e+06	7.478e+06	
7.678e+06	7.607e+06	7.6014e+06	7.5616e+06	7.5198e+06	
7.7108e+06	7.6664e+06	7.608e+06	7.5526e+06	7.4986e+06	
7.7492e+06	7.6222e+06	7.6262e+06	7.5188e+06	7.4926e+06	
7.664e+06	7.5616e+06	7.5676e+06	7.545e+06	7.4598e+06	
7.6756e+06	7.5898e+06	7.67e+06	7.477e+06	7.5006e+06	
7.6378e+06	7.536e+06	7.4764e+06	7.5052e+06	7.3762e+06	
7.5374e+06	7.5022e+06	7.4698e+06	7.5218e+06	7.3888e+06	
7.5496e+06	7.5918e+06	7.5264e+06	7.4422e+06	7.3766e+06	
7.5228e+06	7.5042e+06	7.3752e+06	7.4038e+06	7.426e+06	
7.6266e+06	7.488e+06	7.428e+06	7.3418e+06	7.2668e+06	
7.5652e+06	7.4356e+06	7.4512e+06	7.4104e+06	7.3388e+06	
7.5012e+06	7.4532e+06	7.3736e+06	7.3782e+06	7.3328e+06	
7.4668e+06	7.4488e+06	7.423e+06	7.2616e+06	7.1796e+06	
7.4614e+06	7.3686e+06	7.3444e+06	7.2868e+06	7.2254e+06	
7.4204e+06	7.431e+06	7.3958e+06	7.3752e+06	7.2658e+06	
7.4856e+06	7.3868e+06	7.4124e+06	7.3398e+06	7.295e+06	
7.4416e+06	7.4024e+06	7.3626e+06	7.362e+06	7.2062e+06	
7.4688e+06	7.3448e+06	7.2834e+06	7.2622e+06	7.2294e+06	
7.4396e+06	7.3832e+06	7.358e+06	7.289e+06	7.1816e+06	
7.4658e+06	7.3902e+06	7.2708e+06	7.2284e+06	7.1926e+06	
7.3972e+06	7.3268e+06	7.2572e+06	7.3216e+06	7.2234e+06	
7.3836e+06	7.3752e+06	7.2228e+06	7.2218e+06	7.1134e+06	
7.2652e+06	7.2738e+06	7.1786e+06	7.2032e+06	7.124e+06	
7.2818e+06	7.2102e+06	7.1916e+06	7.176e+06	7.054e+06	
7.3132e+06	7.234e+06	7.183e+06	7.2032e+06	7.0828e+06	
7.4058e+06	7.2878e+06	7.243e+06	7.1906e+06	7.118e+06	
7.3142e+06	7.2828e+06	7.235e+06	7.167e+06	7.1094e+06	
7.2632e+06	7.1512e+06	7.0736e+06	7.0696e+06	7.001e+06	
7.2148e+06	7.1406e+06	7.1366e+06	7.0418e+06	6.9748e+06	
7.0682e+06	7.0388e+06	7.0404e+06	6.997e+06	6.8946e+06	
7.0872e+06	7.0656e+06	6.984e+06	6.9366e+06	6.8094e+06	
7.123e+06	6.9864e+06	6.9598e+06	6.881e+06	6.9188e+06	
7.0656e+06	7.0156e+06	7.0072e+06	6.9426e+06	6.8378e+06	
7.1604e+06	7.1704e+06	7.0282e+06	6.983e+06	6.99e+06	
7.25e+06	7.0902e+06	7.1206e+06	7.117e+06	7.0182e+06	
7.183e+06	7.118e+06	7.1438e+06	7.0796e+06	7.0072e+06	
7.1396e+06	7.0832e+06	7.0026e+06	7.052e+06	6.9526e+06	
7.1976e+06	7.0828e+06	7.0384e+06	7.0444e+06	6.9052e+06	
7.2208e+06	7.1472e+06	7.1134e+06	7.0878e+06	7.0156e+06	
7.2426e+06	7.1866e+06	7.1522e+06	7.053e+06	7.0046e+06	
7.2854e+06	7.249e+06	7.1154e+06	7.0818e+06	7.0786e+06	
7.2384e+06	7.1538e+06	7.1266e+06	6.9244e+06	6.993e+06	
7.2274e+06	7.1458e+06	7.1518e+06	7.0682e+06	6.93e+06	
7.228e+06	7.2324e+06	7.1034e+06	7.1594e+06	7.0566e+06	
7.1386e+06	7.0142e+06	7.0192e+06	7.0238e+06	6.922e+06	
7.0212e+06	7.0646e+06	7.0682e+06	6.9728e+06	7.0166e+06	
7.1396e+06	7.0268e+06	6.996e+06	6.8578e+06	6.861e+06	
7.116e+06	7.0046e+06	7.0026e+06	6.9476e+06	6.9158e+06	
6.9864e+06	6.9844e+06	6.9894e+06	6.9068e+06	6.8422e+06	
6.9346e+06	6.9078e+06	6.9032e+06	6.8246e+06	6.7858e+06	
6.9688e+06	6.932e+06	6.8952e+06	6.8912e+06	6.7706e+06	
7.0268e+06	6.9018e+06	6.7938e+06	6.7822e+06	6.7294e+06	
6.87e+06	6.806e+06	6.7898e+06	6.678e+06	6.6538e+06	
6.8322e+06	6.82e+06	6.7772e+06	6.7128e+06	6.6996e+06	
6.8044e+06	6.7576e+06	6.681e+06	6.7202e+06	6.6472e+06	
6.7752e+06	6.7102e+06	6.7384e+06	6.6154e+06	6.6104e+06	
6.7202e+06	6.7374e+06	6.624e+06	6.569e+06	6.5554e+06	
6.7198e+06	6.6834e+06	6.6684e+06	6.563e+06	6.569e+06	
6.6644e+06	6.739e+06	6.6572e+06	6.5866e+06	6.5176e+06	
6.698e+06	6.7066e+06	6.6684e+06	6.5992e+06	6.5226e+06	
6.76e+06	6.689e+06	6.6538e+06	6.6054e+06	6.5766e+06	
6.684e+06	6.616e+06	6.5634e+06	6.5518e+06	6.493e+06	
6.6022e+06	6.562e+06	6.5604e+06	6.443e+06	6.3996e+06	
6.6138e+06	6.4838e+06	6.4188e+06	6.4178e+06	6.3024e+06	
6.6044e+06	6.5896e+06	6.4384e+06	6.3966e+06	6.321e+06	
6.437e+06	6.4142e+06	6.3916e+06	6.3886e+06	6.3068e+06	
6.4854e+06	6.5282e+06	6.4234e+06	6.3488e+06	6.3256e+06	
6.5424e+06	6.4254e+06	6.3804e+06	6.3548e+06	6.315e+06	
6.4456e+06	6.3492e+06	6.373e+06	6.3462e+06	6.2262e+06	
6.3952e+06	6.3588e+06	6.3558e+06	6.2408e+06	6.2322e+06	
6.4142e+06	6.4072e+06	6.309e+06	6.3246e+06	6.2574e+06	
6.384e+06	6.4742e+06	6.331e+06	6.322e+06	6.263e+06	
6.4078e+06	6.3048e+06	6.3164e+06	6.2686e+06	6.1154e+06	
6.3896e+06	6.4036e+06	6.3552e+06	6.249e+06	6.19e+06	
6.3594e+06	6.312e+06	6.1784e+06	6.145e+06	6.1406e+06	
6.256e+06	6.2636e+06	6.2514e+06	6.1808e+06	6.137e+06	
6.3366e+06	6.2192e+06	6.2424e+06	6.0886e+06	6.1682e+06	
6.2726e+06	6.312e+06	6.2716e+06	6.2302e+06	6.2414e+06	
6.2898e+06	6.2848e+06	6.323e+06	6.2468e+06	6.209e+06	
6.2122e+06	6.2186e+06	6.2742e+06	6.1758e+06	6.1572e+06	
6.2544e+06	6.2892e+06	6.2318e+06	6.1068e+06	6.1092e+06	
6.1638e+06	6.2458e+06	6.2302e+06	6.1778e+06	6.126e+06	
6.2806e+06	6.2288e+06	6.1924e+06	6.1154e+06	6.0906e+06	
6.3276e+06	6.2524e+06	6.2474e+06	6.126e+06	6.1148e+06	
6.2998e+06	6.2418e+06	6.1828e+06	6.072e+06	6.1154e+06	
6.1566e+06	6.1118e+06	6.08e+06	6.0608e+06	6.075e+06	
6.195e+06	6.198e+06	6.1476e+06	6.069e+06	6.0634e+06	
6.1294e+06	6.1512e+06	6.0524e+06	6.065e+06	5.944e+06	
6.2338e+06	6.1254e+06	6.0554e+06	6.0744e+06	5.9832e+06	
6.1542e+06	6.1022e+06	6.1794e+06	6.0836e+06	5.9782e+06	
6.0936e+06	6.126e+06	6.014e+06	6.1012e+06	6.0346e+06	
6.1098e+06	6.1678e+06	6.197e+06	6.1102e+06	6.0574e+06	
6.203e+06	6.1334e+06	6.0518e+06	5.9924e+06	6.0376e+06	
6.1406e+06	6.1134e+06	5.9918e+06	5.9822e+06	6.011e+06	
6.0786e+06	6.137e+06	6.07e+06	6.0312e+06	5.9258e+06	
6.14e+06	6.1512e+06	6.0892e+06	6.0518e+06	5.9188e+06	
6.0472e+06	6.0922e+06	5.9888e+06	5.9082e+06	5.8366e+06	
6.129e+06	5.9712e+06	5.9404e+06	5.9812e+06	5.8668e+06	
5.9756e+06	5.9914e+06	5.946e+06	5.8078e+06	5.7832e+06	
6.0448e+06	5.8814e+06	5.8486e+06	5.8668e+06	5.827e+06	
6.009e+06	5.8864e+06	5.842e+06	5.76e+06	5.761e+06	
5.9696e+06	5.8446e+06	5.8688e+06	5.8304e+06	5.707e+06	
5.839e+06	5.8728e+06	5.7892e+06	5.758e+06	5.7272e+06	
5.7776e+06	5.7862e+06	5.7484e+06	5.7226e+06	5.5844e+06	
5.841e+06	5.7242e+06	5.7796e+06	5.7806e+06	5.6778e+06	
5.9122e+06	5.8194e+06	5.7266e+06	5.7372e+06	5.6914e+06	
5.8098e+06	5.7422e+06	5.703e+06	5.6848e+06	5.6178e+06	
5.824e+06	5.825e+06	5.8064e+06	5.7464e+06	5.6692e+06	
5.7822e+06	5.7564e+06	5.7796e+06	5.6742e+06	5.6162e+06	
5.7372e+06	5.6434e+06	5.7146e+06	5.588e+06	5.6696e+06	
5.7932e+06	5.7468e+06	5.776e+06	5.6046e+06	5.6384e+06	
5.7438e+06	5.7292e+06	5.6874e+06	5.6258e+06	5.5936e+06	
5.7286e+06	5.7212e+06	5.6152e+06	5.6112e+06	5.579e+06	
5.6928e+06	5.6476e+06	5.6168e+06	5.5674e+06	5.5562e+06	
5.7296e+06	5.6122e+06	5.5876e+06	5.523e+06	5.4912e+06	
5.6046e+06	5.5916e+06	5.5508e+06	5.5406e+06	5.4322e+06	
5.6324e+06	5.5926e+06	5.4438e+06	5.524e+06	5.4524e+06	
5.4998e+06	5.5684e+06	5.469e+06	5.4368e+06	5.3632e+06	
5.4434e+06	5.4328e+06	5.465e+06	5.3234e+06	5.2976e+06	
5.4498e+06	5.4262e+06	5.4514e+06	5.3384e+06	5.288e+06	
5.3964e+06	5.4e+06	5.2784e+06	5.343e+06	5.2094e+06	
5.3858e+06	5.336e+06	5.3682e+06	5.1706e+06	5.2034e+06	
5.2836e+06	5.3068e+06	5.3244e+06	5.2608e+06	5.213e+06	
5.3048e+06	5.3112e+06	5.2458e+06	5.2628e+06	5.1832e+06	
5.329e+06	5.2638e+06	5.2048e+06	5.1838e+06	5.1302e+06	
5.2982e+06	5.1782e+06	5.1928e+06	5.209e+06	5.0536e+06	
5.2458e+06	5.1852e+06	5.152e+06	5.1428e+06	5.0698e+06	
5.156e+06	5.1646e+06	5.1576e+06	5.0874e+06	5.0934e+06	
5.228e+06	5.1954e+06	5.1142e+06	5.1408e+06	5.1242e+06	
5.2976e+06	5.21e+06	5.2144e+06	5.1232e+06	5.0824e+06	
5.2312e+06	5.3194e+06	5.2074e+06	5.2014e+06	5.1278e+06	
5.2966e+06	5.2866e+06	5.1186e+06	5.1374e+06	5.1036e+06	
5.2034e+06	5.16e+06	5.1394e+06	5.1368e+06	5.043e+06	
5.1978e+06	5.1606e+06	5.1438e+06	5.1192e+06	5.1086e+06	
5.2598e+06	5.1504e+06	5.168e+06	5.1202e+06	5.0244e+06	
5.1792e+06	5.2406e+06	5.1636e+06	5.098e+06	5.1278e+06	
5.2382e+06	5.1918e+06	5.1504e+06	5.1514e+06	5.0522e+06	
5.2614e+06	5.1712e+06	5.1576e+06	5.1534e+06	5.0652e+06	
5.1776e+06	5.1852e+06	5.1208e+06	5.1464e+06	5.0194e+06	
5.1878e+06	5.1258e+06	5.1428e+06	5.0178e+06	5.0154e+06	
5.1192e+06	5.0522e+06	5.096e+06	5.045e+06	4.9998e+06	
5.084e+06	5.0254e+06	5.0824e+06	5.0506e+06	5.0254e+06	
5.0088e+06	5.0234e+06	5.0798e+06	4.969e+06	4.8686e+06	
5.0032e+06	4.8872e+06	4.8994e+06	4.8768e+06	4.8274e+06	
4.7714e+06	4.7768e+06	4.7642e+06	4.7552e+06	4.6358e+06	
4.5496e+06	4.5304e+06	4.5218e+06	4.535e+06	4.476e+06	
4.4886e+06	4.4582e+06	4.4538e+06	4.4144e+06	4.3212e+06	
4.5228e+06	4.4562e+06	4.4724e+06	4.413e+06	4.4034e+06	
4.536e+06	4.5274e+06	4.5576e+06	4.483e+06	4.4784e+06	
4.6338e+06	4.5834e+06	4.5374e+06	4.5772e+06	4.5138e+06	
4.6952e+06	4.6444e+06	4.6634e+06	4.6418e+06	4.5526e+06	
4.8636e+06	4.8504e+06	4.7824e+06	4.8142e+06	4.66e+06	
4.792e+06	4.8404e+06	4.7658e+06	4.7936e+06	4.7704e+06	
4.9216e+06	4.8848e+06	4.8132e+06	4.8182e+06	4.8162e+06	
4.9704e+06	4.8414e+06	4.904e+06	4.8726e+06	4.84e+06	
5.0092e+06	4.8988e+06	4.8924e+06	4.8586e+06	4.8298e+06	
4.9594e+06	4.8984e+06	4.9126e+06	4.846e+06	4.8978e+06	
5.0628e+06	4.9236e+06	4.9296e+06	4.8978e+06	4.845e+06	
4.9558e+06	4.8782e+06	4.8768e+06	4.8994e+06	4.8772e+06	
4.908e+06	4.922e+06	4.9302e+06	4.8884e+06	4.8696e+06	
4.911e+06	4.8842e+06	4.921e+06	4.843e+06	4.8526e+06	
4.9598e+06	4.9442e+06	4.9302e+06	4.8908e+06	4.8636e+06	
4.981e+06	4.964e+06	4.9368e+06	4.8334e+06	4.8682e+06	
4.967e+06	4.9786e+06	4.9478e+06	4.8662e+06	4.8832e+06	
5.0168e+06	5.0178e+06	4.92e+06	4.91e+06	4.8736e+06	
4.985e+06	4.9594e+06	4.9286e+06	4.852e+06	4.8238e+06	
4.9418e+06	4.8888e+06	4.8908e+06	4.8278e+06	4.782e+06	
4.917e+06	4.852e+06	4.8394e+06	4.8242e+06	4.7758e+06	
4.913e+06	4.8676e+06	4.861e+06	4.7688e+06	4.7542e+06	
4.8888e+06	4.8288e+06	4.8072e+06	4.8474e+06	4.7204e+06	
4.9442e+06	4.8782e+06	4.8294e+06	4.8142e+06	4.7386e+06	
4.8994e+06	4.8692e+06	4.7896e+06	4.8404e+06	4.7492e+06	
4.8702e+06	4.8566e+06	4.8172e+06	4.7956e+06	4.726e+06	
4.9548e+06	4.8172e+06	4.8056e+06	4.8294e+06	4.7522e+06	
4.8924e+06	4.8682e+06	4.8192e+06	4.778e+06	4.7618e+06	
4.905e+06	4.8596e+06	4.8374e+06	4.7874e+06	4.7416e+06	
4.8248e+06	4.8258e+06	4.7748e+06	4.74e+06	4.7194e+06	
4.8394e+06	4.861e+06	4.8314e+06	4.7306e+06	4.7452e+06	
4.903e+06	4.8152e+06	4.7114e+06	4.7708e+06	4.7088e+06	
4.8192e+06	4.8494e+06	4.791e+06	4.7714e+06	4.6766e+06	
4.8378e+06	4.789e+06	4.7346e+06	4.7658e+06	4.6402e+06	
4.8762e+06	4.7516e+06	4.7738e+06	4.722e+06	4.7158e+06	
4.8182e+06	4.739e+06	4.7274e+06	4.7244e+06	4.659e+06	
4.855e+06	4.792e+06	4.7028e+06	4.7578e+06	4.6478e+06	
4.8484e+06	4.8232e+06	4.7476e+06	4.6892e+06	4.7074e+06	
4.8052e+06	4.8062e+06	4.7234e+06	4.7412e+06	4.673e+06	
4.7708e+06	4.7572e+06	4.72e+06	4.6524e+06	4.6412e+06	
4.7038e+06	4.6992e+06	4.7684e+06	4.6368e+06	4.6232e+06	
4.7532e+06	4.7048e+06	4.659e+06	4.6716e+06	4.5924e+06	
4.7108e+06	4.7406e+06	4.6212e+06	4.6644e+06	4.6e+06	
4.7002e+06	4.6686e+06	4.5898e+06	4.6448e+06	4.5334e+06	
4.7396e+06	4.679e+06	4.604e+06	4.5924e+06	4.5414e+06	
4.6584e+06	4.6332e+06	4.6372e+06	4.7078e+06	4.5818e+06	
4.6066e+06	4.6156e+06	4.5858e+06	4.5476e+06	4.5334e+06	
4.6882e+06	4.6246e+06	4.5908e+06	4.5622e+06	4.541e+06	
4.6488e+06	4.6186e+06	4.6086e+06	4.5698e+06	4.5592e+06	
4.6948e+06	4.7008e+06	4.5884e+06	4.5908e+06	4.5732e+06	
4.7386e+06	4.6202e+06	4.6614e+06	4.5586e+06	4.544e+06	
4.608e+06	4.6166e+06	4.5924e+06	4.5772e+06	4.5076e+06	
4.6246e+06	4.6282e+06	4.5908e+06	4.5576e+06	4.5208e+06	
4.5606e+06	4.611e+06	4.608e+06	4.546e+06	4.4946e+06	
4.551e+06	4.5622e+06	4.5364e+06	4.5314e+06	4.4684e+06	
4.6044e+06	4.6096e+06	4.5022e+06	4.5898e+06	4.492e+06	
4.5652e+06	4.5778e+06	4.5284e+06	4.4582e+06	4.4204e+06	
4.5918e+06	4.552e+06	4.5374e+06	4.5682e+06	4.4946e+06	
4.5496e+06	4.5132e+06	4.425e+06	4.5364e+06	4.4068e+06	
4.5752e+06	4.5616e+06	4.4478e+06	4.5036e+06	4.4028e+06	
4.5294e+06	4.5088e+06	4.5606e+06	4.4694e+06	4.4416e+06	
4.5834e+06	4.5248e+06	4.5596e+06	4.4704e+06	4.4926e+06	
4.5582e+06	4.495e+06	4.4352e+06	4.4456e+06	4.413e+06	
4.5098e+06	4.4906e+06	4.482e+06	4.4708e+06	4.4054e+06	
4.4572e+06	4.4734e+06	4.4436e+06	4.4276e+06	4.3782e+06	
4.5046e+06	4.5026e+06	4.4366e+06	4.4638e+06	4.372e+06	
4.4684e+06	4.5128e+06	4.4644e+06	4.3524e+06	4.3796e+06	
4.486e+06	4.4502e+06	4.476e+06	4.4446e+06	4.3972e+06	
4.4972e+06	4.429e+06	4.3732e+06	4.4058e+06	4.3912e+06	
4.4628e+06	4.4194e+06	4.4366e+06	4.4356e+06	4.3686e+06	
4.4886e+06	4.4876e+06	4.4392e+06	4.3398e+06	4.3122e+06	
4.4482e+06	4.3646e+06	4.3616e+06	4.3258e+06	4.2778e+06	
4.476e+06	4.416e+06	4.371e+06	4.3726e+06	4.3196e+06	
4.3796e+06	4.3912e+06	4.3892e+06	4.3786e+06	4.3036e+06	
4.432e+06	4.3206e+06	4.3868e+06	4.3176e+06	4.3066e+06	
4.3878e+06	4.4366e+06	4.3196e+06	4.3564e+06	4.2794e+06	
4.3584e+06	4.363e+06	4.3322e+06	4.3182e+06	4.3378e+06	
4.369e+06	4.2838e+06	4.248e+06	4.228e+06	4.176e+06	
4.3534e+06	4.3742e+06	4.239e+06	4.2894e+06	4.1992e+06	
4.308e+06	4.2622e+06	4.2672e+06	4.2466e+06	4.2018e+06	
4.293e+06	4.2456e+06	4.2072e+06	4.2006e+06	4.181e+06	
4.2784e+06	4.2522e+06	4.2522e+06	4.1846e+06	4.166e+06	
4.2804e+06	4.2512e+06	4.1966e+06	4.1492e+06	4.0752e+06	
4.181e+06	4.173e+06	4.18e+06	4.1598e+06	4.106e+06	
4.233e+06	4.2198e+06	4.171e+06	4.2112e+06	4.1292e+06	
4.2102e+06	4.1714e+06	4.1674e+06	4.1094e+06	4.115e+06	
4.1564e+06	4.2188e+06	4.116e+06	4.1154e+06	4.0398e+06	
4.104e+06	4.0722e+06	4.0248e+06	4.0182e+06	3.9844e+06	
4.0314e+06	3.9356e+06	3.93e+06	3.8958e+06	3.8614e+06	
3.693e+06	3.6946e+06	3.627e+06	3.62e+06	3.634e+06	
3.5256e+06	3.4748e+06	3.4748e+06	3.3996e+06	3.392e+06	
3.32e+06	3.3552e+06	3.33e+06	3.318e+06	3.2954e+06	
3.3654e+06	3.3982e+06	3.3382e+06	3.2922e+06	3.3038e+06	
3.4248e+06	3.4194e+06	3.3836e+06	3.3826e+06	3.328e+06	
3.4162e+06	3.442e+06	3.4284e+06	3.3724e+06	3.3816e+06	
3.4678e+06	3.3946e+06	3.433e+06	3.4118e+06	3.3836e+06	
3.4456e+06	3.437e+06	3.3478e+06	3.3366e+06	3.3704e+06	
3.452e+06	3.437e+06	3.4426e+06	3.3932e+06	3.3468e+06	
3.4384e+06	3.4616e+06	3.4632e+06	3.4234e+06	3.4032e+06	
3.4782e+06	3.4994e+06	3.3946e+06	3.4264e+06	3.3896e+06	
3.498e+06	3.5302e+06	3.5202e+06	3.4782e+06	3.4682e+06	
3.5362e+06	3.5686e+06	3.5408e+06	3.4768e+06	3.4808e+06	
3.5812e+06	3.6008e+06	3.5298e+06	3.5192e+06	3.4888e+06	
3.6194e+06	3.5574e+06	3.5716e+06	3.494e+06	3.511e+06	
3.6266e+06	3.5978e+06	3.617e+06	3.5488e+06	3.5166e+06	
3.6482e+06	3.6432e+06	3.5958e+06	3.57e+06	3.5912e+06	
3.6482e+06	3.5806e+06	3.6084e+06	3.5992e+06	3.5408e+06	
3.6356e+06	3.5676e+06	3.5796e+06	3.5832e+06	3.4682e+06	
3.5832e+06	3.6114e+06	3.6366e+06	3.5362e+06	3.4682e+06	
3.623e+06	3.5822e+06	3.5414e+06	3.5458e+06	3.5046e+06	
3.6224e+06	3.5544e+06	3.5206e+06	3.504e+06	3.4782e+06	
3.575e+06	3.5362e+06	3.4808e+06	3.5096e+06	3.436e+06	
3.5146e+06	3.4904e+06	3.5056e+06	3.4762e+06	3.3966e+06	
3.4682e+06	3.444e+06	3.4404e+06	3.4022e+06	3.3966e+06	
3.5292e+06	3.5e+06	3.4874e+06	3.4808e+06	3.4058e+06	
3.508e+06	3.4404e+06	3.4954e+06	3.3558e+06	3.4278e+06	
3.5004e+06	3.51e+06	3.4762e+06	3.4052e+06	3.4088e+06	
3.5004e+06	3.4682e+06	3.4414e+06	3.5066e+06	3.4204e+06	
3.5256e+06	3.5458e+06	3.5076e+06	3.4894e+06	3.4254e+06	
3.5318e+06	3.5434e+06	3.51e+06	3.5418e+06	3.5408e+06	
3.5836e+06	3.554e+06	3.5584e+06	3.5308e+06	3.4804e+06	
3.5892e+06	3.5706e+06	3.5348e+06	3.5676e+06	3.4688e+06	
3.5308e+06	3.5782e+06	3.4042e+06	3.4804e+06	3.4662e+06	
3.5494e+06	3.5826e+06	3.509e+06	3.5272e+06	3.4728e+06	
3.4636e+06	3.4814e+06	3.4536e+06	3.4172e+06	3.4168e+06	
3.4158e+06	3.505e+06	3.388e+06	3.442e+06	3.4088e+06	
3.447e+06	3.3638e+06	3.438e+06	3.3342e+06	3.308e+06	
3.4248e+06	3.4254e+06	3.4258e+06	3.319e+06	3.3322e+06	
3.4208e+06	3.3598e+06	3.319e+06	3.317e+06	3.2858e+06	
3.3538e+06	3.3144e+06	3.2852e+06	3.2842e+06	3.25e+06	
3.328e+06	3.2928e+06	3.317e+06	3.2918e+06	3.27e+06	
3.2712e+06	3.312e+06	3.2848e+06	3.269e+06	3.2016e+06	
3.3054e+06	3.2872e+06	3.2574e+06	3.2524e+06	3.2298e+06	
3.3124e+06	3.2746e+06	3.2666e+06	3.197e+06	3.1874e+06	
3.2686e+06	3.2006e+06	3.196e+06	3.1904e+06	3.1784e+06	
3.2186e+06	3.2544e+06	3.2232e+06	3.2126e+06	3.1884e+06	
3.189e+06	3.1976e+06	3.2464e+06	3.1354e+06	3.1712e+06	
3.2182e+06	3.2312e+06	3.2338e+06	3.2232e+06	3.1218e+06	
3.2882e+06	3.2262e+06	3.209e+06	3.1702e+06	3.2136e+06	
3.2776e+06	3.206e+06	3.2656e+06	3.185e+06	3.1808e+06	
3.2212e+06	3.2302e+06	3.25e+06	3.2142e+06	3.192e+06	
3.265e+06	3.2328e+06	3.2364e+06	3.195e+06	3.2086e+06	
3.2232e+06	3.263e+06	3.2218e+06	3.1734e+06	3.205e+06	
3.251e+06	3.2938e+06	3.2046e+06	3.1596e+06	3.1864e+06	
3.247e+06	3.2142e+06	3.2126e+06	3.2288e+06	3.1914e+06	
3.2238e+06	3.2252e+06	3.2228e+06	3.2292e+06	3.205e+06	
3.1658e+06	3.2112e+06	3.1376e+06	3.1562e+06	3.1456e+06	
3.2218e+06	3.2262e+06	3.1652e+06	3.1954e+06	3.0734e+06	
3.2e+06	3.1702e+06	3.1204e+06	3.1516e+06	3.1194e+06	
3.2292e+06	3.1728e+06	3.2e+06	3.0932e+06	3.133e+06	
3.2166e+06	3.1854e+06	3.1426e+06	3.1774e+06	3.139e+06	
3.2e+06	3.1622e+06	3.1002e+06	3.1728e+06	3.1124e+06	
3.2076e+06	3.1658e+06	3.131e+06	3.1218e+06	3.1284e+06	
3.1194e+06	3.1436e+06	3.0806e+06	3.1124e+06	3.0296e+06	
3.1532e+06	3.1682e+06	3.079e+06	3.0892e+06	3.0744e+06	
3.1264e+06	3.137e+06	3.0906e+06	3.1128e+06	3.0482e+06	
3.1184e+06	3.1294e+06	3.135e+06	3.0564e+06	3.0714e+06	
3.1188e+06	3.084e+06	3.0524e+06	3.0558e+06	3.0472e+06	
3.1386e+06	3.1072e+06	3.1008e+06	3.0654e+06	3.016e+06	
3.1874e+06	3.0912e+06	3.069e+06	3.1072e+06	3.018e+06	
3.124e+06	3.0946e+06	3.0282e+06	3.0382e+06	3.0554e+06	
3.0946e+06	3.073e+06	3.0976e+06	3.0816e+06	3.0054e+06	
3.1178e+06	3.1038e+06	3.0604e+06	3.0332e+06	3.0478e+06	
3.0594e+06	3.0438e+06	3.0432e+06	3.0186e+06	2.9848e+06	
3.0724e+06	3.0356e+06	3.0014e+06	2.949e+06	2.9858e+06	
3.0166e+06	3.0312e+06	3.005e+06	2.9474e+06	2.9752e+06	
3.0402e+06	3.0398e+06	3.0196e+06	3.0366e+06	2.9828e+06	
2.9894e+06	2.9842e+06	3.005e+06	2.943e+06	2.9514e+06	
2.9954e+06	2.9958e+06	2.9752e+06	2.9288e+06	2.9228e+06	
2.9948e+06	2.9898e+06	2.9606e+06	2.9586e+06	2.9082e+06	
2.9742e+06	3.0166e+06	2.954e+06	2.9344e+06	2.886e+06	
2.9122e+06	2.9696e+06	2.9092e+06	2.9692e+06	2.9178e+06	
2.9768e+06	2.9378e+06	2.9066e+06	2.881e+06	2.88e+06	
2.9474e+06	2.9576e+06	2.9052e+06	2.886e+06	2.8496e+06	
2.9228e+06	2.88e+06	2.8996e+06	2.8804e+06	2.8642e+06	
2.8642e+06	2.8956e+06	2.8904e+06	2.828e+06	2.8462e+06	
2.8714e+06	2.8648e+06	2.8294e+06	2.777e+06	2.8058e+06	
2.8542e+06	2.7968e+06	2.7922e+06	2.7852e+06	2.7836e+06	
2.7548e+06	2.766e+06	2.7418e+06	2.7252e+06	2.6676e+06	
2.7116e+06	2.6838e+06	2.6696e+06	2.5896e+06	2.5754e+06	
2.5704e+06	2.589e+06	2.5604e+06	2.533e+06	2.53e+06	
2.4892e+06	2.4474e+06	2.456e+06	2.4156e+06	2.392e+06	
2.4142e+06	2.4126e+06	2.4232e+06	2.4004e+06	2.3768e+06	
2.4206e+06	2.3606e+06	2.3314e+06	2.3264e+06	2.332e+06	
2.287e+06	2.2734e+06	2.2684e+06	2.2594e+06	2.2796e+06	
2.29e+06	2.209e+06	2.2406e+06	2.2302e+06	2.2094e+06	
2.1832e+06	2.1882e+06	2.1898e+06	2.1596e+06	2.1948e+06	
2.205e+06	2.1872e+06	2.1842e+06	2.2246e+06	2.1368e+06	
2.166e+06	2.1892e+06	2.1454e+06	2.145e+06	2.145e+06	
2.1828e+06	2.1762e+06	2.1676e+06	2.167e+06	2.1208e+06	
2.2044e+06	2.2186e+06	2.1756e+06	2.1626e+06	2.157e+06	
2.2468e+06	2.2028e+06	2.1938e+06	2.2352e+06	2.1772e+06	
2.3032e+06	2.3184e+06	2.2674e+06	2.3188e+06	2.2508e+06	
2.3532e+06	2.3668e+06	2.3038e+06	2.3324e+06	2.3052e+06	
2.4372e+06	2.3954e+06	2.4398e+06	2.396e+06	2.3868e+06	
2.454e+06	2.4882e+06	2.4398e+06	2.4514e+06	2.4878e+06	
2.5084e+06	2.523e+06	2.4862e+06	2.4394e+06	2.4202e+06	
2.4762e+06	2.4816e+06	2.4614e+06	2.473e+06	2.4358e+06	
2.4902e+06	2.4574e+06	2.4544e+06	2.4494e+06	2.4176e+06	
2.395e+06	2.4368e+06	2.3854e+06	2.3712e+06	2.3466e+06	
2.3692e+06	2.339e+06	2.2796e+06	2.3082e+06	2.2952e+06	
2.2926e+06	2.3068e+06	2.2876e+06	2.284e+06	2.2302e+06	
2.2774e+06	2.288e+06	2.288e+06	2.29e+06	2.2734e+06	
2.2624e+06	2.27e+06	2.2624e+06	2.2366e+06	2.2532e+06	
2.2428e+06	2.267e+06	2.2038e+06	2.2442e+06	2.1922e+06	
2.2674e+06	2.2482e+06	2.1862e+06	2.2306e+06	2.205e+06	
2.2846e+06	2.2634e+06	2.2014e+06	2.2226e+06	2.1776e+06	
2.2266e+06	2.2296e+06	2.2406e+06	2.2084e+06	2.2134e+06	
2.2674e+06	2.2548e+06	2.2634e+06	2.2442e+06	2.2478e+06	
2.2624e+06	2.2554e+06	2.2674e+06	2.222e+06	2.2372e+06	
2.2568e+06	2.2392e+06	2.2574e+06	2.2544e+06	2.2256e+06	
2.2856e+06	2.2458e+06	2.274e+06	2.2402e+06	2.215e+06	
2.2382e+06	2.2064e+06	2.1988e+06	2.1756e+06	2.1832e+06	
2.2478e+06	2.221e+06	2.2014e+06	2.209e+06	2.1812e+06	
2.2764e+06	2.2044e+06	2.2144e+06	2.22e+06	2.1722e+06	
2.229e+06	2.2406e+06	2.2326e+06	2.221e+06	2.1922e+06	
2.2406e+06	2.1922e+06	2.2074e+06	2.208e+06	2.1752e+06	
2.213e+06	2.1998e+06	2.1882e+06	2.1938e+06	2.156e+06	
2.2438e+06	2.2064e+06	2.2226e+06	2.1954e+06	2.151e+06	
2.2826e+06	2.224e+06	2.21e+06	2.212e+06	2.1818e+06	
2.278e+06	2.2302e+06	2.225e+06	2.1934e+06	2.1636e+06	
2.2422e+06	2.2018e+06	2.2074e+06	2.1958e+06	2.2124e+06	
2.2316e+06	2.214e+06	2.2574e+06	2.1988e+06	2.217e+06	
2.2418e+06	2.226e+06	2.2342e+06	2.2356e+06	2.1408e+06	
2.3038e+06	2.2754e+06	2.214e+06	2.218e+06	2.1786e+06	
2.284e+06	2.2624e+06	2.2648e+06	2.2448e+06	2.2482e+06	
2.3078e+06	2.2836e+06	2.267e+06	2.2644e+06	2.2392e+06	
2.3224e+06	2.333e+06	2.3354e+06	2.287e+06	2.276e+06	
2.3586e+06	2.2996e+06	2.3268e+06	2.3062e+06	2.3416e+06	
2.3626e+06	2.3738e+06	2.3642e+06	2.2856e+06	2.2952e+06	
2.409e+06	2.4066e+06	2.3994e+06	2.3662e+06	2.328e+06	
2.4594e+06	2.3708e+06	2.4004e+06	2.4004e+06	2.3738e+06	
2.4252e+06	2.4106e+06	2.4156e+06	2.3722e+06	2.389e+06	
2.4514e+06	2.41e+06	2.3864e+06	2.4534e+06	2.3784e+06	
2.4292e+06	2.4278e+06	2.3848e+06	2.3748e+06	2.3258e+06	
2.4322e+06	2.399e+06	2.3904e+06	2.3536e+06	2.3748e+06	
2.4202e+06	2.404e+06	2.412e+06	2.397e+06	2.3532e+06	
2.4282e+06	2.3546e+06	2.3954e+06	2.394e+06	2.396e+06	
2.392e+06	2.3712e+06	2.3848e+06	2.3314e+06	2.3244e+06	
2.3254e+06	2.342e+06	2.3466e+06	2.3426e+06	2.274e+06	
2.3844e+06	2.3244e+06	2.3788e+06	2.3058e+06	2.3334e+06	
2.3824e+06	2.3844e+06	2.3572e+06	2.3486e+06	2.3592e+06	
2.3844e+06	2.3728e+06	2.3712e+06	2.347e+06	2.3702e+06	
2.4458e+06	2.4206e+06	2.392e+06	2.3994e+06	2.3738e+06	
2.3914e+06	2.4332e+06	2.3718e+06	2.3476e+06	2.3416e+06	
2.3626e+06	2.3668e+06	2.3436e+06	2.3204e+06	2.2926e+06	
2.3698e+06	2.3658e+06	2.3672e+06	2.3284e+06	2.3168e+06	
2.3466e+06	2.3688e+06	2.339e+06	2.3068e+06	2.273e+06	
2.4126e+06	2.3698e+06	2.332e+06	2.333e+06	2.2916e+06	
2.3682e+06	2.4282e+06	2.3522e+06	2.3642e+06	2.3178e+06	
2.3626e+06	2.3496e+06	2.3542e+06	2.3234e+06	2.2996e+06	
2.4026e+06	2.3712e+06	2.3672e+06	2.3738e+06	2.3248e+06	
2.3728e+06	2.3738e+06	2.328e+06	2.335e+06	2.3238e+06	
2.3808e+06	2.344e+06	2.3596e+06	2.336e+06	2.286e+06	
2.3486e+06	2.3108e+06	2.3476e+06	2.3204e+06	2.3032e+06	
2.3324e+06	2.3128e+06	2.3334e+06	2.3522e+06	2.2638e+06	
2.3204e+06	2.3592e+06	2.3642e+06	2.2856e+06	2.2886e+06	
2.3636e+06	2.3682e+06	2.3416e+06	2.341e+06	2.3284e+06	
2.3516e+06	2.395e+06	2.331e+06	2.3184e+06	2.3416e+06	
2.3616e+06	2.3652e+06	2.3692e+06	2.3354e+06	2.3168e+06	
2.395e+06	2.3652e+06	2.3238e+06	2.3002e+06	2.2942e+06	
2.4252e+06	2.349e+06	2.3556e+06	2.3506e+06	2.2886e+06	
2.333e+06	2.3486e+06	2.3228e+06	2.3652e+06	2.29e+06	
2.3874e+06	2.3698e+06	2.339e+06	2.3556e+06	2.3188e+06	
2.3632e+06	2.3602e+06	2.349e+06	2.329e+06	2.2774e+06	
2.3718e+06	2.344e+06	2.3314e+06	2.267e+06	2.3122e+06	
2.3154e+06	2.328e+06	2.344e+06	2.3456e+06	2.3058e+06	
2.3702e+06	2.3606e+06	2.342e+06	2.337e+06	2.281e+06	
2.3058e+06	2.341e+06	2.35e+06	2.2786e+06	2.2512e+06	
2.3128e+06	2.3224e+06	2.3118e+06	2.2916e+06	2.2618e+06	
2.3238e+06	2.3314e+06	2.3108e+06	2.3048e+06	2.267e+06	
2.329e+06	2.3122e+06	2.3052e+06	2.2896e+06	2.283e+06	
2.3526e+06	2.3576e+06	2.3596e+06	2.2432e+06	2.2886e+06	
2.3122e+06	2.33e+06	2.267e+06	2.2996e+06	2.2448e+06	
2.2754e+06	2.3224e+06	2.3102e+06	2.2468e+06	2.278e+06	
2.3406e+06	2.2604e+06	2.2906e+06	2.2744e+06	2.2554e+06	
2.3218e+06	2.3204e+06	2.3098e+06	2.3012e+06	2.2754e+06	
2.29e+06	2.338e+06	2.329e+06	2.3052e+06	2.2372e+06	
2.2396e+06	2.273e+06	2.2966e+06	2.2538e+06	2.2482e+06	
2.2992e+06	2.273e+06	2.2296e+06	2.214e+06	2.2366e+06	
2.2568e+06	2.2584e+06	2.2392e+06	2.229e+06	2.2306e+06	
2.2488e+06	2.276e+06	2.2548e+06	2.208e+06	2.2094e+06	
2.281e+06	2.2226e+06	2.2402e+06	2.212e+06	2.2154e+06	
2.2366e+06	2.218e+06	2.2492e+06	2.2154e+06	2.221e+06	
2.2532e+06	2.2502e+06	2.2256e+06	2.211e+06	2.206e+06	
2.224e+06	2.229e+06	2.2648e+06	2.2266e+06	2.1998e+06	
2.2522e+06	2.2346e+06	2.217e+06	2.1958e+06	2.2366e+06	
2.2634e+06	2.2634e+06	2.225e+06	2.221e+06	2.1994e+06	
2.219e+06	2.206e+06	2.2266e+06	2.1832e+06	2.1298e+06	
2.2406e+06	2.2492e+06	2.1862e+06	2.2396e+06	2.1616e+06	
2.214e+06	2.1802e+06	2.2564e+06	2.211e+06	2.1868e+06	
2.2452e+06	2.213e+06	2.2236e+06	2.208e+06	2.2008e+06	
2.2134e+06	2.2064e+06	2.1842e+06	2.1732e+06	2.1912e+06	
2.1842e+06	2.206e+06	2.2038e+06	2.1902e+06	2.1776e+06	
2.218e+06	2.1882e+06	2.1838e+06	2.1792e+06	2.1858e+06	
2.2372e+06	2.1756e+06	2.1868e+06	2.158e+06	2.1712e+06	
2.2226e+06	2.1228e+06	2.1782e+06	2.1756e+06	2.1742e+06	
2.2176e+06	2.1828e+06	2.1706e+06	2.1762e+06	2.1398e+06	
2.1808e+06	2.1808e+06	2.1636e+06	2.1192e+06	2.1656e+06	
2.1888e+06	2.1646e+06	2.1576e+06	2.1792e+06	2.1262e+06	
2.1308e+06	2.1222e+06	2.1126e+06	2.1092e+06	2.1198e+06	
2.1918e+06	2.1238e+06	2.1142e+06	2.1142e+06	2.1534e+06	
2.162e+06	2.1782e+06	2.1116e+06	2.103e+06	2.1092e+06	
2.1378e+06	2.15e+06	2.1384e+06	2.087e+06	2.0648e+06	
2.165e+06	2.1046e+06	2.105e+06	2.1086e+06	2.1116e+06	
2.0986e+06	2.153e+06	2.0944e+06	2.1122e+06	2.1252e+06	
2.1252e+06	2.1092e+06	2.0996e+06	2.0996e+06	2.0748e+06	
2.086e+06	2.0708e+06	2.102e+06	2.0598e+06	2.0588e+06	
1.963e+06	1.9952e+06	1.9836e+06	1.9558e+06	1.974e+06	
1.8142e+06	1.781e+06	1.8056e+06	1.8042e+06	1.8208e+06	
1.6116e+06	1.5834e+06	1.5864e+06	1.5592e+06	1.5778e+06	
1.356e+06	1.361e+06	1.3368e+06	1.359e+06	1.3722e+06	
1.1276e+06	1.1554e+06	1.1356e+06	1.1246e+06	1.1362e+06	
1.0016e+06	1.0328e+06	1.0328e+06	994000	1.0082e+06	
944200	955800	935000	951200	919400	
976800	968800	975400	965800	966200	
1.0692e+06	1.0606e+06	1.0444e+06	1.0344e+06	1.0388e+06	
1.1382e+06	1.1544e+06	1.1452e+06	1.1398e+06	1.1226e+06	
1.2112e+06	1.1796e+06	1.1886e+06	1.1584e+06	1.1786e+06	
1.1776e+06	1.1796e+06	1.1558e+06	1.1902e+06	1.1664e+06	
1.165e+06	1.1518e+06	1.1438e+06	1.1704e+06	1.1292e+06	
1.1714e+06	1.1806e+06	1.1644e+06	1.1554e+06	1.1392e+06	
1.179e+06	1.167e+06	1.1564e+06	1.1704e+06	1.1548e+06	
1.2022e+06	1.1816e+06	1.1598e+06	1.172e+06	1.167e+06	
1.1876e+06	1.1896e+06	1.2028e+06	1.2038e+06	1.1578e+06	
1.2566e+06	1.248e+06	1.239e+06	1.2092e+06	1.229e+06	
1.3026e+06	1.2768e+06	1.2688e+06	1.2732e+06	1.2814e+06	
1.3716e+06	1.3594e+06	1.3534e+06	1.3252e+06	1.31e+06	
1.3782e+06	1.4064e+06	1.3872e+06	1.3782e+06	1.409e+06	
1.489e+06	1.4598e+06	1.4522e+06	1.4468e+06	1.4406e+06	
1.5132e+06	1.5194e+06	1.5158e+06	1.5148e+06	1.5118e+06	
1.5728e+06	1.5718e+06	1.5688e+06	1.5592e+06	1.5622e+06	
1.6212e+06	1.6202e+06	1.61e+06	1.603e+06	1.5974e+06	
1.7134e+06	1.668e+06	1.6736e+06	1.663e+06	1.6318e+06	
1.7406e+06	1.7654e+06	1.726e+06	1.6912e+06	1.6922e+06	
1.789e+06	1.784e+06	1.7728e+06	1.7572e+06	1.7506e+06	
1.8148e+06	1.8122e+06	1.8006e+06	1.7644e+06	1.7366e+06	
1.8268e+06	1.793e+06	1.8132e+06	1.7644e+06	1.7946e+06	
1.8576e+06	1.85e+06	1.8076e+06	1.8284e+06	1.8278e+06	
1.843e+06	1.8192e+06	1.8208e+06	1.8152e+06	1.7986e+06	
1.8722e+06	1.8838e+06	1.85e+06	1.8072e+06	1.8106e+06	
1.8782e+06	1.8384e+06	1.84e+06	1.84e+06	1.8126e+06	
1.8642e+06	1.855e+06	1.8682e+06	1.839e+06	1.841e+06	
1.845e+06	1.8636e+06	1.8222e+06	1.8192e+06	1.791e+06	
1.8632e+06	1.8632e+06	1.8652e+06	1.8168e+06	1.8178e+06	
1.8716e+06	1.86e+06	1.905e+06	1.8248e+06	1.8268e+06	
1.8526e+06	1.8474e+06	1.8424e+06	1.8122e+06	1.7936e+06	
1.8374e+06	1.859e+06	1.8464e+06	1.8016e+06	1.8096e+06	
1.8298e+06	1.8722e+06	1.8202e+06	1.7886e+06	1.7996e+06	
1.8318e+06	1.8258e+06	1.7886e+06	1.7896e+06	1.8052e+06	
1.8792e+06	1.8656e+06	1.8212e+06	1.84e+06	1.854e+06	
1.8212e+06	1.85e+06	1.8484e+06	1.786e+06	1.79e+06	
1.8328e+06	1.8046e+06	1.8052e+06	1.794e+06	1.8142e+06	
1.8334e+06	1.8082e+06	1.8606e+06	1.8228e+06	1.796e+06	
1.8394e+06	1.8212e+06	1.8188e+06	1.8274e+06	1.7886e+06	
1.8016e+06	1.7966e+06	1.8046e+06	1.7528e+06	1.785e+06	
1.7936e+06	1.7718e+06	1.7698e+06	1.7486e+06	1.797e+06	
1.8016e+06	1.7694e+06	1.8026e+06	1.7748e+06	1.7376e+06	
1.7864e+06	1.7748e+06	1.7538e+06	1.7824e+06	1.7476e+06	
1.7714e+06	1.7664e+06	1.7754e+06	1.7602e+06	1.7834e+06	
1.8182e+06	1.7874e+06	1.7804e+06	1.7572e+06	1.7764e+06	
1.778e+06	1.7708e+06	1.7476e+06	1.7854e+06	1.7532e+06	
1.777e+06	1.8122e+06	1.7462e+06	1.7572e+06	1.79e+06	
1.7684e+06	1.8158e+06	1.7436e+06	1.7632e+06	1.7568e+06	
1.789e+06	1.7612e+06	1.7568e+06	1.7714e+06	1.7356e+06	
1.777e+06	1.788e+06	1.7714e+06	1.7638e+06	1.7532e+06	
1.7366e+06	1.732e+06	1.781e+06	1.7588e+06	1.7326e+06	
1.7704e+06	1.7728e+06	1.7492e+06	1.7578e+06	1.7134e+06	
1.7542e+06	1.7598e+06	1.7296e+06	1.7264e+06	1.7078e+06	
1.739e+06	1.7416e+06	1.6978e+06	1.7184e+06	1.7074e+06	
1.7864e+06	1.7638e+06	1.7396e+06	1.7296e+06	1.7204e+06	
1.7572e+06	1.736e+06	1.736e+06	1.7612e+06	1.6876e+06	
1.7492e+06	1.7654e+06	1.7184e+06	1.7074e+06	1.7034e+06	
1.7684e+06	1.7074e+06	1.7034e+06	1.716e+06	1.6908e+06	
1.7044e+06	1.7164e+06	1.7088e+06	1.6988e+06	1.7002e+06	
1.719e+06	1.7184e+06	1.7264e+06	1.7224e+06	1.7008e+06	
1.7254e+06	1.726e+06	1.7018e+06	1.672e+06	1.6756e+06	
1.7244e+06	1.7114e+06	1.7068e+06	1.7306e+06	1.6922e+06	
1.732e+06	1.7174e+06	1.7254e+06	1.733e+06	1.7144e+06	
1.7422e+06	1.7502e+06	1.7034e+06	1.7416e+06	1.6896e+06	
1.7688e+06	1.7048e+06	1.7138e+06	1.6928e+06	1.7184e+06	
1.7316e+06	1.6938e+06	1.719e+06	1.723e+06	1.7018e+06	
1.6846e+06	1.6812e+06	1.6912e+06	1.6876e+06	1.6554e+06	
1.6756e+06	1.7074e+06	1.6852e+06	1.66e+06	1.7008e+06	
1.7078e+06	1.7058e+06	1.6882e+06	1.674e+06	1.6424e+06	
1.6896e+06	1.6792e+06	1.6938e+06	1.669e+06	1.6806e+06	
1.7486e+06	1.6876e+06	1.6882e+06	1.657e+06	1.6666e+06	
1.6952e+06	1.667e+06	1.6782e+06	1.6604e+06	1.6584e+06	
1.721e+06	1.676e+06	1.6822e+06	1.6594e+06	1.669e+06	
1.6786e+06	1.6796e+06	1.6998e+06	1.6564e+06	1.6468e+06	
1.6908e+06	1.6852e+06	1.6846e+06	1.658e+06	1.66e+06	
1.6938e+06	1.6816e+06	1.6382e+06	1.6286e+06	1.6398e+06	
1.669e+06	1.6358e+06	1.6444e+06	1.6488e+06	1.6498e+06	
1.6842e+06	1.6594e+06	1.6514e+06	1.6352e+06	1.673e+06	
1.659e+06	1.6524e+06	1.6504e+06	1.6378e+06	1.6024e+06	
1.6186e+06	1.6328e+06	1.6166e+06	1.6232e+06	1.603e+06	
1.6434e+06	1.6302e+06	1.6116e+06	1.6206e+06	1.5918e+06	
1.6186e+06	1.6554e+06	1.5944e+06	1.6136e+06	1.6182e+06	
1.6232e+06	1.609e+06	1.609e+06	1.6202e+06	1.5974e+06	
1.5964e+06	1.6458e+06	1.6166e+06	1.6514e+06	1.5944e+06	
1.5834e+06	1.6034e+06	1.6298e+06	1.6212e+06	1.5526e+06	
1.595e+06	1.5742e+06	1.605e+06	1.5834e+06	1.5782e+06	
1.5864e+06	1.5798e+06	1.5954e+06	1.601e+06	1.6066e+06	
1.5808e+06	1.5868e+06	1.5456e+06	1.5742e+06	1.5656e+06	
1.5672e+06	1.5748e+06	1.536e+06	1.5424e+06	1.546e+06	
1.598e+06	1.5636e+06	1.5384e+06	1.5566e+06	1.5526e+06	
1.5808e+06	1.554e+06	1.5586e+06	1.5708e+06	1.533e+06	
1.535e+06	1.5298e+06	1.5506e+06	1.5384e+06	1.4966e+06	
1.5374e+06	1.5586e+06	1.555e+06	1.5168e+06	1.542e+06	
1.5808e+06	1.5384e+06	1.544e+06	1.5062e+06	1.54e+06	
1.535e+06	1.5308e+06	1.5354e+06	1.5244e+06	1.5052e+06	
1.5264e+06	1.536e+06	1.5274e+06	1.5274e+06	1.479e+06	
1.5032e+06	1.532e+06	1.5182e+06	1.5122e+06	1.5102e+06	
1.533e+06	1.5234e+06	1.4962e+06	1.5062e+06	1.5006e+06	
1.5132e+06	1.5152e+06	1.5026e+06	1.485e+06	1.4886e+06	
1.5244e+06	1.5224e+06	1.5006e+06	1.5012e+06	1.4866e+06	
1.5404e+06	1.4986e+06	1.4814e+06	1.4684e+06	1.4784e+06	
1.5238e+06	1.5046e+06	1.487e+06	1.4982e+06	1.4688e+06	
1.487e+06	1.5128e+06	1.5112e+06	1.486e+06	1.487e+06	
1.5118e+06	1.4826e+06	1.483e+06	1.4956e+06	1.481e+06	
1.5022e+06	1.49e+06	1.49e+06	1.4886e+06	1.479e+06	
1.49e+06	1.47e+06	1.4784e+06	1.476e+06	1.4468e+06	
1.4724e+06	1.479e+06	1.4886e+06	1.4488e+06	1.4684e+06	
1.4572e+06	1.4678e+06	1.4876e+06	1.4518e+06	1.4422e+06	
1.4774e+06	1.4962e+06	1.4562e+06	1.4412e+06	1.4572e+06	
1.4568e+06	1.479e+06	1.4678e+06	1.4558e+06	1.422e+06	
1.4628e+06	1.472e+06	1.4376e+06	1.4508e+06	1.4332e+06	
1.4628e+06	1.431e+06	1.4468e+06	1.427e+06	1.4074e+06	
1.4392e+06	1.4578e+06	1.4644e+06	1.4236e+06	1.4296e+06	
1.4774e+06	1.4598e+06	1.4578e+06	1.425e+06	1.4604e+06	
1.4492e+06	1.424e+06	1.4528e+06	1.4386e+06	1.4256e+06	
1.429e+06	1.4458e+06	1.4256e+06	1.4332e+06	1.4482e+06	
1.4654e+06	1.432e+06	1.432e+06	1.431e+06	1.4134e+06	
1.4644e+06	1.4276e+06	1.4416e+06	1.4316e+06	1.4024e+06	
1.426e+06	1.3974e+06	1.4094e+06	1.3928e+06	1.4154e+06	
1.419e+06	1.4256e+06	1.4018e+06	1.3766e+06	1.3752e+06	
1.432e+06	1.4084e+06	1.4256e+06	1.4048e+06	1.3832e+06	
1.424e+06	1.3852e+06	1.4024e+06	1.41e+06	1.3762e+06	
1.366e+06	1.4034e+06	1.4014e+06	1.3742e+06	1.3484e+06	
1.3984e+06	1.3792e+06	1.3974e+06	1.3796e+06	1.3448e+06	
1.3394e+06	1.366e+06	1.369e+06	1.3696e+06	1.359e+06	
1.3952e+06	1.3948e+06	1.362e+06	1.3696e+06	1.361e+06	
1.361e+06	1.352e+06	1.3796e+06	1.36e+06	1.3504e+06	
1.3796e+06	1.3378e+06	1.3248e+06	1.3524e+06	1.3342e+06	
1.3656e+06	1.369e+06	1.371e+06	1.358e+06	1.351e+06	
1.367e+06	1.3322e+06	1.367e+06	1.3338e+06	1.3308e+06	
1.349e+06	1.3746e+06	1.3202e+06	1.3428e+06	1.3318e+06	
1.361e+06	1.3646e+06	1.352e+06	1.3292e+06	1.3342e+06	
1.3458e+06	1.3626e+06	1.3226e+06	1.3252e+06	1.305e+06	
1.3318e+06	1.3106e+06	1.3268e+06	1.3282e+06	1.3308e+06	
1.3116e+06	1.309e+06	1.3156e+06	1.308e+06	1.2954e+06	
1.3196e+06	1.3262e+06	1.3242e+06	1.2814e+06	1.3192e+06	
1.366e+06	1.3272e+06	1.3584e+06	1.3176e+06	1.3162e+06	
1.3626e+06	1.3626e+06	1.3358e+06	1.3026e+06	1.3318e+06	
1.3302e+06	1.3298e+06	1.3136e+06	1.3142e+06	1.3056e+06	
1.3354e+06	1.3378e+06	1.3574e+06	1.3132e+06	1.299e+06	
1.3374e+06	1.3262e+06	1.306e+06	1.3182e+06	1.3176e+06	
1.3322e+06	1.3338e+06	1.3142e+06	1.3142e+06	1.3222e+06	
1.3142e+06	1.3232e+06	1.3162e+06	1.3006e+06	1.293e+06	
1.3262e+06	1.29e+06	1.297e+06	1.2828e+06	1.297e+06	
1.3056e+06	1.2838e+06	1.3056e+06	1.2854e+06	1.2562e+06	
1.2804e+06	1.307e+06	1.29e+06	1.289e+06	1.294e+06	
1.304e+06	1.293e+06	1.289e+06	1.296e+06	1.2768e+06	
1.2768e+06	1.2824e+06	1.2586e+06	1.2662e+06	1.248e+06	
1.2728e+06	1.2526e+06	1.2552e+06	1.248e+06	1.246e+06	
1.2456e+06	1.2556e+06	1.2536e+06	1.2606e+06	1.2582e+06	
1.239e+06	1.2682e+06	1.2426e+06	1.2542e+06	1.2496e+06	
1.2354e+06	1.247e+06	1.241e+06	1.2294e+06	1.24e+06	
1.2632e+06	1.249e+06	1.2662e+06	1.236e+06	1.2088e+06	
1.247e+06	1.1996e+06	1.2082e+06	1.2078e+06	1.234e+06	
1.2364e+06	1.2314e+06	1.2254e+06	1.232e+06	1.2168e+06	
1.2284e+06	1.232e+06	1.232e+06	1.2502e+06	1.2042e+06	
1.2446e+06	1.2284e+06	1.2052e+06	1.2122e+06	1.1766e+06	
1.2174e+06	1.2214e+06	1.1916e+06	1.1856e+06	1.1488e+06	
1.2092e+06	1.1886e+06	1.2018e+06	1.1906e+06	1.1754e+06	
1.229e+06	1.1942e+06	1.2134e+06	1.1856e+06	1.167e+06	
1.1846e+06	1.1766e+06	1.1684e+06	1.1544e+06	1.1734e+06	
1.1694e+06	1.1512e+06	1.1498e+06	1.1472e+06	1.1114e+06	
1.1216e+06	1.1024e+06	1.1302e+06	1.1332e+06	1.1468e+06	
1.1104e+06	1.1246e+06	1.112e+06	1.0944e+06	1.114e+06	
1.1296e+06	1.119e+06	1.1176e+06	1.0918e+06	1.1004e+06	
1.0892e+06	1.0904e+06	1.0792e+06	1.0872e+06	1.0868e+06	
1.0696e+06	1.0978e+06	1.0696e+06	1.0776e+06	1.0726e+06	
1.0666e+06	1.046e+06	1.0682e+06	1.0536e+06	1.045e+06	
1.058e+06	1.049e+06	1.042e+06	1.065e+06	1.044e+06	
1.0566e+06	1.0504e+06	1.0586e+06	1.053e+06	1.0378e+06	
1.0434e+06	1.0398e+06	1.0232e+06	1.0172e+06	1.0444e+06	
1.0056e+06	998600	1.0208e+06	1.0248e+06	995000	
1.0262e+06	1.0298e+06	1.0178e+06	999600	1.0082e+06	
1.0126e+06	1.0082e+06	1.0338e+06	1.0162e+06	1.0036e+06	
1.0314e+06	1.0212e+06	1.0464e+06	1.0172e+06	1.0228e+06	
1.0298e+06	1.0156e+06	1.0036e+06	1.0036e+06	1.0222e+06	
1.0328e+06	1.0172e+06	987000	996000	1.0006e+06	
1.0222e+06	1.0066e+06	999600	997600	1e+06	
1.0222e+06	1.0374e+06	1.0126e+06	1.0112e+06	990400	
1.0228e+06	1.0238e+06	1.0222e+06	1.0096e+06	1.0152e+06	
1.045e+06	1.0248e+06	1.0116e+06	1.0188e+06	1.0152e+06	
1.0282e+06	1.0318e+06	1.0198e+06	1.0152e+06	1.0334e+06	
1.0474e+06	1.0172e+06	1.0268e+06	996600	1.0242e+06	
1.0282e+06	1.049e+06	1.0294e+06	1.0106e+06	1.0252e+06	
1.0566e+06	1.061e+06	1.0596e+06	1.048e+06	1.0258e+06	
1.0838e+06	1.0736e+06	1.052e+06	1.0576e+06	1.0692e+06	
1.0776e+06	1.052e+06	1.0662e+06	1.0792e+06	1.065e+06	
1.064e+06	1.0782e+06	1.0868e+06	1.0494e+06	1.0828e+06	
1.0636e+06	1.0514e+06	1.0682e+06	1.0616e+06	1.0368e+06	
1.0334e+06	1.0202e+06	1.0026e+06	1.0318e+06	1.063e+06	
996600	1.0086e+06	986400	1.0016e+06	1.0142e+06	
990400	960200	952200	953600	947600	
942000	965200	926400	943000	924400	
906800	927000	942000	937000	936600	
977400	949600	975800	970400	953600	
996000	965800	987000	984400	990000	
1.0072e+06	1.0222e+06	1.0212e+06	1.002e+06	982000	
1.0282e+06	1.0238e+06	999600	989400	1.0056e+06	
1.052e+06	1.0308e+06	1.0576e+06	1.0318e+06	1.0308e+06	
1.0268e+06	1.0404e+06	1.0364e+06	1.0252e+06	1.0192e+06	
1.0242e+06	1.0334e+06	1.055e+06	1.0294e+06	1.0192e+06	
1.0056e+06	1.0112e+06	1.0126e+06	1.0142e+06	994000	
1.0394e+06	1.0278e+06	1.0156e+06	1.0348e+06	1.0348e+06	
1.0258e+06	1.0334e+06	1.0248e+06	1.0056e+06	1.0282e+06	
1.0282e+06	1.0474e+06	1.0172e+06	1.0308e+06	1.0208e+06	
1.0192e+06	1.0096e+06	1.0192e+06	1.0178e+06	997600	
977400	996600	1.0132e+06	1.0092e+06	1.003e+06	
997600	1.0036e+06	988400	982000	991000	
986400	988400	960800	1.0076e+06	994000	
992000	978400	978400	978800	955800	
971400	973400	979400	967200	967200	
979400	953600	972400	952200	975400	
986400	970400	964800	993000	973400	
986000	963800	966200	946200	970800	
982000	971800	986000	971400	973800	
976400	968400	979400	983400	958200	
998600	964800	960800	974800	963200	
974800	982000	987400	972400	978400	
976800	969800	984000	977800	982400	
955800	988000	971800	972400	969800	
965800	956800	973400	972400	958800	
992000	967200	1.0006e+06	960200	956200	
979400	981000	966200	966800	952600	
969400	939600	965800	971800	968800	
959800	965800	986000	939600	947600	
967800	947200	959200	952600	958200	
967800	955200	973800	956800	956800	
953200	963200	962800	956200	972400	
965200	975800	961800	952600	956200	
977800	970800	961800	978800	947600	
990000	970400	987400	971400	969800	
959800	975400	955800	973400	978400	
991400	999600	962200	943600	983000	
976400	954600	986000	964200	975800	
981000	983400	967800	971400	945600	
988000	988000	970400	960200	956800	
986000	983400	972800	976400	975800	
973400	979400	993000	976800	966200	
983000	966200	941600	967800	948600	
956200	983400	980000	966200	930400	
973800	974800	984000	951600	971400	
952600	992600	970400	971800	973800	
970400	984400	957200	957200	982000	
982400	967800	964800	972800	965200	
988000	970400	976800	963800	954200	
980000	968400	967800	954600	971400	
999600	965800	956800	968800	942600	
969800	983000	970400	953200	963800	
984000	947600	991400	966200	979400	
971800	963800	964200	956800	952600	
982000	961800	959800	947200	953200	
965200	958800	945200	955200	960200	
963800	976400	946600	944200	964800	
975800	945600	959200	934600	929000	
957800	970800	948600	942000	928000	
964800	961800	971800	954200	937000	
946200	925000	949200	961200	928400	
961800	937600	957200	922400	953200	
938600	944600	952200	929000	929000	
952600	947200	940000	930400	920400	
938000	958800	938600	934600	925000	
938600	933000	954200	912800	940000	
919400	928400	944200	948200	928000	
947200	959200	946600	933000	930000	
945200	946200	943600	954200	954200	
942600	917800	950200	950200	949200	
940000	949200	927400	923000	930400	
914400	943000	931600	924400	927400	
942000	933000	929000	898800	912400	
955200	921400	931600	929400	910400	
939000	910400	921400	913400	914800	
927400	931000	919400	919000	888600	
939000	913800	924400	910800	923400	
927400	911800	910800	932000	907800	
939000	914400	901200	929400	910800	
925000	910800	911400	922400	898800	
923400	902800	916400	895800	888600	
885600	902200	875600	882600	898200	
882200	863000	868400	872000	868000	
896800	887600	878000	885200	887600	
884600	869400	894200	889600	882600	
881000	890600	883600	896200	872600	
890200	901800	896200	880600	874600	
884600	868000	908800	892600	857400	
895800	884200	886600	899200	869000	
887600	902200	866400	894200	891600	
874000	871600	906200	885600	888600	
885600	893200	888600	876600	903800	
881600	890600	885600	880600	869000	
892200	881600	878600	869000	876000	
854800	861400	863400	867400	874000	
855400	832600	836200	820600	838200	
821600	819600	812000	827200	820600	
845800	834200	838800	824200	817600	
842200	839800	847400	856800	849400	
846800	869000	844800	858000	843200	
875000	860000	868400	856800	866400	
858400	877600	857400	853800	852800	
886600	857400	866000	870600	851400	
869400	868400	872000	865000	862000	
858000	865000	842800	850400	868000	
873000	851400	860400	837800	847400	
871600	863000	881000	843200	849800	
877600	863000	873600	866400	855800	
860000	852400	878600	856800	861400	
882600	863000	860000	839200	875600	
868000	849800	857400	855400	844800	
859000	861000	858000	843800	881600	
862000	863000	849800	865400	853400	
876600	847400	864400	854800	847800	
842200	862000	849400	858000	843800	
854400	850400	866000	841800	870000	
868000	851800	855400	851400	842800	
860400	850800	859400	842800	854800	
854400	859000	832200	851800	853400	
855400	819000	843800	851400	848400	
865400	853400	833200	842200	853400	
851400	835200	834800	844800	841800	
843200	868000	844800	846800	847800	
840200	824600	862400	835200	827600	
840800	853800	827200	845800	842200	
835800	849800	833800	826200	831600	
843800	858000	837800	833800	827200	
852800	834200	845800	821600	826200	
824200	822600	831200	833800	834200	
834800	822200	823600	838200	826200	
837200	837200	830200	821200	818000	
831200	824200	799000	842200	824600	
838800	813000	806000	831200	819000	
811000	814600	799400	801000	814000	
791400	798000	816000	789800	781800	
793400	770200	792800	777200	780800	
766200	784800	786400	771800	788400	
785400	800400	793800	784400	766200	
797400	774200	799000	797400	786800	
806000	772800	808000	803000	794800	
791800	782200	793400	818000	778200	
788400	806400	786400	804000	796400	
801000	797400	804000	792400	789400	
801000	799400	788400	803000	784400	
800000	812600	809000	799400	789400	
799000	799400	799000	797000	786400	
795400	806400	793400	805000	777200	
806400	793800	788800	800400	771800	
803400	805000	801400	802400	810600	
765600	793400	778200	793800	787800	
781200	786800	810600	787400	777200	
778800	791400	773800	783200	772800	
775200	792800	795400	780200	783800	
788800	798400	791800	787400	788400	
791800	794800	775200	790800	782800	
808000	773200	787400	787800	777800	
774200	759600	764600	773800	770200	
809000	787400	764600	770200	779800	
765200	781200	760600	768600	766200	
785800	780200	775800	798400	778200	
771800	757600	769600	789800	779800	
790400	777800	774200	790800	767200	
787400	767600	785400	784400	757600	
760600	787800	789400	779200	749000	
790800	768200	745400	757000	772200	
762600	760600	766600	764600	781800	
766200	765600	765200	761200	766600	
753600	761600	752600	763200	750600	
772200	766600	782800	759600	764600	
764200	750000	763600	758600	769200	
744000	756000	746000	763200	763600	
767200	760600	746400	754600	763200	
764600	752600	747000	760600	755000	
756000	766200	763200	752600	751000	
747000	764200	762600	756000	751600	
731800	771200	752000	763600	748600	
784800	762200	761200	752000	749600	
773200	744000	749600	754000	749600	
771200	742000	740400	749000	747600	
754600	736000	754000	757000	736400	
747000	759600	731800	752600	740000	
756000	744000	754600	738000	711200	
734400	735000	740400	740000	707200	
748600	739000	737000	735400	748600	
732800	740000	737000	729400	740000	
740400	735400	755000	728800	747000	
757000	762200	748000	742000	720200	
754000	736400	727800	728800	723400	
753000	731400	705200	729400	729800	
730400	725800	724400	749600	735000	
743000	733400	747600	724400	710200	
717200	727800	732800	740000	721800	
729800	733800	706600	723400	726400	
744400	731400	727400	738400	736000	
730800	728800	745000	721200	733400	
723400	729400	724400	703600	724800	
705200	743000	725400	724800	710800	
728800	715800	716200	718200	723800	
712800	699200	699200	700600	716800	
725400	711200	720200	721200	731400	
702200	718200	712800	700600	732400	
729400	717200	716200	708200	712200	
709200	719800	717800	712800	709600	
702200	713200	705200	698000	707200	
703200	712200	708600	694000	702200	
681400	692600	696000	700200	696600	
702200	707200	709600	707600	699600	
711200	704600	693600	686000	710800	
699600	712200	712200	691600	707200	
720200	702600	692000	698600	679400	
689600	689000	706600	704600	696000	
707600	699200	698600	695600	699600	
696000	694000	683400	693600	722200	
682400	707600	714800	703600	683000	
676400	697000	703600	691000	685400	
699600	715200	705200	699200	682400	
690600	692000	705200	687600	681400	
697600	703600	703600	693600	701600	
678000	698600	697000	693600	688000	
691000	684000	683400	688000	679400	
688600	683000	671800	674000	670800	
683000	692600	678000	690600	676400	
665400	678400	677400	691600	680400	
676400	677000	682000	673400	687600	
666800	657200	692600	682400	671400	
677000	680000	658200	683400	680000	
666800	671800	657200	672800	670800	
651200	657800	680400	657200	655800	
664800	656800	657200	662400	663400	
664800	659200	678000	664800	643200	
652800	659200	642600	676400	646200	
646600	648200	674400	649800	656800	
639200	656200	645600	655200	673400	
646600	647600	655200	648600	647200	
642600	645200	652200	649800	638200	
663800	633000	654800	653800	643600	
637600	646600	643600	637200	626600	
660200	633600	647200	633000	637200	
652800	646200	630000	634600	641200	
631600	645200	628600	631000	622400	
622000	636000	630600	627000	643200	
626000	624400	627000	616000	616400	
633600	606800	620000	624000	615000	
617400	624400	631600	611400	608800	
610800	617000	616400	618000	623400	
634600	616400	624400	624000	639200	
614400	631600	645200	602400	615400	
610800	625000	621400	630600	604800	
611800	617400	616000	621000	602800	
627000	620000	622400	623400	628000	
612400	629600	605400	605400	607800	
624400	632000	611800	622400	623000	
608800	609800	618000	621400	621000	
604400	614000	611400	615000	602800	
619000	623400	610400	625000	618400	
626600	611800	627000	616000	631600	
610400	623400	620400	626600	628000	
642200	639600	633600	626000	624000	
633600	629600	632000	635000	639200	
638200	636000	629600	644200	631600	
633600	617400	644200	641600	622000	
628600	639200	627600	624400	636600	
644600	653200	639200	646600	632600	
634000	636000	617400	630000	643200	
648600	636600	644200	637600	637200	
641200	630000	639600	634000	634600	
637600	635000	627000	648600	643600	
637600	631000	632000	632600	620400	
623400	617400	652200	639600	630000	
620400	628600	639600	609800	632000	
622000	621400	624000	621400	614400	
619000	615000	627000	615400	617000	
635000	611800	612400	619400	619400	
616000	602800	608400	621000	612400	
604400	602400	618000	598200	617400	
620400	610800	608400	616000	615400	
615000	629000	618000	606800	604800	
596800	628600	605400	592800	607800	
602400	613000	601400	594800	603400	
601400	604400	607400	599200	601800	
599200	615000	615400	599200	603800	
595800	613000	597200	607800	584600	
600800	610400	590800	610800	628600	
601400	601800	610800	606800	606800	
599800	619400	605800	614000	603400	
621000	615000	602800	615000	595200	
604400	621000	610800	609400	600800	
600800	605400	618000	630000	624400	
627000	595200	605800	601800	599800	
619400	615000	602400	587200	590800	
611800	594800	619000	604800	593800	
607400	594800	605800	593800	586600	
580600	607800	578200	601400	598200	
601800	595800	583200	598200	603400	
594800	601800	587200	604800	606800	
606400	616000	607800	593800	586200	
592800	594800	615400	603400	605800	
600800	591200	600400	596800	596200	
601400	586200	595800	580200	592800	
584600	594200	596800	576600	576600	
604400	592200	591200	583200	614400	
589800	582600	613000	599800	591200	
591800	594800	594200	605800	586200	
616000	604400	590200	593200	597800	
593800	610400	581600	589800	591800	
594200	601400	589800	581600	603400	
604400	591800	588800	594200	577600	
592200	608800	588200	584200	593200	
587200	591200	590200	583600	596200	
581200	596200	598200	600400	589200	
600400	587600	591200	581200	588800	
593200	606400	590800	584200	598200	
597200	599800	577200	593200	591800	
589800	591800	606400	592200	587200	
589800	611400	600400	604400	594800	
598200	607400	599800	596800	610800	
601800	597200	606800	607400	598200	
592800	604400	601800	608800	572000	
595200	601400	594200	593200	594800	
576200	598800	581200	606400	596800	
593200	593800	588200	587600	608800	
590200	596800	589800	595800	595200	
588800	595200	597200	571600	596200	
590800	606800	611400	587600	579600	
593200	588800	600800	589200	602800	
583600	600400	601400	594200	591800	
576200	586600	583200	580200	598800	
587600	589800	591800	594200	583200	
579600	591800	580600	589200	586200	
599800	582600	579600	583600	578600	
583200	596200	587600	584200	581200	
591200	579600	586600	580200	578600	
572000	577200	585200	579200	579600	
594200	593200	592800	571600	584200	
592200	583600	593200	579200	566600	
575600	572000	567000	561000	587600	
586600	579200	580600	590200	586600	
579200	586600	574600	573600	579200	
582200	574600	586600	575000	571000	
567000	577200	579600	586600	582600	
585200	564000	585600	585600	580200	
579600	577600	573600	567000	578600	
579600	551400	581600	577200	556400	
565000	575600	579600	578600	567600	
568600	549400	566000	565600	546400	
569600	563000	557000	568000	555000	
563000	562000	550800	558400	549400	
557000	555000	560000	543400	563600	
542400	537800	552000	547400	561000	
552400	561000	534800	540800	549400	
533800	529200	547400	548800	537200	
551400	549800	552400	551400	558000	
544400	555400	549800	552000	543800	
528200	552000	539800	540800	530200	
529200	539400	542400	530200	536800	
538800	538800	536800	535200	538800	
536800	533800	549400	540800	535800	
543400	530800	531800	531800	535800	
522200	531800	537800	537200	538200	
534800	526800	527200	532200	529200	
537200	542400	535200	529800	510000	
525200	539800	522600	522200	513600	
525600	542400	532800	511600	524600	
519200	514600	508600	523600	525200	
534200	522200	523600	525200	523600	
527800	525200	513600	524600	537200	
530800	519600	521200	534200	521600	
539800	518200	518200	530800	517200	
531800	509000	512000	505600	517600	
521200	534200	529800	537800	532800	
522600	510600	536800	535200	527800	
515200	526800	515600	517200	525600	
516600	526200	541400	510000	527800	
526800	523600	528200	507600	512600	
535800	524200	510600	534800	519200	
502000	537200	511000	523600	520600	
507600	509000	513600	514600	522600	
511000	514000	526800	523200	526800	
521200	531800	535200	527800	518200	
529800	524200	532200	518200	516600	
555400	526800	540800	545800	525200	
529800	524600	525600	553400	535200	
535800	539400	527200	537800	526200	
528800	539800	542800	538800	542400	
520600	545400	520200	526200	520200	
543800	531200	530200	525600	530800	
528800	528200	534800	544800	531800	
521600	530800	516600	528800	528200	
522200	534800	528200	536200	541400	
528200	503600	528200	522200	531200	
523600	527800	532200	536800	527200	
536200	516200	541400	524200	528800	
524600	519200	517200	544400	525200	
523200	530200	534200	533200	515600	
540400	527800	517200	516200	526800	
535800	532800	545400	511000	524600	
521200	527200	524600	528200	533200	
531200	536800	519600	528200	528800	
524600	519200	510000	508600	509600	
521200	515600	529800	526200	524200	
530800	533200	517600	515600	539400	
519600	522600	544400	533200	519600	
525600	521200	503600	537200	530200	
525200	514600	523200	533200	516600	
519600	526800	516600	520200	515200	
530200	536800	515600	526800	524600	
522600	512000	516200	516600	538800	
511600	505600	514600	509600	511000	
531800	524200	515600	519600	508000	
532800	530200	521200	529200	525600	
540400	520200	517600	522200	528200	
531200	532200	523200	523200	533200	
529800	522600	519200	523600	524600	
525600	525200	512600	515600	526200	
517200	521200	532800	521600	529800	
531200	528200	519600	536200	529200	
535800	512000	521600	525600	517600	
526800	538200	529800	518600	518200	
531800	498400	521200	524600	529200	
538800	526800	529200	529800	513600	
532800	512000	514600	524200	518600	
531800	521200	522600	525600	526800	
520200	508000	521600	498000	530200	
532800	538200	515600	532200	529800	
523200	521200	513600	516600	531800	
512000	514000	517200	521200	536200	
523600	513600	521200	526800	525200	
530200	518200	505600	502000	533200	
536200	517200	510600	524200	515600	
527800	526800	521600	520200	527800	
510000	527200	523600	532800	535200	
519600	523600	524600	536200	528800	
512000	522200	532800	506000	516600	
529200	517600	519200	517200	508600	
532800	519200	513600	531200	510600	
522200	518600	526800	512000	519600	
517600	518600	520200	515200	521200	
511000	523200	533200	526200	508000	
507600	520600	518600	511600	528200	
520200	516600	518600	530800	508000	
513000	517200	519200	513000	523600	
530800	521200	521200	515600	527800	
523600	525600	528800	515200	519200	
517600	524200	512000	522600	526200	
515200	499000	531200	522200	522200	
509600	509600	514600	517600	540800	
521200	529800	526800	514600	524600	
525600	521600	533200	528800	511600	
524600	512000	527200	525200	511000	
526800	514600	525600	521200	505000	
521600	516600	510000	528800	508000	
509600	502600	509000	525200	513000	
525600	516600	513600	527200	515600	
514000	513000	517600	535800	520600	
508000	515200	508600	525600	514600	
512600	517200	515200	514000	520200	
526800	511000	524600	510600	505600	
507600	529200	507600	519600	520600	
523200	510600	512600	525600	506000	
524200	511600	517200	508600	519200	
522200	529800	523600	516200	522200	
512000	521600	513000	512000	520600	
505600	521600	523600	524600	526200	
516600	516200	510000	537800	512000	
520200	514600	515600	526200	526800	
521200	514600	522600	514000	516200	
524200	519600	519600	514000	522200	
521600	525600	509600	515200	516200	
513000	520200	513000	513600	505000	
519200	511000	509600	515200	516200	
520600	506000	512000	523200	520200	
518200	522600	526800	516200	528200	
531800	510600	516600	513600	522200	
516600	527200	513600	523600	527800	
524600	517600	509600	523600	521200	
530200	522200	518200	522600	507000	
518200	524200	506000	507000	514000	
512600	518200	513000	512600	524200	
519200	513600	522600	512600	522600	
514000	527800	520600	519600	523600	
526200	520200	512000	522200	519600	
519200	519200	512000	523600	517200	
526200	517200	517600	514000	525200	
520600	514600	512000	518200	527200	
520200	523600	507000	513600	532800	
529200	520200	536200	530200	527800	
515600	510600	513000	507600	523600	
517200	516600	526800	535200	523600	
531200	514000	516200	528200	505600	
516200	526800	525600	514600	511000	
531800	525200	516200	514000	518600	
520600	521200	517600	524600	517600	
526800	510000	524200	507600	523600	
524600	515200	520200	528200	520600	
523200	506000	522600	513000	525600	
521600	508600	526200	513000	528200	
517200	530800	518600	520200	506600	
520200	515200	519200	522600	522600	
521200	530800	512000	513000	536200	
517600	508000	509000	496400	504600	
524600	520200	527200	529800	506000	
501400	526200	505000	513000	510000	
507000	523600	504600	527200	516200	
511600	525200	519200	516600	512000	
523600	511000	508600	512000	529200	
509000	513000	521600	519600	501000	
518600	519200	506600	529800	512000	
516600	516600	514000	531800	523200	
522600	519600	524600	514000	523200	
502600	514600	514000	517200	514600	
513600	515600	513600	503600	523600	
494000	517600	515200	510600	499000	
503000	514000	519200	520600	504600	
510000	530800	514000	511000	515600	
511000	521200	516200	506600	505000	
514600	517600	527800	499400	521600	
508000	518600	520600	506000	507600	
504600	523200	517600	513000	520200	
516200	526200	525200	507600	515600	
498400	520600	510000	524200	516600	
515200	517600	515600	511600	527800	
517200	519200	522200	503000	503600	
511000	504600	517600	510600	507000	
513000	517200	512600	519600	519600	
515200	510000	528200	524200	529200	
502600	512600	509600	512600	509600	
507600	506600	496000	506600	524600	
515600	519200	506600	513000	508600	
508600	513600	522200	522600	515600	
498400	520200	515200	524200	515600	
524200	525200	512600	518200	515600	
503600	496000	525200	523200	501000	
510600	506600	512000	515600	517200	
515200	509600	512000	511000	509600	
500000	509000	512600	510000	503600	
512000	508600	514000	527200	511600	
526800	507000	528800	509600	523600	
508000	526200	515200	508600	504600	
517600	507600	507000	518600	515600	
504000	499400	512000	518200	512600	
499000	526200	517200	513600	507600	
509000	521600	519200	501400	512600	
485800	501000	515600	523200	518200	
506600	506600	506600	523200	497400	
520200	511600	502000	509000	524200	
503600	517200	510600	519600	501400	
501400	510600	525600	520600	505000	
510000	509600	515600	509600	503000	
505000	516200	529200	508600	498400	
495000	512600	501000	508600	498000	
523600	518600	512000	523600	515600	
508600	511000	508600	511000	504600	
526200	499400	509600	514600	510600	
510600	514000	506600	520200	511000	
499400	513000	524600	518200	505000	
504600	501000	509000	502600	517600	
518200	502600	514000	508600	519200	
509000	501400	521600	513000	525200	
516200	517200	505000	497000	515600	
511600	516600	508000	503000	504600	
512000	514600	508600	512000	513600	
501000	519200	499000	512000	518600	
506600	505600	515600	504600	518600	
497000	501400	513600	504600	510600	
505600	511000	522200	500400	513000	
510000	517200	518200	521200	503600	
504600	501400	514600	525200	513000	
510000	513600	524600	515200	512000	
510600	515600	514600	518200	517200	
509600	503600	504000	515200	496400	
501000	516600	512000	514600	502600	
503000	511600	507000	505600	496400	
498000	490400	518200	501400	505000	
512000	498400	508000	506000	505600	
502600	496400	519200	505600	513000	
500400	509000	509000	518200	505000	
516600	527800	505600	508600	510000	
521200	497000	507000	517600	516600	
509000	497000	509000	511000	533800	
507000	515200	502600	510600	509600	
509000	503600	507600	496000	521600	
516200	509600	507600	506000	504000	
512600	522600	504600	502600	513000	
508600	505600	515600	514600	508600	
512600	510600	500000	502000	519600	
504600	508600	508600	517200	504600	
515200	511600	514600	503000	500000	
511000	511000	520200	508000	516600	
498000	505600	510600	500000	514000	
518200	519200	517200	508000	490400	
509000	505000	503000	492400	505000	
514600	509600	509000	501400	506000	
504600	508600	511000	508000	499000	
496000	513600	506000	502000	514000	
508000	502600	497400	509000	514000	
510600	501400	523600	511000	508600	
518200	496400	507600	511600	516200	
497000	514000	516600	518200	507600	
511000	510600	500000	513000	494000	
510000	508000	511600	523600	498000	
504000	499400	501400	518600	509000	
514000	507000	520600	491400	506000	
509600	491000	519200	502000	500400	
508600	509000	515200	522600	510000	
510000	518200	495400	505600	523200	
502000	511600	491400	507000	510600	
513000	516600	528200	493400	498000	
509600	501400	497400	516200	514000	
498000	507600	506600	516200	527200	
510000	502000	505600	503600	504600	
499000	516600	525600	504600	521200	
508600	507000	508000	494400	509000	
499400	495400	514600	507000	504000	
499000	513600	508000	504000	507600	
495000	516200	505600	507600	508000	
522600	495000	508600	495000	496400	
513000	512600	501000	509000	507600	
505600	520600	497000	504600	514000	
501400	510600	510000	502000	505600	
508600	501000	506600	512600	506000	
498000	524600	510000	513600	511000	
503600	505000	507600	493400	501400	
504600	498000	502600	491000	505000	
506600	514000	507000	509000	507600	
494000	516600	501000	490000	501000	
509000	499000	509000	515600	504600	
505600	512600	510600	495400	504600	
508000	501000	515200	518600	511600	
518200	498000	508600	498400	491400	
504000	504000	513600	502000	504600	
507600	503600	508600	514600	508000	
502600	493000	502000	497400	517200	
513000	494400	505600	493000	510600	
505000	513000	513000	505000	499400	
508000	512000	512600	531200	491000	
507600	494400	518200	507000	478800	
518200	506600	498000	532800	506600	
518600	505000	511600	513600	527200	
513600	510600	498400	502600	507600	
525200	495000	499000	502600	493400	
500400	498000	511000	512600	522600	
512000	496000	502000	520200	512000	
498000	495400	504600	500400	516600	
485400	514000	498000	516200	503600	
511600	496400	509600	510000	506600	
509000	505000	502600	513000	511000	
487800	492000	513000	508000	511000	
510000	510600	504000	507000	510000	
510000	510600	504000	507000	510000	
510000	510600	504000	507000	510000	
