3400	3400	3400	3400	3400	
5.7106e+06	5.7106e+06	5.7106e+06	5.7106e+06	5.7106e+06	
422800	421400	409200	423800	426400	
404200	417800	420400	415800	408200	
411200	408800	411800	406800	415200	
402600	417400	420400	421400	415800	
400600	408800	414800	406200	412200	
404800	403200	416800	396600	419400	
409800	407200	407800	417400	403600	
421400	413800	409200	403600	421400	
418800	409200	393600	412200	428400	
415800	420800	424800	423800	430000	
411800	429400	416800	427800	429400	
416200	426400	423400	411200	426400	
421400	416200	430400	434400	416200	
426800	429400	433400	423800	423800	
431400	444000	423800	427400	429400	
443600	451600	438000	458600	432400	
447000	444000	457600	434400	439000	
451600	446000	449000	449000	459200	
454200	447600	456600	446600	450600	
453600	452600	463600	453600	453600	
448600	464600	458600	468200	462200	
512600	509000	526200	524600	519600	
677400	681400	677000	666800	664800	
680400	678400	678000	687000	687000	
693600	677000	717800	695600	676400	
691000	709200	709200	691600	686600	
700600	718200	704600	707600	723400	
695600	707600	688000	689000	693000	
714200	711200	705600	713200	711200	
711800	724400	742000	713800	710200	
745400	723400	740400	737000	728400	
769600	756000	760600	773200	747600	
781200	771200	764200	737400	753600	
747000	742400	739000	762600	765600	
745000	759000	739000	766200	754000	
764600	743400	736000	765600	785400	
758600	766200	755000	733400	760600	
761600	750600	762200	749600	745400	
781800	773200	777800	768200	758600	
791800	804000	807000	780200	802400	
797400	789800	798400	791800	804000	
812600	802400	804000	807000	798400	
801000	806400	809600	807000	807000	
810000	827200	815000	820600	803400	
830200	794800	806400	816600	820600	
806000	808000	808600	805000	807000	
823600	801400	804000	825600	805400	
788400	788400	779800	778200	775200	
751600	768200	762200	756000	771800	
765600	768200	763200	780200	763200	
782800	783800	762200	760200	775200	
736400	761600	764600	755600	744400	
738000	736000	727400	749000	744400	
764600	762200	767200	763200	763600	
792800	798400	806000	788400	764600	
841800	839200	844800	844800	843200	
847800	875600	879000	869400	861000	
883200	835800	868400	874600	864000	
806400	831600	842200	825200	819000	
825600	838800	825200	806400	816600	
827200	821600	814600	836800	826600	
805000	808600	828600	826600	819600	
843800	845400	824200	838200	822200	
879000	869400	878600	868000	870000	
885600	893200	875000	884200	898200	
872000	867400	858000	885200	872000	
893200	882200	895200	884200	884600	
899800	889200	899800	878600	900800	
914400	907400	911800	905800	894800	
905200	900200	915400	908800	905800	
916800	921400	910800	932600	913800	
960800	942000	983000	962200	971400	
989000	1.002e+06	1.0082e+06	1.0056e+06	983400	
1.0308e+06	1.002e+06	999000	1.004e+06	1.0348e+06	
1.0404e+06	995600	1.0192e+06	1.0208e+06	1.0082e+06	
1.0036e+06	1.004e+06	1.0188e+06	1.0126e+06	999000	
983400	1.002e+06	1.0106e+06	1.002e+06	999600	
964200	999000	1e+06	980400	985400	
984000	993000	978400	994000	984000	
976800	970400	973400	971800	969800	
990400	992000	1.0222e+06	1.0314e+06	1.0338e+06	
1.0278e+06	1.0314e+06	1.0394e+06	1.0576e+06	997600	
1.0454e+06	1.054e+06	1.0788e+06	1.0686e+06	1.047e+06	
1.0596e+06	1.065e+06	1.0908e+06	1.0736e+06	1.0626e+06	
1.0398e+06	1.0494e+06	1.063e+06	1.0524e+06	1.0464e+06	
1.0192e+06	1.0404e+06	1.0142e+06	1.0328e+06	1.0146e+06	
1.044e+06	1.042e+06	1.058e+06	1.053e+06	1.0298e+06	
1.058e+06	1.048e+06	1.0616e+06	1.0726e+06	1.0354e+06	
1.048e+06	1.0384e+06	1.0324e+06	1.0238e+06	1.0252e+06	
983400	981400	978800	993000	983000	
993600	997000	988000	1.0132e+06	987000	
975400	973400	971400	974800	990400	
932000	949200	946200	960800	954200	
919000	906200	913400	941000	904800	
944200	944200	933000	937000	950200	
962200	965200	964800	950200	969400	
966200	976400	977400	957200	941600	
985000	981400	989000	994600	1.003e+06	
1.053e+06	1.06e+06	1.0464e+06	1.052e+06	1.061e+06	
1.0756e+06	1.0616e+06	1.057e+06	1.0662e+06	1.0788e+06	
1.0424e+06	1.059e+06	1.058e+06	1.0636e+06	1.065e+06	
1.0818e+06	1.11e+06	1.0852e+06	1.0944e+06	1.0808e+06	
1.1166e+06	1.1014e+06	1.0984e+06	1.109e+06	1.0862e+06	
1.1654e+06	1.1568e+06	1.1694e+06	1.1578e+06	1.121e+06	
1.1952e+06	1.2122e+06	1.2078e+06	1.177e+06	1.1604e+06	
1.2038e+06	1.2208e+06	1.1952e+06	1.2416e+06	1.2158e+06	
1.1892e+06	1.177e+06	1.1836e+06	1.17e+06	1.1714e+06	
1.1386e+06	1.1372e+06	1.1306e+06	1.1302e+06	1.1246e+06	
1.0958e+06	1.0994e+06	1.0928e+06	1.125e+06	1.113e+06	
1.0862e+06	1.118e+06	1.0828e+06	1.1064e+06	1.1256e+06	
1.1282e+06	1.1104e+06	1.1246e+06	1.1518e+06	1.111e+06	
1.1628e+06	1.167e+06	1.1866e+06	1.1876e+06	1.1866e+06	
1.1932e+06	1.2128e+06	1.2144e+06	1.2002e+06	1.2334e+06	
1.167e+06	1.1734e+06	1.1594e+06	1.1806e+06	1.1876e+06	
1.1196e+06	1.1104e+06	1.109e+06	1.1144e+06	1.105e+06	
1.062e+06	1.056e+06	1.064e+06	1.0656e+06	1.0878e+06	
1.0328e+06	998600	1.0156e+06	1.0132e+06	1.0278e+06	
997600	967200	990000	975800	986400	
956200	965800	990000	969400	967800	
982000	962200	952600	980400	967800	
1.0056e+06	1.0076e+06	1.0268e+06	1.0086e+06	1.0066e+06	
1.105e+06	1.1008e+06	1.1034e+06	1.0862e+06	1.0662e+06	
1.2002e+06	1.1618e+06	1.1966e+06	1.1836e+06	1.1634e+06	
1.228e+06	1.2168e+06	1.225e+06	1.2134e+06	1.2228e+06	
1.1946e+06	1.1976e+06	1.2002e+06	1.1836e+06	1.1956e+06	
1.1628e+06	1.2002e+06	1.2078e+06	1.1876e+06	1.1684e+06	
1.1886e+06	1.1976e+06	1.2028e+06	1.2012e+06	1.1578e+06	
1.2198e+06	1.232e+06	1.2678e+06	1.234e+06	1.2118e+06	
1.248e+06	1.2556e+06	1.2516e+06	1.2658e+06	1.2416e+06	
1.2516e+06	1.249e+06	1.2198e+06	1.247e+06	1.2208e+06	
1.2446e+06	1.24e+06	1.236e+06	1.2602e+06	1.2174e+06	
1.2416e+06	1.2834e+06	1.2456e+06	1.2628e+06	1.237e+06	
1.239e+06	1.2904e+06	1.2516e+06	1.248e+06	1.2522e+06	
1.2592e+06	1.2768e+06	1.2788e+06	1.2658e+06	1.2728e+06	
1.3464e+06	1.3302e+06	1.3418e+06	1.3354e+06	1.3232e+06	
1.4406e+06	1.4276e+06	1.4114e+06	1.4276e+06	1.419e+06	
1.4846e+06	1.5056e+06	1.4886e+06	1.5022e+06	1.5026e+06	
1.4936e+06	1.5032e+06	1.4886e+06	1.4962e+06	1.493e+06	
1.5572e+06	1.5112e+06	1.5022e+06	1.54e+06	1.5042e+06	
1.555e+06	1.5622e+06	1.534e+06	1.599e+06	1.5556e+06	
1.6076e+06	1.609e+06	1.595e+06	1.6444e+06	1.6236e+06	
1.6484e+06	1.6066e+06	1.594e+06	1.607e+06	1.5828e+06	
1.4956e+06	1.5036e+06	1.5112e+06	1.5072e+06	1.4956e+06	
1.3902e+06	1.4008e+06	1.3802e+06	1.3686e+06	1.3852e+06	
1.2148e+06	1.2274e+06	1.2436e+06	1.225e+06	1.2112e+06	
1.0788e+06	1.0494e+06	1.0948e+06	1.1134e+06	1.0868e+06	
1.0408e+06	1.0682e+06	1.044e+06	1.0746e+06	1.0524e+06	
1.1618e+06	1.171e+06	1.1458e+06	1.165e+06	1.1518e+06	
1.3776e+06	1.3494e+06	1.3766e+06	1.3806e+06	1.355e+06	
1.4966e+06	1.4956e+06	1.5148e+06	1.538e+06	1.4996e+06	
1.5908e+06	1.6116e+06	1.6292e+06	1.6412e+06	1.6402e+06	
1.6846e+06	1.672e+06	1.7104e+06	1.6624e+06	1.6918e+06	
1.6242e+06	1.6348e+06	1.6332e+06	1.6308e+06	1.609e+06	
1.492e+06	1.477e+06	1.5238e+06	1.5046e+06	1.4688e+06	
1.2894e+06	1.3172e+06	1.3086e+06	1.3354e+06	1.289e+06	
1.1876e+06	1.1966e+06	1.2168e+06	1.2178e+06	1.1922e+06	
1.306e+06	1.3156e+06	1.2894e+06	1.29e+06	1.3026e+06	
1.55e+06	1.544e+06	1.5626e+06	1.5602e+06	1.5666e+06	
1.8288e+06	1.7748e+06	1.794e+06	1.8026e+06	1.8022e+06	
1.9776e+06	1.9528e+06	1.964e+06	1.973e+06	1.97e+06	
2.083e+06	2.1136e+06	2.0944e+06	2.0628e+06	2.0648e+06	
2.1832e+06	2.1912e+06	2.1722e+06	2.2134e+06	2.1494e+06	
2.1882e+06	2.1782e+06	2.209e+06	2.2104e+06	2.1434e+06	
2.208e+06	2.2028e+06	2.2266e+06	2.1796e+06	2.1772e+06	
2.2326e+06	2.2196e+06	2.2554e+06	2.2346e+06	2.219e+06	
2.2362e+06	2.2826e+06	2.275e+06	2.2554e+06	2.223e+06	
2.3002e+06	2.3022e+06	2.3178e+06	2.3194e+06	2.2704e+06	
2.4278e+06	2.4448e+06	2.396e+06	2.3874e+06	2.3834e+06	
2.46e+06	2.411e+06	2.4268e+06	2.472e+06	2.389e+06	
2.472e+06	2.4614e+06	2.4706e+06	2.4752e+06	2.4404e+06	
2.5154e+06	2.472e+06	2.5064e+06	2.5068e+06	2.4816e+06	
2.4656e+06	2.4776e+06	2.4444e+06	2.47e+06	2.4358e+06	
2.4226e+06	2.408e+06	2.4066e+06	2.3854e+06	2.3532e+06	
2.4762e+06	2.4394e+06	2.4604e+06	2.4166e+06	2.407e+06	
2.4762e+06	2.4958e+06	2.4872e+06	2.4978e+06	2.4318e+06	
2.4836e+06	2.4378e+06	2.4802e+06	2.4226e+06	2.4716e+06	
2.411e+06	2.4454e+06	2.459e+06	2.456e+06	2.4308e+06	
2.4786e+06	2.4912e+06	2.4908e+06	2.4782e+06	2.467e+06	
2.5184e+06	2.5058e+06	2.5114e+06	2.515e+06	2.5008e+06	
2.4488e+06	2.4948e+06	2.4756e+06	2.4302e+06	2.4146e+06	
2.4554e+06	2.4902e+06	2.463e+06	2.5038e+06	2.4928e+06	
2.4594e+06	2.4756e+06	2.4162e+06	2.4268e+06	2.4856e+06	
2.5044e+06	2.4564e+06	2.5064e+06	2.468e+06	2.4614e+06	
2.5508e+06	2.521e+06	2.5472e+06	2.5164e+06	2.5568e+06	
2.5734e+06	2.5286e+06	2.5794e+06	2.5708e+06	2.5784e+06	
2.5704e+06	2.6172e+06	2.6016e+06	2.5986e+06	2.6152e+06	
2.6944e+06	2.6712e+06	2.712e+06	2.7246e+06	2.6884e+06	
2.7736e+06	2.8502e+06	2.833e+06	2.8148e+06	2.7872e+06	
2.829e+06	2.8058e+06	2.7664e+06	2.82e+06	2.8088e+06	
2.7272e+06	2.707e+06	2.7584e+06	2.7292e+06	2.652e+06	
2.6328e+06	2.5508e+06	2.5386e+06	2.5572e+06	2.5598e+06	
2.5306e+06	2.5582e+06	2.5366e+06	2.5466e+06	2.5456e+06	
2.6056e+06	2.6076e+06	2.588e+06	2.6122e+06	2.581e+06	
2.7686e+06	2.8264e+06	2.8048e+06	2.8204e+06	2.7624e+06	
2.9404e+06	2.896e+06	2.9056e+06	2.9404e+06	2.8784e+06	
2.9242e+06	2.8956e+06	2.963e+06	2.9378e+06	2.8708e+06	
2.9842e+06	3.004e+06	3.0166e+06	2.956e+06	2.9434e+06	
2.9308e+06	2.9126e+06	2.9808e+06	2.9364e+06	2.958e+06	
2.9238e+06	2.893e+06	2.9318e+06	2.9726e+06	2.9228e+06	
2.8582e+06	2.9026e+06	2.958e+06	2.9298e+06	2.8054e+06	
3.0004e+06	2.9662e+06	2.9908e+06	2.9782e+06	2.9908e+06	
3.0276e+06	3.005e+06	3.0054e+06	3.0256e+06	3.0544e+06	
3.0392e+06	3.0452e+06	3.0408e+06	3.0104e+06	2.9822e+06	
3.0568e+06	2.9978e+06	3.063e+06	3.0286e+06	2.9948e+06	
2.9988e+06	2.9878e+06	2.9904e+06	3.0074e+06	2.9692e+06	
3.0064e+06	3.0418e+06	3.0448e+06	3.0286e+06	3.0014e+06	
3.0896e+06	3.0448e+06	3.0664e+06	3.0836e+06	3.0846e+06	
3.2364e+06	3.1304e+06	3.1788e+06	3.2182e+06	3.1354e+06	
3.1526e+06	3.2086e+06	3.1828e+06	3.1748e+06	3.1586e+06	
3.1354e+06	3.0776e+06	3.1164e+06	3.141e+06	3.0976e+06	
3.0912e+06	3.0514e+06	3.0882e+06	3.078e+06	3.0282e+06	
3.0326e+06	3.0054e+06	3.0664e+06	3.0408e+06	3.006e+06	
3.0034e+06	3.0492e+06	3.0766e+06	3.072e+06	3.065e+06	
3.0846e+06	3.0478e+06	3.0584e+06	3.0776e+06	3.0734e+06	
3.1758e+06	3.1576e+06	3.1764e+06	3.1632e+06	3.1082e+06	
3.208e+06	3.1396e+06	3.2076e+06	3.1482e+06	3.14e+06	
3.1042e+06	3.1118e+06	3.1834e+06	3.195e+06	3.1028e+06	
3.135e+06	3.1386e+06	3.1228e+06	3.1824e+06	3.1134e+06	
3.1976e+06	3.2418e+06	3.2398e+06	3.2262e+06	3.1638e+06	
3.311e+06	3.2726e+06	3.3058e+06	3.3648e+06	3.2852e+06	
3.3704e+06	3.3774e+06	3.4022e+06	3.3886e+06	3.316e+06	
3.4304e+06	3.431e+06	3.4556e+06	3.4354e+06	3.4122e+06	
3.384e+06	3.4184e+06	3.4374e+06	3.4108e+06	3.3986e+06	
3.3316e+06	3.3034e+06	3.2974e+06	3.315e+06	3.2696e+06	
3.2162e+06	3.2322e+06	3.2076e+06	3.2338e+06	3.2252e+06	
3.2036e+06	3.19e+06	3.2596e+06	3.2016e+06	3.1632e+06	
3.192e+06	3.2086e+06	3.2228e+06	3.1874e+06	3.1486e+06	
3.2656e+06	3.2766e+06	3.3488e+06	3.3064e+06	3.2388e+06	
3.3362e+06	3.3492e+06	3.4036e+06	3.3784e+06	3.3678e+06	
3.3906e+06	3.4006e+06	3.4102e+06	3.4748e+06	3.378e+06	
3.4364e+06	3.452e+06	3.4506e+06	3.4264e+06	3.377e+06	
3.3604e+06	3.435e+06	3.447e+06	3.3942e+06	3.4042e+06	
3.3568e+06	3.3694e+06	3.3668e+06	3.3478e+06	3.327e+06	
3.388e+06	3.444e+06	3.4552e+06	3.4082e+06	3.4046e+06	
3.507e+06	3.4636e+06	3.5318e+06	3.453e+06	3.4814e+06	
3.4562e+06	3.5246e+06	3.4652e+06	3.5086e+06	3.4224e+06	
3.3932e+06	3.3982e+06	3.4586e+06	3.4158e+06	3.431e+06	
3.3396e+06	3.3018e+06	3.3184e+06	3.325e+06	3.2514e+06	
3.3422e+06	3.3654e+06	3.4234e+06	3.3472e+06	3.2974e+06	
3.4016e+06	3.4142e+06	3.4284e+06	3.4142e+06	3.4142e+06	
3.444e+06	3.4964e+06	3.4858e+06	3.4914e+06	3.441e+06	
3.4284e+06	3.4248e+06	3.4228e+06	3.445e+06	3.3578e+06	
3.308e+06	3.2732e+06	3.4364e+06	3.3332e+06	3.2912e+06	
3.2046e+06	3.2132e+06	3.2196e+06	3.1758e+06	3.1748e+06	
3.0156e+06	3.0196e+06	2.9954e+06	3.0336e+06	2.9762e+06	
2.7866e+06	2.7938e+06	2.8406e+06	2.8416e+06	2.7942e+06	
2.6928e+06	2.7488e+06	2.7034e+06	2.7136e+06	2.702e+06	
2.7992e+06	2.8502e+06	2.8078e+06	2.836e+06	2.7474e+06	
3.1344e+06	3.1934e+06	3.2076e+06	3.1658e+06	3.1652e+06	
3.5958e+06	3.5464e+06	3.51e+06	3.5584e+06	3.5468e+06	
3.7354e+06	3.7742e+06	3.8176e+06	3.7898e+06	3.7248e+06	
3.7308e+06	3.692e+06	3.75e+06	3.7208e+06	3.6518e+06	
3.698e+06	3.7358e+06	3.7712e+06	3.7026e+06	3.6886e+06	
3.7924e+06	3.747e+06	3.8358e+06	3.8574e+06	3.7622e+06	
3.8e+06	3.741e+06	3.7994e+06	3.8428e+06	3.7878e+06	
3.6654e+06	3.5666e+06	3.555e+06	3.5524e+06	3.5942e+06	
3.573e+06	3.6286e+06	3.5886e+06	3.5832e+06	3.6114e+06	
3.7626e+06	3.7278e+06	3.7716e+06	3.7474e+06	3.7314e+06	
3.8862e+06	3.82e+06	3.8716e+06	3.9088e+06	3.8106e+06	
3.9294e+06	3.939e+06	3.9512e+06	3.9466e+06	3.9012e+06	
4.0394e+06	4.004e+06	4.054e+06	4.0686e+06	4.0484e+06	
4.188e+06	4.2238e+06	4.23e+06	4.2052e+06	4.1356e+06	
4.1932e+06	4.233e+06	4.1876e+06	4.237e+06	4.1534e+06	
4.2688e+06	4.239e+06	4.3e+06	4.2048e+06	4.1734e+06	
4.1422e+06	4.1916e+06	4.1796e+06	4.2254e+06	4.1754e+06	
4.0742e+06	4.124e+06	4.0908e+06	4.1302e+06	4.0786e+06	
3.9642e+06	3.9758e+06	4.0404e+06	3.99e+06	3.9612e+06	
3.872e+06	3.9138e+06	3.9022e+06	3.8644e+06	3.8862e+06	
3.8332e+06	3.7686e+06	3.7884e+06	3.8634e+06	3.7308e+06	
3.9864e+06	3.992e+06	3.9678e+06	4.004e+06	3.9164e+06	
4.11e+06	4.0944e+06	4.1312e+06	4.1326e+06	4.0848e+06	
4.2828e+06	4.1826e+06	4.1916e+06	4.1776e+06	4.0888e+06	
4.2224e+06	4.1286e+06	4.174e+06	4.2178e+06	4.1114e+06	
4.2324e+06	4.1296e+06	4.1896e+06	4.1932e+06	4.0692e+06	
4.2536e+06	4.1896e+06	4.3156e+06	4.2874e+06	4.2334e+06	
4.423e+06	4.4346e+06	4.4054e+06	4.4204e+06	4.3782e+06	
4.535e+06	4.6832e+06	4.5374e+06	4.5818e+06	4.4992e+06	
4.539e+06	4.5486e+06	4.6086e+06	4.614e+06	4.4986e+06	
4.7184e+06	4.6942e+06	4.7088e+06	4.7622e+06	4.6378e+06	
4.733e+06	4.719e+06	4.8052e+06	4.7396e+06	4.6534e+06	
4.6726e+06	4.655e+06	4.6876e+06	4.667e+06	4.6308e+06	
4.5994e+06	4.6412e+06	4.6972e+06	4.6488e+06	4.535e+06	
4.663e+06	4.7078e+06	4.6958e+06	4.7114e+06	4.6308e+06	
4.6872e+06	4.6812e+06	4.7608e+06	4.7058e+06	4.6458e+06	
4.7758e+06	4.7548e+06	4.786e+06	4.7764e+06	4.72e+06	
4.8e+06	4.7874e+06	4.8026e+06	4.8822e+06	4.7926e+06	
4.7678e+06	4.8046e+06	4.8106e+06	4.7704e+06	4.668e+06	
4.6372e+06	4.5506e+06	4.6454e+06	4.6716e+06	4.599e+06	
4.5162e+06	4.5052e+06	4.4572e+06	4.5274e+06	4.4856e+06	
4.6352e+06	4.6338e+06	4.612e+06	4.6312e+06	4.5596e+06	
4.7148e+06	4.7032e+06	4.7824e+06	4.7032e+06	4.6948e+06	
4.7764e+06	4.7622e+06	4.8148e+06	4.7824e+06	4.7486e+06	
4.968e+06	4.9266e+06	5.0052e+06	4.9518e+06	4.8842e+06	
5.0022e+06	4.9916e+06	5.0708e+06	5.0472e+06	4.965e+06	
4.9458e+06	4.9292e+06	5.0794e+06	5.0366e+06	4.8968e+06	
4.9534e+06	5.0314e+06	5.0346e+06	4.9942e+06	4.8838e+06	
4.977e+06	4.9488e+06	5.0576e+06	4.985e+06	4.9494e+06	
5.0072e+06	5.0188e+06	5.0612e+06	5.0476e+06	4.9694e+06	
5.214e+06	5.088e+06	5.1322e+06	5.1722e+06	5.036e+06	
5.1102e+06	5.0708e+06	5.2084e+06	5.1394e+06	5.0678e+06	
5.3158e+06	5.2598e+06	5.2714e+06	5.3036e+06	5.2154e+06	
5.4534e+06	5.4564e+06	5.395e+06	5.406e+06	5.3784e+06	
5.2376e+06	5.2942e+06	5.3404e+06	5.3658e+06	5.2654e+06	
5.3006e+06	5.2488e+06	5.3012e+06	5.2942e+06	5.1958e+06	
5.277e+06	5.3178e+06	5.291e+06	5.329e+06	5.2154e+06	
5.041e+06	5.1172e+06	5.1258e+06	5.157e+06	5.1344e+06	
5.0092e+06	5.0492e+06	5.0284e+06	5.038e+06	4.9664e+06	
4.8872e+06	4.844e+06	4.8872e+06	4.918e+06	4.901e+06	
4.978e+06	4.9936e+06	4.9624e+06	5.0062e+06	4.9882e+06	
4.9956e+06	4.9846e+06	5.042e+06	5.0002e+06	4.9236e+06	
5.159e+06	5.1292e+06	5.2174e+06	5.1736e+06	5.042e+06	
5.163e+06	5.1358e+06	5.1564e+06	5.1292e+06	5.0602e+06	
5.1142e+06	5.0502e+06	5.1878e+06	5.1228e+06	5.106e+06	
5.095e+06	5.1626e+06	5.1348e+06	5.1606e+06	5.0376e+06	
5.2542e+06	5.2316e+06	5.337e+06	5.2846e+06	5.22e+06	
5.2048e+06	5.2584e+06	5.2322e+06	5.221e+06	5.1736e+06	
5.3652e+06	5.3304e+06	5.3798e+06	5.3208e+06	5.2654e+06	
5.3224e+06	5.3652e+06	5.3904e+06	5.2946e+06	5.282e+06	
5.3562e+06	5.3456e+06	5.3582e+06	5.3404e+06	5.289e+06	
5.5416e+06	5.4852e+06	5.5406e+06	5.5456e+06	5.466e+06	
5.4152e+06	5.3732e+06	5.467e+06	5.3878e+06	5.3944e+06	
5.3148e+06	5.2896e+06	5.3506e+06	5.342e+06	5.3374e+06	
5.2442e+06	5.2936e+06	5.391e+06	5.3732e+06	5.2604e+06	
5.3002e+06	5.3606e+06	5.3194e+06	5.351e+06	5.2346e+06	
5.3254e+06	5.3848e+06	5.4246e+06	5.4322e+06	5.329e+06	
5.3884e+06	5.4086e+06	5.3586e+06	5.3496e+06	5.3142e+06	
5.3138e+06	5.2982e+06	5.3642e+06	5.3374e+06	5.3092e+06	
5.4226e+06	5.4272e+06	5.4468e+06	5.4408e+06	5.4318e+06	
5.4508e+06	5.452e+06	5.3738e+06	5.468e+06	5.3496e+06	
5.5714e+06	5.579e+06	5.6984e+06	5.6844e+06	5.5306e+06	
5.5654e+06	5.53e+06	5.6072e+06	5.534e+06	5.4912e+06	
5.6338e+06	5.6132e+06	5.6954e+06	5.6128e+06	5.5088e+06	
5.7116e+06	5.717e+06	5.7176e+06	5.7044e+06	5.6696e+06	
5.637e+06	5.6748e+06	5.6772e+06	5.6354e+06	5.6328e+06	
5.648e+06	5.6202e+06	5.7014e+06	5.655e+06	5.6626e+06	
5.7196e+06	5.7372e+06	5.7484e+06	5.709e+06	5.6298e+06	
5.7296e+06	5.6848e+06	5.713e+06	5.8048e+06	5.635e+06	
5.593e+06	5.6268e+06	5.6938e+06	5.6238e+06	5.6244e+06	
5.5508e+06	5.5814e+06	5.58e+06	5.6264e+06	5.5446e+06	
5.5784e+06	5.6006e+06	5.6022e+06	5.6354e+06	5.5644e+06	
5.5306e+06	5.535e+06	5.59e+06	5.5552e+06	5.4564e+06	
5.6646e+06	5.6702e+06	5.6036e+06	5.6928e+06	5.6182e+06	
5.6414e+06	5.6958e+06	5.6938e+06	5.6762e+06	5.65e+06	
5.7816e+06	5.7276e+06	5.7348e+06	5.902e+06	5.7846e+06	
5.6444e+06	5.6092e+06	5.6914e+06	5.697e+06	5.577e+06	
5.6092e+06	5.6188e+06	5.645e+06	5.644e+06	5.5804e+06	
5.6702e+06	5.648e+06	5.7388e+06	5.7418e+06	5.6178e+06	
5.7494e+06	5.7604e+06	5.7786e+06	5.777e+06	5.6308e+06	
5.7508e+06	5.7786e+06	5.8788e+06	5.8254e+06	5.7866e+06	
5.8084e+06	5.7806e+06	5.827e+06	5.8648e+06	5.71e+06	
5.96e+06	5.8966e+06	6.0176e+06	5.9384e+06	5.963e+06	
5.9576e+06	5.9858e+06	6.022e+06	5.96e+06	5.9706e+06	
6.026e+06	5.9742e+06	5.9792e+06	6.017e+06	5.9328e+06	
5.9192e+06	5.956e+06	5.963e+06	6.018e+06	5.8894e+06	
6.0256e+06	5.961e+06	6.0034e+06	5.9358e+06	5.9378e+06	
5.8562e+06	5.8396e+06	5.8526e+06	5.8406e+06	5.775e+06	
5.9904e+06	5.9168e+06	5.9116e+06	5.9702e+06	5.8688e+06	
6.0568e+06	6.087e+06	6.0604e+06	5.9998e+06	6.003e+06	
6.1738e+06	6.2282e+06	6.2186e+06	6.1838e+06	6.1234e+06	
6.4142e+06	6.4848e+06	6.4092e+06	6.3846e+06	6.3896e+06	
6.4294e+06	6.4032e+06	6.4814e+06	6.4622e+06	6.372e+06	
6.3472e+06	6.4002e+06	6.3714e+06	6.4056e+06	6.3008e+06	
6.2826e+06	6.3342e+06	6.3704e+06	6.3572e+06	6.2258e+06	
6.4752e+06	6.432e+06	6.4214e+06	6.557e+06	6.318e+06	
6.4172e+06	6.4758e+06	6.5156e+06	6.4768e+06	6.4308e+06	
6.6386e+06	6.5922e+06	6.6412e+06	6.5792e+06	6.503e+06	
6.7888e+06	6.7812e+06	6.7374e+06	6.7888e+06	6.693e+06	
6.7868e+06	6.742e+06	6.8064e+06	6.7706e+06	6.685e+06	
6.7722e+06	6.7072e+06	6.7908e+06	6.7958e+06	6.7328e+06	
6.7284e+06	6.7324e+06	6.8104e+06	6.756e+06	6.6854e+06	
6.749e+06	6.7984e+06	6.809e+06	6.7464e+06	6.7016e+06	
6.8302e+06	6.8398e+06	6.882e+06	6.8836e+06	6.7632e+06	
6.814e+06	6.7918e+06	6.925e+06	6.801e+06	6.747e+06	
6.941e+06	6.9456e+06	7.0288e+06	7.0092e+06	6.9386e+06	
7.0268e+06	7.1114e+06	7.1366e+06	7.2072e+06	7.1124e+06	
7.3186e+06	7.3868e+06	7.3716e+06	7.3524e+06	7.1952e+06	
7.2732e+06	7.2894e+06	7.368e+06	7.3574e+06	7.1684e+06	
7.358e+06	7.3236e+06	7.3216e+06	7.4512e+06	7.2924e+06	
7.2984e+06	7.3302e+06	7.4896e+06	7.3046e+06	7.246e+06	
7.6086e+06	7.6328e+06	7.6726e+06	7.617e+06	7.5414e+06	
7.5158e+06	7.6624e+06	7.669e+06	7.6634e+06	7.479e+06	
7.606e+06	7.5264e+06	7.597e+06	7.673e+06	7.5244e+06	
7.7926e+06	7.8268e+06	7.8198e+06	7.8026e+06	7.7588e+06	
7.789e+06	7.8358e+06	7.9084e+06	7.793e+06	7.7506e+06	
7.842e+06	7.7602e+06	7.8036e+06	7.8384e+06	7.6634e+06	
7.8944e+06	7.863e+06	7.8944e+06	7.8696e+06	7.7642e+06	
8.0184e+06	8.0198e+06	8.1086e+06	8.0092e+06	7.9674e+06	
7.9796e+06	8.043e+06	8.0456e+06	8.1036e+06	7.909e+06	
8.0944e+06	8.106e+06	8.2532e+06	8.2004e+06	7.9946e+06	
8.103e+06	8.0028e+06	8.0354e+06	8.0154e+06	7.9362e+06	
8.0698e+06	8.1238e+06	8.1534e+06	8.155e+06	7.9926e+06	
8.047e+06	8.1524e+06	8.1282e+06	8.1716e+06	8.0376e+06	
8.092e+06	8.0712e+06	8.1434e+06	8.156e+06	8.0032e+06	
8.0114e+06	8.0648e+06	8.0596e+06	8.044e+06	7.9302e+06	
8.2154e+06	8.2598e+06	8.221e+06	8.3068e+06	8.1206e+06	
8.105e+06	8.0834e+06	8.1278e+06	8.1726e+06	8.0138e+06	
7.901e+06	7.8964e+06	7.9074e+06	7.9272e+06	7.8328e+06	
7.374e+06	7.3352e+06	7.3988e+06	7.431e+06	7.3268e+06	
7.1412e+06	7.179e+06	7.1986e+06	7.1926e+06	7.0792e+06	
7.0716e+06	7.1744e+06	7.1714e+06	7.1196e+06	7.001e+06	
7.3454e+06	7.3574e+06	7.411e+06	7.3782e+06	7.368e+06	
7.847e+06	7.7602e+06	7.8052e+06	7.849e+06	7.7084e+06	
8.0628e+06	8.0208e+06	8.0102e+06	8.0778e+06	7.913e+06	
8.2658e+06	8.2392e+06	8.2674e+06	8.3098e+06	8.1136e+06	
8.461e+06	8.3924e+06	8.5068e+06	8.519e+06	8.3824e+06	
8.405e+06	8.396e+06	8.4318e+06	8.3772e+06	8.2392e+06	
8.4222e+06	8.4846e+06	8.4434e+06	8.521e+06	8.2932e+06	
8.7478e+06	8.7266e+06	8.7326e+06	8.7584e+06	8.6394e+06	
8.8774e+06	8.841e+06	8.9762e+06	8.8784e+06	8.8204e+06	
9.0568e+06	9.087e+06	9.017e+06	9.1048e+06	8.9146e+06	
9.0144e+06	8.9696e+06	8.9546e+06	9.0492e+06	8.8734e+06	
9.0028e+06	9.129e+06	9.196e+06	9.1642e+06	8.9636e+06	
8.9762e+06	8.8638e+06	8.9656e+06	8.9818e+06	8.9292e+06	
8.7862e+06	8.8194e+06	8.8556e+06	8.8936e+06	8.7958e+06	
8.5906e+06	8.6842e+06	8.764e+06	8.7554e+06	8.6062e+06	
8.6762e+06	8.6656e+06	8.647e+06	8.7408e+06	8.5814e+06	
8.8708e+06	8.8552e+06	8.8658e+06	8.896e+06	8.8028e+06	
9.1188e+06	9.15e+06	9.0628e+06	9.1506e+06	9.071e+06	
9.1112e+06	9.1108e+06	9.2136e+06	9.2126e+06	8.9944e+06	
9.1536e+06	9.1754e+06	9.1174e+06	9.1606e+06	9.086e+06	
9.1642e+06	9.258e+06	9.2776e+06	9.2752e+06	9.1168e+06	
9.327e+06	9.4062e+06	9.4606e+06	9.4698e+06	9.3004e+06	
9.5418e+06	9.497e+06	9.5312e+06	9.559e+06	9.496e+06	
9.507e+06	9.449e+06	9.4894e+06	9.4152e+06	9.271e+06	
9.4676e+06	9.451e+06	9.4666e+06	9.5296e+06	9.3512e+06	
9.5262e+06	9.451e+06	9.4864e+06	9.501e+06	9.3422e+06	
9.5644e+06	9.4898e+06	9.515e+06	9.5488e+06	9.2958e+06	
9.4592e+06	9.4848e+06	9.5816e+06	9.5604e+06	9.3916e+06	
9.635e+06	9.4974e+06	9.6074e+06	9.57e+06	9.497e+06	
9.5832e+06	9.691e+06	9.6844e+06	9.7e+06	9.4818e+06	
9.5256e+06	9.557e+06	9.5634e+06	9.6774e+06	9.5266e+06	
9.3876e+06	9.4178e+06	9.4718e+06	9.4838e+06	9.312e+06	
9.332e+06	9.2882e+06	9.3558e+06	9.3876e+06	9.267e+06	
9.2202e+06	9.203e+06	9.4264e+06	9.3624e+06	9.255e+06	
9.3982e+06	9.4742e+06	9.5806e+06	9.5534e+06	9.3734e+06	
9.5398e+06	9.4718e+06	9.616e+06	9.5266e+06	9.4374e+06	
9.3688e+06	9.4556e+06	9.5518e+06	9.5318e+06	9.4218e+06	
9.4036e+06	9.4016e+06	9.386e+06	9.4052e+06	9.3024e+06	
9.1944e+06	9.2222e+06	9.3034e+06	9.3048e+06	9.135e+06	
9.2448e+06	9.14e+06	9.1748e+06	9.2026e+06	8.9858e+06	
9.1132e+06	9.2272e+06	9.1602e+06	9.1864e+06	9.1032e+06	
9.0518e+06	9.0902e+06	9.1596e+06	9.2352e+06	9.0018e+06	
9.0644e+06	9.0926e+06	9.1248e+06	9.1748e+06	9.0458e+06	
9.2026e+06	9.1996e+06	9.258e+06	9.252e+06	9.0578e+06	
9.3446e+06	9.3508e+06	9.3856e+06	9.4032e+06	9.3008e+06	
9.4606e+06	9.4298e+06	9.5594e+06	9.494e+06	9.3246e+06	
9.4834e+06	9.3866e+06	9.513e+06	9.5186e+06	9.3764e+06	
9.4258e+06	9.4248e+06	9.4602e+06	9.4218e+06	9.2584e+06	
9.2842e+06	9.3068e+06	9.324e+06	9.3038e+06	9.1688e+06	
9.3532e+06	9.4066e+06	9.4928e+06	9.4158e+06	9.3558e+06	
9.5594e+06	9.5676e+06	9.5876e+06	9.5276e+06	9.4148e+06	
9.6486e+06	9.6598e+06	9.7026e+06	9.6804e+06	9.5872e+06	
9.7954e+06	9.8756e+06	9.9144e+06	9.9366e+06	9.87e+06	
9.8402e+06	9.9598e+06	9.9068e+06	9.8956e+06	9.7656e+06	
1.00102e+07	9.93e+06	1.00192e+07	9.9324e+06	9.7944e+06	
9.7218e+06	9.7964e+06	9.7672e+06	9.805e+06	9.68e+06	
9.7888e+06	9.7874e+06	9.878e+06	9.8084e+06	9.625e+06	
9.6422e+06	9.5696e+06	9.6664e+06	9.6542e+06	9.5826e+06	
9.4208e+06	9.5428e+06	9.5538e+06	9.5434e+06	9.438e+06	
9.4984e+06	9.4748e+06	9.4052e+06	9.51e+06	9.3644e+06	
9.455e+06	9.5478e+06	9.4908e+06	9.62e+06	9.4828e+06	
9.7318e+06	9.762e+06	9.7148e+06	9.9208e+06	9.6548e+06	
9.7874e+06	9.7884e+06	9.7792e+06	9.8448e+06	9.695e+06	
9.8382e+06	9.8024e+06	9.819e+06	9.75e+06	9.7288e+06	
9.7904e+06	9.7682e+06	9.7888e+06	9.7252e+06	9.68e+06	
9.7162e+06	9.6538e+06	9.758e+06	9.7096e+06	9.6774e+06	
9.6274e+06	9.7202e+06	9.6642e+06	9.698e+06	9.5458e+06	
9.7842e+06	9.7798e+06	9.8346e+06	9.938e+06	9.6698e+06	
9.9168e+06	1.00228e+07	1.00544e+07	1.00358e+07	9.9204e+06	
9.8422e+06	9.8252e+06	9.9546e+06	9.8866e+06	9.7208e+06	
9.8186e+06	9.7994e+06	9.802e+06	9.7788e+06	9.7464e+06	
9.8872e+06	9.7308e+06	9.9264e+06	9.8862e+06	9.689e+06	
9.7142e+06	9.697e+06	9.7284e+06	9.7358e+06	9.631e+06	
9.6296e+06	9.495e+06	9.6406e+06	9.6446e+06	9.5262e+06	
9.6396e+06	9.6714e+06	9.7228e+06	9.692e+06	9.5312e+06	
9.4854e+06	9.5222e+06	9.5518e+06	9.514e+06	9.4466e+06	
9.442e+06	9.4204e+06	9.4566e+06	9.5918e+06	9.3382e+06	
9.5362e+06	9.4934e+06	9.5412e+06	9.5004e+06	9.4218e+06	
9.5402e+06	9.5544e+06	9.5842e+06	9.5378e+06	9.5166e+06	
9.629e+06	9.6738e+06	9.7248e+06	9.755e+06	9.4364e+06	
9.6416e+06	9.6144e+06	9.679e+06	9.69e+06	9.4928e+06	
9.5312e+06	9.616e+06	9.6028e+06	9.5856e+06	9.4602e+06	
9.08e+06	9.1748e+06	9.2268e+06	9.1582e+06	9.0564e+06	
8.8492e+06	8.828e+06	8.7998e+06	8.8682e+06	8.7136e+06	
8.6092e+06	8.5582e+06	8.6308e+06	8.654e+06	8.5088e+06	
8.6702e+06	8.6576e+06	8.716e+06	8.6994e+06	8.6096e+06	
8.9062e+06	8.8496e+06	8.841e+06	8.9424e+06	8.8104e+06	
8.8572e+06	8.8824e+06	8.9132e+06	8.9464e+06	8.7684e+06	
8.903e+06	8.8824e+06	9.0124e+06	8.9832e+06	8.838e+06	
9.0714e+06	9.0346e+06	9.1324e+06	9.139e+06	9.0694e+06	
9.258e+06	9.2166e+06	9.251e+06	9.2988e+06	9.1592e+06	
9.4334e+06	9.4526e+06	9.4708e+06	9.496e+06	9.3462e+06	
9.6704e+06	9.5338e+06	9.686e+06	9.626e+06	9.5292e+06	
9.6516e+06	9.6516e+06	9.742e+06	9.7596e+06	9.5962e+06	
9.6896e+06	9.6916e+06	9.7424e+06	9.7324e+06	9.633e+06	
9.8584e+06	9.8518e+06	9.8962e+06	9.9072e+06	9.7052e+06	
9.927e+06	9.8548e+06	9.8862e+06	9.8756e+06	9.7778e+06	
9.861e+06	9.944e+06	9.9436e+06	1.00212e+07	9.7762e+06	
9.9446e+06	9.9466e+06	9.935e+06	9.929e+06	9.8332e+06	
9.7938e+06	9.815e+06	9.8538e+06	9.8336e+06	9.6758e+06	
9.7908e+06	9.882e+06	9.8156e+06	9.7484e+06	9.7808e+06	
9.7494e+06	9.68e+06	9.8074e+06	9.7632e+06	9.679e+06	
9.935e+06	9.9386e+06	9.9552e+06	9.9628e+06	9.807e+06	
1.01372e+07	1.0109e+07	1.01396e+07	1.0185e+07	9.9446e+06	
1.02808e+07	1.02602e+07	1.0247e+07	1.03056e+07	1.0121e+07	
1.0243e+07	1.02228e+07	1.02974e+07	1.03852e+07	1.01856e+07	
1.03232e+07	1.0234e+07	1.03458e+07	1.03236e+07	1.01638e+07	
1.02214e+07	1.02642e+07	1.02082e+07	1.03166e+07	1.00626e+07	
1.02848e+07	1.0296e+07	1.0234e+07	1.0292e+07	1.00554e+07	
9.9324e+06	1.00228e+07	1.00312e+07	1.00818e+07	9.8714e+06	
9.6916e+06	9.8084e+06	9.8356e+06	9.7364e+06	9.6648e+06	
9.4244e+06	9.4056e+06	9.4314e+06	9.4676e+06	9.27e+06	
9.4128e+06	9.4026e+06	9.3548e+06	9.5488e+06	9.2958e+06	
9.5212e+06	9.558e+06	9.6074e+06	9.6558e+06	9.4708e+06	
9.8478e+06	9.8044e+06	9.7642e+06	9.8004e+06	9.6462e+06	
1.00358e+07	9.8936e+06	1.00646e+07	1.00586e+07	9.8998e+06	
1.01644e+07	1.02078e+07	1.02324e+07	1.02718e+07	1.00308e+07	
1.03424e+07	1.04068e+07	1.04422e+07	1.04134e+07	1.02616e+07	
1.0478e+07	1.0536e+07	1.0609e+07	1.05808e+07	1.0374e+07	
1.03902e+07	1.03544e+07	1.03826e+07	1.0426e+07	1.03196e+07	
1.04512e+07	1.0362e+07	1.04754e+07	1.04602e+07	1.02904e+07	
1.04266e+07	1.0413e+07	1.04466e+07	1.04644e+07	1.02844e+07	
1.04834e+07	1.05308e+07	1.05142e+07	1.05592e+07	1.03686e+07	
1.04794e+07	1.0539e+07	1.05762e+07	1.05884e+07	1.04396e+07	
1.05636e+07	1.0557e+07	1.06166e+07	1.06362e+07	1.04688e+07	
1.05702e+07	1.05284e+07	1.06014e+07	1.06372e+07	1.042e+07	
1.02804e+07	1.03222e+07	1.03116e+07	1.0366e+07	1.0174e+07	
1.01448e+07	1.01018e+07	1.01508e+07	1.00988e+07	9.9734e+06	
9.9914e+06	9.993e+06	1.01256e+07	1.00218e+07	9.8836e+06	
1.00606e+07	9.9648e+06	1.01196e+07	1.00806e+07	9.9688e+06	
1.01174e+07	1.0191e+07	1.01976e+07	1.0172e+07	9.9698e+06	
1.02486e+07	1.01668e+07	1.0251e+07	1.02854e+07	1.00796e+07	
1.02526e+07	1.0245e+07	1.0291e+07	1.0296e+07	1.00692e+07	
1.01376e+07	1.02016e+07	1.03014e+07	1.01942e+07	1.0113e+07	
1.031e+07	1.02662e+07	1.03408e+07	1.04582e+07	1.02178e+07	
1.04456e+07	1.05026e+07	1.0537e+07	1.04508e+07	1.04028e+07	
1.0487e+07	1.0556e+07	1.0598e+07	1.0495e+07	1.03872e+07	
1.03882e+07	1.04456e+07	1.05152e+07	1.05056e+07	1.02864e+07	
1.04306e+07	1.03172e+07	1.04668e+07	1.0357e+07	1.02446e+07	
1.0191e+07	1.01438e+07	1.01932e+07	1.02088e+07	1.00238e+07	
1.01074e+07	1.02722e+07	1.0245e+07	1.02048e+07	1.00994e+07	
1.01422e+07	1.02142e+07	1.01674e+07	1.02178e+07	1.00066e+07	
1.02006e+07	1.01448e+07	1.01774e+07	1.0294e+07	1.0049e+07	
1.01774e+07	1.03116e+07	1.03792e+07	1.03544e+07	1.01774e+07	
1.03504e+07	1.0232e+07	1.03614e+07	1.03802e+07	1.01286e+07	
1.01724e+07	1.02344e+07	1.02934e+07	1.03166e+07	1.0118e+07	
1.01342e+07	1.01594e+07	1.0312e+07	1.02728e+07	1.0119e+07	
1.01542e+07	1.01488e+07	1.01044e+07	1.01346e+07	9.998e+06	
9.9118e+06	9.9234e+06	1.00398e+07	1.00016e+07	9.818e+06	
9.8402e+06	9.7848e+06	9.864e+06	9.8186e+06	9.7294e+06	
9.7874e+06	9.7904e+06	9.9002e+06	9.9098e+06	9.6462e+06	
9.7994e+06	9.8242e+06	9.8312e+06	9.8286e+06	9.6476e+06	
9.8428e+06	9.7898e+06	9.9844e+06	9.8806e+06	9.7404e+06	
9.9416e+06	1.00338e+07	1.0057e+07	9.9552e+06	9.8836e+06	
9.9208e+06	9.8982e+06	9.9446e+06	9.9966e+06	9.821e+06	
9.8942e+06	9.8856e+06	1.00464e+07	9.8982e+06	9.759e+06	
1.00122e+07	1.00106e+07	1.00324e+07	1.02022e+07	9.9234e+06	
1.00136e+07	9.9138e+06	1.00494e+07	9.9954e+06	9.8488e+06	
1.00126e+07	9.9884e+06	1.01018e+07	1.01478e+07	9.9002e+06	
1.01024e+07	9.991e+06	1.0125e+07	1.0125e+07	9.9586e+06	
1.01774e+07	1.01422e+07	1.00932e+07	1.01492e+07	1e+07	
1.00238e+07	1.00282e+07	1.00116e+07	1.01322e+07	9.938e+06	
1.0172e+07	1.0116e+07	1.01584e+07	1.03544e+07	1.00358e+07	
1.02954e+07	1.0239e+07	1.02158e+07	1.0247e+07	1.011e+07	
1.01084e+07	1.0113e+07	1.01498e+07	1.01004e+07	9.9114e+06	
1.0068e+07	1.0123e+07	1.01492e+07	1.00964e+07	1.00842e+07	
1.0046e+07	1.00984e+07	1.00842e+07	1.02058e+07	9.9658e+06	
9.9688e+06	1.00142e+07	1.0109e+07	1.00752e+07	9.9038e+06	
1.00102e+07	9.994e+06	9.9542e+06	1.00424e+07	9.9788e+06	
9.9108e+06	9.813e+06	9.9718e+06	9.937e+06	9.7706e+06	
9.7868e+06	9.7616e+06	9.806e+06	9.7586e+06	9.6164e+06	
9.8462e+06	9.8766e+06	9.8402e+06	9.7536e+06	9.7022e+06	
9.9264e+06	9.944e+06	9.7978e+06	9.9576e+06	9.7642e+06	
9.932e+06	9.9482e+06	9.99e+06	1.00408e+07	9.7378e+06	
9.9582e+06	9.9254e+06	9.9622e+06	9.94e+06	9.863e+06	
1.00324e+07	1.00006e+07	9.9986e+06	1.00202e+07	9.8756e+06	
9.9148e+06	9.9068e+06	9.9824e+06	1.0056e+07	9.8882e+06	
9.9758e+06	1.00364e+07	9.9774e+06	1.00278e+07	9.7948e+06	
1.0007e+07	9.9818e+06	9.9672e+06	1.00806e+07	9.9168e+06	
9.8538e+06	9.8714e+06	9.9386e+06	1.00282e+07	9.8584e+06	
9.8674e+06	9.9386e+06	9.9496e+06	9.8998e+06	9.8216e+06	
9.9058e+06	9.9502e+06	9.9828e+06	9.9914e+06	9.8104e+06	
1.00288e+07	9.926e+06	1.01276e+07	1.0051e+07	9.866e+06	
1.00364e+07	9.9692e+06	1.01044e+07	9.9502e+06	9.819e+06	
9.8266e+06	1.00212e+07	9.9314e+06	9.8736e+06	9.7938e+06	
9.9576e+06	9.8962e+06	9.935e+06	9.9294e+06	9.7884e+06	
9.88e+06	9.747e+06	9.867e+06	9.8644e+06	9.7978e+06	
9.879e+06	9.9092e+06	9.9698e+06	9.9204e+06	9.7672e+06	
9.8382e+06	9.8786e+06	1.00126e+07	1.00242e+07	9.8266e+06	
9.937e+06	9.9688e+06	9.9754e+06	9.9416e+06	9.923e+06	
9.9884e+06	9.999e+06	1.01186e+07	1.01014e+07	9.9128e+06	
1.0005e+07	1.00868e+07	1.00732e+07	1.00288e+07	9.9572e+06	
1.00388e+07	9.9562e+06	1.0065e+07	1.00514e+07	9.9334e+06	
9.8674e+06	9.817e+06	9.9778e+06	9.9642e+06	9.7768e+06	
9.8886e+06	9.8114e+06	9.8936e+06	9.924e+06	9.7798e+06	
9.7812e+06	9.8146e+06	9.7706e+06	9.7832e+06	9.6336e+06	
9.6008e+06	9.6214e+06	9.627e+06	9.6512e+06	9.564e+06	
9.619e+06	9.6884e+06	9.6048e+06	9.6078e+06	9.5478e+06	
9.6492e+06	9.6674e+06	9.7334e+06	9.7056e+06	9.4738e+06	
9.6224e+06	9.6098e+06	9.7762e+06	9.7278e+06	9.556e+06	
9.6108e+06	9.6044e+06	9.748e+06	9.6764e+06	9.5624e+06	
9.4026e+06	9.385e+06	9.4258e+06	9.44e+06	9.324e+06	
9.3644e+06	9.4516e+06	9.3654e+06	9.3972e+06	9.3412e+06	
9.3432e+06	9.3704e+06	9.3986e+06	9.4218e+06	9.2384e+06	
9.3856e+06	9.4022e+06	9.4964e+06	9.5136e+06	9.314e+06	
9.5014e+06	9.451e+06	9.4702e+06	9.4446e+06	9.2868e+06	
9.5438e+06	9.5368e+06	9.6028e+06	9.5886e+06	9.4682e+06	
9.558e+06	9.6376e+06	9.6452e+06	9.6486e+06	9.504e+06	
9.75e+06	9.7556e+06	9.823e+06	9.7964e+06	9.5604e+06	
9.618e+06	9.5866e+06	9.7208e+06	9.7162e+06	9.5156e+06	
9.6134e+06	9.5216e+06	9.6148e+06	9.5514e+06	9.517e+06	
9.6104e+06	9.5192e+06	9.577e+06	9.6516e+06	9.4708e+06	
9.566e+06	9.5382e+06	9.6336e+06	9.678e+06	9.443e+06	
9.6406e+06	9.5872e+06	9.7026e+06	9.7092e+06	9.5328e+06	
9.6936e+06	9.6234e+06	9.7198e+06	9.6734e+06	9.5348e+06	
9.622e+06	9.688e+06	9.7202e+06	9.6602e+06	9.5766e+06	
9.568e+06	9.631e+06	9.62e+06	9.626e+06	9.501e+06	
9.6356e+06	9.5438e+06	9.62e+06	9.6502e+06	9.5116e+06	
9.6768e+06	9.5896e+06	9.5896e+06	9.687e+06	9.4616e+06	
9.4078e+06	9.5494e+06	9.56e+06	9.6758e+06	9.4586e+06	
9.502e+06	9.511e+06	9.5948e+06	9.5906e+06	9.3846e+06	
9.3876e+06	9.331e+06	9.497e+06	9.5574e+06	9.4062e+06	
9.3194e+06	9.3422e+06	9.3436e+06	9.4142e+06	9.2686e+06	
9.4602e+06	9.4022e+06	9.502e+06	9.3866e+06	9.3372e+06	
9.4446e+06	9.512e+06	9.6466e+06	9.4788e+06	9.4294e+06	
9.574e+06	9.5896e+06	9.6032e+06	9.696e+06	9.4592e+06	
9.5988e+06	9.5644e+06	9.6502e+06	9.6552e+06	9.4928e+06	
9.622e+06	9.5912e+06	9.624e+06	9.619e+06	9.4506e+06	
9.4374e+06	9.4456e+06	9.5004e+06	9.5398e+06	9.3276e+06	
9.4434e+06	9.2908e+06	9.4672e+06	9.394e+06	9.325e+06	
9.3654e+06	9.4042e+06	9.515e+06	9.4636e+06	9.3582e+06	
9.4308e+06	9.3946e+06	9.4274e+06	9.4772e+06	9.3548e+06	
9.2378e+06	9.3386e+06	9.3236e+06	9.4772e+06	9.2742e+06	
9.329e+06	9.2494e+06	9.3214e+06	9.326e+06	9.3024e+06	
9.31e+06	9.267e+06	9.3532e+06	9.3296e+06	9.128e+06	
9.1248e+06	9.129e+06	9.2478e+06	9.1628e+06	9.0104e+06	
9.204e+06	9.0952e+06	9.2232e+06	9.1144e+06	9.065e+06	
9.0962e+06	9.1506e+06	9.144e+06	9.1778e+06	9.0124e+06	
9.2912e+06	9.2454e+06	9.3034e+06	9.203e+06	9.194e+06	
9.2534e+06	9.2822e+06	9.3346e+06	9.264e+06	9.1754e+06	
9.3784e+06	9.3572e+06	9.4662e+06	9.441e+06	9.2752e+06	
9.3266e+06	9.2962e+06	9.3966e+06	9.4138e+06	9.2288e+06	
9.4914e+06	9.3966e+06	9.5604e+06	9.6452e+06	9.2892e+06	
9.383e+06	9.4218e+06	9.394e+06	9.5296e+06	9.3084e+06	
9.4016e+06	9.3764e+06	9.4874e+06	9.4056e+06	9.3472e+06	
9.3382e+06	9.499e+06	9.4142e+06	9.4642e+06	9.3406e+06	
9.3552e+06	9.33e+06	9.3018e+06	9.4788e+06	9.2216e+06	
9.2958e+06	9.1808e+06	9.311e+06	9.3532e+06	9.1612e+06	
9.1526e+06	9.139e+06	9.147e+06	9.1496e+06	9.0488e+06	
9.1198e+06	9.0902e+06	9.1364e+06	9.2398e+06	9.0906e+06	
9.1536e+06	9.127e+06	9.1944e+06	9.2298e+06	9.0356e+06	
9.1542e+06	9.1446e+06	9.1144e+06	9.2398e+06	9.0306e+06	
9.0892e+06	9.192e+06	9.1562e+06	9.15e+06	8.9692e+06	
9.208e+06	9.21e+06	9.2796e+06	9.2248e+06	9.0826e+06	
9.0574e+06	9.1244e+06	9.1546e+06	9.1364e+06	9.0276e+06	
9.1722e+06	9.086e+06	9.1682e+06	9.206e+06	9.0024e+06	
8.9546e+06	8.9852e+06	9.0518e+06	9.1002e+06	8.897e+06	
9.0674e+06	9.0614e+06	8.9918e+06	9.1178e+06	8.8642e+06	
8.9324e+06	8.8768e+06	8.9712e+06	9.013e+06	8.7916e+06	
8.9404e+06	8.8946e+06	8.9862e+06	9.0044e+06	8.8532e+06	
8.9656e+06	8.9924e+06	9.0462e+06	9.0412e+06	8.8496e+06	
9.004e+06	9.0054e+06	9.075e+06	9.0468e+06	8.943e+06	
9.013e+06	9.0624e+06	9.0548e+06	9.1208e+06	8.8512e+06	
9.1006e+06	9.0306e+06	9.0256e+06	9.1814e+06	9.0104e+06	
8.9424e+06	9.0508e+06	9.0392e+06	9.0534e+06	8.903e+06	
9.073e+06	9.1078e+06	9.1556e+06	9.1864e+06	9.018e+06	
9.0498e+06	9.1274e+06	9.144e+06	9.1238e+06	9.0488e+06	
9.1058e+06	9.1364e+06	9.0724e+06	9.0578e+06	9.02e+06	
9.1122e+06	9.131e+06	9.0962e+06	9.199e+06	9.007e+06	
9.137e+06	9.0976e+06	9.2258e+06	9.138e+06	9.0054e+06	
9.0352e+06	9.1068e+06	9.0724e+06	9.1078e+06	9.0014e+06	
9.0226e+06	9.015e+06	9.128e+06	9.2056e+06	9.0332e+06	
9.0644e+06	9.1112e+06	9.0972e+06	9.08e+06	9.065e+06	
9.1002e+06	9.1334e+06	9.083e+06	9.0598e+06	8.9062e+06	
9.0124e+06	9.0986e+06	9.074e+06	9.133e+06	8.9358e+06	
8.898e+06	8.9772e+06	9.0236e+06	9.014e+06	8.8552e+06	
8.9626e+06	8.89e+06	8.9566e+06	8.9036e+06	8.7236e+06	
8.7242e+06	8.8466e+06	8.8718e+06	8.8008e+06	8.6248e+06	
8.72e+06	8.76e+06	8.7508e+06	8.711e+06	8.5814e+06	
8.652e+06	8.6506e+06	8.591e+06	8.6606e+06	8.6298e+06	
8.7488e+06	8.6818e+06	8.709e+06	8.712e+06	8.6854e+06	
8.6944e+06	8.7044e+06	8.7398e+06	8.7942e+06	8.5678e+06	
8.6994e+06	8.6696e+06	8.763e+06	8.7408e+06	8.6566e+06	
8.6632e+06	8.6656e+06	8.6894e+06	8.7524e+06	8.5734e+06	
8.6016e+06	8.5366e+06	8.6884e+06	8.7452e+06	8.5048e+06	
8.533e+06	8.535e+06	8.4518e+06	8.5038e+06	8.4136e+06	
8.3848e+06	8.1852e+06	8.2644e+06	8.2604e+06	8.1212e+06	
7.978e+06	8.0178e+06	8.047e+06	8.038e+06	7.8964e+06	
7.8086e+06	7.779e+06	7.856e+06	7.8102e+06	7.672e+06	
7.674e+06	7.6004e+06	7.6812e+06	7.6786e+06	7.5692e+06	
7.7396e+06	7.6952e+06	7.7778e+06	7.735e+06	7.6388e+06	
7.851e+06	7.8328e+06	7.8646e+06	7.8314e+06	7.7336e+06	
7.8978e+06	7.8994e+06	7.9462e+06	7.9608e+06	7.8652e+06	
7.923e+06	7.8828e+06	7.9408e+06	7.968e+06	7.7446e+06	
8.0894e+06	7.9882e+06	8.1364e+06	8.0798e+06	7.9554e+06	
7.9508e+06	8.0134e+06	8.0798e+06	8.088e+06	7.9548e+06	
8.0128e+06	8.0058e+06	8.0516e+06	8.1438e+06	7.9598e+06	
8.0602e+06	7.9796e+06	8.151e+06	8.1232e+06	8.0068e+06	
8.088e+06	8.0506e+06	8.0466e+06	8.036e+06	7.903e+06	
8.162e+06	8.0954e+06	8.106e+06	8.1182e+06	8.0194e+06	
8.0526e+06	8.1252e+06	8.1888e+06	8.087e+06	7.97e+06	
7.9724e+06	7.9952e+06	8.0788e+06	8.044e+06	7.9956e+06	
7.966e+06	7.9912e+06	8.0114e+06	8.0854e+06	7.9382e+06	
7.9518e+06	7.9412e+06	8.0662e+06	8.0446e+06	7.842e+06	
7.9432e+06	7.9412e+06	7.986e+06	7.9528e+06	7.7976e+06	
7.8566e+06	7.8354e+06	7.8772e+06	7.904e+06	7.7154e+06	
7.8998e+06	7.9176e+06	7.9594e+06	7.964e+06	7.852e+06	
7.9412e+06	7.9398e+06	7.9578e+06	8.0522e+06	7.8566e+06	
8.0068e+06	7.9044e+06	8.0718e+06	8.033e+06	7.8228e+06	
7.968e+06	8.0072e+06	8.0188e+06	8.0224e+06	7.7834e+06	
7.9478e+06	7.9442e+06	8.026e+06	8.027e+06	7.9236e+06	
8.0058e+06	7.9786e+06	8.0718e+06	7.9796e+06	7.8388e+06	
7.9408e+06	7.9462e+06	7.9352e+06	8.0124e+06	7.843e+06	
7.8272e+06	7.8348e+06	7.8974e+06	7.9272e+06	7.7214e+06	
7.8716e+06	7.854e+06	7.8948e+06	7.9644e+06	7.8106e+06	
7.8272e+06	7.8474e+06	7.845e+06	7.9734e+06	7.7316e+06	
7.8934e+06	7.8858e+06	7.9378e+06	7.9266e+06	7.8434e+06	
7.9266e+06	7.9412e+06	7.9468e+06	7.9704e+06	7.796e+06	
7.8082e+06	7.9322e+06	7.8998e+06	7.859e+06	7.7824e+06	
7.8424e+06	7.8882e+06	7.9176e+06	7.8364e+06	7.7356e+06	
7.8696e+06	7.79e+06	7.786e+06	7.9176e+06	7.7542e+06	
7.92e+06	7.8202e+06	7.9262e+06	7.8964e+06	7.8464e+06	
7.739e+06	7.721e+06	7.7138e+06	7.791e+06	7.601e+06	
7.7492e+06	7.796e+06	7.7708e+06	7.8354e+06	7.656e+06	
7.7098e+06	7.6786e+06	7.8494e+06	7.7874e+06	7.6302e+06	
7.6942e+06	7.725e+06	7.6916e+06	7.7184e+06	7.6528e+06	
7.669e+06	7.724e+06	7.7446e+06	7.7744e+06	7.6614e+06	
7.7674e+06	7.6382e+06	7.7476e+06	7.793e+06	7.6952e+06	
7.861e+06	7.856e+06	7.8394e+06	7.8212e+06	7.6902e+06	
7.8232e+06	7.8238e+06	7.9302e+06	7.9256e+06	7.841e+06	
7.919e+06	7.8722e+06	7.9756e+06	7.8858e+06	7.7068e+06	
7.851e+06	7.911e+06	7.915e+06	7.9282e+06	7.7144e+06	
7.852e+06	7.9136e+06	7.8702e+06	7.921e+06	7.7794e+06	
7.8686e+06	7.8862e+06	7.904e+06	7.907e+06	7.7588e+06	
7.9372e+06	7.858e+06	7.9332e+06	7.9422e+06	7.792e+06	
7.8388e+06	7.7724e+06	7.8882e+06	7.8526e+06	7.7592e+06	
7.8706e+06	7.7854e+06	7.8894e+06	7.8808e+06	7.7244e+06	
7.7472e+06	7.666e+06	7.8662e+06	7.7652e+06	7.6342e+06	
7.6856e+06	7.72e+06	7.9262e+06	7.8852e+06	7.6952e+06	
7.8076e+06	7.7522e+06	7.8752e+06	7.7768e+06	7.7088e+06	
7.677e+06	7.7526e+06	7.7884e+06	7.8722e+06	7.6584e+06	
7.7754e+06	7.8218e+06	7.797e+06	7.7966e+06	7.6408e+06	
7.6948e+06	7.551e+06	7.7502e+06	7.6856e+06	7.598e+06	
7.7134e+06	7.669e+06	7.7386e+06	7.6952e+06	7.6322e+06	
7.6352e+06	7.674e+06	7.7244e+06	7.7214e+06	7.606e+06	
7.6422e+06	7.7548e+06	7.7598e+06	7.72e+06	7.6272e+06	
7.6252e+06	7.6716e+06	7.6236e+06	7.6458e+06	7.5466e+06	
7.6262e+06	7.5834e+06	7.7164e+06	7.6296e+06	7.5656e+06	
7.5486e+06	7.5516e+06	7.6338e+06	7.6372e+06	7.4638e+06	
7.534e+06	7.66e+06	7.675e+06	7.5516e+06	7.486e+06	
7.4456e+06	7.5046e+06	7.5444e+06	7.6438e+06	7.4088e+06	
7.6086e+06	7.5642e+06	7.6862e+06	7.5732e+06	7.557e+06	
7.595e+06	7.6156e+06	7.6136e+06	7.6236e+06	7.6292e+06	
7.535e+06	7.484e+06	7.6126e+06	7.6034e+06	7.3614e+06	
7.5214e+06	7.4976e+06	7.5616e+06	7.5314e+06	7.3988e+06	
7.5672e+06	7.5046e+06	7.6306e+06	7.6086e+06	7.4184e+06	
7.491e+06	7.5586e+06	7.414e+06	7.5328e+06	7.3726e+06	
7.4896e+06	7.4422e+06	7.6076e+06	7.5632e+06	7.4422e+06	
7.4946e+06	7.4784e+06	7.494e+06	7.3636e+06	7.3696e+06	
7.5002e+06	7.3842e+06	7.4154e+06	7.4024e+06	7.2984e+06	
7.3252e+06	7.3372e+06	7.3842e+06	7.372e+06	7.244e+06	
7.351e+06	7.3646e+06	7.4804e+06	7.3928e+06	7.2632e+06	
7.4074e+06	7.4684e+06	7.5076e+06	7.414e+06	7.2244e+06	
7.3826e+06	7.4008e+06	7.418e+06	7.3716e+06	7.303e+06	
7.2446e+06	7.3186e+06	7.309e+06	7.2904e+06	7.2122e+06	
7.2224e+06	7.2596e+06	7.2702e+06	7.2824e+06	7.174e+06	
7.1608e+06	7.1926e+06	7.2626e+06	7.2752e+06	7.0484e+06	
7.0812e+06	7.1498e+06	7.106e+06	7.1578e+06	6.9894e+06	
7.2028e+06	7.1764e+06	7.2244e+06	7.2738e+06	7.0418e+06	
7.183e+06	7.174e+06	7.2002e+06	7.175e+06	7.1094e+06	
7.187e+06	7.2068e+06	7.2698e+06	7.2426e+06	7.1578e+06	
7.2712e+06	7.248e+06	7.3746e+06	7.3378e+06	7.168e+06	
7.2234e+06	7.2708e+06	7.2864e+06	7.3918e+06	7.125e+06	
7.239e+06	7.2562e+06	7.19e+06	7.244e+06	7.1492e+06	
7.2188e+06	7.2868e+06	7.3322e+06	7.3016e+06	7.2082e+06	
7.3004e+06	7.3046e+06	7.229e+06	7.2868e+06	7.2092e+06	
7.2742e+06	7.2828e+06	7.364e+06	7.2934e+06	7.2092e+06	
7.2904e+06	7.2364e+06	7.3504e+06	7.3746e+06	7.2092e+06	
7.2672e+06	7.2566e+06	7.3202e+06	7.3132e+06	7.2214e+06	
7.3468e+06	7.2838e+06	7.3882e+06	7.4044e+06	7.2556e+06	
7.2626e+06	7.3212e+06	7.358e+06	7.411e+06	7.1362e+06	
7.1932e+06	7.1972e+06	7.1896e+06	7.2128e+06	7.0576e+06	
7.2254e+06	7.2748e+06	7.3116e+06	7.3478e+06	7.0928e+06	
7.123e+06	7.181e+06	7.23e+06	7.1246e+06	7.0314e+06	
7.1216e+06	7.1846e+06	7.2088e+06	7.2228e+06	7.107e+06	
7.177e+06	7.0418e+06	7.1846e+06	7.0958e+06	7.0404e+06	
7.0202e+06	7.1342e+06	7.0288e+06	7.0898e+06	6.9768e+06	
7.127e+06	7.0944e+06	7.106e+06	7.107e+06	7.0126e+06	
6.9784e+06	7.0444e+06	7.0994e+06	7.003e+06	6.9658e+06	
6.9602e+06	6.9376e+06	6.9628e+06	7.0484e+06	6.8342e+06	
6.8196e+06	6.9094e+06	6.9618e+06	6.9526e+06	6.818e+06	
6.807e+06	6.878e+06	6.9522e+06	6.9134e+06	6.8428e+06	
6.8362e+06	6.7894e+06	6.8408e+06	6.9118e+06	6.7978e+06	
6.7948e+06	6.8262e+06	6.8382e+06	6.8548e+06	6.679e+06	
6.7182e+06	6.807e+06	6.752e+06	6.8362e+06	6.74e+06	
6.7682e+06	6.81e+06	6.7656e+06	6.9154e+06	6.7298e+06	
6.7848e+06	6.7864e+06	6.8292e+06	6.8372e+06	6.7948e+06	
6.8296e+06	6.8508e+06	6.8766e+06	6.8472e+06	6.7914e+06	
6.7314e+06	6.742e+06	6.761e+06	6.82e+06	6.7168e+06	
6.7152e+06	6.7162e+06	6.7062e+06	6.7884e+06	6.6548e+06	
6.5962e+06	6.6512e+06	6.6552e+06	6.6174e+06	6.4702e+06	
6.6114e+06	6.5882e+06	6.686e+06	6.696e+06	6.6094e+06	
6.4838e+06	6.5932e+06	6.619e+06	6.5528e+06	6.5362e+06	
6.5806e+06	6.6124e+06	6.636e+06	6.6098e+06	6.5222e+06	
6.6018e+06	6.5882e+06	6.6396e+06	6.6376e+06	6.4626e+06	
6.5322e+06	6.4712e+06	6.5136e+06	6.565e+06	6.5086e+06	
6.443e+06	6.506e+06	6.5136e+06	6.5368e+06	6.3866e+06	
6.5328e+06	6.6022e+06	6.6254e+06	6.4984e+06	6.438e+06	
6.5328e+06	6.5524e+06	6.5726e+06	6.6088e+06	6.4904e+06	
6.4818e+06	6.4032e+06	6.4762e+06	6.445e+06	6.3588e+06	
6.4308e+06	6.4908e+06	6.4586e+06	6.5508e+06	6.3794e+06	
6.379e+06	6.435e+06	6.4486e+06	6.3886e+06	6.3246e+06	
6.4046e+06	6.4182e+06	6.4792e+06	6.5014e+06	6.3704e+06	
6.4258e+06	6.3502e+06	6.5066e+06	6.4148e+06	6.309e+06	
6.5518e+06	6.4248e+06	6.445e+06	6.4858e+06	6.3452e+06	
6.4828e+06	6.4002e+06	6.493e+06	6.455e+06	6.327e+06	
6.2988e+06	6.378e+06	6.3528e+06	6.4022e+06	6.319e+06	
6.3416e+06	6.383e+06	6.501e+06	6.4516e+06	6.2126e+06	
6.3614e+06	6.3478e+06	6.3562e+06	6.4032e+06	6.2958e+06	
6.3174e+06	6.3226e+06	6.3538e+06	6.3724e+06	6.2716e+06	
6.3658e+06	6.4022e+06	6.4758e+06	6.493e+06	6.2878e+06	
6.3422e+06	6.4052e+06	6.3614e+06	6.3528e+06	6.2514e+06	
6.2378e+06	6.3352e+06	6.2468e+06	6.327e+06	6.3276e+06	
6.2636e+06	6.3256e+06	6.3034e+06	6.3078e+06	6.1682e+06	
6.2772e+06	6.1658e+06	6.3004e+06	6.252e+06	6.1764e+06	
6.3034e+06	6.2126e+06	6.3542e+06	6.3356e+06	6.2116e+06	
6.3074e+06	6.2646e+06	6.3008e+06	6.3714e+06	6.1622e+06	
6.2868e+06	6.2132e+06	6.2308e+06	6.2848e+06	6.1996e+06	
6.271e+06	6.3518e+06	6.3184e+06	6.3114e+06	6.2248e+06	
6.267e+06	6.2786e+06	6.2786e+06	6.2766e+06	6.1198e+06	
6.1774e+06	6.2772e+06	6.2974e+06	6.2176e+06	6.065e+06	
6.2428e+06	6.2746e+06	6.2816e+06	6.3018e+06	6.1784e+06	
6.1728e+06	6.2358e+06	6.2328e+06	6.2202e+06	6.1838e+06	
6.137e+06	6.1542e+06	6.1566e+06	6.1944e+06	6.0744e+06	
6.1622e+06	6.0618e+06	6.1808e+06	6.1456e+06	6.0996e+06	
5.9974e+06	6.0302e+06	6.0674e+06	6.068e+06	5.958e+06	
6.0514e+06	6.079e+06	6.0482e+06	6.1218e+06	6.0282e+06	
5.9656e+06	5.9944e+06	6.024e+06	6.0024e+06	5.8804e+06	
5.9882e+06	5.9052e+06	5.9938e+06	6.0482e+06	5.8452e+06	
5.9172e+06	5.9344e+06	6.0724e+06	5.95e+06	5.8558e+06	
5.8558e+06	5.9116e+06	5.9536e+06	5.9062e+06	5.8442e+06	
5.8578e+06	5.8804e+06	5.9106e+06	5.9294e+06	5.7896e+06	
5.9056e+06	5.9248e+06	6.0034e+06	5.9692e+06	5.8668e+06	
5.8784e+06	5.9208e+06	5.9106e+06	5.8874e+06	5.8028e+06	
5.822e+06	5.9898e+06	5.8894e+06	5.9994e+06	5.8446e+06	
5.9112e+06	5.8854e+06	5.957e+06	5.9232e+06	5.7942e+06	
5.8748e+06	5.8042e+06	5.7982e+06	5.9198e+06	5.8064e+06	
5.8884e+06	5.7872e+06	5.8708e+06	5.9242e+06	5.7594e+06	
5.8708e+06	5.8578e+06	5.8516e+06	5.8704e+06	5.7524e+06	
5.8094e+06	5.7654e+06	5.8038e+06	5.8466e+06	5.7352e+06	
5.7664e+06	5.7806e+06	5.8114e+06	5.7968e+06	5.6304e+06	
5.704e+06	5.7706e+06	5.7926e+06	5.7644e+06	5.6394e+06	
5.653e+06	5.6632e+06	5.6676e+06	5.6652e+06	5.6168e+06	
5.6496e+06	5.6682e+06	5.7086e+06	5.6208e+06	5.6476e+06	
5.5382e+06	5.6248e+06	5.5854e+06	5.6798e+06	5.4968e+06	
5.585e+06	5.5548e+06	5.5804e+06	5.596e+06	5.5018e+06	
5.5568e+06	5.5376e+06	5.5668e+06	5.5538e+06	5.462e+06	
5.4862e+06	5.456e+06	5.587e+06	5.5054e+06	5.5164e+06	
5.4468e+06	5.4404e+06	5.4524e+06	5.5286e+06	5.2926e+06	
5.5336e+06	5.475e+06	5.535e+06	5.456e+06	5.4312e+06	
5.3864e+06	5.3934e+06	5.4448e+06	5.4866e+06	5.345e+06	
5.3016e+06	5.3052e+06	5.3652e+06	5.4342e+06	5.2614e+06	
5.2554e+06	5.2764e+06	5.3248e+06	5.4262e+06	5.2806e+06	
5.271e+06	5.2668e+06	5.3374e+06	5.2744e+06	5.211e+06	
5.2478e+06	5.2558e+06	5.2972e+06	5.2956e+06	5.1364e+06	
5.268e+06	5.3036e+06	5.3496e+06	5.394e+06	5.2352e+06	
5.3184e+06	5.285e+06	5.3238e+06	5.2992e+06	5.2286e+06	
5.403e+06	5.3742e+06	5.4136e+06	5.39e+06	5.2986e+06	
5.2992e+06	5.3354e+06	5.3718e+06	5.3712e+06	5.274e+06	
5.2684e+06	5.2836e+06	5.2518e+06	5.3404e+06	5.166e+06	
5.2724e+06	5.2164e+06	5.276e+06	5.4e+06	5.2518e+06	
5.3118e+06	5.2992e+06	5.2932e+06	5.28e+06	5.2266e+06	
5.3258e+06	5.3132e+06	5.3238e+06	5.3636e+06	5.2542e+06	
5.3364e+06	5.3456e+06	5.3234e+06	5.3138e+06	5.218e+06	
5.2896e+06	5.3092e+06	5.2996e+06	5.345e+06	5.2406e+06	
5.2422e+06	5.273e+06	5.3048e+06	5.3184e+06	5.2352e+06	
5.2438e+06	5.2154e+06	5.2568e+06	5.2542e+06	5.158e+06	
5.2316e+06	5.2618e+06	5.2518e+06	5.2648e+06	5.0788e+06	
5.1756e+06	5.2134e+06	5.1922e+06	5.2084e+06	5.1292e+06	
5.1066e+06	5.1408e+06	5.0996e+06	5.225e+06	5.0492e+06	
4.963e+06	5.0734e+06	5.0214e+06	5.0738e+06	4.9494e+06	
4.8822e+06	4.845e+06	4.8758e+06	4.9286e+06	4.8122e+06	
4.6382e+06	4.6736e+06	4.6786e+06	4.6972e+06	4.5646e+06	
4.5284e+06	4.5344e+06	4.4906e+06	4.551e+06	4.489e+06	
4.492e+06	4.5636e+06	4.5692e+06	4.5632e+06	4.546e+06	
4.5824e+06	4.5612e+06	4.665e+06	4.658e+06	4.5698e+06	
4.6802e+06	4.7108e+06	4.7022e+06	4.7578e+06	4.595e+06	
4.7628e+06	4.7834e+06	4.793e+06	4.9196e+06	4.727e+06	
4.9346e+06	4.9114e+06	4.919e+06	4.908e+06	4.8062e+06	
4.9094e+06	4.8132e+06	4.9886e+06	4.9674e+06	4.8378e+06	
4.965e+06	4.9534e+06	4.9942e+06	4.9746e+06	4.9724e+06	
5.024e+06	4.9534e+06	5.037e+06	5.0154e+06	4.9336e+06	
4.9472e+06	4.9936e+06	5.0662e+06	4.9962e+06	4.9432e+06	
5.0682e+06	5.0304e+06	5.0324e+06	5.0642e+06	4.975e+06	
4.9912e+06	5.026e+06	5.0532e+06	5.0738e+06	4.9644e+06	
5.024e+06	5.0386e+06	5.096e+06	5.1086e+06	4.9876e+06	
5.091e+06	5.0546e+06	5.163e+06	5.0764e+06	4.964e+06	
5.0052e+06	5.0002e+06	5.09e+06	5.0476e+06	5.0194e+06	
5.097e+06	5.0536e+06	5.0426e+06	5.106e+06	4.9504e+06	
5.0934e+06	5.0678e+06	5.1016e+06	5.0834e+06	5.0188e+06	
5.0144e+06	5.0314e+06	5.0814e+06	5.0134e+06	4.9588e+06	
5.0768e+06	5.0788e+06	5.1576e+06	5.0356e+06	5.0204e+06	
5.045e+06	5.0194e+06	5.0532e+06	5.1186e+06	4.9634e+06	
5.0072e+06	5.0218e+06	5.0366e+06	5.032e+06	4.9472e+06	
4.9462e+06	4.9432e+06	5.0118e+06	5.0008e+06	4.9544e+06	
4.9548e+06	4.9422e+06	4.9514e+06	4.9816e+06	4.8938e+06	
4.9166e+06	4.9468e+06	4.962e+06	4.9554e+06	4.9598e+06	
4.9322e+06	5.029e+06	5.031e+06	5.0154e+06	4.9126e+06	
4.9886e+06	4.983e+06	5.0244e+06	5.0556e+06	4.977e+06	
4.92e+06	4.9498e+06	4.9398e+06	4.9886e+06	4.8938e+06	
4.906e+06	4.9524e+06	4.9538e+06	4.9962e+06	4.8778e+06	
4.9504e+06	4.9736e+06	5.0144e+06	4.976e+06	4.9286e+06	
4.8646e+06	4.9262e+06	4.9302e+06	4.9362e+06	4.8706e+06	
4.9362e+06	4.9876e+06	4.9608e+06	5.0098e+06	4.8526e+06	
4.9252e+06	4.854e+06	4.8842e+06	4.9736e+06	4.8758e+06	
4.8758e+06	4.8888e+06	4.8872e+06	4.9588e+06	4.8546e+06	
4.9382e+06	4.8852e+06	4.9538e+06	4.9054e+06	4.8314e+06	
4.8348e+06	4.8868e+06	4.8818e+06	4.9292e+06	4.8148e+06	
4.8908e+06	4.8772e+06	4.8928e+06	4.8914e+06	4.844e+06	
4.8328e+06	4.8364e+06	4.8848e+06	4.8248e+06	4.8082e+06	
4.913e+06	4.8198e+06	4.8782e+06	4.8898e+06	4.8116e+06	
4.8132e+06	4.8682e+06	4.8642e+06	4.8884e+06	4.797e+06	
4.8338e+06	4.848e+06	4.8768e+06	4.9114e+06	4.8208e+06	
4.8914e+06	4.8238e+06	4.8712e+06	4.847e+06	4.785e+06	
4.8268e+06	4.8066e+06	4.851e+06	4.8822e+06	4.7512e+06	
4.7896e+06	4.791e+06	4.7728e+06	4.8536e+06	4.6922e+06	
4.7568e+06	4.7658e+06	4.8182e+06	4.8586e+06	4.7104e+06	
4.7376e+06	4.786e+06	4.7632e+06	4.7986e+06	4.731e+06	
4.7824e+06	4.7164e+06	4.7422e+06	4.7784e+06	4.6468e+06	
4.736e+06	4.7128e+06	4.8238e+06	4.7436e+06	4.6528e+06	
4.6992e+06	4.6872e+06	4.7296e+06	4.7184e+06	4.6066e+06	
4.7376e+06	4.6766e+06	4.6896e+06	4.7128e+06	4.674e+06	
4.6614e+06	4.734e+06	4.7548e+06	4.723e+06	4.667e+06	
4.7078e+06	4.7366e+06	4.7058e+06	4.7592e+06	4.73e+06	
4.737e+06	4.7446e+06	4.7426e+06	4.7038e+06	4.7068e+06	
4.7158e+06	4.7048e+06	4.7774e+06	4.7396e+06	4.598e+06	
4.6686e+06	4.7022e+06	4.7472e+06	4.7436e+06	4.6912e+06	
4.7008e+06	4.6948e+06	4.7044e+06	4.7012e+06	4.5888e+06	
4.6352e+06	4.667e+06	4.6564e+06	4.7032e+06	4.6644e+06	
4.6932e+06	4.6216e+06	4.5944e+06	4.6534e+06	4.5914e+06	
4.6644e+06	4.7032e+06	4.7174e+06	4.6242e+06	4.6196e+06	
4.6458e+06	4.6488e+06	4.659e+06	4.7482e+06	4.6282e+06	
4.655e+06	4.6358e+06	4.6024e+06	4.6202e+06	4.6202e+06	
4.5818e+06	4.6202e+06	4.6318e+06	4.6886e+06	4.5884e+06	
4.596e+06	4.6418e+06	4.6212e+06	4.6412e+06	4.5036e+06	
4.6328e+06	4.5708e+06	4.6524e+06	4.67e+06	4.5098e+06	
4.6096e+06	4.5918e+06	4.6584e+06	4.615e+06	4.536e+06	
4.6514e+06	4.661e+06	4.6644e+06	4.676e+06	4.6014e+06	
4.6096e+06	4.5914e+06	4.5984e+06	4.5622e+06	4.4962e+06	
4.5258e+06	4.5824e+06	4.5878e+06	4.5676e+06	4.49e+06	
4.608e+06	4.5082e+06	4.539e+06	4.553e+06	4.5112e+06	
4.4804e+06	4.549e+06	4.5208e+06	4.5748e+06	4.491e+06	
4.4982e+06	4.5404e+06	4.5088e+06	4.549e+06	4.4624e+06	
4.5158e+06	4.5278e+06	4.5646e+06	4.5738e+06	4.4468e+06	
4.5284e+06	4.493e+06	4.5802e+06	4.5752e+06	4.474e+06	
4.4594e+06	4.4648e+06	4.4452e+06	4.5036e+06	4.3928e+06	
4.5268e+06	4.4976e+06	4.5308e+06	4.5576e+06	4.4936e+06	
4.476e+06	4.4608e+06	4.5036e+06	4.4986e+06	4.4362e+06	
4.485e+06	4.4538e+06	4.5012e+06	4.5006e+06	4.4352e+06	
4.4658e+06	4.5098e+06	4.4336e+06	4.5118e+06	4.4608e+06	
4.4134e+06	4.4604e+06	4.5062e+06	4.4618e+06	4.3972e+06	
4.4078e+06	4.4336e+06	4.416e+06	4.3484e+06	4.4104e+06	
4.4658e+06	4.4482e+06	4.4164e+06	4.4744e+06	4.3454e+06	
4.3816e+06	4.4074e+06	4.3938e+06	4.411e+06	4.3468e+06	
4.3206e+06	4.3046e+06	4.359e+06	4.37e+06	4.2174e+06	
4.3348e+06	4.3152e+06	4.3016e+06	4.3852e+06	4.2914e+06	
4.2778e+06	4.2854e+06	4.2838e+06	4.3226e+06	4.291e+06	
4.236e+06	4.2708e+06	4.2648e+06	4.3222e+06	4.1638e+06	
4.2576e+06	4.2562e+06	4.3364e+06	4.3056e+06	4.2542e+06	
4.3056e+06	4.239e+06	4.2794e+06	4.309e+06	4.229e+06	
4.249e+06	4.2526e+06	4.2184e+06	4.2774e+06	4.189e+06	
4.1544e+06	4.1458e+06	4.2058e+06	4.1946e+06	4.1266e+06	
4.0454e+06	4.0318e+06	4.0702e+06	4.0888e+06	3.9814e+06	
3.754e+06	3.8206e+06	3.7106e+06	3.812e+06	3.7128e+06	
3.5478e+06	3.5518e+06	3.5518e+06	3.5862e+06	3.5468e+06	
3.4158e+06	3.3604e+06	3.4218e+06	3.445e+06	3.3406e+06	
3.4864e+06	3.437e+06	3.382e+06	3.4178e+06	3.4002e+06	
3.441e+06	3.4688e+06	3.4688e+06	3.4788e+06	3.4426e+06	
3.4668e+06	3.4314e+06	3.4582e+06	3.4898e+06	3.434e+06	
3.5182e+06	3.4738e+06	3.4678e+06	3.5e+06	3.438e+06	
3.5428e+06	3.5494e+06	3.5368e+06	3.509e+06	3.4456e+06	
3.5186e+06	3.5182e+06	3.5166e+06	3.6094e+06	3.5004e+06	
3.5342e+06	3.5156e+06	3.5782e+06	3.5468e+06	3.4844e+06	
3.5478e+06	3.5322e+06	3.5338e+06	3.5534e+06	3.555e+06	
3.5706e+06	3.5514e+06	3.5978e+06	3.5696e+06	3.554e+06	
3.575e+06	3.6356e+06	3.5772e+06	3.6144e+06	3.5686e+06	
3.5872e+06	3.6068e+06	3.6718e+06	3.6356e+06	3.575e+06	
3.635e+06	3.6552e+06	3.6734e+06	3.6416e+06	3.6608e+06	
3.7148e+06	3.739e+06	3.7046e+06	3.697e+06	3.6456e+06	
3.7036e+06	3.7042e+06	3.7344e+06	3.7264e+06	3.6402e+06	
3.7052e+06	3.698e+06	3.7566e+06	3.7128e+06	3.6462e+06	
3.6718e+06	3.6694e+06	3.7284e+06	3.696e+06	3.6386e+06	
3.6784e+06	3.6654e+06	3.6754e+06	3.7022e+06	3.5918e+06	
3.6336e+06	3.676e+06	3.6224e+06	3.6814e+06	3.574e+06	
3.5928e+06	3.5508e+06	3.6598e+06	3.6578e+06	3.5872e+06	
3.6098e+06	3.553e+06	3.5842e+06	3.573e+06	3.5266e+06	
3.559e+06	3.5856e+06	3.6164e+06	3.5912e+06	3.5212e+06	
3.5358e+06	3.5464e+06	3.5434e+06	3.5236e+06	3.57e+06	
3.5812e+06	3.6548e+06	3.5928e+06	3.6402e+06	3.5222e+06	
3.5644e+06	3.5408e+06	3.5952e+06	3.5992e+06	3.4874e+06	
3.5498e+06	3.5822e+06	3.5928e+06	3.5962e+06	3.4984e+06	
3.5792e+06	3.564e+06	3.6018e+06	3.565e+06	3.5256e+06	
3.5756e+06	3.6008e+06	3.6306e+06	3.615e+06	3.5414e+06	
3.6528e+06	3.6592e+06	3.6572e+06	3.6718e+06	3.621e+06	
3.6008e+06	3.57e+06	3.6426e+06	3.6074e+06	3.5988e+06	
3.6684e+06	3.6522e+06	3.6724e+06	3.6572e+06	3.6296e+06	
3.6014e+06	3.5978e+06	3.6024e+06	3.5862e+06	3.5474e+06	
3.6356e+06	3.6078e+06	3.5918e+06	3.5856e+06	3.559e+06	
3.4908e+06	3.5242e+06	3.5352e+06	3.5782e+06	3.506e+06	
3.5362e+06	3.5554e+06	3.4908e+06	3.5438e+06	3.4536e+06	
3.441e+06	3.4974e+06	3.4874e+06	3.5382e+06	3.4824e+06	
3.5066e+06	3.4844e+06	3.494e+06	3.4818e+06	3.4228e+06	
3.4894e+06	3.454e+06	3.446e+06	3.4814e+06	3.4722e+06	
3.3946e+06	3.386e+06	3.451e+06	3.4304e+06	3.4102e+06	
3.3982e+06	3.3794e+06	3.3774e+06	3.4032e+06	3.3548e+06	
3.3538e+06	3.3468e+06	3.382e+06	3.3982e+06	3.329e+06	
3.3916e+06	3.3774e+06	3.4032e+06	3.4032e+06	3.3498e+06	
3.3124e+06	3.329e+06	3.3764e+06	3.4294e+06	3.3502e+06	
3.3004e+06	3.3038e+06	3.3286e+06	3.2908e+06	3.2646e+06	
3.2816e+06	3.323e+06	3.3342e+06	3.3256e+06	3.2994e+06	
3.312e+06	3.3054e+06	3.2676e+06	3.2878e+06	3.2242e+06	
3.325e+06	3.3018e+06	3.3194e+06	3.3468e+06	3.2544e+06	
3.2722e+06	3.2918e+06	3.2792e+06	3.2822e+06	3.253e+06	
3.3206e+06	3.3206e+06	3.3216e+06	3.314e+06	3.2616e+06	
3.3094e+06	3.3048e+06	3.3356e+06	3.331e+06	3.313e+06	
3.3386e+06	3.3584e+06	3.3286e+06	3.3558e+06	3.2826e+06	
3.3512e+06	3.3468e+06	3.321e+06	3.3306e+06	3.2958e+06	
3.3326e+06	3.259e+06	3.3392e+06	3.2822e+06	3.2574e+06	
3.3174e+06	3.2792e+06	3.312e+06	3.3256e+06	3.2712e+06	
3.2988e+06	3.309e+06	3.3492e+06	3.3442e+06	3.2606e+06	
3.2822e+06	3.255e+06	3.3326e+06	3.2776e+06	3.186e+06	
3.2706e+06	3.2722e+06	3.3028e+06	3.3024e+06	3.251e+06	
3.2712e+06	3.2786e+06	3.2746e+06	3.253e+06	3.268e+06	
3.2796e+06	3.2484e+06	3.253e+06	3.2796e+06	3.203e+06	
3.2272e+06	3.2454e+06	3.328e+06	3.3124e+06	3.204e+06	
3.2378e+06	3.2766e+06	3.2438e+06	3.2388e+06	3.2272e+06	
3.1828e+06	3.2238e+06	3.2262e+06	3.254e+06	3.1648e+06	
3.198e+06	3.2384e+06	3.2696e+06	3.2484e+06	3.1532e+06	
3.2046e+06	3.2534e+06	3.2132e+06	3.2448e+06	3.1572e+06	
3.2086e+06	3.1954e+06	3.1642e+06	3.2298e+06	3.1566e+06	
3.2288e+06	3.1566e+06	3.2186e+06	3.197e+06	3.2136e+06	
3.1542e+06	3.2196e+06	3.1728e+06	3.2066e+06	3.1712e+06	
3.1324e+06	3.185e+06	3.1754e+06	3.1828e+06	3.0856e+06	
3.1314e+06	3.1934e+06	3.1682e+06	3.19e+06	3.1734e+06	
3.1586e+06	3.1198e+06	3.1556e+06	3.1824e+06	3.135e+06	
3.1628e+06	3.1904e+06	3.1576e+06	3.1934e+06	3.134e+06	
3.1446e+06	3.146e+06	3.1754e+06	3.194e+06	3.0766e+06	
3.1632e+06	3.133e+06	3.1198e+06	3.126e+06	3.1042e+06	
3.1214e+06	3.1188e+06	3.0962e+06	3.1144e+06	3.0766e+06	
3.1218e+06	3.086e+06	3.1406e+06	3.0972e+06	3.0574e+06	
3.1138e+06	3.0528e+06	3.1506e+06	3.135e+06	3.066e+06	
3.0664e+06	3.1052e+06	3.1048e+06	3.0438e+06	3.0734e+06	
3.0846e+06	3.0462e+06	3.0912e+06	3.0518e+06	2.9666e+06	
3.0458e+06	3.0634e+06	3.0534e+06	3.0694e+06	3.018e+06	
3.0074e+06	3.016e+06	3.02e+06	3.0528e+06	2.9862e+06	
3.0336e+06	3.0538e+06	2.9868e+06	3.1048e+06	3.011e+06	
3.0432e+06	3.0398e+06	3.0292e+06	3.0544e+06	2.9368e+06	
2.9828e+06	2.9898e+06	3.0326e+06	2.9998e+06	2.9934e+06	
2.9756e+06	2.9662e+06	2.9872e+06	2.9894e+06	2.9354e+06	
2.9868e+06	2.9768e+06	3.008e+06	2.9882e+06	2.9318e+06	
2.9464e+06	2.8778e+06	2.9168e+06	2.887e+06	2.8522e+06	
2.8894e+06	2.887e+06	2.8864e+06	2.9354e+06	2.8264e+06	
2.8078e+06	2.8496e+06	2.8532e+06	2.8496e+06	2.778e+06	
2.7116e+06	2.7454e+06	2.7136e+06	2.7116e+06	2.6934e+06	
2.6394e+06	2.6404e+06	2.648e+06	2.6506e+06	2.595e+06	
2.5114e+06	2.576e+06	2.532e+06	2.5976e+06	2.52e+06	
2.4802e+06	2.4786e+06	2.4646e+06	2.5058e+06	2.4534e+06	
2.407e+06	2.3874e+06	2.4438e+06	2.4368e+06	2.395e+06	
2.3678e+06	2.3718e+06	2.3536e+06	2.3606e+06	2.3122e+06	
2.2754e+06	2.2952e+06	2.328e+06	2.3204e+06	2.3098e+06	
2.2568e+06	2.285e+06	2.2628e+06	2.2432e+06	2.2246e+06	
2.216e+06	2.2462e+06	2.2512e+06	2.274e+06	2.2286e+06	
2.2306e+06	2.2302e+06	2.2764e+06	2.2044e+06	2.149e+06	
2.214e+06	2.2382e+06	2.2674e+06	2.2478e+06	2.1862e+06	
2.271e+06	2.2028e+06	2.2488e+06	2.2992e+06	2.2376e+06	
2.2704e+06	2.2774e+06	2.3048e+06	2.2912e+06	2.2674e+06	
2.3984e+06	2.3774e+06	2.3426e+06	2.3536e+06	2.3138e+06	
2.4026e+06	2.463e+06	2.459e+06	2.4086e+06	2.4192e+06	
2.456e+06	2.4962e+06	2.5442e+06	2.4928e+06	2.461e+06	
2.5608e+06	2.5644e+06	2.5972e+06	2.5488e+06	2.535e+06	
2.578e+06	2.5532e+06	2.589e+06	2.584e+06	2.5834e+06	
2.5784e+06	2.5286e+06	2.5856e+06	2.5286e+06	2.521e+06	
2.5522e+06	2.519e+06	2.5592e+06	2.5562e+06	2.518e+06	
2.4822e+06	2.454e+06	2.4856e+06	2.4812e+06	2.4656e+06	
2.3632e+06	2.3808e+06	2.4236e+06	2.4308e+06	2.3632e+06	
2.3858e+06	2.3532e+06	2.4206e+06	2.3868e+06	2.3662e+06	
2.3344e+06	2.3522e+06	2.3894e+06	2.3582e+06	2.2966e+06	
2.3062e+06	2.3752e+06	2.3088e+06	2.3688e+06	2.3022e+06	
2.2966e+06	2.3026e+06	2.3174e+06	2.29e+06	2.286e+06	
2.329e+06	2.285e+06	2.3158e+06	2.3102e+06	2.2624e+06	
2.2806e+06	2.2906e+06	2.3394e+06	2.2932e+06	2.2478e+06	
2.3214e+06	2.3122e+06	2.3168e+06	2.2942e+06	2.2714e+06	
2.3072e+06	2.2936e+06	2.3158e+06	2.3668e+06	2.279e+06	
2.344e+06	2.33e+06	2.3592e+06	2.3486e+06	2.2912e+06	
2.2946e+06	2.3542e+06	2.3878e+06	2.3194e+06	2.2796e+06	
2.3016e+06	2.2774e+06	2.345e+06	2.3198e+06	2.2982e+06	
2.2856e+06	2.2468e+06	2.2886e+06	2.3032e+06	2.2468e+06	
2.2714e+06	2.2266e+06	2.274e+06	2.27e+06	2.2714e+06	
2.277e+06	2.274e+06	2.3058e+06	2.285e+06	2.2786e+06	
2.2866e+06	2.3244e+06	2.3148e+06	2.2866e+06	2.2618e+06	
2.2578e+06	2.2508e+06	2.3026e+06	2.3022e+06	2.2438e+06	
2.279e+06	2.2604e+06	2.3068e+06	2.2796e+06	2.1838e+06	
2.278e+06	2.2846e+06	2.2992e+06	2.284e+06	2.2246e+06	
2.2704e+06	2.288e+06	2.3154e+06	2.3058e+06	2.2786e+06	
2.3048e+06	2.287e+06	2.2836e+06	2.3108e+06	2.289e+06	
2.2608e+06	2.2312e+06	2.2846e+06	2.2982e+06	2.2548e+06	
2.2724e+06	2.2704e+06	2.2976e+06	2.3234e+06	2.2856e+06	
2.267e+06	2.334e+06	2.329e+06	2.3184e+06	2.2412e+06	
2.2764e+06	2.3154e+06	2.3026e+06	2.2962e+06	2.2806e+06	
2.3208e+06	2.3632e+06	2.3446e+06	2.2796e+06	2.3088e+06	
2.35e+06	2.3062e+06	2.3954e+06	2.399e+06	2.3602e+06	
2.3854e+06	2.351e+06	2.4484e+06	2.4046e+06	2.3648e+06	
2.4196e+06	2.4152e+06	2.4126e+06	2.396e+06	2.3688e+06	
2.4246e+06	2.4096e+06	2.4288e+06	2.4394e+06	2.3682e+06	
2.4952e+06	2.472e+06	2.4898e+06	2.4878e+06	2.457e+06	
2.4806e+06	2.4948e+06	2.5014e+06	2.4646e+06	2.4404e+06	
2.459e+06	2.4752e+06	2.4832e+06	2.5048e+06	2.4656e+06	
2.47e+06	2.514e+06	2.531e+06	2.5558e+06	2.4646e+06	
2.516e+06	2.5064e+06	2.516e+06	2.4908e+06	2.4372e+06	
2.5108e+06	2.4842e+06	2.5068e+06	2.4928e+06	2.4656e+06	
2.5024e+06	2.471e+06	2.4524e+06	2.4398e+06	2.46e+06	
2.4584e+06	2.4626e+06	2.4414e+06	2.5174e+06	2.4868e+06	
2.4328e+06	2.4474e+06	2.452e+06	2.411e+06	2.4004e+06	
2.4656e+06	2.4136e+06	2.4162e+06	2.4236e+06	2.4656e+06	
2.4438e+06	2.4458e+06	2.4368e+06	2.4036e+06	2.394e+06	
2.4258e+06	2.4282e+06	2.4752e+06	2.5054e+06	2.4378e+06	
2.4772e+06	2.4206e+06	2.4826e+06	2.4464e+06	2.453e+06	
2.4504e+06	2.4746e+06	2.4972e+06	2.524e+06	2.4816e+06	
2.4836e+06	2.4762e+06	2.472e+06	2.4298e+06	2.404e+06	
2.4268e+06	2.4338e+06	2.412e+06	2.4136e+06	2.4318e+06	
2.4388e+06	2.4478e+06	2.409e+06	2.4372e+06	2.3824e+06	
2.4534e+06	2.4414e+06	2.459e+06	2.4298e+06	2.4484e+06	
2.4358e+06	2.4288e+06	2.4494e+06	2.4332e+06	2.405e+06	
2.4434e+06	2.4226e+06	2.4106e+06	2.4488e+06	2.4136e+06	
2.4574e+06	2.4136e+06	2.4288e+06	2.456e+06	2.4278e+06	
2.405e+06	2.4258e+06	2.4322e+06	2.4716e+06	2.4312e+06	
2.402e+06	2.4252e+06	2.4504e+06	2.461e+06	2.4206e+06	
2.4348e+06	2.4262e+06	2.4272e+06	2.4372e+06	2.3738e+06	
2.411e+06	2.4484e+06	2.3808e+06	2.408e+06	2.4166e+06	
2.4322e+06	2.3914e+06	2.4302e+06	2.4488e+06	2.4236e+06	
2.4202e+06	2.451e+06	2.4388e+06	2.399e+06	2.3636e+06	
2.3794e+06	2.4544e+06	2.462e+06	2.4554e+06	2.395e+06	
2.4312e+06	2.4206e+06	2.397e+06	2.4142e+06	2.4206e+06	
2.4242e+06	2.4348e+06	2.4534e+06	2.4338e+06	2.4202e+06	
2.4258e+06	2.3914e+06	2.4852e+06	2.4464e+06	2.4004e+06	
2.458e+06	2.4504e+06	2.4312e+06	2.4514e+06	2.4438e+06	
2.455e+06	2.4388e+06	2.4408e+06	2.406e+06	2.4272e+06	
2.398e+06	2.4464e+06	2.4504e+06	2.3864e+06	2.3616e+06	
2.4308e+06	2.4584e+06	2.405e+06	2.4206e+06	2.4046e+06	
2.3904e+06	2.4004e+06	2.4272e+06	2.4398e+06	2.3678e+06	
2.4216e+06	2.3924e+06	2.4404e+06	2.4484e+06	2.4166e+06	
2.4636e+06	2.4182e+06	2.4172e+06	2.4086e+06	2.4504e+06	
2.4318e+06	2.4368e+06	2.4246e+06	2.4352e+06	2.3804e+06	
2.405e+06	2.4196e+06	2.3878e+06	2.4192e+06	2.391e+06	
2.4222e+06	2.3818e+06	2.4202e+06	2.4478e+06	2.3632e+06	
2.4246e+06	2.4142e+06	2.3944e+06	2.4246e+06	2.3658e+06	
2.399e+06	2.3874e+06	2.3748e+06	2.411e+06	2.4086e+06	
2.4096e+06	2.3818e+06	2.412e+06	2.397e+06	2.403e+06	
2.39e+06	2.3542e+06	2.3672e+06	2.3506e+06	2.3174e+06	
2.3542e+06	2.4106e+06	2.3562e+06	2.3914e+06	2.35e+06	
2.3828e+06	2.3622e+06	2.4182e+06	2.3878e+06	2.3622e+06	
2.3384e+06	2.3794e+06	2.3688e+06	2.4212e+06	2.3354e+06	
2.345e+06	2.339e+06	2.334e+06	2.3184e+06	2.3486e+06	
2.3228e+06	2.2922e+06	2.341e+06	2.3878e+06	2.336e+06	
2.3456e+06	2.3294e+06	2.3314e+06	2.3612e+06	2.3154e+06	
2.3164e+06	2.3668e+06	2.346e+06	2.2744e+06	2.3142e+06	
2.3466e+06	2.2836e+06	2.3154e+06	2.3678e+06	2.2554e+06	
2.3068e+06	2.3068e+06	2.3384e+06	2.3374e+06	2.3194e+06	
2.335e+06	2.3364e+06	2.3178e+06	2.336e+06	2.2588e+06	
2.338e+06	2.3682e+06	2.331e+06	2.349e+06	2.2624e+06	
2.275e+06	2.286e+06	2.3224e+06	2.34e+06	2.3052e+06	
2.3042e+06	2.3042e+06	2.2896e+06	2.328e+06	2.275e+06	
2.2856e+06	2.2704e+06	2.2942e+06	2.2906e+06	2.2764e+06	
2.2774e+06	2.288e+06	2.2982e+06	2.3082e+06	2.2826e+06	
2.2952e+06	2.282e+06	2.3218e+06	2.2826e+06	2.2886e+06	
2.2764e+06	2.3274e+06	2.2942e+06	2.289e+06	2.2734e+06	
2.2648e+06	2.272e+06	2.285e+06	2.2972e+06	2.2532e+06	
2.2648e+06	2.2744e+06	2.27e+06	2.2856e+06	2.2886e+06	
2.276e+06	2.278e+06	2.3072e+06	2.29e+06	2.2574e+06	
2.2452e+06	2.274e+06	2.274e+06	2.3228e+06	2.1998e+06	
2.2764e+06	2.2886e+06	2.2952e+06	2.2754e+06	2.2658e+06	
2.2634e+06	2.2468e+06	2.2796e+06	2.2644e+06	2.2478e+06	
2.212e+06	2.222e+06	2.268e+06	2.2386e+06	2.2008e+06	
2.2326e+06	2.2468e+06	2.1918e+06	2.2418e+06	2.2014e+06	
2.2306e+06	2.2406e+06	2.2236e+06	2.2038e+06	2.205e+06	
2.2382e+06	2.2028e+06	2.223e+06	2.2154e+06	2.2154e+06	
2.2206e+06	2.225e+06	2.2406e+06	2.218e+06	2.2134e+06	
2.212e+06	2.212e+06	2.2256e+06	2.216e+06	2.1792e+06	
2.1898e+06	2.223e+06	2.211e+06	2.2134e+06	2.147e+06	
2.205e+06	2.1746e+06	2.1742e+06	2.1848e+06	2.1812e+06	
2.1554e+06	2.2336e+06	2.1934e+06	2.2064e+06	2.162e+06	
2.1706e+06	2.1368e+06	2.1524e+06	2.1646e+06	2.156e+06	
2.0214e+06	2.0244e+06	2.0542e+06	2.0648e+06	2.036e+06	
1.8832e+06	1.8888e+06	1.903e+06	1.8606e+06	1.8444e+06	
1.6528e+06	1.6398e+06	1.6392e+06	1.6004e+06	1.6226e+06	
1.3872e+06	1.421e+06	1.3848e+06	1.4084e+06	1.3742e+06	
1.168e+06	1.2112e+06	1.169e+06	1.1618e+06	1.1402e+06	
1.0086e+06	1.0434e+06	1.0318e+06	1.0072e+06	1.0228e+06	
953600	975400	962200	938000	948200	
993600	984000	985000	1.0106e+06	999600	
1.0766e+06	1.0974e+06	1.0812e+06	1.063e+06	1.054e+06	
1.1554e+06	1.1508e+06	1.18e+06	1.1866e+06	1.1598e+06	
1.1926e+06	1.165e+06	1.2144e+06	1.2294e+06	1.1916e+06	
1.1826e+06	1.1922e+06	1.1956e+06	1.2018e+06	1.1926e+06	
1.1618e+06	1.1816e+06	1.1588e+06	1.1886e+06	1.174e+06	
1.1704e+06	1.1744e+06	1.1906e+06	1.1684e+06	1.175e+06	
1.1976e+06	1.183e+06	1.1846e+06	1.1952e+06	1.1826e+06	
1.179e+06	1.1922e+06	1.1986e+06	1.2284e+06	1.1724e+06	
1.2234e+06	1.238e+06	1.2028e+06	1.2218e+06	1.2134e+06	
1.2692e+06	1.2834e+06	1.29e+06	1.2638e+06	1.245e+06	
1.3e+06	1.3182e+06	1.3122e+06	1.3182e+06	1.3162e+06	
1.4074e+06	1.4048e+06	1.3888e+06	1.3816e+06	1.3706e+06	
1.4572e+06	1.4256e+06	1.427e+06	1.4608e+06	1.4362e+06	
1.535e+06	1.5172e+06	1.5036e+06	1.5112e+06	1.4906e+06	
1.554e+06	1.5632e+06	1.537e+06	1.555e+06	1.546e+06	
1.6166e+06	1.5964e+06	1.6388e+06	1.6378e+06	1.5834e+06	
1.6846e+06	1.674e+06	1.6842e+06	1.6524e+06	1.658e+06	
1.7264e+06	1.7602e+06	1.7114e+06	1.7406e+06	1.7028e+06	
1.7794e+06	1.7618e+06	1.7738e+06	1.7628e+06	1.7794e+06	
1.8516e+06	1.8148e+06	1.8126e+06	1.8358e+06	1.8254e+06	
1.8324e+06	1.8726e+06	1.8576e+06	1.8772e+06	1.847e+06	
1.8736e+06	1.855e+06	1.8842e+06	1.8748e+06	1.854e+06	
1.9126e+06	1.8692e+06	1.918e+06	1.861e+06	1.8636e+06	
1.9232e+06	1.8848e+06	1.899e+06	1.8732e+06	1.8686e+06	
1.9024e+06	1.9074e+06	1.8874e+06	1.8958e+06	1.8732e+06	
1.9382e+06	1.9232e+06	1.9044e+06	1.8924e+06	1.846e+06	
1.9084e+06	1.9216e+06	1.9382e+06	1.8768e+06	1.919e+06	
1.9232e+06	1.9104e+06	1.8954e+06	1.9468e+06	1.8954e+06	
1.922e+06	1.9362e+06	1.9e+06	1.9538e+06	1.8666e+06	
1.918e+06	1.9186e+06	1.967e+06	1.9518e+06	1.8874e+06	
1.9368e+06	1.916e+06	1.8948e+06	1.9362e+06	1.909e+06	
1.904e+06	1.9004e+06	1.9146e+06	1.9272e+06	1.8888e+06	
1.913e+06	1.922e+06	1.9044e+06	1.916e+06	1.8782e+06	
1.9176e+06	1.8874e+06	1.9246e+06	1.8964e+06	1.8726e+06	
1.9126e+06	1.8938e+06	1.9232e+06	1.8924e+06	1.8894e+06	
1.8838e+06	1.8622e+06	1.899e+06	1.9326e+06	1.8736e+06	
1.9176e+06	1.8858e+06	1.8978e+06	1.899e+06	1.8506e+06	
1.899e+06	1.8874e+06	1.8948e+06	1.8954e+06	1.8526e+06	
1.861e+06	1.8672e+06	1.9e+06	1.8788e+06	1.8706e+06	
1.8676e+06	1.86e+06	1.8736e+06	1.909e+06	1.856e+06	
1.8722e+06	1.8464e+06	1.8546e+06	1.8506e+06	1.861e+06	
1.8328e+06	1.85e+06	1.856e+06	1.8686e+06	1.8606e+06	
1.8454e+06	1.841e+06	1.8294e+06	1.854e+06	1.8212e+06	
1.859e+06	1.8368e+06	1.86e+06	1.8536e+06	1.8324e+06	
1.8288e+06	1.8444e+06	1.844e+06	1.8212e+06	1.8424e+06	
1.8284e+06	1.8484e+06	1.8556e+06	1.8606e+06	1.8368e+06	
1.847e+06	1.8526e+06	1.8254e+06	1.8212e+06	1.8434e+06	
1.8268e+06	1.841e+06	1.857e+06	1.8516e+06	1.841e+06	
1.8178e+06	1.8126e+06	1.8274e+06	1.8792e+06	1.8284e+06	
1.844e+06	1.8294e+06	1.8304e+06	1.8188e+06	1.778e+06	
1.8162e+06	1.791e+06	1.8308e+06	1.8274e+06	1.8138e+06	
1.8026e+06	1.8414e+06	1.8106e+06	1.8086e+06	1.8006e+06	
1.8016e+06	1.8066e+06	1.7986e+06	1.8168e+06	1.8368e+06	
1.7758e+06	1.7926e+06	1.8168e+06	1.8006e+06	1.788e+06	
1.8334e+06	1.7764e+06	1.8464e+06	1.8662e+06	1.8032e+06	
1.793e+06	1.8076e+06	1.8158e+06	1.8208e+06	1.8e+06	
1.8168e+06	1.7906e+06	1.8036e+06	1.8258e+06	1.7824e+06	
1.7668e+06	1.7926e+06	1.8138e+06	1.7906e+06	1.7804e+06	
1.796e+06	1.7754e+06	1.7442e+06	1.7854e+06	1.778e+06	
1.7896e+06	1.7694e+06	1.792e+06	1.797e+06	1.7582e+06	
1.7854e+06	1.785e+06	1.8012e+06	1.7734e+06	1.7528e+06	
1.7572e+06	1.7784e+06	1.778e+06	1.7698e+06	1.7492e+06	
1.8076e+06	1.7764e+06	1.7758e+06	1.8006e+06	1.7684e+06	
1.782e+06	1.7748e+06	1.7824e+06	1.78e+06	1.7698e+06	
1.8022e+06	1.779e+06	1.8304e+06	1.7572e+06	1.8006e+06	
1.8092e+06	1.7622e+06	1.7874e+06	1.7728e+06	1.7622e+06	
1.7518e+06	1.7854e+06	1.7718e+06	1.7588e+06	1.7234e+06	
1.783e+06	1.7724e+06	1.7518e+06	1.7552e+06	1.729e+06	
1.7738e+06	1.732e+06	1.7622e+06	1.7698e+06	1.7244e+06	
1.7276e+06	1.726e+06	1.7728e+06	1.7296e+06	1.7118e+06	
1.7572e+06	1.7462e+06	1.786e+06	1.7644e+06	1.726e+06	
1.7204e+06	1.7224e+06	1.7346e+06	1.6866e+06	1.7164e+06	
1.7482e+06	1.733e+06	1.7416e+06	1.7618e+06	1.7406e+06	
1.7244e+06	1.7472e+06	1.7532e+06	1.7214e+06	1.728e+06	
1.7254e+06	1.7552e+06	1.7522e+06	1.7578e+06	1.7482e+06	
1.7134e+06	1.719e+06	1.7356e+06	1.733e+06	1.717e+06	
1.7048e+06	1.719e+06	1.73e+06	1.7264e+06	1.719e+06	
1.716e+06	1.7366e+06	1.7104e+06	1.7012e+06	1.7058e+06	
1.6776e+06	1.7114e+06	1.6862e+06	1.7124e+06	1.6614e+06	
1.7114e+06	1.7396e+06	1.715e+06	1.7224e+06	1.6806e+06	
1.668e+06	1.7034e+06	1.6842e+06	1.6862e+06	1.6792e+06	
1.66e+06	1.7002e+06	1.6666e+06	1.6796e+06	1.661e+06	
1.6696e+06	1.7048e+06	1.6614e+06	1.6842e+06	1.6182e+06	
1.6806e+06	1.6822e+06	1.6876e+06	1.6948e+06	1.6584e+06	
1.667e+06	1.664e+06	1.663e+06	1.6604e+06	1.6408e+06	
1.6262e+06	1.6528e+06	1.61e+06	1.6444e+06	1.6216e+06	
1.598e+06	1.6242e+06	1.657e+06	1.6706e+06	1.6136e+06	
1.6272e+06	1.657e+06	1.61e+06	1.6e+06	1.6004e+06	
1.6286e+06	1.5908e+06	1.613e+06	1.6236e+06	1.5984e+06	
1.6056e+06	1.6182e+06	1.6206e+06	1.6186e+06	1.6034e+06	
1.6216e+06	1.5904e+06	1.6034e+06	1.6116e+06	1.6182e+06	
1.6024e+06	1.5894e+06	1.6196e+06	1.5934e+06	1.593e+06	
1.5728e+06	1.5924e+06	1.6024e+06	1.6056e+06	1.5752e+06	
1.6014e+06	1.5698e+06	1.6e+06	1.5918e+06	1.5742e+06	
1.5708e+06	1.5772e+06	1.5934e+06	1.6166e+06	1.5858e+06	
1.5828e+06	1.5268e+06	1.5778e+06	1.599e+06	1.5562e+06	
1.5934e+06	1.5364e+06	1.5656e+06	1.594e+06	1.5374e+06	
1.5666e+06	1.5642e+06	1.5702e+06	1.5758e+06	1.5566e+06	
1.5828e+06	1.5602e+06	1.541e+06	1.551e+06	1.543e+06	
1.5304e+06	1.5486e+06	1.5798e+06	1.5884e+06	1.5238e+06	
1.5646e+06	1.5758e+06	1.553e+06	1.5828e+06	1.549e+06	
1.5818e+06	1.5194e+06	1.5228e+06	1.554e+06	1.5602e+06	
1.5556e+06	1.549e+06	1.548e+06	1.543e+06	1.5264e+06	
1.5354e+06	1.5228e+06	1.5506e+06	1.5878e+06	1.5204e+06	
1.5486e+06	1.5374e+06	1.5308e+06	1.5138e+06	1.5218e+06	
1.5244e+06	1.5068e+06	1.5516e+06	1.5122e+06	1.4992e+06	
1.4986e+06	1.544e+06	1.5234e+06	1.5148e+06	1.5238e+06	
1.5006e+06	1.5112e+06	1.5088e+06	1.5304e+06	1.474e+06	
1.5056e+06	1.5344e+06	1.5264e+06	1.4936e+06	1.486e+06	
1.5022e+06	1.4826e+06	1.5194e+06	1.5138e+06	1.4714e+06	
1.471e+06	1.4982e+06	1.5128e+06	1.492e+06	1.4886e+06	
1.49e+06	1.4814e+06	1.5036e+06	1.5072e+06	1.5036e+06	
1.4628e+06	1.5278e+06	1.5002e+06	1.5062e+06	1.4628e+06	
1.4916e+06	1.5172e+06	1.5294e+06	1.534e+06	1.47e+06	
1.5112e+06	1.4972e+06	1.4836e+06	1.4724e+06	1.5036e+06	
1.4976e+06	1.473e+06	1.488e+06	1.5162e+06	1.4972e+06	
1.5062e+06	1.4674e+06	1.5036e+06	1.5006e+06	1.4846e+06	
1.4836e+06	1.4744e+06	1.4992e+06	1.4548e+06	1.4684e+06	
1.4572e+06	1.4502e+06	1.4774e+06	1.4794e+06	1.4568e+06	
1.4512e+06	1.4562e+06	1.4442e+06	1.4608e+06	1.4058e+06	
1.4594e+06	1.4584e+06	1.4518e+06	1.4488e+06	1.432e+06	
1.4226e+06	1.4412e+06	1.4392e+06	1.4346e+06	1.4306e+06	
1.4432e+06	1.4366e+06	1.424e+06	1.4604e+06	1.4226e+06	
1.4382e+06	1.4548e+06	1.4552e+06	1.4382e+06	1.3898e+06	
1.412e+06	1.4104e+06	1.4044e+06	1.432e+06	1.3912e+06	
1.4422e+06	1.4194e+06	1.4366e+06	1.4038e+06	1.4144e+06	
1.3736e+06	1.4048e+06	1.4352e+06	1.425e+06	1.411e+06	
1.3836e+06	1.3806e+06	1.4044e+06	1.4044e+06	1.3756e+06	
1.3852e+06	1.4018e+06	1.4058e+06	1.3994e+06	1.3772e+06	
1.3984e+06	1.417e+06	1.3868e+06	1.4054e+06	1.3912e+06	
1.4014e+06	1.4024e+06	1.3918e+06	1.3832e+06	1.3736e+06	
1.3762e+06	1.3716e+06	1.4048e+06	1.4018e+06	1.3826e+06	
1.3772e+06	1.3594e+06	1.3766e+06	1.3746e+06	1.362e+06	
1.349e+06	1.3792e+06	1.3752e+06	1.3902e+06	1.3388e+06	
1.3736e+06	1.3756e+06	1.3454e+06	1.3872e+06	1.3802e+06	
1.366e+06	1.3594e+06	1.4054e+06	1.351e+06	1.356e+06	
1.3574e+06	1.3742e+06	1.4068e+06	1.3974e+06	1.3726e+06	
1.368e+06	1.3902e+06	1.3868e+06	1.3646e+06	1.3364e+06	
1.3752e+06	1.368e+06	1.3882e+06	1.3858e+06	1.3398e+06	
1.366e+06	1.3408e+06	1.37e+06	1.3732e+06	1.3736e+06	
1.3544e+06	1.355e+06	1.363e+06	1.355e+06	1.3766e+06	
1.359e+06	1.3252e+06	1.3574e+06	1.365e+06	1.3404e+06	
1.3424e+06	1.3666e+06	1.3676e+06	1.3948e+06	1.3384e+06	
1.35e+06	1.3394e+06	1.3262e+06	1.3438e+06	1.3182e+06	
1.3786e+06	1.3368e+06	1.3242e+06	1.3186e+06	1.3166e+06	
1.3272e+06	1.3066e+06	1.3408e+06	1.349e+06	1.302e+06	
1.3368e+06	1.3378e+06	1.354e+06	1.3448e+06	1.3132e+06	
1.3494e+06	1.299e+06	1.3046e+06	1.3282e+06	1.292e+06	
1.3162e+06	1.3076e+06	1.3282e+06	1.3312e+06	1.2708e+06	
1.2698e+06	1.3116e+06	1.304e+06	1.2884e+06	1.2914e+06	
1.2794e+06	1.2934e+06	1.2924e+06	1.3076e+06	1.2688e+06	
1.3006e+06	1.3e+06	1.3e+06	1.2844e+06	1.2642e+06	
1.2552e+06	1.2934e+06	1.2744e+06	1.3312e+06	1.2858e+06	
1.2848e+06	1.2678e+06	1.293e+06	1.2672e+06	1.2764e+06	
1.2566e+06	1.2768e+06	1.2718e+06	1.2924e+06	1.2344e+06	
1.2476e+06	1.2628e+06	1.2712e+06	1.2546e+06	1.2572e+06	
1.248e+06	1.2516e+06	1.2566e+06	1.229e+06	1.247e+06	
1.2586e+06	1.2596e+06	1.2238e+06	1.248e+06	1.2354e+06	
1.2148e+06	1.2244e+06	1.2118e+06	1.2164e+06	1.2098e+06	
1.23e+06	1.2038e+06	1.2204e+06	1.226e+06	1.2208e+06	
1.1922e+06	1.2038e+06	1.186e+06	1.229e+06	1.1992e+06	
1.1836e+06	1.182e+06	1.1886e+06	1.1972e+06	1.1922e+06	
1.1604e+06	1.166e+06	1.1654e+06	1.1674e+06	1.1386e+06	
1.1366e+06	1.1472e+06	1.1694e+06	1.1564e+06	1.1584e+06	
1.1462e+06	1.1392e+06	1.1432e+06	1.1312e+06	1.1196e+06	
1.126e+06	1.11e+06	1.1292e+06	1.1216e+06	1.1144e+06	
1.117e+06	1.0938e+06	1.1196e+06	1.1226e+06	1.1008e+06	
1.1094e+06	1.1008e+06	1.0978e+06	1.109e+06	1.0862e+06	
1.1014e+06	1.0848e+06	1.0898e+06	1.0974e+06	1.0852e+06	
1.057e+06	1.0596e+06	1.0848e+06	1.0726e+06	1.0828e+06	
1.063e+06	1.0732e+06	1.0686e+06	1.0798e+06	1.057e+06	
1.0504e+06	1.0378e+06	1.0556e+06	1.064e+06	1.0566e+06	
1.0524e+06	1.0222e+06	1.0378e+06	1.0474e+06	1.0328e+06	
1.0464e+06	1.0514e+06	1.0358e+06	1.0536e+06	1.0314e+06	
1.0676e+06	1.052e+06	1.0726e+06	1.0636e+06	1.0232e+06	
1.0566e+06	1.0596e+06	1.0494e+06	1.0318e+06	1.0152e+06	
1.0152e+06	1.0026e+06	1.0358e+06	1.0398e+06	1.0252e+06	
1.0112e+06	1.0202e+06	1.047e+06	1.0398e+06	1.0172e+06	
1.0494e+06	1.0238e+06	1.0338e+06	1.0398e+06	1.0368e+06	
1.056e+06	1.0772e+06	1.0524e+06	1.046e+06	1.0248e+06	
1.0514e+06	1.056e+06	1.057e+06	1.0378e+06	1.051e+06	
1.0156e+06	1.0304e+06	1.0338e+06	1.043e+06	1.0238e+06	
1.0338e+06	1.0324e+06	1.0232e+06	1.043e+06	1.05e+06	
1.063e+06	1.048e+06	1.053e+06	1.0672e+06	1.0294e+06	
1.0732e+06	1.0938e+06	1.0576e+06	1.0662e+06	1.0736e+06	
1.0832e+06	1.0904e+06	1.1018e+06	1.1064e+06	1.0656e+06	
1.0872e+06	1.0978e+06	1.0672e+06	1.0908e+06	1.0882e+06	
1.0782e+06	1.0908e+06	1.0822e+06	1.0918e+06	1.0822e+06	
1.0706e+06	1.0752e+06	1.0918e+06	1.1018e+06	1.057e+06	
1.0686e+06	1.062e+06	1.0692e+06	1.052e+06	1.0348e+06	
1.0324e+06	1.0268e+06	1.0268e+06	1.0218e+06	1.0066e+06	
978800	971400	976800	967800	949200	
947200	958800	976400	966200	954200	
960800	943600	951200	988400	938600	
997000	984400	973800	970400	983000	
1.003e+06	1e+06	1e+06	1.0056e+06	1.0122e+06	
1.0248e+06	1.0358e+06	1.0408e+06	1.0172e+06	1.0188e+06	
1.054e+06	1.0408e+06	1.0414e+06	1.0454e+06	1.0344e+06	
1.0328e+06	1.0546e+06	1.044e+06	1.0536e+06	1.044e+06	
1.064e+06	1.0464e+06	1.0374e+06	1.0434e+06	1.0398e+06	
1.051e+06	1.0596e+06	1.0454e+06	1.0762e+06	1.0646e+06	
1.0172e+06	1.06e+06	1.0464e+06	1.0662e+06	1.0182e+06	
1.064e+06	1.0606e+06	1.044e+06	1.0722e+06	1.0646e+06	
1.0776e+06	1.0324e+06	1.054e+06	1.053e+06	1.0308e+06	
1.052e+06	1.0596e+06	1.049e+06	1.047e+06	1.059e+06	
1.0746e+06	1.0096e+06	1.0238e+06	1.065e+06	1.0504e+06	
992600	1.045e+06	1.0314e+06	1.0288e+06	1.0334e+06	
1.0146e+06	1.0082e+06	1.0358e+06	1.0066e+06	1.0132e+06	
993600	1.001e+06	1.0178e+06	1.0192e+06	1.0092e+06	
1.0006e+06	1.0066e+06	1.0294e+06	1.0052e+06	989000	
1.0052e+06	1.0046e+06	995600	1.0314e+06	1.002e+06	
983000	976800	1.0056e+06	1.002e+06	992600	
1.0082e+06	999000	1.0106e+06	1.0212e+06	968400	
1.0006e+06	1.0006e+06	997600	1.0086e+06	994600	
1.0262e+06	1.0052e+06	991400	1.0066e+06	1.0016e+06	
1.0046e+06	1.0092e+06	994600	1.0066e+06	996000	
997600	1.0126e+06	1.0086e+06	1.0232e+06	1.0052e+06	
997000	1.0026e+06	1.0112e+06	994600	1.001e+06	
1.004e+06	990000	1.0086e+06	998000	971800	
999000	987400	986400	1.0102e+06	996600	
1.0062e+06	1.0016e+06	1.004e+06	997000	984000	
980400	1.004e+06	990000	1.0036e+06	990400	
986400	996000	965200	1.001e+06	965200	
1.004e+06	980000	1e+06	1.0112e+06	996000	
977400	979400	968800	991000	980000	
977800	980400	987000	990400	1.0052e+06	
989000	997000	954600	1.0006e+06	999000	
1.002e+06	1.0062e+06	979400	1.0126e+06	999600	
963800	972800	968800	995600	971800	
976400	992600	990400	1.0218e+06	996000	
1.0162e+06	1.003e+06	1.0238e+06	994000	1.0006e+06	
1.0136e+06	1.0076e+06	983400	996000	1.0136e+06	
1.0082e+06	1.0232e+06	977400	984000	998600	
1.001e+06	1.0096e+06	989400	980400	1.0102e+06	
1.001e+06	980000	1.0142e+06	997600	990000	
986000	1.0218e+06	997600	1.0142e+06	995000	
1.0106e+06	1.0198e+06	993600	974800	1.0126e+06	
983000	1.0016e+06	1.0238e+06	1.004e+06	981000	
994600	1.0016e+06	1.0006e+06	1.004e+06	996000	
1.0006e+06	1.0082e+06	987000	1.0016e+06	989000	
989000	1.0026e+06	1.0096e+06	1.0152e+06	983400	
1.0092e+06	992600	997600	1.0046e+06	994000	
1.0046e+06	992600	986400	975800	994600	
999000	977400	1.0152e+06	1.0062e+06	991000	
1.0062e+06	982000	1.0006e+06	996600	994600	
1.0136e+06	984000	989400	989400	1.0036e+06	
1.0046e+06	973800	974400	989000	974800	
1.003e+06	997000	991000	996000	985000	
990400	964200	994600	994000	970400	
994000	975800	981000	988000	982000	
983400	992000	971400	972400	970400	
977800	963800	984000	978400	974400	
993600	990400	967200	966800	990400	
977800	981000	972800	998000	977800	
964800	982000	996600	973800	997000	
984400	972800	975400	985000	968800	
976800	988000	984000	967800	973800	
975400	968800	977400	969400	980000	
963800	961200	963200	945600	968800	
951200	955800	963800	961800	952200	
962800	993600	968400	963200	992600	
961200	947600	976800	983000	977800	
949200	968400	975400	986400	936600	
947600	962200	992600	968800	975400	
983400	974800	969800	943600	959800	
981400	960200	981000	962200	944600	
958200	936600	970400	959200	962800	
950200	962800	964200	992000	940000	
971800	955800	933600	948200	929000	
966200	952200	967800	958800	945600	
954200	954600	958200	951600	934000	
952600	947200	939600	950200	926000	
934600	974400	972800	946600	951600	
952600	936600	946600	962800	933000	
953600	938600	930400	932000	936600	
939600	911800	930400	940600	936600	
907800	931000	952600	924400	915400	
915800	911400	914800	916800	897200	
913800	913800	930000	906800	902800	
908400	905800	926000	895200	895800	
914400	910400	910800	928000	904800	
906200	896800	941000	914800	916400	
908400	910400	917800	914800	914400	
907400	897200	920400	891600	909800	
939000	898200	919400	918400	891200	
922000	934000	902800	934600	928000	
914800	901800	891600	932000	904800	
939000	888600	912400	910800	872600	
888200	901200	904800	900200	890200	
917800	898800	896200	900800	912400	
887200	880000	867400	894800	878000	
848400	861000	845800	868000	845400	
840200	844200	848400	840200	822200	
861400	848800	844200	852400	855400	
840800	854400	873600	858400	834200	
867000	862400	881000	897800	853400	
885600	866000	859400	892600	861000	
873600	870600	866400	878600	881600	
887200	872000	876600	888600	863000	
896200	877600	866000	893600	869400	
872000	878600	873000	888200	882200	
885200	883600	897200	883600	872000	
869000	903800	890600	883600	889200	
877000	873600	887600	921000	900200	
888600	875000	896800	879000	877000	
885600	877600	860000	910800	879600	
878000	868000	879000	882200	877600	
877000	895200	905800	874000	881000	
867000	876000	885200	878600	875600	
884600	884200	875600	874000	867000	
869000	874000	866400	878600	869000	
863400	877600	877000	883600	868000	
867000	884200	879000	846400	864000	
853800	864400	843800	878600	859000	
855400	872600	855800	868400	841800	
841800	877600	851400	880600	865000	
850800	867000	869000	872000	855400	
859000	850400	861000	857400	845400	
864400	841200	887600	852400	851800	
866000	868400	853400	860400	853400	
874600	870000	871000	863400	862000	
856800	865000	871000	867400	868000	
865000	876600	871000	862000	852800	
852400	863000	869000	863400	845400	
841200	850400	855800	874600	841800	
835200	859400	819600	860000	850400	
840800	833800	838800	841800	833200	
835800	838200	841800	853400	843800	
835200	812600	835800	813600	820600	
826600	828200	815000	841200	812000	
815600	812600	797000	798000	808000	
789400	785800	813600	814000	781200	
793800	813000	792800	789400	795800	
781200	798400	795800	801000	782200	
816600	800000	795400	817600	794800	
811000	801400	817600	812000	836200	
834200	811000	807000	819000	808000	
801000	816600	825600	802000	829200	
805000	802400	809000	817600	817600	
799400	798000	817000	831200	816600	
821600	822200	812000	816000	805000	
803000	828600	829600	819600	804000	
816600	813600	812000	804000	814600	
806400	815600	809600	817000	808000	
807000	804000	819600	827600	805400	
814000	799000	810000	834200	788400	
807400	826600	809000	829200	806000	
819600	805000	790800	820000	812600	
810600	790800	806000	818600	798000	
792400	808000	810000	807000	802000	
812000	815600	810000	804000	802400	
798000	801400	817600	814600	786800	
795800	806400	816600	803000	787400	
804400	806400	808000	811600	829200	
804400	803000	808000	798400	795800	
791800	785800	782800	786800	786400	
774800	804000	783800	801400	798400	
776800	794400	802400	803400	785800	
771200	783200	784800	789800	796400	
793400	808600	795800	773200	798000	
789800	786800	784400	783200	763200	
779200	768600	785800	785800	786400	
796400	768200	777200	767600	765600	
781800	791800	772200	779800	789400	
774800	757000	780800	768600	775800	
774800	773200	769200	764600	766600	
765600	782200	775800	767600	769200	
744000	776200	779800	753600	775800	
764600	776800	776200	779800	769600	
764200	782800	778200	779200	784800	
770200	771800	775800	768200	782200	
774800	778200	780800	777800	779800	
771200	776200	766600	757600	771800	
766200	758000	769200	757600	774800	
768200	756000	776200	765600	769200	
774200	762600	753600	769200	755000	
750000	758000	779200	759600	764600	
743400	744000	757000	753600	746400	
751000	760200	747600	747600	755000	
753000	751000	758000	762600	735400	
747000	755000	737400	768600	759600	
752000	748000	753600	771800	760200	
740400	739000	749600	737400	761200	
755600	736000	750600	741400	733400	
734400	747600	741000	739000	741400	
755600	746400	751600	745000	747600	
744000	740000	754600	734400	742000	
757000	720200	739400	758600	746400	
743400	723800	746000	737400	737400	
753000	758600	728400	748600	737400	
759600	754000	728400	738400	736400	
740000	737000	740000	714800	715800	
727400	744000	735400	713800	738000	
731400	735000	739000	743400	737400	
728400	724800	732800	732800	718200	
741400	727800	728800	738000	730800	
720800	703200	743000	713200	712800	
714200	708600	718200	700600	706600	
719200	737400	713200	725400	713200	
717800	711200	710200	721200	711800	
728400	706600	701200	712800	693000	
710200	718200	716200	714200	710200	
714800	706200	735000	708200	712200	
704200	711200	731400	707200	700200	
715800	719200	709600	720200	714800	
700600	708200	698000	704200	707200	
732800	707600	712800	716800	705600	
704200	705600	717200	708600	700600	
685400	713200	731400	714200	717800	
707600	698000	720800	705600	700200	
703200	698600	701600	712800	689000	
692000	704600	705200	731400	721800	
704600	702600	714200	713200	683000	
701600	708200	711200	710800	701600	
700600	706600	698000	694600	681400	
695000	700200	693600	690000	696000	
692600	707200	700200	695000	686600	
687000	691000	698600	693000	702200	
682400	708600	679000	705200	690600	
689000	679000	701600	670800	705600	
695000	681400	694600	691600	690600	
686000	689000	685400	683000	671800	
677000	677000	680000	656800	662400	
690000	684000	690000	680000	669800	
671800	669800	675400	667800	668400	
677000	666400	668800	666400	665800	
664400	663800	640200	662800	673400	
672800	662800	683400	670800	663800	
635000	663400	660200	652200	658200	
650200	643200	665400	651200	642600	
639600	639600	643600	656800	669400	
633600	654200	640600	633600	638200	
641600	637600	647200	654800	644200	
652200	644200	642600	631600	650800	
637600	635000	643200	647200	643600	
649200	615000	643200	656800	633000	
635000	642600	649800	624000	628600	
624000	643200	622000	637600	609400	
625600	639600	631600	628000	609400	
636000	620000	610800	626000	626000	
630000	610800	617000	625600	641200	
622000	624400	640200	618400	631600	
622400	639200	634600	621000	617000	
631000	632000	623000	638600	633000	
618400	648600	630000	606400	619400	
607400	614000	629000	628000	617000	
616400	623400	636600	627600	623000	
618400	618000	619400	618000	617000	
621000	614400	625000	641600	609800	
613400	613400	624400	633600	615000	
631000	631600	632000	634600	627000	
618400	630000	635600	606800	631000	
623400	633600	636000	616400	624000	
628000	641600	654200	617000	630600	
629000	642200	646600	653200	628000	
645200	639200	643600	635600	647200	
648600	653800	621000	640200	643200	
654200	630000	634600	640600	651800	
647600	620000	643600	651200	630600	
647200	634600	659800	644200	654800	
640200	634000	648200	644200	638200	
649800	644200	640200	638600	636000	
634600	636600	631600	652800	634000	
625000	627600	651200	652200	622400	
620000	617400	633000	625600	625600	
637600	627600	626600	633600	622400	
614000	630600	622400	632600	624400	
617400	619400	633000	625600	628600	
604800	613000	631000	619400	630600	
620400	632000	606800	624000	614000	
607800	597800	612400	617000	621400	
613400	616400	608400	616400	616400	
619000	610800	610800	622000	616400	
613000	614000	605800	607800	603400	
606400	604400	597800	613400	623400	
625600	606400	618400	615000	598800	
606800	614400	617400	600400	597200	
614000	601800	615000	607400	607400	
614000	600400	597200	617400	621000	
617400	624400	606400	619000	641200	
601800	609400	606400	595800	615000	
623000	605400	611800	610400	621000	
622400	630600	601800	603800	608800	
622400	614400	598800	610800	614000	
613000	614400	608400	601800	603800	
597200	621000	601400	602400	607800	
602800	613000	595200	599200	602800	
613400	593200	611400	593200	607800	
603400	607400	606800	599800	596200	
613000	616400	606400	594200	613400	
614000	597800	613000	610400	590200	
611800	614000	619000	616000	591800	
596800	594800	590800	609800	613400	
589800	588800	610800	597200	602400	
588800	591200	590200	594200	601800	
609400	590200	599800	601400	606400	
597200	598200	605800	581200	599200	
605800	598800	594800	595200	602800	
614400	603800	598800	597800	598200	
585600	583600	603400	580200	600400	
586600	592200	585200	581600	600400	
599800	596200	575000	584600	587600	
600400	600800	580600	596800	609800	
603400	585200	592800	593200	596200	
599200	600400	583600	599200	594200	
601800	601400	594800	587200	591200	
572000	591200	579600	577600	599200	
609400	598800	604800	589800	599200	
613000	582600	595800	599800	599200	
605800	597200	609400	592800	600400	
588200	583600	607800	601800	593800	
592200	598800	593200	607400	599800	
610800	604800	607800	625600	607800	
600800	606800	604400	596200	597800	
600400	584600	613000	587600	600400	
596200	605400	606400	609400	594200	
605400	600800	594800	609800	596200	
605800	602800	589200	568600	611400	
596800	602800	601400	588200	601400	
597200	581600	594800	599200	603400	
597200	597800	597200	584600	606400	
588800	575600	598800	581200	597200	
587200	584600	589800	594800	588800	
581600	601800	599800	575000	597800	
599800	589200	583600	590800	599800	
579600	583200	579600	600800	586200	
578600	588200	590800	589800	595800	
587600	579600	592200	577600	588800	
589200	596200	585200	592800	591200	
584200	600800	581200	586600	583200	
595200	589800	581200	582600	588200	
583600	580200	600800	585200	589200	
597200	575000	585200	582200	590800	
588800	596200	580600	586600	582600	
589200	577600	598800	585600	575600	
586600	595200	595800	583600	564000	
568000	578200	585600	578600	575600	
580600	567600	567600	574000	559400	
575600	568000	576600	575600	571600	
559400	584200	563600	561000	587200	
580600	571600	563000	573000	577200	
576200	561000	564000	556400	565000	
564600	550800	572000	552000	563000	
558000	571000	575600	561000	562000	
552000	544800	567000	547400	565600	
558400	558000	558400	545400	551400	
548800	558400	553000	565600	554400	
538200	545400	552000	543800	548400	
538800	541400	555000	546400	549800	
545800	548400	543400	553000	548800	
540400	544800	520200	531800	555000	
526200	536200	545400	534800	550400	
558400	529800	540800	536800	548400	
546400	543800	525200	535200	539800	
532800	537200	539800	526200	535200	
521200	527200	535200	523600	542400	
520200	529200	513600	530200	532200	
533200	531800	526200	521200	522200	
530200	527800	540800	531800	520600	
519200	525600	526800	527200	525600	
526800	522600	522600	533800	531200	
531200	525600	513600	519200	514000	
513600	531800	514000	522600	524200	
529200	508600	528200	524600	526200	
506600	522600	527200	518600	505600	
538200	504000	510000	525600	526800	
519600	519600	524600	512600	518200	
529800	540800	522200	529200	528200	
518600	521200	526200	518200	534200	
518200	532200	516600	527200	538800	
535200	519200	513000	504600	511000	
532800	519600	516200	506000	529200	
521600	528200	514000	523600	517200	
515200	514600	522200	519200	522200	
532200	526200	528200	529800	535200	
525600	534800	528800	521200	526800	
535200	524600	533200	545400	530800	
544800	541400	534200	538800	541800	
529800	549400	539400	536800	524200	
518200	533200	536200	542800	516600	
550800	537200	524200	547800	533200	
544800	529200	534800	532800	528200	
522200	538800	523200	535200	526800	
520600	554000	530800	523200	533200	
527200	537800	527200	520200	526200	
536200	521600	527200	522600	526800	
538200	532800	523200	528200	530200	
528200	538200	527800	514600	539400	
519200	532800	529200	523600	519600	
518600	517600	540800	526200	518200	
533200	522600	523600	530200	529200	
522200	532200	541800	522200	537200	
531200	524200	534800	522200	534800	
521600	527200	519600	525600	524600	
534200	521600	525200	515200	516200	
511600	524200	524600	510000	522600	
527200	526200	525600	524200	523600	
529800	511000	517200	523200	526200	
525600	521600	514600	519600	527200	
523200	530800	523600	520600	519200	
521600	518200	518200	520200	515200	
520600	524200	526800	516200	525600	
517600	533800	527800	510600	517200	
514600	531800	516200	529800	521600	
517600	522200	524600	514000	517600	
521600	517200	513000	511000	525600	
518200	505000	512000	523200	525600	
525600	524600	525600	526200	525600	
523200	526800	532200	514600	508600	
506600	528200	537200	525200	522600	
518600	520600	527800	534800	522600	
515200	528800	510000	533800	521600	
526800	525200	507600	525200	517600	
512600	523200	509000	526200	513000	
516200	536200	513600	535800	511000	
531200	536200	511600	526200	520200	
511600	526200	511000	526800	530800	
535200	519600	529800	515600	535800	
525200	516600	537800	524200	520600	
516200	525200	517600	529800	511600	
537800	528200	519600	516200	526200	
529800	529200	533800	523200	527200	
517600	508600	516600	512600	518600	
516600	524200	515600	506000	513000	
519200	520600	525600	533800	525600	
522600	518200	533800	526200	517200	
512600	523600	543800	517600	529800	
521600	513000	529200	514000	527200	
521200	517200	523600	523200	509600	
523600	521200	520600	527800	517600	
525200	516200	528800	512000	532800	
523200	522600	508600	507600	524600	
526800	531800	519600	515200	514600	
517600	527800	517600	534800	514600	
505600	526800	519200	509600	506600	
515600	518200	521200	527200	514000	
504600	523200	512000	507600	521200	
516200	520600	515600	508600	524200	
522600	522600	525600	511000	522200	
506600	518200	531800	531800	529200	
537800	525200	521600	527800	519200	
514000	526800	525200	516600	512600	
521200	514000	511600	520200	528200	
537200	522200	525600	524600	520200	
528200	526200	520600	508600	526800	
520600	521600	513600	517600	524600	
511000	520200	533800	515200	523200	
518600	519200	526800	515200	512000	
499400	526200	519600	520200	527200	
519200	526200	527200	506000	523200	
528200	516600	499400	522600	521200	
536800	513000	522600	525600	529800	
513000	514600	522200	519600	506000	
509600	516200	510600	513000	522600	
516600	521200	526800	521200	522600	
535200	524200	520600	513000	523600	
521200	531800	518200	525600	535800	
522600	514000	521200	519600	513000	
520600	517200	518200	520600	518200	
494000	537800	539400	524600	533200	
524600	521200	521200	507600	519600	
515600	520600	504000	503600	521600	
530200	520200	517600	522600	502600	
517200	519600	509000	514000	529200	
526200	521600	519600	514000	514600	
515200	524600	513600	518600	518600	
531800	513000	512000	517600	525600	
514000	518200	519600	524200	517200	
511600	521600	513600	524200	514600	
535200	508600	511600	510000	521200	
510600	524200	501400	524200	522200	
503600	521600	523200	516600	511600	
503000	536200	518600	508000	514600	
512600	502600	514600	524200	523200	
515600	509000	506600	520200	522600	
514000	511000	510600	510000	514000	
511600	525600	517600	517200	516600	
509600	511000	505000	501000	508000	
515200	528200	517200	523200	526800	
517600	518600	524200	523200	514000	
518200	520600	511000	520200	514000	
524600	509600	518600	520600	531200	
501400	514600	507600	527800	529200	
520600	510000	511600	510600	526200	
537800	526200	529200	529800	514000	
518200	515200	515600	534200	509000	
526200	542800	512000	514000	520600	
528800	519200	515600	515600	515600	
511000	513000	506600	514000	529200	
521600	518200	525600	521600	514000	
533200	522600	523600	519200	505600	
509000	528200	530200	530200	509000	
527200	517600	497400	511600	510600	
499400	517600	511000	521200	524600	
513600	519200	528800	523600	518200	
505600	517200	528800	505600	522600	
511600	517200	516200	513000	514600	
516600	522600	505600	517600	513000	
512600	504600	518600	508600	518200	
521600	511600	510000	510600	519200	
520600	504600	522200	510600	521200	
535800	512600	500000	509600	507000	
508000	520200	511600	518600	495400	
508000	508000	518200	518200	520200	
517600	511600	518200	523200	504600	
517200	515200	529200	517200	517600	
520600	524200	508000	528800	518600	
520200	512000	525600	510000	523600	
507000	507000	512000	527200	503000	
524600	508600	525200	501400	510000	
514600	513600	514600	507600	521600	
520200	525200	512000	518200	503000	
518200	514000	515600	501000	505600	
523600	530800	515200	523600	519600	
493000	512000	507600	509600	527200	
521200	512600	505000	515600	504600	
507000	520600	529200	512000	514600	
515200	507000	524600	511600	509600	
509600	515200	506600	519600	507600	
502600	500000	518600	507600	518600	
532800	516200	513600	516600	519200	
509600	503000	519600	520200	526200	
531800	507600	522200	500400	519600	
512600	515600	501000	516600	512600	
514000	522200	524200	535800	519200	
525200	503000	527800	507000	500400	
501400	504600	515600	513000	508000	
504600	508600	509000	510000	515600	
517200	511600	513600	509000	509000	
496000	510000	508000	512600	512600	
519600	515600	502600	511600	499000	
511600	499000	510600	504600	505000	
503000	512000	520600	508000	507600	
522600	515600	509600	512600	517600	
519200	505000	505000	515200	512000	
506600	510600	514000	513600	507600	
514600	490400	522200	498000	507600	
506600	509000	511000	519200	520600	
511000	523600	511600	504000	512600	
509600	530800	498400	513600	515200	
501000	504000	520200	511600	502600	
502000	515200	506000	502000	515600	
510000	516600	512600	510600	515200	
511600	499400	508600	522200	508000	
506600	512000	503000	518600	496400	
511600	516200	511000	515600	492000	
518200	512600	514000	520200	514600	
507000	515200	512000	514000	512600	
508600	514600	521200	504000	505000	
507000	507000	502600	516200	515200	
505600	515200	501400	503600	492000	
504000	519200	520200	522200	497000	
504600	496400	508000	524200	507000	
521200	509000	502600	512000	509600	
504600	511600	525200	521200	508600	
516600	499400	500400	504600	515200	
523200	507600	506000	508000	510600	
518200	513000	509000	516200	513600	
509600	504600	496000	509000	503600	
502000	519600	507600	505600	525200	
510000	504600	518200	510000	510600	
512600	523600	507000	524200	513000	
510000	496400	518600	507000	497400	
508600	505000	506000	517600	516600	
518200	499400	503600	526800	513600	
509000	506000	501000	524200	505000	
503000	504600	512600	509000	512600	
506000	499000	506000	508600	506600	
508000	530800	507000	509600	515200	
504000	510600	504600	519200	515600	
512600	503000	503600	506000	514600	
522600	512000	505000	511600	506000	
535200	507600	512000	522200	513000	
501000	510000	502600	507600	499400	
502000	520200	493000	493400	517600	
511000	509600	506600	508000	508000	
509000	491000	512600	522600	524200	
503600	498400	493000	503000	513600	
501400	503000	505000	511600	506600	
495000	505000	507600	518600	510600	
512600	514600	521200	506000	493000	
522600	521600	510000	504000	518200	
497400	516200	492400	501400	502600	
510600	512600	496400	512600	499000	
509600	510600	508600	515200	497000	
519200	506000	505600	498000	515600	
511000	487400	501000	511000	511000	
508600	517200	508000	510600	525200	
508000	512000	511000	495000	501400	
501400	509000	514000	507600	498400	
522600	509000	511600	520200	509600	
512600	493400	511600	505600	510600	
515200	511600	512000	505000	523600	
517200	513000	503600	513600	498400	
504600	524600	491000	504600	511000	
516200	514600	492400	512000	504600	
519200	499400	505600	521600	506000	
507600	511600	495000	511600	510600	
513600	502600	505600	502600	508000	
502000	513000	501400	515200	497400	
505000	501000	502000	506000	509000	
497400	515600	486400	501400	517200	
520600	507600	513600	496400	505000	
524600	488800	514600	508000	513000	
511000	490400	516600	510600	513600	
497400	523600	498000	527200	507600	
514600	500400	505000	498400	508600	
513000	513600	526800	512000	496400	
530200	518600	496000	506000	503600	
500400	490000	497000	502000	509600	
504600	497400	501000	494400	503600	
509000	517200	506600	511000	504000	
507600	509600	508000	525200	517200	
511000	500000	505000	515200	492400	
511000	525200	479400	501000	512600	
506000	501400	511600	516200	512600	
495400	510600	505000	504600	500000	
496400	496400	511000	500400	506600	
503600	505000	503600	509600	517200	
508600	510600	513600	510600	502000	
512000	517600	488400	519200	509000	
500400	513000	497400	513000	512000	
501000	505000	508600	514000	510000	
499400	492400	500400	498400	504600	
517200	509000	507600	526200	503000	
506000	509600	505000	505600	505600	
509000	502600	499400	514600	503000	
512600	515600	502000	514000	515200	
527800	510000	500000	497000	500000	
519600	514600	511600	505000	504600	
506000	504600	509600	516600	501400	
511600	484800	505600	507000	484400	
522200	519600	512000	501000	512600	
512600	498000	491000	508600	498000	
496400	504000	504600	508600	507000	
504000	514000	509600	504000	502600	
517600	501400	518600	501400	511000	
492000	509600	518200	500400	512000	
513000	493000	505600	512000	495000	
498000	512000	499000	502000	501400	
498000	497000	517600	506000	508000	
512600	515600	505000	503600	523600	
509000	512600	494000	508000	516200	
502600	503600	493400	501000	502600	
502600	503600	493400	501000	502600	
502600	503600	493400	501000	502600	
