459.459	459.459	459.459	459.459	459.459	
771703	771703	771703	771703	771703	
57540.5	59108.1	57540.5	59108.1	57540.5	
56729.7	55837.8	56729.7	55837.8	56729.7	
54891.9	54973	54891.9	54973	54891.9	
55432.4	56108.1	55432.4	56108.1	55432.4	
56729.7	53864.9	56729.7	53864.9	56729.7	
56189.2	54756.8	56189.2	54756.8	56189.2	
55837.8	54756.8	55837.8	54756.8	55837.8	
56459.5	55648.6	56459.5	55648.6	56459.5	
57000	55837.8	57000	55837.8	57000	
57081.1	57405.4	57081.1	57405.4	57081.1	
56810.8	57351.4	56810.8	57351.4	56810.8	
57891.9	58297.3	57891.9	58297.3	57891.9	
59945.9	58567.6	59945.9	58567.6	59945.9	
60351.4	59945.9	60351.4	59945.9	60351.4	
59459.5	59324.3	59459.5	59324.3	59459.5	
60945.9	58783.8	60945.9	58783.8	60945.9	
62324.3	60081.1	62324.3	60081.1	62324.3	
61702.7	58567.6	61702.7	58567.6	61702.7	
61513.5	63891.9	61513.5	63891.9	61513.5	
60891.9	60945.9	60891.9	60945.9	60891.9	
62729.7	61513.5	62729.7	61513.5	62729.7	
64486.5	63540.5	64486.5	63540.5	64486.5	
63810.8	63486.5	63810.8	63486.5	63810.8	
64486.5	64216.2	64486.5	64216.2	64486.5	
64216.2	64783.8	64216.2	64783.8	64216.2	
63891.9	65054.1	63891.9	65054.1	63891.9	
65054.1	66216.2	65054.1	66216.2	65054.1	
64027	65648.6	64027	65648.6	64027	
66810.8	66945.9	66810.8	66945.9	66810.8	
68054.1	66000	68054.1	66000	68054.1	
67486.5	68324.3	67486.5	68324.3	67486.5	
65189.2	67837.8	65189.2	67837.8	65189.2	
64837.8	66756.8	64837.8	66756.8	64837.8	
67837.8	67486.5	67837.8	67486.5	67837.8	
67351.4	68648.6	67351.4	68648.6	67351.4	
65594.6	68459.5	65594.6	68459.5	65594.6	
67027	68648.6	67027	68648.6	67027	
68918.9	69189.2	68918.9	69189.2	68918.9	
67162.2	66810.8	67162.2	66810.8	67162.2	
68378.4	68108.1	68378.4	68108.1	68378.4	
67756.8	69054.1	67756.8	69054.1	67756.8	
70973	67702.7	70973	67702.7	70973	
68108.1	69459.5	68108.1	69459.5	68108.1	
68594.6	69459.5	68594.6	69459.5	68594.6	
68378.4	69756.8	68378.4	69756.8	68378.4	
67351.4	71594.6	67351.4	71594.6	67351.4	
68324.3	68189.2	68324.3	68189.2	68324.3	
68378.4	67297.3	68378.4	67297.3	68378.4	
68324.3	68648.6	68324.3	68648.6	68324.3	
68378.4	67297.3	68378.4	67297.3	68378.4	
67297.3	67486.5	67297.3	67486.5	67297.3	
65594.6	68513.5	65594.6	68513.5	65594.6	
69189.2	69189.2	69189.2	69189.2	69189.2	
68324.3	69756.8	68324.3	69756.8	68324.3	
68378.4	65243.2	68378.4	65243.2	68378.4	
69459.5	69135.1	69459.5	69135.1	69459.5	
67216.2	68054.1	67216.2	68054.1	67216.2	
66216.2	69054.1	66216.2	69054.1	66216.2	
69135.1	68378.4	69135.1	68378.4	69135.1	
67432.4	67486.5	67432.4	67486.5	67432.4	
66891.9	66945.9	66891.9	66945.9	66891.9	
67486.5	69405.4	67486.5	69405.4	67486.5	
66756.8	70081.1	66756.8	70081.1	66756.8	
65594.6	68378.4	65594.6	68378.4	65594.6	
67486.5	66675.7	67486.5	66675.7	67486.5	
66405.4	66810.8	66405.4	66810.8	66405.4	
68189.2	67351.4	68189.2	67351.4	68189.2	
66621.6	67567.6	66621.6	67567.6	66621.6	
65324.3	68243.2	65324.3	68243.2	65324.3	
66405.4	66135.1	66405.4	66135.1	66405.4	
66810.8	66216.2	66810.8	66216.2	66810.8	
68648.6	66891.9	68648.6	66891.9	68648.6	
67216.2	67567.6	67216.2	67567.6	67216.2	
68594.6	69270.3	68594.6	69270.3	68594.6	
68054.1	67756.8	68054.1	67756.8	68054.1	
67027	69459.5	67027	69459.5	67027	
68378.4	68054.1	68378.4	68054.1	68378.4	
66945.9	68378.4	66945.9	68378.4	66945.9	
68324.3	67297.3	68324.3	67297.3	68324.3	
66405.4	66405.4	66405.4	66405.4	66405.4	
65918.9	68378.4	65918.9	68378.4	65918.9	
67973	67756.8	67973	67756.8	67973	
66810.8	66351.4	66810.8	66351.4	66810.8	
67486.5	66486.5	67486.5	66486.5	67486.5	
67621.6	69810.8	67621.6	69810.8	67621.6	
68243.2	68648.6	68243.2	68648.6	68243.2	
68864.9	67216.2	68864.9	67216.2	68864.9	
67297.3	69405.4	67297.3	69405.4	67297.3	
69810.8	67162.2	69810.8	67162.2	69810.8	
67432.4	67027	67432.4	67027	67432.4	
69135.1	67567.6	69135.1	67567.6	69135.1	
69270.3	66000	69270.3	66000	69270.3	
67567.6	66135.1	67567.6	66135.1	67567.6	
66756.8	69135.1	66756.8	69135.1	66756.8	
66675.7	65378.4	66675.7	65378.4	66675.7	
68189.2	69054.1	68189.2	69054.1	68189.2	
68108.1	68783.8	68108.1	68783.8	68108.1	
66216.2	67486.5	66216.2	67486.5	66216.2	
67837.8	67081.1	67837.8	67081.1	67837.8	
66675.7	68108.1	66675.7	68108.1	66675.7	
67297.3	67486.5	67297.3	67486.5	67297.3	
67027	67756.8	67027	67756.8	67027	
67567.6	68864.9	67567.6	68864.9	67567.6	
67702.7	68378.4	67702.7	68378.4	67702.7	
67621.6	68513.5	67621.6	68513.5	67621.6	
67837.8	65594.6	67837.8	65594.6	67837.8	
68918.9	70081.1	68918.9	70081.1	68918.9	
66756.8	67918.9	66756.8	67918.9	66756.8	
67216.2	65648.6	67216.2	65648.6	67216.2	
68513.5	67918.9	68513.5	67918.9	68513.5	
67567.6	69810.8	67567.6	69810.8	67567.6	
66891.9	68918.9	66891.9	68918.9	66891.9	
64837.8	68108.1	64837.8	68108.1	64837.8	
67216.2	67297.3	67216.2	67297.3	67216.2	
67918.9	67027	67918.9	67027	67918.9	
66216.2	68648.6	66216.2	68648.6	66216.2	
69270.3	68513.5	69270.3	68513.5	69270.3	
66054.1	69054.1	66054.1	69054.1	66054.1	
68864.9	68783.8	68864.9	68783.8	68864.9	
66216.2	67297.3	66216.2	67297.3	66216.2	
69891.9	68378.4	69891.9	68378.4	69891.9	
68108.1	68459.5	68108.1	68459.5	68108.1	
67216.2	69135.1	67216.2	69135.1	67216.2	
67486.5	66270.3	67486.5	66270.3	67486.5	
69459.5	67297.3	69459.5	67297.3	69459.5	
67351.4	67837.8	67351.4	67837.8	67351.4	
67432.4	67702.7	67432.4	67702.7	67432.4	
68324.3	68324.3	68324.3	68324.3	68324.3	
68459.5	67432.4	68459.5	67432.4	68459.5	
67702.7	67567.6	67702.7	67567.6	67702.7	
67027	68108.1	67027	68108.1	67027	
68189.2	69405.4	68189.2	69405.4	68189.2	
68324.3	68324.3	68324.3	68324.3	68324.3	
67432.4	68054.1	67432.4	68054.1	67432.4	
69000	69324.3	69000	69324.3	69000	
65108.1	66351.4	65108.1	66351.4	65108.1	
69189.2	66405.4	69189.2	66405.4	69189.2	
66945.9	68594.6	66945.9	68594.6	66945.9	
67918.9	67918.9	67918.9	67918.9	67918.9	
67567.6	69000	67567.6	69000	67567.6	
68378.4	66270.3	68378.4	66270.3	68378.4	
68243.2	67081.1	68243.2	67081.1	68243.2	
67756.8	67621.6	67756.8	67621.6	67756.8	
68378.4	66216.2	68378.4	66216.2	68378.4	
69189.2	67567.6	69189.2	67567.6	69189.2	
69054.1	69621.6	69054.1	69621.6	69054.1	
68324.3	67432.4	68324.3	67432.4	68324.3	
68459.5	67837.8	68459.5	67837.8	68459.5	
66621.6	68108.1	66621.6	68108.1	66621.6	
66486.5	67837.8	66486.5	67837.8	66486.5	
67216.2	67081.1	67216.2	67081.1	67216.2	
68324.3	69270.3	68324.3	69270.3	68324.3	
67297.3	65648.6	67297.3	65648.6	67297.3	
67486.5	68243.2	67486.5	68243.2	67486.5	
69054.1	69756.8	69054.1	69756.8	69054.1	
67081.1	66486.5	67081.1	66486.5	67081.1	
66945.9	67162.2	66945.9	67162.2	66945.9	
67027	67432.4	67027	67432.4	67027	
66540.5	67216.2	66540.5	67216.2	66540.5	
68189.2	66351.4	68189.2	66351.4	68189.2	
67432.4	66486.5	67432.4	66486.5	67432.4	
68594.6	67621.6	68594.6	67621.6	68594.6	
67567.6	69540.5	67567.6	69540.5	67567.6	
68378.4	68864.9	68378.4	68864.9	68378.4	
68918.9	67756.8	68918.9	67756.8	68918.9	
67216.2	66891.9	67216.2	66891.9	67216.2	
69810.8	67432.4	69810.8	67432.4	69810.8	
66891.9	67837.8	66891.9	67837.8	66891.9	
65378.4	69000	65378.4	69000	65378.4	
66351.4	66135.1	66351.4	66135.1	66351.4	
67216.2	68729.7	67216.2	68729.7	67216.2	
67567.6	67918.9	67567.6	67918.9	67567.6	
67081.1	68243.2	67081.1	68243.2	67081.1	
66621.6	67162.2	66621.6	67162.2	66621.6	
67216.2	66675.7	67216.2	66675.7	67216.2	
66945.9	66756.8	66945.9	66756.8	66945.9	
66351.4	69324.3	66351.4	69324.3	66351.4	
67432.4	67486.5	67432.4	67486.5	67432.4	
66675.7	68324.3	66675.7	68324.3	66675.7	
68729.7	66810.8	68729.7	66810.8	68729.7	
65864.9	68108.1	65864.9	68108.1	65864.9	
69270.3	67216.2	69270.3	67216.2	69270.3	
67621.6	67621.6	67621.6	67621.6	67621.6	
68459.5	68189.2	68459.5	68189.2	68459.5	
68243.2	67837.8	68243.2	67837.8	68243.2	
69270.3	68648.6	69270.3	68648.6	69270.3	
68918.9	68729.7	68918.9	68729.7	68918.9	
69189.2	69459.5	69189.2	69459.5	69189.2	
67702.7	67702.7	67702.7	67702.7	67702.7	
67918.9	68648.6	67918.9	68648.6	67918.9	
67297.3	69756.8	67297.3	69756.8	67297.3	
68378.4	69621.6	68378.4	69621.6	68378.4	
67432.4	68513.5	67432.4	68513.5	67432.4	
68324.3	68864.9	68324.3	68864.9	68324.3	
68648.6	66054.1	68648.6	66054.1	68648.6	
68243.2	68378.4	68243.2	68378.4	68243.2	
68108.1	69000	68108.1	69000	68108.1	
68729.7	67918.9	68729.7	67918.9	68729.7	
67756.8	68594.6	67756.8	68594.6	67756.8	
66891.9	66945.9	66891.9	66945.9	66891.9	
68054.1	68108.1	68054.1	68108.1	68054.1	
68108.1	69189.2	68108.1	69189.2	68108.1	
68513.5	66756.8	68513.5	66756.8	68513.5	
67621.6	68324.3	67621.6	68324.3	67621.6	
66405.4	68864.9	66405.4	68864.9	66405.4	
68459.5	68513.5	68459.5	68513.5	68459.5	
69189.2	67567.6	69189.2	67567.6	69189.2	
68864.9	66891.9	68864.9	66891.9	68864.9	
67432.4	66405.4	67432.4	66405.4	67432.4	
68189.2	66945.9	68189.2	66945.9	68189.2	
67567.6	68189.2	67567.6	68189.2	67567.6	
68783.8	67973	68783.8	67973	68783.8	
67756.8	68594.6	67756.8	68594.6	67756.8	
68189.2	67216.2	68189.2	67216.2	68189.2	
68108.1	65729.7	68108.1	65729.7	68108.1	
68648.6	67027	68648.6	67027	68648.6	
68594.6	68054.1	68594.6	68054.1	68594.6	
66405.4	69540.5	66405.4	69540.5	66405.4	
68648.6	70081.1	68648.6	70081.1	68648.6	
68513.5	69459.5	68513.5	69459.5	68513.5	
68243.2	68108.1	68243.2	68108.1	68243.2	
68459.5	68729.7	68459.5	68729.7	68459.5	
67081.1	69324.3	67081.1	69324.3	67081.1	
67837.8	68108.1	67837.8	68108.1	67837.8	
67216.2	66216.2	67216.2	66216.2	67216.2	
68189.2	69189.2	68189.2	69189.2	68189.2	
67027	67297.3	67027	67297.3	67027	
67837.8	68189.2	67837.8	68189.2	67837.8	
67973	68918.9	67973	68918.9	67973	
69405.4	67702.7	69405.4	67702.7	69405.4	
66756.8	66891.9	66756.8	66891.9	66756.8	
67162.2	70027	67162.2	70027	67162.2	
68918.9	68918.9	68918.9	68918.9	68918.9	
66945.9	69054.1	66945.9	69054.1	66945.9	
67351.4	68324.3	67351.4	68324.3	67351.4	
68783.8	68459.5	68783.8	68459.5	68783.8	
69540.5	68108.1	69540.5	68108.1	69540.5	
68378.4	68648.6	68378.4	68648.6	68378.4	
69270.3	69405.4	69270.3	69405.4	69270.3	
68108.1	69675.7	68108.1	69675.7	68108.1	
69945.9	68783.8	69945.9	68783.8	69945.9	
67162.2	67297.3	67162.2	67297.3	67162.2	
69054.1	67162.2	69054.1	67162.2	69054.1	
69324.3	66945.9	69324.3	66945.9	69324.3	
67567.6	69000	67567.6	69000	67567.6	
67621.6	68864.9	67621.6	68864.9	67621.6	
68459.5	68513.5	68459.5	68513.5	68459.5	
67216.2	67081.1	67216.2	67081.1	67216.2	
71027	67756.8	71027	67756.8	71027	
69756.8	69891.9	69756.8	69891.9	69756.8	
68378.4	67756.8	68378.4	67756.8	68378.4	
68108.1	68189.2	68108.1	68189.2	68108.1	
67756.8	67567.6	67756.8	67567.6	67756.8	
68054.1	68054.1	68054.1	68054.1	68054.1	
68378.4	66540.5	68378.4	66540.5	68378.4	
68108.1	67486.5	68108.1	67486.5	68108.1	
69756.8	68648.6	69756.8	68648.6	69756.8	
67918.9	69324.3	67918.9	69324.3	67918.9	
68729.7	67081.1	68729.7	67081.1	68729.7	
68513.5	67567.6	68513.5	67567.6	68513.5	
66486.5	66540.5	66486.5	66540.5	66486.5	
68513.5	68108.1	68513.5	68108.1	68513.5	
69459.5	68729.7	69459.5	68729.7	69459.5	
69189.2	68918.9	69189.2	68918.9	69189.2	
70351.4	70432.4	70351.4	70432.4	70351.4	
69891.9	67432.4	69891.9	67432.4	69891.9	
68729.7	69891.9	68729.7	69891.9	68729.7	
68648.6	69324.3	68648.6	69324.3	68648.6	
67027	69054.1	67027	69054.1	67027	
68918.9	68324.3	68918.9	68324.3	68918.9	
68729.7	67486.5	68729.7	67486.5	68729.7	
67702.7	67756.8	67702.7	67756.8	67702.7	
68378.4	68459.5	68378.4	68459.5	68378.4	
68648.6	69000	68648.6	69000	68648.6	
71378.4	67351.4	71378.4	67351.4	71378.4	
67837.8	68324.3	67837.8	68324.3	67837.8	
70216.2	67216.2	70216.2	67216.2	70216.2	
68108.1	68378.4	68108.1	68378.4	68108.1	
67027	68378.4	67027	68378.4	67027	
68513.5	68648.6	68513.5	68648.6	68513.5	
67702.7	67918.9	67702.7	67918.9	67702.7	
69000	65864.9	69000	65864.9	69000	
69054.1	67027	69054.1	67027	69054.1	
70027	66351.4	70027	66351.4	70027	
69000	67162.2	69000	67162.2	69000	
68864.9	68513.5	68864.9	68513.5	68864.9	
68108.1	68459.5	68108.1	68459.5	68108.1	
69270.3	69459.5	69270.3	69459.5	69270.3	
68243.2	68459.5	68243.2	68459.5	68243.2	
66054.1	68864.9	66054.1	68864.9	66054.1	
67621.6	67756.8	67621.6	67756.8	67621.6	
69054.1	68513.5	69054.1	68513.5	69054.1	
67973	68783.8	67973	68783.8	67973	
70081.1	67702.7	70081.1	67702.7	70081.1	
69945.9	68189.2	69945.9	68189.2	69945.9	
69324.3	67351.4	69324.3	67351.4	69324.3	
67351.4	69540.5	67351.4	69540.5	67351.4	
66945.9	69270.3	66945.9	69270.3	66945.9	
68918.9	67621.6	68918.9	67621.6	68918.9	
68054.1	67162.2	68054.1	67162.2	68054.1	
67756.8	68648.6	67756.8	68648.6	67756.8	
69054.1	67297.3	69054.1	67297.3	69054.1	
68189.2	67702.7	68189.2	67702.7	68189.2	
67162.2	68918.9	67162.2	68918.9	67162.2	
67756.8	68864.9	67756.8	68864.9	67756.8	
69000	68648.6	69000	68648.6	69000	
68324.3	69621.6	68324.3	69621.6	68324.3	
67162.2	69270.3	67162.2	69270.3	67162.2	
68594.6	67567.6	68594.6	67567.6	68594.6	
69675.7	67351.4	69675.7	67351.4	69675.7	
70162.2	68108.1	70162.2	68108.1	70162.2	
69270.3	68459.5	69270.3	68459.5	69270.3	
70216.2	67027	70216.2	67027	70216.2	
68594.6	68378.4	68594.6	68378.4	68594.6	
72675.7	69621.6	72675.7	69621.6	72675.7	
68324.3	66621.6	68324.3	66621.6	68324.3	
69891.9	67297.3	69891.9	67297.3	69891.9	
66675.7	69459.5	66675.7	69459.5	66675.7	
69945.9	67027	69945.9	67027	69945.9	
68054.1	69405.4	68054.1	69405.4	68054.1	
68729.7	67486.5	68729.7	67486.5	68729.7	
70081.1	67837.8	70081.1	67837.8	70081.1	
69945.9	67162.2	69945.9	67162.2	69945.9	
68189.2	66891.9	68189.2	66891.9	68189.2	
67918.9	68864.9	67918.9	68864.9	67918.9	
69054.1	71027	69054.1	71027	69054.1	
68243.2	69459.5	68243.2	69459.5	68243.2	
68864.9	69810.8	68864.9	69810.8	68864.9	
67432.4	69810.8	67432.4	69810.8	67432.4	
70162.2	70081.1	70162.2	70081.1	70162.2	
71189.2	68594.6	71189.2	68594.6	71189.2	
68324.3	69459.5	68324.3	69459.5	68324.3	
66945.9	67162.2	66945.9	67162.2	66945.9	
68729.7	67162.2	68729.7	67162.2	68729.7	
69135.1	69324.3	69135.1	69324.3	69135.1	
69621.6	68594.6	69621.6	68594.6	69621.6	
68189.2	68648.6	68189.2	68648.6	68189.2	
69135.1	69540.5	69135.1	69540.5	69135.1	
69054.1	69135.1	69054.1	69135.1	69054.1	
68864.9	69540.5	68864.9	69540.5	68864.9	
68324.3	70081.1	68324.3	70081.1	68324.3	
69324.3	69459.5	69324.3	69459.5	69324.3	
68729.7	68378.4	68729.7	68378.4	68729.7	
68729.7	70216.2	68729.7	70216.2	68729.7	
66135.1	68513.5	66135.1	68513.5	66135.1	
67756.8	68783.8	67756.8	68783.8	67756.8	
69405.4	68918.9	69405.4	68918.9	69405.4	
67702.7	68243.2	67702.7	68243.2	67702.7	
68648.6	68189.2	68648.6	68189.2	68648.6	
66540.5	67621.6	66540.5	67621.6	66540.5	
69135.1	69270.3	69135.1	69270.3	69135.1	
67486.5	68513.5	67486.5	68513.5	67486.5	
67621.6	68729.7	67621.6	68729.7	67621.6	
67702.7	69891.9	67702.7	69891.9	67702.7	
67702.7	68918.9	67702.7	68918.9	67702.7	
69135.1	67973	69135.1	67973	69135.1	
68324.3	67081.1	68324.3	67081.1	68324.3	
69621.6	68243.2	69621.6	68243.2	69621.6	
69405.4	69540.5	69405.4	69540.5	69405.4	
68054.1	69756.8	68054.1	69756.8	68054.1	
67486.5	68594.6	67486.5	68594.6	67486.5	
68189.2	68243.2	68189.2	68243.2	68189.2	
68324.3	68594.6	68324.3	68594.6	68324.3	
68324.3	68648.6	68324.3	68648.6	68324.3	
67918.9	69324.3	67918.9	69324.3	67918.9	
69000	69000	69000	69000	69000	
67432.4	68729.7	67432.4	68729.7	67432.4	
68459.5	69540.5	68459.5	69540.5	68459.5	
70081.1	67837.8	70081.1	67837.8	70081.1	
68243.2	68864.9	68243.2	68864.9	68243.2	
68918.9	67297.3	68918.9	67297.3	68918.9	
68459.5	67162.2	68459.5	67162.2	68459.5	
70702.7	67567.6	70702.7	67567.6	70702.7	
69756.8	66486.5	69756.8	66486.5	69756.8	
67756.8	69405.4	67756.8	69405.4	67756.8	
67973	70837.8	67973	70837.8	67973	
67973	67621.6	67973	67621.6	67973	
69000	67027	69000	67027	69000	
69621.6	68378.4	69621.6	68378.4	69621.6	
68594.6	67918.9	68594.6	67918.9	68594.6	
68054.1	68378.4	68054.1	68378.4	68054.1	
70486.5	69324.3	70486.5	69324.3	70486.5	
66621.6	67973	66621.6	67973	66621.6	
68729.7	67567.6	68729.7	67567.6	68729.7	
68864.9	68108.1	68864.9	68108.1	68864.9	
69135.1	68648.6	69135.1	68648.6	69135.1	
68324.3	68324.3	68324.3	68324.3	68324.3	
69810.8	69540.5	69810.8	69540.5	69810.8	
70432.4	67702.7	70432.4	67702.7	70432.4	
69405.4	68378.4	69405.4	68378.4	69405.4	
67756.8	68513.5	67756.8	68513.5	67756.8	
68594.6	68459.5	68594.6	68459.5	68594.6	
69054.1	68513.5	69054.1	68513.5	69054.1	
67486.5	70351.4	67486.5	70351.4	67486.5	
70486.5	68108.1	70486.5	68108.1	70486.5	
66135.1	70216.2	66135.1	70216.2	66135.1	
69000	67432.4	69000	67432.4	69000	
68324.3	68594.6	68324.3	68594.6	68324.3	
68459.5	67432.4	68459.5	67432.4	68459.5	
70621.6	70297.3	70621.6	70297.3	70621.6	
68864.9	68324.3	68864.9	68324.3	68864.9	
68513.5	70216.2	68513.5	70216.2	68513.5	
67081.1	67486.5	67081.1	67486.5	67081.1	
67432.4	68459.5	67432.4	68459.5	67432.4	
69891.9	68378.4	69891.9	68378.4	69891.9	
69270.3	68324.3	69270.3	68324.3	69270.3	
69405.4	67081.1	69405.4	67081.1	69405.4	
69324.3	68189.2	69324.3	68189.2	69324.3	
69540.5	67837.8	69540.5	67837.8	69540.5	
68729.7	67973	68729.7	67973	68729.7	
67162.2	68189.2	67162.2	68189.2	67162.2	
70486.5	68918.9	70486.5	68918.9	70486.5	
69000	68108.1	69000	68108.1	69000	
66351.4	67837.8	66351.4	67837.8	66351.4	
68783.8	69810.8	68783.8	69810.8	68783.8	
68324.3	69459.5	68324.3	69459.5	68324.3	
69945.9	66054.1	69945.9	66054.1	69945.9	
70702.7	67702.7	70702.7	67702.7	70702.7	
69270.3	70297.3	69270.3	70297.3	69270.3	
68864.9	71378.4	68864.9	71378.4	68864.9	
67918.9	70162.2	67918.9	70162.2	67918.9	
68324.3	69000	68324.3	69000	68324.3	
68324.3	67486.5	68324.3	67486.5	68324.3	
67837.8	69621.6	67837.8	69621.6	67837.8	
69405.4	67837.8	69405.4	67837.8	69405.4	
68513.5	68189.2	68513.5	68189.2	68513.5	
69405.4	67837.8	69405.4	67837.8	69405.4	
68594.6	67756.8	68594.6	67756.8	68594.6	
69621.6	69135.1	69621.6	69135.1	69621.6	
69405.4	70702.7	69405.4	70702.7	69405.4	
69405.4	68918.9	69405.4	68918.9	69405.4	
68459.5	68108.1	68459.5	68108.1	68459.5	
68324.3	68864.9	68324.3	68864.9	68324.3	
68459.5	69675.7	68459.5	69675.7	68459.5	
69405.4	68189.2	69405.4	68189.2	69405.4	
67486.5	69054.1	67486.5	69054.1	67486.5	
69891.9	69054.1	69891.9	69054.1	69891.9	
68729.7	68054.1	68729.7	68054.1	68729.7	
69054.1	68729.7	69054.1	68729.7	69054.1	
67756.8	70027	67756.8	70027	67756.8	
69000	69135.1	69000	69135.1	69000	
68324.3	69000	68324.3	69000	68324.3	
69459.5	67216.2	69459.5	67216.2	69459.5	
70621.6	67432.4	70621.6	67432.4	70621.6	
68864.9	69189.2	68864.9	69189.2	68864.9	
68243.2	69945.9	68243.2	69945.9	68243.2	
68864.9	69891.9	68864.9	69891.9	68864.9	
68513.5	67081.1	68513.5	67081.1	68513.5	
70297.3	69540.5	70297.3	69540.5	70297.3	
68324.3	69459.5	68324.3	69459.5	68324.3	
68324.3	69000	68324.3	69000	68324.3	
68324.3	68459.5	68324.3	68459.5	68324.3	
68054.1	70027	68054.1	70027	68054.1	
68918.9	69189.2	68918.9	69189.2	68918.9	
67216.2	67702.7	67216.2	67702.7	67216.2	
69000	68918.9	69000	68918.9	69000	
69000	66351.4	69000	66351.4	69000	
68594.6	67973	68594.6	67973	68594.6	
68918.9	69891.9	68918.9	69891.9	68918.9	
67621.6	67918.9	67621.6	67918.9	67621.6	
67973	66486.5	67973	66486.5	67973	
67702.7	68189.2	67702.7	68189.2	67702.7	
66945.9	69405.4	66945.9	69405.4	66945.9	
67432.4	68594.6	67432.4	68594.6	67432.4	
68918.9	68108.1	68918.9	68108.1	68918.9	
68594.6	70162.2	68594.6	70162.2	68594.6	
69135.1	69054.1	69135.1	69054.1	69135.1	
67918.9	66405.4	67918.9	66405.4	67918.9	
67918.9	67216.2	67918.9	67216.2	67918.9	
69324.3	69621.6	69324.3	69621.6	69324.3	
66540.5	67621.6	66540.5	67621.6	66540.5	
66405.4	68459.5	66405.4	68459.5	66405.4	
69324.3	67216.2	69324.3	67216.2	69324.3	
68918.9	69135.1	68918.9	69135.1	68918.9	
68594.6	68594.6	68594.6	68594.6	68594.6	
68648.6	65243.2	68648.6	65243.2	68648.6	
68324.3	67837.8	68324.3	67837.8	68324.3	
69270.3	70216.2	69270.3	70216.2	69270.3	
69621.6	66810.8	69621.6	66810.8	69621.6	
68864.9	67756.8	68864.9	67756.8	68864.9	
69324.3	67351.4	69324.3	67351.4	69324.3	
67756.8	68918.9	67756.8	68918.9	67756.8	
68513.5	67918.9	68513.5	67918.9	68513.5	
66810.8	67027	66810.8	67027	66810.8	
69270.3	68729.7	69270.3	68729.7	69270.3	
70486.5	68918.9	70486.5	68918.9	70486.5	
82081.1	82675.7	82081.1	82675.7	82081.1	
70486.5	66891.9	70486.5	66891.9	70486.5	
69054.1	69054.1	69054.1	69054.1	69054.1	
69891.9	69756.8	69891.9	69756.8	69891.9	
69270.3	68243.2	69270.3	68243.2	69270.3	
68513.5	69405.4	68513.5	69405.4	68513.5	
68324.3	68729.7	68324.3	68729.7	68324.3	
68189.2	67621.6	68189.2	67621.6	68189.2	
68594.6	69324.3	68594.6	69324.3	68594.6	
68783.8	67621.6	68783.8	67621.6	68783.8	
69135.1	68459.5	69135.1	68459.5	69135.1	
70621.6	67162.2	70621.6	67162.2	70621.6	
69189.2	68108.1	69189.2	68108.1	69189.2	
68189.2	70486.5	68189.2	70486.5	68189.2	
68189.2	70027	68189.2	70027	68189.2	
68594.6	68378.4	68594.6	68378.4	68594.6	
68108.1	69000	68108.1	69000	68108.1	
67973	69324.3	67973	69324.3	67973	
66891.9	69270.3	66891.9	69270.3	66891.9	
67027	68783.8	67027	68783.8	67027	
70351.4	67702.7	70351.4	67702.7	70351.4	
69054.1	68783.8	69054.1	68783.8	69054.1	
68864.9	68189.2	68864.9	68189.2	68864.9	
70621.6	68378.4	70621.6	68378.4	70621.6	
67162.2	68459.5	67162.2	68459.5	67162.2	
70027	68189.2	70027	68189.2	70027	
68459.5	69945.9	68459.5	69945.9	68459.5	
67216.2	69054.1	67216.2	69054.1	67216.2	
67432.4	69054.1	67432.4	69054.1	67432.4	
68864.9	67837.8	68864.9	67837.8	68864.9	
65513.5	68243.2	65513.5	68243.2	65513.5	
68783.8	69675.7	68783.8	69675.7	68783.8	
67351.4	71324.3	67351.4	71324.3	67351.4	
69270.3	67756.8	69270.3	67756.8	69270.3	
67351.4	69891.9	67351.4	69891.9	67351.4	
68459.5	69270.3	68459.5	69270.3	68459.5	
67486.5	67621.6	67486.5	67621.6	67486.5	
68378.4	69405.4	68378.4	69405.4	68378.4	
68783.8	67351.4	68783.8	67351.4	68783.8	
69459.5	67351.4	69459.5	67351.4	69459.5	
69891.9	69054.1	69891.9	69054.1	69891.9	
68054.1	66756.8	68054.1	66756.8	68054.1	
69756.8	66135.1	69756.8	66135.1	69756.8	
70216.2	68648.6	70216.2	68648.6	70216.2	
66216.2	69459.5	66216.2	69459.5	66216.2	
67216.2	67918.9	67216.2	67918.9	67216.2	
68594.6	69756.8	68594.6	69756.8	68594.6	
67837.8	68054.1	67837.8	68054.1	67837.8	
67486.5	70027	67486.5	70027	67486.5	
68243.2	68378.4	68243.2	68378.4	68243.2	
69000	67297.3	69000	67297.3	69000	
68459.5	70567.6	68459.5	70567.6	68459.5	
67702.7	67216.2	67702.7	67216.2	67702.7	
70486.5	69054.1	70486.5	69054.1	70486.5	
68459.5	67567.6	68459.5	67567.6	68459.5	
69756.8	67432.4	69756.8	67432.4	69756.8	
66756.8	66891.9	66756.8	66891.9	66756.8	
66945.9	67351.4	66945.9	67351.4	66945.9	
68729.7	68189.2	68729.7	68189.2	68729.7	
67432.4	68243.2	67432.4	68243.2	67432.4	
68378.4	68594.6	68378.4	68594.6	68378.4	
68108.1	67486.5	68108.1	67486.5	68108.1	
69270.3	69891.9	69270.3	69891.9	69270.3	
67702.7	67702.7	67702.7	67702.7	67702.7	
67486.5	70081.1	67486.5	70081.1	67486.5	
67702.7	67081.1	67702.7	67081.1	67702.7	
68918.9	68324.3	68918.9	68324.3	68918.9	
70027	70891.9	70027	70891.9	70027	
68324.3	68054.1	68324.3	68054.1	68324.3	
68054.1	67837.8	68054.1	67837.8	68054.1	
69405.4	68243.2	69405.4	68243.2	69405.4	
69324.3	67216.2	69324.3	67216.2	69324.3	
70702.7	68378.4	70702.7	68378.4	70702.7	
67351.4	67216.2	67351.4	67216.2	67351.4	
68324.3	67567.6	68324.3	67567.6	68324.3	
66810.8	69540.5	66810.8	69540.5	66810.8	
68054.1	69675.7	68054.1	69675.7	68054.1	
67918.9	69621.6	67918.9	69621.6	67918.9	
66216.2	69135.1	66216.2	69135.1	66216.2	
67621.6	69054.1	67621.6	69054.1	67621.6	
67973	67837.8	67973	67837.8	67973	
69270.3	68864.9	69270.3	68864.9	69270.3	
68378.4	68189.2	68378.4	68189.2	68378.4	
66621.6	68729.7	66621.6	68729.7	66621.6	
66486.5	67486.5	66486.5	67486.5	66486.5	
70081.1	69054.1	70081.1	69054.1	70081.1	
68378.4	68189.2	68378.4	68189.2	68378.4	
69459.5	68108.1	69459.5	68108.1	69459.5	
68459.5	68513.5	68459.5	68513.5	68459.5	
68918.9	69135.1	68918.9	69135.1	68918.9	
68243.2	69540.5	68243.2	69540.5	68243.2	
68648.6	69756.8	68648.6	69756.8	68648.6	
68378.4	69459.5	68378.4	69459.5	68378.4	
67702.7	68324.3	67702.7	68324.3	67702.7	
69621.6	69405.4	69621.6	69405.4	69621.6	
68189.2	68243.2	68189.2	68243.2	68189.2	
69054.1	69459.5	69054.1	69459.5	69054.1	
70027	67432.4	70027	67432.4	70027	
69810.8	68594.6	69810.8	68594.6	69810.8	
65459.5	67621.6	65459.5	67621.6	65459.5	
67973	67351.4	67973	67351.4	67973	
69000	68513.5	69000	68513.5	69000	
67837.8	68459.5	67837.8	68459.5	67837.8	
69891.9	68864.9	69891.9	68864.9	69891.9	
69054.1	68378.4	69054.1	68378.4	69054.1	
68054.1	67162.2	68054.1	67162.2	68054.1	
68513.5	67756.8	68513.5	67756.8	68513.5	
66891.9	68108.1	66891.9	68108.1	66891.9	
68729.7	69945.9	68729.7	69945.9	68729.7	
69135.1	69756.8	69135.1	69756.8	69135.1	
68324.3	69945.9	68324.3	69945.9	68324.3	
70216.2	68729.7	70216.2	68729.7	70216.2	
67918.9	69324.3	67918.9	69324.3	67918.9	
69054.1	68459.5	69054.1	68459.5	69054.1	
67486.5	69189.2	67486.5	69189.2	67486.5	
68594.6	69000	68594.6	69000	68594.6	
68189.2	71108.1	68189.2	71108.1	68189.2	
70162.2	67918.9	70162.2	67918.9	70162.2	
69135.1	66486.5	69135.1	66486.5	69135.1	
68459.5	69324.3	68459.5	69324.3	68459.5	
69675.7	69891.9	69675.7	69891.9	69675.7	
68648.6	68513.5	68648.6	68513.5	68648.6	
71189.2	68108.1	71189.2	68108.1	71189.2	
71594.6	69054.1	71594.6	69054.1	71594.6	
68513.5	68594.6	68513.5	68594.6	68513.5	
67216.2	67918.9	67216.2	67918.9	67216.2	
68918.9	70621.6	68918.9	70621.6	68918.9	
68648.6	70027	68648.6	70027	68648.6	
68054.1	68864.9	68054.1	68864.9	68054.1	
67756.8	68324.3	67756.8	68324.3	67756.8	
67621.6	69324.3	67621.6	69324.3	67621.6	
68783.8	68378.4	68783.8	68378.4	68783.8	
70162.2	67297.3	70162.2	67297.3	70162.2	
69810.8	69810.8	69810.8	69810.8	69810.8	
66000	70081.1	66000	70081.1	66000	
66891.9	69000	66891.9	69000	66891.9	
69135.1	66891.9	69135.1	66891.9	69135.1	
67081.1	69189.2	67081.1	69189.2	67081.1	
68918.9	68513.5	68918.9	68513.5	68918.9	
68243.2	70162.2	68243.2	70162.2	68243.2	
69945.9	68243.2	69945.9	68243.2	69945.9	
69945.9	70081.1	69945.9	70081.1	69945.9	
68783.8	68918.9	68783.8	68918.9	68783.8	
66756.8	66810.8	66756.8	66810.8	66756.8	
67486.5	69000	67486.5	69000	67486.5	
69945.9	68594.6	69945.9	68594.6	69945.9	
70351.4	66891.9	70351.4	66891.9	70351.4	
68189.2	70432.4	68189.2	70432.4	68189.2	
69756.8	70027	69756.8	70027	69756.8	
69000	68108.1	69000	68108.1	69000	
68054.1	68459.5	68054.1	68459.5	68054.1	
70297.3	69000	70297.3	69000	70297.3	
69891.9	69810.8	69891.9	69810.8	69891.9	
68513.5	68918.9	68513.5	68918.9	68513.5	
69891.9	69189.2	69891.9	69189.2	69891.9	
68594.6	68648.6	68594.6	68648.6	68594.6	
71108.1	67702.7	71108.1	67702.7	71108.1	
68054.1	69621.6	68054.1	69621.6	68054.1	
69270.3	68108.1	69270.3	68108.1	69270.3	
69675.7	68513.5	69675.7	68513.5	69675.7	
69000	68648.6	69000	68648.6	69000	
69054.1	68864.9	69054.1	68864.9	69054.1	
67918.9	67621.6	67918.9	67621.6	67918.9	
69459.5	68918.9	69459.5	68918.9	69459.5	
69135.1	69540.5	69135.1	69540.5	69135.1	
68918.9	69459.5	68918.9	69459.5	68918.9	
70216.2	68324.3	70216.2	68324.3	70216.2	
70432.4	68918.9	70432.4	68918.9	70432.4	
69054.1	67297.3	69054.1	67297.3	69054.1	
68189.2	69459.5	68189.2	69459.5	68189.2	
68108.1	69459.5	68108.1	69459.5	68108.1	
67216.2	68459.5	67216.2	68459.5	67216.2	
67081.1	69189.2	67081.1	69189.2	67081.1	
67486.5	70973	67486.5	70973	67486.5	
67837.8	68783.8	67837.8	68783.8	67837.8	
68783.8	67432.4	68783.8	67432.4	68783.8	
68459.5	69054.1	68459.5	69054.1	68459.5	
69324.3	70162.2	69324.3	70162.2	69324.3	
69270.3	67081.1	69270.3	67081.1	69270.3	
69324.3	69000	69324.3	69000	69324.3	
69000	69405.4	69000	69405.4	69000	
67297.3	66675.7	67297.3	66675.7	67297.3	
68459.5	67081.1	68459.5	67081.1	68459.5	
67027	68918.9	67027	68918.9	67027	
68729.7	68108.1	68729.7	68108.1	68729.7	
69054.1	67216.2	69054.1	67216.2	69054.1	
70973	68459.5	70973	68459.5	70973	
68783.8	68783.8	68783.8	68783.8	68783.8	
69189.2	68918.9	69189.2	68918.9	69189.2	
67973	69621.6	67973	69621.6	67973	
67621.6	70216.2	67621.6	70216.2	67621.6	
69540.5	69189.2	69540.5	69189.2	69540.5	
67351.4	69135.1	67351.4	69135.1	67351.4	
68243.2	68243.2	68243.2	68243.2	68243.2	
67216.2	67486.5	67216.2	67486.5	67216.2	
68648.6	67918.9	68648.6	67918.9	68648.6	
67297.3	68378.4	67297.3	68378.4	67297.3	
70297.3	67918.9	70297.3	67918.9	70297.3	
66810.8	70216.2	66810.8	70216.2	66810.8	
67918.9	72135.1	67918.9	72135.1	67918.9	
68108.1	69459.5	68108.1	69459.5	68108.1	
69459.5	70027	69459.5	70027	69459.5	
68378.4	67432.4	68378.4	67432.4	68378.4	
69621.6	67081.1	69621.6	67081.1	69621.6	
68378.4	67486.5	68378.4	67486.5	68378.4	
70973	68378.4	70973	68378.4	70973	
69324.3	69756.8	69324.3	69756.8	69324.3	
67837.8	69000	67837.8	69000	67837.8	
69810.8	67432.4	69810.8	67432.4	69810.8	
68108.1	70891.9	68108.1	70891.9	68108.1	
68459.5	69756.8	68459.5	69756.8	68459.5	
70216.2	68648.6	70216.2	68648.6	70216.2	
67567.6	69891.9	67567.6	69891.9	67567.6	
69621.6	66945.9	69621.6	66945.9	69621.6	
69459.5	69054.1	69459.5	69054.1	69459.5	
71648.6	68513.5	71648.6	68513.5	71648.6	
68729.7	69189.2	68729.7	69189.2	68729.7	
71243.2	69540.5	71243.2	69540.5	71243.2	
69270.3	66810.8	69270.3	66810.8	69270.3	
69189.2	67918.9	69189.2	67918.9	69189.2	
69891.9	67918.9	69891.9	67918.9	69891.9	
71783.8	69459.5	71783.8	69459.5	71783.8	
70216.2	71513.5	70216.2	71513.5	70216.2	
68513.5	68378.4	68513.5	68378.4	68513.5	
69054.1	68513.5	69054.1	68513.5	69054.1	
69270.3	67702.7	69270.3	67702.7	69270.3	
68324.3	67837.8	68324.3	67837.8	68324.3	
68459.5	68459.5	68459.5	68459.5	68459.5	
68594.6	66891.9	68594.6	66891.9	68594.6	
69135.1	68729.7	69135.1	68729.7	69135.1	
68378.4	68459.5	68378.4	68459.5	68378.4	
70891.9	68513.5	70891.9	68513.5	70891.9	
69054.1	69621.6	69054.1	69621.6	69054.1	
69270.3	71459.5	69270.3	71459.5	69270.3	
71027	68918.9	71027	68918.9	71027	
67837.8	70567.6	67837.8	70567.6	67837.8	
67027	68729.7	67027	68729.7	67027	
68324.3	70756.8	68324.3	70756.8	68324.3	
68648.6	67567.6	68648.6	67567.6	68648.6	
68729.7	69189.2	68729.7	69189.2	68729.7	
68513.5	67027	68513.5	67027	68513.5	
69621.6	67973	69621.6	67973	69621.6	
68864.9	68594.6	68864.9	68594.6	68864.9	
71378.4	69621.6	71378.4	69621.6	71378.4	
70297.3	68378.4	70297.3	68378.4	70297.3	
68054.1	71243.2	68054.1	71243.2	68054.1	
69945.9	69270.3	69945.9	69270.3	69945.9	
67918.9	69405.4	67918.9	69405.4	67918.9	
68513.5	69945.9	68513.5	69945.9	68513.5	
70297.3	71378.4	70297.3	71378.4	70297.3	
70081.1	70486.5	70081.1	70486.5	70081.1	
68864.9	69621.6	68864.9	69621.6	68864.9	
70702.7	71027	70702.7	71027	70702.7	
69000	67756.8	69000	67756.8	69000	
67973	70837.8	67973	70837.8	67973	
67432.4	70486.5	67432.4	70486.5	67432.4	
67918.9	69270.3	67918.9	69270.3	67918.9	
68189.2	67351.4	68189.2	67351.4	68189.2	
69324.3	68864.9	69324.3	68864.9	69324.3	
68324.3	68648.6	68324.3	68648.6	68324.3	
70486.5	68864.9	70486.5	68864.9	70486.5	
68783.8	67432.4	68783.8	67432.4	68783.8	
69621.6	69189.2	69621.6	69189.2	69621.6	
69000	67918.9	69000	67918.9	69000	
69270.3	68108.1	69270.3	68108.1	69270.3	
71459.5	69270.3	71459.5	69270.3	71459.5	
66000	67918.9	66000	67918.9	66000	
68864.9	68513.5	68864.9	68513.5	68864.9	
67837.8	69189.2	67837.8	69189.2	67837.8	
69054.1	70027	69054.1	70027	69054.1	
68783.8	68513.5	68783.8	68513.5	68783.8	
67837.8	68783.8	67837.8	68783.8	67837.8	
68054.1	68594.6	68054.1	68594.6	68054.1	
67973	69054.1	67973	69054.1	67973	
69810.8	67297.3	69810.8	67297.3	69810.8	
70216.2	69135.1	70216.2	69135.1	70216.2	
70162.2	69810.8	70162.2	69810.8	70162.2	
69675.7	70486.5	69675.7	70486.5	69675.7	
69135.1	69270.3	69135.1	69270.3	69135.1	
71108.1	70162.2	71108.1	70162.2	71108.1	
67486.5	68594.6	67486.5	68594.6	67486.5	
69540.5	69054.1	69540.5	69054.1	69540.5	
68459.5	69000	68459.5	69000	68459.5	
67216.2	68783.8	67216.2	68783.8	67216.2	
67432.4	68594.6	67432.4	68594.6	67432.4	
69540.5	68729.7	69540.5	68729.7	69540.5	
70297.3	68729.7	70297.3	68729.7	70297.3	
65648.6	68783.8	65648.6	68783.8	65648.6	
69945.9	68594.6	69945.9	68594.6	69945.9	
67621.6	68729.7	67621.6	68729.7	67621.6	
67162.2	69891.9	67162.2	69891.9	67162.2	
67027	67702.7	67027	67702.7	67027	
69891.9	69945.9	69891.9	69945.9	69891.9	
69675.7	70081.1	69675.7	70081.1	69675.7	
66054.1	68918.9	66054.1	68918.9	66054.1	
67216.2	67216.2	67216.2	67216.2	67216.2	
66621.6	68189.2	66621.6	68189.2	66621.6	
69135.1	69675.7	69135.1	69675.7	69135.1	
69405.4	67837.8	69405.4	67837.8	69405.4	
68189.2	67837.8	68189.2	67837.8	68189.2	
68594.6	68459.5	68594.6	68459.5	68594.6	
67621.6	69756.8	67621.6	69756.8	67621.6	
68864.9	69405.4	68864.9	69405.4	68864.9	
69000	68918.9	69000	68918.9	69000	
69621.6	68378.4	69621.6	68378.4	69621.6	
68054.1	68783.8	68054.1	68783.8	68054.1	
70837.8	69324.3	70837.8	69324.3	70837.8	
69405.4	69405.4	69405.4	69405.4	69405.4	
68918.9	68918.9	68918.9	68918.9	68918.9	
69000	68243.2	69000	68243.2	69000	
68189.2	68189.2	68189.2	68189.2	68189.2	
69324.3	66945.9	69324.3	66945.9	69324.3	
69270.3	68864.9	69270.3	68864.9	69270.3	
67837.8	68243.2	67837.8	68243.2	67837.8	
69189.2	69000	69189.2	69000	69189.2	
69621.6	68648.6	69621.6	68648.6	69621.6	
69270.3	68189.2	69270.3	68189.2	69270.3	
67432.4	66945.9	67432.4	66945.9	67432.4	
69621.6	67756.8	69621.6	67756.8	69621.6	
70162.2	67837.8	70162.2	67837.8	70162.2	
66945.9	68648.6	66945.9	68648.6	66945.9	
70027	69324.3	70027	69324.3	70027	
67486.5	69540.5	67486.5	69540.5	67486.5	
71459.5	71324.3	71459.5	71324.3	71459.5	
69270.3	67567.6	69270.3	67567.6	69270.3	
68189.2	69891.9	68189.2	69891.9	68189.2	
69756.8	69135.1	69756.8	69135.1	69756.8	
68324.3	68243.2	68324.3	68243.2	68324.3	
67702.7	67621.6	67702.7	67621.6	67702.7	
69621.6	68918.9	69621.6	68918.9	69621.6	
69189.2	67081.1	69189.2	67081.1	69189.2	
69054.1	68864.9	69054.1	68864.9	69054.1	
69810.8	71459.5	69810.8	71459.5	69810.8	
68729.7	70297.3	68729.7	70297.3	68729.7	
67486.5	67702.7	67486.5	67702.7	67486.5	
67702.7	69189.2	67702.7	69189.2	67702.7	
70081.1	67081.1	70081.1	67081.1	70081.1	
67837.8	70297.3	67837.8	70297.3	67837.8	
67432.4	68648.6	67432.4	68648.6	67432.4	
70081.1	68459.5	70081.1	68459.5	70081.1	
68594.6	70837.8	68594.6	70837.8	68594.6	
68918.9	69891.9	68918.9	69891.9	68918.9	
69054.1	70837.8	69054.1	70837.8	69054.1	
70621.6	66621.6	70621.6	66621.6	70621.6	
68513.5	67432.4	68513.5	67432.4	68513.5	
70351.4	68648.6	70351.4	68648.6	70351.4	
68513.5	68729.7	68513.5	68729.7	68513.5	
66810.8	70297.3	66810.8	70297.3	66810.8	
67162.2	69675.7	67162.2	69675.7	67162.2	
67918.9	68729.7	67918.9	68729.7	67918.9	
68918.9	68648.6	68918.9	68648.6	68918.9	
69540.5	69756.8	69540.5	69756.8	69540.5	
68648.6	68108.1	68648.6	68108.1	68648.6	
69135.1	66540.5	69135.1	66540.5	69135.1	
67027	68783.8	67027	68783.8	67027	
68783.8	67702.7	68783.8	67702.7	68783.8	
69621.6	68783.8	69621.6	68783.8	69621.6	
68918.9	70702.7	68918.9	70702.7	68918.9	
69405.4	68783.8	69405.4	68783.8	69405.4	
69189.2	69540.5	69189.2	69540.5	69189.2	
69405.4	70216.2	69405.4	70216.2	69405.4	
67756.8	69135.1	67756.8	69135.1	67756.8	
68378.4	68864.9	68378.4	68864.9	68378.4	
69270.3	66540.5	69270.3	66540.5	69270.3	
67837.8	69324.3	67837.8	69324.3	67837.8	
68729.7	68729.7	68729.7	68729.7	68729.7	
66540.5	69675.7	66540.5	69675.7	66540.5	
67027	67756.8	67027	67756.8	67027	
68648.6	68378.4	68648.6	68378.4	68648.6	
67837.8	68459.5	67837.8	68459.5	67837.8	
69459.5	67837.8	69459.5	67837.8	69459.5	
70297.3	69135.1	70297.3	69135.1	70297.3	
70162.2	69405.4	70162.2	69405.4	70162.2	
69756.8	67567.6	69756.8	67567.6	69756.8	
68513.5	70162.2	68513.5	70162.2	68513.5	
68648.6	68243.2	68648.6	68243.2	68648.6	
68513.5	68459.5	68513.5	68459.5	68513.5	
69270.3	70081.1	69270.3	70081.1	69270.3	
69324.3	66756.8	69324.3	66756.8	69324.3	
67486.5	67756.8	67486.5	67756.8	67486.5	
68513.5	67486.5	68513.5	67486.5	68513.5	
70621.6	68918.9	70621.6	68918.9	70621.6	
67297.3	68243.2	67297.3	68243.2	67297.3	
69675.7	69054.1	69675.7	69054.1	69675.7	
69675.7	68729.7	69675.7	68729.7	69675.7	
69540.5	70081.1	69540.5	70081.1	69540.5	
67837.8	68513.5	67837.8	68513.5	67837.8	
67432.4	68189.2	67432.4	68189.2	67432.4	
68054.1	68459.5	68054.1	68459.5	68054.1	
67486.5	68243.2	67486.5	68243.2	67486.5	
69621.6	68243.2	69621.6	68243.2	69621.6	
69891.9	70081.1	69891.9	70081.1	69891.9	
67756.8	69459.5	67756.8	69459.5	67756.8	
66675.7	68648.6	66675.7	68648.6	66675.7	
68189.2	66810.8	68189.2	66810.8	68189.2	
70216.2	69405.4	70216.2	69405.4	70216.2	
70351.4	68243.2	70351.4	68243.2	70351.4	
70351.4	67973	70351.4	67973	70351.4	
67621.6	69324.3	67621.6	69324.3	67621.6	
67567.6	70297.3	67567.6	70297.3	67567.6	
70621.6	68189.2	70621.6	68189.2	70621.6	
70162.2	67621.6	70162.2	67621.6	70162.2	
68108.1	67918.9	68108.1	67918.9	68108.1	
69756.8	67216.2	69756.8	67216.2	69756.8	
67027	69054.1	67027	69054.1	67027	
68243.2	69324.3	68243.2	69324.3	68243.2	
69270.3	69054.1	69270.3	69054.1	69270.3	
70162.2	67297.3	70162.2	67297.3	70162.2	
68108.1	68324.3	68108.1	68324.3	68108.1	
67702.7	67756.8	67702.7	67756.8	67702.7	
69810.8	69405.4	69810.8	69405.4	69810.8	
68918.9	68324.3	68918.9	68324.3	68918.9	
68864.9	68648.6	68864.9	68648.6	68864.9	
68783.8	69135.1	68783.8	69135.1	68783.8	
68864.9	71459.5	68864.9	71459.5	68864.9	
69324.3	66540.5	69324.3	66540.5	69324.3	
65378.4	69675.7	65378.4	69675.7	65378.4	
67756.8	68918.9	67756.8	68918.9	67756.8	
68729.7	67918.9	68729.7	67918.9	68729.7	
68324.3	69189.2	68324.3	69189.2	68324.3	
68459.5	69621.6	68459.5	69621.6	68459.5	
68513.5	68729.7	68513.5	68729.7	68513.5	
68594.6	67027	68594.6	67027	68594.6	
70027	68648.6	70027	68648.6	70027	
67756.8	69324.3	67756.8	69324.3	67756.8	
69054.1	67351.4	69054.1	67351.4	69054.1	
69270.3	66756.8	69270.3	66756.8	69270.3	
66270.3	68918.9	66270.3	68918.9	66270.3	
68783.8	69054.1	68783.8	69054.1	68783.8	
68189.2	68189.2	68189.2	68189.2	68189.2	
68459.5	69324.3	68459.5	69324.3	68459.5	
67837.8	71513.5	67837.8	71513.5	67837.8	
68648.6	70027	68648.6	70027	68648.6	
67756.8	70216.2	67756.8	70216.2	67756.8	
69054.1	67837.8	69054.1	67837.8	69054.1	
69756.8	68864.9	69756.8	68864.9	69756.8	
68108.1	68729.7	68108.1	68729.7	68108.1	
70702.7	68783.8	70702.7	68783.8	70702.7	
69270.3	68594.6	69270.3	68594.6	69270.3	
68864.9	69324.3	68864.9	69324.3	68864.9	
68648.6	69135.1	68648.6	69135.1	68648.6	
69189.2	67837.8	69189.2	67837.8	69189.2	
68459.5	67918.9	68459.5	67918.9	68459.5	
68648.6	68054.1	68648.6	68054.1	68648.6	
68054.1	68054.1	68054.1	68054.1	68054.1	
68243.2	67081.1	68243.2	67081.1	68243.2	
67432.4	68648.6	67432.4	68648.6	67432.4	
68783.8	69621.6	68783.8	69621.6	68783.8	
68513.5	69135.1	68513.5	69135.1	68513.5	
66270.3	69540.5	66270.3	69540.5	66270.3	
69945.9	69459.5	69945.9	69459.5	69945.9	
66945.9	69621.6	66945.9	69621.6	66945.9	
67756.8	67621.6	67756.8	67621.6	67756.8	
69000	70216.2	69000	70216.2	69000	
68513.5	69054.1	68513.5	69054.1	68513.5	
67918.9	66621.6	67918.9	66621.6	67918.9	
69270.3	68729.7	69270.3	68729.7	69270.3	
69135.1	67297.3	69135.1	67297.3	69135.1	
68918.9	69540.5	68918.9	69540.5	68918.9	
68324.3	69810.8	68324.3	69810.8	68324.3	
67973	69135.1	67973	69135.1	67973	
68648.6	68108.1	68648.6	68108.1	68648.6	
67081.1	68513.5	67081.1	68513.5	67081.1	
66891.9	67837.8	66891.9	67837.8	66891.9	
69000	68648.6	69000	68648.6	69000	
69405.4	69675.7	69405.4	69675.7	69405.4	
68648.6	68918.9	68648.6	68918.9	68648.6	
67027	69675.7	67027	69675.7	67027	
68729.7	68378.4	68729.7	68378.4	68729.7	
70162.2	67973	70162.2	67973	70162.2	
69135.1	67621.6	69135.1	67621.6	69135.1	
70297.3	66621.6	70297.3	66621.6	70297.3	
69324.3	69000	69324.3	69000	69324.3	
68243.2	69054.1	68243.2	69054.1	68243.2	
67621.6	67756.8	67621.6	67756.8	67621.6	
70351.4	68648.6	70351.4	68648.6	70351.4	
67973	69135.1	67973	69135.1	67973	
69540.5	67837.8	69540.5	67837.8	69540.5	
68324.3	68729.7	68324.3	68729.7	68324.3	
69621.6	68729.7	69621.6	68729.7	69621.6	
69054.1	68378.4	69054.1	68378.4	69054.1	
69000	70756.8	69000	70756.8	69000	
67162.2	67837.8	67162.2	67837.8	67162.2	
68324.3	68243.2	68324.3	68243.2	68324.3	
66270.3	69189.2	66270.3	69189.2	66270.3	
68324.3	69756.8	68324.3	69756.8	68324.3	
67162.2	70216.2	67162.2	70216.2	67162.2	
69000	70162.2	69000	70162.2	69000	
69000	68864.9	69000	68864.9	69000	
68783.8	68918.9	68783.8	68918.9	68783.8	
66810.8	67567.6	66810.8	67567.6	66810.8	
70351.4	68189.2	70351.4	68189.2	70351.4	
68648.6	66810.8	68648.6	66810.8	68648.6	
68243.2	69000	68243.2	69000	68243.2	
68324.3	71108.1	68324.3	71108.1	68324.3	
70162.2	70027	70162.2	70027	70162.2	
70702.7	70973	70702.7	70973	70702.7	
70297.3	67973	70297.3	67973	70297.3	
68324.3	68783.8	68324.3	68783.8	68324.3	
68864.9	68108.1	68864.9	68108.1	68864.9	
70351.4	70702.7	70351.4	70702.7	70351.4	
67216.2	68459.5	67216.2	68459.5	67216.2	
70567.6	69135.1	70567.6	69135.1	70567.6	
69270.3	69270.3	69270.3	69270.3	69270.3	
70486.5	68513.5	70486.5	68513.5	70486.5	
66351.4	70081.1	66351.4	70081.1	66351.4	
67216.2	70027	67216.2	70027	67216.2	
68783.8	68324.3	68783.8	68324.3	68783.8	
71243.2	68243.2	71243.2	68243.2	71243.2	
69405.4	68459.5	69405.4	68459.5	69405.4	
67918.9	67567.6	67918.9	67567.6	67918.9	
69675.7	68108.1	69675.7	68108.1	69675.7	
68864.9	68729.7	68864.9	68729.7	68864.9	
68864.9	68459.5	68864.9	68459.5	68864.9	
70351.4	69324.3	70351.4	69324.3	70351.4	
70837.8	69621.6	70837.8	69621.6	70837.8	
67918.9	67973	67918.9	67973	67918.9	
67351.4	69324.3	67351.4	69324.3	67351.4	
70486.5	68648.6	70486.5	68648.6	70486.5	
69756.8	69000	69756.8	69000	69756.8	
68783.8	70081.1	68783.8	70081.1	68783.8	
69324.3	69000	69324.3	69000	69324.3	
67973	69135.1	67973	69135.1	67973	
73216.2	70027	73216.2	70027	73216.2	
69189.2	66486.5	69189.2	66486.5	69189.2	
68324.3	70027	68324.3	70027	68324.3	
67216.2	68918.9	67216.2	68918.9	67216.2	
68189.2	67918.9	68189.2	67918.9	68189.2	
68729.7	68513.5	68729.7	68513.5	68729.7	
68513.5	69891.9	68513.5	69891.9	68513.5	
67486.5	68378.4	67486.5	68378.4	67486.5	
68324.3	66891.9	68324.3	66891.9	68324.3	
70567.6	68918.9	70567.6	68918.9	70567.6	
70432.4	69000	70432.4	69000	70432.4	
69945.9	69405.4	69945.9	69405.4	69945.9	
68729.7	66054.1	68729.7	66054.1	68729.7	
69540.5	67918.9	69540.5	67918.9	69540.5	
68108.1	68108.1	68108.1	68108.1	68108.1	
66810.8	71108.1	66810.8	71108.1	66810.8	
68864.9	69405.4	68864.9	69405.4	68864.9	
68378.4	70081.1	68378.4	70081.1	68378.4	
69054.1	67567.6	69054.1	67567.6	69054.1	
68918.9	70567.6	68918.9	70567.6	68918.9	
69054.1	66621.6	69054.1	66621.6	69054.1	
67918.9	68729.7	67918.9	68729.7	67918.9	
69324.3	68243.2	69324.3	68243.2	69324.3	
68729.7	67702.7	68729.7	67702.7	68729.7	
70432.4	69189.2	70432.4	69189.2	70432.4	
69945.9	70756.8	69945.9	70756.8	69945.9	
68783.8	69324.3	68783.8	69324.3	68783.8	
69270.3	69000	69270.3	69000	69270.3	
67973	67621.6	67973	67621.6	67973	
68459.5	66891.9	68459.5	66891.9	68459.5	
68729.7	69135.1	68729.7	69135.1	68729.7	
67918.9	68189.2	67918.9	68189.2	67918.9	
69891.9	69054.1	69891.9	69054.1	69891.9	
67216.2	69054.1	67216.2	69054.1	67216.2	
68513.5	69000	68513.5	69000	68513.5	
67297.3	68054.1	67297.3	68054.1	67297.3	
67837.8	69459.5	67837.8	69459.5	67837.8	
71324.3	66270.3	71324.3	66270.3	71324.3	
68189.2	67621.6	68189.2	67621.6	68189.2	
69675.7	68513.5	69675.7	68513.5	69675.7	
68108.1	68594.6	68108.1	68594.6	68108.1	
67297.3	69756.8	67297.3	69756.8	67297.3	
68459.5	68108.1	68459.5	68108.1	68459.5	
70027	67162.2	70027	67162.2	70027	
69810.8	66540.5	69810.8	66540.5	69810.8	
68378.4	68054.1	68378.4	68054.1	68378.4	
70027	68513.5	70027	68513.5	70027	
68513.5	67702.7	68513.5	67702.7	68513.5	
68378.4	69945.9	68378.4	69945.9	68378.4	
68918.9	69054.1	68918.9	69054.1	68918.9	
67432.4	67621.6	67432.4	67621.6	67432.4	
68378.4	67486.5	68378.4	67486.5	68378.4	
66945.9	68459.5	66945.9	68459.5	66945.9	
66486.5	69135.1	66486.5	69135.1	66486.5	
70027	68054.1	70027	68054.1	70027	
68189.2	67162.2	68189.2	67162.2	68189.2	
69189.2	68054.1	69189.2	68054.1	69189.2	
69270.3	69891.9	69270.3	69891.9	69270.3	
68918.9	71189.2	68918.9	71189.2	68918.9	
69324.3	68324.3	69324.3	68324.3	69324.3	
67973	67621.6	67973	67621.6	67973	
67837.8	70351.4	67837.8	70351.4	67837.8	
69189.2	69000	69189.2	69000	69189.2	
67973	67432.4	67973	67432.4	67973	
67351.4	69270.3	67351.4	69270.3	67351.4	
70486.5	68783.8	70486.5	68783.8	70486.5	
66054.1	66891.9	66054.1	66891.9	66054.1	
69054.1	67837.8	69054.1	67837.8	69054.1	
67756.8	69675.7	67756.8	69675.7	67756.8	
68378.4	68378.4	68378.4	68378.4	68378.4	
69135.1	69675.7	69135.1	69675.7	69135.1	
68324.3	69135.1	68324.3	69135.1	68324.3	
67756.8	68648.6	67756.8	68648.6	67756.8	
68864.9	67486.5	68864.9	67486.5	68864.9	
70297.3	67567.6	70297.3	67567.6	70297.3	
69810.8	68729.7	69810.8	68729.7	69810.8	
69135.1	69675.7	69135.1	69675.7	69135.1	
69810.8	70567.6	69810.8	70567.6	69810.8	
70216.2	69405.4	70216.2	69405.4	70216.2	
68243.2	69324.3	68243.2	69324.3	68243.2	
69891.9	69459.5	69891.9	69459.5	69891.9	
68189.2	67216.2	68189.2	67216.2	68189.2	
67297.3	69459.5	67297.3	69459.5	67297.3	
68324.3	68054.1	68324.3	68054.1	68324.3	
66270.3	68459.5	66270.3	68459.5	66270.3	
67486.5	68108.1	67486.5	68108.1	67486.5	
68243.2	68594.6	68243.2	68594.6	68243.2	
68108.1	69756.8	68108.1	69756.8	68108.1	
67486.5	68594.6	67486.5	68594.6	67486.5	
70837.8	69324.3	70837.8	69324.3	70837.8	
68324.3	69054.1	68324.3	69054.1	68324.3	
69000	68189.2	69000	68189.2	69000	
68243.2	70027	68243.2	70027	68243.2	
66675.7	68594.6	66675.7	68594.6	66675.7	
67027	67486.5	67027	67486.5	67027	
67756.8	67756.8	67756.8	67756.8	67756.8	
68648.6	70027	68648.6	70027	68648.6	
69270.3	69054.1	69270.3	69054.1	69270.3	
68054.1	68864.9	68054.1	68864.9	68054.1	
68513.5	68054.1	68513.5	68054.1	68513.5	
68459.5	68459.5	68459.5	68459.5	68459.5	
68783.8	69054.1	68783.8	69054.1	68783.8	
68648.6	69945.9	68648.6	69945.9	68648.6	
69540.5	68594.6	69540.5	68594.6	69540.5	
69270.3	68729.7	69270.3	68729.7	69270.3	
68243.2	69459.5	68243.2	69459.5	68243.2	
70756.8	67918.9	70756.8	67918.9	70756.8	
68108.1	66945.9	68108.1	66945.9	68108.1	
68783.8	69675.7	68783.8	69675.7	68783.8	
69054.1	70162.2	69054.1	70162.2	69054.1	
69945.9	68918.9	69945.9	68918.9	69945.9	
70351.4	70162.2	70351.4	70162.2	70351.4	
69756.8	69540.5	69756.8	69540.5	69756.8	
68459.5	68459.5	68459.5	68459.5	68459.5	
67918.9	68729.7	67918.9	68729.7	67918.9	
68594.6	68243.2	68594.6	68243.2	68594.6	
68783.8	68729.7	68783.8	68729.7	68783.8	
67702.7	67837.8	67702.7	67837.8	67702.7	
68648.6	68108.1	68648.6	68108.1	68648.6	
68243.2	68783.8	68243.2	68783.8	68243.2	
66945.9	68324.3	66945.9	68324.3	66945.9	
68459.5	70297.3	68459.5	70297.3	68459.5	
69945.9	67027	69945.9	67027	69945.9	
70973	68513.5	70973	68513.5	70973	
68459.5	69135.1	68459.5	69135.1	68459.5	
68594.6	67621.6	68594.6	67621.6	68594.6	
67297.3	68108.1	67297.3	68108.1	67297.3	
69810.8	70027	69810.8	70027	69810.8	
70621.6	69270.3	70621.6	69270.3	70621.6	
67702.7	68189.2	67702.7	68189.2	67702.7	
69675.7	68648.6	69675.7	68648.6	69675.7	
69054.1	70027	69054.1	70027	69054.1	
67837.8	70297.3	67837.8	70297.3	67837.8	
67297.3	67162.2	67297.3	67162.2	67297.3	
68459.5	68108.1	68459.5	68108.1	68459.5	
71459.5	69621.6	71459.5	69621.6	71459.5	
68054.1	69189.2	68054.1	69189.2	68054.1	
67837.8	68378.4	67837.8	68378.4	67837.8	
69756.8	68054.1	69756.8	68054.1	69756.8	
68108.1	68783.8	68108.1	68783.8	68108.1	
67027	68189.2	67027	68189.2	67027	
68324.3	68648.6	68324.3	68648.6	68324.3	
68513.5	67837.8	68513.5	67837.8	68513.5	
69324.3	70216.2	69324.3	70216.2	69324.3	
68243.2	69810.8	68243.2	69810.8	68243.2	
69621.6	66891.9	69621.6	66891.9	69621.6	
69675.7	67567.6	69675.7	67567.6	69675.7	
69675.7	69324.3	69675.7	69324.3	69675.7	
69270.3	69270.3	69270.3	69270.3	69270.3	
68324.3	68918.9	68324.3	68918.9	68324.3	
67918.9	68594.6	67918.9	68594.6	67918.9	
66810.8	69054.1	66810.8	69054.1	66810.8	
69810.8	69675.7	69810.8	69675.7	69810.8	
68648.6	69054.1	68648.6	69054.1	68648.6	
69810.8	69621.6	69810.8	69621.6	69810.8	
69459.5	69810.8	69459.5	69810.8	69459.5	
67837.8	68864.9	67837.8	68864.9	67837.8	
68783.8	67918.9	68783.8	67918.9	68783.8	
66486.5	69810.8	66486.5	69810.8	66486.5	
68243.2	66675.7	68243.2	66675.7	68243.2	
68243.2	69621.6	68243.2	69621.6	68243.2	
67297.3	68459.5	67297.3	68459.5	67297.3	
68054.1	67973	68054.1	67973	68054.1	
67837.8	67027	67837.8	67027	67837.8	
66810.8	68729.7	66810.8	68729.7	66810.8	
66540.5	68189.2	66540.5	68189.2	66540.5	
67702.7	70162.2	67702.7	70162.2	67702.7	
70216.2	69270.3	70216.2	69270.3	70216.2	
68513.5	67297.3	68513.5	67297.3	68513.5	
68513.5	70027	68513.5	70027	68513.5	
68108.1	68378.4	68108.1	68378.4	68108.1	
67486.5	69945.9	67486.5	69945.9	67486.5	
67621.6	69324.3	67621.6	69324.3	67621.6	
68594.6	67297.3	68594.6	67297.3	68594.6	
67918.9	69459.5	67918.9	69459.5	67918.9	
68513.5	68783.8	68513.5	68783.8	68513.5	
68864.9	69405.4	68864.9	69405.4	68864.9	
69891.9	70081.1	69891.9	70081.1	69891.9	
67756.8	70432.4	67756.8	70432.4	67756.8	
68648.6	70027	68648.6	70027	68648.6	
68324.3	67756.8	68324.3	67756.8	68324.3	
67621.6	68054.1	67621.6	68054.1	67621.6	
69675.7	70027	69675.7	70027	69675.7	
69405.4	68594.6	69405.4	68594.6	69405.4	
67432.4	68243.2	67432.4	68243.2	67432.4	
69270.3	68729.7	69270.3	68729.7	69270.3	
64702.7	68594.6	64702.7	68594.6	64702.7	
68459.5	68108.1	68459.5	68108.1	68459.5	
69270.3	67918.9	69270.3	67918.9	69270.3	
69000	69675.7	69000	69675.7	69000	
66486.5	69324.3	66486.5	69324.3	66486.5	
69675.7	69810.8	69675.7	69810.8	69675.7	
68648.6	67162.2	68648.6	67162.2	68648.6	
67432.4	68378.4	67432.4	68378.4	67432.4	
68378.4	69000	68378.4	69000	68378.4	
69756.8	69675.7	69756.8	69675.7	69756.8	
70351.4	66486.5	70351.4	66486.5	70351.4	
70837.8	69405.4	70837.8	69405.4	70837.8	
69945.9	71108.1	69945.9	71108.1	69945.9	
69756.8	68783.8	69756.8	68783.8	69756.8	
69054.1	68054.1	69054.1	68054.1	69054.1	
68648.6	66756.8	68648.6	66756.8	68648.6	
69891.9	66270.3	69891.9	66270.3	69891.9	
68189.2	69891.9	68189.2	69891.9	68189.2	
69756.8	69945.9	69756.8	69945.9	69756.8	
69945.9	67486.5	69945.9	67486.5	69945.9	
66486.5	70432.4	66486.5	70432.4	66486.5	
68189.2	67432.4	68189.2	67432.4	68189.2	
69621.6	68594.6	69621.6	68594.6	69621.6	
68648.6	66540.5	68648.6	66540.5	68648.6	
68054.1	68324.3	68054.1	68324.3	68054.1	
68378.4	69675.7	68378.4	69675.7	68378.4	
66891.9	67081.1	66891.9	67081.1	66891.9	
68189.2	68054.1	68189.2	68054.1	68189.2	
67973	69621.6	67973	69621.6	67973	
69540.5	69270.3	69540.5	69270.3	69540.5	
68918.9	69405.4	68918.9	69405.4	68918.9	
70216.2	67432.4	70216.2	67432.4	70216.2	
68918.9	68324.3	68918.9	68324.3	68918.9	
67756.8	68459.5	67756.8	68459.5	67756.8	
67567.6	68648.6	67567.6	68648.6	67567.6	
67973	69000	67973	69000	67973	
68459.5	68594.6	68459.5	68594.6	68459.5	
66756.8	69405.4	66756.8	69405.4	66756.8	
68189.2	71108.1	68189.2	71108.1	68189.2	
68918.9	67432.4	68918.9	67432.4	68918.9	
68594.6	67297.3	68594.6	67297.3	68594.6	
66054.1	70351.4	66054.1	70351.4	66054.1	
68243.2	68594.6	68243.2	68594.6	68243.2	
66891.9	69621.6	66891.9	69621.6	66891.9	
68783.8	68324.3	68783.8	68324.3	68783.8	
68324.3	69189.2	68324.3	69189.2	68324.3	
69810.8	66891.9	69810.8	66891.9	69810.8	
68729.7	66675.7	68729.7	66675.7	68729.7	
68729.7	68594.6	68729.7	68594.6	68729.7	
67351.4	69135.1	67351.4	69135.1	67351.4	
70351.4	70162.2	70351.4	70162.2	70351.4	
66756.8	70216.2	66756.8	70216.2	66756.8	
68783.8	69945.9	68783.8	69945.9	68783.8	
69891.9	68324.3	69891.9	68324.3	69891.9	
69324.3	68459.5	69324.3	68459.5	69324.3	
66756.8	68459.5	66756.8	68459.5	66756.8	
67837.8	68189.2	67837.8	68189.2	67837.8	
67918.9	67351.4	67918.9	67351.4	67918.9	
70621.6	67918.9	70621.6	67918.9	70621.6	
68594.6	68378.4	68594.6	68378.4	68594.6	
68648.6	67432.4	68648.6	67432.4	68648.6	
67973	67432.4	67973	67432.4	67973	
68648.6	68108.1	68648.6	68108.1	68648.6	
67567.6	68513.5	67567.6	68513.5	67567.6	
66810.8	69054.1	66810.8	69054.1	66810.8	
67432.4	68459.5	67432.4	68459.5	67432.4	
69135.1	68189.2	69135.1	68189.2	69135.1	
67702.7	68378.4	67702.7	68378.4	67702.7	
68378.4	68594.6	68378.4	68594.6	68378.4	
68918.9	69135.1	68918.9	69135.1	68918.9	
68729.7	69459.5	68729.7	69459.5	68729.7	
68324.3	67973	68324.3	67973	68324.3	
68054.1	68513.5	68054.1	68513.5	68054.1	
69054.1	69675.7	69054.1	69675.7	69054.1	
68108.1	68324.3	68108.1	68324.3	68108.1	
68648.6	69324.3	68648.6	69324.3	68648.6	
67621.6	69540.5	67621.6	69540.5	67621.6	
67081.1	67621.6	67081.1	67621.6	67081.1	
67621.6	68729.7	67621.6	68729.7	67621.6	
69459.5	69135.1	69459.5	69135.1	69459.5	
69054.1	66675.7	69054.1	66675.7	69054.1	
69756.8	70162.2	69756.8	70162.2	69756.8	
66054.1	68918.9	66054.1	68918.9	66054.1	
68648.6	67027	68648.6	67027	68648.6	
67567.6	68324.3	67567.6	68324.3	67567.6	
69135.1	68594.6	69135.1	68594.6	69135.1	
67837.8	69405.4	67837.8	69405.4	67837.8	
69810.8	67432.4	69810.8	67432.4	69810.8	
71108.1	68648.6	71108.1	68648.6	71108.1	
67567.6	71459.5	67567.6	71459.5	67567.6	
67081.1	70351.4	67081.1	70351.4	67081.1	
68108.1	68729.7	68108.1	68729.7	68108.1	
67837.8	69135.1	67837.8	69135.1	67837.8	
69189.2	69054.1	69189.2	69054.1	69189.2	
69459.5	67973	69459.5	67973	69459.5	
68378.4	70567.6	68378.4	70567.6	68378.4	
69756.8	69891.9	69756.8	69891.9	69756.8	
68108.1	68324.3	68108.1	68324.3	68108.1	
69459.5	68189.2	69459.5	68189.2	69459.5	
69324.3	68189.2	69324.3	68189.2	69324.3	
70162.2	68918.9	70162.2	68918.9	70162.2	
68513.5	67621.6	68513.5	67621.6	68513.5	
68648.6	69000	68648.6	69000	68648.6	
67432.4	70297.3	67432.4	70297.3	67432.4	
67621.6	68918.9	67621.6	68918.9	67621.6	
68729.7	70027	68729.7	70027	68729.7	
68864.9	70432.4	68864.9	70432.4	68864.9	
67973	68918.9	67973	68918.9	67973	
68324.3	69756.8	68324.3	69756.8	68324.3	
69324.3	70702.7	69324.3	70702.7	69324.3	
67027	67567.6	67027	67567.6	67027	
68324.3	68459.5	68324.3	68459.5	68324.3	
69675.7	66756.8	69675.7	66756.8	69675.7	
68324.3	68783.8	68324.3	68783.8	68324.3	
67756.8	67918.9	67756.8	67918.9	67756.8	
69621.6	68108.1	69621.6	68108.1	69621.6	
69405.4	69189.2	69405.4	69189.2	69405.4	
68864.9	68108.1	68864.9	68108.1	68864.9	
70756.8	67756.8	70756.8	67756.8	70756.8	
68864.9	68783.8	68864.9	68783.8	68864.9	
68864.9	69324.3	68864.9	69324.3	68864.9	
69810.8	69459.5	69810.8	69459.5	69810.8	
69000	68918.9	69000	68918.9	69000	
69000	68594.6	69000	68594.6	69000	
69810.8	68324.3	69810.8	68324.3	69810.8	
68324.3	67756.8	68324.3	67756.8	68324.3	
68108.1	69621.6	68108.1	69621.6	68108.1	
67702.7	69054.1	67702.7	69054.1	67702.7	
67162.2	68729.7	67162.2	68729.7	67162.2	
67837.8	68864.9	67837.8	68864.9	67837.8	
70891.9	67216.2	70891.9	67216.2	70891.9	
70973	68594.6	70973	68594.6	70973	
67621.6	68594.6	67621.6	68594.6	67621.6	
68324.3	71243.2	68324.3	71243.2	68324.3	
67973	69000	67973	69000	67973	
67837.8	67918.9	67837.8	67918.9	67837.8	
66135.1	69135.1	66135.1	69135.1	66135.1	
70162.2	70486.5	70162.2	70486.5	70162.2	
68594.6	69270.3	68594.6	69270.3	68594.6	
68594.6	70432.4	68594.6	70432.4	68594.6	
67432.4	69459.5	67432.4	69459.5	67432.4	
66675.7	67621.6	66675.7	67621.6	66675.7	
69405.4	67621.6	69405.4	67621.6	69405.4	
69810.8	68918.9	69810.8	68918.9	69810.8	
68729.7	68729.7	68729.7	68729.7	68729.7	
69810.8	68513.5	69810.8	68513.5	69810.8	
69675.7	69459.5	69675.7	69459.5	69675.7	
68459.5	68648.6	68459.5	68648.6	68459.5	
68513.5	69324.3	68513.5	69324.3	68513.5	
69756.8	68513.5	69756.8	68513.5	69756.8	
70432.4	69000	70432.4	69000	70432.4	
67216.2	68513.5	67216.2	68513.5	67216.2	
68918.9	68243.2	68918.9	68243.2	68918.9	
68864.9	69000	68864.9	69000	68864.9	
67702.7	68864.9	67702.7	68864.9	67702.7	
71189.2	71243.2	71189.2	71243.2	71189.2	
69405.4	68729.7	69405.4	68729.7	69405.4	
70162.2	69810.8	70162.2	69810.8	70162.2	
69135.1	69891.9	69135.1	69891.9	69135.1	
71027	68189.2	71027	68189.2	71027	
69756.8	67486.5	69756.8	67486.5	69756.8	
69675.7	67162.2	69675.7	67162.2	69675.7	
68054.1	68378.4	68054.1	68378.4	68054.1	
69405.4	69675.7	69405.4	69675.7	69405.4	
68324.3	68918.9	68324.3	68918.9	68324.3	
69189.2	69135.1	69189.2	69135.1	69189.2	
68189.2	69405.4	68189.2	69405.4	68189.2	
69270.3	68918.9	69270.3	68918.9	69270.3	
69000	68324.3	69000	68324.3	69000	
68864.9	69324.3	68864.9	69324.3	68864.9	
68108.1	69135.1	68108.1	69135.1	68108.1	
68648.6	69810.8	68648.6	69810.8	68648.6	
70027	67973	70027	67973	70027	
67973	67216.2	67973	67216.2	67973	
65324.3	69135.1	65324.3	69135.1	65324.3	
68783.8	69135.1	68783.8	69135.1	68783.8	
69054.1	69054.1	69054.1	69054.1	69054.1	
67702.7	69135.1	67702.7	69135.1	67702.7	
67486.5	67756.8	67486.5	67756.8	67486.5	
69405.4	69540.5	69405.4	69540.5	69405.4	
68459.5	70216.2	68459.5	70216.2	68459.5	
69135.1	68324.3	69135.1	68324.3	69135.1	
67621.6	69270.3	67621.6	69270.3	67621.6	
68594.6	70216.2	68594.6	70216.2	68594.6	
67756.8	64973	67756.8	64973	67756.8	
69189.2	67216.2	69189.2	67216.2	69189.2	
68054.1	69000	68054.1	69000	68054.1	
69756.8	68648.6	69756.8	68648.6	69756.8	
70351.4	69945.9	70351.4	69945.9	70351.4	
70081.1	69135.1	70081.1	69135.1	70081.1	
67973	68594.6	67973	68594.6	67973	
68459.5	68243.2	68459.5	68243.2	68459.5	
68513.5	68648.6	68513.5	68648.6	68513.5	
69891.9	67621.6	69891.9	67621.6	69891.9	
69756.8	68864.9	69756.8	68864.9	69756.8	
69000	66675.7	69000	66675.7	69000	
69756.8	67081.1	69756.8	67081.1	69756.8	
67081.1	67973	67081.1	67973	67081.1	
66945.9	68513.5	66945.9	68513.5	66945.9	
66621.6	68864.9	66621.6	68864.9	66621.6	
69054.1	67216.2	69054.1	67216.2	69054.1	
69054.1	68648.6	69054.1	68648.6	69054.1	
69756.8	68594.6	69756.8	68594.6	69756.8	
68864.9	69675.7	68864.9	69675.7	68864.9	
68189.2	70756.8	68189.2	70756.8	68189.2	
68459.5	67486.5	68459.5	67486.5	68459.5	
67756.8	67432.4	67756.8	67432.4	67756.8	
67973	69270.3	67973	69270.3	67973	
69135.1	70081.1	69135.1	70081.1	69135.1	
67837.8	68459.5	67837.8	68459.5	67837.8	
67702.7	68594.6	67702.7	68594.6	67702.7	
69540.5	67081.1	69540.5	67081.1	69540.5	
68459.5	67567.6	68459.5	67567.6	68459.5	
69675.7	69621.6	69675.7	69621.6	69675.7	
67567.6	68378.4	67567.6	68378.4	67567.6	
68054.1	67918.9	68054.1	67918.9	68054.1	
68783.8	68513.5	68783.8	68513.5	68783.8	
68648.6	70837.8	68648.6	70837.8	68648.6	
68729.7	67216.2	68729.7	67216.2	68729.7	
69054.1	69054.1	69054.1	69054.1	69054.1	
68459.5	68513.5	68459.5	68513.5	68459.5	
66000	68459.5	66000	68459.5	66000	
66486.5	67162.2	66486.5	67162.2	66486.5	
68783.8	66270.3	68783.8	66270.3	68783.8	
69000	68864.9	69000	68864.9	69000	
68513.5	67486.5	68513.5	67486.5	68513.5	
70567.6	68648.6	70567.6	68648.6	70567.6	
67702.7	69945.9	67702.7	69945.9	67702.7	
68324.3	67702.7	68324.3	67702.7	68324.3	
67027	68729.7	67027	68729.7	67027	
68189.2	70891.9	68189.2	70891.9	68189.2	
66486.5	68378.4	66486.5	68378.4	66486.5	
69675.7	67081.1	69675.7	67081.1	69675.7	
68459.5	65864.9	68459.5	65864.9	68459.5	
69891.9	69324.3	69891.9	69324.3	69891.9	
69891.9	70162.2	69891.9	70162.2	69891.9	
66621.6	69621.6	66621.6	69621.6	66621.6	
68459.5	70162.2	68459.5	70162.2	68459.5	
68513.5	71027	68513.5	71027	68513.5	
67216.2	68594.6	67216.2	68594.6	67216.2	
69540.5	66540.5	69540.5	66540.5	69540.5	
68054.1	69135.1	68054.1	69135.1	68054.1	
67432.4	70081.1	67432.4	70081.1	67432.4	
71594.6	67918.9	71594.6	67918.9	71594.6	
69000	69135.1	69000	69135.1	69000	
68108.1	70027	68108.1	70027	68108.1	
68594.6	65729.7	68594.6	65729.7	68594.6	
69810.8	69891.9	69810.8	69891.9	69810.8	
69000	67702.7	69000	67702.7	69000	
68918.9	69135.1	68918.9	69135.1	68918.9	
68513.5	69054.1	68513.5	69054.1	68513.5	
69945.9	70162.2	69945.9	70162.2	69945.9	
67567.6	68729.7	67567.6	68729.7	67567.6	
68378.4	70081.1	68378.4	70081.1	68378.4	
67837.8	70216.2	67837.8	70216.2	67837.8	
67756.8	69000	67756.8	69000	67756.8	
67621.6	67621.6	67621.6	67621.6	67621.6	
67973	68918.9	67973	68918.9	67973	
69459.5	68243.2	69459.5	68243.2	69459.5	
69189.2	68594.6	69189.2	68594.6	69189.2	
68054.1	69324.3	68054.1	69324.3	68054.1	
66621.6	67702.7	66621.6	67702.7	66621.6	
68864.9	68918.9	68864.9	68918.9	68864.9	
68243.2	66405.4	68243.2	66405.4	68243.2	
67432.4	67351.4	67432.4	67351.4	67432.4	
68189.2	68054.1	68189.2	68054.1	68189.2	
68459.5	68054.1	68459.5	68054.1	68459.5	
70891.9	68783.8	70891.9	68783.8	70891.9	
67486.5	66675.7	67486.5	66675.7	67486.5	
68324.3	68243.2	68324.3	68243.2	68324.3	
69324.3	69540.5	69324.3	69540.5	69324.3	
67837.8	67918.9	67837.8	67918.9	67837.8	
70027	67216.2	70027	67216.2	70027	
69810.8	68324.3	69810.8	68324.3	69810.8	
68594.6	68459.5	68594.6	68459.5	68594.6	
70081.1	68648.6	70081.1	68648.6	70081.1	
68378.4	66351.4	68378.4	66351.4	68378.4	
68378.4	68594.6	68378.4	68594.6	68378.4	
69891.9	68864.9	69891.9	68864.9	69891.9	
70081.1	66756.8	70081.1	66756.8	70081.1	
67567.6	68108.1	67567.6	68108.1	67567.6	
68783.8	68459.5	68783.8	68459.5	68783.8	
71243.2	67081.1	71243.2	67081.1	71243.2	
66540.5	69405.4	66540.5	69405.4	66540.5	
69189.2	67567.6	69189.2	67567.6	69189.2	
68783.8	68243.2	68783.8	68243.2	68783.8	
67756.8	70297.3	67756.8	70297.3	67756.8	
68459.5	65108.1	68459.5	65108.1	68459.5	
67837.8	67216.2	67837.8	67216.2	67837.8	
66216.2	68108.1	66216.2	68108.1	66216.2	
68189.2	67216.2	68189.2	67216.2	68189.2	
69540.5	69324.3	69540.5	69324.3	69540.5	
68378.4	66756.8	68378.4	66756.8	68378.4	
69189.2	68189.2	69189.2	68189.2	69189.2	
66756.8	68513.5	66756.8	68513.5	66756.8	
68918.9	67621.6	68918.9	67621.6	68918.9	
67567.6	69945.9	67567.6	69945.9	67567.6	
67162.2	69189.2	67162.2	69189.2	67162.2	
68783.8	67973	68783.8	67973	68783.8	
67297.3	68729.7	67297.3	68729.7	67297.3	
69459.5	68378.4	69459.5	68378.4	69459.5	
67162.2	69270.3	67162.2	69270.3	67162.2	
69675.7	69756.8	69675.7	69756.8	69675.7	
69135.1	68729.7	69135.1	68729.7	69135.1	
69189.2	69054.1	69189.2	69054.1	69189.2	
70432.4	67567.6	70432.4	67567.6	70432.4	
69810.8	67702.7	69810.8	67702.7	69810.8	
69945.9	69189.2	69945.9	69189.2	69945.9	
69540.5	68378.4	69540.5	68378.4	69540.5	
68783.8	69945.9	68783.8	69945.9	68783.8	
68189.2	66351.4	68189.2	66351.4	68189.2	
66486.5	69405.4	66486.5	69405.4	66486.5	
69135.1	67567.6	69135.1	67567.6	69135.1	
69324.3	71513.5	69324.3	71513.5	69324.3	
68324.3	68864.9	68324.3	68864.9	68324.3	
68783.8	68459.5	68783.8	68459.5	68783.8	
69621.6	69945.9	69621.6	69945.9	69621.6	
68324.3	69621.6	68324.3	69621.6	68324.3	
69945.9	69540.5	69945.9	69540.5	69945.9	
68729.7	67081.1	68729.7	67081.1	68729.7	
69810.8	69459.5	69810.8	69459.5	69810.8	
66945.9	67918.9	66945.9	67918.9	66945.9	
69540.5	69405.4	69540.5	69405.4	69540.5	
68054.1	70837.8	68054.1	70837.8	68054.1	
68648.6	67702.7	68648.6	67702.7	68648.6	
69756.8	70162.2	69756.8	70162.2	69756.8	
70621.6	67567.6	70621.6	67567.6	70621.6	
67162.2	69675.7	67162.2	69675.7	67162.2	
69270.3	68378.4	69270.3	68378.4	69270.3	
68108.1	67351.4	68108.1	67351.4	68108.1	
69189.2	69135.1	69189.2	69135.1	69189.2	
68918.9	69324.3	68918.9	69324.3	68918.9	
67081.1	70081.1	67081.1	70081.1	67081.1	
67973	67837.8	67973	67837.8	67973	
66621.6	68918.9	66621.6	68918.9	66621.6	
67837.8	68054.1	67837.8	68054.1	67837.8	
67297.3	70216.2	67297.3	70216.2	67297.3	
69054.1	68783.8	69054.1	68783.8	69054.1	
69405.4	68783.8	69405.4	68783.8	69405.4	
69675.7	69054.1	69675.7	69054.1	69675.7	
69324.3	68054.1	69324.3	68054.1	69324.3	
67837.8	69540.5	67837.8	69540.5	67837.8	
68189.2	69270.3	68189.2	69270.3	68189.2	
69675.7	69405.4	69675.7	69405.4	69675.7	
69405.4	69000	69405.4	69000	69405.4	
71189.2	70756.8	71189.2	70756.8	71189.2	
67837.8	67837.8	67837.8	67837.8	67837.8	
67432.4	68783.8	67432.4	68783.8	67432.4	
68459.5	69405.4	68459.5	69405.4	68459.5	
69540.5	69324.3	69540.5	69324.3	69540.5	
67162.2	69540.5	67162.2	69540.5	67162.2	
68513.5	68513.5	68513.5	68513.5	68513.5	
69000	68864.9	69000	68864.9	69000	
68783.8	69540.5	68783.8	69540.5	68783.8	
69621.6	68324.3	69621.6	68324.3	69621.6	
69810.8	68648.6	69810.8	68648.6	69810.8	
69810.8	67351.4	69810.8	67351.4	69810.8	
70162.2	69540.5	70162.2	69540.5	70162.2	
69270.3	69189.2	69270.3	69189.2	69270.3	
67216.2	68189.2	67216.2	68189.2	67216.2	
68648.6	67162.2	68648.6	67162.2	68648.6	
70027	67432.4	70027	67432.4	70027	
69135.1	68243.2	69135.1	68243.2	69135.1	
68108.1	67297.3	68108.1	67297.3	68108.1	
68459.5	70567.6	68459.5	70567.6	68459.5	
68513.5	69135.1	68513.5	69135.1	68513.5	
68108.1	68594.6	68108.1	68594.6	68108.1	
70216.2	68729.7	70216.2	68729.7	70216.2	
68648.6	69189.2	68648.6	69189.2	68648.6	
67973	68108.1	67973	68108.1	67973	
69945.9	67756.8	69945.9	67756.8	69945.9	
66351.4	69540.5	66351.4	69540.5	66351.4	
69675.7	68378.4	69675.7	68378.4	69675.7	
69756.8	67973	69756.8	67973	69756.8	
66945.9	70162.2	66945.9	70162.2	66945.9	
68594.6	68324.3	68594.6	68324.3	68594.6	
68594.6	69621.6	68594.6	69621.6	68594.6	
65864.9	70837.8	65864.9	70837.8	65864.9	
70027	67756.8	70027	67756.8	70027	
68324.3	68729.7	68324.3	68729.7	68324.3	
68324.3	69675.7	68324.3	69675.7	68324.3	
68189.2	68594.6	68189.2	68594.6	68189.2	
69540.5	68108.1	69540.5	68108.1	69540.5	
67702.7	68459.5	67702.7	68459.5	67702.7	
66405.4	65648.6	66405.4	65648.6	66405.4	
66675.7	68729.7	66675.7	68729.7	66675.7	
67702.7	68729.7	67702.7	68729.7	67702.7	
68243.2	68243.2	68243.2	68243.2	68243.2	
69135.1	68648.6	69135.1	68648.6	69135.1	
68729.7	68243.2	68729.7	68243.2	68729.7	
68729.7	69189.2	68729.7	69189.2	68729.7	
68729.7	67027	68729.7	67027	68729.7	
67756.8	69540.5	67756.8	69540.5	67756.8	
68459.5	69054.1	68459.5	69054.1	68459.5	
69621.6	67756.8	69621.6	67756.8	69621.6	
68378.4	68513.5	68378.4	68513.5	68378.4	
69891.9	68648.6	69891.9	68648.6	69891.9	
69135.1	66216.2	69135.1	66216.2	69135.1	
67297.3	67216.2	67297.3	67216.2	67297.3	
70216.2	69540.5	70216.2	69540.5	70216.2	
69189.2	68054.1	69189.2	68054.1	69189.2	
69945.9	69189.2	69945.9	69189.2	69945.9	
67486.5	67567.6	67486.5	67567.6	67486.5	
68513.5	68864.9	68513.5	68864.9	68513.5	
69000	68783.8	69000	68783.8	69000	
69621.6	68189.2	69621.6	68189.2	69621.6	
68729.7	67837.8	68729.7	67837.8	68729.7	
69270.3	67432.4	69270.3	67432.4	69270.3	
68864.9	69405.4	68864.9	69405.4	68864.9	
69054.1	67621.6	69054.1	67621.6	69054.1	
67216.2	69324.3	67216.2	69324.3	67216.2	
68918.9	68918.9	68918.9	68918.9	68918.9	
68648.6	69270.3	68648.6	69270.3	68648.6	
67621.6	68594.6	67621.6	68594.6	67621.6	
69270.3	68108.1	69270.3	68108.1	69270.3	
69675.7	68189.2	69675.7	68189.2	69675.7	
70567.6	69189.2	70567.6	69189.2	70567.6	
67567.6	69459.5	67567.6	69459.5	67567.6	
68918.9	69540.5	68918.9	69540.5	68918.9	
67702.7	68378.4	67702.7	68378.4	67702.7	
68324.3	66351.4	68324.3	66351.4	68324.3	
68243.2	69621.6	68243.2	69621.6	68243.2	
67837.8	66756.8	67837.8	66756.8	67837.8	
67837.8	68918.9	67837.8	68918.9	67837.8	
69675.7	67702.7	69675.7	67702.7	69675.7	
69540.5	66405.4	69540.5	66405.4	69540.5	
70081.1	67351.4	70081.1	67351.4	70081.1	
68783.8	66621.6	68783.8	66621.6	68783.8	
69756.8	67297.3	69756.8	67297.3	69756.8	
69675.7	69675.7	69675.7	69675.7	69675.7	
68513.5	66810.8	68513.5	66810.8	68513.5	
68378.4	68513.5	68378.4	68513.5	68378.4	
68459.5	68324.3	68459.5	68324.3	68459.5	
69756.8	69459.5	69756.8	69459.5	69756.8	
68459.5	68324.3	68459.5	68324.3	68459.5	
68459.5	69324.3	68459.5	69324.3	68459.5	
69891.9	67216.2	69891.9	67216.2	69891.9	
67297.3	68864.9	67297.3	68864.9	67297.3	
70973	68378.4	70973	68378.4	70973	
69621.6	70216.2	69621.6	70216.2	69621.6	
68378.4	68864.9	68378.4	68864.9	68378.4	
67351.4	69135.1	67351.4	69135.1	67351.4	
69189.2	67621.6	69189.2	67621.6	69189.2	
67351.4	68378.4	67351.4	68378.4	67351.4	
69270.3	67216.2	69270.3	67216.2	69270.3	
69756.8	69000	69756.8	69000	69756.8	
68783.8	68594.6	68783.8	68594.6	68783.8	
66891.9	67567.6	66891.9	67567.6	66891.9	
67432.4	68243.2	67432.4	68243.2	67432.4	
68513.5	68594.6	68513.5	68594.6	68513.5	
69621.6	68108.1	69621.6	68108.1	69621.6	
70621.6	69540.5	70621.6	69540.5	70621.6	
69945.9	69189.2	69945.9	69189.2	69945.9	
68324.3	67918.9	68324.3	67918.9	68324.3	
67351.4	69405.4	67351.4	69405.4	67351.4	
68729.7	68513.5	68729.7	68513.5	68729.7	
68243.2	68513.5	68243.2	68513.5	68243.2	
68864.9	70702.7	68864.9	70702.7	68864.9	
67621.6	69189.2	67621.6	69189.2	67621.6	
69891.9	66945.9	69891.9	66945.9	69891.9	
67297.3	67081.1	67297.3	67081.1	67297.3	
67756.8	69135.1	67756.8	69135.1	67756.8	
66405.4	68054.1	66405.4	68054.1	66405.4	
68108.1	70837.8	68108.1	70837.8	68108.1	
67621.6	69270.3	67621.6	69270.3	67621.6	
69621.6	68918.9	69621.6	68918.9	69621.6	
68324.3	69405.4	68324.3	69405.4	68324.3	
67756.8	70216.2	67756.8	70216.2	67756.8	
68918.9	69756.8	68918.9	69756.8	68918.9	
68648.6	69459.5	68648.6	69459.5	68648.6	
68729.7	68648.6	68729.7	68648.6	68729.7	
67216.2	69135.1	67216.2	69135.1	67216.2	
68324.3	71027	68324.3	71027	68324.3	
66756.8	69459.5	66756.8	69459.5	66756.8	
68783.8	69756.8	68783.8	69756.8	68783.8	
68783.8	68783.8	68783.8	68783.8	68783.8	
72405.4	68459.5	72405.4	68459.5	72405.4	
68459.5	68189.2	68459.5	68189.2	68459.5	
68243.2	68648.6	68243.2	68648.6	68243.2	
69810.8	68513.5	69810.8	68513.5	69810.8	
70756.8	68459.5	70756.8	68459.5	70756.8	
68864.9	67702.7	68864.9	67702.7	68864.9	
68648.6	69756.8	68648.6	69756.8	68648.6	
67081.1	67297.3	67081.1	67297.3	67081.1	
67702.7	67756.8	67702.7	67756.8	67702.7	
69135.1	68243.2	69135.1	68243.2	69135.1	
67918.9	67621.6	67918.9	67621.6	67918.9	
67973	65378.4	67973	65378.4	67973	
67837.8	68648.6	67837.8	68648.6	67837.8	
69540.5	67621.6	69540.5	67621.6	69540.5	
67081.1	68594.6	67081.1	68594.6	67081.1	
70297.3	67567.6	70297.3	67567.6	70297.3	
68189.2	67837.8	68189.2	67837.8	68189.2	
67027	68648.6	67027	68648.6	67027	
69459.5	67567.6	69459.5	67567.6	69459.5	
67162.2	67756.8	67162.2	67756.8	67162.2	
68513.5	67837.8	68513.5	67837.8	68513.5	
68783.8	67702.7	68783.8	67702.7	68783.8	
68918.9	68783.8	68918.9	68783.8	68918.9	
69459.5	68243.2	69459.5	68243.2	69459.5	
67486.5	67621.6	67486.5	67621.6	67486.5	
67918.9	68378.4	67918.9	68378.4	67918.9	
69000	67486.5	69000	67486.5	69000	
67432.4	67918.9	67432.4	67918.9	67432.4	
68243.2	67918.9	68243.2	67918.9	68243.2	
66270.3	68243.2	66270.3	68243.2	66270.3	
69054.1	67432.4	69054.1	67432.4	69054.1	
68918.9	70081.1	68918.9	70081.1	68918.9	
68324.3	71513.5	68324.3	71513.5	68324.3	
68054.1	69756.8	68054.1	69756.8	68054.1	
68648.6	70351.4	68648.6	70351.4	68648.6	
68864.9	66945.9	68864.9	66945.9	68864.9	
68378.4	67837.8	68378.4	67837.8	68378.4	
68594.6	66945.9	68594.6	66945.9	68594.6	
69675.7	68513.5	69675.7	68513.5	69675.7	
68783.8	68648.6	68783.8	68648.6	68783.8	
69405.4	68324.3	69405.4	68324.3	69405.4	
68648.6	68918.9	68648.6	68918.9	68648.6	
67918.9	68324.3	67918.9	68324.3	67918.9	
68729.7	66810.8	68729.7	66810.8	68729.7	
68729.7	69621.6	68729.7	69621.6	68729.7	
68459.5	67918.9	68459.5	67918.9	68459.5	
67162.2	69189.2	67162.2	69189.2	67162.2	
66054.1	69270.3	66054.1	69270.3	66054.1	
68243.2	69054.1	68243.2	69054.1	68243.2	
67973	68324.3	67973	68324.3	67973	
68108.1	69324.3	68108.1	69324.3	68108.1	
66135.1	67702.7	66135.1	67702.7	66135.1	
66945.9	67837.8	66945.9	67837.8	66945.9	
67621.6	67756.8	67621.6	67756.8	67621.6	
69000	69405.4	69000	69405.4	69000	
67973	72540.5	67973	72540.5	67973	
69405.4	69135.1	69405.4	69135.1	69405.4	
68324.3	69891.9	68324.3	69891.9	68324.3	
66756.8	69405.4	66756.8	69405.4	66756.8	
67297.3	69270.3	67297.3	69270.3	67297.3	
69945.9	68243.2	69945.9	68243.2	69945.9	
70351.4	68594.6	70351.4	68594.6	70351.4	
69405.4	67756.8	69405.4	67756.8	69405.4	
68918.9	67621.6	68918.9	67621.6	68918.9	
67297.3	67027	67297.3	67027	67297.3	
67918.9	68729.7	67918.9	68729.7	67918.9	
68243.2	69810.8	68243.2	69810.8	68243.2	
67486.5	67351.4	67486.5	67351.4	67486.5	
67837.8	67702.7	67837.8	67702.7	67837.8	
67567.6	70027	67567.6	70027	67567.6	
66216.2	68378.4	66216.2	68378.4	66216.2	
69135.1	68918.9	69135.1	68918.9	69135.1	
68189.2	68378.4	68189.2	68378.4	68189.2	
67973	69945.9	67973	69945.9	67973	
68783.8	70027	68783.8	70027	68783.8	
68783.8	67702.7	68783.8	67702.7	68783.8	
67081.1	67702.7	67081.1	67702.7	67081.1	
69324.3	67702.7	69324.3	67702.7	69324.3	
68189.2	69405.4	68189.2	69405.4	68189.2	
68729.7	67973	68729.7	67973	68729.7	
68459.5	69270.3	68459.5	69270.3	68459.5	
67837.8	67621.6	67837.8	67621.6	67837.8	
68864.9	66945.9	68864.9	66945.9	68864.9	
69054.1	69135.1	69054.1	69135.1	69054.1	
68378.4	67081.1	68378.4	67081.1	68378.4	
67837.8	67567.6	67837.8	67567.6	67837.8	
69324.3	68918.9	69324.3	68918.9	69324.3	
73351.4	73891.9	73351.4	73891.9	73351.4	
68729.7	69405.4	68729.7	69405.4	68729.7	
67297.3	68783.8	67297.3	68783.8	67297.3	
68783.8	68648.6	68783.8	68648.6	68783.8	
69270.3	67702.7	69270.3	67702.7	69270.3	
69459.5	69621.6	69459.5	69621.6	69459.5	
68648.6	67918.9	68648.6	67918.9	68648.6	
69054.1	68864.9	69054.1	68864.9	69054.1	
68729.7	68648.6	68729.7	68648.6	68729.7	
66891.9	68864.9	66891.9	68864.9	66891.9	
68918.9	68459.5	68918.9	68459.5	68918.9	
68378.4	69054.1	68378.4	69054.1	68378.4	
67756.8	66810.8	67756.8	66810.8	67756.8	
69189.2	69054.1	69189.2	69054.1	69189.2	
68324.3	68324.3	68324.3	68324.3	68324.3	
67027	68378.4	67027	68378.4	67027	
68513.5	68459.5	68513.5	68459.5	68513.5	
66270.3	69324.3	66270.3	69324.3	66270.3	
68378.4	69540.5	68378.4	69540.5	68378.4	
69405.4	69675.7	69405.4	69675.7	69405.4	
69189.2	66486.5	69189.2	66486.5	69189.2	
68324.3	68108.1	68324.3	68108.1	68324.3	
69891.9	69135.1	69891.9	69135.1	69891.9	
67432.4	68648.6	67432.4	68648.6	67432.4	
68729.7	69000	68729.7	69000	68729.7	
69459.5	68513.5	69459.5	68513.5	69459.5	
68864.9	69324.3	68864.9	69324.3	68864.9	
69405.4	68054.1	69405.4	68054.1	69405.4	
69000	69054.1	69000	69054.1	69000	
67297.3	69054.1	67297.3	69054.1	67297.3	
68243.2	69000	68243.2	69000	68243.2	
69270.3	67918.9	69270.3	67918.9	69270.3	
68459.5	69270.3	68459.5	69270.3	68459.5	
70162.2	66270.3	70162.2	66270.3	70162.2	
67973	68459.5	67973	68459.5	67973	
68594.6	67567.6	68594.6	67567.6	68594.6	
68648.6	68243.2	68648.6	68243.2	68648.6	
68108.1	67702.7	68108.1	67702.7	68108.1	
69810.8	70567.6	69810.8	70567.6	69810.8	
67081.1	68513.5	67081.1	68513.5	67081.1	
67486.5	66891.9	67486.5	66891.9	67486.5	
67432.4	69000	67432.4	69000	67432.4	
67973	67351.4	67973	67351.4	67973	
66216.2	70702.7	66216.2	70702.7	66216.2	
69621.6	68054.1	69621.6	68054.1	69621.6	
70081.1	69135.1	70081.1	69135.1	70081.1	
69810.8	67973	69810.8	67973	69810.8	
66540.5	70702.7	66540.5	70702.7	66540.5	
67162.2	66810.8	67162.2	66810.8	67162.2	
69000	69270.3	69000	69270.3	69000	
67973	68324.3	67973	68324.3	67973	
68108.1	69135.1	68108.1	69135.1	68108.1	
67973	68729.7	67973	68729.7	67973	
68054.1	67567.6	68054.1	67567.6	68054.1	
67162.2	69459.5	67162.2	69459.5	67162.2	
68594.6	67756.8	68594.6	67756.8	68594.6	
68378.4	66675.7	68378.4	66675.7	68378.4	
68189.2	68783.8	68189.2	68783.8	68189.2	
68189.2	69459.5	68189.2	69459.5	68189.2	
67621.6	69459.5	67621.6	69459.5	67621.6	
67918.9	69675.7	67918.9	69675.7	67918.9	
69054.1	69405.4	69054.1	69405.4	69054.1	
68108.1	68594.6	68108.1	68594.6	68108.1	
67837.8	70702.7	67837.8	70702.7	67837.8	
68648.6	68918.9	68648.6	68918.9	68648.6	
68918.9	68054.1	68918.9	68054.1	68918.9	
67486.5	70081.1	67486.5	70081.1	67486.5	
68648.6	66810.8	68648.6	66810.8	68648.6	
69621.6	69675.7	69621.6	69675.7	69621.6	
67567.6	70162.2	67567.6	70162.2	67567.6	
68648.6	69270.3	68648.6	69270.3	68648.6	
69675.7	68648.6	69675.7	68648.6	69675.7	
69189.2	69054.1	69189.2	69054.1	69189.2	
70351.4	67351.4	70351.4	67351.4	70351.4	
69459.5	69405.4	69459.5	69405.4	69459.5	
67702.7	68108.1	67702.7	68108.1	67702.7	
68459.5	69459.5	68459.5	69459.5	68459.5	
68513.5	69810.8	68513.5	69810.8	68513.5	
69756.8	69756.8	69756.8	69756.8	69756.8	
68108.1	69000	68108.1	69000	68108.1	
69000	68378.4	69000	68378.4	69000	
67702.7	68378.4	67702.7	68378.4	67702.7	
68054.1	69621.6	68054.1	69621.6	68054.1	
68108.1	68648.6	68108.1	68648.6	68108.1	
67973	68108.1	67973	68108.1	67973	
69054.1	66054.1	69054.1	66054.1	69054.1	
68729.7	67027	68729.7	67027	68729.7	
67756.8	68054.1	67756.8	68054.1	67756.8	
67297.3	67837.8	67297.3	67837.8	67297.3	
68054.1	69054.1	68054.1	69054.1	68054.1	
69540.5	69405.4	69540.5	69405.4	69540.5	
70837.8	71108.1	70837.8	71108.1	70837.8	
67486.5	67486.5	67486.5	67486.5	67486.5	
66351.4	67567.6	66351.4	67567.6	66351.4	
68054.1	69135.1	68054.1	69135.1	68054.1	
67432.4	68054.1	67432.4	68054.1	67432.4	
66216.2	67837.8	66216.2	67837.8	66216.2	
69000	69810.8	69000	69810.8	69000	
68594.6	68783.8	68594.6	68783.8	68594.6	
67621.6	68729.7	67621.6	68729.7	67621.6	
68189.2	69675.7	68189.2	69675.7	68189.2	
68243.2	69324.3	68243.2	69324.3	68243.2	
67567.6	67432.4	67567.6	67432.4	67567.6	
67351.4	67216.2	67351.4	67216.2	67351.4	
68108.1	67837.8	68108.1	67837.8	68108.1	
68513.5	70486.5	68513.5	70486.5	68513.5	
68324.3	68864.9	68324.3	68864.9	68324.3	
68243.2	68864.9	68243.2	68864.9	68243.2	
66351.4	71027	66351.4	71027	66351.4	
68243.2	67837.8	68243.2	67837.8	68243.2	
67621.6	68459.5	67621.6	68459.5	67621.6	
69810.8	70351.4	69810.8	70351.4	69810.8	
66540.5	69135.1	66540.5	69135.1	66540.5	
68054.1	69135.1	68054.1	69135.1	68054.1	
67486.5	68783.8	67486.5	68783.8	67486.5	
66486.5	68378.4	66486.5	68378.4	66486.5	
68108.1	68648.6	68108.1	68648.6	68108.1	
66891.9	67756.8	66891.9	67756.8	66891.9	
67918.9	65864.9	67918.9	65864.9	67918.9	
67621.6	69540.5	67621.6	69540.5	67621.6	
69621.6	70702.7	69621.6	70702.7	69621.6	
69621.6	69054.1	69621.6	69054.1	69621.6	
68324.3	67918.9	68324.3	67918.9	68324.3	
69324.3	67216.2	69324.3	67216.2	69324.3	
69621.6	68108.1	69621.6	68108.1	69621.6	
69945.9	68594.6	69945.9	68594.6	69945.9	
70081.1	67081.1	70081.1	67081.1	70081.1	
69540.5	66891.9	69540.5	66891.9	69540.5	
67918.9	67486.5	67918.9	67486.5	67918.9	
68189.2	69756.8	68189.2	69756.8	68189.2	
68324.3	68864.9	68324.3	68864.9	68324.3	
70973	67567.6	70973	67567.6	70973	
70837.8	67351.4	70837.8	67351.4	70837.8	
66216.2	67351.4	66216.2	67351.4	66216.2	
69189.2	68918.9	69189.2	68918.9	69189.2	
67351.4	67621.6	67351.4	67621.6	67351.4	
67918.9	68378.4	67918.9	68378.4	67918.9	
69324.3	67297.3	69324.3	67297.3	69324.3	
71648.6	68648.6	71648.6	68648.6	71648.6	
67702.7	67432.4	67702.7	67432.4	67702.7	
68783.8	69189.2	68783.8	69189.2	68783.8	
67702.7	68513.5	67702.7	68513.5	67702.7	
68324.3	69054.1	68324.3	69054.1	68324.3	
70027	69324.3	70027	69324.3	70027	
67351.4	68324.3	67351.4	68324.3	67351.4	
68054.1	68513.5	68054.1	68513.5	68054.1	
68324.3	69540.5	68324.3	69540.5	68324.3	
67756.8	71189.2	67756.8	71189.2	67756.8	
70297.3	67351.4	70297.3	67351.4	70297.3	
68108.1	67081.1	68108.1	67081.1	68108.1	
67351.4	69945.9	67351.4	69945.9	67351.4	
67756.8	67162.2	67756.8	67162.2	67756.8	
70351.4	68513.5	70351.4	68513.5	70351.4	
67297.3	67297.3	67297.3	67297.3	67297.3	
67432.4	67162.2	67432.4	67162.2	67432.4	
68918.9	68729.7	68918.9	68729.7	68918.9	
66000	68054.1	66000	68054.1	66000	
70702.7	69675.7	70702.7	69675.7	70702.7	
69324.3	67702.7	69324.3	67702.7	69324.3	
68459.5	68324.3	68459.5	68324.3	68459.5	
68513.5	68243.2	68513.5	68243.2	68513.5	
67297.3	68459.5	67297.3	68459.5	67297.3	
68864.9	68324.3	68864.9	68324.3	68864.9	
69540.5	69540.5	69540.5	69540.5	69540.5	
69324.3	69405.4	69324.3	69405.4	69324.3	
67351.4	67081.1	67351.4	67081.1	67351.4	
68108.1	70162.2	68108.1	70162.2	68108.1	
69675.7	68054.1	69675.7	68054.1	69675.7	
68108.1	69459.5	68108.1	69459.5	68108.1	
69000	69540.5	69000	69540.5	69000	
67297.3	67837.8	67297.3	67837.8	67297.3	
68108.1	67756.8	68108.1	67756.8	68108.1	
69540.5	67918.9	69540.5	67918.9	69540.5	
67837.8	68108.1	67837.8	68108.1	67837.8	
70432.4	70027	70432.4	70027	70432.4	
67702.7	69459.5	67702.7	69459.5	67702.7	
67973	69405.4	67973	69405.4	67973	
68243.2	68648.6	68243.2	68648.6	68243.2	
69054.1	66756.8	69054.1	66756.8	69054.1	
70756.8	70432.4	70756.8	70432.4	70756.8	
67918.9	67837.8	67918.9	67837.8	67918.9	
69135.1	68594.6	69135.1	68594.6	69135.1	
69405.4	67973	69405.4	67973	69405.4	
67918.9	69459.5	67918.9	69459.5	67918.9	
69000	68324.3	69000	68324.3	69000	
69459.5	68648.6	69459.5	68648.6	69459.5	
66810.8	69810.8	66810.8	69810.8	66810.8	
70351.4	67351.4	70351.4	67351.4	70351.4	
68513.5	66756.8	68513.5	66756.8	68513.5	
67973	69675.7	67973	69675.7	67973	
68783.8	68783.8	68783.8	68783.8	68783.8	
68783.8	68108.1	68783.8	68108.1	68783.8	
68108.1	69459.5	68108.1	69459.5	68108.1	
67216.2	66756.8	67216.2	66756.8	67216.2	
69405.4	69675.7	69405.4	69675.7	69405.4	
68324.3	68324.3	68324.3	68324.3	68324.3	
69000	68918.9	69000	68918.9	69000	
67567.6	68513.5	67567.6	68513.5	67567.6	
69810.8	71378.4	69810.8	71378.4	69810.8	
67756.8	68054.1	67756.8	68054.1	67756.8	
67756.8	67216.2	67756.8	67216.2	67756.8	
69621.6	67432.4	69621.6	67432.4	69621.6	
67837.8	67756.8	67837.8	67756.8	67837.8	
67702.7	68918.9	67702.7	68918.9	67702.7	
66405.4	67486.5	66405.4	67486.5	66405.4	
68864.9	67216.2	68864.9	67216.2	68864.9	
68459.5	68864.9	68459.5	68864.9	68459.5	
67297.3	66810.8	67297.3	66810.8	67297.3	
69135.1	70973	69135.1	70973	69135.1	
67756.8	68189.2	67756.8	68189.2	67756.8	
68189.2	69135.1	68189.2	69135.1	68189.2	
67837.8	68459.5	67837.8	68459.5	67837.8	
68918.9	68648.6	68918.9	68648.6	68918.9	
68324.3	68054.1	68324.3	68054.1	68324.3	
67351.4	70567.6	67351.4	70567.6	67351.4	
67702.7	70351.4	67702.7	70351.4	67702.7	
68243.2	69756.8	68243.2	69756.8	68243.2	
68108.1	70027	68108.1	70027	68108.1	
67621.6	69135.1	67621.6	69135.1	67621.6	
68648.6	70432.4	68648.6	70432.4	68648.6	
68459.5	68648.6	68459.5	68648.6	68459.5	
68459.5	65918.9	68459.5	65918.9	68459.5	
69459.5	68243.2	69459.5	68243.2	69459.5	
67567.6	69000	67567.6	69000	67567.6	
67567.6	70216.2	67567.6	70216.2	67567.6	
68243.2	68918.9	68243.2	68918.9	68243.2	
69621.6	68243.2	69621.6	68243.2	69621.6	
69189.2	68054.1	69189.2	68054.1	69189.2	
69459.5	68918.9	69459.5	68918.9	69459.5	
67027	68729.7	67027	68729.7	67027	
69135.1	68783.8	69135.1	68783.8	69135.1	
69270.3	69270.3	69270.3	69270.3	69270.3	
67973	68459.5	67973	68459.5	67973	
68918.9	67567.6	68918.9	67567.6	68918.9	
67567.6	68243.2	67567.6	68243.2	67567.6	
69810.8	67756.8	69810.8	67756.8	69810.8	
69054.1	68513.5	69054.1	68513.5	69054.1	
66540.5	67973	66540.5	67973	66540.5	
67702.7	68648.6	67702.7	68648.6	67702.7	
67162.2	67486.5	67162.2	67486.5	67162.2	
68378.4	68189.2	68378.4	68189.2	68378.4	
68459.5	69270.3	68459.5	69270.3	68459.5	
68783.8	69945.9	68783.8	69945.9	68783.8	
67756.8	69459.5	67756.8	69459.5	67756.8	
69405.4	69135.1	69405.4	69135.1	69405.4	
71243.2	68513.5	71243.2	68513.5	71243.2	
68513.5	67027	68513.5	67027	68513.5	
69000	67918.9	69000	67918.9	69000	
71459.5	70027	71459.5	70027	71459.5	
67486.5	69135.1	67486.5	69135.1	67486.5	
69270.3	69405.4	69270.3	69405.4	69270.3	
68459.5	70567.6	68459.5	70567.6	68459.5	
68648.6	69324.3	68648.6	69324.3	68648.6	
68513.5	68783.8	68513.5	68783.8	68513.5	
69000	70216.2	69000	70216.2	69000	
67297.3	68729.7	67297.3	68729.7	67297.3	
69324.3	68108.1	69324.3	68108.1	69324.3	
68108.1	67081.1	68108.1	67081.1	68108.1	
69270.3	69000	69270.3	69000	69270.3	
68783.8	69135.1	68783.8	69135.1	68783.8	
69459.5	67567.6	69459.5	67567.6	69459.5	
69405.4	69891.9	69405.4	69891.9	69405.4	
69054.1	68108.1	69054.1	68108.1	69054.1	
66486.5	69054.1	66486.5	69054.1	66486.5	
67486.5	67756.8	67486.5	67756.8	67486.5	
67837.8	67973	67837.8	67973	67837.8	
69000	68729.7	69000	68729.7	69000	
68594.6	68783.8	68594.6	68783.8	68594.6	
69621.6	67216.2	69621.6	67216.2	69621.6	
69270.3	67621.6	69270.3	67621.6	69270.3	
68108.1	68729.7	68108.1	68729.7	68108.1	
68783.8	68648.6	68783.8	68648.6	68783.8	
68324.3	68729.7	68324.3	68729.7	68324.3	
68054.1	69945.9	68054.1	69945.9	68054.1	
67837.8	68513.5	67837.8	68513.5	67837.8	
67297.3	69324.3	67297.3	69324.3	67297.3	
68864.9	69756.8	68864.9	69756.8	68864.9	
67486.5	68378.4	67486.5	68378.4	67486.5	
68594.6	68189.2	68594.6	68189.2	68594.6	
67432.4	68189.2	67432.4	68189.2	67432.4	
67973	69135.1	67973	69135.1	67973	
67756.8	67297.3	67756.8	67297.3	67756.8	
69675.7	69891.9	69675.7	69891.9	69675.7	
70081.1	67837.8	70081.1	67837.8	70081.1	
67756.8	67837.8	67756.8	67837.8	67756.8	
67756.8	67918.9	67756.8	67918.9	67756.8	
67756.8	67918.9	67756.8	67918.9	67756.8	
67756.8	67918.9	67756.8	67918.9	67756.8	
