5806.23	5802.77	5806.23	5802.77	5806.23	
5740.48	5747.4	5740.48	5747.4	5740.48	
5743.94	5733.56	5743.94	5733.56	5743.94	
5733.56	5730.1	5733.56	5730.1	5733.56	
5743.94	5754.33	5743.94	5754.33	5743.94	
5754.33	5757.79	5754.33	5757.79	5754.33	
5747.4	5747.4	5747.4	5747.4	5747.4	
5747.4	5757.79	5747.4	5757.79	5747.4	
5757.79	5764.71	5757.79	5764.71	5757.79	
5764.71	5754.33	5764.71	5754.33	5764.71	
5757.79	5754.33	5757.79	5754.33	5757.79	
5771.63	5764.71	5771.63	5764.71	5771.63	
5747.4	5757.79	5747.4	5757.79	5747.4	
5743.94	5757.79	5743.94	5757.79	5743.94	
5764.71	5761.25	5764.71	5761.25	5764.71	
5768.17	5754.33	5768.17	5754.33	5768.17	
5754.33	5771.63	5754.33	5771.63	5754.33	
5768.17	5757.79	5768.17	5757.79	5768.17	
5754.33	5768.17	5754.33	5768.17	5754.33	
5761.25	5768.17	5761.25	5768.17	5761.25	
5771.63	5761.25	5771.63	5761.25	5771.63	
5754.33	5764.71	5754.33	5764.71	5754.33	
5750.87	5757.79	5750.87	5757.79	5750.87	
5750.87	5750.87	5750.87	5750.87	5750.87	
5764.71	5757.79	5764.71	5757.79	5764.71	
5771.63	5750.87	5771.63	5750.87	5771.63	
5754.33	5754.33	5754.33	5754.33	5754.33	
5761.25	5764.71	5761.25	5764.71	5761.25	
5761.25	5750.87	5761.25	5750.87	5761.25	
5750.87	5768.17	5750.87	5768.17	5750.87	
5768.17	5761.25	5768.17	5761.25	5768.17	
5768.17	5764.71	5768.17	5764.71	5768.17	
5761.25	5761.25	5761.25	5761.25	5761.25	
5761.25	5764.71	5761.25	5764.71	5761.25	
5754.33	5761.25	5754.33	5761.25	5754.33	
5757.79	5754.33	5757.79	5754.33	5757.79	
5754.33	5750.87	5754.33	5750.87	5754.33	
5761.25	5757.79	5761.25	5757.79	5761.25	
5775.09	5768.17	5775.09	5768.17	5775.09	
5768.17	5764.71	5768.17	5764.71	5768.17	
5761.25	5757.79	5761.25	5757.79	5761.25	
5761.25	5761.25	5761.25	5761.25	5761.25	
5757.79	5775.09	5757.79	5775.09	5757.79	
5775.09	5747.4	5775.09	5747.4	5775.09	
5771.63	5761.25	5771.63	5761.25	5771.63	
5761.25	5771.63	5761.25	5771.63	5761.25	
5757.79	5754.33	5757.79	5754.33	5757.79	
5757.79	5761.25	5757.79	5761.25	5757.79	
5750.87	5750.87	5750.87	5750.87	5750.87	
5778.55	5761.25	5778.55	5761.25	5778.55	
5782.01	5771.63	5782.01	5771.63	5782.01	
5775.09	5771.63	5775.09	5771.63	5775.09	
5761.25	5757.79	5761.25	5757.79	5761.25	
5764.71	5768.17	5764.71	5768.17	5764.71	
5761.25	5757.79	5761.25	5757.79	5761.25	
5764.71	5771.63	5764.71	5771.63	5764.71	
5768.17	5754.33	5768.17	5754.33	5768.17	
5747.4	5768.17	5747.4	5768.17	5747.4	
5757.79	5764.71	5757.79	5764.71	5757.79	
5761.25	5764.71	5761.25	5764.71	5761.25	
5764.71	5761.25	5764.71	5761.25	5764.71	
5757.79	5747.4	5757.79	5747.4	5757.79	
5761.25	5768.17	5761.25	5768.17	5761.25	
5761.25	5768.17	5761.25	5768.17	5761.25	
5754.33	5768.17	5754.33	5768.17	5754.33	
5761.25	5771.63	5761.25	5771.63	5761.25	
5754.33	5771.63	5754.33	5771.63	5754.33	
5764.71	5761.25	5764.71	5761.25	5764.71	
5757.79	5761.25	5757.79	5761.25	5757.79	
5757.79	5764.71	5757.79	5764.71	5757.79	
5754.33	5754.33	5754.33	5754.33	5754.33	
5764.71	5754.33	5764.71	5754.33	5764.71	
5771.63	5764.71	5771.63	5764.71	5771.63	
5754.33	5757.79	5754.33	5757.79	5754.33	
5768.17	5754.33	5768.17	5754.33	5768.17	
5768.17	5761.25	5768.17	5761.25	5768.17	
5743.94	5757.79	5743.94	5757.79	5743.94	
5750.87	5754.33	5750.87	5754.33	5750.87	
5761.25	5761.25	5761.25	5761.25	5761.25	
5775.09	5764.71	5775.09	5764.71	5775.09	
5775.09	5757.79	5775.09	5757.79	5775.09	
5761.25	5764.71	5761.25	5764.71	5761.25	
5754.33	5740.48	5754.33	5740.48	5754.33	
5761.25	5771.63	5761.25	5771.63	5761.25	
5768.17	5771.63	5768.17	5771.63	5768.17	
5757.79	5761.25	5757.79	5761.25	5757.79	
5750.87	5768.17	5750.87	5768.17	5750.87	
5761.25	5768.17	5761.25	5768.17	5761.25	
5750.87	5754.33	5750.87	5754.33	5750.87	
5771.63	5761.25	5771.63	5761.25	5771.63	
5750.87	5761.25	5750.87	5761.25	5750.87	
5761.25	5740.48	5761.25	5740.48	5761.25	
5757.79	5750.87	5757.79	5750.87	5757.79	
5768.17	5764.71	5768.17	5764.71	5768.17	
5761.25	5764.71	5761.25	5764.71	5761.25	
5750.87	5768.17	5750.87	5768.17	5750.87	
5761.25	5750.87	5761.25	5750.87	5761.25	
5764.71	5757.79	5764.71	5757.79	5764.71	
5757.79	5764.71	5757.79	5764.71	5757.79	
5754.33	5743.94	5754.33	5743.94	5754.33	
5761.25	5761.25	5761.25	5761.25	5761.25	
5757.79	5754.33	5757.79	5754.33	5757.79	
5764.71	5757.79	5764.71	5757.79	5764.71	
5761.25	5754.33	5761.25	5754.33	5761.25	
5782.01	5764.71	5782.01	5764.71	5782.01	
5761.25	5764.71	5761.25	5764.71	5761.25	
5764.71	5757.79	5764.71	5757.79	5764.71	
5750.87	5750.87	5750.87	5750.87	5750.87	
5754.33	5757.79	5754.33	5757.79	5754.33	
5768.17	5761.25	5768.17	5761.25	5768.17	
5761.25	5757.79	5761.25	5757.79	5761.25	
5775.09	5761.25	5775.09	5761.25	5775.09	
5768.17	5768.17	5768.17	5768.17	5768.17	
5747.4	5750.87	5747.4	5750.87	5747.4	
5764.71	5764.71	5764.71	5764.71	5764.71	
5757.79	5757.79	5757.79	5757.79	5757.79	
5750.87	5754.33	5750.87	5754.33	5750.87	
5764.71	5761.25	5764.71	5761.25	5764.71	
5757.79	5740.48	5757.79	5740.48	5757.79	
5768.17	5771.63	5768.17	5771.63	5768.17	
5757.79	5764.71	5757.79	5764.71	5757.79	
5754.33	5761.25	5754.33	5761.25	5754.33	
5754.33	5771.63	5754.33	5771.63	5754.33	
5764.71	5771.63	5764.71	5771.63	5764.71	
5764.71	5754.33	5764.71	5754.33	5764.71	
5754.33	5757.79	5754.33	5757.79	5754.33	
5750.87	5768.17	5750.87	5768.17	5750.87	
5757.79	5764.71	5757.79	5764.71	5757.79	
5768.17	5761.25	5768.17	5761.25	5768.17	
5761.25	5754.33	5761.25	5754.33	5761.25	
5761.25	5757.79	5761.25	5757.79	5761.25	
5754.33	5757.79	5754.33	5757.79	5754.33	
5775.09	5764.71	5775.09	5764.71	5775.09	
5768.17	5768.17	5768.17	5768.17	5768.17	
5757.79	5761.25	5757.79	5761.25	5757.79	
5761.25	5750.87	5761.25	5750.87	5761.25	
5761.25	5754.33	5761.25	5754.33	5761.25	
5754.33	5743.94	5754.33	5743.94	5754.33	
5757.79	5768.17	5757.79	5768.17	5757.79	
5754.33	5757.79	5754.33	5757.79	5754.33	
5757.79	5761.25	5757.79	5761.25	5757.79	
5764.71	5768.17	5764.71	5768.17	5764.71	
5754.33	5757.79	5754.33	5757.79	5754.33	
5757.79	5761.25	5757.79	5761.25	5757.79	
5757.79	5768.17	5757.79	5768.17	5757.79	
5757.79	5750.87	5757.79	5750.87	5757.79	
5761.25	5761.25	5761.25	5761.25	5761.25	
5761.25	5761.25	5761.25	5761.25	5761.25	
5743.94	5761.25	5743.94	5761.25	5743.94	
5757.79	5754.33	5757.79	5754.33	5757.79	
5764.71	5764.71	5764.71	5764.71	5764.71	
5750.87	5761.25	5750.87	5761.25	5750.87	
5771.63	5757.79	5771.63	5757.79	5771.63	
5747.4	5754.33	5747.4	5754.33	5747.4	
5754.33	5771.63	5754.33	5771.63	5754.33	
5761.25	5771.63	5761.25	5771.63	5761.25	
5757.79	5757.79	5757.79	5757.79	5757.79	
5764.71	5764.71	5764.71	5764.71	5764.71	
5750.87	5761.25	5750.87	5761.25	5750.87	
5761.25	5757.79	5761.25	5757.79	5761.25	
5764.71	5764.71	5764.71	5764.71	5764.71	
5764.71	5750.87	5764.71	5750.87	5764.71	
5754.33	5761.25	5754.33	5761.25	5754.33	
5764.71	5754.33	5764.71	5754.33	5764.71	
5768.17	5771.63	5768.17	5771.63	5768.17	
5761.25	5750.87	5761.25	5750.87	5761.25	
5768.17	5764.71	5768.17	5764.71	5768.17	
5761.25	5747.4	5761.25	5747.4	5761.25	
5754.33	5764.71	5754.33	5764.71	5754.33	
5761.25	5754.33	5761.25	5754.33	5761.25	
5757.79	5757.79	5757.79	5757.79	5757.79	
5775.09	5761.25	5775.09	5761.25	5775.09	
5757.79	5757.79	5757.79	5757.79	5757.79	
5743.94	5754.33	5743.94	5754.33	5743.94	
5761.25	5768.17	5761.25	5768.17	5761.25	
5761.25	5782.01	5761.25	5782.01	5761.25	
5754.33	5761.25	5754.33	5761.25	5754.33	
5768.17	5764.71	5768.17	5764.71	5768.17	
5757.79	5757.79	5757.79	5757.79	5757.79	
5750.87	5754.33	5750.87	5754.33	5750.87	
5757.79	5771.63	5757.79	5771.63	5757.79	
5761.25	5775.09	5761.25	5775.09	5761.25	
5764.71	5747.4	5764.71	5747.4	5764.71	
5750.87	5754.33	5750.87	5754.33	5750.87	
5757.79	5750.87	5757.79	5750.87	5757.79	
5764.71	5754.33	5764.71	5754.33	5764.71	
5747.4	5768.17	5747.4	5768.17	5747.4	
5761.25	5761.25	5761.25	5761.25	5761.25	
5768.17	5775.09	5768.17	5775.09	5768.17	
5754.33	5764.71	5754.33	5764.71	5754.33	
5754.33	5743.94	5754.33	5743.94	5754.33	
5768.17	5764.71	5768.17	5764.71	5768.17	
5775.09	5750.87	5775.09	5750.87	5775.09	
5750.87	5754.33	5750.87	5754.33	5750.87	
5764.71	5757.79	5764.71	5757.79	5764.71	
5754.33	5761.25	5754.33	5761.25	5754.33	
5754.33	5768.17	5754.33	5768.17	5754.33	
5764.71	5768.17	5764.71	5768.17	5764.71	
5750.87	5764.71	5750.87	5764.71	5750.87	
5761.25	5747.4	5761.25	5747.4	5761.25	
5757.79	5768.17	5757.79	5768.17	5757.79	
5750.87	5761.25	5750.87	5761.25	5750.87	
5761.25	5761.25	5761.25	5761.25	5761.25	
5775.09	5757.79	5775.09	5757.79	5775.09	
5747.4	5775.09	5747.4	5775.09	5747.4	
5754.33	5750.87	5754.33	5750.87	5754.33	
5754.33	5771.63	5754.33	5771.63	5754.33	
5750.87	5761.25	5750.87	5761.25	5750.87	
5754.33	5768.17	5754.33	5768.17	5754.33	
5757.79	5750.87	5757.79	5750.87	5757.79	
5757.79	5754.33	5757.79	5754.33	5757.79	
5764.71	5768.17	5764.71	5768.17	5764.71	
5754.33	5754.33	5754.33	5754.33	5754.33	
5757.79	5768.17	5757.79	5768.17	5757.79	
5778.55	5750.87	5778.55	5750.87	5778.55	
5768.17	5761.25	5768.17	5761.25	5768.17	
5761.25	5764.71	5761.25	5764.71	5761.25	
5768.17	5764.71	5768.17	5764.71	5768.17	
5757.79	5757.79	5757.79	5757.79	5757.79	
5771.63	5754.33	5771.63	5754.33	5771.63	
5750.87	5754.33	5750.87	5754.33	5750.87	
5754.33	5764.71	5754.33	5764.71	5754.33	
5754.33	5740.48	5754.33	5740.48	5754.33	
5764.71	5771.63	5764.71	5771.63	5764.71	
5740.48	5750.87	5740.48	5750.87	5740.48	
5764.71	5764.71	5764.71	5764.71	5764.71	
5761.25	5761.25	5761.25	5761.25	5761.25	
5768.17	5754.33	5768.17	5754.33	5768.17	
5754.33	5764.71	5754.33	5764.71	5754.33	
5761.25	5761.25	5761.25	5761.25	5761.25	
5771.63	5757.79	5771.63	5757.79	5771.63	
5761.25	5764.71	5761.25	5764.71	5761.25	
5764.71	5757.79	5764.71	5757.79	5764.71	
5764.71	5764.71	5764.71	5764.71	5764.71	
5761.25	5764.71	5761.25	5764.71	5761.25	
5747.4	5782.01	5747.4	5782.01	5747.4	
5761.25	5757.79	5761.25	5757.79	5761.25	
5761.25	5750.87	5761.25	5750.87	5761.25	
5764.71	5771.63	5764.71	5771.63	5764.71	
5761.25	5764.71	5761.25	5764.71	5761.25	
5750.87	5750.87	5750.87	5750.87	5750.87	
5764.71	5778.55	5764.71	5778.55	5764.71	
5761.25	5768.17	5761.25	5768.17	5761.25	
5757.79	5768.17	5757.79	5768.17	5757.79	
5754.33	5764.71	5754.33	5764.71	5754.33	
5764.71	5761.25	5764.71	5761.25	5764.71	
5768.17	5743.94	5768.17	5743.94	5768.17	
5750.87	5761.25	5750.87	5761.25	5750.87	
5764.71	5764.71	5764.71	5764.71	5764.71	
5764.71	5757.79	5764.71	5757.79	5764.71	
5757.79	5754.33	5757.79	5754.33	5757.79	
5764.71	5771.63	5764.71	5771.63	5764.71	
5764.71	5764.71	5764.71	5764.71	5764.71	
5757.79	5768.17	5757.79	5768.17	5757.79	
5754.33	5775.09	5754.33	5775.09	5754.33	
5761.25	5768.17	5761.25	5768.17	5761.25	
5754.33	5768.17	5754.33	5768.17	5754.33	
5761.25	5761.25	5761.25	5761.25	5761.25	
5761.25	5757.79	5761.25	5757.79	5761.25	
5754.33	5757.79	5754.33	5757.79	5754.33	
5775.09	5750.87	5775.09	5750.87	5775.09	
5761.25	5747.4	5761.25	5747.4	5761.25	
5754.33	5750.87	5754.33	5750.87	5754.33	
5764.71	5754.33	5764.71	5754.33	5764.71	
5740.48	5771.63	5740.48	5771.63	5740.48	
5764.71	5761.25	5764.71	5761.25	5764.71	
5740.48	5757.79	5740.48	5757.79	5740.48	
5764.71	5778.55	5764.71	5778.55	5764.71	
5743.94	5747.4	5743.94	5747.4	5743.94	
5771.63	5754.33	5771.63	5754.33	5771.63	
5747.4	5778.55	5747.4	5778.55	5747.4	
5768.17	5768.17	5768.17	5768.17	5768.17	
5757.79	5754.33	5757.79	5754.33	5757.79	
5747.4	5757.79	5747.4	5757.79	5747.4	
5761.25	5778.55	5761.25	5778.55	5761.25	
5754.33	5768.17	5754.33	5768.17	5754.33	
5754.33	5768.17	5754.33	5768.17	5754.33	
5750.87	5768.17	5750.87	5768.17	5750.87	
5761.25	5768.17	5761.25	5768.17	5761.25	
5764.71	5764.71	5764.71	5764.71	5764.71	
5757.79	5750.87	5757.79	5750.87	5757.79	
5764.71	5754.33	5764.71	5754.33	5764.71	
5768.17	5747.4	5768.17	5747.4	5768.17	
5761.25	5761.25	5761.25	5761.25	5761.25	
5768.17	5778.55	5768.17	5778.55	5768.17	
5778.55	5761.25	5778.55	5761.25	5778.55	
5754.33	5757.79	5754.33	5757.79	5754.33	
5750.87	5764.71	5750.87	5764.71	5750.87	
5761.25	5761.25	5761.25	5761.25	5761.25	
5750.87	5754.33	5750.87	5754.33	5750.87	
5754.33	5764.71	5754.33	5764.71	5754.33	
5764.71	5761.25	5764.71	5761.25	5764.71	
5768.17	5764.71	5768.17	5764.71	5768.17	
5764.71	5761.25	5764.71	5761.25	5764.71	
5761.25	5757.79	5761.25	5757.79	5761.25	
5747.4	5747.4	5747.4	5747.4	5747.4	
5754.33	5747.4	5754.33	5747.4	5754.33	
5761.25	5775.09	5761.25	5775.09	5761.25	
5754.33	5771.63	5754.33	5771.63	5754.33	
5757.79	5750.87	5757.79	5750.87	5757.79	
5750.87	5754.33	5750.87	5754.33	5750.87	
5768.17	5764.71	5768.17	5764.71	5768.17	
5754.33	5761.25	5754.33	5761.25	5754.33	
5757.79	5768.17	5757.79	5768.17	5757.79	
5761.25	5743.94	5761.25	5743.94	5761.25	
5761.25	5761.25	5761.25	5761.25	5761.25	
5754.33	5754.33	5754.33	5754.33	5754.33	
5747.4	5761.25	5747.4	5761.25	5747.4	
5754.33	5764.71	5754.33	5764.71	5754.33	
5764.71	5771.63	5764.71	5771.63	5764.71	
5764.71	5757.79	5764.71	5757.79	5764.71	
5761.25	5771.63	5761.25	5771.63	5761.25	
5761.25	5761.25	5761.25	5761.25	5761.25	
5761.25	5754.33	5761.25	5754.33	5761.25	
5754.33	5747.4	5754.33	5747.4	5754.33	
5761.25	5768.17	5761.25	5768.17	5761.25	
5768.17	5764.71	5768.17	5764.71	5768.17	
5764.71	5761.25	5764.71	5761.25	5764.71	
5768.17	5761.25	5768.17	5761.25	5768.17	
5757.79	5761.25	5757.79	5761.25	5757.79	
5754.33	5754.33	5754.33	5754.33	5754.33	
5757.79	5750.87	5757.79	5750.87	5757.79	
5764.71	5754.33	5764.71	5754.33	5764.71	
5757.79	5757.79	5757.79	5757.79	5757.79	
5771.63	5768.17	5771.63	5768.17	5771.63	
5757.79	5754.33	5757.79	5754.33	5757.79	
5754.33	5757.79	5754.33	5757.79	5754.33	
5757.79	5750.87	5757.79	5750.87	5757.79	
5754.33	5750.87	5754.33	5750.87	5754.33	
5747.4	5768.17	5747.4	5768.17	5747.4	
5775.09	5761.25	5775.09	5761.25	5775.09	
5768.17	5754.33	5768.17	5754.33	5768.17	
5754.33	5764.71	5754.33	5764.71	5754.33	
5747.4	5764.71	5747.4	5764.71	5747.4	
5757.79	5761.25	5757.79	5761.25	5757.79	
5754.33	5757.79	5754.33	5757.79	5754.33	
5747.4	5761.25	5747.4	5761.25	5747.4	
5754.33	5747.4	5754.33	5747.4	5754.33	
5764.71	5761.25	5764.71	5761.25	5764.71	
5764.71	5750.87	5764.71	5750.87	5764.71	
5771.63	5764.71	5771.63	5764.71	5771.63	
5761.25	5757.79	5761.25	5757.79	5761.25	
5757.79	5754.33	5757.79	5754.33	5757.79	
5757.79	5761.25	5757.79	5761.25	5757.79	
5775.09	5768.17	5775.09	5768.17	5775.09	
5757.79	5757.79	5757.79	5757.79	5757.79	
5754.33	5757.79	5754.33	5757.79	5754.33	
5743.94	5754.33	5743.94	5754.33	5743.94	
5768.17	5750.87	5768.17	5750.87	5768.17	
5764.71	5775.09	5764.71	5775.09	5764.71	
5764.71	5757.79	5764.71	5757.79	5764.71	
5747.4	5761.25	5747.4	5761.25	5747.4	
5754.33	5750.87	5754.33	5750.87	5754.33	
5761.25	5764.71	5761.25	5764.71	5761.25	
5764.71	5743.94	5764.71	5743.94	5764.71	
5761.25	5754.33	5761.25	5754.33	5761.25	
5750.87	5757.79	5750.87	5757.79	5750.87	
5761.25	5754.33	5761.25	5754.33	5761.25	
5757.79	5764.71	5757.79	5764.71	5757.79	
5757.79	5757.79	5757.79	5757.79	5757.79	
5747.4	5764.71	5747.4	5764.71	5747.4	
5750.87	5750.87	5750.87	5750.87	5750.87	
5754.33	5764.71	5754.33	5764.71	5754.33	
5771.63	5768.17	5771.63	5768.17	5771.63	
5754.33	5764.71	5754.33	5764.71	5754.33	
5757.79	5761.25	5757.79	5761.25	5757.79	
5768.17	5754.33	5768.17	5754.33	5768.17	
5754.33	5761.25	5754.33	5761.25	5754.33	
5761.25	5743.94	5761.25	5743.94	5761.25	
5754.33	5771.63	5754.33	5771.63	5754.33	
5750.87	5743.94	5750.87	5743.94	5750.87	
5764.71	5764.71	5764.71	5764.71	5764.71	
5757.79	5761.25	5757.79	5761.25	5757.79	
5750.87	5747.4	5750.87	5747.4	5750.87	
5737.02	5768.17	5737.02	5768.17	5737.02	
5771.63	5754.33	5771.63	5754.33	5771.63	
5757.79	5764.71	5757.79	5764.71	5757.79	
5775.09	5754.33	5775.09	5754.33	5775.09	
5750.87	5757.79	5750.87	5757.79	5750.87	
5768.17	5761.25	5768.17	5761.25	5768.17	
5768.17	5750.87	5768.17	5750.87	5768.17	
5771.63	5775.09	5771.63	5775.09	5771.63	
5757.79	5764.71	5757.79	5764.71	5757.79	
5747.4	5771.63	5747.4	5771.63	5747.4	
5750.87	5764.71	5750.87	5764.71	5750.87	
5768.17	5750.87	5768.17	5750.87	5768.17	
5750.87	5757.79	5750.87	5757.79	5750.87	
5757.79	5747.4	5757.79	5747.4	5757.79	
5768.17	5754.33	5768.17	5754.33	5768.17	
5757.79	5768.17	5757.79	5768.17	5757.79	
5771.63	5761.25	5771.63	5761.25	5771.63	
5768.17	5764.71	5768.17	5764.71	5768.17	
5761.25	5764.71	5761.25	5764.71	5761.25	
5747.4	5761.25	5747.4	5761.25	5747.4	
5743.94	5757.79	5743.94	5757.79	5743.94	
5757.79	5757.79	5757.79	5757.79	5757.79	
5761.25	5768.17	5761.25	5768.17	5761.25	
5764.71	5750.87	5764.71	5750.87	5764.71	
5757.79	5757.79	5757.79	5757.79	5757.79	
5771.63	5757.79	5771.63	5757.79	5771.63	
5757.79	5768.17	5757.79	5768.17	5757.79	
5750.87	5754.33	5750.87	5754.33	5750.87	
5757.79	5775.09	5757.79	5775.09	5757.79	
5768.17	5757.79	5768.17	5757.79	5768.17	
5761.25	5761.25	5761.25	5761.25	5761.25	
5750.87	5754.33	5750.87	5754.33	5750.87	
5750.87	5743.94	5750.87	5743.94	5750.87	
5757.79	5771.63	5757.79	5771.63	5757.79	
5750.87	5761.25	5750.87	5761.25	5750.87	
5754.33	5757.79	5754.33	5757.79	5754.33	
5757.79	5778.55	5757.79	5778.55	5757.79	
5761.25	5764.71	5761.25	5764.71	5761.25	
5747.4	5761.25	5747.4	5761.25	5747.4	
5750.87	5757.79	5750.87	5757.79	5750.87	
5768.17	5750.87	5768.17	5750.87	5768.17	
5750.87	5768.17	5750.87	5768.17	5750.87	
5747.4	5757.79	5747.4	5757.79	5747.4	
5754.33	5750.87	5754.33	5750.87	5754.33	
5757.79	5764.71	5757.79	5764.71	5757.79	
5761.25	5771.63	5761.25	5771.63	5761.25	
5757.79	5754.33	5757.79	5754.33	5757.79	
5761.25	5750.87	5761.25	5750.87	5761.25	
5754.33	5778.55	5754.33	5778.55	5754.33	
5768.17	5754.33	5768.17	5754.33	5768.17	
5757.79	5764.71	5757.79	5764.71	5757.79	
5775.09	5757.79	5775.09	5757.79	5775.09	
5771.63	5761.25	5771.63	5761.25	5771.63	
5754.33	5754.33	5754.33	5754.33	5754.33	
5761.25	5761.25	5761.25	5761.25	5761.25	
5764.71	5764.71	5764.71	5764.71	5764.71	
5775.09	5761.25	5775.09	5761.25	5775.09	
5764.71	5754.33	5764.71	5754.33	5764.71	
5768.17	5754.33	5768.17	5754.33	5768.17	
5768.17	5761.25	5768.17	5761.25	5768.17	
5754.33	5771.63	5754.33	5771.63	5754.33	
5754.33	5775.09	5754.33	5775.09	5754.33	
5754.33	5771.63	5754.33	5771.63	5754.33	
5771.63	5761.25	5771.63	5761.25	5771.63	
5761.25	5761.25	5761.25	5761.25	5761.25	
5764.71	5757.79	5764.71	5757.79	5764.71	
5750.87	5747.4	5750.87	5747.4	5750.87	
5757.79	5754.33	5757.79	5754.33	5757.79	
5750.87	5754.33	5750.87	5754.33	5750.87	
5747.4	5750.87	5747.4	5750.87	5747.4	
5768.17	5747.4	5768.17	5747.4	5768.17	
5750.87	5761.25	5750.87	5761.25	5750.87	
5740.48	5764.71	5740.48	5764.71	5740.48	
5747.4	5757.79	5747.4	5757.79	5747.4	
5768.17	5761.25	5768.17	5761.25	5768.17	
5750.87	5761.25	5750.87	5761.25	5750.87	
5750.87	5747.4	5750.87	5747.4	5750.87	
5750.87	5757.79	5750.87	5757.79	5750.87	
5761.25	5743.94	5761.25	5743.94	5761.25	
5743.94	5754.33	5743.94	5754.33	5743.94	
5761.25	5771.63	5761.25	5771.63	5761.25	
5754.33	5754.33	5754.33	5754.33	5754.33	
5778.55	5778.55	5778.55	5778.55	5778.55	
5768.17	5761.25	5768.17	5761.25	5768.17	
5757.79	5737.02	5757.79	5737.02	5757.79	
5761.25	5757.79	5761.25	5757.79	5761.25	
5754.33	5757.79	5754.33	5757.79	5754.33	
5761.25	5761.25	5761.25	5761.25	5761.25	
5761.25	5761.25	5761.25	5761.25	5761.25	
5761.25	5757.79	5761.25	5757.79	5761.25	
5771.63	5768.17	5771.63	5768.17	5771.63	
5768.17	5754.33	5768.17	5754.33	5768.17	
5754.33	5768.17	5754.33	5768.17	5754.33	
5757.79	5750.87	5757.79	5750.87	5757.79	
5754.33	5764.71	5754.33	5764.71	5754.33	
5764.71	5768.17	5764.71	5768.17	5764.71	
5764.71	5768.17	5764.71	5768.17	5764.71	
5740.48	5768.17	5740.48	5768.17	5740.48	
5743.94	5750.87	5743.94	5750.87	5743.94	
5747.4	5764.71	5747.4	5764.71	5747.4	
5754.33	5768.17	5754.33	5768.17	5754.33	
5750.87	5743.94	5750.87	5743.94	5750.87	
5754.33	5757.79	5754.33	5757.79	5754.33	
5757.79	5743.94	5757.79	5743.94	5757.79	
5761.25	5743.94	5761.25	5743.94	5761.25	
5743.94	5768.17	5743.94	5768.17	5743.94	
5768.17	5750.87	5768.17	5750.87	5768.17	
5757.79	5754.33	5757.79	5754.33	5757.79	
5747.4	5771.63	5747.4	5771.63	5747.4	
5754.33	5761.25	5754.33	5761.25	5754.33	
5757.79	5768.17	5757.79	5768.17	5757.79	
5764.71	5761.25	5764.71	5761.25	5764.71	
5743.94	5761.25	5743.94	5761.25	5743.94	
5768.17	5757.79	5768.17	5757.79	5768.17	
5747.4	5750.87	5747.4	5750.87	5747.4	
5771.63	5750.87	5771.63	5750.87	5771.63	
5750.87	5740.48	5750.87	5740.48	5750.87	
5775.09	5750.87	5775.09	5750.87	5775.09	
5757.79	5747.4	5757.79	5747.4	5757.79	
5750.87	5750.87	5750.87	5750.87	5750.87	
5761.25	5750.87	5761.25	5750.87	5761.25	
5761.25	5761.25	5761.25	5761.25	5761.25	
5757.79	5761.25	5757.79	5761.25	5757.79	
5757.79	5754.33	5757.79	5754.33	5757.79	
5761.25	5764.71	5761.25	5764.71	5761.25	
5768.17	5757.79	5768.17	5757.79	5768.17	
5747.4	5757.79	5747.4	5757.79	5747.4	
5747.4	5764.71	5747.4	5764.71	5747.4	
5754.33	5757.79	5754.33	5757.79	5754.33	
5757.79	5771.63	5757.79	5771.63	5757.79	
5771.63	5750.87	5771.63	5750.87	5771.63	
5775.09	5761.25	5775.09	5761.25	5775.09	
5761.25	5757.79	5761.25	5757.79	5761.25	
5754.33	5757.79	5754.33	5757.79	5754.33	
5768.17	5768.17	5768.17	5768.17	5768.17	
5754.33	5754.33	5754.33	5754.33	5754.33	
5768.17	5761.25	5768.17	5761.25	5768.17	
5754.33	5768.17	5754.33	5768.17	5754.33	
5750.87	5761.25	5750.87	5761.25	5750.87	
5757.79	5768.17	5757.79	5768.17	5757.79	
5750.87	5764.71	5750.87	5764.71	5750.87	
5771.63	5750.87	5771.63	5750.87	5771.63	
5750.87	5764.71	5750.87	5764.71	5750.87	
5754.33	5747.4	5754.33	5747.4	5754.33	
5768.17	5754.33	5768.17	5754.33	5768.17	
5754.33	5743.94	5754.33	5743.94	5754.33	
5757.79	5747.4	5757.79	5747.4	5757.79	
5757.79	5743.94	5757.79	5743.94	5757.79	
5764.71	5761.25	5764.71	5761.25	5764.71	
5754.33	5757.79	5754.33	5757.79	5754.33	
5761.25	5754.33	5761.25	5754.33	5761.25	
5750.87	5761.25	5750.87	5761.25	5750.87	
5771.63	5771.63	5771.63	5771.63	5771.63	
5747.4	5761.25	5747.4	5761.25	5747.4	
5757.79	5757.79	5757.79	5757.79	5757.79	
5757.79	5750.87	5757.79	5750.87	5757.79	
5750.87	5750.87	5750.87	5750.87	5750.87	
5754.33	5750.87	5754.33	5750.87	5754.33	
5754.33	5757.79	5754.33	5757.79	5754.33	
5750.87	5764.71	5750.87	5764.71	5750.87	
5754.33	5771.63	5754.33	5771.63	5754.33	
5754.33	5764.71	5754.33	5764.71	5754.33	
5768.17	5771.63	5768.17	5771.63	5768.17	
5768.17	5761.25	5768.17	5761.25	5768.17	
5743.94	5743.94	5743.94	5743.94	5743.94	
5757.79	5757.79	5757.79	5757.79	5757.79	
5761.25	5757.79	5761.25	5757.79	5761.25	
5747.4	5757.79	5747.4	5757.79	5747.4	
5764.71	5757.79	5764.71	5757.79	5764.71	
5768.17	5754.33	5768.17	5754.33	5768.17	
5768.17	5743.94	5768.17	5743.94	5768.17	
5768.17	5750.87	5768.17	5750.87	5768.17	
5761.25	5768.17	5761.25	5768.17	5761.25	
5757.79	5771.63	5757.79	5771.63	5757.79	
5754.33	5750.87	5754.33	5750.87	5754.33	
5737.02	5754.33	5737.02	5754.33	5737.02	
5761.25	5750.87	5761.25	5750.87	5761.25	
5747.4	5768.17	5747.4	5768.17	5747.4	
5768.17	5754.33	5768.17	5754.33	5768.17	
5761.25	5771.63	5761.25	5771.63	5761.25	
5778.55	5768.17	5778.55	5768.17	5778.55	
5761.25	5764.71	5761.25	5764.71	5761.25	
5764.71	5768.17	5764.71	5768.17	5764.71	
5761.25	5750.87	5761.25	5750.87	5761.25	
5757.79	5761.25	5757.79	5761.25	5757.79	
5771.63	5764.71	5771.63	5764.71	5771.63	
5761.25	5754.33	5761.25	5754.33	5761.25	
5754.33	5778.55	5754.33	5778.55	5754.33	
5757.79	5750.87	5757.79	5750.87	5757.79	
5757.79	5754.33	5757.79	5754.33	5757.79	
5740.48	5757.79	5740.48	5757.79	5740.48	
5775.09	5750.87	5775.09	5750.87	5775.09	
5764.71	5743.94	5764.71	5743.94	5764.71	
5761.25	5761.25	5761.25	5761.25	5761.25	
5761.25	5764.71	5761.25	5764.71	5761.25	
5764.71	5764.71	5764.71	5764.71	5764.71	
5747.4	5754.33	5747.4	5754.33	5747.4	
5757.79	5761.25	5757.79	5761.25	5757.79	
5754.33	5768.17	5754.33	5768.17	5754.33	
5754.33	5754.33	5754.33	5754.33	5754.33	
5764.71	5757.79	5764.71	5757.79	5764.71	
5761.25	5757.79	5761.25	5757.79	5761.25	
5761.25	5764.71	5761.25	5764.71	5761.25	
5764.71	5782.01	5764.71	5782.01	5764.71	
5754.33	5764.71	5754.33	5764.71	5754.33	
5754.33	5764.71	5754.33	5764.71	5754.33	
5761.25	5747.4	5761.25	5747.4	5761.25	
5750.87	5740.48	5750.87	5740.48	5750.87	
5747.4	5761.25	5747.4	5761.25	5747.4	
5740.48	5754.33	5740.48	5754.33	5740.48	
5747.4	5754.33	5747.4	5754.33	5747.4	
5764.71	5761.25	5764.71	5761.25	5764.71	
5754.33	5740.48	5754.33	5740.48	5754.33	
5754.33	5757.79	5754.33	5757.79	5754.33	
5764.71	5771.63	5764.71	5771.63	5764.71	
5757.79	5740.48	5757.79	5740.48	5757.79	
5754.33	5754.33	5754.33	5754.33	5754.33	
5764.71	5750.87	5764.71	5750.87	5764.71	
5757.79	5771.63	5757.79	5771.63	5757.79	
5761.25	5743.94	5761.25	5743.94	5761.25	
5764.71	5761.25	5764.71	5761.25	5764.71	
5771.63	5764.71	5771.63	5764.71	5771.63	
5750.87	5757.79	5750.87	5757.79	5750.87	
5750.87	5747.4	5750.87	5747.4	5750.87	
5782.01	5764.71	5782.01	5764.71	5782.01	
5754.33	5757.79	5754.33	5757.79	5754.33	
5750.87	5754.33	5750.87	5754.33	5750.87	
5743.94	5768.17	5743.94	5768.17	5743.94	
5761.25	5757.79	5761.25	5757.79	5761.25	
5750.87	5754.33	5750.87	5754.33	5750.87	
5754.33	5764.71	5754.33	5764.71	5754.33	
5768.17	5757.79	5768.17	5757.79	5768.17	
5754.33	5754.33	5754.33	5754.33	5754.33	
5761.25	5768.17	5761.25	5768.17	5761.25	
5754.33	5768.17	5754.33	5768.17	5754.33	
5754.33	5754.33	5754.33	5754.33	5754.33	
5761.25	5761.25	5761.25	5761.25	5761.25	
5761.25	5743.94	5761.25	5743.94	5761.25	
5754.33	5771.63	5754.33	5771.63	5754.33	
5754.33	5764.71	5754.33	5764.71	5754.33	
5757.79	5761.25	5757.79	5761.25	5757.79	
5750.87	5775.09	5750.87	5775.09	5750.87	
5754.33	5750.87	5754.33	5750.87	5754.33	
5743.94	5757.79	5743.94	5757.79	5743.94	
5775.09	5757.79	5775.09	5757.79	5775.09	
5743.94	5754.33	5743.94	5754.33	5743.94	
5775.09	5771.63	5775.09	5771.63	5775.09	
5747.4	5754.33	5747.4	5754.33	5747.4	
5757.79	5764.71	5757.79	5764.71	5757.79	
5761.25	5761.25	5761.25	5761.25	5761.25	
5757.79	5761.25	5757.79	5761.25	5757.79	
5761.25	5743.94	5761.25	5743.94	5761.25	
5764.71	5761.25	5764.71	5761.25	5764.71	
5747.4	5757.79	5747.4	5757.79	5747.4	
5733.56	5757.79	5733.56	5757.79	5733.56	
5757.79	5761.25	5757.79	5761.25	5757.79	
5750.87	5750.87	5750.87	5750.87	5750.87	
5754.33	5768.17	5754.33	5768.17	5754.33	
5750.87	5771.63	5750.87	5771.63	5750.87	
5754.33	5761.25	5754.33	5761.25	5754.33	
5754.33	5778.55	5754.33	5778.55	5754.33	
5754.33	5768.17	5754.33	5768.17	5754.33	
5761.25	5764.71	5761.25	5764.71	5761.25	
5757.79	5761.25	5757.79	5761.25	5757.79	
5768.17	5747.4	5768.17	5747.4	5768.17	
5757.79	5750.87	5757.79	5750.87	5757.79	
5764.71	5747.4	5764.71	5747.4	5764.71	
5757.79	5761.25	5757.79	5761.25	5757.79	
5761.25	5757.79	5761.25	5757.79	5761.25	
5754.33	5754.33	5754.33	5754.33	5754.33	
5761.25	5754.33	5761.25	5754.33	5761.25	
5750.87	5750.87	5750.87	5750.87	5750.87	
5757.79	5747.4	5757.79	5747.4	5757.79	
5757.79	5750.87	5757.79	5750.87	5757.79	
5754.33	5761.25	5754.33	5761.25	5754.33	
5761.25	5754.33	5761.25	5754.33	5761.25	
5754.33	5764.71	5754.33	5764.71	5754.33	
5750.87	5764.71	5750.87	5764.71	5750.87	
5761.25	5775.09	5761.25	5775.09	5761.25	
5750.87	5754.33	5750.87	5754.33	5750.87	
5754.33	5768.17	5754.33	5768.17	5754.33	
5771.63	5754.33	5771.63	5754.33	5771.63	
5761.25	5757.79	5761.25	5757.79	5761.25	
5747.4	5750.87	5747.4	5750.87	5747.4	
5757.79	5764.71	5757.79	5764.71	5757.79	
5757.79	5754.33	5757.79	5754.33	5757.79	
5754.33	5764.71	5754.33	5764.71	5754.33	
5754.33	5757.79	5754.33	5757.79	5754.33	
5764.71	5764.71	5764.71	5764.71	5764.71	
5757.79	5754.33	5757.79	5754.33	5757.79	
5747.4	5764.71	5747.4	5764.71	5747.4	
5764.71	5743.94	5764.71	5743.94	5764.71	
5747.4	5768.17	5747.4	5768.17	5747.4	
5750.87	5747.4	5750.87	5747.4	5750.87	
5754.33	5757.79	5754.33	5757.79	5754.33	
5754.33	5747.4	5754.33	5747.4	5754.33	
5757.79	5761.25	5757.79	5761.25	5757.79	
5754.33	5764.71	5754.33	5764.71	5754.33	
5757.79	5761.25	5757.79	5761.25	5757.79	
5750.87	5740.48	5750.87	5740.48	5750.87	
5750.87	5761.25	5750.87	5761.25	5750.87	
5764.71	5754.33	5764.71	5754.33	5764.71	
5757.79	5757.79	5757.79	5757.79	5757.79	
5743.94	5761.25	5743.94	5761.25	5743.94	
5750.87	5747.4	5750.87	5747.4	5750.87	
5754.33	5743.94	5754.33	5743.94	5754.33	
5764.71	5747.4	5764.71	5747.4	5764.71	
5757.79	5754.33	5757.79	5754.33	5757.79	
5757.79	5764.71	5757.79	5764.71	5757.79	
5761.25	5764.71	5761.25	5764.71	5761.25	
5757.79	5768.17	5757.79	5768.17	5757.79	
5750.87	5743.94	5750.87	5743.94	5750.87	
5761.25	5750.87	5761.25	5750.87	5761.25	
5754.33	5768.17	5754.33	5768.17	5754.33	
5743.94	5764.71	5743.94	5764.71	5743.94	
5761.25	5733.56	5761.25	5733.56	5761.25	
5754.33	5757.79	5754.33	5757.79	5754.33	
5740.48	5761.25	5740.48	5761.25	5740.48	
5771.63	5761.25	5771.63	5761.25	5771.63	
5757.79	5761.25	5757.79	5761.25	5757.79	
5754.33	5750.87	5754.33	5750.87	5754.33	
5754.33	5771.63	5754.33	5771.63	5754.33	
5757.79	5750.87	5757.79	5750.87	5757.79	
5750.87	5771.63	5750.87	5771.63	5750.87	
5757.79	5747.4	5757.79	5747.4	5757.79	
5757.79	5747.4	5757.79	5747.4	5757.79	
5768.17	5754.33	5768.17	5754.33	5768.17	
5778.55	5788.93	5778.55	5788.93	5778.55	
5761.25	5750.87	5761.25	5750.87	5761.25	
5764.71	5764.71	5764.71	5764.71	5764.71	
5757.79	5764.71	5757.79	5764.71	5757.79	
5740.48	5775.09	5740.48	5775.09	5740.48	
5754.33	5747.4	5754.33	5747.4	5754.33	
5743.94	5740.48	5743.94	5740.48	5743.94	
5747.4	5764.71	5747.4	5764.71	5747.4	
5757.79	5743.94	5757.79	5743.94	5757.79	
5768.17	5757.79	5768.17	5757.79	5768.17	
5747.4	5750.87	5747.4	5750.87	5747.4	
5764.71	5761.25	5764.71	5761.25	5764.71	
5764.71	5754.33	5764.71	5754.33	5764.71	
5750.87	5747.4	5750.87	5747.4	5750.87	
5754.33	5768.17	5754.33	5768.17	5754.33	
5754.33	5757.79	5754.33	5757.79	5754.33	
5747.4	5750.87	5747.4	5750.87	5747.4	
5750.87	5761.25	5750.87	5761.25	5750.87	
5754.33	5757.79	5754.33	5757.79	5754.33	
5768.17	5764.71	5768.17	5764.71	5768.17	
5754.33	5757.79	5754.33	5757.79	5754.33	
5754.33	5754.33	5754.33	5754.33	5754.33	
5768.17	5743.94	5768.17	5743.94	5768.17	
5768.17	5768.17	5768.17	5768.17	5768.17	
5754.33	5757.79	5754.33	5757.79	5754.33	
5754.33	5757.79	5754.33	5757.79	5754.33	
5757.79	5740.48	5757.79	5740.48	5757.79	
5761.25	5775.09	5761.25	5775.09	5761.25	
5754.33	5768.17	5754.33	5768.17	5754.33	
5743.94	5747.4	5743.94	5747.4	5743.94	
5757.79	5747.4	5757.79	5747.4	5757.79	
5750.87	5761.25	5750.87	5761.25	5750.87	
5764.71	5757.79	5764.71	5757.79	5764.71	
5754.33	5754.33	5754.33	5754.33	5754.33	
5750.87	5771.63	5750.87	5771.63	5750.87	
5761.25	5768.17	5761.25	5768.17	5761.25	
5761.25	5761.25	5761.25	5761.25	5761.25	
5761.25	5747.4	5761.25	5747.4	5761.25	
5754.33	5750.87	5754.33	5750.87	5754.33	
5747.4	5750.87	5747.4	5750.87	5747.4	
5757.79	5740.48	5757.79	5740.48	5757.79	
5750.87	5761.25	5750.87	5761.25	5750.87	
5761.25	5743.94	5761.25	5743.94	5761.25	
5757.79	5754.33	5757.79	5754.33	5757.79	
5768.17	5750.87	5768.17	5750.87	5768.17	
5757.79	5757.79	5757.79	5757.79	5757.79	
5750.87	5761.25	5750.87	5761.25	5750.87	
5761.25	5754.33	5761.25	5754.33	5761.25	
5747.4	5740.48	5747.4	5740.48	5747.4	
5799.31	5826.99	5799.31	5826.99	5799.31	
5757.79	5761.25	5757.79	5761.25	5757.79	
5764.71	5754.33	5764.71	5754.33	5764.71	
5750.87	5768.17	5750.87	5768.17	5750.87	
5754.33	5757.79	5754.33	5757.79	5754.33	
5754.33	5747.4	5754.33	5747.4	5754.33	
5768.17	5747.4	5768.17	5747.4	5768.17	
5757.79	5757.79	5757.79	5757.79	5757.79	
5757.79	5757.79	5757.79	5757.79	5757.79	
5747.4	5754.33	5747.4	5754.33	5747.4	
5757.79	5754.33	5757.79	5754.33	5757.79	
5754.33	5750.87	5754.33	5750.87	5754.33	
5757.79	5743.94	5757.79	5743.94	5757.79	
5740.48	5747.4	5740.48	5747.4	5740.48	
5754.33	5754.33	5754.33	5754.33	5754.33	
5761.25	5754.33	5761.25	5754.33	5761.25	
5754.33	5743.94	5754.33	5743.94	5754.33	
5757.79	5747.4	5757.79	5747.4	5757.79	
5747.4	5768.17	5747.4	5768.17	5747.4	
5747.4	5754.33	5747.4	5754.33	5747.4	
5750.87	5764.71	5750.87	5764.71	5750.87	
5757.79	5754.33	5757.79	5754.33	5757.79	
5743.94	5750.87	5743.94	5750.87	5743.94	
5754.33	5754.33	5754.33	5754.33	5754.33	
5768.17	5754.33	5768.17	5754.33	5768.17	
5768.17	5747.4	5768.17	5747.4	5768.17	
5754.33	5761.25	5754.33	5761.25	5754.33	
5750.87	5768.17	5750.87	5768.17	5750.87	
5754.33	5747.4	5754.33	5747.4	5754.33	
5761.25	5750.87	5761.25	5750.87	5761.25	
5757.79	5750.87	5757.79	5750.87	5757.79	
5750.87	5761.25	5750.87	5761.25	5750.87	
5761.25	5757.79	5761.25	5757.79	5761.25	
5747.4	5747.4	5747.4	5747.4	5747.4	
5737.02	5750.87	5737.02	5750.87	5737.02	
5754.33	5757.79	5754.33	5757.79	5754.33	
5754.33	5757.79	5754.33	5757.79	5754.33	
5764.71	5761.25	5764.71	5761.25	5764.71	
5768.17	5750.87	5768.17	5750.87	5768.17	
5761.25	5750.87	5761.25	5750.87	5761.25	
5764.71	5757.79	5764.71	5757.79	5764.71	
5761.25	5750.87	5761.25	5750.87	5761.25	
5750.87	5743.94	5750.87	5743.94	5750.87	
5754.33	5761.25	5754.33	5761.25	5754.33	
5768.17	5750.87	5768.17	5750.87	5768.17	
5754.33	5747.4	5754.33	5747.4	5754.33	
5761.25	5747.4	5761.25	5747.4	5761.25	
5757.79	5768.17	5757.79	5768.17	5757.79	
5754.33	5771.63	5754.33	5771.63	5754.33	
5747.4	5754.33	5747.4	5754.33	5747.4	
5757.79	5747.4	5757.79	5747.4	5757.79	
5750.87	5747.4	5750.87	5747.4	5750.87	
5750.87	5747.4	5750.87	5747.4	5750.87	
5740.48	5747.4	5740.48	5747.4	5740.48	
5761.25	5747.4	5761.25	5747.4	5761.25	
5761.25	5761.25	5761.25	5761.25	5761.25	
5747.4	5757.79	5747.4	5757.79	5747.4	
5757.79	5747.4	5757.79	5747.4	5757.79	
5754.33	5747.4	5754.33	5747.4	5754.33	
5754.33	5764.71	5754.33	5764.71	5754.33	
5754.33	5743.94	5754.33	5743.94	5754.33	
5761.25	5757.79	5761.25	5757.79	5761.25	
5757.79	5750.87	5757.79	5750.87	5757.79	
5761.25	5747.4	5761.25	5747.4	5761.25	
5761.25	5747.4	5761.25	5747.4	5761.25	
5754.33	5764.71	5754.33	5764.71	5754.33	
5761.25	5761.25	5761.25	5761.25	5761.25	
5747.4	5761.25	5747.4	5761.25	5747.4	
5747.4	5768.17	5747.4	5768.17	5747.4	
5757.79	5757.79	5757.79	5757.79	5757.79	
5747.4	5757.79	5747.4	5757.79	5747.4	
5747.4	5761.25	5747.4	5761.25	5747.4	
5771.63	5754.33	5771.63	5754.33	5771.63	
5750.87	5775.09	5750.87	5775.09	5750.87	
5750.87	5750.87	5750.87	5750.87	5750.87	
5747.4	5743.94	5747.4	5743.94	5747.4	
5757.79	5754.33	5757.79	5754.33	5757.79	
5754.33	5754.33	5754.33	5754.33	5754.33	
5757.79	5754.33	5757.79	5754.33	5757.79	
5761.25	5737.02	5761.25	5737.02	5761.25	
5757.79	5761.25	5757.79	5761.25	5757.79	
5761.25	5761.25	5761.25	5761.25	5761.25	
5757.79	5754.33	5757.79	5754.33	5757.79	
5761.25	5764.71	5761.25	5764.71	5761.25	
5764.71	5768.17	5764.71	5768.17	5764.71	
5757.79	5761.25	5757.79	5761.25	5757.79	
5740.48	5764.71	5740.48	5764.71	5740.48	
5754.33	5761.25	5754.33	5761.25	5754.33	
5750.87	5747.4	5750.87	5747.4	5750.87	
5768.17	5775.09	5768.17	5775.09	5768.17	
5747.4	5761.25	5747.4	5761.25	5747.4	
5750.87	5771.63	5750.87	5771.63	5750.87	
5768.17	5754.33	5768.17	5754.33	5768.17	
5747.4	5750.87	5747.4	5750.87	5747.4	
5768.17	5754.33	5768.17	5754.33	5768.17	
5747.4	5747.4	5747.4	5747.4	5747.4	
5761.25	5761.25	5761.25	5761.25	5761.25	
5764.71	5750.87	5764.71	5750.87	5764.71	
5768.17	5761.25	5768.17	5761.25	5768.17	
5750.87	5757.79	5750.87	5757.79	5750.87	
5764.71	5754.33	5764.71	5754.33	5764.71	
5750.87	5750.87	5750.87	5750.87	5750.87	
5750.87	5754.33	5750.87	5754.33	5750.87	
5754.33	5771.63	5754.33	5771.63	5754.33	
5750.87	5757.79	5750.87	5757.79	5750.87	
5761.25	5761.25	5761.25	5761.25	5761.25	
5740.48	5764.71	5740.48	5764.71	5740.48	
5743.94	5757.79	5743.94	5757.79	5743.94	
5768.17	5757.79	5768.17	5757.79	5768.17	
5743.94	5743.94	5743.94	5743.94	5743.94	
5743.94	5757.79	5743.94	5757.79	5743.94	
5754.33	5757.79	5754.33	5757.79	5754.33	
5761.25	5747.4	5761.25	5747.4	5761.25	
5757.79	5754.33	5757.79	5754.33	5757.79	
5743.94	5747.4	5743.94	5747.4	5743.94	
5761.25	5761.25	5761.25	5761.25	5761.25	
5771.63	5754.33	5771.63	5754.33	5771.63	
5750.87	5764.71	5750.87	5764.71	5750.87	
5761.25	5768.17	5761.25	5768.17	5761.25	
5757.79	5750.87	5757.79	5750.87	5757.79	
5761.25	5764.71	5761.25	5764.71	5761.25	
5757.79	5764.71	5757.79	5764.71	5757.79	
5764.71	5761.25	5764.71	5761.25	5764.71	
5775.09	5771.63	5775.09	5771.63	5775.09	
5754.33	5757.79	5754.33	5757.79	5754.33	
5761.25	5754.33	5761.25	5754.33	5761.25	
5740.48	5761.25	5740.48	5761.25	5740.48	
5750.87	5740.48	5750.87	5740.48	5750.87	
5754.33	5750.87	5754.33	5750.87	5754.33	
5754.33	5757.79	5754.33	5757.79	5754.33	
5743.94	5757.79	5743.94	5757.79	5743.94	
5764.71	5761.25	5764.71	5761.25	5764.71	
5747.4	5771.63	5747.4	5771.63	5747.4	
5761.25	5764.71	5761.25	5764.71	5761.25	
5761.25	5737.02	5761.25	5737.02	5761.25	
5757.79	5747.4	5757.79	5747.4	5757.79	
5761.25	5761.25	5761.25	5761.25	5761.25	
5761.25	5750.87	5761.25	5750.87	5761.25	
5757.79	5757.79	5757.79	5757.79	5757.79	
5768.17	5764.71	5768.17	5764.71	5768.17	
5743.94	5768.17	5743.94	5768.17	5743.94	
5750.87	5757.79	5750.87	5757.79	5750.87	
5761.25	5761.25	5761.25	5761.25	5761.25	
5754.33	5757.79	5754.33	5757.79	5754.33	
5750.87	5757.79	5750.87	5757.79	5750.87	
5761.25	5757.79	5761.25	5757.79	5761.25	
5750.87	5743.94	5750.87	5743.94	5750.87	
5754.33	5747.4	5754.33	5747.4	5754.33	
5771.63	5757.79	5771.63	5757.79	5771.63	
5750.87	5754.33	5750.87	5754.33	5750.87	
5754.33	5771.63	5754.33	5771.63	5754.33	
5757.79	5761.25	5757.79	5761.25	5757.79	
5747.4	5764.71	5747.4	5764.71	5747.4	
5754.33	5757.79	5754.33	5757.79	5754.33	
5750.87	5761.25	5750.87	5761.25	5750.87	
5750.87	5768.17	5750.87	5768.17	5750.87	
5764.71	5754.33	5764.71	5754.33	5764.71	
5764.71	5761.25	5764.71	5761.25	5764.71	
5757.79	5764.71	5757.79	5764.71	5757.79	
5750.87	5747.4	5750.87	5747.4	5750.87	
5768.17	5764.71	5768.17	5764.71	5768.17	
5761.25	5747.4	5761.25	5747.4	5761.25	
5764.71	5750.87	5764.71	5750.87	5764.71	
5757.79	5754.33	5757.79	5754.33	5757.79	
5768.17	5764.71	5768.17	5764.71	5768.17	
5761.25	5754.33	5761.25	5754.33	5761.25	
5764.71	5747.4	5764.71	5747.4	5764.71	
5771.63	5761.25	5771.63	5761.25	5771.63	
5754.33	5757.79	5754.33	5757.79	5754.33	
5757.79	5754.33	5757.79	5754.33	5757.79	
5750.87	5768.17	5750.87	5768.17	5750.87	
5750.87	5754.33	5750.87	5754.33	5750.87	
5750.87	5761.25	5750.87	5761.25	5750.87	
5750.87	5754.33	5750.87	5754.33	5750.87	
5750.87	5761.25	5750.87	5761.25	5750.87	
5757.79	5761.25	5757.79	5761.25	5757.79	
5747.4	5754.33	5747.4	5754.33	5747.4	
5750.87	5761.25	5750.87	5761.25	5750.87	
5768.17	5761.25	5768.17	5761.25	5768.17	
5754.33	5754.33	5754.33	5754.33	5754.33	
5764.71	5764.71	5764.71	5764.71	5764.71	
5768.17	5754.33	5768.17	5754.33	5768.17	
5754.33	5747.4	5754.33	5747.4	5754.33	
5743.94	5750.87	5743.94	5750.87	5743.94	
5761.25	5764.71	5761.25	5764.71	5761.25	
5754.33	5750.87	5754.33	5750.87	5754.33	
5750.87	5750.87	5750.87	5750.87	5750.87	
5757.79	5740.48	5757.79	5740.48	5757.79	
5743.94	5747.4	5743.94	5747.4	5743.94	
5750.87	5757.79	5750.87	5757.79	5750.87	
5764.71	5747.4	5764.71	5747.4	5764.71	
5750.87	5757.79	5750.87	5757.79	5750.87	
5754.33	5761.25	5754.33	5761.25	5754.33	
5768.17	5757.79	5768.17	5757.79	5768.17	
5754.33	5750.87	5754.33	5750.87	5754.33	
5754.33	5754.33	5754.33	5754.33	5754.33	
5740.48	5757.79	5740.48	5757.79	5740.48	
5764.71	5761.25	5764.71	5761.25	5764.71	
5757.79	5764.71	5757.79	5764.71	5757.79	
5754.33	5747.4	5754.33	5747.4	5754.33	
5761.25	5747.4	5761.25	5747.4	5761.25	
5747.4	5754.33	5747.4	5754.33	5747.4	
5750.87	5750.87	5750.87	5750.87	5750.87	
5754.33	5743.94	5754.33	5743.94	5754.33	
5743.94	5754.33	5743.94	5754.33	5743.94	
5761.25	5743.94	5761.25	5743.94	5761.25	
5754.33	5757.79	5754.33	5757.79	5754.33	
5761.25	5754.33	5761.25	5754.33	5761.25	
5737.02	5771.63	5737.02	5771.63	5737.02	
5764.71	5757.79	5764.71	5757.79	5764.71	
5747.4	5743.94	5747.4	5743.94	5747.4	
5757.79	5750.87	5757.79	5750.87	5757.79	
5754.33	5757.79	5754.33	5757.79	5754.33	
5743.94	5754.33	5743.94	5754.33	5743.94	
5757.79	5757.79	5757.79	5757.79	5757.79	
5768.17	5768.17	5768.17	5768.17	5768.17	
5757.79	5768.17	5757.79	5768.17	5757.79	
5761.25	5747.4	5761.25	5747.4	5761.25	
5764.71	5757.79	5764.71	5757.79	5764.71	
5768.17	5747.4	5768.17	5747.4	5768.17	
5764.71	5754.33	5764.71	5754.33	5764.71	
5761.25	5761.25	5761.25	5761.25	5761.25	
5764.71	5764.71	5764.71	5764.71	5764.71	
5747.4	5768.17	5747.4	5768.17	5747.4	
5761.25	5757.79	5761.25	5757.79	5761.25	
5750.87	5757.79	5750.87	5757.79	5750.87	
5750.87	5754.33	5750.87	5754.33	5750.87	
5733.56	5754.33	5733.56	5754.33	5733.56	
5750.87	5754.33	5750.87	5754.33	5750.87	
5757.79	5750.87	5757.79	5750.87	5757.79	
5764.71	5750.87	5764.71	5750.87	5764.71	
5754.33	5771.63	5754.33	5771.63	5754.33	
5754.33	5750.87	5754.33	5750.87	5754.33	
5761.25	5764.71	5761.25	5764.71	5761.25	
5757.79	5754.33	5757.79	5754.33	5757.79	
5754.33	5747.4	5754.33	5747.4	5754.33	
5740.48	5754.33	5740.48	5754.33	5740.48	
5743.94	5757.79	5743.94	5757.79	5743.94	
5750.87	5750.87	5750.87	5750.87	5750.87	
5747.4	5747.4	5747.4	5747.4	5747.4	
5750.87	5747.4	5750.87	5747.4	5750.87	
5771.63	5743.94	5771.63	5743.94	5771.63	
5768.17	5761.25	5768.17	5761.25	5768.17	
5761.25	5757.79	5761.25	5757.79	5761.25	
5771.63	5750.87	5771.63	5750.87	5771.63	
5757.79	5761.25	5757.79	5761.25	5757.79	
5764.71	5761.25	5764.71	5761.25	5764.71	
5754.33	5764.71	5754.33	5764.71	5754.33	
5747.4	5754.33	5747.4	5754.33	5747.4	
5757.79	5747.4	5757.79	5747.4	5757.79	
5750.87	5747.4	5750.87	5747.4	5750.87	
5757.79	5761.25	5757.79	5761.25	5757.79	
5750.87	5747.4	5750.87	5747.4	5750.87	
5754.33	5750.87	5754.33	5750.87	5754.33	
5747.4	5757.79	5747.4	5757.79	5747.4	
5764.71	5757.79	5764.71	5757.79	5764.71	
5764.71	5754.33	5764.71	5754.33	5764.71	
5750.87	5757.79	5750.87	5757.79	5750.87	
5754.33	5754.33	5754.33	5754.33	5754.33	
5761.25	5764.71	5761.25	5764.71	5761.25	
5754.33	5764.71	5754.33	5764.71	5754.33	
5743.94	5754.33	5743.94	5754.33	5743.94	
5775.09	5764.71	5775.09	5764.71	5775.09	
5761.25	5761.25	5761.25	5761.25	5761.25	
5757.79	5761.25	5757.79	5761.25	5757.79	
5754.33	5750.87	5754.33	5750.87	5754.33	
5764.71	5761.25	5764.71	5761.25	5764.71	
5743.94	5761.25	5743.94	5761.25	5743.94	
5768.17	5768.17	5768.17	5768.17	5768.17	
5795.85	5792.39	5795.85	5792.39	5795.85	
5771.63	5754.33	5771.63	5754.33	5771.63	
5750.87	5750.87	5750.87	5750.87	5750.87	
5757.79	5754.33	5757.79	5754.33	5757.79	
5761.25	5754.33	5761.25	5754.33	5761.25	
5771.63	5750.87	5771.63	5750.87	5771.63	
5757.79	5761.25	5757.79	5761.25	5757.79	
5754.33	5757.79	5754.33	5757.79	5754.33	
5757.79	5757.79	5757.79	5757.79	5757.79	
5757.79	5750.87	5757.79	5750.87	5757.79	
5750.87	5761.25	5750.87	5761.25	5750.87	
5743.94	5757.79	5743.94	5757.79	5743.94	
5750.87	5750.87	5750.87	5750.87	5750.87	
5743.94	5761.25	5743.94	5761.25	5743.94	
5743.94	5754.33	5743.94	5754.33	5743.94	
5764.71	5761.25	5764.71	5761.25	5764.71	
5750.87	5747.4	5750.87	5747.4	5750.87	
5757.79	5754.33	5757.79	5754.33	5757.79	
5757.79	5750.87	5757.79	5750.87	5757.79	
5750.87	5743.94	5750.87	5743.94	5750.87	
5750.87	5764.71	5750.87	5764.71	5750.87	
5733.56	5747.4	5733.56	5747.4	5733.56	
5733.56	5747.4	5733.56	5747.4	5733.56	
5737.02	5740.48	5737.02	5740.48	5737.02	
5740.48	5730.1	5740.48	5730.1	5740.48	
