3750	3745.54	3743.3	3736.61	3747.77	
3720.98	3725.45	3703.12	3718.75	3718.75	
3709.82	3707.59	3714.29	3707.59	3716.52	
3705.36	3712.05	3703.12	3712.05	3707.59	
216906	218306	218364	217779	217295	
220152	221388	220989	220605	220545	
219761	220703	220489	219576	220138	
224759	225493	225223	223989	224603	
224804	226641	226018	224933	225203	
226549	226929	226857	226654	227123	
224801	225511	224884	224411	224714	
222929	223482	223112	223062	223598	
229270	230281	230319	229516	229920	
233857	235283	235386	234107	234295	
235377	235906	236103	235821	235900	
235931	236683	236670	236116	235821	
232279	232984	232650	232373	232658	
229004	230098	230478	228964	229949	
234051	234790	235002	234286	234217	
238181	239319	238801	237830	238464	
237355	237833	237344	237364	237708	
231078	231866	232027	231147	231864	
233241	233908	234138	233629	233592	
241917	242147	242299	241576	242417	
243257	244538	244268	243674	243844	
244000	244908	244817	244132	244054	
242100	243487	242429	242083	241960	
235634	236647	236565	235670	235875	
235181	236446	236152	235239	235634	
242781	244252	244007	243364	243438	
241964	242913	242509	241989	242913	
238596	239335	239498	238931	239096	
242342	243176	242692	241701	242589	
244949	245520	245156	244482	245007	
239203	240192	240281	239712	239522	
232913	233922	234397	232991	233875	
242696	243632	242991	243627	243223	
247225	247817	247594	247107	247558	
244382	246473	245721	244710	244864	
241750	242596	242612	242406	242625	
241993	242804	242469	242181	242348	
241819	242980	242288	242641	242739	
239844	240147	239730	239734	239228	
243011	244482	243594	243038	243723	
248473	249996	249554	248375	248612	
246241	246933	246587	246045	246650	
242842	243692	243438	243342	243312	
242281	243658	243357	243018	243250	
250446	251304	251424	250795	250587	
253665	254629	254321	253743	254027	
253645	254353	254900	254243	254438	
248270	249770	249326	248098	248728	
241096	242007	241536	241085	241377	
229062	230027	229806	229261	229306	
229473	230614	229967	229540	229658	
243422	244067	244176	243603	243935	
252112	253520	253643	252228	252558	
258732	259953	259415	258868	259219	
262531	262683	262786	261991	262638	
264458	265234	265076	264665	264580	
266761	267768	267335	266645	266603	
265056	265915	265683	265074	265317	
265270	266246	266636	265616	265614	
265007	266007	265920	265562	265350	
260496	261556	261536	260364	261018	
251094	252047	251402	251618	251250	
245413	246069	245989	245571	245614	
252730	253453	253047	252337	252442	
262699	263391	263337	262462	263183	
267292	267808	268337	267667	267612	
266580	266232	266484	265873	266129	
267469	269011	269132	268201	268161	
266833	268312	267502	267328	267576	
270670	271339	271587	271312	271190	
270138	271308	271199	270413	270487	
265375	266806	266625	265688	265725	
266118	266855	266538	265828	266268	
270806	272136	271828	271446	271056	
273103	274250	274221	273141	273830	
274701	276268	275701	275232	275286	
272998	274219	274413	272797	274065	
268491	269342	269321	268342	268500	
265134	265717	265904	264413	264712	
261638	263040	263074	262335	262667	
263304	264618	264047	263866	263685	
267913	268739	269243	268565	268692	
267444	268074	268078	266661	267444	
260051	261493	260661	260817	261074	
257900	258850	258551	258094	257723	
253931	254844	254520	253770	254458	
247929	248645	249092	247924	248435	
229775	230688	230147	229719	230132	
187554	187982	187346	187353	187696	
171712	172509	172665	171645	172020	
227007	228219	227750	227694	227460	
253462	254259	254281	253917	253723	
258121	258862	258511	258011	258049	
262208	263199	263000	262342	262496	
265183	266500	266170	265330	266067	
265348	266647	266424	266138	265821	
267996	269248	268694	268203	268815	
279299	280286	280449	279371	279152	
280804	282132	282299	281065	281701	
278797	279527	279661	278600	278683	
280112	280397	280694	279692	280458	
280098	281467	281049	280134	280435	
278002	279346	278304	278353	278154	
279408	281176	280107	279638	280304	
284757	285674	285998	285078	285576	
282701	283705	283388	283051	282931	
271004	271739	271614	271065	271132	
274429	275871	275074	274895	274243	
284616	285725	286225	285158	285310	
283415	284210	283931	283317	283705	
286328	287089	286694	285969	286417	
290199	291098	290996	289824	290172	
289246	290339	290462	289071	289600	
287487	288797	288125	287502	288156	
288788	289969	288980	288375	288955	
286373	287027	286594	286051	287167	
285596	287040	286723	285739	286663	
291096	292978	293002	291656	292150	
292252	293625	293234	292900	292241	
294069	295002	294772	294078	294219	
294614	296051	295580	294484	294757	
294967	296134	295395	294964	295297	
295886	297366	296938	295627	296310	
296902	297761	297364	296250	297125	
295998	297194	297067	296462	296672	
294902	296112	296339	295033	295645	
295446	296839	295453	295299	295750	
295638	296763	296696	296484	296277	
295730	296750	297002	295893	296317	
291754	292884	292359	292105	292087	
283500	284062	283888	283219	283761	
290478	291679	291609	290658	291205	
297565	298395	298786	297018	298087	
297107	297404	297565	297143	297319	
296859	297942	297301	297375	297248	
295098	296828	296348	295109	295812	
290498	292337	291770	291435	291576	
298190	300007	300560	298862	298638	
300129	300855	300969	300567	301042	
301868	302484	302212	301786	301920	
301703	303868	303565	302587	302801	
302279	303283	302596	301882	302246	
302018	302792	301850	301730	301458	
301786	303748	303049	302647	302281	
302016	303449	303112	303118	303759	
301864	302902	302694	301690	302433	
298654	300279	300089	299000	299607	
293569	294022	293806	293359	293183	
294866	296634	296607	295808	295600	
300600	301208	301467	300350	300444	
301196	302141	301542	301395	301179	
302797	304129	303424	303116	303511	
303652	305058	304308	304087	303987	
304125	304699	305540	303908	304533	
303754	305442	305502	304493	304799	
299949	301996	301551	300549	301040	
290848	292359	291978	290949	291853	
301652	303011	302618	301915	302368	
305422	307087	306935	306243	306031	
306527	308301	307417	306984	307725	
307556	308654	308891	307431	307973	
307980	308940	309382	308049	307931	
308413	309239	308411	308123	308221	
308056	309033	309600	308279	308411	
308078	309250	309237	307969	308812	
308000	309060	309161	308656	308871	
305203	306377	305998	306029	305850	
302703	304290	303025	302933	303087	
305112	306420	306574	305717	305879	
307886	309413	309371	308743	308621	
308393	309540	309743	308105	308663	
304717	305569	305442	304592	304853	
304261	305353	304817	303895	304502	
308304	310208	309239	308621	309112	
309132	310737	309987	309482	309795	
308556	309551	309118	308531	309330	
306839	308545	308054	307516	307681	
304344	305299	304904	304525	304772	
303270	304754	304696	303578	304199	
297315	298129	297951	297386	297842	
302576	303092	303587	302859	302252	
307002	308656	308556	306799	307600	
306783	307897	307942	306743	307020	
310493	311824	311230	310864	311199	
307777	309688	309054	307857	308734	
308254	309533	309440	308895	309248	
311679	313156	312167	311746	312783	
312683	313837	313578	312417	313542	
311167	311797	312098	311402	311699	
311163	312442	312040	311417	311105	
312583	313549	313571	312525	312252	
310458	312076	311388	310828	311516	
309545	310179	310663	309596	310172	
311411	312266	312295	311621	311920	
310967	311170	311460	310321	311033	
311286	312748	313181	311569	311721	
312451	313962	313491	312337	312763	
311775	313004	312346	311402	311737	
308056	308830	308786	307795	308071	
308114	309583	309806	308562	309049	
310804	311891	311998	310627	310844	
313933	314991	314688	314507	314033	
313614	314362	314730	313232	314243	
314047	315989	315161	314344	315219	
316145	317230	316772	316288	316054	
316364	317621	318045	316493	317379	
316292	317938	317723	317040	316518	
315971	317587	316868	315991	316824	
313862	315181	315098	314569	314594	
308632	309998	309895	309156	309835	
314312	315420	315540	313998	314808	
313266	314406	314243	313627	313317	
313087	314752	314355	313342	313897	
318208	319511	319078	318165	318223	
318719	319978	319440	318953	319353	
318949	320174	319355	319038	319259	
319306	320871	320254	319551	319897	
318346	319112	319629	318210	318652	
315194	316310	315975	315087	315672	
314214	315667	315449	314558	314616	
315134	316406	315772	315587	315629	
318234	319906	319286	318580	318509	
319650	321571	320795	320009	320134	
319734	321850	321051	320062	320609	
317719	319127	319112	318136	318056	
317337	317871	317775	317536	317163	
316821	317940	317420	317049	316830	
318007	319422	319411	318074	318895	
318516	320127	320016	318929	318763	
319364	321279	320509	319980	320214	
318618	320080	319940	319009	319181	
317062	318335	317962	317540	318096	
317031	318025	318272	317375	318027	
319116	320632	320040	318926	319377	
317027	318040	317694	317288	317507	
319406	319703	319676	319033	319551	
319752	321143	320393	320353	320527	
319475	320627	319989	319600	319882	
321699	322538	322562	321719	322250	
321214	322949	322201	322083	321915	
318016	319491	318850	318549	319397	
320489	321317	321016	320292	321261	
321812	323205	323397	322897	322531	
322141	323696	323440	322080	322641	
321188	322348	321710	321261	321467	
315277	316210	316446	315605	315109	
319194	320241	320634	320109	320174	
322484	323594	323864	322819	322554	
321556	322547	322835	322036	322167	
322377	323248	322335	322328	322694	
319900	321214	320821	320638	320147	
314636	316219	315696	315194	315536	
311243	312549	311656	311221	311357	
306076	307241	306926	306478	306741	
308835	310516	309674	308888	309275	
318949	320031	319875	318406	319471	
322205	322882	322775	322377	322525	
320786	322333	321321	321098	321518	
321571	323107	322987	321768	322319	
322087	324759	323297	322888	323060	
320248	321614	321598	320792	320837	
311739	312891	313040	312353	312462	
315080	316788	315475	314741	315395	
315393	316614	316208	315109	315969	
318681	320429	320112	318580	320179	
316103	317685	317353	316487	316319	
317743	318942	318757	318286	318054	
312768	314641	313621	313089	313460	
265710	267129	267078	266350	267062	
188417	189143	188761	188145	188562	
194891	195297	195257	194627	194766	
205257	206304	206444	205844	206138	
217862	218690	218435	218056	217964	
231580	232618	232112	231281	232179	
246371	247033	247183	246951	247199	
265504	266897	266092	265694	266107	
283145	284462	284665	283547	283431	
302955	304531	304527	303150	304000	
293525	294643	293906	293270	293857	
284181	284882	284708	283958	284118	
268141	269170	268962	267958	268585	
273924	275317	274946	274161	274658	
265536	266600	266821	265433	266230	
277911	278467	278203	277484	277585	
264978	265623	265335	265016	264763	
282846	283781	283696	282908	283685	
264152	264842	265364	264366	264480	
290987	291786	291219	291364	290629	
276087	276864	276480	275518	276134	
286676	288109	287781	286819	287290	
294170	295054	294652	294096	294210	
276658	278310	278154	277047	277612	
301400	302312	302212	301542	302513	
292725	293728	292975	292828	292817	
294382	294788	295100	294234	294737	
309625	311004	310518	309504	310404	
290560	292458	291612	290759	291288	
294540	295424	294833	294225	294949	
305587	307304	306837	306315	306487	
297056	298308	297993	296897	297339	
307489	309161	308451	307806	307804	
314692	316234	315922	315007	315208	
297763	298556	298978	297915	297699	
297804	298605	298906	297728	298420	
308627	309853	309507	308551	308875	
303732	305199	305286	304498	304444	
290328	292013	290743	290647	291190	
300542	301685	300971	300960	301054	
299042	299964	299837	298938	299404	
302176	303754	302935	302326	302373	
309556	311306	310243	310328	310645	
299270	299933	300415	299150	299234	
285837	287362	286625	285826	286185	
285386	286319	285846	285592	285161	
293125	294248	293554	293208	293491	
302562	304243	303826	302489	302993	
306004	308047	307491	306138	306922	
293395	294386	293627	293373	294150	
301406	302855	302663	301545	301518	
306292	307192	307232	306379	305761	
308339	309393	309033	308397	309049	
308549	309368	308730	308279	308261	
296199	296960	296837	295344	295830	
307308	308353	308328	307542	307926	
303723	305188	304525	303942	304337	
302254	303663	303641	302275	302625	
317473	318357	318725	318127	317904	
317699	318917	318442	318092	318297	
322694	324330	324002	323315	323366	
328922	330978	329641	328922	330080	
328199	328799	328819	328125	328455	
320967	323089	322609	321993	321565	
325650	326674	327121	326324	326654	
325594	327335	326295	326087	326060	
317013	318402	318475	317786	318250	
306386	307469	307504	306676	307295	
307411	308607	308174	307792	307790	
317212	318900	317893	317308	317554	
323679	325232	324685	323935	324469	
324438	325446	325442	324676	324703	
313375	314815	314507	313442	313150	
306777	307799	307951	306739	307069	
300362	301938	301520	301011	301058	
309830	310404	310737	309902	310395	
311297	313076	312996	311971	311739	
303953	305071	305065	304208	304377	
319688	321458	320953	320518	320973	
318183	319565	318696	317942	318379	
300897	301417	300975	300362	300319	
310882	312083	312730	311283	312438	
316520	317415	317083	316525	317038	
300629	302107	301732	301379	301326	
288134	289458	289725	289062	288592	
307379	308658	308074	307277	307656	
316259	317667	317603	316172	316513	
310873	312397	312266	311569	311833	
311627	312942	313085	312221	312205	
317667	318797	319406	317783	317875	
299996	300915	300545	299516	299984	
290121	291188	290554	290013	290362	
311627	313047	312574	312011	312658	
318141	318917	318902	317777	318536	
313752	315069	314525	313830	313882	
298882	299821	300004	298252	298654	
306656	308040	307692	307237	307118	
296938	298938	298232	298440	297904	
305944	307089	306725	305665	305683	
320900	323105	322279	321821	321837	
327440	329312	328933	328062	328174	
329355	330306	330658	329263	330551	
323422	325230	324768	323915	324406	
318377	320060	319525	318688	318819	
306788	307931	307228	306833	306725	
308859	309288	309417	308955	308906	
324022	325290	324551	324074	324368	
329346	330904	330578	329442	330232	
328538	329962	329603	328480	328583	
328062	329623	329605	327830	328647	
328127	329480	329560	328027	328306	
326643	327261	327507	326002	326402	
315987	317681	316817	316576	317520	
313958	314502	314333	313732	314208	
322525	323949	323194	322944	323071	
322083	323717	322978	321721	322513	
322864	323844	323382	323031	322929	
324076	324812	324431	323708	323795	
322310	324062	323366	322174	322462	
325471	326493	326618	325299	325902	
325920	327205	326993	325806	326268	
323775	325201	324643	324449	323846	
322429	324196	323902	322705	323275	
325504	326540	326513	324913	325444	
329067	330975	330315	330018	329804	
327315	327955	328312	327538	328127	
330125	331518	330679	330382	330513	
329938	331471	331232	330690	330348	
327288	328547	328487	327308	328087	
323491	324900	324955	324092	324406	
329147	330165	330266	329076	329949	
331496	332408	331406	331391	331353	
325879	326333	326212	325828	325824	
323828	325701	324833	324462	324031	
325924	327382	327252	326719	326781	
325821	327357	326672	326107	326578	
325013	326366	326556	325565	324998	
329143	330991	330304	329797	329895	
330038	331781	331176	330373	330638	
329326	330266	330871	329614	330243	
329578	331007	331147	330033	330170	
330721	331987	331321	330145	330665	
330616	331824	331998	331145	330763	
332167	333040	332183	331616	331759	
332487	333877	333859	332886	333482	
332788	334578	334107	333489	333411	
330201	330971	331049	330036	330241	
330618	332799	332384	331862	331422	
330408	331842	331112	330864	331094	
326973	328708	328002	327440	327511	
330194	331583	331022	329752	330011	
331998	333257	333491	332467	333342	
334163	334775	334355	333172	333882	
331464	332431	332188	331194	331509	
330743	332442	332373	331326	331384	
329757	331239	330571	329993	330045	
325408	326058	326339	325585	325835	
334292	335252	335071	334138	334217	
335525	336964	337395	335661	336261	
331062	332199	331728	331268	331205	
327929	329281	328569	328310	328199	
321377	322781	322098	321683	321893	
325641	326795	326938	326266	326451	
330277	331429	331609	330596	330650	
334429	335991	335908	334609	334971	
332353	334062	333176	332473	332940	
333917	335772	335129	334344	334636	
333661	334359	334567	333578	334038	
330297	331884	331136	330353	330908	
331051	332551	332232	331667	331529	
328924	330661	330417	329442	329801	
322531	323792	323087	322500	322859	
313083	315092	313971	313362	313605	
319429	320837	320969	319828	320054	
323759	324379	324536	324230	324219	
331667	332243	332449	331449	331663	
330181	331516	331502	330884	330683	
328192	329460	328679	328031	328308	
325835	327565	327487	326116	326643	
325578	326926	326804	325913	326279	
325587	327054	326719	325779	325350	
315404	316703	316676	315826	316094	
293252	294902	294674	293592	294312	
287473	288455	288471	287205	287281	
272817	274384	274074	273453	273507	
279962	280730	280121	279518	279810	
271422	272556	272272	271911	271542	
253518	254674	254121	253384	253571	
255888	256886	256504	256393	256453	
260958	261723	261877	261145	260754	
236254	237156	237074	236239	236516	
273462	274650	274123	273864	273998	
272839	273632	273873	273279	273170	
262471	263344	263551	262732	262681	
258475	258683	258859	258373	258379	
226317	226786	226808	226132	226473	
204116	205076	204958	204384	204748	
261754	262783	262728	262263	262438	
275020	275810	275464	275194	275663	
232013	232127	232806	231837	232263	
227790	228922	228359	227730	228138	
249098	250504	249828	249453	249022	
258395	259460	259270	258402	258292	
250873	252692	252464	251312	251650	
246004	246433	246862	246172	245717	
224143	224884	224839	224444	223464	
256362	256788	256933	256364	256288	
247504	247797	247875	247388	247429	
245270	246000	246060	245493	245507	
271071	273299	272308	271596	271906	
285254	286533	286333	284873	285833	
301958	303603	302542	302033	302589	
317170	319297	318368	317908	317772	
322556	323859	323415	323154	323440	
309402	309924	310112	308938	309554	
305788	306529	306179	305717	305692	
312482	313984	313254	313107	312828	
321219	322710	322408	321129	322417	
315917	317181	316616	315915	316683	
295703	297509	296955	296301	296650	
313243	313955	313993	313290	313790	
298761	300252	299853	299484	299183	
304357	305105	305020	304600	304810	
314194	315525	315098	314433	314096	
284904	286502	286699	285725	285786	
250308	251641	251279	250116	250877	
232815	233763	233578	232933	233172	
265344	266375	266145	264810	265614	
297451	298400	297533	297569	297105	
268098	269281	268621	267866	268087	
263431	264402	264161	263295	263480	
268824	269940	269895	268900	268786	
262123	263167	262551	261958	262321	
272694	273866	273429	273013	273368	
288315	288875	288408	288051	287770	
292138	293143	293054	292453	292480	
282692	283946	283906	282598	283105	
236551	237980	237004	236815	237020	
252112	252935	253096	252065	252460	
295310	296587	296219	295585	295489	
281221	282489	282192	281283	281779	
290998	292210	291804	290708	290777	
288571	289121	289444	288475	288625	
277288	278444	278321	277346	277402	
274746	275366	275353	274277	274801	
246692	247096	247306	246199	247252	
287917	288536	287879	287132	287734	
306103	307614	306167	306464	306243	
294884	296547	295337	294996	296074	
302424	304036	303850	303107	303395	
275723	276100	275904	276123	276040	
276317	277721	278049	277042	277567	
238708	239455	239652	238621	238946	
234357	235261	235060	234281	233732	
277629	278045	277835	277455	277683	
292225	293609	293473	292525	292920	
293020	293949	293933	293031	293348	
311618	312357	312221	311484	312391	
315415	316071	316007	315297	315562	
282926	284176	283879	283283	283446	
269449	271036	270214	270098	269868	
245000	246246	246348	246132	245522	
252083	253018	252737	251685	252480	
268029	268710	268871	267929	267946	
279516	280565	279844	279473	279699	
307692	308897	308873	308335	308123	
313440	314473	314181	313790	314308	
294277	295699	295520	294460	295453	
293569	294783	294817	293712	293897	
261446	262920	262272	262288	262272	
271772	273190	272913	272025	272426	
300556	301683	301489	300924	301172	
298533	299975	299924	299540	298998	
274444	275368	275170	274172	274270	
276335	277431	277357	276884	276942	
286076	287453	287308	286484	286792	
303232	303821	303975	303234	304074	
297862	299480	298993	298132	298355	
282078	283145	283045	282759	282699	
281545	282797	282065	281549	282719	
306252	307703	307078	306373	306324	
322257	323868	323228	322487	322431	
322422	323359	323748	322301	322569	
320810	321819	321837	320779	321373	
307859	309368	308605	307772	308917	
318507	319397	319757	318725	319000	
323190	323201	323589	322895	322855	
318886	319482	319978	319596	319109	
309855	310641	310938	310100	310705	
313549	314440	313960	313150	313576	
324569	325556	325719	325083	325125	
336672	338047	337748	337288	337384	
339542	340121	340170	339629	339991	
337775	339127	338824	338185	338562	
337223	339054	338844	337775	338551	
321846	323125	322714	321817	321967	
327545	329393	328761	328143	328507	
331212	332556	332246	331688	331565	
319411	320884	320857	320098	320618	
317020	318315	317672	317250	316935	
325107	326975	326446	325717	325268	
325275	326576	326188	325507	324987	
323531	326067	325212	323574	324458	
318362	319098	318891	318366	318536	
325612	326516	326429	325676	325190	
324165	325658	324696	325373	324761	
317100	318406	318009	316833	316987	
318449	319888	319757	319174	319134	
318801	320098	319708	318431	318882	
322920	324583	324781	323562	324663	
329357	330574	330020	329123	329261	
318527	320112	319969	319348	319967	
326694	328853	327821	327551	327594	
331531	333080	332759	331547	332547	
333009	335246	334612	333312	334348	
335179	336748	336143	336071	335596	
335049	335895	335862	334627	335357	
335147	336176	336520	335353	335857	
339551	341230	340493	339676	339754	
331984	333917	333688	332277	332603	
323525	324551	324290	323723	323730	
327846	328554	328049	327350	327585	
323951	325554	325000	324248	324183	
321650	322804	322763	321971	322306	
316230	317547	316647	316558	316692	
320176	321388	320911	320257	320875	
326272	328225	327833	327170	327429	
327507	328080	328353	327741	328364	
329788	330792	331141	329790	330333	
329261	330585	330734	329652	329777	
335330	336913	336585	335888	335281	
331013	332504	332074	331283	331609	
333904	335009	334877	333386	333609	
339444	340701	340520	339594	340353	
337228	338815	337929	337420	337830	
334308	334538	334942	334408	334170	
334496	336217	335047	335022	334694	
323652	324270	324842	323777	324190	
322527	323703	323696	322542	323377	
335978	336355	336301	335911	336406	
329897	331812	331516	330388	331647	
324808	326078	325859	324301	325469	
334621	335933	335203	334741	334658	
336109	337696	337580	336214	336556	
337694	339739	338549	338527	338219	
328926	330013	329471	328547	329487	
325589	326645	326136	325404	325962	
333408	334335	334266	333607	334065	
339621	340996	340982	339833	340165	
342487	343629	343975	342435	343496	
342904	344058	344042	343261	343051	
340089	342004	341614	340815	340391	
342817	343964	343337	342830	343719	
343739	344971	344638	343478	344547	
342953	344324	343185	343542	343317	
343170	345078	344688	343792	344571	
343886	344545	344683	343007	343482	
337556	338835	338583	337259	337458	
338420	339444	339016	338163	338681	
338426	339989	340281	338766	339219	
331857	333004	332272	330980	331862	
332174	333696	333379	332413	332098	
336663	338536	338538	337386	337560	
340734	342078	341864	341373	341587	
343074	344482	343935	344078	343243	
344857	345777	345688	344775	344969	
344779	346145	346080	345190	345170	
345612	347129	346386	346246	346435	
345283	347438	346732	346203	346259	
345551	347105	346614	346107	345998	
342621	343627	343259	342328	342627	
332703	333888	333105	332690	333174	
337324	339062	338933	337400	338647	
342196	343667	343321	342750	342951	
343158	343908	343946	343058	343596	
343382	345158	345045	344482	344453	
344395	345007	345239	344750	344594	
343679	345600	345089	344547	344996	
341844	343413	343330	341408	342339	
341884	342594	342980	342045	342400	
341183	342328	342480	341330	341179	
341556	343033	342719	341739	341835	
342830	344850	343795	344033	343538	
343067	344308	343614	342569	343243	
341221	341790	341444	340998	341333	
343364	343618	343835	342752	343183	
344324	345208	345404	343638	345259	
344270	345569	345188	344326	344728	
345033	345882	345833	345025	345475	
343667	344857	344103	343605	343797	
337587	338944	338777	337920	338842	
338897	340288	340094	338973	338790	
327605	329109	328301	327272	328105	
330645	331971	331817	330400	330701	
338411	338904	339855	337917	338627	
339344	341165	340464	340083	340297	
341223	343009	342127	341712	341743	
343016	344699	343538	343393	343469	
342667	344491	343886	343310	343080	
341141	342132	342141	340958	341638	
337719	338739	338228	337154	337531	
339123	341098	340167	339065	339598	
335067	336062	336493	334962	335449	
324199	325339	324786	324109	324435	
334875	336652	336176	335161	335163	
337371	339147	339350	338355	338288	
339623	340911	340176	339638	339565	
341884	343446	342368	341692	342310	
342404	343248	343324	342569	342761	
341866	343277	343275	342373	342257	
336371	337895	338018	336978	336904	
334897	335730	335833	334783	334257	
333908	334942	334670	333417	334397	
339263	339205	340683	338560	338913	
340498	342172	341688	341281	341480	
340232	340710	341279	339821	340645	
332538	333261	333156	332542	332438	
336871	338810	338652	337045	337585	
340156	341132	341212	340170	340636	
342194	343065	343121	341703	342382	
341623	343393	342676	342096	342719	
341908	343471	343114	341980	341978	
340415	342297	342062	341359	341538	
340076	341737	341545	341056	340788	
341080	341886	341877	340877	341036	
339165	340083	340188	338783	339446	
335690	337565	336315	335221	335922	
336576	337413	337728	336913	336862	
339538	340400	340098	339420	339750	
339603	340469	340460	339661	339911	
339797	340533	340475	340089	339429	
337806	338987	337638	337953	337815	
330908	332632	332504	330982	331379	
335895	337094	337114	336475	336022	
335826	337382	336795	336529	336254	
335866	337116	336176	335549	336458	
338018	339444	338750	338833	338315	
338357	339596	338906	338161	339277	
339272	340225	340071	339371	339375	
338158	339569	339228	338288	338589	
334658	335759	334915	334739	335205	
330348	331888	331529	330643	331051	
335547	336873	336056	335560	335931	
335241	337051	336487	336179	336054	
329364	331645	330835	329683	329996	
333141	334699	334545	334054	334237	
336623	337364	337415	337051	336301	
335670	337371	337031	335971	336915	
335621	337290	336964	336621	336011	
334911	335708	336368	335221	335426	
330422	331268	331221	330377	330699	
325788	327286	326964	326783	326321	
319688	320712	320980	319761	320431	
324717	326087	325864	324955	325248	
326592	328114	328163	326955	327163	
327516	328953	328616	327933	327210	
319797	321192	321208	320158	320455	
261929	262830	262342	261779	262397	
180542	181529	180846	180645	181199	
137781	138136	137955	137667	137681	
117645	118446	118397	117734	118395	
92334.8	92899.6	93218.8	92491.1	92524.6	
71814.7	71814.7	71866.1	71790.2	71763.4	
58933	59091.5	59279	58808	59107.1	
51067	51176.3	51214.3	51093.8	51002.2	
48839.3	49071.4	48868.3	48921.9	48805.8	
49091.5	49254.5	49323.7	49080.4	49089.3	
55292.4	55846	55669.6	55379.5	55366.1	
62629.5	62846	62625	62415.2	62803.6	
77207.6	77323.7	77647.3	77194.2	77332.6	
95578.1	96053.6	96203.1	95676.3	95814.7	
120536	121042	121134	120879	120754	
149496	150576	150357	149607	149808	
220806	221549	221259	220964	221002	
241839	242333	242221	241759	241451	
201614	202683	202045	202306	202520	
190654	191757	191507	191154	191355	
147214	147536	147536	147183	147125	
158094	158853	158761	157833	158326	
136556	137458	136833	136348	136900	
121583	121812	121667	121482	121730	
150362	150879	150652	150489	150908	
114897	114978	115355	114730	114743	
136482	136723	136815	136051	136377	
152674	153181	153402	152850	153114	
117388	117560	117629	117377	117705	
159458	160002	159422	159112	159435	
165743	166337	166467	165944	166554	
129489	130027	129971	129846	129895	
179502	179967	179967	179471	179402	
189397	190085	189576	189290	189089	
148042	148357	148339	148310	148371	
194353	194920	194763	194299	194489	
220335	220931	220888	220201	219962	
173964	173879	174292	173998	173924	
199451	200516	200103	199857	199984	
246708	248056	247719	246882	246868	
213257	213257	213196	213275	213266	
201926	202614	202275	201779	202616	
250069	250616	250471	249701	250558	
250625	251502	251632	250549	251346	
212879	214087	213600	213402	213344	
241083	241616	241297	240911	241288	
278498	279817	279248	278754	278603	
255578	257299	256176	255967	256223	
241272	242335	242096	241025	241571	
281645	282268	281953	281402	281234	
297658	298942	298507	297629	298312	
277449	278116	278199	277156	277266	
272587	273393	273252	272549	273375	
301799	302663	302422	301600	302011	
313114	313993	313183	312759	313190	
298103	298404	298308	297888	298297	
292025	293217	292647	291982	292545	
308714	310002	309429	308833	309634	
313283	314554	313699	313536	313705	
309065	310663	310580	310009	309926	
303317	304618	304346	304013	303596	
316551	317460	317674	316442	316701	
322324	323413	323085	322217	322991	
317600	318308	317759	317210	317489	
307616	308926	308045	307891	307525	
307194	307879	307672	306442	306953	
313993	315181	315165	314246	314627	
320181	321973	320116	320578	320444	
315904	316980	316873	316533	316279	
315085	316661	315371	315254	315786	
310908	312031	311897	310877	310775	
317237	318089	318167	317469	317830	
322978	324011	324571	323377	323556	
322955	323763	323763	323355	323205	
325705	326594	326368	325455	325554	
327962	329060	329292	328092	328473	
328790	330420	330270	329000	329033	
327230	328042	327817	326746	326940	
319355	320629	320694	320188	319777	
320478	321299	320567	320125	320728	
318297	319900	319205	318366	318507	
313217	315089	314143	313237	313895	
318844	319754	319565	318944	318879	
322033	323393	323219	322290	322533	
322379	323837	322964	323426	323118	
323234	324531	324600	323560	323627	
320946	322087	322596	321469	322625	
321420	322446	322496	321676	322100	
323145	324315	323828	323056	323643	
320527	321232	321054	320810	320556	
319444	320777	320029	319933	319683	
323746	324781	324533	323132	323656	
324056	325386	324770	324241	324513	
323373	324717	324326	323417	324002	
323221	324625	324163	323922	323853	
325790	326634	325993	325734	325540	
325848	328254	326730	326391	325960	
326118	327900	327652	325603	326442	
326306	327830	327406	327243	326882	
322016	323560	323219	322629	323098	
317190	319027	317746	317444	317812	
320799	322411	321835	320757	321467	
321542	322062	322138	321853	321554	
315221	316819	316906	315458	315609	
309893	311415	310592	309757	309438	
314933	316482	315875	315413	315417	
318955	319853	320304	319625	319440	
322040	323210	322464	322105	321609	
322259	323750	322911	322616	322500	
322467	324661	324257	323750	323011	
322518	325775	324377	323587	324234	
321696	322801	322866	322165	322429	
321185	322261	322525	321583	321913	
323002	322993	323440	322761	322786	
323013	324893	324002	323717	323862	
323239	324958	324400	323585	324083	
324192	325415	325527	323904	324580	
324525	325167	325607	325009	324487	
324275	325694	325647	324690	325158	
320098	322096	321766	320917	320746	
318134	319408	319145	318042	318701	
316571	317179	316636	316016	316725	
316250	316944	316384	315708	316147	
319379	321013	320408	319897	319714	
321062	322616	321656	320694	321203	
314011	315167	315000	314364	314893	
313746	315083	314817	313723	314194	
319147	320243	319754	318641	319263	
321295	322377	322237	321712	321658	
321402	322317	322250	322467	321737	
320295	321754	321237	320850	320513	
314757	316324	315996	315301	315766	
317799	318375	318348	317710	318721	
320165	321719	320730	319958	319790	
320737	322036	321225	320828	321199	
320540	322203	321839	320871	320862	
319679	320286	319647	319241	319933	
314080	316176	315371	314342	314558	
313453	314625	314962	313607	313888	
312915	313969	314000	313692	313846	
316152	317241	317025	316366	316554	
317531	318219	318025	317725	318547	
318661	319750	319868	319107	319136	
317656	319105	319538	318357	318375	
313864	315203	314978	314538	314839	
315190	316670	315672	315594	316100	
312612	313833	313824	313491	313067	
314518	315020	315152	314571	314330	
316728	318004	317732	316692	317290	
318625	319228	318933	318270	317868	
318491	319188	319170	318304	318913	
318906	320321	319614	318739	319339	
319672	320915	319783	318991	319464	
318962	319895	319185	319069	318967	
318487	320080	319663	319025	319464	
319321	320074	320183	319301	318741	
318009	319748	319275	318507	318991	
317484	318688	318415	317237	317958	
317560	318489	318288	317435	317694	
316942	317819	317208	316500	317364	
311906	312571	312094	311504	311239	
304857	306170	305629	305333	305627	
308873	309955	309556	308915	309152	
306299	308076	307551	306819	306618	
308337	309272	309504	308714	308795	
311893	313342	312212	311632	311453	
313040	314413	313775	313060	313507	
314040	315252	315404	313924	314723	
313527	314516	314444	314049	314054	
313402	314516	314511	313703	314078	
313301	315127	314152	313786	313783	
313688	314877	315527	314775	314422	
312938	314092	314346	312846	313721	
310027	311232	310578	309993	310348	
311824	312875	312469	312020	311864	
312400	313900	313487	312319	312790	
310484	311824	311761	311116	311440	
310232	310969	310415	309859	310388	
311252	312940	312583	311641	311817	
311982	313888	313018	312286	313132	
311219	312645	313038	311837	311991	
310375	311520	311346	310714	310685	
309489	310917	310451	310112	310163	
308027	308828	308911	308223	308594	
305846	306808	306946	306650	306444	
307730	309402	309471	308958	309654	
307643	308920	308998	308493	308121	
305551	306781	305984	305362	306194	
306946	307897	307710	307192	307074	
307190	308225	307828	307203	307208	
306306	307658	307154	306504	307112	
300350	301768	300926	300801	301009	
301259	302353	302027	301926	301975	
302837	304373	304129	303172	303574	
300004	301134	300388	300308	300435	
300150	301346	300888	300203	300513	
302933	304076	303857	302830	303500	
302627	304261	303699	303029	303458	
300728	301781	301547	300737	301161	
300085	301085	301259	300051	300895	
300846	301076	301688	301350	301319	
298978	300286	299839	298873	299400	
295455	296795	296422	295650	295560	
292920	294183	293893	293288	292931	
287487	288587	288132	287998	288049	
285397	286004	285868	285621	285873	
293864	295520	295578	295161	294946	
298029	298938	298873	298002	298435	
292047	293031	293386	292397	292444	
286196	288132	287580	286893	286761	
291158	292071	291908	291665	291509	
297638	299007	298335	297873	297940	
299143	300558	300357	299484	300145	
293518	294873	294004	293109	293402	
285754	287174	286786	285766	286830	
288404	289725	289897	288991	288987	
289529	291406	290757	290058	290319	
291826	293482	292565	292065	292103	
291616	292670	292522	292004	291958	
287518	289453	288891	287596	288188	
283393	284609	284234	283875	283596	
285703	286703	287295	286808	286196	
283717	285257	285181	284219	284692	
290065	290574	291051	289850	289513	
287344	288290	288404	286922	288279	
286817	288511	288319	287038	287801	
290094	291118	291016	289926	290741	
284565	284625	285504	284210	284797	
280058	281484	280723	280362	280504	
279732	281038	280641	279750	279991	
277920	278759	277891	277493	277891	
283732	284683	284616	283542	284471	
288554	290127	290049	288917	289301	
282915	285071	284549	283239	283263	
283118	283676	283411	282973	282770	
287339	289004	288786	288116	288417	
287438	288478	287967	287792	287491	
286172	287132	286855	285846	286868	
281558	282259	282154	281741	282000	
277607	278002	278022	277864	277712	
277884	279036	278696	278029	278112	
282737	283808	283188	282531	282574	
285962	287174	287252	285920	286094	
284634	285502	285112	284185	284681	
285938	286929	286605	286478	285763	
285596	286797	286551	285243	286071	
286279	287446	286690	285946	286480	
285145	286480	286089	286143	285625	
280339	281775	280685	280141	280612	
275230	277029	276629	275944	276219	
271158	271333	271491	271681	271411	
267672	268446	267708	267214	267812	
266701	268036	268074	267688	267790	
273194	273902	274190	273647	274393	
279205	280071	279578	279069	279312	
276058	277237	276973	276183	276299	
277560	278100	277864	277228	277259	
276098	277665	277752	276877	277377	
278098	278819	279118	278107	278382	
280529	282158	281504	280951	281348	
280388	281158	281574	280580	280603	
281366	282571	283004	281496	281895	
282011	282636	282480	282132	282312	
280464	281368	281002	280496	281152	
279317	280395	280281	279431	279667	
281333	282165	281712	280754	281728	
277551	278761	278344	278058	278321	
275368	276837	276654	275746	275810	
275842	276969	276663	275792	276339	
276335	277020	276545	276444	276326	
278842	279757	279558	278982	279580	
277658	278393	277871	277330	277886	
277033	278058	277873	276837	277516	
275444	276025	275772	275594	275375	
273547	273835	273542	272833	273478	
273502	275330	274853	274382	274757	
266721	267681	268013	266663	266996	
255984	257083	257109	256129	256527	
257734	258478	258223	257808	257627	
263438	264279	264491	263589	263692	
263373	264828	264580	264042	264210	
263824	264812	264112	263634	263527	
257993	259080	258868	257714	258708	
248641	249513	249047	248857	248944	
254703	255266	255241	254929	255183	
254567	256462	256007	254737	255038	
248850	249967	249451	249321	248828	
241924	242549	242605	241533	242402	
244652	245435	244902	244422	245080	
245203	246402	245587	245663	245846	
242826	243991	244000	243319	243417	
242690	243306	243185	242364	242842	
238092	238373	238384	237969	237596	
234138	235165	234924	233603	233908	
228558	229413	229830	228873	229038	
226721	227132	226665	226484	226471	
223292	224217	224192	223723	223473	
216002	216868	216643	216020	215779	
213594	214527	214279	214085	214266	
216614	217538	217214	216422	216893	
215920	216569	216897	216212	216647	
212621	213038	212748	212219	213183	
207665	207857	208250	207632	208051	
204451	205933	205089	204998	204688	
204815	205616	205554	204817	205118	
202931	204112	204446	203210	203576	
200701	201596	201529	201185	201212	
197632	198435	197971	197498	198116	
192449	193183	192368	192346	192623	
186830	187779	187759	187248	187225	
180386	181141	180600	180732	180377	
3743.3	3750	3754.46	3763.39	3758.93	
3723.21	3723.21	3712.05	3727.68	3727.68	
3720.98	3705.36	3714.29	3714.29	3725.45	
3714.29	3705.36	3716.52	3723.21	3720.98	
