5677.97	5677.97	5677.97	5677.97	5677.97	
5630.51	5627.12	5630.51	5627.12	5630.51	
5623.73	5623.73	5623.73	5623.73	5623.73	
5606.78	5616.95	5606.78	5616.95	5606.78	
5627.12	5623.73	5627.12	5623.73	5627.12	
5627.12	5637.29	5627.12	5637.29	5627.12	
5620.34	5627.12	5620.34	5627.12	5620.34	
5637.29	5640.68	5637.29	5640.68	5637.29	
5650.85	5640.68	5650.85	5640.68	5650.85	
5647.46	5644.07	5647.46	5644.07	5647.46	
5637.29	5623.73	5637.29	5623.73	5637.29	
5633.9	5647.46	5633.9	5647.46	5633.9	
5637.29	5637.29	5637.29	5637.29	5637.29	
5630.51	5637.29	5630.51	5637.29	5630.51	
5640.68	5640.68	5640.68	5640.68	5640.68	
5630.51	5650.85	5630.51	5650.85	5630.51	
5637.29	5647.46	5637.29	5647.46	5637.29	
5640.68	5654.24	5640.68	5654.24	5640.68	
5644.07	5637.29	5644.07	5637.29	5644.07	
5637.29	5644.07	5637.29	5644.07	5637.29	
5644.07	5630.51	5644.07	5630.51	5644.07	
5637.29	5657.63	5637.29	5657.63	5637.29	
5650.85	5644.07	5650.85	5644.07	5650.85	
5637.29	5640.68	5637.29	5640.68	5637.29	
5650.85	5654.24	5650.85	5654.24	5650.85	
5654.24	5650.85	5654.24	5650.85	5654.24	
5654.24	5644.07	5654.24	5644.07	5654.24	
5644.07	5647.46	5644.07	5647.46	5644.07	
5644.07	5654.24	5644.07	5654.24	5644.07	
5650.85	5640.68	5650.85	5640.68	5650.85	
5647.46	5650.85	5647.46	5650.85	5647.46	
5640.68	5640.68	5640.68	5640.68	5640.68	
5640.68	5647.46	5640.68	5647.46	5640.68	
5647.46	5647.46	5647.46	5647.46	5647.46	
5647.46	5657.63	5647.46	5657.63	5647.46	
5650.85	5644.07	5650.85	5644.07	5650.85	
5640.68	5647.46	5640.68	5647.46	5640.68	
5650.85	5650.85	5650.85	5650.85	5650.85	
5647.46	5644.07	5647.46	5644.07	5647.46	
5644.07	5650.85	5644.07	5650.85	5644.07	
5644.07	5654.24	5644.07	5654.24	5644.07	
5647.46	5644.07	5647.46	5644.07	5647.46	
5633.9	5647.46	5633.9	5647.46	5633.9	
5644.07	5647.46	5644.07	5647.46	5644.07	
5637.29	5637.29	5637.29	5637.29	5637.29	
5647.46	5650.85	5647.46	5650.85	5647.46	
5640.68	5640.68	5640.68	5640.68	5640.68	
5644.07	5654.24	5644.07	5654.24	5644.07	
5644.07	5650.85	5644.07	5650.85	5644.07	
5647.46	5647.46	5647.46	5647.46	5647.46	
5654.24	5650.85	5654.24	5650.85	5654.24	
5640.68	5654.24	5640.68	5654.24	5640.68	
5640.68	5650.85	5640.68	5650.85	5640.68	
5650.85	5647.46	5650.85	5647.46	5650.85	
5650.85	5644.07	5650.85	5644.07	5650.85	
5637.29	5644.07	5637.29	5644.07	5637.29	
5637.29	5647.46	5637.29	5647.46	5637.29	
5644.07	5654.24	5644.07	5654.24	5644.07	
5657.63	5644.07	5657.63	5644.07	5657.63	
5637.29	5630.51	5637.29	5630.51	5637.29	
5657.63	5644.07	5657.63	5644.07	5657.63	
5654.24	5644.07	5654.24	5644.07	5654.24	
5647.46	5644.07	5647.46	5644.07	5647.46	
5644.07	5654.24	5644.07	5654.24	5644.07	
5644.07	5644.07	5644.07	5644.07	5644.07	
5630.51	5640.68	5630.51	5640.68	5630.51	
5661.02	5637.29	5661.02	5637.29	5661.02	
5650.85	5657.63	5650.85	5657.63	5650.85	
5644.07	5644.07	5644.07	5644.07	5644.07	
5650.85	5630.51	5650.85	5630.51	5650.85	
5644.07	5630.51	5644.07	5630.51	5644.07	
5644.07	5637.29	5644.07	5637.29	5644.07	
5647.46	5633.9	5647.46	5633.9	5647.46	
5630.51	5644.07	5630.51	5644.07	5630.51	
5640.68	5640.68	5640.68	5640.68	5640.68	
5637.29	5647.46	5637.29	5647.46	5637.29	
5644.07	5637.29	5644.07	5637.29	5644.07	
5637.29	5650.85	5637.29	5650.85	5637.29	
5650.85	5650.85	5650.85	5650.85	5650.85	
5657.63	5647.46	5657.63	5647.46	5657.63	
5640.68	5637.29	5640.68	5637.29	5640.68	
5654.24	5650.85	5654.24	5650.85	5654.24	
5657.63	5650.85	5657.63	5650.85	5657.63	
5671.19	5644.07	5671.19	5644.07	5671.19	
5640.68	5644.07	5640.68	5644.07	5640.68	
5644.07	5640.68	5644.07	5640.68	5644.07	
5650.85	5650.85	5650.85	5650.85	5650.85	
5637.29	5644.07	5637.29	5644.07	5637.29	
5633.9	5637.29	5633.9	5637.29	5633.9	
5633.9	5630.51	5633.9	5630.51	5633.9	
5654.24	5650.85	5654.24	5650.85	5654.24	
5647.46	5657.63	5647.46	5657.63	5647.46	
5640.68	5650.85	5640.68	5650.85	5640.68	
5640.68	5640.68	5640.68	5640.68	5640.68	
5661.02	5633.9	5661.02	5633.9	5661.02	
5647.46	5647.46	5647.46	5647.46	5647.46	
5637.29	5647.46	5637.29	5647.46	5637.29	
5640.68	5637.29	5640.68	5637.29	5640.68	
5644.07	5650.85	5644.07	5650.85	5644.07	
5633.9	5640.68	5633.9	5640.68	5633.9	
5640.68	5644.07	5640.68	5644.07	5640.68	
5661.02	5640.68	5661.02	5640.68	5661.02	
5640.68	5640.68	5640.68	5640.68	5640.68	
5644.07	5647.46	5644.07	5647.46	5644.07	
5650.85	5661.02	5650.85	5661.02	5650.85	
5640.68	5637.29	5640.68	5637.29	5640.68	
5640.68	5647.46	5640.68	5647.46	5640.68	
5654.24	5644.07	5654.24	5644.07	5654.24	
5647.46	5644.07	5647.46	5644.07	5647.46	
5633.9	5644.07	5633.9	5644.07	5633.9	
5637.29	5647.46	5637.29	5647.46	5637.29	
5647.46	5637.29	5647.46	5637.29	5647.46	
5654.24	5644.07	5654.24	5644.07	5654.24	
5633.9	5644.07	5633.9	5644.07	5633.9	
5644.07	5647.46	5644.07	5647.46	5644.07	
5647.46	5640.68	5647.46	5640.68	5647.46	
5630.51	5650.85	5630.51	5650.85	5630.51	
5630.51	5640.68	5630.51	5640.68	5630.51	
5644.07	5650.85	5644.07	5650.85	5644.07	
5647.46	5661.02	5647.46	5661.02	5647.46	
5637.29	5644.07	5637.29	5644.07	5637.29	
5640.68	5654.24	5640.68	5654.24	5640.68	
5650.85	5637.29	5650.85	5637.29	5650.85	
5637.29	5644.07	5637.29	5644.07	5637.29	
5640.68	5650.85	5640.68	5650.85	5640.68	
5644.07	5650.85	5644.07	5650.85	5644.07	
5647.46	5633.9	5647.46	5633.9	5647.46	
5650.85	5630.51	5650.85	5630.51	5650.85	
5654.24	5647.46	5654.24	5647.46	5654.24	
5627.12	5654.24	5627.12	5654.24	5627.12	
5644.07	5647.46	5644.07	5647.46	5644.07	
5644.07	5647.46	5644.07	5647.46	5644.07	
5657.63	5664.41	5657.63	5664.41	5657.63	
5640.68	5647.46	5640.68	5647.46	5640.68	
5637.29	5633.9	5637.29	5633.9	5637.29	
5644.07	5644.07	5644.07	5644.07	5644.07	
5657.63	5637.29	5657.63	5637.29	5657.63	
5644.07	5644.07	5644.07	5644.07	5644.07	
5640.68	5647.46	5640.68	5647.46	5640.68	
5633.9	5644.07	5633.9	5644.07	5633.9	
5633.9	5644.07	5633.9	5644.07	5633.9	
5644.07	5650.85	5644.07	5650.85	5644.07	
5650.85	5637.29	5650.85	5637.29	5650.85	
5633.9	5644.07	5633.9	5644.07	5633.9	
5647.46	5630.51	5647.46	5630.51	5647.46	
5644.07	5640.68	5644.07	5640.68	5644.07	
5647.46	5657.63	5647.46	5657.63	5647.46	
5644.07	5630.51	5644.07	5630.51	5644.07	
5647.46	5647.46	5647.46	5647.46	5647.46	
5647.46	5654.24	5647.46	5654.24	5647.46	
5633.9	5654.24	5633.9	5654.24	5633.9	
5640.68	5657.63	5640.68	5657.63	5640.68	
5637.29	5640.68	5637.29	5640.68	5637.29	
5657.63	5654.24	5657.63	5654.24	5657.63	
5640.68	5623.73	5640.68	5623.73	5640.68	
5647.46	5647.46	5647.46	5647.46	5647.46	
5640.68	5644.07	5640.68	5644.07	5640.68	
5630.51	5637.29	5630.51	5637.29	5630.51	
5630.51	5640.68	5630.51	5640.68	5630.51	
5644.07	5647.46	5644.07	5647.46	5644.07	
5657.63	5633.9	5657.63	5633.9	5657.63	
5640.68	5650.85	5640.68	5650.85	5640.68	
5637.29	5644.07	5637.29	5644.07	5637.29	
5640.68	5647.46	5640.68	5647.46	5640.68	
5667.8	5650.85	5667.8	5650.85	5667.8	
5637.29	5637.29	5637.29	5637.29	5637.29	
5644.07	5647.46	5644.07	5647.46	5644.07	
5637.29	5644.07	5637.29	5644.07	5637.29	
5640.68	5633.9	5640.68	5633.9	5640.68	
5640.68	5644.07	5640.68	5644.07	5640.68	
5644.07	5650.85	5644.07	5650.85	5644.07	
5644.07	5640.68	5644.07	5640.68	5644.07	
5644.07	5644.07	5644.07	5644.07	5644.07	
5630.51	5644.07	5630.51	5644.07	5630.51	
5637.29	5630.51	5637.29	5630.51	5637.29	
5637.29	5647.46	5637.29	5647.46	5637.29	
5640.68	5650.85	5640.68	5650.85	5640.68	
5637.29	5644.07	5637.29	5644.07	5637.29	
5640.68	5644.07	5640.68	5644.07	5640.68	
5623.73	5633.9	5623.73	5633.9	5623.73	
5644.07	5647.46	5644.07	5647.46	5644.07	
5644.07	5647.46	5644.07	5647.46	5644.07	
5637.29	5654.24	5637.29	5654.24	5637.29	
5644.07	5650.85	5644.07	5650.85	5644.07	
5627.12	5657.63	5627.12	5657.63	5627.12	
5644.07	5640.68	5644.07	5640.68	5644.07	
5644.07	5640.68	5644.07	5640.68	5644.07	
5644.07	5637.29	5644.07	5637.29	5644.07	
5640.68	5627.12	5640.68	5627.12	5640.68	
5647.46	5637.29	5647.46	5637.29	5647.46	
5664.41	5630.51	5664.41	5630.51	5664.41	
5637.29	5644.07	5637.29	5644.07	5637.29	
5644.07	5647.46	5644.07	5647.46	5644.07	
5650.85	5644.07	5650.85	5644.07	5650.85	
5630.51	5644.07	5630.51	5644.07	5630.51	
5640.68	5644.07	5640.68	5644.07	5640.68	
5640.68	5647.46	5640.68	5647.46	5640.68	
5644.07	5633.9	5644.07	5633.9	5644.07	
5637.29	5627.12	5637.29	5627.12	5637.29	
5637.29	5637.29	5637.29	5637.29	5637.29	
5647.46	5640.68	5647.46	5640.68	5647.46	
5637.29	5644.07	5637.29	5644.07	5637.29	
5640.68	5640.68	5640.68	5640.68	5640.68	
5647.46	5657.63	5647.46	5657.63	5647.46	
5637.29	5637.29	5637.29	5637.29	5637.29	
5640.68	5647.46	5640.68	5647.46	5640.68	
5650.85	5637.29	5650.85	5637.29	5650.85	
5640.68	5644.07	5640.68	5644.07	5640.68	
5657.63	5637.29	5657.63	5637.29	5657.63	
5644.07	5640.68	5644.07	5640.68	5644.07	
5650.85	5640.68	5650.85	5640.68	5650.85	
5644.07	5644.07	5644.07	5644.07	5644.07	
5647.46	5637.29	5647.46	5637.29	5647.46	
5644.07	5644.07	5644.07	5644.07	5644.07	
5637.29	5644.07	5637.29	5644.07	5637.29	
5633.9	5647.46	5633.9	5647.46	5633.9	
5633.9	5640.68	5633.9	5640.68	5633.9	
5644.07	5627.12	5644.07	5627.12	5644.07	
5640.68	5644.07	5640.68	5644.07	5640.68	
5633.9	5633.9	5633.9	5633.9	5633.9	
5640.68	5644.07	5640.68	5644.07	5640.68	
5640.68	5644.07	5640.68	5644.07	5640.68	
5640.68	5650.85	5640.68	5650.85	5640.68	
5650.85	5650.85	5650.85	5650.85	5650.85	
5644.07	5640.68	5644.07	5640.68	5644.07	
5640.68	5654.24	5640.68	5654.24	5640.68	
5654.24	5640.68	5654.24	5640.68	5654.24	
5633.9	5650.85	5633.9	5650.85	5633.9	
5644.07	5640.68	5644.07	5640.68	5644.07	
5644.07	5644.07	5644.07	5644.07	5644.07	
5633.9	5640.68	5633.9	5640.68	5633.9	
5644.07	5647.46	5644.07	5647.46	5644.07	
5650.85	5644.07	5650.85	5644.07	5650.85	
5644.07	5640.68	5644.07	5640.68	5644.07	
5633.9	5650.85	5633.9	5650.85	5633.9	
5640.68	5633.9	5640.68	5633.9	5640.68	
5640.68	5637.29	5640.68	5637.29	5640.68	
5647.46	5647.46	5647.46	5647.46	5647.46	
5637.29	5647.46	5637.29	5647.46	5637.29	
5640.68	5644.07	5640.68	5644.07	5640.68	
5640.68	5644.07	5640.68	5644.07	5640.68	
5647.46	5640.68	5647.46	5640.68	5647.46	
5640.68	5637.29	5640.68	5637.29	5640.68	
5640.68	5650.85	5640.68	5650.85	5640.68	
5637.29	5627.12	5637.29	5627.12	5637.29	
5640.68	5633.9	5640.68	5633.9	5640.68	
5640.68	5644.07	5640.68	5644.07	5640.68	
5654.24	5647.46	5654.24	5647.46	5654.24	
5654.24	5657.63	5654.24	5657.63	5654.24	
5630.51	5647.46	5630.51	5647.46	5630.51	
5644.07	5640.68	5644.07	5640.68	5644.07	
5650.85	5640.68	5650.85	5640.68	5650.85	
5654.24	5647.46	5654.24	5647.46	5654.24	
5640.68	5637.29	5640.68	5637.29	5640.68	
5633.9	5633.9	5633.9	5633.9	5633.9	
5637.29	5637.29	5637.29	5637.29	5637.29	
5630.51	5637.29	5630.51	5637.29	5630.51	
5630.51	5644.07	5630.51	5644.07	5630.51	
5627.12	5647.46	5627.12	5647.46	5627.12	
5644.07	5623.73	5644.07	5623.73	5644.07	
5640.68	5654.24	5640.68	5654.24	5640.68	
5647.46	5650.85	5647.46	5650.85	5647.46	
5644.07	5633.9	5644.07	5633.9	5644.07	
5640.68	5637.29	5640.68	5637.29	5640.68	
5640.68	5647.46	5640.68	5647.46	5640.68	
5640.68	5650.85	5640.68	5650.85	5640.68	
5644.07	5640.68	5644.07	5640.68	5644.07	
5644.07	5640.68	5644.07	5640.68	5644.07	
5640.68	5637.29	5640.68	5637.29	5640.68	
5640.68	5637.29	5640.68	5637.29	5640.68	
5640.68	5640.68	5640.68	5640.68	5640.68	
5654.24	5650.85	5654.24	5650.85	5654.24	
5654.24	5633.9	5654.24	5633.9	5654.24	
5637.29	5644.07	5637.29	5644.07	5637.29	
5647.46	5654.24	5647.46	5654.24	5647.46	
5640.68	5644.07	5640.68	5644.07	5640.68	
5637.29	5640.68	5637.29	5640.68	5637.29	
5644.07	5637.29	5644.07	5637.29	5644.07	
5637.29	5650.85	5637.29	5650.85	5637.29	
5637.29	5640.68	5637.29	5640.68	5637.29	
5637.29	5657.63	5637.29	5657.63	5637.29	
5633.9	5644.07	5633.9	5644.07	5633.9	
5644.07	5654.24	5644.07	5654.24	5644.07	
5640.68	5640.68	5640.68	5640.68	5640.68	
5650.85	5650.85	5650.85	5650.85	5650.85	
5664.41	5661.02	5664.41	5661.02	5664.41	
5647.46	5637.29	5647.46	5637.29	5647.46	
5640.68	5637.29	5640.68	5637.29	5640.68	
5647.46	5650.85	5647.46	5650.85	5647.46	
5637.29	5644.07	5637.29	5644.07	5637.29	
5637.29	5633.9	5637.29	5633.9	5637.29	
5640.68	5654.24	5640.68	5654.24	5640.68	
5640.68	5644.07	5640.68	5644.07	5640.68	
5633.9	5644.07	5633.9	5644.07	5633.9	
5647.46	5650.85	5647.46	5650.85	5647.46	
5637.29	5630.51	5637.29	5630.51	5637.29	
5644.07	5630.51	5644.07	5630.51	5644.07	
5650.85	5644.07	5650.85	5644.07	5650.85	
5633.9	5644.07	5633.9	5644.07	5633.9	
5637.29	5633.9	5637.29	5633.9	5637.29	
5637.29	5633.9	5637.29	5633.9	5637.29	
5647.46	5633.9	5647.46	5633.9	5647.46	
5640.68	5647.46	5640.68	5647.46	5640.68	
5657.63	5637.29	5657.63	5637.29	5657.63	
5630.51	5637.29	5630.51	5637.29	5630.51	
5644.07	5637.29	5644.07	5637.29	5644.07	
5637.29	5637.29	5637.29	5637.29	5637.29	
5640.68	5633.9	5640.68	5633.9	5640.68	
5644.07	5654.24	5644.07	5654.24	5644.07	
5630.51	5644.07	5630.51	5644.07	5630.51	
5637.29	5654.24	5637.29	5654.24	5637.29	
5650.85	5664.41	5650.85	5664.41	5650.85	
5647.46	5647.46	5647.46	5647.46	5647.46	
5640.68	5640.68	5640.68	5640.68	5640.68	
5637.29	5647.46	5637.29	5647.46	5637.29	
5657.63	5654.24	5657.63	5654.24	5657.63	
5637.29	5647.46	5637.29	5647.46	5637.29	
5647.46	5640.68	5647.46	5640.68	5647.46	
5640.68	5627.12	5640.68	5627.12	5640.68	
5637.29	5630.51	5637.29	5630.51	5637.29	
5644.07	5644.07	5644.07	5644.07	5644.07	
5654.24	5630.51	5654.24	5630.51	5654.24	
5654.24	5650.85	5654.24	5650.85	5654.24	
5637.29	5640.68	5637.29	5640.68	5637.29	
5647.46	5647.46	5647.46	5647.46	5647.46	
5647.46	5640.68	5647.46	5640.68	5647.46	
5644.07	5633.9	5644.07	5633.9	5644.07	
5637.29	5637.29	5637.29	5637.29	5637.29	
5633.9	5637.29	5633.9	5637.29	5633.9	
5640.68	5647.46	5640.68	5647.46	5640.68	
5650.85	5637.29	5650.85	5637.29	5650.85	
5633.9	5640.68	5633.9	5640.68	5633.9	
5630.51	5630.51	5630.51	5630.51	5630.51	
5633.9	5657.63	5633.9	5657.63	5633.9	
5650.85	5640.68	5650.85	5640.68	5650.85	
5654.24	5644.07	5654.24	5644.07	5654.24	
5654.24	5654.24	5654.24	5654.24	5654.24	
5647.46	5654.24	5647.46	5654.24	5647.46	
5637.29	5647.46	5637.29	5647.46	5637.29	
5644.07	5650.85	5644.07	5650.85	5644.07	
5640.68	5640.68	5640.68	5640.68	5640.68	
5644.07	5640.68	5644.07	5640.68	5644.07	
5644.07	5644.07	5644.07	5644.07	5644.07	
5647.46	5644.07	5647.46	5644.07	5647.46	
5647.46	5647.46	5647.46	5647.46	5647.46	
5640.68	5644.07	5640.68	5644.07	5640.68	
5630.51	5647.46	5630.51	5647.46	5630.51	
5647.46	5640.68	5647.46	5640.68	5647.46	
5644.07	5644.07	5644.07	5644.07	5644.07	
5650.85	5650.85	5650.85	5650.85	5650.85	
5640.68	5661.02	5640.68	5661.02	5640.68	
5633.9	5633.9	5633.9	5633.9	5633.9	
5644.07	5647.46	5644.07	5647.46	5644.07	
5633.9	5657.63	5633.9	5657.63	5633.9	
5630.51	5640.68	5630.51	5640.68	5630.51	
5644.07	5647.46	5644.07	5647.46	5644.07	
5644.07	5637.29	5644.07	5637.29	5644.07	
5640.68	5647.46	5640.68	5647.46	5640.68	
5647.46	5633.9	5647.46	5633.9	5647.46	
5637.29	5637.29	5637.29	5637.29	5637.29	
5650.85	5644.07	5650.85	5644.07	5650.85	
5654.24	5647.46	5654.24	5647.46	5654.24	
5647.46	5661.02	5647.46	5661.02	5647.46	
5637.29	5644.07	5637.29	5644.07	5637.29	
5620.34	5647.46	5620.34	5647.46	5620.34	
5654.24	5647.46	5654.24	5647.46	5654.24	
5640.68	5627.12	5640.68	5627.12	5640.68	
5654.24	5654.24	5654.24	5654.24	5654.24	
5657.63	5644.07	5657.63	5644.07	5657.63	
5647.46	5640.68	5647.46	5640.68	5647.46	
5640.68	5647.46	5640.68	5647.46	5640.68	
5644.07	5647.46	5644.07	5647.46	5644.07	
5650.85	5640.68	5650.85	5640.68	5650.85	
5633.9	5637.29	5633.9	5637.29	5633.9	
5640.68	5640.68	5640.68	5640.68	5640.68	
5647.46	5644.07	5647.46	5644.07	5647.46	
5654.24	5647.46	5654.24	5647.46	5654.24	
5654.24	5654.24	5654.24	5654.24	5654.24	
5644.07	5650.85	5644.07	5650.85	5644.07	
5654.24	5654.24	5654.24	5654.24	5654.24	
5654.24	5647.46	5654.24	5647.46	5654.24	
5644.07	5644.07	5644.07	5644.07	5644.07	
5657.63	5647.46	5657.63	5647.46	5657.63	
5630.51	5644.07	5630.51	5644.07	5630.51	
5633.9	5637.29	5633.9	5637.29	5633.9	
5644.07	5654.24	5644.07	5654.24	5644.07	
5640.68	5633.9	5640.68	5633.9	5640.68	
5644.07	5637.29	5644.07	5637.29	5644.07	
5623.73	5644.07	5623.73	5644.07	5623.73	
5644.07	5650.85	5644.07	5650.85	5644.07	
5640.68	5630.51	5640.68	5630.51	5640.68	
5627.12	5647.46	5627.12	5647.46	5627.12	
5644.07	5637.29	5644.07	5637.29	5644.07	
5630.51	5633.9	5630.51	5633.9	5630.51	
5654.24	5647.46	5654.24	5647.46	5654.24	
5654.24	5630.51	5654.24	5630.51	5654.24	
5650.85	5644.07	5650.85	5644.07	5650.85	
5657.63	5637.29	5657.63	5637.29	5657.63	
5633.9	5644.07	5633.9	5644.07	5633.9	
5637.29	5644.07	5637.29	5644.07	5637.29	
5627.12	5647.46	5627.12	5647.46	5627.12	
5630.51	5640.68	5630.51	5640.68	5630.51	
5650.85	5647.46	5650.85	5647.46	5650.85	
5647.46	5644.07	5647.46	5644.07	5647.46	
5657.63	5637.29	5657.63	5637.29	5657.63	
5644.07	5647.46	5644.07	5647.46	5644.07	
5637.29	5644.07	5637.29	5644.07	5637.29	
5647.46	5644.07	5647.46	5644.07	5647.46	
5640.68	5647.46	5640.68	5647.46	5640.68	
5640.68	5654.24	5640.68	5654.24	5640.68	
5630.51	5637.29	5630.51	5637.29	5630.51	
5637.29	5650.85	5637.29	5650.85	5637.29	
5644.07	5647.46	5644.07	5647.46	5644.07	
5637.29	5637.29	5637.29	5637.29	5637.29	
5640.68	5637.29	5640.68	5637.29	5640.68	
5671.19	5630.51	5671.19	5630.51	5671.19	
5654.24	5633.9	5654.24	5633.9	5654.24	
5644.07	5633.9	5644.07	5633.9	5644.07	
5630.51	5640.68	5630.51	5640.68	5630.51	
5640.68	5647.46	5640.68	5647.46	5640.68	
5657.63	5630.51	5657.63	5630.51	5657.63	
5650.85	5650.85	5650.85	5650.85	5650.85	
5633.9	5644.07	5633.9	5644.07	5633.9	
5647.46	5644.07	5647.46	5644.07	5647.46	
5630.51	5640.68	5630.51	5640.68	5630.51	
5637.29	5637.29	5637.29	5637.29	5637.29	
5647.46	5644.07	5647.46	5644.07	5647.46	
5650.85	5647.46	5650.85	5647.46	5650.85	
5647.46	5650.85	5647.46	5650.85	5647.46	
5664.41	5654.24	5664.41	5654.24	5664.41	
5657.63	5633.9	5657.63	5633.9	5657.63	
5644.07	5647.46	5644.07	5647.46	5644.07	
5650.85	5640.68	5650.85	5640.68	5650.85	
5644.07	5644.07	5644.07	5644.07	5644.07	
5630.51	5637.29	5630.51	5637.29	5630.51	
5647.46	5633.9	5647.46	5633.9	5647.46	
5644.07	5650.85	5644.07	5650.85	5644.07	
5647.46	5644.07	5647.46	5644.07	5647.46	
5637.29	5650.85	5637.29	5650.85	5637.29	
5633.9	5644.07	5633.9	5644.07	5633.9	
5640.68	5647.46	5640.68	5647.46	5640.68	
5637.29	5633.9	5637.29	5633.9	5637.29	
5640.68	5650.85	5640.68	5650.85	5640.68	
5640.68	5640.68	5640.68	5640.68	5640.68	
5644.07	5640.68	5644.07	5640.68	5644.07	
5640.68	5637.29	5640.68	5637.29	5640.68	
5633.9	5644.07	5633.9	5644.07	5633.9	
5647.46	5640.68	5647.46	5640.68	5647.46	
5667.8	5650.85	5667.8	5650.85	5667.8	
5644.07	5647.46	5644.07	5647.46	5644.07	
5630.51	5640.68	5630.51	5640.68	5630.51	
5654.24	5640.68	5654.24	5640.68	5654.24	
5650.85	5637.29	5650.85	5637.29	5650.85	
5630.51	5637.29	5630.51	5637.29	5630.51	
5647.46	5640.68	5647.46	5640.68	5647.46	
5644.07	5644.07	5644.07	5644.07	5644.07	
5657.63	5654.24	5657.63	5654.24	5657.63	
5637.29	5637.29	5637.29	5637.29	5637.29	
5640.68	5637.29	5640.68	5637.29	5640.68	
5627.12	5637.29	5627.12	5637.29	5627.12	
5633.9	5640.68	5633.9	5640.68	5633.9	
5647.46	5647.46	5647.46	5647.46	5647.46	
5630.51	5644.07	5630.51	5644.07	5630.51	
5640.68	5647.46	5640.68	5647.46	5640.68	
5661.02	5654.24	5661.02	5654.24	5661.02	
5637.29	5637.29	5637.29	5637.29	5637.29	
5640.68	5637.29	5640.68	5637.29	5640.68	
5647.46	5644.07	5647.46	5644.07	5647.46	
5644.07	5637.29	5644.07	5637.29	5644.07	
5644.07	5644.07	5644.07	5644.07	5644.07	
5644.07	5650.85	5644.07	5650.85	5644.07	
5644.07	5650.85	5644.07	5650.85	5644.07	
5637.29	5630.51	5637.29	5630.51	5637.29	
5633.9	5650.85	5633.9	5650.85	5633.9	
5640.68	5637.29	5640.68	5637.29	5640.68	
5637.29	5640.68	5637.29	5640.68	5637.29	
5654.24	5644.07	5654.24	5644.07	5654.24	
5637.29	5644.07	5637.29	5644.07	5637.29	
5644.07	5640.68	5644.07	5640.68	5644.07	
5616.95	5650.85	5616.95	5650.85	5616.95	
5644.07	5644.07	5644.07	5644.07	5644.07	
5640.68	5650.85	5640.68	5650.85	5640.68	
5647.46	5640.68	5647.46	5640.68	5647.46	
5640.68	5637.29	5640.68	5637.29	5640.68	
5637.29	5650.85	5637.29	5650.85	5637.29	
5633.9	5650.85	5633.9	5650.85	5633.9	
5650.85	5640.68	5650.85	5640.68	5650.85	
5667.8	5644.07	5667.8	5644.07	5667.8	
5650.85	5637.29	5650.85	5637.29	5650.85	
5640.68	5644.07	5640.68	5644.07	5640.68	
5630.51	5654.24	5630.51	5654.24	5630.51	
5644.07	5661.02	5644.07	5661.02	5644.07	
5644.07	5640.68	5644.07	5640.68	5644.07	
5637.29	5640.68	5637.29	5640.68	5637.29	
5630.51	5627.12	5630.51	5627.12	5630.51	
5640.68	5647.46	5640.68	5647.46	5640.68	
5647.46	5644.07	5647.46	5644.07	5647.46	
5644.07	5650.85	5644.07	5650.85	5644.07	
5640.68	5657.63	5640.68	5657.63	5640.68	
5647.46	5630.51	5647.46	5630.51	5647.46	
5637.29	5640.68	5637.29	5640.68	5637.29	
5637.29	5647.46	5637.29	5647.46	5637.29	
5637.29	5637.29	5637.29	5637.29	5637.29	
5620.34	5637.29	5620.34	5637.29	5620.34	
5644.07	5633.9	5644.07	5633.9	5644.07	
5647.46	5644.07	5647.46	5644.07	5647.46	
5647.46	5640.68	5647.46	5640.68	5647.46	
5640.68	5633.9	5640.68	5633.9	5640.68	
5650.85	5640.68	5650.85	5640.68	5650.85	
5657.63	5644.07	5657.63	5644.07	5657.63	
5637.29	5644.07	5637.29	5644.07	5637.29	
5633.9	5633.9	5633.9	5633.9	5633.9	
5633.9	5630.51	5633.9	5630.51	5633.9	
5657.63	5647.46	5657.63	5647.46	5657.63	
5633.9	5644.07	5633.9	5644.07	5633.9	
5647.46	5650.85	5647.46	5650.85	5647.46	
5640.68	5650.85	5640.68	5650.85	5640.68	
5637.29	5637.29	5637.29	5637.29	5637.29	
5633.9	5647.46	5633.9	5647.46	5633.9	
5637.29	5633.9	5637.29	5633.9	5637.29	
5640.68	5633.9	5640.68	5633.9	5640.68	
5640.68	5647.46	5640.68	5647.46	5640.68	
5640.68	5640.68	5640.68	5640.68	5640.68	
5633.9	5633.9	5633.9	5633.9	5633.9	
5647.46	5633.9	5647.46	5633.9	5647.46	
5644.07	5647.46	5644.07	5647.46	5644.07	
5637.29	5644.07	5637.29	5644.07	5637.29	
5633.9	5640.68	5633.9	5640.68	5633.9	
5644.07	5637.29	5644.07	5637.29	5644.07	
5623.73	5633.9	5623.73	5633.9	5623.73	
5630.51	5630.51	5630.51	5630.51	5630.51	
5650.85	5640.68	5650.85	5640.68	5650.85	
5637.29	5644.07	5637.29	5644.07	5637.29	
5644.07	5640.68	5644.07	5640.68	5644.07	
5633.9	5647.46	5633.9	5647.46	5633.9	
5647.46	5647.46	5647.46	5647.46	5647.46	
5637.29	5647.46	5637.29	5647.46	5637.29	
5640.68	5650.85	5640.68	5650.85	5640.68	
5633.9	5644.07	5633.9	5644.07	5633.9	
5640.68	5640.68	5640.68	5640.68	5640.68	
5640.68	5657.63	5640.68	5657.63	5640.68	
5644.07	5637.29	5644.07	5637.29	5644.07	
5657.63	5637.29	5657.63	5637.29	5657.63	
5650.85	5637.29	5650.85	5637.29	5650.85	
5650.85	5640.68	5650.85	5640.68	5650.85	
5637.29	5630.51	5637.29	5630.51	5637.29	
5644.07	5647.46	5644.07	5647.46	5644.07	
5640.68	5644.07	5640.68	5644.07	5640.68	
5633.9	5647.46	5633.9	5647.46	5633.9	
5647.46	5647.46	5647.46	5647.46	5647.46	
5637.29	5630.51	5637.29	5630.51	5637.29	
5637.29	5640.68	5637.29	5640.68	5637.29	
5623.73	5630.51	5623.73	5630.51	5623.73	
5644.07	5644.07	5644.07	5644.07	5644.07	
5647.46	5640.68	5647.46	5640.68	5647.46	
5644.07	5650.85	5644.07	5650.85	5644.07	
5647.46	5654.24	5647.46	5654.24	5647.46	
5637.29	5650.85	5637.29	5650.85	5637.29	
5633.9	5644.07	5633.9	5644.07	5633.9	
5647.46	5644.07	5647.46	5644.07	5647.46	
5637.29	5647.46	5637.29	5647.46	5637.29	
5644.07	5657.63	5644.07	5657.63	5644.07	
5661.02	5647.46	5661.02	5647.46	5661.02	
5633.9	5627.12	5633.9	5627.12	5633.9	
5640.68	5647.46	5640.68	5647.46	5640.68	
5644.07	5654.24	5644.07	5654.24	5644.07	
5654.24	5647.46	5654.24	5647.46	5654.24	
5640.68	5640.68	5640.68	5640.68	5640.68	
5661.02	5627.12	5661.02	5627.12	5661.02	
5654.24	5637.29	5654.24	5637.29	5654.24	
5644.07	5657.63	5644.07	5657.63	5644.07	
5644.07	5630.51	5644.07	5630.51	5644.07	
5630.51	5640.68	5630.51	5640.68	5630.51	
5654.24	5637.29	5654.24	5637.29	5654.24	
5640.68	5637.29	5640.68	5637.29	5640.68	
5644.07	5644.07	5644.07	5644.07	5644.07	
5637.29	5630.51	5637.29	5630.51	5637.29	
5647.46	5640.68	5647.46	5640.68	5647.46	
5633.9	5627.12	5633.9	5627.12	5633.9	
5633.9	5640.68	5633.9	5640.68	5633.9	
5633.9	5640.68	5633.9	5640.68	5633.9	
5620.34	5644.07	5620.34	5644.07	5620.34	
5640.68	5637.29	5640.68	5637.29	5640.68	
5644.07	5630.51	5644.07	5630.51	5644.07	
5633.9	5644.07	5633.9	5644.07	5633.9	
5630.51	5637.29	5630.51	5637.29	5630.51	
5637.29	5637.29	5637.29	5637.29	5637.29	
5637.29	5640.68	5637.29	5640.68	5637.29	
5647.46	5657.63	5647.46	5657.63	5647.46	
5644.07	5640.68	5644.07	5640.68	5644.07	
5650.85	5654.24	5650.85	5654.24	5650.85	
5633.9	5650.85	5633.9	5650.85	5633.9	
5650.85	5647.46	5650.85	5647.46	5650.85	
5647.46	5640.68	5647.46	5640.68	5647.46	
5640.68	5640.68	5640.68	5640.68	5640.68	
5640.68	5647.46	5640.68	5647.46	5640.68	
5640.68	5637.29	5640.68	5637.29	5640.68	
5640.68	5647.46	5640.68	5647.46	5640.68	
5647.46	5657.63	5647.46	5657.63	5647.46	
5640.68	5654.24	5640.68	5654.24	5640.68	
5644.07	5647.46	5644.07	5647.46	5644.07	
5650.85	5633.9	5650.85	5633.9	5650.85	
5637.29	5623.73	5637.29	5623.73	5637.29	
5633.9	5644.07	5633.9	5644.07	5633.9	
5640.68	5644.07	5640.68	5644.07	5640.68	
5637.29	5633.9	5637.29	5633.9	5637.29	
5654.24	5640.68	5654.24	5640.68	5654.24	
5644.07	5650.85	5644.07	5650.85	5644.07	
5650.85	5640.68	5650.85	5640.68	5650.85	
5644.07	5661.02	5644.07	5661.02	5644.07	
5630.51	5640.68	5630.51	5640.68	5630.51	
5637.29	5654.24	5637.29	5654.24	5637.29	
5633.9	5657.63	5633.9	5657.63	5633.9	
5644.07	5654.24	5644.07	5654.24	5644.07	
5640.68	5627.12	5640.68	5627.12	5640.68	
5644.07	5633.9	5644.07	5633.9	5644.07	
5650.85	5644.07	5650.85	5644.07	5650.85	
5640.68	5640.68	5640.68	5640.68	5640.68	
5657.63	5640.68	5657.63	5640.68	5657.63	
5640.68	5623.73	5640.68	5623.73	5640.68	
5637.29	5633.9	5637.29	5633.9	5637.29	
5637.29	5654.24	5637.29	5654.24	5637.29	
5640.68	5640.68	5640.68	5640.68	5640.68	
5637.29	5637.29	5637.29	5637.29	5637.29	
5644.07	5650.85	5644.07	5650.85	5644.07	
5644.07	5637.29	5644.07	5637.29	5644.07	
5633.9	5627.12	5633.9	5627.12	5633.9	
5640.68	5633.9	5640.68	5633.9	5640.68	
5644.07	5633.9	5644.07	5633.9	5644.07	
5630.51	5640.68	5630.51	5640.68	5630.51	
5644.07	5657.63	5644.07	5657.63	5644.07	
5630.51	5640.68	5630.51	5640.68	5630.51	
5633.9	5650.85	5633.9	5650.85	5633.9	
5644.07	5637.29	5644.07	5637.29	5644.07	
5630.51	5644.07	5630.51	5644.07	5630.51	
5637.29	5644.07	5637.29	5644.07	5637.29	
5633.9	5640.68	5633.9	5640.68	5633.9	
5633.9	5640.68	5633.9	5640.68	5633.9	
5644.07	5627.12	5644.07	5627.12	5644.07	
5637.29	5640.68	5637.29	5640.68	5637.29	
5637.29	5647.46	5637.29	5647.46	5637.29	
5637.29	5637.29	5637.29	5637.29	5637.29	
5633.9	5657.63	5633.9	5657.63	5633.9	
5640.68	5630.51	5640.68	5630.51	5640.68	
5654.24	5647.46	5654.24	5647.46	5654.24	
5633.9	5640.68	5633.9	5640.68	5633.9	
5644.07	5633.9	5644.07	5633.9	5644.07	
5637.29	5630.51	5637.29	5630.51	5637.29	
5637.29	5637.29	5637.29	5637.29	5637.29	
5654.24	5637.29	5654.24	5637.29	5654.24	
5640.68	5644.07	5640.68	5644.07	5640.68	
5650.85	5627.12	5650.85	5627.12	5650.85	
5644.07	5644.07	5644.07	5644.07	5644.07	
5640.68	5654.24	5640.68	5654.24	5640.68	
5633.9	5644.07	5633.9	5644.07	5633.9	
5657.63	5647.46	5657.63	5647.46	5657.63	
5640.68	5640.68	5640.68	5640.68	5640.68	
5650.85	5654.24	5650.85	5654.24	5650.85	
5640.68	5640.68	5640.68	5640.68	5640.68	
5644.07	5637.29	5644.07	5637.29	5644.07	
5644.07	5630.51	5644.07	5630.51	5644.07	
5644.07	5644.07	5644.07	5644.07	5644.07	
5644.07	5637.29	5644.07	5637.29	5644.07	
5633.9	5616.95	5633.9	5616.95	5633.9	
5640.68	5637.29	5640.68	5637.29	5640.68	
5640.68	5644.07	5640.68	5644.07	5640.68	
5647.46	5644.07	5647.46	5644.07	5647.46	
5633.9	5637.29	5633.9	5637.29	5633.9	
5644.07	5657.63	5644.07	5657.63	5644.07	
5630.51	5644.07	5630.51	5644.07	5630.51	
5640.68	5633.9	5640.68	5633.9	5640.68	
5654.24	5640.68	5654.24	5640.68	5654.24	
5637.29	5640.68	5637.29	5640.68	5637.29	
5637.29	5647.46	5637.29	5647.46	5637.29	
5627.12	5644.07	5627.12	5644.07	5627.12	
5640.68	5623.73	5640.68	5623.73	5640.68	
5650.85	5647.46	5650.85	5647.46	5650.85	
5650.85	5633.9	5650.85	5633.9	5650.85	
5650.85	5637.29	5650.85	5637.29	5650.85	
5640.68	5647.46	5640.68	5647.46	5640.68	
5630.51	5630.51	5630.51	5630.51	5630.51	
5644.07	5640.68	5644.07	5640.68	5644.07	
5640.68	5650.85	5640.68	5650.85	5640.68	
5630.51	5647.46	5630.51	5647.46	5630.51	
5644.07	5654.24	5644.07	5654.24	5644.07	
5623.73	5637.29	5623.73	5637.29	5623.73	
5633.9	5650.85	5633.9	5650.85	5633.9	
5633.9	5637.29	5633.9	5637.29	5633.9	
5644.07	5640.68	5644.07	5640.68	5644.07	
5633.9	5644.07	5633.9	5644.07	5633.9	
5637.29	5637.29	5637.29	5637.29	5637.29	
5647.46	5640.68	5647.46	5640.68	5647.46	
5644.07	5644.07	5644.07	5644.07	5644.07	
5630.51	5644.07	5630.51	5644.07	5630.51	
5637.29	5623.73	5637.29	5623.73	5637.29	
5630.51	5633.9	5630.51	5633.9	5630.51	
5640.68	5633.9	5640.68	5633.9	5640.68	
5627.12	5637.29	5627.12	5637.29	5627.12	
5630.51	5637.29	5630.51	5637.29	5630.51	
5640.68	5637.29	5640.68	5637.29	5640.68	
5637.29	5637.29	5637.29	5637.29	5637.29	
5664.41	5684.75	5664.41	5684.75	5664.41	
5640.68	5637.29	5640.68	5637.29	5640.68	
5640.68	5640.68	5640.68	5640.68	5640.68	
5644.07	5644.07	5644.07	5644.07	5644.07	
5647.46	5637.29	5647.46	5637.29	5647.46	
5644.07	5654.24	5644.07	5654.24	5644.07	
5640.68	5637.29	5640.68	5637.29	5640.68	
5640.68	5637.29	5640.68	5637.29	5640.68	
5620.34	5640.68	5620.34	5640.68	5620.34	
5644.07	5654.24	5644.07	5654.24	5644.07	
5640.68	5630.51	5640.68	5630.51	5640.68	
5647.46	5647.46	5647.46	5647.46	5647.46	
5637.29	5644.07	5637.29	5644.07	5637.29	
5647.46	5633.9	5647.46	5633.9	5647.46	
5650.85	5647.46	5650.85	5647.46	5650.85	
5640.68	5640.68	5640.68	5640.68	5640.68	
5647.46	5644.07	5647.46	5644.07	5647.46	
5630.51	5644.07	5630.51	5644.07	5630.51	
5647.46	5630.51	5647.46	5630.51	5647.46	
5637.29	5633.9	5637.29	5633.9	5637.29	
5644.07	5637.29	5644.07	5637.29	5644.07	
5644.07	5647.46	5644.07	5647.46	5644.07	
5633.9	5630.51	5633.9	5630.51	5633.9	
5647.46	5637.29	5647.46	5637.29	5647.46	
5644.07	5637.29	5644.07	5637.29	5644.07	
5640.68	5640.68	5640.68	5640.68	5640.68	
5650.85	5633.9	5650.85	5633.9	5650.85	
5640.68	5650.85	5640.68	5650.85	5640.68	
5630.51	5647.46	5630.51	5647.46	5630.51	
5640.68	5644.07	5640.68	5644.07	5640.68	
5644.07	5640.68	5644.07	5640.68	5644.07	
5637.29	5644.07	5637.29	5644.07	5637.29	
5630.51	5644.07	5630.51	5644.07	5630.51	
5627.12	5637.29	5627.12	5637.29	5627.12	
5644.07	5647.46	5644.07	5647.46	5644.07	
5637.29	5647.46	5637.29	5647.46	5637.29	
5627.12	5640.68	5627.12	5640.68	5627.12	
5644.07	5647.46	5644.07	5647.46	5644.07	
5647.46	5633.9	5647.46	5633.9	5647.46	
5637.29	5633.9	5637.29	5633.9	5637.29	
5640.68	5640.68	5640.68	5640.68	5640.68	
5637.29	5650.85	5637.29	5650.85	5637.29	
5640.68	5644.07	5640.68	5644.07	5640.68	
5637.29	5647.46	5637.29	5647.46	5637.29	
5640.68	5633.9	5640.68	5633.9	5640.68	
5640.68	5627.12	5640.68	5627.12	5640.68	
5627.12	5633.9	5627.12	5633.9	5627.12	
5654.24	5644.07	5654.24	5644.07	5654.24	
5647.46	5644.07	5647.46	5644.07	5647.46	
5661.02	5684.75	5661.02	5684.75	5661.02	
5630.51	5640.68	5630.51	5640.68	5630.51	
5627.12	5637.29	5627.12	5637.29	5627.12	
5633.9	5650.85	5633.9	5650.85	5633.9	
5657.63	5637.29	5657.63	5637.29	5657.63	
5637.29	5637.29	5637.29	5637.29	5637.29	
5637.29	5640.68	5637.29	5640.68	5637.29	
5657.63	5640.68	5657.63	5640.68	5657.63	
5633.9	5650.85	5633.9	5650.85	5633.9	
5633.9	5644.07	5633.9	5644.07	5633.9	
5640.68	5644.07	5640.68	5644.07	5640.68	
5644.07	5640.68	5644.07	5640.68	5644.07	
5627.12	5640.68	5627.12	5640.68	5627.12	
5637.29	5640.68	5637.29	5640.68	5637.29	
5633.9	5637.29	5633.9	5637.29	5633.9	
5627.12	5640.68	5627.12	5640.68	5627.12	
5640.68	5650.85	5640.68	5650.85	5640.68	
5644.07	5640.68	5644.07	5640.68	5644.07	
5647.46	5633.9	5647.46	5633.9	5647.46	
5637.29	5637.29	5637.29	5637.29	5637.29	
5650.85	5627.12	5650.85	5627.12	5650.85	
5644.07	5640.68	5644.07	5640.68	5644.07	
5640.68	5637.29	5640.68	5637.29	5640.68	
5627.12	5637.29	5627.12	5637.29	5627.12	
5647.46	5637.29	5647.46	5637.29	5647.46	
5640.68	5637.29	5640.68	5637.29	5640.68	
5657.63	5640.68	5657.63	5640.68	5657.63	
5640.68	5637.29	5640.68	5637.29	5640.68	
5644.07	5640.68	5644.07	5640.68	5644.07	
5630.51	5637.29	5630.51	5637.29	5630.51	
5630.51	5644.07	5630.51	5644.07	5630.51	
5647.46	5644.07	5647.46	5644.07	5647.46	
5637.29	5650.85	5637.29	5650.85	5637.29	
5640.68	5633.9	5640.68	5633.9	5640.68	
5633.9	5644.07	5633.9	5644.07	5633.9	
5640.68	5647.46	5640.68	5647.46	5640.68	
5640.68	5637.29	5640.68	5637.29	5640.68	
5637.29	5640.68	5637.29	5640.68	5637.29	
5637.29	5644.07	5637.29	5644.07	5637.29	
5630.51	5630.51	5630.51	5630.51	5630.51	
5630.51	5647.46	5630.51	5647.46	5630.51	
5640.68	5644.07	5640.68	5644.07	5640.68	
5647.46	5637.29	5647.46	5637.29	5647.46	
5637.29	5640.68	5637.29	5640.68	5637.29	
5654.24	5647.46	5654.24	5647.46	5654.24	
5644.07	5627.12	5644.07	5627.12	5644.07	
5630.51	5637.29	5630.51	5637.29	5630.51	
5627.12	5637.29	5627.12	5637.29	5627.12	
5630.51	5644.07	5630.51	5644.07	5630.51	
5650.85	5640.68	5650.85	5640.68	5650.85	
5644.07	5654.24	5644.07	5654.24	5644.07	
5630.51	5633.9	5630.51	5633.9	5630.51	
5637.29	5637.29	5637.29	5637.29	5637.29	
5633.9	5630.51	5633.9	5630.51	5633.9	
5633.9	5637.29	5633.9	5637.29	5633.9	
5644.07	5644.07	5644.07	5644.07	5644.07	
5644.07	5650.85	5644.07	5650.85	5644.07	
5640.68	5647.46	5640.68	5647.46	5640.68	
5640.68	5630.51	5640.68	5630.51	5640.68	
5630.51	5650.85	5630.51	5650.85	5630.51	
5644.07	5640.68	5644.07	5640.68	5644.07	
5647.46	5640.68	5647.46	5640.68	5647.46	
5647.46	5647.46	5647.46	5647.46	5647.46	
5627.12	5654.24	5627.12	5654.24	5627.12	
5633.9	5630.51	5633.9	5630.51	5633.9	
5633.9	5654.24	5633.9	5654.24	5633.9	
5637.29	5640.68	5637.29	5640.68	5637.29	
5630.51	5650.85	5630.51	5650.85	5630.51	
5644.07	5654.24	5644.07	5654.24	5644.07	
5644.07	5633.9	5644.07	5633.9	5644.07	
5637.29	5630.51	5637.29	5630.51	5637.29	
5650.85	5644.07	5650.85	5644.07	5650.85	
5647.46	5640.68	5647.46	5640.68	5647.46	
5647.46	5644.07	5647.46	5644.07	5647.46	
5640.68	5623.73	5640.68	5623.73	5640.68	
5650.85	5640.68	5650.85	5640.68	5650.85	
5623.73	5637.29	5623.73	5637.29	5623.73	
5640.68	5667.8	5640.68	5667.8	5640.68	
5627.12	5620.34	5627.12	5620.34	5627.12	
5633.9	5644.07	5633.9	5644.07	5633.9	
5647.46	5640.68	5647.46	5640.68	5647.46	
5654.24	5647.46	5654.24	5647.46	5654.24	
5647.46	5644.07	5647.46	5644.07	5647.46	
5623.73	5647.46	5623.73	5647.46	5623.73	
5633.9	5630.51	5633.9	5630.51	5633.9	
5640.68	5633.9	5640.68	5633.9	5640.68	
5630.51	5633.9	5630.51	5633.9	5630.51	
5644.07	5633.9	5644.07	5633.9	5644.07	
5637.29	5647.46	5637.29	5647.46	5637.29	
5644.07	5657.63	5644.07	5657.63	5644.07	
5644.07	5644.07	5644.07	5644.07	5644.07	
5644.07	5630.51	5644.07	5630.51	5644.07	
5647.46	5640.68	5647.46	5640.68	5647.46	
5620.34	5637.29	5620.34	5637.29	5620.34	
5644.07	5640.68	5644.07	5640.68	5644.07	
5637.29	5644.07	5637.29	5644.07	5637.29	
5644.07	5637.29	5644.07	5637.29	5644.07	
5633.9	5637.29	5633.9	5637.29	5633.9	
5644.07	5644.07	5644.07	5644.07	5644.07	
5644.07	5640.68	5644.07	5640.68	5644.07	
5644.07	5637.29	5644.07	5637.29	5644.07	
5640.68	5647.46	5640.68	5647.46	5640.68	
5633.9	5647.46	5633.9	5647.46	5633.9	
5644.07	5637.29	5644.07	5637.29	5644.07	
5633.9	5644.07	5633.9	5644.07	5633.9	
5623.73	5630.51	5623.73	5630.51	5623.73	
5637.29	5630.51	5637.29	5630.51	5637.29	
5654.24	5640.68	5654.24	5640.68	5654.24	
5637.29	5633.9	5637.29	5633.9	5637.29	
5640.68	5637.29	5640.68	5637.29	5640.68	
5644.07	5644.07	5644.07	5644.07	5644.07	
5633.9	5637.29	5633.9	5637.29	5633.9	
5650.85	5627.12	5650.85	5627.12	5650.85	
5633.9	5640.68	5633.9	5640.68	5633.9	
5637.29	5627.12	5637.29	5627.12	5637.29	
5647.46	5640.68	5647.46	5640.68	5647.46	
5640.68	5640.68	5640.68	5640.68	5640.68	
5637.29	5627.12	5637.29	5627.12	5637.29	
5630.51	5657.63	5630.51	5657.63	5630.51	
5637.29	5647.46	5637.29	5647.46	5637.29	
5644.07	5647.46	5644.07	5647.46	5644.07	
5627.12	5640.68	5627.12	5640.68	5627.12	
5640.68	5650.85	5640.68	5650.85	5640.68	
5650.85	5657.63	5650.85	5657.63	5650.85	
5640.68	5640.68	5640.68	5640.68	5640.68	
5637.29	5637.29	5637.29	5637.29	5637.29	
5644.07	5640.68	5644.07	5640.68	5644.07	
5640.68	5637.29	5640.68	5637.29	5640.68	
5644.07	5627.12	5644.07	5627.12	5644.07	
5640.68	5630.51	5640.68	5630.51	5640.68	
5637.29	5644.07	5637.29	5644.07	5637.29	
5654.24	5644.07	5654.24	5644.07	5654.24	
5640.68	5637.29	5640.68	5637.29	5640.68	
5637.29	5644.07	5637.29	5644.07	5637.29	
5644.07	5637.29	5644.07	5637.29	5644.07	
5647.46	5627.12	5647.46	5627.12	5647.46	
5644.07	5650.85	5644.07	5650.85	5644.07	
5633.9	5644.07	5633.9	5644.07	5633.9	
5647.46	5633.9	5647.46	5633.9	5647.46	
5620.34	5640.68	5620.34	5640.68	5620.34	
5654.24	5644.07	5654.24	5644.07	5654.24	
5637.29	5633.9	5637.29	5633.9	5637.29	
5630.51	5637.29	5630.51	5637.29	5630.51	
5647.46	5640.68	5647.46	5640.68	5647.46	
5640.68	5633.9	5640.68	5633.9	5640.68	
5647.46	5640.68	5647.46	5640.68	5647.46	
5647.46	5633.9	5647.46	5633.9	5647.46	
5633.9	5647.46	5633.9	5647.46	5633.9	
5620.34	5650.85	5620.34	5650.85	5620.34	
5633.9	5637.29	5633.9	5637.29	5633.9	
5637.29	5644.07	5637.29	5644.07	5637.29	
5647.46	5637.29	5647.46	5637.29	5647.46	
5637.29	5630.51	5637.29	5630.51	5637.29	
5633.9	5633.9	5633.9	5633.9	5633.9	
5637.29	5637.29	5637.29	5637.29	5637.29	
5637.29	5647.46	5637.29	5647.46	5637.29	
5637.29	5637.29	5637.29	5637.29	5637.29	
5637.29	5664.41	5637.29	5664.41	5637.29	
5630.51	5633.9	5630.51	5633.9	5630.51	
5633.9	5630.51	5633.9	5630.51	5633.9	
5640.68	5637.29	5640.68	5637.29	5640.68	
5633.9	5654.24	5633.9	5654.24	5633.9	
5633.9	5637.29	5633.9	5637.29	5633.9	
5623.73	5630.51	5623.73	5630.51	5623.73	
5647.46	5637.29	5647.46	5637.29	5647.46	
5630.51	5630.51	5630.51	5630.51	5630.51	
5647.46	5633.9	5647.46	5633.9	5647.46	
5640.68	5640.68	5640.68	5640.68	5640.68	
5644.07	5637.29	5644.07	5637.29	5644.07	
5640.68	5640.68	5640.68	5640.68	5640.68	
5644.07	5633.9	5644.07	5633.9	5644.07	
5637.29	5630.51	5637.29	5630.51	5637.29	
5644.07	5640.68	5644.07	5640.68	5644.07	
5633.9	5633.9	5633.9	5633.9	5633.9	
5640.68	5630.51	5640.68	5630.51	5640.68	
5630.51	5640.68	5630.51	5640.68	5630.51	
5633.9	5640.68	5633.9	5640.68	5633.9	
5640.68	5633.9	5640.68	5633.9	5640.68	
5627.12	5633.9	5627.12	5633.9	5627.12	
5640.68	5650.85	5640.68	5650.85	5640.68	
5630.51	5664.41	5630.51	5664.41	5630.51	
5644.07	5633.9	5644.07	5633.9	5644.07	
5627.12	5640.68	5627.12	5640.68	5627.12	
5644.07	5647.46	5644.07	5647.46	5644.07	
5650.85	5640.68	5650.85	5640.68	5650.85	
5654.24	5633.9	5654.24	5633.9	5654.24	
5640.68	5630.51	5640.68	5630.51	5640.68	
5633.9	5637.29	5633.9	5637.29	5633.9	
5637.29	5627.12	5637.29	5627.12	5637.29	
5637.29	5630.51	5637.29	5630.51	5637.29	
5637.29	5640.68	5637.29	5640.68	5637.29	
5623.73	5640.68	5623.73	5640.68	5623.73	
5640.68	5630.51	5640.68	5630.51	5640.68	
5647.46	5657.63	5647.46	5657.63	5647.46	
5640.68	5633.9	5640.68	5633.9	5640.68	
5627.12	5640.68	5627.12	5640.68	5627.12	
5640.68	5644.07	5640.68	5644.07	5640.68	
5637.29	5633.9	5637.29	5633.9	5637.29	
5630.51	5633.9	5630.51	5633.9	5630.51	
5637.29	5637.29	5637.29	5637.29	5637.29	
5630.51	5633.9	5630.51	5633.9	5630.51	
5647.46	5633.9	5647.46	5633.9	5647.46	
5647.46	5644.07	5647.46	5644.07	5647.46	
5647.46	5644.07	5647.46	5644.07	5647.46	
5633.9	5633.9	5633.9	5633.9	5633.9	
5633.9	5627.12	5633.9	5627.12	5633.9	
5633.9	5637.29	5633.9	5637.29	5633.9	
5640.68	5650.85	5640.68	5650.85	5640.68	
5650.85	5650.85	5650.85	5650.85	5650.85	
5633.9	5647.46	5633.9	5647.46	5633.9	
5633.9	5633.9	5633.9	5633.9	5633.9	
5640.68	5647.46	5640.68	5647.46	5640.68	
5633.9	5644.07	5633.9	5644.07	5633.9	
5644.07	5640.68	5644.07	5640.68	5644.07	
5637.29	5633.9	5637.29	5633.9	5637.29	
5640.68	5644.07	5640.68	5644.07	5640.68	
5644.07	5654.24	5644.07	5654.24	5644.07	
5644.07	5644.07	5644.07	5644.07	5644.07	
5650.85	5630.51	5650.85	5630.51	5650.85	
5637.29	5637.29	5637.29	5637.29	5637.29	
5627.12	5650.85	5627.12	5650.85	5627.12	
5633.9	5640.68	5633.9	5640.68	5633.9	
5644.07	5640.68	5644.07	5640.68	5644.07	
5633.9	5637.29	5633.9	5637.29	5633.9	
5633.9	5637.29	5633.9	5637.29	5633.9	
5644.07	5647.46	5644.07	5647.46	5644.07	
5640.68	5650.85	5640.68	5650.85	5640.68	
5644.07	5633.9	5644.07	5633.9	5644.07	
5644.07	5654.24	5644.07	5654.24	5644.07	
5644.07	5633.9	5644.07	5633.9	5644.07	
5647.46	5644.07	5647.46	5644.07	5647.46	
5650.85	5633.9	5650.85	5633.9	5650.85	
5640.68	5633.9	5640.68	5633.9	5640.68	
5640.68	5633.9	5640.68	5633.9	5640.68	
5637.29	5633.9	5637.29	5633.9	5637.29	
5633.9	5640.68	5633.9	5640.68	5633.9	
5637.29	5640.68	5637.29	5640.68	5637.29	
5640.68	5644.07	5640.68	5644.07	5640.68	
5640.68	5644.07	5640.68	5644.07	5640.68	
5644.07	5650.85	5644.07	5650.85	5644.07	
5640.68	5650.85	5640.68	5650.85	5640.68	
5630.51	5630.51	5630.51	5630.51	5630.51	
5623.73	5637.29	5623.73	5637.29	5623.73	
5647.46	5633.9	5647.46	5633.9	5647.46	
5633.9	5644.07	5633.9	5644.07	5633.9	
5633.9	5637.29	5633.9	5637.29	5633.9	
5630.51	5654.24	5630.51	5654.24	5630.51	
5637.29	5650.85	5637.29	5650.85	5637.29	
5633.9	5637.29	5633.9	5637.29	5633.9	
5647.46	5640.68	5647.46	5640.68	5647.46	
5637.29	5640.68	5637.29	5640.68	5637.29	
5644.07	5630.51	5644.07	5630.51	5644.07	
5644.07	5647.46	5644.07	5647.46	5644.07	
5640.68	5627.12	5640.68	5627.12	5640.68	
5644.07	5640.68	5644.07	5640.68	5644.07	
5640.68	5647.46	5640.68	5647.46	5640.68	
5640.68	5637.29	5640.68	5637.29	5640.68	
5633.9	5633.9	5633.9	5633.9	5633.9	
5640.68	5640.68	5640.68	5640.68	5640.68	
5647.46	5637.29	5647.46	5637.29	5647.46	
5650.85	5640.68	5650.85	5640.68	5650.85	
5637.29	5640.68	5637.29	5640.68	5637.29	
5633.9	5633.9	5633.9	5633.9	5633.9	
5637.29	5644.07	5637.29	5644.07	5637.29	
5654.24	5644.07	5654.24	5644.07	5654.24	
5637.29	5640.68	5637.29	5640.68	5637.29	
5650.85	5644.07	5650.85	5644.07	5650.85	
5637.29	5640.68	5637.29	5640.68	5637.29	
5644.07	5637.29	5644.07	5637.29	5644.07	
5664.41	5671.19	5664.41	5671.19	5664.41	
5640.68	5640.68	5640.68	5640.68	5640.68	
5640.68	5640.68	5640.68	5640.68	5640.68	
5644.07	5637.29	5644.07	5637.29	5644.07	
5630.51	5637.29	5630.51	5637.29	5630.51	
5644.07	5637.29	5644.07	5637.29	5644.07	
5623.73	5644.07	5623.73	5644.07	5623.73	
5630.51	5640.68	5630.51	5640.68	5630.51	
5637.29	5633.9	5637.29	5633.9	5637.29	
5627.12	5630.51	5627.12	5630.51	5627.12	
5627.12	5650.85	5627.12	5650.85	5627.12	
5637.29	5623.73	5637.29	5623.73	5637.29	
5633.9	5627.12	5633.9	5627.12	5633.9	
5633.9	5650.85	5633.9	5650.85	5633.9	
5620.34	5640.68	5620.34	5640.68	5620.34	
5637.29	5644.07	5637.29	5644.07	5637.29	
5650.85	5633.9	5650.85	5633.9	5650.85	
5637.29	5633.9	5637.29	5633.9	5637.29	
5644.07	5640.68	5644.07	5640.68	5644.07	
5630.51	5647.46	5630.51	5647.46	5630.51	
5633.9	5627.12	5633.9	5627.12	5633.9	
5627.12	5627.12	5627.12	5627.12	5627.12	
5623.73	5616.95	5623.73	5616.95	5623.73	
5623.73	5610.17	5623.73	5610.17	5623.73	
5616.95	5606.78	5616.95	5606.78	5616.95	
