4774.93	4777.78	4774.93	4777.78	4774.93	
4737.89	4740.74	4737.89	4740.74	4737.89	
4729.34	4723.65	4729.34	4723.65	4729.34	
4726.5	4723.65	4726.5	4723.65	4726.5	
4720.8	4740.74	4720.8	4740.74	4720.8	
4743.59	4746.44	4743.59	4746.44	4743.59	
4746.44	4743.59	4746.44	4743.59	4746.44	
4732.19	4735.04	4732.19	4735.04	4732.19	
4740.74	4743.59	4740.74	4743.59	4740.74	
4735.04	4740.74	4735.04	4740.74	4735.04	
4746.44	4752.14	4746.44	4752.14	4746.44	
4737.89	4737.89	4737.89	4737.89	4737.89	
4746.44	4740.74	4746.44	4740.74	4746.44	
4749.29	4726.5	4749.29	4726.5	4749.29	
4737.89	4726.5	4737.89	4726.5	4737.89	
4743.59	4740.74	4743.59	4740.74	4743.59	
4746.44	4737.89	4746.44	4737.89	4746.44	
4749.29	4754.99	4749.29	4754.99	4749.29	
4743.59	4757.83	4743.59	4757.83	4743.59	
4746.44	4743.59	4746.44	4743.59	4746.44	
4754.99	4752.14	4754.99	4752.14	4754.99	
4752.14	4740.74	4752.14	4740.74	4752.14	
4737.89	4737.89	4737.89	4737.89	4737.89	
4735.04	4746.44	4735.04	4746.44	4735.04	
4740.74	4735.04	4740.74	4735.04	4740.74	
4749.29	4743.59	4749.29	4743.59	4749.29	
4732.19	4737.89	4732.19	4737.89	4732.19	
4743.59	4749.29	4743.59	4749.29	4743.59	
4746.44	4752.14	4746.44	4752.14	4746.44	
4746.44	4752.14	4746.44	4752.14	4746.44	
4749.29	4757.83	4749.29	4757.83	4749.29	
4752.14	4757.83	4752.14	4757.83	4752.14	
4740.74	4752.14	4740.74	4752.14	4740.74	
4743.59	4749.29	4743.59	4749.29	4743.59	
4740.74	4743.59	4740.74	4743.59	4740.74	
4740.74	4743.59	4740.74	4743.59	4740.74	
4732.19	4749.29	4732.19	4749.29	4732.19	
4743.59	4749.29	4743.59	4749.29	4743.59	
4735.04	4754.99	4735.04	4754.99	4735.04	
4752.14	4749.29	4752.14	4749.29	4752.14	
4740.74	4754.99	4740.74	4754.99	4740.74	
4746.44	4743.59	4746.44	4743.59	4746.44	
4749.29	4743.59	4749.29	4743.59	4749.29	
4752.14	4740.74	4752.14	4740.74	4752.14	
4743.59	4752.14	4743.59	4752.14	4743.59	
4757.83	4749.29	4757.83	4749.29	4757.83	
4737.89	4737.89	4737.89	4737.89	4737.89	
4752.14	4746.44	4752.14	4746.44	4752.14	
4735.04	4740.74	4735.04	4740.74	4735.04	
4757.83	4752.14	4757.83	4752.14	4757.83	
4760.68	4746.44	4760.68	4746.44	4760.68	
4749.29	4737.89	4749.29	4737.89	4749.29	
4752.14	4746.44	4752.14	4746.44	4752.14	
4752.14	4752.14	4752.14	4752.14	4752.14	
4743.59	4754.99	4743.59	4754.99	4743.59	
4743.59	4757.83	4743.59	4757.83	4743.59	
4740.74	4754.99	4740.74	4754.99	4740.74	
4735.04	4746.44	4735.04	4746.44	4735.04	
4757.83	4749.29	4757.83	4749.29	4757.83	
4737.89	4754.99	4737.89	4754.99	4737.89	
4746.44	4757.83	4746.44	4757.83	4746.44	
4749.29	4752.14	4749.29	4752.14	4749.29	
4732.19	4749.29	4732.19	4749.29	4732.19	
4737.89	4740.74	4737.89	4740.74	4737.89	
4737.89	4737.89	4737.89	4737.89	4737.89	
4752.14	4746.44	4752.14	4746.44	4752.14	
4749.29	4749.29	4749.29	4749.29	4749.29	
4740.74	4749.29	4740.74	4749.29	4740.74	
4743.59	4737.89	4743.59	4737.89	4743.59	
4754.99	4752.14	4754.99	4752.14	4754.99	
4746.44	4743.59	4746.44	4743.59	4746.44	
4757.83	4737.89	4757.83	4737.89	4757.83	
4737.89	4752.14	4737.89	4752.14	4737.89	
4760.68	4743.59	4760.68	4743.59	4760.68	
4749.29	4743.59	4749.29	4743.59	4749.29	
4737.89	4740.74	4737.89	4740.74	4737.89	
4746.44	4757.83	4746.44	4757.83	4746.44	
4752.14	4752.14	4752.14	4752.14	4752.14	
4746.44	4752.14	4746.44	4752.14	4746.44	
4749.29	4757.83	4749.29	4757.83	4749.29	
4746.44	4746.44	4746.44	4746.44	4746.44	
4752.14	4740.74	4752.14	4740.74	4752.14	
4740.74	4746.44	4740.74	4746.44	4740.74	
4760.68	4743.59	4760.68	4743.59	4760.68	
4749.29	4757.83	4749.29	4757.83	4749.29	
4743.59	4740.74	4743.59	4740.74	4743.59	
4746.44	4746.44	4746.44	4746.44	4746.44	
4740.74	4737.89	4740.74	4737.89	4740.74	
4746.44	4752.14	4746.44	4752.14	4746.44	
4746.44	4740.74	4746.44	4740.74	4746.44	
4749.29	4740.74	4749.29	4740.74	4749.29	
4729.34	4746.44	4729.34	4746.44	4729.34	
4746.44	4740.74	4746.44	4740.74	4746.44	
4749.29	4743.59	4749.29	4743.59	4749.29	
4735.04	4746.44	4735.04	4746.44	4735.04	
4766.38	4754.99	4766.38	4754.99	4766.38	
4746.44	4749.29	4746.44	4749.29	4746.44	
4737.89	4743.59	4737.89	4743.59	4737.89	
4740.74	4735.04	4740.74	4735.04	4740.74	
4749.29	4752.14	4749.29	4752.14	4749.29	
4735.04	4743.59	4735.04	4743.59	4735.04	
4749.29	4732.19	4749.29	4732.19	4749.29	
4743.59	4746.44	4743.59	4746.44	4743.59	
4746.44	4740.74	4746.44	4740.74	4746.44	
4749.29	4746.44	4749.29	4746.44	4749.29	
4746.44	4740.74	4746.44	4740.74	4746.44	
4746.44	4746.44	4746.44	4746.44	4746.44	
4743.59	4752.14	4743.59	4752.14	4743.59	
4746.44	4735.04	4746.44	4735.04	4746.44	
4740.74	4752.14	4740.74	4752.14	4740.74	
4732.19	4752.14	4732.19	4752.14	4732.19	
4743.59	4737.89	4743.59	4737.89	4743.59	
4735.04	4746.44	4735.04	4746.44	4735.04	
4749.29	4740.74	4749.29	4740.74	4749.29	
4752.14	4740.74	4752.14	4740.74	4752.14	
4743.59	4735.04	4743.59	4735.04	4743.59	
4746.44	4746.44	4746.44	4746.44	4746.44	
4749.29	4743.59	4749.29	4743.59	4749.29	
4754.99	4754.99	4754.99	4754.99	4754.99	
4743.59	4757.83	4743.59	4757.83	4743.59	
4749.29	4740.74	4749.29	4740.74	4749.29	
4740.74	4760.68	4740.74	4760.68	4740.74	
4743.59	4743.59	4743.59	4743.59	4743.59	
4760.68	4746.44	4760.68	4746.44	4760.68	
4743.59	4749.29	4743.59	4749.29	4743.59	
4749.29	4757.83	4749.29	4757.83	4749.29	
4740.74	4746.44	4740.74	4746.44	4740.74	
4746.44	4740.74	4746.44	4740.74	4746.44	
4743.59	4737.89	4743.59	4737.89	4743.59	
4740.74	4749.29	4740.74	4749.29	4740.74	
4746.44	4743.59	4746.44	4743.59	4746.44	
4746.44	4752.14	4746.44	4752.14	4746.44	
4735.04	4752.14	4735.04	4752.14	4735.04	
4743.59	4743.59	4743.59	4743.59	4743.59	
4743.59	4749.29	4743.59	4749.29	4743.59	
4746.44	4752.14	4746.44	4752.14	4746.44	
4746.44	4754.99	4746.44	4754.99	4746.44	
4749.29	4746.44	4749.29	4746.44	4749.29	
4746.44	4749.29	4746.44	4749.29	4746.44	
4743.59	4737.89	4743.59	4737.89	4743.59	
4737.89	4746.44	4737.89	4746.44	4737.89	
4746.44	4732.19	4746.44	4732.19	4746.44	
4743.59	4749.29	4743.59	4749.29	4743.59	
4743.59	4749.29	4743.59	4749.29	4743.59	
4746.44	4760.68	4746.44	4760.68	4746.44	
4732.19	4746.44	4732.19	4746.44	4732.19	
4754.99	4740.74	4754.99	4740.74	4754.99	
4740.74	4754.99	4740.74	4754.99	4740.74	
4746.44	4743.59	4746.44	4743.59	4746.44	
4743.59	4749.29	4743.59	4749.29	4743.59	
4743.59	4763.53	4743.59	4763.53	4743.59	
4752.14	4752.14	4752.14	4752.14	4752.14	
4746.44	4743.59	4746.44	4743.59	4746.44	
4746.44	4754.99	4746.44	4754.99	4746.44	
4737.89	4746.44	4737.89	4746.44	4737.89	
4746.44	4757.83	4746.44	4757.83	4746.44	
4729.34	4735.04	4729.34	4735.04	4729.34	
4746.44	4749.29	4746.44	4749.29	4746.44	
4740.74	4740.74	4740.74	4740.74	4740.74	
4740.74	4749.29	4740.74	4749.29	4740.74	
4752.14	4746.44	4752.14	4746.44	4752.14	
4746.44	4740.74	4746.44	4740.74	4746.44	
4749.29	4743.59	4749.29	4743.59	4749.29	
4737.89	4743.59	4737.89	4743.59	4737.89	
4754.99	4766.38	4754.99	4766.38	4754.99	
4740.74	4737.89	4740.74	4737.89	4740.74	
4737.89	4743.59	4737.89	4743.59	4737.89	
4749.29	4740.74	4749.29	4740.74	4749.29	
4749.29	4763.53	4749.29	4763.53	4749.29	
4746.44	4752.14	4746.44	4752.14	4746.44	
4746.44	4746.44	4746.44	4746.44	4746.44	
4749.29	4740.74	4749.29	4740.74	4749.29	
4737.89	4740.74	4737.89	4740.74	4737.89	
4737.89	4749.29	4737.89	4749.29	4737.89	
4732.19	4735.04	4732.19	4735.04	4732.19	
4746.44	4735.04	4746.44	4735.04	4746.44	
4749.29	4729.34	4749.29	4729.34	4749.29	
4746.44	4749.29	4746.44	4749.29	4746.44	
4743.59	4743.59	4743.59	4743.59	4743.59	
4732.19	4737.89	4732.19	4737.89	4732.19	
4740.74	4743.59	4740.74	4743.59	4740.74	
4749.29	4754.99	4749.29	4754.99	4749.29	
4737.89	4749.29	4737.89	4749.29	4737.89	
4754.99	4757.83	4754.99	4757.83	4754.99	
4740.74	4740.74	4740.74	4740.74	4740.74	
4737.89	4746.44	4737.89	4746.44	4737.89	
4732.19	4740.74	4732.19	4740.74	4732.19	
4737.89	4740.74	4737.89	4740.74	4737.89	
4737.89	4752.14	4737.89	4752.14	4737.89	
4743.59	4740.74	4743.59	4740.74	4743.59	
4737.89	4732.19	4737.89	4732.19	4737.89	
4743.59	4737.89	4743.59	4737.89	4743.59	
4735.04	4746.44	4735.04	4746.44	4735.04	
4740.74	4729.34	4740.74	4729.34	4740.74	
4740.74	4749.29	4740.74	4749.29	4740.74	
4740.74	4746.44	4740.74	4746.44	4740.74	
4749.29	4746.44	4749.29	4746.44	4749.29	
4752.14	4740.74	4752.14	4740.74	4752.14	
4749.29	4752.14	4749.29	4752.14	4749.29	
4735.04	4749.29	4735.04	4749.29	4735.04	
4740.74	4749.29	4740.74	4749.29	4740.74	
4743.59	4735.04	4743.59	4735.04	4743.59	
4737.89	4726.5	4737.89	4726.5	4737.89	
4743.59	4749.29	4743.59	4749.29	4743.59	
4740.74	4740.74	4740.74	4740.74	4740.74	
4746.44	4740.74	4746.44	4740.74	4746.44	
4735.04	4749.29	4735.04	4749.29	4735.04	
4746.44	4743.59	4746.44	4743.59	4746.44	
4743.59	4749.29	4743.59	4749.29	4743.59	
4740.74	4740.74	4740.74	4740.74	4740.74	
4749.29	4737.89	4749.29	4737.89	4749.29	
4743.59	4749.29	4743.59	4749.29	4743.59	
4752.14	4749.29	4752.14	4749.29	4752.14	
4757.83	4746.44	4757.83	4746.44	4757.83	
4749.29	4746.44	4749.29	4746.44	4749.29	
4743.59	4740.74	4743.59	4740.74	4743.59	
4749.29	4749.29	4749.29	4749.29	4749.29	
4746.44	4737.89	4746.44	4737.89	4746.44	
4735.04	4752.14	4735.04	4752.14	4735.04	
4735.04	4729.34	4735.04	4729.34	4735.04	
4743.59	4743.59	4743.59	4743.59	4743.59	
4743.59	4743.59	4743.59	4743.59	4743.59	
4746.44	4737.89	4746.44	4737.89	4746.44	
4749.29	4749.29	4749.29	4749.29	4749.29	
4740.74	4740.74	4740.74	4740.74	4740.74	
4749.29	4746.44	4749.29	4746.44	4749.29	
4757.83	4749.29	4757.83	4749.29	4757.83	
4743.59	4760.68	4743.59	4760.68	4743.59	
4726.5	4740.74	4726.5	4740.74	4726.5	
4752.14	4743.59	4752.14	4743.59	4752.14	
4740.74	4735.04	4740.74	4735.04	4740.74	
4749.29	4746.44	4749.29	4746.44	4749.29	
4740.74	4754.99	4740.74	4754.99	4740.74	
4740.74	4749.29	4740.74	4749.29	4740.74	
4760.68	4746.44	4760.68	4746.44	4760.68	
4746.44	4737.89	4746.44	4737.89	4746.44	
4743.59	4743.59	4743.59	4743.59	4743.59	
4746.44	4746.44	4746.44	4746.44	4746.44	
4752.14	4743.59	4752.14	4743.59	4752.14	
4746.44	4743.59	4746.44	4743.59	4746.44	
4749.29	4737.89	4749.29	4737.89	4749.29	
4737.89	4746.44	4737.89	4746.44	4737.89	
4749.29	4743.59	4749.29	4743.59	4749.29	
4763.53	4743.59	4763.53	4743.59	4763.53	
4743.59	4754.99	4743.59	4754.99	4743.59	
4757.83	4735.04	4757.83	4735.04	4757.83	
4735.04	4746.44	4735.04	4746.44	4735.04	
4740.74	4740.74	4740.74	4740.74	4740.74	
4746.44	4749.29	4746.44	4749.29	4746.44	
4732.19	4746.44	4732.19	4746.44	4732.19	
4743.59	4743.59	4743.59	4743.59	4743.59	
4760.68	4754.99	4760.68	4754.99	4760.68	
4749.29	4737.89	4749.29	4737.89	4749.29	
4735.04	4737.89	4735.04	4737.89	4735.04	
4737.89	4735.04	4737.89	4735.04	4737.89	
4743.59	4743.59	4743.59	4743.59	4743.59	
4749.29	4737.89	4749.29	4737.89	4749.29	
4732.19	4740.74	4732.19	4740.74	4732.19	
4743.59	4746.44	4743.59	4746.44	4743.59	
4737.89	4735.04	4737.89	4735.04	4737.89	
4737.89	4760.68	4737.89	4760.68	4737.89	
4743.59	4757.83	4743.59	4757.83	4743.59	
4746.44	4735.04	4746.44	4735.04	4746.44	
4740.74	4746.44	4740.74	4746.44	4740.74	
4746.44	4752.14	4746.44	4752.14	4746.44	
4749.29	4737.89	4749.29	4737.89	4749.29	
4740.74	4740.74	4740.74	4740.74	4740.74	
4757.83	4735.04	4757.83	4735.04	4757.83	
4749.29	4746.44	4749.29	4746.44	4749.29	
4735.04	4740.74	4735.04	4740.74	4735.04	
4740.74	4749.29	4740.74	4749.29	4740.74	
4732.19	4749.29	4732.19	4749.29	4732.19	
4749.29	4737.89	4749.29	4737.89	4749.29	
4749.29	4743.59	4749.29	4743.59	4749.29	
4746.44	4752.14	4746.44	4752.14	4746.44	
4729.34	4749.29	4729.34	4749.29	4729.34	
4743.59	4735.04	4743.59	4735.04	4743.59	
4740.74	4743.59	4740.74	4743.59	4740.74	
4752.14	4740.74	4752.14	4740.74	4752.14	
4737.89	4740.74	4737.89	4740.74	4737.89	
4735.04	4737.89	4735.04	4737.89	4735.04	
4737.89	4746.44	4737.89	4746.44	4737.89	
4746.44	4752.14	4746.44	4752.14	4746.44	
4740.74	4737.89	4740.74	4737.89	4740.74	
4746.44	4737.89	4746.44	4737.89	4746.44	
4749.29	4746.44	4749.29	4746.44	4749.29	
4737.89	4740.74	4737.89	4740.74	4737.89	
4746.44	4737.89	4746.44	4737.89	4746.44	
4746.44	4743.59	4746.44	4743.59	4746.44	
4740.74	4735.04	4740.74	4735.04	4740.74	
4746.44	4732.19	4746.44	4732.19	4746.44	
4757.83	4749.29	4757.83	4749.29	4757.83	
4746.44	4740.74	4746.44	4740.74	4746.44	
4737.89	4732.19	4737.89	4732.19	4737.89	
4754.99	4743.59	4754.99	4743.59	4754.99	
4749.29	4726.5	4749.29	4726.5	4749.29	
4743.59	4737.89	4743.59	4737.89	4743.59	
4746.44	4749.29	4746.44	4749.29	4746.44	
4746.44	4743.59	4746.44	4743.59	4746.44	
4743.59	4743.59	4743.59	4743.59	4743.59	
4737.89	4740.74	4737.89	4740.74	4737.89	
4743.59	4746.44	4743.59	4746.44	4743.59	
4740.74	4749.29	4740.74	4749.29	4740.74	
4743.59	4752.14	4743.59	4752.14	4743.59	
4743.59	4740.74	4743.59	4740.74	4743.59	
4732.19	4740.74	4732.19	4740.74	4732.19	
4737.89	4752.14	4737.89	4752.14	4737.89	
4752.14	4743.59	4752.14	4743.59	4752.14	
4746.44	4740.74	4746.44	4740.74	4746.44	
4746.44	4746.44	4746.44	4746.44	4746.44	
4737.89	4746.44	4737.89	4746.44	4737.89	
4749.29	4737.89	4749.29	4737.89	4749.29	
4720.8	4746.44	4720.8	4746.44	4720.8	
4732.19	4740.74	4732.19	4740.74	4732.19	
4746.44	4743.59	4746.44	4743.59	4746.44	
4749.29	4740.74	4749.29	4740.74	4749.29	
4752.14	4746.44	4752.14	4746.44	4752.14	
4732.19	4743.59	4732.19	4743.59	4732.19	
4737.89	4746.44	4737.89	4746.44	4737.89	
4743.59	4743.59	4743.59	4743.59	4743.59	
4752.14	4743.59	4752.14	4743.59	4752.14	
4743.59	4735.04	4743.59	4735.04	4743.59	
4746.44	4740.74	4746.44	4740.74	4746.44	
4754.99	4743.59	4754.99	4743.59	4754.99	
4746.44	4754.99	4746.44	4754.99	4746.44	
4737.89	4743.59	4737.89	4743.59	4737.89	
4743.59	4737.89	4743.59	4737.89	4743.59	
4746.44	4743.59	4746.44	4743.59	4746.44	
4746.44	4746.44	4746.44	4746.44	4746.44	
4746.44	4746.44	4746.44	4746.44	4746.44	
4737.89	4749.29	4737.89	4749.29	4737.89	
4754.99	4746.44	4754.99	4746.44	4754.99	
4740.74	4743.59	4740.74	4743.59	4740.74	
4757.83	4749.29	4757.83	4749.29	4757.83	
4743.59	4743.59	4743.59	4743.59	4743.59	
4749.29	4746.44	4749.29	4746.44	4749.29	
4737.89	4743.59	4737.89	4743.59	4737.89	
4746.44	4752.14	4746.44	4752.14	4746.44	
4754.99	4752.14	4754.99	4752.14	4754.99	
4737.89	4735.04	4737.89	4735.04	4737.89	
4743.59	4740.74	4743.59	4740.74	4743.59	
4740.74	4749.29	4740.74	4749.29	4740.74	
4743.59	4746.44	4743.59	4746.44	4743.59	
4740.74	4743.59	4740.74	4743.59	4740.74	
4743.59	4735.04	4743.59	4735.04	4743.59	
4749.29	4740.74	4749.29	4740.74	4749.29	
4729.34	4740.74	4729.34	4740.74	4729.34	
4737.89	4735.04	4737.89	4735.04	4737.89	
4746.44	4743.59	4746.44	4743.59	4746.44	
4735.04	4740.74	4735.04	4740.74	4735.04	
4752.14	4735.04	4752.14	4735.04	4752.14	
4746.44	4743.59	4746.44	4743.59	4746.44	
4740.74	4723.65	4740.74	4723.65	4740.74	
4752.14	4746.44	4752.14	4746.44	4752.14	
4749.29	4743.59	4749.29	4743.59	4749.29	
4746.44	4763.53	4746.44	4763.53	4746.44	
4752.14	4749.29	4752.14	4749.29	4752.14	
4746.44	4746.44	4746.44	4746.44	4746.44	
4746.44	4746.44	4746.44	4746.44	4746.44	
4752.14	4746.44	4752.14	4746.44	4752.14	
4740.74	4735.04	4740.74	4735.04	4740.74	
4752.14	4729.34	4752.14	4729.34	4752.14	
4749.29	4746.44	4749.29	4746.44	4749.29	
4740.74	4740.74	4740.74	4740.74	4740.74	
4743.59	4760.68	4743.59	4760.68	4743.59	
4743.59	4752.14	4743.59	4752.14	4743.59	
4729.34	4746.44	4729.34	4746.44	4729.34	
4743.59	4743.59	4743.59	4743.59	4743.59	
4749.29	4752.14	4749.29	4752.14	4749.29	
4746.44	4740.74	4746.44	4740.74	4746.44	
4743.59	4752.14	4743.59	4752.14	4743.59	
4746.44	4735.04	4746.44	4735.04	4746.44	
4737.89	4746.44	4737.89	4746.44	4737.89	
4743.59	4743.59	4743.59	4743.59	4743.59	
4752.14	4749.29	4752.14	4749.29	4752.14	
4757.83	4749.29	4757.83	4749.29	4757.83	
4749.29	4749.29	4749.29	4749.29	4749.29	
4743.59	4752.14	4743.59	4752.14	4743.59	
4749.29	4749.29	4749.29	4749.29	4749.29	
4740.74	4743.59	4740.74	4743.59	4740.74	
4749.29	4752.14	4749.29	4752.14	4749.29	
4746.44	4740.74	4746.44	4740.74	4746.44	
4746.44	4749.29	4746.44	4749.29	4746.44	
4743.59	4740.74	4743.59	4740.74	4743.59	
4743.59	4743.59	4743.59	4743.59	4743.59	
4740.74	4754.99	4740.74	4754.99	4740.74	
4746.44	4735.04	4746.44	4735.04	4746.44	
4735.04	4737.89	4735.04	4737.89	4735.04	
4740.74	4740.74	4740.74	4740.74	4740.74	
4746.44	4743.59	4746.44	4743.59	4746.44	
4737.89	4746.44	4737.89	4746.44	4737.89	
4740.74	4746.44	4740.74	4746.44	4740.74	
4740.74	4743.59	4740.74	4743.59	4740.74	
4746.44	4737.89	4746.44	4737.89	4746.44	
4740.74	4749.29	4740.74	4749.29	4740.74	
4737.89	4746.44	4737.89	4746.44	4737.89	
4740.74	4754.99	4740.74	4754.99	4740.74	
4757.83	4749.29	4757.83	4749.29	4757.83	
4752.14	4749.29	4752.14	4749.29	4752.14	
4760.68	4749.29	4760.68	4749.29	4760.68	
4754.99	4743.59	4754.99	4743.59	4754.99	
4737.89	4737.89	4737.89	4737.89	4737.89	
4737.89	4740.74	4737.89	4740.74	4737.89	
4754.99	4763.53	4754.99	4763.53	4754.99	
4743.59	4746.44	4743.59	4746.44	4743.59	
4735.04	4754.99	4735.04	4754.99	4735.04	
4754.99	4743.59	4754.99	4743.59	4754.99	
4743.59	4743.59	4743.59	4743.59	4743.59	
4740.74	4746.44	4740.74	4746.44	4740.74	
4732.19	4735.04	4732.19	4735.04	4732.19	
4737.89	4752.14	4737.89	4752.14	4737.89	
4749.29	4760.68	4749.29	4760.68	4749.29	
4752.14	4746.44	4752.14	4746.44	4752.14	
4749.29	4743.59	4749.29	4743.59	4749.29	
4749.29	4737.89	4749.29	4737.89	4749.29	
4749.29	4737.89	4749.29	4737.89	4749.29	
4743.59	4735.04	4743.59	4735.04	4743.59	
4740.74	4749.29	4740.74	4749.29	4740.74	
4752.14	4754.99	4752.14	4754.99	4752.14	
4749.29	4746.44	4749.29	4746.44	4749.29	
4737.89	4749.29	4737.89	4749.29	4737.89	
4752.14	4743.59	4752.14	4743.59	4752.14	
4749.29	4763.53	4749.29	4763.53	4749.29	
4760.68	4749.29	4760.68	4749.29	4760.68	
4743.59	4740.74	4743.59	4740.74	4743.59	
4740.74	4740.74	4740.74	4740.74	4740.74	
4732.19	4743.59	4732.19	4743.59	4732.19	
4737.89	4743.59	4737.89	4743.59	4737.89	
4749.29	4743.59	4749.29	4743.59	4749.29	
4752.14	4760.68	4752.14	4760.68	4752.14	
4735.04	4740.74	4735.04	4740.74	4735.04	
4743.59	4749.29	4743.59	4749.29	4743.59	
4749.29	4746.44	4749.29	4746.44	4749.29	
4737.89	4735.04	4737.89	4735.04	4737.89	
4740.74	4746.44	4740.74	4746.44	4740.74	
4732.19	4735.04	4732.19	4735.04	4732.19	
4740.74	4749.29	4740.74	4749.29	4740.74	
4737.89	4737.89	4737.89	4737.89	4737.89	
4746.44	4732.19	4746.44	4732.19	4746.44	
4754.99	4752.14	4754.99	4752.14	4754.99	
4732.19	4752.14	4732.19	4752.14	4732.19	
4740.74	4757.83	4740.74	4757.83	4740.74	
4735.04	4743.59	4735.04	4743.59	4735.04	
4749.29	4749.29	4749.29	4749.29	4749.29	
4743.59	4746.44	4743.59	4746.44	4743.59	
4752.14	4740.74	4752.14	4740.74	4752.14	
4740.74	4735.04	4740.74	4735.04	4740.74	
4749.29	4740.74	4749.29	4740.74	4749.29	
4749.29	4743.59	4749.29	4743.59	4749.29	
4737.89	4749.29	4737.89	4749.29	4737.89	
4743.59	4737.89	4743.59	4737.89	4743.59	
4757.83	4746.44	4757.83	4746.44	4757.83	
4729.34	4749.29	4729.34	4749.29	4729.34	
4749.29	4743.59	4749.29	4743.59	4749.29	
4743.59	4720.8	4743.59	4720.8	4743.59	
4723.65	4735.04	4723.65	4735.04	4723.65	
4754.99	4749.29	4754.99	4749.29	4754.99	
4752.14	4743.59	4752.14	4743.59	4752.14	
4746.44	4749.29	4746.44	4749.29	4746.44	
4732.19	4746.44	4732.19	4746.44	4732.19	
4746.44	4746.44	4746.44	4746.44	4746.44	
4740.74	4729.34	4740.74	4729.34	4740.74	
4743.59	4754.99	4743.59	4754.99	4743.59	
4757.83	4737.89	4757.83	4737.89	4757.83	
4760.68	4754.99	4760.68	4754.99	4760.68	
4735.04	4740.74	4735.04	4740.74	4735.04	
4735.04	4749.29	4735.04	4749.29	4735.04	
4740.74	4743.59	4740.74	4743.59	4740.74	
4740.74	4737.89	4740.74	4737.89	4740.74	
4743.59	4752.14	4743.59	4752.14	4743.59	
4737.89	4746.44	4737.89	4746.44	4737.89	
4737.89	4735.04	4737.89	4735.04	4737.89	
4732.19	4743.59	4732.19	4743.59	4732.19	
4740.74	4740.74	4740.74	4740.74	4740.74	
4743.59	4729.34	4743.59	4729.34	4743.59	
4743.59	4735.04	4743.59	4735.04	4743.59	
4746.44	4735.04	4746.44	4735.04	4746.44	
4743.59	4743.59	4743.59	4743.59	4743.59	
4746.44	4743.59	4746.44	4743.59	4746.44	
4743.59	4737.89	4743.59	4737.89	4743.59	
4749.29	4743.59	4749.29	4743.59	4749.29	
4743.59	4740.74	4743.59	4740.74	4743.59	
4757.83	4740.74	4757.83	4740.74	4757.83	
4754.99	4740.74	4754.99	4740.74	4754.99	
4743.59	4749.29	4743.59	4749.29	4743.59	
4746.44	4749.29	4746.44	4749.29	4746.44	
4749.29	4757.83	4749.29	4757.83	4749.29	
4760.68	4754.99	4760.68	4754.99	4760.68	
4746.44	4737.89	4746.44	4737.89	4746.44	
4752.14	4749.29	4752.14	4749.29	4752.14	
4743.59	4729.34	4743.59	4729.34	4743.59	
4757.83	4757.83	4757.83	4757.83	4757.83	
4743.59	4749.29	4743.59	4749.29	4743.59	
4754.99	4729.34	4754.99	4729.34	4754.99	
4726.5	4757.83	4726.5	4757.83	4726.5	
4743.59	4749.29	4743.59	4749.29	4743.59	
4746.44	4749.29	4746.44	4749.29	4746.44	
4743.59	4749.29	4743.59	4749.29	4743.59	
4735.04	4737.89	4735.04	4737.89	4735.04	
4740.74	4749.29	4740.74	4749.29	4740.74	
4735.04	4746.44	4735.04	4746.44	4735.04	
4749.29	4740.74	4749.29	4740.74	4749.29	
4740.74	4749.29	4740.74	4749.29	4740.74	
4737.89	4743.59	4737.89	4743.59	4737.89	
4746.44	4735.04	4746.44	4735.04	4746.44	
4743.59	4737.89	4743.59	4737.89	4743.59	
4749.29	4740.74	4749.29	4740.74	4749.29	
4735.04	4746.44	4735.04	4746.44	4735.04	
4749.29	4743.59	4749.29	4743.59	4749.29	
4743.59	4729.34	4743.59	4729.34	4743.59	
4743.59	4749.29	4743.59	4749.29	4743.59	
4735.04	4740.74	4735.04	4740.74	4735.04	
4749.29	4757.83	4749.29	4757.83	4749.29	
4729.34	4743.59	4729.34	4743.59	4729.34	
4743.59	4760.68	4743.59	4760.68	4743.59	
4760.68	4746.44	4760.68	4746.44	4760.68	
4740.74	4740.74	4740.74	4740.74	4740.74	
4737.89	4743.59	4737.89	4743.59	4737.89	
4749.29	4740.74	4749.29	4740.74	4749.29	
4749.29	4749.29	4749.29	4749.29	4749.29	
4740.74	4746.44	4740.74	4746.44	4740.74	
4743.59	4743.59	4743.59	4743.59	4743.59	
4749.29	4746.44	4749.29	4746.44	4749.29	
4740.74	4746.44	4740.74	4746.44	4740.74	
4740.74	4735.04	4740.74	4735.04	4740.74	
4746.44	4737.89	4746.44	4737.89	4746.44	
4743.59	4746.44	4743.59	4746.44	4743.59	
4735.04	4746.44	4735.04	4746.44	4735.04	
4752.14	4752.14	4752.14	4752.14	4752.14	
4740.74	4740.74	4740.74	4740.74	4740.74	
4749.29	4735.04	4749.29	4735.04	4749.29	
4746.44	4732.19	4746.44	4732.19	4746.44	
4726.5	4743.59	4726.5	4743.59	4726.5	
4752.14	4743.59	4752.14	4743.59	4752.14	
4735.04	4740.74	4735.04	4740.74	4735.04	
4746.44	4743.59	4746.44	4743.59	4746.44	
4743.59	4752.14	4743.59	4752.14	4743.59	
4729.34	4737.89	4729.34	4737.89	4729.34	
4740.74	4743.59	4740.74	4743.59	4740.74	
4726.5	4746.44	4726.5	4746.44	4726.5	
4743.59	4743.59	4743.59	4743.59	4743.59	
4729.34	4749.29	4729.34	4749.29	4729.34	
4740.74	4749.29	4740.74	4749.29	4740.74	
4735.04	4749.29	4735.04	4749.29	4735.04	
4743.59	4735.04	4743.59	4735.04	4743.59	
4743.59	4737.89	4743.59	4737.89	4743.59	
4749.29	4749.29	4749.29	4749.29	4749.29	
4737.89	4743.59	4737.89	4743.59	4737.89	
4746.44	4740.74	4746.44	4740.74	4746.44	
4743.59	4737.89	4743.59	4737.89	4743.59	
4746.44	4737.89	4746.44	4737.89	4746.44	
4752.14	4743.59	4752.14	4743.59	4752.14	
4743.59	4732.19	4743.59	4732.19	4743.59	
4746.44	4746.44	4746.44	4746.44	4746.44	
4743.59	4749.29	4743.59	4749.29	4743.59	
4754.99	4743.59	4754.99	4743.59	4754.99	
4743.59	4746.44	4743.59	4746.44	4743.59	
4735.04	4749.29	4735.04	4749.29	4735.04	
4732.19	4743.59	4732.19	4743.59	4732.19	
4752.14	4752.14	4752.14	4752.14	4752.14	
4740.74	4740.74	4740.74	4740.74	4740.74	
4754.99	4749.29	4754.99	4749.29	4754.99	
4749.29	4752.14	4749.29	4752.14	4749.29	
4737.89	4740.74	4737.89	4740.74	4737.89	
4740.74	4737.89	4740.74	4737.89	4740.74	
4743.59	4740.74	4743.59	4740.74	4743.59	
4754.99	4740.74	4754.99	4740.74	4754.99	
4743.59	4754.99	4743.59	4754.99	4743.59	
4737.89	4752.14	4737.89	4752.14	4737.89	
4746.44	4746.44	4746.44	4746.44	4746.44	
4746.44	4743.59	4746.44	4743.59	4746.44	
4737.89	4740.74	4737.89	4740.74	4737.89	
4737.89	4732.19	4737.89	4732.19	4737.89	
4743.59	4749.29	4743.59	4749.29	4743.59	
4740.74	4740.74	4740.74	4740.74	4740.74	
4743.59	4732.19	4743.59	4732.19	4743.59	
4746.44	4732.19	4746.44	4732.19	4746.44	
4729.34	4737.89	4729.34	4737.89	4729.34	
4740.74	4740.74	4740.74	4740.74	4740.74	
4743.59	4740.74	4743.59	4740.74	4743.59	
4740.74	4737.89	4740.74	4737.89	4740.74	
4737.89	4743.59	4737.89	4743.59	4737.89	
4740.74	4743.59	4740.74	4743.59	4740.74	
4746.44	4740.74	4746.44	4740.74	4746.44	
4732.19	4746.44	4732.19	4746.44	4732.19	
4743.59	4752.14	4743.59	4752.14	4743.59	
4743.59	4743.59	4743.59	4743.59	4743.59	
4749.29	4746.44	4749.29	4746.44	4749.29	
4737.89	4752.14	4737.89	4752.14	4737.89	
4746.44	4743.59	4746.44	4743.59	4746.44	
4757.83	4746.44	4757.83	4746.44	4757.83	
4737.89	4746.44	4737.89	4746.44	4737.89	
4749.29	4737.89	4749.29	4737.89	4749.29	
4737.89	4737.89	4737.89	4737.89	4737.89	
4737.89	4746.44	4737.89	4746.44	4737.89	
4746.44	4752.14	4746.44	4752.14	4746.44	
4732.19	4743.59	4732.19	4743.59	4732.19	
4743.59	4752.14	4743.59	4752.14	4743.59	
4760.68	4754.99	4760.68	4754.99	4760.68	
4726.5	4737.89	4726.5	4737.89	4726.5	
4746.44	4743.59	4746.44	4743.59	4746.44	
4746.44	4737.89	4746.44	4737.89	4746.44	
4740.74	4732.19	4740.74	4732.19	4740.74	
4743.59	4740.74	4743.59	4740.74	4743.59	
4740.74	4749.29	4740.74	4749.29	4740.74	
4735.04	4749.29	4735.04	4749.29	4735.04	
4737.89	4740.74	4737.89	4740.74	4737.89	
4749.29	4737.89	4749.29	4737.89	4749.29	
4743.59	4729.34	4743.59	4729.34	4743.59	
4726.5	4735.04	4726.5	4735.04	4726.5	
4737.89	4743.59	4737.89	4743.59	4737.89	
4752.14	4737.89	4752.14	4737.89	4752.14	
4749.29	4752.14	4749.29	4752.14	4749.29	
4740.74	4735.04	4740.74	4735.04	4740.74	
4737.89	4749.29	4737.89	4749.29	4737.89	
4746.44	4749.29	4746.44	4749.29	4746.44	
4746.44	4737.89	4746.44	4737.89	4746.44	
4749.29	4746.44	4749.29	4746.44	4749.29	
4743.59	4732.19	4743.59	4732.19	4743.59	
4740.74	4743.59	4740.74	4743.59	4740.74	
4754.99	4754.99	4754.99	4754.99	4754.99	
4743.59	4723.65	4743.59	4723.65	4743.59	
4737.89	4737.89	4737.89	4737.89	4737.89	
4749.29	4740.74	4749.29	4740.74	4749.29	
4752.14	4754.99	4752.14	4754.99	4752.14	
4746.44	4740.74	4746.44	4740.74	4746.44	
4749.29	4749.29	4749.29	4749.29	4749.29	
4735.04	4743.59	4735.04	4743.59	4735.04	
4743.59	4746.44	4743.59	4746.44	4743.59	
4746.44	4743.59	4746.44	4743.59	4746.44	
4740.74	4737.89	4740.74	4737.89	4740.74	
4749.29	4746.44	4749.29	4746.44	4749.29	
4737.89	4743.59	4737.89	4743.59	4737.89	
4737.89	4749.29	4737.89	4749.29	4737.89	
4743.59	4746.44	4743.59	4746.44	4743.59	
4746.44	4752.14	4746.44	4752.14	4746.44	
4749.29	4754.99	4749.29	4754.99	4749.29	
4743.59	4754.99	4743.59	4754.99	4743.59	
4729.34	4737.89	4729.34	4737.89	4729.34	
4737.89	4749.29	4737.89	4749.29	4737.89	
4735.04	4737.89	4735.04	4737.89	4735.04	
4729.34	4732.19	4729.34	4732.19	4729.34	
4735.04	4749.29	4735.04	4749.29	4735.04	
4740.74	4735.04	4740.74	4735.04	4740.74	
4754.99	4746.44	4754.99	4746.44	4754.99	
4735.04	4740.74	4735.04	4740.74	4735.04	
4743.59	4740.74	4743.59	4740.74	4743.59	
4752.14	4749.29	4752.14	4749.29	4752.14	
4740.74	4743.59	4740.74	4743.59	4740.74	
4746.44	4743.59	4746.44	4743.59	4746.44	
4743.59	4732.19	4743.59	4732.19	4743.59	
4732.19	4723.65	4732.19	4723.65	4732.19	
4749.29	4743.59	4749.29	4743.59	4749.29	
4737.89	4740.74	4737.89	4740.74	4737.89	
4746.44	4729.34	4746.44	4729.34	4746.44	
4746.44	4746.44	4746.44	4746.44	4746.44	
4746.44	4746.44	4746.44	4746.44	4746.44	
4723.65	4743.59	4723.65	4743.59	4723.65	
4732.19	4746.44	4732.19	4746.44	4732.19	
4740.74	4732.19	4740.74	4732.19	4740.74	
4746.44	4743.59	4746.44	4743.59	4746.44	
4740.74	4735.04	4740.74	4735.04	4740.74	
4740.74	4740.74	4740.74	4740.74	4740.74	
4746.44	4737.89	4746.44	4737.89	4746.44	
4743.59	4746.44	4743.59	4746.44	4743.59	
4743.59	4743.59	4743.59	4743.59	4743.59	
4752.14	4754.99	4752.14	4754.99	4752.14	
4749.29	4752.14	4749.29	4752.14	4749.29	
4735.04	4743.59	4735.04	4743.59	4735.04	
4740.74	4749.29	4740.74	4749.29	4740.74	
4743.59	4743.59	4743.59	4743.59	4743.59	
4740.74	4743.59	4740.74	4743.59	4740.74	
4740.74	4746.44	4740.74	4746.44	4740.74	
4749.29	4752.14	4749.29	4752.14	4749.29	
4749.29	4726.5	4749.29	4726.5	4749.29	
4743.59	4749.29	4743.59	4749.29	4743.59	
4737.89	4743.59	4737.89	4743.59	4737.89	
4746.44	4735.04	4746.44	4735.04	4746.44	
4735.04	4749.29	4735.04	4749.29	4735.04	
4760.68	4726.5	4760.68	4726.5	4760.68	
4726.5	4746.44	4726.5	4746.44	4726.5	
4740.74	4740.74	4740.74	4740.74	4740.74	
4740.74	4732.19	4740.74	4732.19	4740.74	
4743.59	4746.44	4743.59	4746.44	4743.59	
4735.04	4754.99	4735.04	4754.99	4735.04	
4743.59	4740.74	4743.59	4740.74	4743.59	
4726.5	4740.74	4726.5	4740.74	4726.5	
4740.74	4746.44	4740.74	4746.44	4740.74	
4743.59	4732.19	4743.59	4732.19	4743.59	
4749.29	4737.89	4749.29	4737.89	4749.29	
4740.74	4743.59	4740.74	4743.59	4740.74	
4746.44	4737.89	4746.44	4737.89	4746.44	
4743.59	4746.44	4743.59	4746.44	4743.59	
4746.44	4746.44	4746.44	4746.44	4746.44	
4732.19	4740.74	4732.19	4740.74	4732.19	
4743.59	4740.74	4743.59	4740.74	4743.59	
4746.44	4743.59	4746.44	4743.59	4746.44	
4740.74	4740.74	4740.74	4740.74	4740.74	
4737.89	4749.29	4737.89	4749.29	4737.89	
4746.44	4749.29	4746.44	4749.29	4746.44	
4723.65	4743.59	4723.65	4743.59	4723.65	
4772.08	4769.23	4772.08	4769.23	4772.08	
4740.74	4749.29	4740.74	4749.29	4740.74	
4737.89	4735.04	4737.89	4735.04	4737.89	
4740.74	4740.74	4740.74	4740.74	4740.74	
4743.59	4729.34	4743.59	4729.34	4743.59	
4740.74	4737.89	4740.74	4737.89	4740.74	
4746.44	4732.19	4746.44	4732.19	4746.44	
4737.89	4749.29	4737.89	4749.29	4737.89	
4723.65	4735.04	4723.65	4735.04	4723.65	
4740.74	4749.29	4740.74	4749.29	4740.74	
4729.34	4740.74	4729.34	4740.74	4729.34	
4737.89	4743.59	4737.89	4743.59	4737.89	
4737.89	4735.04	4737.89	4735.04	4737.89	
4760.68	4749.29	4760.68	4749.29	4760.68	
4740.74	4737.89	4740.74	4737.89	4740.74	
4749.29	4743.59	4749.29	4743.59	4749.29	
4737.89	4743.59	4737.89	4743.59	4737.89	
4737.89	4740.74	4737.89	4740.74	4737.89	
4729.34	4729.34	4729.34	4729.34	4729.34	
4737.89	4729.34	4737.89	4729.34	4737.89	
4737.89	4754.99	4737.89	4754.99	4737.89	
4732.19	4740.74	4732.19	4740.74	4732.19	
4746.44	4737.89	4746.44	4737.89	4746.44	
4740.74	4743.59	4740.74	4743.59	4740.74	
4752.14	4737.89	4752.14	4737.89	4752.14	
4743.59	4740.74	4743.59	4740.74	4743.59	
4743.59	4743.59	4743.59	4743.59	4743.59	
4735.04	4746.44	4735.04	4746.44	4735.04	
4746.44	4737.89	4746.44	4737.89	4746.44	
4740.74	4746.44	4740.74	4746.44	4740.74	
4740.74	4740.74	4740.74	4740.74	4740.74	
4737.89	4729.34	4737.89	4729.34	4737.89	
4735.04	4735.04	4735.04	4735.04	4735.04	
4746.44	4743.59	4746.44	4743.59	4746.44	
4749.29	4732.19	4749.29	4732.19	4749.29	
4737.89	4740.74	4737.89	4740.74	4737.89	
4732.19	4754.99	4732.19	4754.99	4732.19	
4740.74	4749.29	4740.74	4749.29	4740.74	
4743.59	4740.74	4743.59	4740.74	4743.59	
4735.04	4749.29	4735.04	4749.29	4735.04	
4735.04	4732.19	4735.04	4732.19	4735.04	
4735.04	4749.29	4735.04	4749.29	4735.04	
4743.59	4743.59	4743.59	4743.59	4743.59	
4740.74	4743.59	4740.74	4743.59	4740.74	
4737.89	4737.89	4737.89	4737.89	4737.89	
4740.74	4740.74	4740.74	4740.74	4740.74	
4737.89	4732.19	4737.89	4732.19	4737.89	
4749.29	4752.14	4749.29	4752.14	4749.29	
4740.74	4737.89	4740.74	4737.89	4740.74	
4780.63	4774.93	4780.63	4774.93	4780.63	
4735.04	4737.89	4735.04	4737.89	4735.04	
4743.59	4752.14	4743.59	4752.14	4743.59	
4743.59	4746.44	4743.59	4746.44	4743.59	
4737.89	4749.29	4737.89	4749.29	4737.89	
4749.29	4737.89	4749.29	4737.89	4749.29	
4752.14	4746.44	4752.14	4746.44	4752.14	
4735.04	4760.68	4735.04	4760.68	4735.04	
4740.74	4743.59	4740.74	4743.59	4740.74	
4746.44	4737.89	4746.44	4737.89	4746.44	
4743.59	4740.74	4743.59	4740.74	4743.59	
4749.29	4740.74	4749.29	4740.74	4749.29	
4740.74	4737.89	4740.74	4737.89	4740.74	
4735.04	4737.89	4735.04	4737.89	4735.04	
4746.44	4735.04	4746.44	4735.04	4746.44	
4737.89	4743.59	4737.89	4743.59	4737.89	
4743.59	4746.44	4743.59	4746.44	4743.59	
4740.74	4735.04	4740.74	4735.04	4740.74	
4737.89	4746.44	4737.89	4746.44	4737.89	
4737.89	4743.59	4737.89	4743.59	4737.89	
4740.74	4746.44	4740.74	4746.44	4740.74	
4735.04	4749.29	4735.04	4749.29	4735.04	
4740.74	4737.89	4740.74	4737.89	4740.74	
4752.14	4743.59	4752.14	4743.59	4752.14	
4740.74	4740.74	4740.74	4740.74	4740.74	
4740.74	4749.29	4740.74	4749.29	4740.74	
4737.89	4746.44	4737.89	4746.44	4737.89	
4752.14	4752.14	4752.14	4752.14	4752.14	
4737.89	4743.59	4737.89	4743.59	4737.89	
4726.5	4743.59	4726.5	4743.59	4726.5	
4735.04	4729.34	4735.04	4729.34	4735.04	
4735.04	4740.74	4735.04	4740.74	4735.04	
4732.19	4740.74	4732.19	4740.74	4732.19	
4749.29	4749.29	4749.29	4749.29	4749.29	
4737.89	4740.74	4737.89	4740.74	4737.89	
4740.74	4735.04	4740.74	4735.04	4740.74	
4740.74	4757.83	4740.74	4757.83	4740.74	
4746.44	4740.74	4746.44	4740.74	4746.44	
4743.59	4735.04	4743.59	4735.04	4743.59	
4752.14	4740.74	4752.14	4740.74	4752.14	
4726.5	4746.44	4726.5	4746.44	4726.5	
4729.34	4749.29	4729.34	4749.29	4729.34	
4740.74	4743.59	4740.74	4743.59	4740.74	
4740.74	4740.74	4740.74	4740.74	4740.74	
4726.5	4749.29	4726.5	4749.29	4726.5	
4735.04	4732.19	4735.04	4732.19	4735.04	
4749.29	4737.89	4749.29	4737.89	4749.29	
4749.29	4740.74	4749.29	4740.74	4749.29	
4735.04	4743.59	4735.04	4743.59	4735.04	
4732.19	4746.44	4732.19	4746.44	4732.19	
4743.59	4757.83	4743.59	4757.83	4743.59	
4743.59	4737.89	4743.59	4737.89	4743.59	
4743.59	4737.89	4743.59	4737.89	4743.59	
4740.74	4729.34	4740.74	4729.34	4740.74	
4732.19	4740.74	4732.19	4740.74	4732.19	
4749.29	4737.89	4749.29	4737.89	4749.29	
4735.04	4737.89	4735.04	4737.89	4735.04	
4743.59	4737.89	4743.59	4737.89	4743.59	
4743.59	4740.74	4743.59	4740.74	4743.59	
4752.14	4749.29	4752.14	4749.29	4752.14	
4754.99	4732.19	4754.99	4732.19	4754.99	
4740.74	4752.14	4740.74	4752.14	4740.74	
4740.74	4740.74	4740.74	4740.74	4740.74	
4735.04	4737.89	4735.04	4737.89	4735.04	
4746.44	4735.04	4746.44	4735.04	4746.44	
4749.29	4732.19	4749.29	4732.19	4749.29	
4749.29	4735.04	4749.29	4735.04	4749.29	
4749.29	4737.89	4749.29	4737.89	4749.29	
4737.89	4740.74	4737.89	4740.74	4737.89	
4743.59	4740.74	4743.59	4740.74	4743.59	
4737.89	4740.74	4737.89	4740.74	4737.89	
4746.44	4754.99	4746.44	4754.99	4746.44	
4757.83	4732.19	4757.83	4732.19	4757.83	
4746.44	4746.44	4746.44	4746.44	4746.44	
4740.74	4743.59	4740.74	4743.59	4740.74	
4740.74	4732.19	4740.74	4732.19	4740.74	
4743.59	4743.59	4743.59	4743.59	4743.59	
4746.44	4749.29	4746.44	4749.29	4746.44	
4746.44	4735.04	4746.44	4735.04	4746.44	
4746.44	4740.74	4746.44	4740.74	4746.44	
4732.19	4743.59	4732.19	4743.59	4732.19	
4737.89	4746.44	4737.89	4746.44	4737.89	
4746.44	4732.19	4746.44	4732.19	4746.44	
4735.04	4735.04	4735.04	4735.04	4735.04	
4746.44	4740.74	4746.44	4740.74	4746.44	
4732.19	4735.04	4732.19	4735.04	4732.19	
4737.89	4735.04	4737.89	4735.04	4737.89	
4735.04	4729.34	4735.04	4729.34	4735.04	
4746.44	4737.89	4746.44	4737.89	4746.44	
4737.89	4754.99	4737.89	4754.99	4737.89	
4743.59	4749.29	4743.59	4749.29	4743.59	
4737.89	4749.29	4737.89	4749.29	4737.89	
4737.89	4743.59	4737.89	4743.59	4737.89	
4743.59	4746.44	4743.59	4746.44	4743.59	
4746.44	4740.74	4746.44	4740.74	4746.44	
4735.04	4743.59	4735.04	4743.59	4735.04	
4743.59	4743.59	4743.59	4743.59	4743.59	
4735.04	4746.44	4735.04	4746.44	4735.04	
4737.89	4740.74	4737.89	4740.74	4737.89	
4737.89	4729.34	4737.89	4729.34	4737.89	
4743.59	4729.34	4743.59	4729.34	4743.59	
4752.14	4735.04	4752.14	4735.04	4752.14	
4735.04	4746.44	4735.04	4746.44	4735.04	
4752.14	4749.29	4752.14	4749.29	4752.14	
4737.89	4749.29	4737.89	4749.29	4737.89	
4735.04	4743.59	4735.04	4743.59	4735.04	
4740.74	4743.59	4740.74	4743.59	4740.74	
4743.59	4743.59	4743.59	4743.59	4743.59	
4735.04	4752.14	4735.04	4752.14	4735.04	
4735.04	4735.04	4735.04	4735.04	4735.04	
4737.89	4735.04	4737.89	4735.04	4737.89	
4746.44	4735.04	4746.44	4735.04	4746.44	
4735.04	4749.29	4735.04	4749.29	4735.04	
4740.74	4737.89	4740.74	4737.89	4740.74	
4740.74	4737.89	4740.74	4737.89	4740.74	
4732.19	4743.59	4732.19	4743.59	4732.19	
4726.5	4737.89	4726.5	4737.89	4726.5	
4729.34	4737.89	4729.34	4737.89	4729.34	
4752.14	4752.14	4752.14	4752.14	4752.14	
4735.04	4749.29	4735.04	4749.29	4735.04	
4735.04	4749.29	4735.04	4749.29	4735.04	
4754.99	4746.44	4754.99	4746.44	4754.99	
4737.89	4754.99	4737.89	4754.99	4737.89	
4743.59	4754.99	4743.59	4754.99	4743.59	
4740.74	4726.5	4740.74	4726.5	4740.74	
4740.74	4723.65	4740.74	4723.65	4740.74	
4735.04	4740.74	4735.04	4740.74	4735.04	
4746.44	4743.59	4746.44	4743.59	4746.44	
4754.99	4740.74	4754.99	4740.74	4754.99	
4757.83	4749.29	4757.83	4749.29	4757.83	
4743.59	4740.74	4743.59	4740.74	4743.59	
4743.59	4749.29	4743.59	4749.29	4743.59	
4735.04	4737.89	4735.04	4737.89	4735.04	
4743.59	4743.59	4743.59	4743.59	4743.59	
4746.44	4732.19	4746.44	4732.19	4746.44	
4743.59	4737.89	4743.59	4737.89	4743.59	
4754.99	4743.59	4754.99	4743.59	4754.99	
4752.14	4737.89	4752.14	4737.89	4752.14	
4743.59	4740.74	4743.59	4740.74	4743.59	
4749.29	4746.44	4749.29	4746.44	4749.29	
4732.19	4735.04	4732.19	4735.04	4732.19	
4746.44	4743.59	4746.44	4743.59	4746.44	
4737.89	4740.74	4737.89	4740.74	4737.89	
4737.89	4746.44	4737.89	4746.44	4737.89	
4749.29	4754.99	4749.29	4754.99	4749.29	
4743.59	4743.59	4743.59	4743.59	4743.59	
4735.04	4737.89	4735.04	4737.89	4735.04	
4732.19	4732.19	4732.19	4732.19	4732.19	
4740.74	4737.89	4740.74	4737.89	4740.74	
4735.04	4737.89	4735.04	4737.89	4735.04	
4740.74	4732.19	4740.74	4732.19	4740.74	
4746.44	4743.59	4746.44	4743.59	4746.44	
4729.34	4735.04	4729.34	4735.04	4729.34	
4754.99	4746.44	4754.99	4746.44	4754.99	
4749.29	4752.14	4749.29	4752.14	4749.29	
4726.5	4737.89	4726.5	4737.89	4726.5	
4735.04	4746.44	4735.04	4746.44	4735.04	
4740.74	4743.59	4740.74	4743.59	4740.74	
4732.19	4749.29	4732.19	4749.29	4732.19	
4732.19	4746.44	4732.19	4746.44	4732.19	
4749.29	4752.14	4749.29	4752.14	4749.29	
4749.29	4746.44	4749.29	4746.44	4749.29	
4737.89	4746.44	4737.89	4746.44	4737.89	
4746.44	4749.29	4746.44	4749.29	4746.44	
4737.89	4732.19	4737.89	4732.19	4737.89	
4740.74	4743.59	4740.74	4743.59	4740.74	
4737.89	4740.74	4737.89	4740.74	4737.89	
4737.89	4737.89	4737.89	4737.89	4737.89	
4737.89	4732.19	4737.89	4732.19	4737.89	
4735.04	4735.04	4735.04	4735.04	4735.04	
4743.59	4740.74	4743.59	4740.74	4743.59	
4737.89	4749.29	4737.89	4749.29	4737.89	
4749.29	4746.44	4749.29	4746.44	4749.29	
4732.19	4737.89	4732.19	4737.89	4732.19	
4752.14	4752.14	4752.14	4752.14	4752.14	
4735.04	4737.89	4735.04	4737.89	4735.04	
4740.74	4743.59	4740.74	4743.59	4740.74	
4740.74	4743.59	4740.74	4743.59	4740.74	
4735.04	4729.34	4735.04	4729.34	4735.04	
4740.74	4757.83	4740.74	4757.83	4740.74	
4749.29	4746.44	4749.29	4746.44	4749.29	
4746.44	4749.29	4746.44	4749.29	4746.44	
4735.04	4743.59	4735.04	4743.59	4735.04	
4749.29	4740.74	4749.29	4740.74	4749.29	
4746.44	4737.89	4746.44	4737.89	4746.44	
4743.59	4743.59	4743.59	4743.59	4743.59	
4740.74	4749.29	4740.74	4749.29	4740.74	
4735.04	4737.89	4735.04	4737.89	4735.04	
4746.44	4732.19	4746.44	4732.19	4746.44	
4735.04	4746.44	4735.04	4746.44	4735.04	
4743.59	4749.29	4743.59	4749.29	4743.59	
4735.04	4743.59	4735.04	4743.59	4735.04	
4723.65	4746.44	4723.65	4746.44	4723.65	
4743.59	4740.74	4743.59	4740.74	4743.59	
4737.89	4746.44	4737.89	4746.44	4737.89	
4743.59	4735.04	4743.59	4735.04	4743.59	
4737.89	4746.44	4737.89	4746.44	4737.89	
4735.04	4746.44	4735.04	4746.44	4735.04	
4735.04	4743.59	4735.04	4743.59	4735.04	
4743.59	4740.74	4743.59	4740.74	4743.59	
4743.59	4723.65	4743.59	4723.65	4743.59	
4732.19	4737.89	4732.19	4737.89	4732.19	
4732.19	4743.59	4732.19	4743.59	4732.19	
4735.04	4737.89	4735.04	4737.89	4735.04	
4735.04	4743.59	4735.04	4743.59	4735.04	
4740.74	4746.44	4740.74	4746.44	4740.74	
4743.59	4735.04	4743.59	4735.04	4743.59	
4735.04	4729.34	4735.04	4729.34	4735.04	
4737.89	4737.89	4737.89	4737.89	4737.89	
4752.14	4740.74	4752.14	4740.74	4752.14	
4740.74	4746.44	4740.74	4746.44	4740.74	
4732.19	4732.19	4732.19	4732.19	4732.19	
4737.89	4737.89	4737.89	4737.89	4737.89	
4743.59	4740.74	4743.59	4740.74	4743.59	
4740.74	4749.29	4740.74	4749.29	4740.74	
4737.89	4746.44	4737.89	4746.44	4737.89	
4726.5	4735.04	4726.5	4735.04	4726.5	
4743.59	4737.89	4743.59	4737.89	4743.59	
4737.89	4743.59	4737.89	4743.59	4737.89	
4732.19	4743.59	4732.19	4743.59	4732.19	
4752.14	4746.44	4752.14	4746.44	4752.14	
4743.59	4735.04	4743.59	4735.04	4743.59	
4740.74	4752.14	4740.74	4752.14	4740.74	
4749.29	4737.89	4749.29	4737.89	4749.29	
4737.89	4743.59	4737.89	4743.59	4737.89	
4737.89	4740.74	4737.89	4740.74	4737.89	
4752.14	4743.59	4752.14	4743.59	4752.14	
4740.74	4754.99	4740.74	4754.99	4740.74	
4743.59	4743.59	4743.59	4743.59	4743.59	
4735.04	4732.19	4735.04	4732.19	4735.04	
4740.74	4735.04	4740.74	4735.04	4740.74	
4737.89	4746.44	4737.89	4746.44	4737.89	
4752.14	4746.44	4752.14	4746.44	4752.14	
4752.14	4746.44	4752.14	4746.44	4752.14	
4740.74	4746.44	4740.74	4746.44	4740.74	
4752.14	4732.19	4752.14	4732.19	4752.14	
4746.44	4746.44	4746.44	4746.44	4746.44	
4740.74	4735.04	4740.74	4735.04	4740.74	
4735.04	4732.19	4735.04	4732.19	4735.04	
4746.44	4737.89	4746.44	4737.89	4746.44	
4735.04	4746.44	4735.04	4746.44	4735.04	
4740.74	4743.59	4740.74	4743.59	4740.74	
4740.74	4735.04	4740.74	4735.04	4740.74	
4732.19	4740.74	4732.19	4740.74	4732.19	
4752.14	4749.29	4752.14	4749.29	4752.14	
4737.89	4743.59	4737.89	4743.59	4737.89	
4740.74	4746.44	4740.74	4746.44	4740.74	
4740.74	4746.44	4740.74	4746.44	4740.74	
4740.74	4732.19	4740.74	4732.19	4740.74	
4746.44	4723.65	4746.44	4723.65	4746.44	
4732.19	4743.59	4732.19	4743.59	4732.19	
4732.19	4740.74	4732.19	4740.74	4732.19	
4735.04	4740.74	4735.04	4740.74	4735.04	
4737.89	4740.74	4737.89	4740.74	4737.89	
4729.34	4740.74	4729.34	4740.74	4729.34	
4763.53	4740.74	4763.53	4740.74	4763.53	
4749.29	4735.04	4749.29	4735.04	4749.29	
4743.59	4737.89	4743.59	4737.89	4743.59	
4729.34	4732.19	4729.34	4732.19	4729.34	
4743.59	4752.14	4743.59	4752.14	4743.59	
4740.74	4723.65	4740.74	4723.65	4740.74	
4740.74	4740.74	4740.74	4740.74	4740.74	
4743.59	4754.99	4743.59	4754.99	4743.59	
4732.19	4740.74	4732.19	4740.74	4732.19	
4749.29	4746.44	4749.29	4746.44	4749.29	
4743.59	4732.19	4743.59	4732.19	4743.59	
4732.19	4743.59	4732.19	4743.59	4732.19	
4746.44	4737.89	4746.44	4737.89	4746.44	
4743.59	4737.89	4743.59	4737.89	4743.59	
4772.08	4777.78	4772.08	4777.78	4772.08	
4735.04	4740.74	4735.04	4740.74	4735.04	
4735.04	4740.74	4735.04	4740.74	4735.04	
4729.34	4729.34	4729.34	4729.34	4729.34	
4737.89	4737.89	4737.89	4737.89	4737.89	
4732.19	4754.99	4732.19	4754.99	4732.19	
4740.74	4743.59	4740.74	4743.59	4740.74	
4754.99	4740.74	4754.99	4740.74	4754.99	
4737.89	4743.59	4737.89	4743.59	4737.89	
4746.44	4735.04	4746.44	4735.04	4746.44	
4740.74	4735.04	4740.74	4735.04	4740.74	
4740.74	4737.89	4740.74	4737.89	4740.74	
4737.89	4740.74	4737.89	4740.74	4737.89	
4737.89	4735.04	4737.89	4735.04	4737.89	
4740.74	4732.19	4740.74	4732.19	4740.74	
4726.5	4737.89	4726.5	4737.89	4726.5	
4737.89	4726.5	4737.89	4726.5	4737.89	
4737.89	4732.19	4737.89	4732.19	4737.89	
4726.5	4740.74	4726.5	4740.74	4726.5	
4743.59	4740.74	4743.59	4740.74	4743.59	
4737.89	4746.44	4737.89	4746.44	4737.89	
4723.65	4726.5	4723.65	4726.5	4723.65	
4726.5	4720.8	4726.5	4720.8	4726.5	
4723.65	4720.8	4723.65	4720.8	4723.65	
4729.34	4723.65	4729.34	4723.65	4729.34	
