6568.63	6564.71	6568.63	6564.71	6568.63	
6509.8	6505.88	6509.8	6505.88	6509.8	
6505.88	6509.8	6505.88	6509.8	6505.88	
6498.04	6501.96	6498.04	6501.96	6498.04	
6521.57	6513.73	6521.57	6513.73	6521.57	
6521.57	6509.8	6521.57	6509.8	6521.57	
6505.88	6521.57	6505.88	6521.57	6505.88	
6525.49	6517.65	6525.49	6517.65	6525.49	
6521.57	6529.41	6521.57	6529.41	6521.57	
6529.41	6545.1	6529.41	6545.1	6529.41	
6525.49	6529.41	6525.49	6529.41	6525.49	
6533.33	6529.41	6533.33	6529.41	6533.33	
6525.49	6517.65	6525.49	6517.65	6525.49	
6541.18	6513.73	6541.18	6513.73	6541.18	
6521.57	6521.57	6521.57	6521.57	6521.57	
6521.57	6525.49	6521.57	6525.49	6521.57	
6521.57	6521.57	6521.57	6521.57	6521.57	
6525.49	6513.73	6525.49	6513.73	6525.49	
6505.88	6517.65	6505.88	6517.65	6505.88	
6529.41	6533.33	6529.41	6533.33	6529.41	
6509.8	6513.73	6509.8	6513.73	6509.8	
6513.73	6533.33	6513.73	6533.33	6513.73	
6529.41	6521.57	6529.41	6521.57	6529.41	
6541.18	6529.41	6541.18	6529.41	6541.18	
6529.41	6525.49	6529.41	6525.49	6529.41	
6521.57	6529.41	6521.57	6529.41	6521.57	
6505.88	6521.57	6505.88	6521.57	6505.88	
6529.41	6537.25	6529.41	6537.25	6529.41	
6549.02	6521.57	6549.02	6521.57	6549.02	
6513.73	6533.33	6513.73	6533.33	6513.73	
6521.57	6525.49	6521.57	6525.49	6521.57	
6537.25	6525.49	6537.25	6525.49	6537.25	
6541.18	6521.57	6541.18	6521.57	6541.18	
6529.41	6545.1	6529.41	6545.1	6529.41	
6517.65	6529.41	6517.65	6529.41	6517.65	
6525.49	6517.65	6525.49	6517.65	6525.49	
6517.65	6505.88	6517.65	6505.88	6517.65	
6513.73	6541.18	6513.73	6541.18	6513.73	
6525.49	6525.49	6525.49	6525.49	6525.49	
6533.33	6525.49	6533.33	6525.49	6533.33	
6529.41	6525.49	6529.41	6525.49	6529.41	
6529.41	6533.33	6529.41	6533.33	6529.41	
6529.41	6517.65	6529.41	6517.65	6529.41	
6537.25	6525.49	6537.25	6525.49	6537.25	
6533.33	6525.49	6533.33	6525.49	6533.33	
6533.33	6541.18	6533.33	6541.18	6533.33	
6521.57	6525.49	6521.57	6525.49	6521.57	
6537.25	6513.73	6537.25	6513.73	6537.25	
6517.65	6513.73	6517.65	6513.73	6517.65	
6529.41	6537.25	6529.41	6537.25	6529.41	
6541.18	6525.49	6541.18	6525.49	6541.18	
6533.33	6529.41	6533.33	6529.41	6533.33	
6525.49	6537.25	6525.49	6537.25	6525.49	
6529.41	6525.49	6529.41	6525.49	6529.41	
6533.33	6521.57	6533.33	6521.57	6533.33	
6533.33	6533.33	6533.33	6533.33	6533.33	
6533.33	6529.41	6533.33	6529.41	6533.33	
6525.49	6533.33	6525.49	6533.33	6525.49	
6529.41	6529.41	6529.41	6529.41	6529.41	
6517.65	6533.33	6517.65	6533.33	6517.65	
6541.18	6521.57	6541.18	6521.57	6541.18	
6525.49	6517.65	6525.49	6517.65	6525.49	
6529.41	6529.41	6529.41	6529.41	6529.41	
6537.25	6537.25	6537.25	6537.25	6537.25	
6533.33	6537.25	6533.33	6537.25	6533.33	
6533.33	6525.49	6533.33	6525.49	6533.33	
6521.57	6517.65	6521.57	6517.65	6521.57	
6521.57	6529.41	6521.57	6529.41	6521.57	
6521.57	6521.57	6521.57	6521.57	6521.57	
6509.8	6517.65	6509.8	6517.65	6509.8	
6509.8	6525.49	6509.8	6525.49	6509.8	
6529.41	6517.65	6529.41	6517.65	6529.41	
6525.49	6537.25	6525.49	6537.25	6525.49	
6533.33	6525.49	6533.33	6525.49	6533.33	
6533.33	6513.73	6533.33	6513.73	6533.33	
6533.33	6533.33	6533.33	6533.33	6533.33	
6537.25	6521.57	6537.25	6521.57	6537.25	
6521.57	6525.49	6521.57	6525.49	6521.57	
6525.49	6533.33	6525.49	6533.33	6525.49	
6513.73	6533.33	6513.73	6533.33	6513.73	
6529.41	6533.33	6529.41	6533.33	6529.41	
6521.57	6517.65	6521.57	6517.65	6521.57	
6541.18	6525.49	6541.18	6525.49	6541.18	
6525.49	6529.41	6525.49	6529.41	6525.49	
6525.49	6533.33	6525.49	6533.33	6525.49	
6541.18	6541.18	6541.18	6541.18	6541.18	
6498.04	6517.65	6498.04	6517.65	6498.04	
6529.41	6517.65	6529.41	6517.65	6529.41	
6521.57	6521.57	6521.57	6521.57	6521.57	
6525.49	6533.33	6525.49	6533.33	6525.49	
6521.57	6513.73	6521.57	6513.73	6521.57	
6521.57	6529.41	6521.57	6529.41	6521.57	
6529.41	6525.49	6529.41	6525.49	6529.41	
6533.33	6513.73	6533.33	6513.73	6533.33	
6533.33	6517.65	6533.33	6517.65	6533.33	
6517.65	6533.33	6517.65	6533.33	6517.65	
6529.41	6533.33	6529.41	6533.33	6529.41	
6513.73	6529.41	6513.73	6529.41	6513.73	
6517.65	6513.73	6517.65	6513.73	6517.65	
6513.73	6537.25	6513.73	6537.25	6513.73	
6541.18	6529.41	6541.18	6529.41	6541.18	
6529.41	6521.57	6529.41	6521.57	6529.41	
6545.1	6533.33	6545.1	6533.33	6545.1	
6525.49	6525.49	6525.49	6525.49	6525.49	
6541.18	6549.02	6541.18	6549.02	6541.18	
6521.57	6533.33	6521.57	6533.33	6521.57	
6529.41	6525.49	6529.41	6525.49	6529.41	
6525.49	6513.73	6525.49	6513.73	6525.49	
6529.41	6533.33	6529.41	6533.33	6529.41	
6525.49	6509.8	6525.49	6509.8	6525.49	
6517.65	6525.49	6517.65	6525.49	6517.65	
6537.25	6521.57	6537.25	6521.57	6537.25	
6533.33	6525.49	6533.33	6525.49	6533.33	
6525.49	6513.73	6525.49	6513.73	6525.49	
6525.49	6541.18	6525.49	6541.18	6525.49	
6513.73	6525.49	6513.73	6525.49	6513.73	
6517.65	6537.25	6517.65	6537.25	6517.65	
6537.25	6537.25	6537.25	6537.25	6537.25	
6541.18	6533.33	6541.18	6533.33	6541.18	
6537.25	6521.57	6537.25	6521.57	6537.25	
6525.49	6513.73	6525.49	6513.73	6525.49	
6521.57	6509.8	6521.57	6509.8	6521.57	
6529.41	6517.65	6529.41	6517.65	6529.41	
6533.33	6521.57	6533.33	6521.57	6533.33	
6533.33	6537.25	6533.33	6537.25	6533.33	
6525.49	6529.41	6525.49	6529.41	6525.49	
6529.41	6525.49	6529.41	6525.49	6529.41	
6533.33	6521.57	6533.33	6521.57	6533.33	
6529.41	6521.57	6529.41	6521.57	6529.41	
6525.49	6529.41	6525.49	6529.41	6525.49	
6537.25	6521.57	6537.25	6521.57	6537.25	
6529.41	6521.57	6529.41	6521.57	6529.41	
6533.33	6521.57	6533.33	6521.57	6533.33	
6521.57	6521.57	6521.57	6521.57	6521.57	
6521.57	6525.49	6521.57	6525.49	6521.57	
6517.65	6509.8	6517.65	6509.8	6517.65	
6549.02	6533.33	6549.02	6533.33	6549.02	
6541.18	6533.33	6541.18	6533.33	6541.18	
6521.57	6509.8	6521.57	6509.8	6521.57	
6525.49	6529.41	6525.49	6529.41	6525.49	
6529.41	6529.41	6529.41	6529.41	6529.41	
6537.25	6537.25	6537.25	6537.25	6537.25	
6529.41	6525.49	6529.41	6525.49	6529.41	
6521.57	6529.41	6521.57	6529.41	6521.57	
6541.18	6533.33	6541.18	6533.33	6541.18	
6537.25	6521.57	6537.25	6521.57	6537.25	
6533.33	6509.8	6533.33	6509.8	6533.33	
6525.49	6525.49	6525.49	6525.49	6525.49	
6533.33	6529.41	6533.33	6529.41	6533.33	
6533.33	6521.57	6533.33	6521.57	6533.33	
6537.25	6521.57	6537.25	6521.57	6537.25	
6537.25	6529.41	6537.25	6529.41	6537.25	
6525.49	6529.41	6525.49	6529.41	6525.49	
6525.49	6525.49	6525.49	6525.49	6525.49	
6533.33	6521.57	6533.33	6521.57	6533.33	
6537.25	6545.1	6537.25	6545.1	6537.25	
6537.25	6525.49	6537.25	6525.49	6537.25	
6517.65	6525.49	6517.65	6525.49	6517.65	
6521.57	6529.41	6521.57	6529.41	6521.57	
6521.57	6525.49	6521.57	6525.49	6521.57	
6525.49	6525.49	6525.49	6525.49	6525.49	
6513.73	6513.73	6513.73	6513.73	6513.73	
6537.25	6529.41	6537.25	6529.41	6537.25	
6521.57	6537.25	6521.57	6537.25	6521.57	
6537.25	6541.18	6537.25	6541.18	6537.25	
6529.41	6541.18	6529.41	6541.18	6529.41	
6529.41	6533.33	6529.41	6533.33	6529.41	
6529.41	6509.8	6529.41	6509.8	6529.41	
6545.1	6521.57	6545.1	6521.57	6545.1	
6537.25	6521.57	6537.25	6521.57	6537.25	
6529.41	6521.57	6529.41	6521.57	6529.41	
6529.41	6517.65	6529.41	6517.65	6529.41	
6529.41	6509.8	6529.41	6509.8	6529.41	
6525.49	6521.57	6525.49	6521.57	6525.49	
6537.25	6521.57	6537.25	6521.57	6537.25	
6517.65	6545.1	6517.65	6545.1	6517.65	
6501.96	6533.33	6501.96	6533.33	6501.96	
6521.57	6517.65	6521.57	6517.65	6521.57	
6517.65	6529.41	6517.65	6529.41	6517.65	
6533.33	6513.73	6533.33	6513.73	6533.33	
6545.1	6537.25	6545.1	6537.25	6545.1	
6529.41	6513.73	6529.41	6513.73	6529.41	
6529.41	6513.73	6529.41	6513.73	6529.41	
6533.33	6537.25	6533.33	6537.25	6533.33	
6541.18	6529.41	6541.18	6529.41	6541.18	
6525.49	6545.1	6525.49	6545.1	6525.49	
6525.49	6537.25	6525.49	6537.25	6525.49	
6525.49	6529.41	6525.49	6529.41	6525.49	
6525.49	6537.25	6525.49	6537.25	6525.49	
6525.49	6517.65	6525.49	6517.65	6525.49	
6517.65	6517.65	6517.65	6517.65	6517.65	
6513.73	6513.73	6513.73	6513.73	6513.73	
6533.33	6525.49	6533.33	6525.49	6533.33	
6517.65	6509.8	6517.65	6509.8	6517.65	
6521.57	6541.18	6521.57	6541.18	6521.57	
6533.33	6521.57	6533.33	6521.57	6533.33	
6513.73	6533.33	6513.73	6533.33	6513.73	
6517.65	6541.18	6517.65	6541.18	6517.65	
6517.65	6517.65	6517.65	6517.65	6517.65	
6521.57	6537.25	6521.57	6537.25	6521.57	
6525.49	6513.73	6525.49	6513.73	6525.49	
6517.65	6525.49	6517.65	6525.49	6517.65	
6521.57	6521.57	6521.57	6521.57	6521.57	
6537.25	6517.65	6537.25	6517.65	6537.25	
6525.49	6537.25	6525.49	6537.25	6525.49	
6525.49	6529.41	6525.49	6529.41	6525.49	
6533.33	6529.41	6533.33	6529.41	6533.33	
6529.41	6529.41	6529.41	6529.41	6529.41	
6529.41	6513.73	6529.41	6513.73	6529.41	
6521.57	6537.25	6521.57	6537.25	6521.57	
6525.49	6533.33	6525.49	6533.33	6525.49	
6533.33	6517.65	6533.33	6517.65	6533.33	
6525.49	6533.33	6525.49	6533.33	6525.49	
6529.41	6533.33	6529.41	6533.33	6529.41	
6525.49	6513.73	6525.49	6513.73	6525.49	
6533.33	6529.41	6533.33	6529.41	6533.33	
6525.49	6521.57	6525.49	6521.57	6525.49	
6513.73	6521.57	6513.73	6521.57	6513.73	
6509.8	6529.41	6509.8	6529.41	6509.8	
6513.73	6513.73	6513.73	6513.73	6513.73	
6529.41	6529.41	6529.41	6529.41	6529.41	
6525.49	6533.33	6525.49	6533.33	6525.49	
6509.8	6521.57	6509.8	6521.57	6509.8	
6513.73	6541.18	6513.73	6541.18	6513.73	
6533.33	6525.49	6533.33	6525.49	6533.33	
6517.65	6541.18	6517.65	6541.18	6517.65	
6525.49	6521.57	6525.49	6521.57	6525.49	
6529.41	6541.18	6529.41	6541.18	6529.41	
6525.49	6513.73	6525.49	6513.73	6525.49	
6513.73	6529.41	6513.73	6529.41	6513.73	
6509.8	6529.41	6509.8	6529.41	6509.8	
6529.41	6525.49	6529.41	6525.49	6529.41	
6549.02	6533.33	6549.02	6533.33	6549.02	
6533.33	6525.49	6533.33	6525.49	6533.33	
6529.41	6545.1	6529.41	6545.1	6529.41	
6509.8	6533.33	6509.8	6533.33	6509.8	
6509.8	6513.73	6509.8	6513.73	6509.8	
6533.33	6529.41	6533.33	6529.41	6533.33	
6533.33	6537.25	6533.33	6537.25	6533.33	
6525.49	6545.1	6525.49	6545.1	6525.49	
6525.49	6509.8	6525.49	6509.8	6525.49	
6525.49	6529.41	6525.49	6529.41	6525.49	
6517.65	6517.65	6517.65	6517.65	6517.65	
6541.18	6541.18	6541.18	6541.18	6541.18	
6533.33	6513.73	6533.33	6513.73	6533.33	
6521.57	6537.25	6521.57	6537.25	6521.57	
6529.41	6537.25	6529.41	6537.25	6529.41	
6533.33	6529.41	6533.33	6529.41	6533.33	
6513.73	6529.41	6513.73	6529.41	6513.73	
6517.65	6521.57	6517.65	6521.57	6517.65	
6529.41	6521.57	6529.41	6521.57	6529.41	
6517.65	6517.65	6517.65	6517.65	6517.65	
6517.65	6521.57	6517.65	6521.57	6517.65	
6537.25	6509.8	6537.25	6509.8	6537.25	
6517.65	6525.49	6517.65	6525.49	6517.65	
6525.49	6529.41	6525.49	6529.41	6525.49	
6517.65	6521.57	6517.65	6521.57	6517.65	
6529.41	6525.49	6529.41	6525.49	6529.41	
6513.73	6529.41	6513.73	6529.41	6513.73	
6525.49	6513.73	6525.49	6513.73	6525.49	
6521.57	6525.49	6521.57	6525.49	6521.57	
6529.41	6509.8	6529.41	6509.8	6529.41	
6529.41	6537.25	6529.41	6537.25	6529.41	
6517.65	6529.41	6517.65	6529.41	6517.65	
6533.33	6545.1	6533.33	6545.1	6533.33	
6525.49	6533.33	6525.49	6533.33	6525.49	
6521.57	6525.49	6521.57	6525.49	6521.57	
6533.33	6533.33	6533.33	6533.33	6533.33	
6533.33	6533.33	6533.33	6533.33	6533.33	
6525.49	6529.41	6525.49	6529.41	6525.49	
6517.65	6509.8	6517.65	6509.8	6517.65	
6545.1	6529.41	6545.1	6529.41	6545.1	
6521.57	6517.65	6521.57	6517.65	6521.57	
6525.49	6529.41	6525.49	6529.41	6525.49	
6533.33	6517.65	6533.33	6517.65	6533.33	
6521.57	6533.33	6521.57	6533.33	6521.57	
6537.25	6529.41	6537.25	6529.41	6537.25	
6541.18	6529.41	6541.18	6529.41	6541.18	
6537.25	6521.57	6537.25	6521.57	6537.25	
6537.25	6525.49	6537.25	6525.49	6537.25	
6533.33	6525.49	6533.33	6525.49	6533.33	
6513.73	6517.65	6513.73	6517.65	6513.73	
6533.33	6525.49	6533.33	6525.49	6533.33	
6505.88	6509.8	6505.88	6509.8	6505.88	
6525.49	6517.65	6525.49	6517.65	6525.49	
6525.49	6513.73	6525.49	6513.73	6525.49	
6529.41	6513.73	6529.41	6513.73	6529.41	
6537.25	6509.8	6537.25	6509.8	6537.25	
6537.25	6525.49	6537.25	6525.49	6537.25	
6537.25	6533.33	6537.25	6533.33	6537.25	
6513.73	6525.49	6513.73	6525.49	6513.73	
6541.18	6529.41	6541.18	6529.41	6541.18	
6517.65	6533.33	6517.65	6533.33	6517.65	
6533.33	6529.41	6533.33	6529.41	6533.33	
6525.49	6517.65	6525.49	6517.65	6525.49	
6525.49	6509.8	6525.49	6509.8	6525.49	
6521.57	6521.57	6521.57	6521.57	6521.57	
6513.73	6537.25	6513.73	6537.25	6513.73	
6529.41	6525.49	6529.41	6525.49	6529.41	
6525.49	6517.65	6525.49	6517.65	6525.49	
6525.49	6521.57	6525.49	6521.57	6525.49	
6541.18	6533.33	6541.18	6533.33	6541.18	
6525.49	6545.1	6525.49	6545.1	6525.49	
6541.18	6537.25	6541.18	6537.25	6541.18	
6513.73	6521.57	6513.73	6521.57	6513.73	
6545.1	6525.49	6545.1	6525.49	6545.1	
6517.65	6529.41	6517.65	6529.41	6517.65	
6513.73	6505.88	6513.73	6505.88	6513.73	
6517.65	6521.57	6517.65	6521.57	6517.65	
6521.57	6529.41	6521.57	6529.41	6521.57	
6517.65	6517.65	6517.65	6517.65	6517.65	
6545.1	6529.41	6545.1	6529.41	6545.1	
6517.65	6517.65	6517.65	6517.65	6517.65	
6541.18	6525.49	6541.18	6525.49	6541.18	
6529.41	6537.25	6529.41	6537.25	6529.41	
6525.49	6545.1	6525.49	6545.1	6525.49	
6533.33	6517.65	6533.33	6517.65	6533.33	
6525.49	6525.49	6525.49	6525.49	6525.49	
6521.57	6525.49	6521.57	6525.49	6521.57	
6529.41	6533.33	6529.41	6533.33	6529.41	
6529.41	6525.49	6529.41	6525.49	6529.41	
6525.49	6533.33	6525.49	6533.33	6525.49	
6513.73	6537.25	6513.73	6537.25	6513.73	
6509.8	6513.73	6509.8	6513.73	6509.8	
6521.57	6525.49	6521.57	6525.49	6521.57	
6533.33	6521.57	6533.33	6521.57	6533.33	
6537.25	6513.73	6537.25	6513.73	6537.25	
6529.41	6521.57	6529.41	6521.57	6529.41	
6537.25	6513.73	6537.25	6513.73	6537.25	
6533.33	6533.33	6533.33	6533.33	6533.33	
6521.57	6521.57	6521.57	6521.57	6521.57	
6517.65	6533.33	6517.65	6533.33	6517.65	
6529.41	6521.57	6529.41	6521.57	6529.41	
6533.33	6525.49	6533.33	6525.49	6533.33	
6517.65	6529.41	6517.65	6529.41	6517.65	
6525.49	6529.41	6525.49	6529.41	6525.49	
6525.49	6533.33	6525.49	6533.33	6525.49	
6521.57	6525.49	6521.57	6525.49	6521.57	
6517.65	6529.41	6517.65	6529.41	6517.65	
6513.73	6529.41	6513.73	6529.41	6513.73	
6529.41	6525.49	6529.41	6525.49	6529.41	
6521.57	6525.49	6521.57	6525.49	6521.57	
6525.49	6525.49	6525.49	6525.49	6525.49	
6517.65	6529.41	6517.65	6529.41	6517.65	
6525.49	6513.73	6525.49	6513.73	6525.49	
6517.65	6525.49	6517.65	6525.49	6517.65	
6529.41	6529.41	6529.41	6529.41	6529.41	
6521.57	6513.73	6521.57	6513.73	6521.57	
6509.8	6501.96	6509.8	6501.96	6509.8	
6521.57	6529.41	6521.57	6529.41	6521.57	
6529.41	6529.41	6529.41	6529.41	6529.41	
6529.41	6529.41	6529.41	6529.41	6529.41	
6525.49	6521.57	6525.49	6521.57	6525.49	
6541.18	6513.73	6541.18	6513.73	6541.18	
6513.73	6529.41	6513.73	6529.41	6513.73	
6525.49	6521.57	6525.49	6521.57	6525.49	
6521.57	6521.57	6521.57	6521.57	6521.57	
6513.73	6537.25	6513.73	6537.25	6513.73	
6509.8	6525.49	6509.8	6525.49	6509.8	
6533.33	6529.41	6533.33	6529.41	6533.33	
6513.73	6529.41	6513.73	6529.41	6513.73	
6525.49	6513.73	6525.49	6513.73	6525.49	
6537.25	6525.49	6537.25	6525.49	6537.25	
6533.33	6533.33	6533.33	6533.33	6533.33	
6533.33	6521.57	6533.33	6521.57	6533.33	
6533.33	6541.18	6533.33	6541.18	6533.33	
6529.41	6509.8	6529.41	6509.8	6529.41	
6521.57	6521.57	6521.57	6521.57	6521.57	
6533.33	6525.49	6533.33	6525.49	6533.33	
6517.65	6529.41	6517.65	6529.41	6517.65	
6505.88	6533.33	6505.88	6533.33	6505.88	
6513.73	6525.49	6513.73	6525.49	6513.73	
6521.57	6525.49	6521.57	6525.49	6521.57	
6533.33	6505.88	6533.33	6505.88	6533.33	
6517.65	6533.33	6517.65	6533.33	6517.65	
6525.49	6537.25	6525.49	6537.25	6525.49	
6533.33	6525.49	6533.33	6525.49	6533.33	
6529.41	6521.57	6529.41	6521.57	6529.41	
6521.57	6513.73	6521.57	6513.73	6521.57	
6529.41	6521.57	6529.41	6521.57	6529.41	
6533.33	6517.65	6533.33	6517.65	6533.33	
6541.18	6513.73	6541.18	6513.73	6541.18	
6541.18	6533.33	6541.18	6533.33	6541.18	
6537.25	6525.49	6537.25	6525.49	6537.25	
6517.65	6525.49	6517.65	6525.49	6517.65	
6525.49	6521.57	6525.49	6521.57	6525.49	
6537.25	6533.33	6537.25	6533.33	6537.25	
6521.57	6521.57	6521.57	6521.57	6521.57	
6529.41	6525.49	6529.41	6525.49	6529.41	
6521.57	6521.57	6521.57	6521.57	6521.57	
6533.33	6529.41	6533.33	6529.41	6533.33	
6521.57	6533.33	6521.57	6533.33	6521.57	
6513.73	6533.33	6513.73	6533.33	6513.73	
6533.33	6533.33	6533.33	6533.33	6533.33	
6537.25	6521.57	6537.25	6521.57	6537.25	
6537.25	6521.57	6537.25	6521.57	6537.25	
6541.18	6533.33	6541.18	6533.33	6541.18	
6525.49	6525.49	6525.49	6525.49	6525.49	
6537.25	6517.65	6537.25	6517.65	6537.25	
6533.33	6541.18	6533.33	6541.18	6533.33	
6533.33	6545.1	6533.33	6545.1	6533.33	
6537.25	6533.33	6537.25	6533.33	6537.25	
6525.49	6525.49	6525.49	6525.49	6525.49	
6537.25	6525.49	6537.25	6525.49	6537.25	
6525.49	6521.57	6525.49	6521.57	6525.49	
6525.49	6517.65	6525.49	6517.65	6525.49	
6517.65	6521.57	6517.65	6521.57	6517.65	
6537.25	6533.33	6537.25	6533.33	6537.25	
6521.57	6537.25	6521.57	6537.25	6521.57	
6521.57	6521.57	6521.57	6521.57	6521.57	
6517.65	6529.41	6517.65	6529.41	6517.65	
6525.49	6525.49	6525.49	6525.49	6525.49	
6525.49	6541.18	6525.49	6541.18	6525.49	
6517.65	6541.18	6517.65	6541.18	6517.65	
6533.33	6529.41	6533.33	6529.41	6533.33	
6529.41	6513.73	6529.41	6513.73	6529.41	
6521.57	6525.49	6521.57	6525.49	6521.57	
6525.49	6509.8	6525.49	6509.8	6525.49	
6529.41	6533.33	6529.41	6533.33	6529.41	
6529.41	6533.33	6529.41	6533.33	6529.41	
6525.49	6509.8	6525.49	6509.8	6525.49	
6541.18	6521.57	6541.18	6521.57	6541.18	
6509.8	6533.33	6509.8	6533.33	6509.8	
6529.41	6533.33	6529.41	6533.33	6529.41	
6529.41	6537.25	6529.41	6537.25	6529.41	
6529.41	6529.41	6529.41	6529.41	6529.41	
6525.49	6533.33	6525.49	6533.33	6525.49	
6533.33	6513.73	6533.33	6513.73	6533.33	
6517.65	6501.96	6517.65	6501.96	6517.65	
6541.18	6529.41	6541.18	6529.41	6541.18	
6521.57	6513.73	6521.57	6513.73	6521.57	
6513.73	6533.33	6513.73	6533.33	6513.73	
6525.49	6521.57	6525.49	6521.57	6525.49	
6537.25	6525.49	6537.25	6525.49	6537.25	
6521.57	6541.18	6521.57	6541.18	6521.57	
6525.49	6529.41	6525.49	6529.41	6525.49	
6521.57	6521.57	6521.57	6521.57	6521.57	
6501.96	6513.73	6501.96	6513.73	6501.96	
6537.25	6525.49	6537.25	6525.49	6537.25	
6525.49	6513.73	6525.49	6513.73	6525.49	
6529.41	6537.25	6529.41	6537.25	6529.41	
6537.25	6541.18	6537.25	6541.18	6537.25	
6509.8	6509.8	6509.8	6509.8	6509.8	
6529.41	6529.41	6529.41	6529.41	6529.41	
6529.41	6525.49	6529.41	6525.49	6529.41	
6521.57	6517.65	6521.57	6517.65	6521.57	
6513.73	6521.57	6513.73	6521.57	6513.73	
6517.65	6541.18	6517.65	6541.18	6517.65	
6529.41	6529.41	6529.41	6529.41	6529.41	
6521.57	6533.33	6521.57	6533.33	6521.57	
6521.57	6525.49	6521.57	6525.49	6521.57	
6541.18	6541.18	6541.18	6541.18	6541.18	
6521.57	6541.18	6521.57	6541.18	6521.57	
6533.33	6521.57	6533.33	6521.57	6533.33	
6521.57	6521.57	6521.57	6521.57	6521.57	
6517.65	6525.49	6517.65	6525.49	6517.65	
6533.33	6525.49	6533.33	6525.49	6533.33	
6541.18	6505.88	6541.18	6505.88	6541.18	
6517.65	6521.57	6517.65	6521.57	6517.65	
6517.65	6517.65	6517.65	6517.65	6517.65	
6505.88	6533.33	6505.88	6533.33	6505.88	
6517.65	6517.65	6517.65	6517.65	6517.65	
6545.1	6529.41	6545.1	6529.41	6545.1	
6533.33	6537.25	6533.33	6537.25	6533.33	
6541.18	6537.25	6541.18	6537.25	6541.18	
6529.41	6513.73	6529.41	6513.73	6529.41	
6513.73	6545.1	6513.73	6545.1	6513.73	
6529.41	6525.49	6529.41	6525.49	6529.41	
6517.65	6521.57	6517.65	6521.57	6517.65	
6517.65	6513.73	6517.65	6513.73	6517.65	
6529.41	6529.41	6529.41	6529.41	6529.41	
6537.25	6525.49	6537.25	6525.49	6537.25	
6509.8	6517.65	6509.8	6517.65	6509.8	
6521.57	6521.57	6521.57	6521.57	6521.57	
6509.8	6545.1	6509.8	6545.1	6509.8	
6521.57	6521.57	6521.57	6521.57	6521.57	
6517.65	6533.33	6517.65	6533.33	6517.65	
6525.49	6513.73	6525.49	6513.73	6525.49	
6533.33	6517.65	6533.33	6517.65	6533.33	
6521.57	6529.41	6521.57	6529.41	6521.57	
6537.25	6517.65	6537.25	6517.65	6537.25	
6513.73	6521.57	6513.73	6521.57	6513.73	
6521.57	6525.49	6521.57	6525.49	6521.57	
6533.33	6537.25	6533.33	6537.25	6533.33	
6521.57	6513.73	6521.57	6513.73	6521.57	
6521.57	6529.41	6521.57	6529.41	6521.57	
6533.33	6537.25	6533.33	6537.25	6533.33	
6529.41	6533.33	6529.41	6533.33	6529.41	
6509.8	6529.41	6509.8	6529.41	6509.8	
6525.49	6517.65	6525.49	6517.65	6525.49	
6533.33	6541.18	6533.33	6541.18	6533.33	
6549.02	6529.41	6549.02	6529.41	6549.02	
6529.41	6517.65	6529.41	6517.65	6529.41	
6529.41	6509.8	6529.41	6509.8	6529.41	
6517.65	6517.65	6517.65	6517.65	6517.65	
6525.49	6537.25	6525.49	6537.25	6525.49	
6533.33	6517.65	6533.33	6517.65	6533.33	
6533.33	6521.57	6533.33	6521.57	6533.33	
6533.33	6525.49	6533.33	6525.49	6533.33	
6529.41	6533.33	6529.41	6533.33	6529.41	
6525.49	6529.41	6525.49	6529.41	6525.49	
6517.65	6513.73	6517.65	6513.73	6517.65	
6525.49	6517.65	6525.49	6517.65	6525.49	
6529.41	6513.73	6529.41	6513.73	6529.41	
6525.49	6525.49	6525.49	6525.49	6525.49	
6533.33	6525.49	6533.33	6525.49	6533.33	
6537.25	6537.25	6537.25	6537.25	6537.25	
6537.25	6529.41	6537.25	6529.41	6537.25	
6521.57	6513.73	6521.57	6513.73	6521.57	
6525.49	6509.8	6525.49	6509.8	6525.49	
6517.65	6525.49	6517.65	6525.49	6517.65	
6537.25	6513.73	6537.25	6513.73	6537.25	
6509.8	6521.57	6509.8	6521.57	6509.8	
6533.33	6529.41	6533.33	6529.41	6533.33	
6525.49	6537.25	6525.49	6537.25	6525.49	
6521.57	6521.57	6521.57	6521.57	6521.57	
6521.57	6521.57	6521.57	6521.57	6521.57	
6529.41	6529.41	6529.41	6529.41	6529.41	
6521.57	6529.41	6521.57	6529.41	6521.57	
6541.18	6513.73	6541.18	6513.73	6541.18	
6517.65	6529.41	6517.65	6529.41	6517.65	
6533.33	6521.57	6533.33	6521.57	6533.33	
6521.57	6513.73	6521.57	6513.73	6521.57	
6521.57	6517.65	6521.57	6517.65	6521.57	
6525.49	6521.57	6525.49	6521.57	6525.49	
6521.57	6525.49	6521.57	6525.49	6521.57	
6517.65	6513.73	6517.65	6513.73	6517.65	
6525.49	6537.25	6525.49	6537.25	6525.49	
6517.65	6537.25	6517.65	6537.25	6517.65	
6525.49	6529.41	6525.49	6529.41	6525.49	
6521.57	6517.65	6521.57	6517.65	6521.57	
6525.49	6525.49	6525.49	6525.49	6525.49	
6513.73	6505.88	6513.73	6505.88	6513.73	
6513.73	6517.65	6513.73	6517.65	6513.73	
6537.25	6517.65	6537.25	6517.65	6537.25	
6521.57	6541.18	6521.57	6541.18	6521.57	
6525.49	6521.57	6525.49	6521.57	6525.49	
6517.65	6529.41	6517.65	6529.41	6517.65	
6525.49	6525.49	6525.49	6525.49	6525.49	
6517.65	6537.25	6517.65	6537.25	6517.65	
6525.49	6529.41	6525.49	6529.41	6525.49	
6517.65	6513.73	6517.65	6513.73	6517.65	
6517.65	6533.33	6517.65	6533.33	6517.65	
6509.8	6525.49	6509.8	6525.49	6509.8	
6521.57	6509.8	6521.57	6509.8	6521.57	
6501.96	6525.49	6501.96	6525.49	6501.96	
6533.33	6525.49	6533.33	6525.49	6533.33	
6517.65	6521.57	6517.65	6521.57	6517.65	
6521.57	6525.49	6521.57	6525.49	6521.57	
6529.41	6537.25	6529.41	6537.25	6529.41	
6517.65	6541.18	6517.65	6541.18	6517.65	
6533.33	6529.41	6533.33	6529.41	6533.33	
6525.49	6525.49	6525.49	6525.49	6525.49	
6533.33	6545.1	6533.33	6545.1	6533.33	
6533.33	6513.73	6533.33	6513.73	6533.33	
6525.49	6533.33	6525.49	6533.33	6525.49	
6537.25	6529.41	6537.25	6529.41	6537.25	
6505.88	6513.73	6505.88	6513.73	6505.88	
6521.57	6525.49	6521.57	6525.49	6521.57	
6517.65	6533.33	6517.65	6533.33	6517.65	
6533.33	6513.73	6533.33	6513.73	6533.33	
6533.33	6509.8	6533.33	6509.8	6533.33	
6517.65	6545.1	6517.65	6545.1	6517.65	
6521.57	6513.73	6521.57	6513.73	6521.57	
6537.25	6521.57	6537.25	6521.57	6537.25	
6537.25	6525.49	6537.25	6525.49	6537.25	
6533.33	6533.33	6533.33	6533.33	6533.33	
6517.65	6529.41	6517.65	6529.41	6517.65	
6525.49	6525.49	6525.49	6525.49	6525.49	
6521.57	6525.49	6521.57	6525.49	6521.57	
6521.57	6529.41	6521.57	6529.41	6521.57	
6509.8	6521.57	6509.8	6521.57	6509.8	
6517.65	6525.49	6517.65	6525.49	6517.65	
6541.18	6517.65	6541.18	6517.65	6541.18	
6517.65	6509.8	6517.65	6509.8	6517.65	
6525.49	6521.57	6525.49	6521.57	6525.49	
6529.41	6541.18	6529.41	6541.18	6529.41	
6513.73	6533.33	6513.73	6533.33	6513.73	
6517.65	6525.49	6517.65	6525.49	6517.65	
6517.65	6521.57	6517.65	6521.57	6517.65	
6529.41	6513.73	6529.41	6513.73	6529.41	
6509.8	6533.33	6509.8	6533.33	6509.8	
6537.25	6525.49	6537.25	6525.49	6537.25	
6537.25	6517.65	6537.25	6517.65	6537.25	
6529.41	6517.65	6529.41	6517.65	6529.41	
6525.49	6521.57	6525.49	6521.57	6525.49	
6529.41	6513.73	6529.41	6513.73	6529.41	
6521.57	6533.33	6521.57	6533.33	6521.57	
6533.33	6521.57	6533.33	6521.57	6533.33	
6529.41	6517.65	6529.41	6517.65	6529.41	
6529.41	6509.8	6529.41	6509.8	6529.41	
6517.65	6529.41	6517.65	6529.41	6517.65	
6537.25	6517.65	6537.25	6517.65	6537.25	
6513.73	6533.33	6513.73	6533.33	6513.73	
6533.33	6501.96	6533.33	6501.96	6533.33	
6525.49	6525.49	6525.49	6525.49	6525.49	
6521.57	6537.25	6521.57	6537.25	6521.57	
6521.57	6525.49	6521.57	6525.49	6521.57	
6545.1	6541.18	6545.1	6541.18	6545.1	
6517.65	6525.49	6517.65	6525.49	6517.65	
6529.41	6529.41	6529.41	6529.41	6529.41	
6517.65	6525.49	6517.65	6525.49	6517.65	
6521.57	6513.73	6521.57	6513.73	6521.57	
6517.65	6509.8	6517.65	6509.8	6517.65	
6533.33	6525.49	6533.33	6525.49	6533.33	
6533.33	6529.41	6533.33	6529.41	6533.33	
6525.49	6529.41	6525.49	6529.41	6525.49	
6525.49	6533.33	6525.49	6533.33	6525.49	
6517.65	6525.49	6517.65	6525.49	6517.65	
6513.73	6533.33	6513.73	6533.33	6513.73	
6529.41	6533.33	6529.41	6533.33	6529.41	
6513.73	6525.49	6513.73	6525.49	6513.73	
6525.49	6513.73	6525.49	6513.73	6525.49	
6529.41	6541.18	6529.41	6541.18	6529.41	
6533.33	6529.41	6533.33	6529.41	6533.33	
6513.73	6517.65	6513.73	6517.65	6513.73	
6525.49	6525.49	6525.49	6525.49	6525.49	
6529.41	6525.49	6529.41	6525.49	6529.41	
6521.57	6525.49	6521.57	6525.49	6521.57	
6529.41	6521.57	6529.41	6521.57	6529.41	
6533.33	6533.33	6533.33	6533.33	6533.33	
6517.65	6517.65	6517.65	6517.65	6517.65	
6525.49	6525.49	6525.49	6525.49	6525.49	
6525.49	6525.49	6525.49	6525.49	6525.49	
6513.73	6541.18	6513.73	6541.18	6513.73	
6517.65	6517.65	6517.65	6517.65	6517.65	
6501.96	6509.8	6501.96	6509.8	6501.96	
6509.8	6525.49	6509.8	6525.49	6509.8	
6533.33	6529.41	6533.33	6529.41	6533.33	
6521.57	6529.41	6521.57	6529.41	6521.57	
6529.41	6525.49	6529.41	6525.49	6529.41	
6537.25	6525.49	6537.25	6525.49	6537.25	
6517.65	6521.57	6517.65	6521.57	6517.65	
6521.57	6509.8	6521.57	6509.8	6521.57	
6521.57	6513.73	6521.57	6513.73	6521.57	
6521.57	6521.57	6521.57	6521.57	6521.57	
6521.57	6509.8	6521.57	6509.8	6521.57	
6513.73	6529.41	6513.73	6529.41	6513.73	
6525.49	6505.88	6525.49	6505.88	6525.49	
6537.25	6517.65	6537.25	6517.65	6537.25	
6521.57	6521.57	6521.57	6521.57	6521.57	
6521.57	6533.33	6521.57	6533.33	6521.57	
6517.65	6513.73	6517.65	6513.73	6517.65	
6525.49	6529.41	6525.49	6529.41	6525.49	
6501.96	6521.57	6501.96	6521.57	6501.96	
6521.57	6521.57	6521.57	6521.57	6521.57	
6517.65	6525.49	6517.65	6525.49	6517.65	
6541.18	6521.57	6541.18	6521.57	6541.18	
6513.73	6525.49	6513.73	6525.49	6513.73	
6537.25	6529.41	6537.25	6529.41	6537.25	
6529.41	6533.33	6529.41	6533.33	6529.41	
6513.73	6517.65	6513.73	6517.65	6513.73	
6533.33	6537.25	6533.33	6537.25	6533.33	
6529.41	6529.41	6529.41	6529.41	6529.41	
6521.57	6541.18	6521.57	6541.18	6521.57	
6529.41	6533.33	6529.41	6533.33	6529.41	
6529.41	6525.49	6529.41	6525.49	6529.41	
6517.65	6513.73	6517.65	6513.73	6517.65	
6533.33	6509.8	6533.33	6509.8	6533.33	
6509.8	6517.65	6509.8	6517.65	6509.8	
6521.57	6533.33	6521.57	6533.33	6521.57	
6525.49	6533.33	6525.49	6533.33	6525.49	
6521.57	6533.33	6521.57	6533.33	6521.57	
6517.65	6521.57	6517.65	6521.57	6517.65	
6517.65	6541.18	6517.65	6541.18	6517.65	
6525.49	6529.41	6525.49	6529.41	6525.49	
6537.25	6509.8	6537.25	6509.8	6537.25	
6529.41	6517.65	6529.41	6517.65	6529.41	
6513.73	6529.41	6513.73	6529.41	6513.73	
6521.57	6521.57	6521.57	6521.57	6521.57	
6521.57	6525.49	6521.57	6525.49	6521.57	
6521.57	6533.33	6521.57	6533.33	6521.57	
6521.57	6537.25	6521.57	6537.25	6521.57	
6529.41	6529.41	6529.41	6529.41	6529.41	
6509.8	6525.49	6509.8	6525.49	6509.8	
6509.8	6521.57	6509.8	6521.57	6509.8	
6505.88	6521.57	6505.88	6521.57	6505.88	
6517.65	6517.65	6517.65	6517.65	6517.65	
6529.41	6525.49	6529.41	6525.49	6529.41	
6517.65	6529.41	6517.65	6529.41	6517.65	
6513.73	6517.65	6513.73	6517.65	6513.73	
6521.57	6529.41	6521.57	6529.41	6521.57	
6529.41	6509.8	6529.41	6509.8	6529.41	
6521.57	6541.18	6521.57	6541.18	6521.57	
6513.73	6521.57	6513.73	6521.57	6513.73	
6525.49	6533.33	6525.49	6533.33	6525.49	
6517.65	6529.41	6517.65	6529.41	6517.65	
6513.73	6521.57	6513.73	6521.57	6513.73	
6521.57	6517.65	6521.57	6517.65	6521.57	
6533.33	6517.65	6533.33	6517.65	6533.33	
6525.49	6517.65	6525.49	6517.65	6525.49	
6525.49	6525.49	6525.49	6525.49	6525.49	
6517.65	6525.49	6517.65	6525.49	6517.65	
6517.65	6521.57	6517.65	6521.57	6517.65	
6521.57	6513.73	6521.57	6513.73	6521.57	
6513.73	6525.49	6513.73	6525.49	6513.73	
6517.65	6525.49	6517.65	6525.49	6517.65	
6513.73	6517.65	6513.73	6517.65	6513.73	
6521.57	6509.8	6521.57	6509.8	6521.57	
6513.73	6509.8	6513.73	6509.8	6513.73	
6529.41	6509.8	6529.41	6509.8	6529.41	
6541.18	6537.25	6541.18	6537.25	6541.18	
6529.41	6529.41	6529.41	6529.41	6529.41	
6529.41	6517.65	6529.41	6517.65	6529.41	
6509.8	6513.73	6509.8	6513.73	6509.8	
6513.73	6517.65	6513.73	6517.65	6513.73	
6517.65	6521.57	6517.65	6521.57	6517.65	
6529.41	6521.57	6529.41	6521.57	6529.41	
6537.25	6521.57	6537.25	6521.57	6537.25	
6521.57	6521.57	6521.57	6521.57	6521.57	
6513.73	6537.25	6513.73	6537.25	6513.73	
6525.49	6525.49	6525.49	6525.49	6525.49	
6529.41	6509.8	6529.41	6509.8	6529.41	
6525.49	6521.57	6525.49	6521.57	6525.49	
6525.49	6533.33	6525.49	6533.33	6525.49	
6525.49	6529.41	6525.49	6529.41	6525.49	
6521.57	6521.57	6521.57	6521.57	6521.57	
6525.49	6517.65	6525.49	6517.65	6525.49	
6545.1	6529.41	6545.1	6529.41	6545.1	
6525.49	6509.8	6525.49	6509.8	6525.49	
6537.25	6537.25	6537.25	6537.25	6537.25	
6529.41	6517.65	6529.41	6517.65	6529.41	
6537.25	6533.33	6537.25	6533.33	6537.25	
6517.65	6521.57	6517.65	6521.57	6517.65	
6529.41	6525.49	6529.41	6525.49	6529.41	
6525.49	6525.49	6525.49	6525.49	6525.49	
6521.57	6529.41	6521.57	6529.41	6521.57	
6521.57	6525.49	6521.57	6525.49	6521.57	
6509.8	6505.88	6509.8	6505.88	6509.8	
6505.88	6517.65	6505.88	6517.65	6505.88	
6509.8	6529.41	6509.8	6529.41	6509.8	
6517.65	6529.41	6517.65	6529.41	6517.65	
6517.65	6525.49	6517.65	6525.49	6517.65	
6529.41	6529.41	6529.41	6529.41	6529.41	
6525.49	6533.33	6525.49	6533.33	6525.49	
6525.49	6521.57	6525.49	6521.57	6525.49	
6517.65	6529.41	6517.65	6529.41	6517.65	
6513.73	6513.73	6513.73	6513.73	6513.73	
6525.49	6525.49	6525.49	6525.49	6525.49	
6525.49	6537.25	6525.49	6537.25	6525.49	
6529.41	6509.8	6529.41	6509.8	6529.41	
6513.73	6509.8	6513.73	6509.8	6513.73	
6505.88	6501.96	6505.88	6501.96	6505.88	
6505.88	6537.25	6505.88	6537.25	6505.88	
6513.73	6525.49	6513.73	6525.49	6513.73	
6525.49	6529.41	6525.49	6529.41	6525.49	
6513.73	6517.65	6513.73	6517.65	6513.73	
6509.8	6549.02	6509.8	6549.02	6509.8	
6517.65	6533.33	6517.65	6533.33	6517.65	
6517.65	6537.25	6517.65	6537.25	6517.65	
6560.78	6588.24	6560.78	6588.24	6560.78	
6513.73	6529.41	6513.73	6529.41	6513.73	
6517.65	6517.65	6517.65	6517.65	6517.65	
6517.65	6521.57	6517.65	6521.57	6517.65	
6525.49	6517.65	6525.49	6517.65	6525.49	
6525.49	6525.49	6525.49	6525.49	6525.49	
6525.49	6533.33	6525.49	6533.33	6525.49	
6537.25	6541.18	6537.25	6541.18	6537.25	
6521.57	6529.41	6521.57	6529.41	6521.57	
6525.49	6509.8	6525.49	6509.8	6525.49	
6517.65	6529.41	6517.65	6529.41	6517.65	
6529.41	6521.57	6529.41	6521.57	6529.41	
6513.73	6525.49	6513.73	6525.49	6513.73	
6501.96	6505.88	6501.96	6505.88	6501.96	
6525.49	6513.73	6525.49	6513.73	6525.49	
6513.73	6517.65	6513.73	6517.65	6513.73	
6541.18	6513.73	6541.18	6513.73	6541.18	
6517.65	6541.18	6517.65	6541.18	6517.65	
6529.41	6525.49	6529.41	6525.49	6529.41	
6529.41	6509.8	6529.41	6509.8	6529.41	
6533.33	6541.18	6533.33	6541.18	6533.33	
6521.57	6525.49	6521.57	6525.49	6521.57	
6517.65	6505.88	6517.65	6505.88	6517.65	
6513.73	6517.65	6513.73	6517.65	6513.73	
6517.65	6537.25	6517.65	6537.25	6517.65	
6533.33	6529.41	6533.33	6529.41	6533.33	
6541.18	6505.88	6541.18	6505.88	6541.18	
6537.25	6537.25	6537.25	6537.25	6537.25	
6533.33	6529.41	6533.33	6529.41	6533.33	
6525.49	6521.57	6525.49	6521.57	6525.49	
6517.65	6513.73	6517.65	6513.73	6517.65	
6513.73	6525.49	6513.73	6525.49	6513.73	
6533.33	6517.65	6533.33	6517.65	6533.33	
6517.65	6533.33	6517.65	6533.33	6517.65	
6505.88	6521.57	6505.88	6521.57	6505.88	
6513.73	6521.57	6513.73	6521.57	6513.73	
6533.33	6521.57	6533.33	6521.57	6533.33	
6529.41	6513.73	6529.41	6513.73	6529.41	
6517.65	6533.33	6517.65	6533.33	6517.65	
6525.49	6517.65	6525.49	6517.65	6525.49	
6521.57	6533.33	6521.57	6533.33	6521.57	
6521.57	6529.41	6521.57	6529.41	6521.57	
6513.73	6509.8	6513.73	6509.8	6513.73	
6525.49	6509.8	6525.49	6509.8	6525.49	
6498.04	6541.18	6498.04	6541.18	6498.04	
6513.73	6521.57	6513.73	6521.57	6513.73	
6533.33	6513.73	6533.33	6513.73	6533.33	
6505.88	6529.41	6505.88	6529.41	6505.88	
6521.57	6529.41	6521.57	6529.41	6521.57	
6529.41	6521.57	6529.41	6521.57	6529.41	
6525.49	6529.41	6525.49	6529.41	6525.49	
6525.49	6513.73	6525.49	6513.73	6525.49	
6521.57	6525.49	6521.57	6525.49	6521.57	
6525.49	6521.57	6525.49	6521.57	6525.49	
6513.73	6517.65	6513.73	6517.65	6513.73	
6529.41	6521.57	6529.41	6521.57	6529.41	
6517.65	6513.73	6517.65	6513.73	6517.65	
6521.57	6533.33	6521.57	6533.33	6521.57	
6517.65	6505.88	6517.65	6505.88	6517.65	
6509.8	6529.41	6509.8	6529.41	6509.8	
6505.88	6529.41	6505.88	6529.41	6505.88	
6521.57	6525.49	6521.57	6525.49	6521.57	
6525.49	6517.65	6525.49	6517.65	6525.49	
6537.25	6525.49	6537.25	6525.49	6537.25	
6533.33	6525.49	6533.33	6525.49	6533.33	
6521.57	6521.57	6521.57	6521.57	6521.57	
6529.41	6529.41	6529.41	6529.41	6529.41	
6541.18	6529.41	6541.18	6529.41	6541.18	
6529.41	6521.57	6529.41	6521.57	6529.41	
6509.8	6521.57	6509.8	6521.57	6509.8	
6513.73	6509.8	6513.73	6509.8	6513.73	
6521.57	6525.49	6521.57	6525.49	6521.57	
6505.88	6525.49	6505.88	6525.49	6505.88	
6529.41	6517.65	6529.41	6517.65	6529.41	
6513.73	6537.25	6513.73	6537.25	6513.73	
6529.41	6521.57	6529.41	6521.57	6529.41	
6521.57	6513.73	6521.57	6513.73	6521.57	
6513.73	6517.65	6513.73	6517.65	6513.73	
6521.57	6521.57	6521.57	6521.57	6521.57	
6509.8	6505.88	6509.8	6505.88	6509.8	
6513.73	6537.25	6513.73	6537.25	6513.73	
6513.73	6513.73	6513.73	6513.73	6513.73	
6525.49	6521.57	6525.49	6521.57	6525.49	
6521.57	6517.65	6521.57	6517.65	6521.57	
6513.73	6525.49	6513.73	6525.49	6513.73	
6498.04	6517.65	6498.04	6517.65	6498.04	
6517.65	6525.49	6517.65	6525.49	6517.65	
6521.57	6509.8	6521.57	6509.8	6521.57	
6509.8	6521.57	6509.8	6521.57	6509.8	
6521.57	6525.49	6521.57	6525.49	6521.57	
6533.33	6525.49	6533.33	6525.49	6533.33	
6521.57	6521.57	6521.57	6521.57	6521.57	
6533.33	6513.73	6533.33	6513.73	6533.33	
6525.49	6525.49	6525.49	6525.49	6525.49	
6525.49	6533.33	6525.49	6533.33	6525.49	
6521.57	6509.8	6521.57	6509.8	6521.57	
6529.41	6529.41	6529.41	6529.41	6529.41	
6517.65	6521.57	6517.65	6521.57	6517.65	
6525.49	6529.41	6525.49	6529.41	6525.49	
6525.49	6513.73	6525.49	6513.73	6525.49	
6529.41	6505.88	6529.41	6505.88	6529.41	
6529.41	6517.65	6529.41	6517.65	6529.41	
6537.25	6533.33	6537.25	6533.33	6537.25	
6529.41	6525.49	6529.41	6525.49	6529.41	
6533.33	6525.49	6533.33	6525.49	6533.33	
6529.41	6529.41	6529.41	6529.41	6529.41	
6521.57	6517.65	6521.57	6517.65	6521.57	
6513.73	6525.49	6513.73	6525.49	6513.73	
6517.65	6513.73	6517.65	6513.73	6517.65	
6525.49	6513.73	6525.49	6513.73	6525.49	
6525.49	6525.49	6525.49	6525.49	6525.49	
6525.49	6529.41	6525.49	6529.41	6525.49	
6517.65	6517.65	6517.65	6517.65	6517.65	
6521.57	6529.41	6521.57	6529.41	6521.57	
6529.41	6529.41	6529.41	6529.41	6529.41	
6521.57	6517.65	6521.57	6517.65	6521.57	
6517.65	6525.49	6517.65	6525.49	6517.65	
6517.65	6505.88	6517.65	6505.88	6517.65	
6513.73	6501.96	6513.73	6501.96	6513.73	
6529.41	6525.49	6529.41	6525.49	6529.41	
6521.57	6513.73	6521.57	6513.73	6521.57	
6509.8	6521.57	6509.8	6521.57	6509.8	
6521.57	6525.49	6521.57	6525.49	6521.57	
6541.18	6537.25	6541.18	6537.25	6541.18	
6521.57	6505.88	6521.57	6505.88	6521.57	
6529.41	6525.49	6529.41	6525.49	6529.41	
6513.73	6513.73	6513.73	6513.73	6513.73	
6525.49	6541.18	6525.49	6541.18	6525.49	
6525.49	6509.8	6525.49	6509.8	6525.49	
6513.73	6521.57	6513.73	6521.57	6513.73	
6521.57	6505.88	6521.57	6505.88	6521.57	
6521.57	6533.33	6521.57	6533.33	6521.57	
6529.41	6509.8	6529.41	6509.8	6529.41	
6517.65	6525.49	6517.65	6525.49	6517.65	
6517.65	6525.49	6517.65	6525.49	6517.65	
6529.41	6521.57	6529.41	6521.57	6529.41	
6517.65	6525.49	6517.65	6525.49	6517.65	
6533.33	6537.25	6533.33	6537.25	6533.33	
6529.41	6517.65	6529.41	6517.65	6529.41	
6529.41	6525.49	6529.41	6525.49	6529.41	
6509.8	6525.49	6509.8	6525.49	6509.8	
6521.57	6517.65	6521.57	6517.65	6521.57	
6533.33	6521.57	6533.33	6521.57	6533.33	
6521.57	6529.41	6521.57	6529.41	6521.57	
6521.57	6529.41	6521.57	6529.41	6521.57	
6505.88	6517.65	6505.88	6517.65	6505.88	
6521.57	6529.41	6521.57	6529.41	6521.57	
6521.57	6517.65	6521.57	6517.65	6521.57	
6529.41	6525.49	6529.41	6525.49	6529.41	
6521.57	6525.49	6521.57	6525.49	6521.57	
6521.57	6501.96	6521.57	6501.96	6521.57	
6525.49	6513.73	6525.49	6513.73	6525.49	
6533.33	6509.8	6533.33	6509.8	6533.33	
6525.49	6517.65	6525.49	6517.65	6525.49	
6525.49	6529.41	6525.49	6529.41	6525.49	
6509.8	6517.65	6509.8	6517.65	6509.8	
6533.33	6525.49	6533.33	6525.49	6533.33	
6517.65	6529.41	6517.65	6529.41	6517.65	
6517.65	6525.49	6517.65	6525.49	6517.65	
6529.41	6537.25	6529.41	6537.25	6529.41	
6525.49	6541.18	6525.49	6541.18	6525.49	
6529.41	6533.33	6529.41	6533.33	6529.41	
6525.49	6529.41	6525.49	6529.41	6525.49	
6525.49	6517.65	6525.49	6517.65	6525.49	
6517.65	6509.8	6517.65	6509.8	6517.65	
6517.65	6529.41	6517.65	6529.41	6517.65	
6517.65	6517.65	6517.65	6517.65	6517.65	
6533.33	6517.65	6533.33	6517.65	6533.33	
6529.41	6517.65	6529.41	6517.65	6529.41	
6537.25	6529.41	6537.25	6529.41	6537.25	
6505.88	6521.57	6505.88	6521.57	6505.88	
6521.57	6521.57	6521.57	6521.57	6521.57	
6517.65	6517.65	6517.65	6517.65	6517.65	
6517.65	6513.73	6517.65	6513.73	6517.65	
6513.73	6521.57	6513.73	6521.57	6513.73	
6517.65	6517.65	6517.65	6517.65	6517.65	
6505.88	6533.33	6505.88	6533.33	6505.88	
6537.25	6513.73	6537.25	6513.73	6537.25	
6517.65	6525.49	6517.65	6525.49	6517.65	
6533.33	6517.65	6533.33	6517.65	6533.33	
6521.57	6541.18	6521.57	6541.18	6521.57	
6529.41	6533.33	6529.41	6533.33	6529.41	
6517.65	6521.57	6517.65	6521.57	6517.65	
6537.25	6525.49	6537.25	6525.49	6537.25	
6513.73	6513.73	6513.73	6513.73	6513.73	
6529.41	6533.33	6529.41	6533.33	6529.41	
6533.33	6509.8	6533.33	6509.8	6533.33	
6533.33	6513.73	6533.33	6513.73	6533.33	
6529.41	6517.65	6529.41	6517.65	6529.41	
6517.65	6513.73	6517.65	6513.73	6517.65	
6525.49	6517.65	6525.49	6517.65	6525.49	
6521.57	6525.49	6521.57	6525.49	6521.57	
6505.88	6509.8	6505.88	6509.8	6505.88	
6529.41	6525.49	6529.41	6525.49	6529.41	
6521.57	6521.57	6521.57	6521.57	6521.57	
6541.18	6513.73	6541.18	6513.73	6541.18	
6517.65	6525.49	6517.65	6525.49	6517.65	
6509.8	6521.57	6509.8	6521.57	6509.8	
6517.65	6513.73	6517.65	6513.73	6517.65	
6525.49	6513.73	6525.49	6513.73	6525.49	
6517.65	6525.49	6517.65	6525.49	6517.65	
6525.49	6521.57	6525.49	6521.57	6525.49	
6525.49	6509.8	6525.49	6509.8	6525.49	
6525.49	6529.41	6525.49	6529.41	6525.49	
6505.88	6509.8	6505.88	6509.8	6505.88	
6517.65	6521.57	6517.65	6521.57	6517.65	
6513.73	6525.49	6513.73	6525.49	6513.73	
6529.41	6494.12	6529.41	6494.12	6529.41	
6541.18	6513.73	6541.18	6513.73	6541.18	
6521.57	6533.33	6521.57	6533.33	6521.57	
6529.41	6525.49	6529.41	6525.49	6529.41	
6525.49	6517.65	6525.49	6517.65	6525.49	
6513.73	6521.57	6513.73	6521.57	6513.73	
6529.41	6513.73	6529.41	6513.73	6529.41	
6529.41	6501.96	6529.41	6501.96	6529.41	
6537.25	6509.8	6537.25	6509.8	6537.25	
6513.73	6533.33	6513.73	6533.33	6513.73	
6525.49	6525.49	6525.49	6525.49	6525.49	
6541.18	6525.49	6541.18	6525.49	6541.18	
6521.57	6513.73	6521.57	6513.73	6521.57	
6513.73	6509.8	6513.73	6509.8	6513.73	
6509.8	6521.57	6509.8	6521.57	6509.8	
6517.65	6509.8	6517.65	6509.8	6517.65	
6517.65	6529.41	6517.65	6529.41	6517.65	
6521.57	6537.25	6521.57	6537.25	6521.57	
6525.49	6537.25	6525.49	6537.25	6525.49	
6517.65	6521.57	6517.65	6521.57	6517.65	
6525.49	6509.8	6525.49	6509.8	6525.49	
6525.49	6513.73	6525.49	6513.73	6525.49	
6517.65	6517.65	6517.65	6517.65	6517.65	
6509.8	6513.73	6509.8	6513.73	6509.8	
6517.65	6529.41	6517.65	6529.41	6517.65	
6525.49	6545.1	6525.49	6545.1	6525.49	
6529.41	6517.65	6529.41	6517.65	6529.41	
6513.73	6537.25	6513.73	6537.25	6513.73	
6517.65	6509.8	6517.65	6509.8	6517.65	
6525.49	6525.49	6525.49	6525.49	6525.49	
6521.57	6517.65	6521.57	6517.65	6521.57	
6525.49	6517.65	6525.49	6517.65	6525.49	
6513.73	6533.33	6513.73	6533.33	6513.73	
6521.57	6517.65	6521.57	6517.65	6521.57	
6533.33	6529.41	6533.33	6529.41	6533.33	
6533.33	6513.73	6533.33	6513.73	6533.33	
6505.88	6525.49	6505.88	6525.49	6505.88	
6525.49	6521.57	6525.49	6521.57	6525.49	
6513.73	6517.65	6513.73	6517.65	6513.73	
6509.8	6533.33	6509.8	6533.33	6509.8	
6521.57	6521.57	6521.57	6521.57	6521.57	
6521.57	6509.8	6521.57	6509.8	6521.57	
6513.73	6521.57	6513.73	6521.57	6513.73	
6525.49	6517.65	6525.49	6517.65	6525.49	
6513.73	6537.25	6513.73	6537.25	6513.73	
6533.33	6541.18	6533.33	6541.18	6533.33	
6541.18	6525.49	6541.18	6525.49	6541.18	
6525.49	6521.57	6525.49	6521.57	6525.49	
6521.57	6541.18	6521.57	6541.18	6521.57	
6509.8	6521.57	6509.8	6521.57	6509.8	
6513.73	6529.41	6513.73	6529.41	6513.73	
6521.57	6533.33	6521.57	6533.33	6521.57	
6525.49	6517.65	6525.49	6517.65	6525.49	
6533.33	6517.65	6533.33	6517.65	6533.33	
6513.73	6541.18	6513.73	6541.18	6513.73	
6513.73	6521.57	6513.73	6521.57	6513.73	
6517.65	6521.57	6517.65	6521.57	6517.65	
6509.8	6525.49	6509.8	6525.49	6509.8	
6513.73	6529.41	6513.73	6529.41	6513.73	
6517.65	6529.41	6517.65	6529.41	6517.65	
6521.57	6521.57	6521.57	6521.57	6521.57	
6521.57	6509.8	6521.57	6509.8	6521.57	
6564.71	6556.86	6564.71	6556.86	6564.71	
6525.49	6509.8	6525.49	6509.8	6525.49	
6505.88	6517.65	6505.88	6517.65	6505.88	
6517.65	6513.73	6517.65	6513.73	6517.65	
6533.33	6533.33	6533.33	6533.33	6533.33	
6525.49	6529.41	6525.49	6529.41	6525.49	
6533.33	6529.41	6533.33	6529.41	6533.33	
6513.73	6505.88	6513.73	6505.88	6513.73	
6537.25	6501.96	6537.25	6501.96	6537.25	
6517.65	6498.04	6517.65	6498.04	6517.65	
6525.49	6541.18	6525.49	6541.18	6525.49	
6525.49	6537.25	6525.49	6537.25	6525.49	
6517.65	6537.25	6517.65	6537.25	6517.65	
6509.8	6517.65	6509.8	6517.65	6509.8	
6521.57	6509.8	6521.57	6509.8	6521.57	
6521.57	6525.49	6521.57	6525.49	6521.57	
6521.57	6509.8	6521.57	6509.8	6521.57	
6525.49	6509.8	6525.49	6509.8	6525.49	
6513.73	6517.65	6513.73	6517.65	6513.73	
6529.41	6521.57	6529.41	6521.57	6529.41	
6509.8	6529.41	6509.8	6529.41	6509.8	
6517.65	6498.04	6517.65	6498.04	6517.65	
6505.88	6509.8	6505.88	6509.8	6505.88	
6513.73	6498.04	6513.73	6498.04	6513.73	
6505.88	6505.88	6505.88	6505.88	6505.88	
