3770.79	3759.55	3770.79	3759.55	3770.79	
3734.83	3732.58	3734.83	3732.58	3734.83	
3730.34	3737.08	3730.34	3737.08	3730.34	
3730.34	3730.34	3730.34	3730.34	3730.34	
3743.82	3737.08	3743.82	3737.08	3743.82	
3743.82	3739.33	3743.82	3739.33	3743.82	
3737.08	3734.83	3737.08	3734.83	3737.08	
3750.56	3739.33	3750.56	3739.33	3750.56	
3741.57	3737.08	3741.57	3737.08	3741.57	
3746.07	3746.07	3746.07	3746.07	3746.07	
3737.08	3746.07	3737.08	3746.07	3737.08	
3739.33	3739.33	3739.33	3739.33	3739.33	
3741.57	3739.33	3741.57	3739.33	3741.57	
3739.33	3741.57	3739.33	3741.57	3739.33	
3743.82	3755.06	3743.82	3755.06	3743.82	
3750.56	3750.56	3750.56	3750.56	3750.56	
3741.57	3741.57	3741.57	3741.57	3741.57	
3752.81	3752.81	3752.81	3752.81	3752.81	
3750.56	3755.06	3750.56	3755.06	3750.56	
3743.82	3755.06	3743.82	3755.06	3743.82	
3743.82	3743.82	3743.82	3743.82	3743.82	
3743.82	3748.31	3743.82	3748.31	3743.82	
3739.33	3750.56	3739.33	3750.56	3739.33	
3739.33	3755.06	3739.33	3755.06	3739.33	
3739.33	3746.07	3739.33	3746.07	3739.33	
3743.82	3750.56	3743.82	3750.56	3743.82	
3748.31	3750.56	3748.31	3750.56	3748.31	
3741.57	3750.56	3741.57	3750.56	3741.57	
3752.81	3757.3	3752.81	3757.3	3752.81	
3759.55	3757.3	3759.55	3757.3	3759.55	
3752.81	3741.57	3752.81	3741.57	3752.81	
3746.07	3746.07	3746.07	3746.07	3746.07	
3739.33	3755.06	3739.33	3755.06	3739.33	
3741.57	3748.31	3741.57	3748.31	3741.57	
3755.06	3746.07	3755.06	3746.07	3755.06	
3746.07	3752.81	3746.07	3752.81	3746.07	
3741.57	3741.57	3741.57	3741.57	3741.57	
3748.31	3746.07	3748.31	3746.07	3748.31	
3752.81	3748.31	3752.81	3748.31	3752.81	
3741.57	3757.3	3741.57	3757.3	3741.57	
3743.82	3748.31	3743.82	3748.31	3743.82	
3748.31	3746.07	3748.31	3746.07	3748.31	
3743.82	3748.31	3743.82	3748.31	3743.82	
3741.57	3739.33	3741.57	3739.33	3741.57	
3746.07	3748.31	3746.07	3748.31	3746.07	
3755.06	3757.3	3755.06	3757.3	3755.06	
3748.31	3743.82	3748.31	3743.82	3748.31	
3741.57	3757.3	3741.57	3757.3	3741.57	
3746.07	3743.82	3746.07	3743.82	3746.07	
3757.3	3759.55	3757.3	3759.55	3757.3	
3757.3	3752.81	3757.3	3752.81	3757.3	
3750.56	3755.06	3750.56	3755.06	3750.56	
3746.07	3757.3	3746.07	3757.3	3746.07	
3743.82	3752.81	3743.82	3752.81	3743.82	
3741.57	3750.56	3741.57	3750.56	3741.57	
3746.07	3748.31	3746.07	3748.31	3746.07	
3746.07	3752.81	3746.07	3752.81	3746.07	
3746.07	3737.08	3746.07	3737.08	3746.07	
3752.81	3757.3	3752.81	3757.3	3752.81	
3757.3	3755.06	3757.3	3755.06	3757.3	
3752.81	3746.07	3752.81	3746.07	3752.81	
3757.3	3755.06	3757.3	3755.06	3757.3	
3743.82	3743.82	3743.82	3743.82	3743.82	
3746.07	3743.82	3746.07	3743.82	3746.07	
3741.57	3755.06	3741.57	3755.06	3741.57	
3750.56	3743.82	3750.56	3743.82	3750.56	
3748.31	3748.31	3748.31	3748.31	3748.31	
3746.07	3755.06	3746.07	3755.06	3746.07	
3752.81	3748.31	3752.81	3748.31	3752.81	
3752.81	3748.31	3752.81	3748.31	3752.81	
3743.82	3743.82	3743.82	3743.82	3743.82	
3757.3	3752.81	3757.3	3752.81	3757.3	
3750.56	3761.8	3750.56	3761.8	3750.56	
3757.3	3746.07	3757.3	3746.07	3757.3	
3750.56	3752.81	3750.56	3752.81	3750.56	
3748.31	3741.57	3748.31	3741.57	3748.31	
3743.82	3750.56	3743.82	3750.56	3743.82	
3746.07	3748.31	3746.07	3748.31	3746.07	
3759.55	3755.06	3759.55	3755.06	3759.55	
3750.56	3759.55	3750.56	3759.55	3750.56	
3746.07	3746.07	3746.07	3746.07	3746.07	
3739.33	3750.56	3739.33	3750.56	3739.33	
3748.31	3741.57	3748.31	3741.57	3748.31	
3759.55	3752.81	3759.55	3752.81	3759.55	
3748.31	3746.07	3748.31	3746.07	3748.31	
3752.81	3755.06	3752.81	3755.06	3752.81	
3743.82	3741.57	3743.82	3741.57	3743.82	
3743.82	3750.56	3743.82	3750.56	3743.82	
3752.81	3748.31	3752.81	3748.31	3752.81	
3739.33	3748.31	3739.33	3748.31	3739.33	
3743.82	3752.81	3743.82	3752.81	3743.82	
3755.06	3743.82	3755.06	3743.82	3755.06	
3748.31	3757.3	3748.31	3757.3	3748.31	
3748.31	3759.55	3748.31	3759.55	3748.31	
3746.07	3737.08	3746.07	3737.08	3746.07	
3746.07	3746.07	3746.07	3746.07	3746.07	
3743.82	3739.33	3743.82	3739.33	3743.82	
3748.31	3755.06	3748.31	3755.06	3748.31	
3752.81	3755.06	3752.81	3755.06	3752.81	
3748.31	3748.31	3748.31	3748.31	3748.31	
3746.07	3755.06	3746.07	3755.06	3746.07	
3748.31	3739.33	3748.31	3739.33	3748.31	
3739.33	3746.07	3739.33	3746.07	3739.33	
3741.57	3746.07	3741.57	3746.07	3741.57	
3757.3	3759.55	3757.3	3759.55	3757.3	
3757.3	3746.07	3757.3	3746.07	3757.3	
3737.08	3752.81	3737.08	3752.81	3737.08	
3755.06	3755.06	3755.06	3755.06	3755.06	
3757.3	3759.55	3757.3	3759.55	3757.3	
3750.56	3743.82	3750.56	3743.82	3750.56	
3757.3	3757.3	3757.3	3757.3	3757.3	
3748.31	3746.07	3748.31	3746.07	3748.31	
3750.56	3757.3	3750.56	3757.3	3750.56	
3750.56	3748.31	3750.56	3748.31	3750.56	
3750.56	3748.31	3750.56	3748.31	3750.56	
3746.07	3750.56	3746.07	3750.56	3746.07	
3750.56	3741.57	3750.56	3741.57	3750.56	
3757.3	3755.06	3757.3	3755.06	3757.3	
3752.81	3746.07	3752.81	3746.07	3752.81	
3755.06	3750.56	3755.06	3750.56	3755.06	
3752.81	3741.57	3752.81	3741.57	3752.81	
3743.82	3752.81	3743.82	3752.81	3743.82	
3748.31	3748.31	3748.31	3748.31	3748.31	
3748.31	3741.57	3748.31	3741.57	3748.31	
3741.57	3743.82	3741.57	3743.82	3741.57	
3752.81	3759.55	3752.81	3759.55	3752.81	
3746.07	3743.82	3746.07	3743.82	3746.07	
3741.57	3755.06	3741.57	3755.06	3741.57	
3748.31	3750.56	3748.31	3750.56	3748.31	
3752.81	3746.07	3752.81	3746.07	3752.81	
3755.06	3741.57	3755.06	3741.57	3755.06	
3757.3	3750.56	3757.3	3750.56	3757.3	
3746.07	3743.82	3746.07	3743.82	3746.07	
3757.3	3746.07	3757.3	3746.07	3757.3	
3752.81	3755.06	3752.81	3755.06	3752.81	
3750.56	3741.57	3750.56	3741.57	3750.56	
3759.55	3764.04	3759.55	3764.04	3759.55	
3750.56	3750.56	3750.56	3750.56	3750.56	
3743.82	3755.06	3743.82	3755.06	3743.82	
3750.56	3750.56	3750.56	3750.56	3750.56	
3757.3	3746.07	3757.3	3746.07	3757.3	
3752.81	3746.07	3752.81	3746.07	3752.81	
3739.33	3748.31	3739.33	3748.31	3739.33	
3743.82	3734.83	3743.82	3734.83	3743.82	
3737.08	3748.31	3737.08	3748.31	3737.08	
3746.07	3750.56	3746.07	3750.56	3746.07	
3746.07	3750.56	3746.07	3750.56	3746.07	
3755.06	3752.81	3755.06	3752.81	3755.06	
3748.31	3750.56	3748.31	3750.56	3748.31	
3746.07	3743.82	3746.07	3743.82	3746.07	
3755.06	3752.81	3755.06	3752.81	3755.06	
3750.56	3752.81	3750.56	3752.81	3750.56	
3739.33	3748.31	3739.33	3748.31	3739.33	
3748.31	3759.55	3748.31	3759.55	3748.31	
3746.07	3750.56	3746.07	3750.56	3746.07	
3755.06	3746.07	3755.06	3746.07	3755.06	
3746.07	3746.07	3746.07	3746.07	3746.07	
3748.31	3741.57	3748.31	3741.57	3748.31	
3743.82	3746.07	3743.82	3746.07	3743.82	
3743.82	3739.33	3743.82	3739.33	3743.82	
3755.06	3741.57	3755.06	3741.57	3755.06	
3746.07	3748.31	3746.07	3748.31	3746.07	
3748.31	3748.31	3748.31	3748.31	3748.31	
3752.81	3759.55	3752.81	3759.55	3752.81	
3750.56	3761.8	3750.56	3761.8	3750.56	
3755.06	3748.31	3755.06	3748.31	3755.06	
3746.07	3741.57	3746.07	3741.57	3746.07	
3748.31	3750.56	3748.31	3750.56	3748.31	
3746.07	3741.57	3746.07	3741.57	3746.07	
3752.81	3748.31	3752.81	3748.31	3752.81	
3743.82	3746.07	3743.82	3746.07	3743.82	
3748.31	3752.81	3748.31	3752.81	3748.31	
3741.57	3757.3	3741.57	3757.3	3741.57	
3746.07	3750.56	3746.07	3750.56	3746.07	
3752.81	3757.3	3752.81	3757.3	3752.81	
3737.08	3750.56	3737.08	3750.56	3737.08	
3750.56	3748.31	3750.56	3748.31	3750.56	
3741.57	3741.57	3741.57	3741.57	3741.57	
3746.07	3741.57	3746.07	3741.57	3746.07	
3746.07	3741.57	3746.07	3741.57	3746.07	
3743.82	3743.82	3743.82	3743.82	3743.82	
3743.82	3755.06	3743.82	3755.06	3743.82	
3739.33	3741.57	3739.33	3741.57	3739.33	
3752.81	3748.31	3752.81	3748.31	3752.81	
3743.82	3741.57	3743.82	3741.57	3743.82	
3755.06	3746.07	3755.06	3746.07	3755.06	
3737.08	3741.57	3737.08	3741.57	3737.08	
3741.57	3748.31	3741.57	3748.31	3741.57	
3746.07	3752.81	3746.07	3752.81	3746.07	
3748.31	3743.82	3748.31	3743.82	3748.31	
3743.82	3746.07	3743.82	3746.07	3743.82	
3739.33	3743.82	3739.33	3743.82	3739.33	
3746.07	3748.31	3746.07	3748.31	3746.07	
3748.31	3748.31	3748.31	3748.31	3748.31	
3746.07	3750.56	3746.07	3750.56	3746.07	
3750.56	3746.07	3750.56	3746.07	3750.56	
3743.82	3741.57	3743.82	3741.57	3743.82	
3748.31	3755.06	3748.31	3755.06	3748.31	
3746.07	3752.81	3746.07	3752.81	3746.07	
3748.31	3750.56	3748.31	3750.56	3748.31	
3750.56	3752.81	3750.56	3752.81	3750.56	
3743.82	3746.07	3743.82	3746.07	3743.82	
3755.06	3741.57	3755.06	3741.57	3755.06	
3746.07	3752.81	3746.07	3752.81	3746.07	
3739.33	3748.31	3739.33	3748.31	3739.33	
3748.31	3755.06	3748.31	3755.06	3748.31	
3750.56	3748.31	3750.56	3748.31	3750.56	
3741.57	3757.3	3741.57	3757.3	3741.57	
3739.33	3755.06	3739.33	3755.06	3739.33	
3750.56	3748.31	3750.56	3748.31	3750.56	
3746.07	3750.56	3746.07	3750.56	3746.07	
3746.07	3748.31	3746.07	3748.31	3746.07	
3748.31	3746.07	3748.31	3746.07	3748.31	
3750.56	3746.07	3750.56	3746.07	3750.56	
3746.07	3743.82	3746.07	3743.82	3746.07	
3741.57	3746.07	3741.57	3746.07	3741.57	
3739.33	3748.31	3739.33	3748.31	3739.33	
3741.57	3750.56	3741.57	3750.56	3741.57	
3752.81	3757.3	3752.81	3757.3	3752.81	
3750.56	3739.33	3750.56	3739.33	3750.56	
3743.82	3743.82	3743.82	3743.82	3743.82	
3748.31	3737.08	3748.31	3737.08	3748.31	
3750.56	3746.07	3750.56	3746.07	3750.56	
3743.82	3755.06	3743.82	3755.06	3743.82	
3746.07	3746.07	3746.07	3746.07	3746.07	
3739.33	3752.81	3739.33	3752.81	3739.33	
3755.06	3748.31	3755.06	3748.31	3755.06	
3743.82	3755.06	3743.82	3755.06	3743.82	
3748.31	3748.31	3748.31	3748.31	3748.31	
3743.82	3748.31	3743.82	3748.31	3743.82	
3743.82	3746.07	3743.82	3746.07	3743.82	
3741.57	3755.06	3741.57	3755.06	3741.57	
3746.07	3757.3	3746.07	3757.3	3746.07	
3743.82	3750.56	3743.82	3750.56	3743.82	
3750.56	3750.56	3750.56	3750.56	3750.56	
3752.81	3743.82	3752.81	3743.82	3752.81	
3746.07	3741.57	3746.07	3741.57	3746.07	
3746.07	3752.81	3746.07	3752.81	3746.07	
3743.82	3750.56	3743.82	3750.56	3743.82	
3743.82	3737.08	3743.82	3737.08	3743.82	
3737.08	3746.07	3737.08	3746.07	3737.08	
3750.56	3759.55	3750.56	3759.55	3750.56	
3734.83	3752.81	3734.83	3752.81	3734.83	
3757.3	3746.07	3757.3	3746.07	3757.3	
3752.81	3752.81	3752.81	3752.81	3752.81	
3746.07	3750.56	3746.07	3750.56	3746.07	
3743.82	3741.57	3743.82	3741.57	3743.82	
3743.82	3764.04	3743.82	3764.04	3743.82	
3750.56	3739.33	3750.56	3739.33	3750.56	
3755.06	3748.31	3755.06	3748.31	3755.06	
3746.07	3750.56	3746.07	3750.56	3746.07	
3746.07	3743.82	3746.07	3743.82	3746.07	
3743.82	3750.56	3743.82	3750.56	3743.82	
3752.81	3741.57	3752.81	3741.57	3752.81	
3743.82	3737.08	3743.82	3737.08	3743.82	
3741.57	3746.07	3741.57	3746.07	3741.57	
3737.08	3750.56	3737.08	3750.56	3737.08	
3743.82	3750.56	3743.82	3750.56	3743.82	
3748.31	3761.8	3748.31	3761.8	3748.31	
3743.82	3748.31	3743.82	3748.31	3743.82	
3748.31	3752.81	3748.31	3752.81	3748.31	
3741.57	3743.82	3741.57	3743.82	3741.57	
3750.56	3752.81	3750.56	3752.81	3750.56	
3748.31	3755.06	3748.31	3755.06	3748.31	
3746.07	3752.81	3746.07	3752.81	3746.07	
3750.56	3750.56	3750.56	3750.56	3750.56	
3748.31	3752.81	3748.31	3752.81	3748.31	
3752.81	3743.82	3752.81	3743.82	3752.81	
3741.57	3755.06	3741.57	3755.06	3741.57	
3750.56	3746.07	3750.56	3746.07	3750.56	
3743.82	3746.07	3743.82	3746.07	3743.82	
3741.57	3748.31	3741.57	3748.31	3741.57	
3748.31	3750.56	3748.31	3750.56	3748.31	
3741.57	3752.81	3741.57	3752.81	3741.57	
3748.31	3746.07	3748.31	3746.07	3748.31	
3739.33	3748.31	3739.33	3748.31	3739.33	
3739.33	3750.56	3739.33	3750.56	3739.33	
3743.82	3743.82	3743.82	3743.82	3743.82	
3743.82	3743.82	3743.82	3743.82	3743.82	
3746.07	3750.56	3746.07	3750.56	3746.07	
3750.56	3755.06	3750.56	3755.06	3750.56	
3743.82	3743.82	3743.82	3743.82	3743.82	
3748.31	3752.81	3748.31	3752.81	3748.31	
3755.06	3748.31	3755.06	3748.31	3755.06	
3741.57	3750.56	3741.57	3750.56	3741.57	
3755.06	3748.31	3755.06	3748.31	3755.06	
3746.07	3746.07	3746.07	3746.07	3746.07	
3743.82	3746.07	3743.82	3746.07	3743.82	
3748.31	3746.07	3748.31	3746.07	3748.31	
3746.07	3743.82	3746.07	3743.82	3746.07	
3741.57	3734.83	3741.57	3734.83	3741.57	
3748.31	3755.06	3748.31	3755.06	3748.31	
3748.31	3752.81	3748.31	3752.81	3748.31	
3746.07	3743.82	3746.07	3743.82	3746.07	
3750.56	3748.31	3750.56	3748.31	3750.56	
3755.06	3750.56	3755.06	3750.56	3755.06	
3746.07	3741.57	3746.07	3741.57	3746.07	
3741.57	3752.81	3741.57	3752.81	3741.57	
3755.06	3748.31	3755.06	3748.31	3755.06	
3748.31	3748.31	3748.31	3748.31	3748.31	
3752.81	3743.82	3752.81	3743.82	3752.81	
3752.81	3755.06	3752.81	3755.06	3752.81	
3734.83	3750.56	3734.83	3750.56	3734.83	
3752.81	3743.82	3752.81	3743.82	3752.81	
3746.07	3750.56	3746.07	3750.56	3746.07	
3737.08	3755.06	3737.08	3755.06	3737.08	
3755.06	3755.06	3755.06	3755.06	3755.06	
3746.07	3752.81	3746.07	3752.81	3746.07	
3741.57	3752.81	3741.57	3752.81	3741.57	
3737.08	3755.06	3737.08	3755.06	3737.08	
3755.06	3746.07	3755.06	3746.07	3755.06	
3750.56	3748.31	3750.56	3748.31	3750.56	
3750.56	3741.57	3750.56	3741.57	3750.56	
3746.07	3752.81	3746.07	3752.81	3746.07	
3746.07	3752.81	3746.07	3752.81	3746.07	
3748.31	3746.07	3748.31	3746.07	3748.31	
3746.07	3743.82	3746.07	3743.82	3746.07	
3752.81	3748.31	3752.81	3748.31	3752.81	
3743.82	3748.31	3743.82	3748.31	3743.82	
3755.06	3757.3	3755.06	3757.3	3755.06	
3746.07	3746.07	3746.07	3746.07	3746.07	
3757.3	3750.56	3757.3	3750.56	3757.3	
3746.07	3746.07	3746.07	3746.07	3746.07	
3746.07	3755.06	3746.07	3755.06	3746.07	
3746.07	3748.31	3746.07	3748.31	3746.07	
3748.31	3755.06	3748.31	3755.06	3748.31	
3755.06	3741.57	3755.06	3741.57	3755.06	
3746.07	3748.31	3746.07	3748.31	3746.07	
3750.56	3746.07	3750.56	3746.07	3750.56	
3743.82	3748.31	3743.82	3748.31	3743.82	
3743.82	3734.83	3743.82	3734.83	3743.82	
3752.81	3752.81	3752.81	3752.81	3752.81	
3741.57	3750.56	3741.57	3750.56	3741.57	
3739.33	3748.31	3739.33	3748.31	3739.33	
3748.31	3743.82	3748.31	3743.82	3748.31	
3743.82	3743.82	3743.82	3743.82	3743.82	
3757.3	3752.81	3757.3	3752.81	3757.3	
3755.06	3750.56	3755.06	3750.56	3755.06	
3750.56	3741.57	3750.56	3741.57	3750.56	
3748.31	3750.56	3748.31	3750.56	3748.31	
3743.82	3743.82	3743.82	3743.82	3743.82	
3741.57	3746.07	3741.57	3746.07	3741.57	
3743.82	3741.57	3743.82	3741.57	3743.82	
3741.57	3750.56	3741.57	3750.56	3741.57	
3741.57	3759.55	3741.57	3759.55	3741.57	
3743.82	3746.07	3743.82	3746.07	3743.82	
3746.07	3746.07	3746.07	3746.07	3746.07	
3750.56	3739.33	3750.56	3739.33	3750.56	
3734.83	3732.58	3734.83	3732.58	3734.83	
3741.57	3743.82	3741.57	3743.82	3741.57	
3739.33	3739.33	3739.33	3739.33	3739.33	
3750.56	3746.07	3750.56	3746.07	3750.56	
3746.07	3743.82	3746.07	3743.82	3746.07	
3746.07	3737.08	3746.07	3737.08	3746.07	
3750.56	3752.81	3750.56	3752.81	3750.56	
3755.06	3748.31	3755.06	3748.31	3755.06	
3746.07	3750.56	3746.07	3750.56	3746.07	
3743.82	3752.81	3743.82	3752.81	3743.82	
3750.56	3748.31	3750.56	3748.31	3750.56	
3752.81	3748.31	3752.81	3748.31	3752.81	
3743.82	3750.56	3743.82	3750.56	3743.82	
3752.81	3746.07	3752.81	3746.07	3752.81	
3748.31	3737.08	3748.31	3737.08	3748.31	
3755.06	3741.57	3755.06	3741.57	3755.06	
3750.56	3752.81	3750.56	3752.81	3750.56	
3741.57	3743.82	3741.57	3743.82	3741.57	
3748.31	3752.81	3748.31	3752.81	3748.31	
3750.56	3748.31	3750.56	3748.31	3750.56	
3755.06	3748.31	3755.06	3748.31	3755.06	
3748.31	3750.56	3748.31	3750.56	3748.31	
3750.56	3737.08	3750.56	3737.08	3750.56	
3734.83	3752.81	3734.83	3752.81	3734.83	
3741.57	3743.82	3741.57	3743.82	3741.57	
3739.33	3743.82	3739.33	3743.82	3739.33	
3752.81	3752.81	3752.81	3752.81	3752.81	
3739.33	3743.82	3739.33	3743.82	3739.33	
3748.31	3741.57	3748.31	3741.57	3748.31	
3748.31	3757.3	3748.31	3757.3	3748.31	
3759.55	3755.06	3759.55	3755.06	3759.55	
3761.8	3759.55	3761.8	3759.55	3761.8	
3755.06	3750.56	3755.06	3750.56	3755.06	
3743.82	3743.82	3743.82	3743.82	3743.82	
3746.07	3743.82	3746.07	3743.82	3746.07	
3734.83	3748.31	3734.83	3748.31	3734.83	
3734.83	3743.82	3734.83	3743.82	3734.83	
3746.07	3752.81	3746.07	3752.81	3746.07	
3750.56	3739.33	3750.56	3739.33	3750.56	
3748.31	3746.07	3748.31	3746.07	3748.31	
3746.07	3748.31	3746.07	3748.31	3746.07	
3748.31	3741.57	3748.31	3741.57	3748.31	
3752.81	3748.31	3752.81	3748.31	3752.81	
3748.31	3748.31	3748.31	3748.31	3748.31	
3743.82	3741.57	3743.82	3741.57	3743.82	
3743.82	3746.07	3743.82	3746.07	3743.82	
3746.07	3746.07	3746.07	3746.07	3746.07	
3748.31	3746.07	3748.31	3746.07	3748.31	
3750.56	3746.07	3750.56	3746.07	3750.56	
3743.82	3746.07	3743.82	3746.07	3743.82	
3743.82	3743.82	3743.82	3743.82	3743.82	
3743.82	3761.8	3743.82	3761.8	3743.82	
3750.56	3741.57	3750.56	3741.57	3750.56	
3743.82	3746.07	3743.82	3746.07	3743.82	
3755.06	3752.81	3755.06	3752.81	3755.06	
3755.06	3750.56	3755.06	3750.56	3755.06	
3755.06	3748.31	3755.06	3748.31	3755.06	
3746.07	3746.07	3746.07	3746.07	3746.07	
3741.57	3748.31	3741.57	3748.31	3741.57	
3746.07	3732.58	3746.07	3732.58	3746.07	
3741.57	3757.3	3741.57	3757.3	3741.57	
3757.3	3746.07	3757.3	3746.07	3757.3	
3750.56	3746.07	3750.56	3746.07	3750.56	
3739.33	3746.07	3739.33	3746.07	3739.33	
3750.56	3743.82	3750.56	3743.82	3750.56	
3755.06	3752.81	3755.06	3752.81	3755.06	
3757.3	3750.56	3757.3	3750.56	3757.3	
3759.55	3743.82	3759.55	3743.82	3759.55	
3746.07	3746.07	3746.07	3746.07	3746.07	
3743.82	3757.3	3743.82	3757.3	3743.82	
3743.82	3752.81	3743.82	3752.81	3743.82	
3743.82	3750.56	3743.82	3750.56	3743.82	
3750.56	3743.82	3750.56	3743.82	3750.56	
3748.31	3752.81	3748.31	3752.81	3748.31	
3748.31	3746.07	3748.31	3746.07	3748.31	
3752.81	3759.55	3752.81	3759.55	3752.81	
3739.33	3752.81	3739.33	3752.81	3739.33	
3743.82	3752.81	3743.82	3752.81	3743.82	
3739.33	3748.31	3739.33	3748.31	3739.33	
3746.07	3743.82	3746.07	3743.82	3746.07	
3743.82	3746.07	3743.82	3746.07	3743.82	
3746.07	3752.81	3746.07	3752.81	3746.07	
3741.57	3741.57	3741.57	3741.57	3741.57	
3746.07	3752.81	3746.07	3752.81	3746.07	
3748.31	3746.07	3748.31	3746.07	3748.31	
3746.07	3746.07	3746.07	3746.07	3746.07	
3759.55	3746.07	3759.55	3746.07	3759.55	
3737.08	3755.06	3737.08	3755.06	3737.08	
3750.56	3746.07	3750.56	3746.07	3750.56	
3748.31	3748.31	3748.31	3748.31	3748.31	
3746.07	3752.81	3746.07	3752.81	3746.07	
3750.56	3739.33	3750.56	3739.33	3750.56	
3748.31	3750.56	3748.31	3750.56	3748.31	
3752.81	3757.3	3752.81	3757.3	3752.81	
3750.56	3748.31	3750.56	3748.31	3750.56	
3743.82	3750.56	3743.82	3750.56	3743.82	
3741.57	3752.81	3741.57	3752.81	3741.57	
3759.55	3732.58	3759.55	3732.58	3759.55	
3748.31	3737.08	3748.31	3737.08	3748.31	
3743.82	3737.08	3743.82	3737.08	3743.82	
3750.56	3755.06	3750.56	3755.06	3750.56	
3741.57	3750.56	3741.57	3750.56	3741.57	
3748.31	3746.07	3748.31	3746.07	3748.31	
3750.56	3755.06	3750.56	3755.06	3750.56	
3748.31	3741.57	3748.31	3741.57	3748.31	
3743.82	3757.3	3743.82	3757.3	3743.82	
3743.82	3746.07	3743.82	3746.07	3743.82	
3741.57	3743.82	3741.57	3743.82	3741.57	
3759.55	3750.56	3759.55	3750.56	3759.55	
3748.31	3748.31	3748.31	3748.31	3748.31	
3743.82	3748.31	3743.82	3748.31	3743.82	
3752.81	3743.82	3752.81	3743.82	3752.81	
3752.81	3748.31	3752.81	3748.31	3752.81	
3746.07	3734.83	3746.07	3734.83	3746.07	
3748.31	3748.31	3748.31	3748.31	3748.31	
3748.31	3752.81	3748.31	3752.81	3748.31	
3761.8	3759.55	3761.8	3759.55	3761.8	
3741.57	3759.55	3741.57	3759.55	3741.57	
3739.33	3746.07	3739.33	3746.07	3739.33	
3748.31	3748.31	3748.31	3748.31	3748.31	
3752.81	3750.56	3752.81	3750.56	3752.81	
3743.82	3750.56	3743.82	3750.56	3743.82	
3746.07	3750.56	3746.07	3750.56	3746.07	
3748.31	3743.82	3748.31	3743.82	3748.31	
3741.57	3752.81	3741.57	3752.81	3741.57	
3741.57	3739.33	3741.57	3739.33	3741.57	
3752.81	3746.07	3752.81	3746.07	3752.81	
3743.82	3748.31	3743.82	3748.31	3743.82	
3739.33	3748.31	3739.33	3748.31	3739.33	
3748.31	3743.82	3748.31	3743.82	3748.31	
3746.07	3743.82	3746.07	3743.82	3746.07	
3750.56	3739.33	3750.56	3739.33	3750.56	
3743.82	3750.56	3743.82	3750.56	3743.82	
3739.33	3741.57	3739.33	3741.57	3739.33	
3746.07	3757.3	3746.07	3757.3	3746.07	
3759.55	3743.82	3759.55	3743.82	3759.55	
3743.82	3755.06	3743.82	3755.06	3743.82	
3746.07	3752.81	3746.07	3752.81	3746.07	
3755.06	3741.57	3755.06	3741.57	3755.06	
3759.55	3755.06	3759.55	3755.06	3759.55	
3737.08	3732.58	3737.08	3732.58	3737.08	
3748.31	3741.57	3748.31	3741.57	3748.31	
3739.33	3739.33	3739.33	3739.33	3739.33	
3757.3	3759.55	3757.3	3759.55	3757.3	
3752.81	3750.56	3752.81	3750.56	3752.81	
3741.57	3737.08	3741.57	3737.08	3741.57	
3737.08	3746.07	3737.08	3746.07	3737.08	
3748.31	3746.07	3748.31	3746.07	3748.31	
3739.33	3750.56	3739.33	3750.56	3739.33	
3746.07	3748.31	3746.07	3748.31	3746.07	
3737.08	3752.81	3737.08	3752.81	3737.08	
3748.31	3741.57	3748.31	3741.57	3748.31	
3752.81	3750.56	3752.81	3750.56	3752.81	
3732.58	3746.07	3732.58	3746.07	3732.58	
3739.33	3755.06	3739.33	3755.06	3739.33	
3748.31	3746.07	3748.31	3746.07	3748.31	
3748.31	3748.31	3748.31	3748.31	3748.31	
3752.81	3746.07	3752.81	3746.07	3752.81	
3755.06	3746.07	3755.06	3746.07	3755.06	
3748.31	3746.07	3748.31	3746.07	3748.31	
3746.07	3750.56	3746.07	3750.56	3746.07	
3743.82	3750.56	3743.82	3750.56	3743.82	
3752.81	3746.07	3752.81	3746.07	3752.81	
3741.57	3752.81	3741.57	3752.81	3741.57	
3748.31	3752.81	3748.31	3752.81	3748.31	
3750.56	3746.07	3750.56	3746.07	3750.56	
3741.57	3746.07	3741.57	3746.07	3741.57	
3743.82	3748.31	3743.82	3748.31	3743.82	
3737.08	3741.57	3737.08	3741.57	3737.08	
3746.07	3743.82	3746.07	3743.82	3746.07	
3748.31	3739.33	3748.31	3739.33	3748.31	
3739.33	3750.56	3739.33	3750.56	3739.33	
3750.56	3741.57	3750.56	3741.57	3750.56	
3748.31	3737.08	3748.31	3737.08	3748.31	
3743.82	3743.82	3743.82	3743.82	3743.82	
3755.06	3746.07	3755.06	3746.07	3755.06	
3734.83	3741.57	3734.83	3741.57	3734.83	
3748.31	3739.33	3748.31	3739.33	3748.31	
3741.57	3746.07	3741.57	3746.07	3741.57	
3746.07	3746.07	3746.07	3746.07	3746.07	
3746.07	3757.3	3746.07	3757.3	3746.07	
3739.33	3752.81	3739.33	3752.81	3739.33	
3739.33	3748.31	3739.33	3748.31	3739.33	
3743.82	3752.81	3743.82	3752.81	3743.82	
3743.82	3748.31	3743.82	3748.31	3743.82	
3750.56	3750.56	3750.56	3750.56	3750.56	
3748.31	3746.07	3748.31	3746.07	3748.31	
3737.08	3746.07	3737.08	3746.07	3737.08	
3755.06	3746.07	3755.06	3746.07	3755.06	
3741.57	3737.08	3741.57	3737.08	3741.57	
3748.31	3734.83	3748.31	3734.83	3748.31	
3750.56	3746.07	3750.56	3746.07	3750.56	
3755.06	3743.82	3755.06	3743.82	3755.06	
3748.31	3746.07	3748.31	3746.07	3748.31	
3743.82	3748.31	3743.82	3748.31	3743.82	
3743.82	3737.08	3743.82	3737.08	3743.82	
3746.07	3748.31	3746.07	3748.31	3746.07	
3743.82	3739.33	3743.82	3739.33	3743.82	
3748.31	3750.56	3748.31	3750.56	3748.31	
3743.82	3752.81	3743.82	3752.81	3743.82	
3750.56	3752.81	3750.56	3752.81	3750.56	
3750.56	3746.07	3750.56	3746.07	3750.56	
3757.3	3750.56	3757.3	3750.56	3757.3	
3741.57	3746.07	3741.57	3746.07	3741.57	
3752.81	3759.55	3752.81	3759.55	3752.81	
3741.57	3757.3	3741.57	3757.3	3741.57	
3739.33	3752.81	3739.33	3752.81	3739.33	
3752.81	3741.57	3752.81	3741.57	3752.81	
3734.83	3746.07	3734.83	3746.07	3734.83	
3743.82	3741.57	3743.82	3741.57	3743.82	
3748.31	3743.82	3748.31	3743.82	3748.31	
3746.07	3752.81	3746.07	3752.81	3746.07	
3743.82	3750.56	3743.82	3750.56	3743.82	
3746.07	3750.56	3746.07	3750.56	3746.07	
3746.07	3755.06	3746.07	3755.06	3746.07	
3739.33	3730.34	3739.33	3730.34	3739.33	
3743.82	3750.56	3743.82	3750.56	3743.82	
3737.08	3755.06	3737.08	3755.06	3737.08	
3743.82	3746.07	3743.82	3746.07	3743.82	
3752.81	3743.82	3752.81	3743.82	3752.81	
3746.07	3750.56	3746.07	3750.56	3746.07	
3741.57	3741.57	3741.57	3741.57	3741.57	
3748.31	3750.56	3748.31	3750.56	3748.31	
3746.07	3752.81	3746.07	3752.81	3746.07	
3741.57	3748.31	3741.57	3748.31	3741.57	
3748.31	3752.81	3748.31	3752.81	3748.31	
3743.82	3746.07	3743.82	3746.07	3743.82	
3743.82	3752.81	3743.82	3752.81	3743.82	
3748.31	3746.07	3748.31	3746.07	3748.31	
3743.82	3746.07	3743.82	3746.07	3743.82	
3743.82	3743.82	3743.82	3743.82	3743.82	
3752.81	3739.33	3752.81	3739.33	3752.81	
3746.07	3746.07	3746.07	3746.07	3746.07	
3737.08	3746.07	3737.08	3746.07	3737.08	
3737.08	3746.07	3737.08	3746.07	3737.08	
3748.31	3743.82	3748.31	3743.82	3748.31	
3743.82	3748.31	3743.82	3748.31	3743.82	
3746.07	3734.83	3746.07	3734.83	3746.07	
3746.07	3757.3	3746.07	3757.3	3746.07	
3741.57	3748.31	3741.57	3748.31	3741.57	
3746.07	3743.82	3746.07	3743.82	3746.07	
3748.31	3748.31	3748.31	3748.31	3748.31	
3748.31	3755.06	3748.31	3755.06	3748.31	
3746.07	3739.33	3746.07	3739.33	3746.07	
3748.31	3748.31	3748.31	3748.31	3748.31	
3734.83	3748.31	3734.83	3748.31	3734.83	
3734.83	3750.56	3734.83	3750.56	3734.83	
3755.06	3759.55	3755.06	3759.55	3755.06	
3750.56	3748.31	3750.56	3748.31	3750.56	
3752.81	3752.81	3752.81	3752.81	3752.81	
3759.55	3757.3	3759.55	3757.3	3759.55	
3737.08	3746.07	3737.08	3746.07	3737.08	
3734.83	3737.08	3734.83	3737.08	3734.83	
3739.33	3741.57	3739.33	3741.57	3739.33	
3739.33	3734.83	3739.33	3734.83	3739.33	
3746.07	3755.06	3746.07	3755.06	3746.07	
3741.57	3743.82	3741.57	3743.82	3741.57	
3746.07	3750.56	3746.07	3750.56	3746.07	
3739.33	3746.07	3739.33	3746.07	3739.33	
3743.82	3743.82	3743.82	3743.82	3743.82	
3746.07	3750.56	3746.07	3750.56	3746.07	
3739.33	3743.82	3739.33	3743.82	3739.33	
3739.33	3739.33	3739.33	3739.33	3739.33	
3741.57	3757.3	3741.57	3757.3	3741.57	
3743.82	3752.81	3743.82	3752.81	3743.82	
3737.08	3743.82	3737.08	3743.82	3737.08	
3750.56	3739.33	3750.56	3739.33	3750.56	
3737.08	3743.82	3737.08	3743.82	3737.08	
3743.82	3743.82	3743.82	3743.82	3743.82	
3746.07	3743.82	3746.07	3743.82	3746.07	
3743.82	3748.31	3743.82	3748.31	3743.82	
3748.31	3748.31	3748.31	3748.31	3748.31	
3739.33	3757.3	3739.33	3757.3	3739.33	
3739.33	3748.31	3739.33	3748.31	3739.33	
3741.57	3741.57	3741.57	3741.57	3741.57	
3746.07	3752.81	3746.07	3752.81	3746.07	
3761.8	3752.81	3761.8	3752.81	3761.8	
3741.57	3748.31	3741.57	3748.31	3741.57	
3750.56	3752.81	3750.56	3752.81	3750.56	
3750.56	3750.56	3750.56	3750.56	3750.56	
3741.57	3752.81	3741.57	3752.81	3741.57	
3746.07	3743.82	3746.07	3743.82	3746.07	
3748.31	3750.56	3748.31	3750.56	3748.31	
3743.82	3748.31	3743.82	3748.31	3743.82	
3748.31	3746.07	3748.31	3746.07	3748.31	
3741.57	3739.33	3741.57	3739.33	3741.57	
3739.33	3743.82	3739.33	3743.82	3739.33	
3743.82	3746.07	3743.82	3746.07	3743.82	
3741.57	3752.81	3741.57	3752.81	3741.57	
3741.57	3746.07	3741.57	3746.07	3741.57	
3746.07	3743.82	3746.07	3743.82	3746.07	
3746.07	3743.82	3746.07	3743.82	3746.07	
3752.81	3741.57	3752.81	3741.57	3752.81	
3741.57	3750.56	3741.57	3750.56	3741.57	
3748.31	3739.33	3748.31	3739.33	3748.31	
3737.08	3739.33	3737.08	3739.33	3737.08	
3732.58	3750.56	3732.58	3750.56	3732.58	
3741.57	3739.33	3741.57	3739.33	3741.57	
3739.33	3746.07	3739.33	3746.07	3739.33	
3748.31	3743.82	3748.31	3743.82	3748.31	
3750.56	3748.31	3750.56	3748.31	3750.56	
3734.83	3755.06	3734.83	3755.06	3734.83	
3746.07	3739.33	3746.07	3739.33	3746.07	
3743.82	3746.07	3743.82	3746.07	3743.82	
3748.31	3750.56	3748.31	3750.56	3748.31	
3730.34	3757.3	3730.34	3757.3	3730.34	
3734.83	3752.81	3734.83	3752.81	3734.83	
3739.33	3746.07	3739.33	3746.07	3739.33	
3739.33	3743.82	3739.33	3743.82	3739.33	
3741.57	3755.06	3741.57	3755.06	3741.57	
3741.57	3743.82	3741.57	3743.82	3741.57	
3746.07	3755.06	3746.07	3755.06	3746.07	
3746.07	3746.07	3746.07	3746.07	3746.07	
3752.81	3752.81	3752.81	3752.81	3752.81	
3734.83	3748.31	3734.83	3748.31	3734.83	
3746.07	3743.82	3746.07	3743.82	3746.07	
3748.31	3743.82	3748.31	3743.82	3748.31	
3743.82	3746.07	3743.82	3746.07	3743.82	
3739.33	3759.55	3739.33	3759.55	3739.33	
3752.81	3757.3	3752.81	3757.3	3752.81	
3748.31	3755.06	3748.31	3755.06	3748.31	
3750.56	3743.82	3750.56	3743.82	3750.56	
3748.31	3739.33	3748.31	3739.33	3748.31	
3746.07	3755.06	3746.07	3755.06	3746.07	
3739.33	3746.07	3739.33	3746.07	3739.33	
3752.81	3743.82	3752.81	3743.82	3752.81	
3743.82	3743.82	3743.82	3743.82	3743.82	
3739.33	3746.07	3739.33	3746.07	3739.33	
3741.57	3748.31	3741.57	3748.31	3741.57	
3748.31	3748.31	3748.31	3748.31	3748.31	
3734.83	3741.57	3734.83	3741.57	3734.83	
3748.31	3743.82	3748.31	3743.82	3748.31	
3746.07	3737.08	3746.07	3737.08	3746.07	
3752.81	3752.81	3752.81	3752.81	3752.81	
3746.07	3741.57	3746.07	3741.57	3746.07	
3755.06	3741.57	3755.06	3741.57	3755.06	
3746.07	3743.82	3746.07	3743.82	3746.07	
3737.08	3743.82	3737.08	3743.82	3737.08	
3737.08	3741.57	3737.08	3741.57	3737.08	
3741.57	3748.31	3741.57	3748.31	3741.57	
3737.08	3743.82	3737.08	3743.82	3737.08	
3739.33	3737.08	3739.33	3737.08	3739.33	
3750.56	3734.83	3750.56	3734.83	3750.56	
3748.31	3748.31	3748.31	3748.31	3748.31	
3737.08	3743.82	3737.08	3743.82	3737.08	
3746.07	3743.82	3746.07	3743.82	3746.07	
3739.33	3743.82	3739.33	3743.82	3739.33	
3741.57	3750.56	3741.57	3750.56	3741.57	
3743.82	3755.06	3743.82	3755.06	3743.82	
3739.33	3750.56	3739.33	3750.56	3739.33	
3748.31	3746.07	3748.31	3746.07	3748.31	
3739.33	3743.82	3739.33	3743.82	3739.33	
3741.57	3743.82	3741.57	3743.82	3741.57	
3786.52	3793.26	3786.52	3793.26	3786.52	
3737.08	3752.81	3737.08	3752.81	3737.08	
3750.56	3734.83	3750.56	3734.83	3750.56	
3748.31	3748.31	3748.31	3748.31	3748.31	
3743.82	3746.07	3743.82	3746.07	3743.82	
3732.58	3741.57	3732.58	3741.57	3732.58	
3746.07	3752.81	3746.07	3752.81	3746.07	
3746.07	3752.81	3746.07	3752.81	3746.07	
3739.33	3748.31	3739.33	3748.31	3739.33	
3757.3	3750.56	3757.3	3750.56	3757.3	
3743.82	3741.57	3743.82	3741.57	3743.82	
3741.57	3748.31	3741.57	3748.31	3741.57	
3743.82	3752.81	3743.82	3752.81	3743.82	
3746.07	3746.07	3746.07	3746.07	3746.07	
3743.82	3743.82	3743.82	3743.82	3743.82	
3741.57	3741.57	3741.57	3741.57	3741.57	
3734.83	3737.08	3734.83	3737.08	3734.83	
3750.56	3748.31	3750.56	3748.31	3750.56	
3734.83	3739.33	3734.83	3739.33	3734.83	
3746.07	3748.31	3746.07	3748.31	3746.07	
3737.08	3757.3	3737.08	3757.3	3737.08	
3732.58	3743.82	3732.58	3743.82	3732.58	
3743.82	3746.07	3743.82	3746.07	3743.82	
3752.81	3748.31	3752.81	3748.31	3752.81	
3746.07	3741.57	3746.07	3741.57	3746.07	
3750.56	3755.06	3750.56	3755.06	3750.56	
3737.08	3737.08	3737.08	3737.08	3737.08	
3737.08	3752.81	3737.08	3752.81	3737.08	
3730.34	3746.07	3730.34	3746.07	3730.34	
3746.07	3746.07	3746.07	3746.07	3746.07	
3743.82	3741.57	3743.82	3741.57	3743.82	
3748.31	3750.56	3748.31	3750.56	3748.31	
3752.81	3748.31	3752.81	3748.31	3752.81	
3743.82	3743.82	3743.82	3743.82	3743.82	
3746.07	3737.08	3746.07	3737.08	3746.07	
3743.82	3741.57	3743.82	3741.57	3743.82	
3741.57	3746.07	3741.57	3746.07	3741.57	
3755.06	3746.07	3755.06	3746.07	3755.06	
3743.82	3743.82	3743.82	3743.82	3743.82	
3748.31	3739.33	3748.31	3739.33	3748.31	
3743.82	3739.33	3743.82	3739.33	3743.82	
3737.08	3746.07	3737.08	3746.07	3737.08	
3730.34	3746.07	3730.34	3746.07	3730.34	
3739.33	3746.07	3739.33	3746.07	3739.33	
3743.82	3739.33	3743.82	3739.33	3743.82	
3732.58	3741.57	3732.58	3741.57	3732.58	
3734.83	3746.07	3734.83	3746.07	3734.83	
3748.31	3748.31	3748.31	3748.31	3748.31	
3743.82	3739.33	3743.82	3739.33	3743.82	
3786.52	3800	3786.52	3800	3786.52	
3746.07	3748.31	3746.07	3748.31	3746.07	
3741.57	3750.56	3741.57	3750.56	3741.57	
3741.57	3737.08	3741.57	3737.08	3741.57	
3743.82	3748.31	3743.82	3748.31	3743.82	
3739.33	3737.08	3739.33	3737.08	3739.33	
3730.34	3746.07	3730.34	3746.07	3730.34	
3746.07	3757.3	3746.07	3757.3	3746.07	
3750.56	3746.07	3750.56	3746.07	3750.56	
3734.83	3748.31	3734.83	3748.31	3734.83	
3743.82	3741.57	3743.82	3741.57	3743.82	
3741.57	3739.33	3741.57	3739.33	3741.57	
3743.82	3743.82	3743.82	3743.82	3743.82	
3750.56	3739.33	3750.56	3739.33	3750.56	
3743.82	3746.07	3743.82	3746.07	3743.82	
3746.07	3746.07	3746.07	3746.07	3746.07	
3748.31	3743.82	3748.31	3743.82	3748.31	
3757.3	3739.33	3757.3	3739.33	3757.3	
3739.33	3746.07	3739.33	3746.07	3739.33	
3748.31	3737.08	3748.31	3737.08	3748.31	
3750.56	3750.56	3750.56	3750.56	3750.56	
3746.07	3741.57	3746.07	3741.57	3746.07	
3741.57	3741.57	3741.57	3741.57	3741.57	
3741.57	3741.57	3741.57	3741.57	3741.57	
3737.08	3748.31	3737.08	3748.31	3737.08	
3741.57	3746.07	3741.57	3746.07	3741.57	
3752.81	3746.07	3752.81	3746.07	3752.81	
3752.81	3759.55	3752.81	3759.55	3752.81	
3748.31	3755.06	3748.31	3755.06	3748.31	
3743.82	3748.31	3743.82	3748.31	3743.82	
3734.83	3746.07	3734.83	3746.07	3734.83	
3739.33	3746.07	3739.33	3746.07	3739.33	
3741.57	3743.82	3741.57	3743.82	3741.57	
3755.06	3755.06	3755.06	3755.06	3755.06	
3748.31	3746.07	3748.31	3746.07	3748.31	
3741.57	3746.07	3741.57	3746.07	3741.57	
3746.07	3746.07	3746.07	3746.07	3746.07	
3755.06	3752.81	3755.06	3752.81	3755.06	
3741.57	3739.33	3741.57	3739.33	3741.57	
3739.33	3746.07	3739.33	3746.07	3739.33	
3750.56	3741.57	3750.56	3741.57	3750.56	
3746.07	3746.07	3746.07	3746.07	3746.07	
3752.81	3746.07	3752.81	3746.07	3752.81	
3746.07	3757.3	3746.07	3757.3	3746.07	
3739.33	3746.07	3739.33	3746.07	3739.33	
3739.33	3748.31	3739.33	3748.31	3739.33	
3743.82	3759.55	3743.82	3759.55	3743.82	
3734.83	3746.07	3734.83	3746.07	3734.83	
3739.33	3743.82	3739.33	3743.82	3739.33	
3741.57	3752.81	3741.57	3752.81	3741.57	
3757.3	3750.56	3757.3	3750.56	3757.3	
3739.33	3743.82	3739.33	3743.82	3739.33	
3752.81	3737.08	3752.81	3737.08	3752.81	
3746.07	3746.07	3746.07	3746.07	3746.07	
3750.56	3748.31	3750.56	3748.31	3750.56	
3755.06	3741.57	3755.06	3741.57	3755.06	
3743.82	3757.3	3743.82	3757.3	3743.82	
3748.31	3746.07	3748.31	3746.07	3748.31	
3743.82	3741.57	3743.82	3741.57	3743.82	
3741.57	3752.81	3741.57	3752.81	3741.57	
3743.82	3750.56	3743.82	3750.56	3743.82	
3752.81	3746.07	3752.81	3746.07	3752.81	
3743.82	3743.82	3743.82	3743.82	3743.82	
3741.57	3743.82	3741.57	3743.82	3741.57	
3743.82	3748.31	3743.82	3748.31	3743.82	
3748.31	3759.55	3748.31	3759.55	3748.31	
3755.06	3750.56	3755.06	3750.56	3755.06	
3741.57	3746.07	3741.57	3746.07	3741.57	
3732.58	3743.82	3732.58	3743.82	3732.58	
3743.82	3746.07	3743.82	3746.07	3743.82	
3739.33	3739.33	3739.33	3739.33	3739.33	
3750.56	3746.07	3750.56	3746.07	3750.56	
3748.31	3743.82	3748.31	3743.82	3748.31	
3741.57	3748.31	3741.57	3748.31	3741.57	
3746.07	3750.56	3746.07	3750.56	3746.07	
3752.81	3739.33	3752.81	3739.33	3752.81	
3741.57	3750.56	3741.57	3750.56	3741.57	
3746.07	3750.56	3746.07	3750.56	3746.07	
3739.33	3741.57	3739.33	3741.57	3739.33	
3741.57	3741.57	3741.57	3741.57	3741.57	
3748.31	3750.56	3748.31	3750.56	3748.31	
3734.83	3743.82	3734.83	3743.82	3734.83	
3743.82	3746.07	3743.82	3746.07	3743.82	
3739.33	3748.31	3739.33	3748.31	3739.33	
3748.31	3741.57	3748.31	3741.57	3748.31	
3755.06	3739.33	3755.06	3739.33	3755.06	
3748.31	3743.82	3748.31	3743.82	3748.31	
3739.33	3748.31	3739.33	3748.31	3739.33	
3743.82	3743.82	3743.82	3743.82	3743.82	
3746.07	3748.31	3746.07	3748.31	3746.07	
3750.56	3743.82	3750.56	3743.82	3750.56	
3743.82	3746.07	3743.82	3746.07	3743.82	
3746.07	3748.31	3746.07	3748.31	3746.07	
3739.33	3752.81	3739.33	3752.81	3739.33	
3746.07	3737.08	3746.07	3737.08	3746.07	
3739.33	3739.33	3739.33	3739.33	3739.33	
3748.31	3743.82	3748.31	3743.82	3748.31	
3737.08	3743.82	3737.08	3743.82	3737.08	
3743.82	3741.57	3743.82	3741.57	3743.82	
3746.07	3743.82	3746.07	3743.82	3746.07	
3739.33	3739.33	3739.33	3739.33	3739.33	
3743.82	3748.31	3743.82	3748.31	3743.82	
3737.08	3748.31	3737.08	3748.31	3737.08	
3748.31	3743.82	3748.31	3743.82	3748.31	
3746.07	3748.31	3746.07	3748.31	3746.07	
3737.08	3757.3	3737.08	3757.3	3737.08	
3750.56	3739.33	3750.56	3739.33	3750.56	
3748.31	3748.31	3748.31	3748.31	3748.31	
3750.56	3748.31	3750.56	3748.31	3750.56	
3743.82	3748.31	3743.82	3748.31	3743.82	
3746.07	3741.57	3746.07	3741.57	3746.07	
3748.31	3750.56	3748.31	3750.56	3748.31	
3739.33	3743.82	3739.33	3743.82	3739.33	
3737.08	3743.82	3737.08	3743.82	3737.08	
3746.07	3739.33	3746.07	3739.33	3746.07	
3739.33	3743.82	3739.33	3743.82	3739.33	
3746.07	3746.07	3746.07	3746.07	3746.07	
3743.82	3746.07	3743.82	3746.07	3743.82	
3741.57	3746.07	3741.57	3746.07	3741.57	
3746.07	3748.31	3746.07	3748.31	3746.07	
3752.81	3757.3	3752.81	3757.3	3752.81	
3748.31	3737.08	3748.31	3737.08	3748.31	
3746.07	3734.83	3746.07	3734.83	3746.07	
3761.8	3746.07	3761.8	3746.07	3761.8	
3746.07	3752.81	3746.07	3752.81	3746.07	
3743.82	3743.82	3743.82	3743.82	3743.82	
3750.56	3743.82	3750.56	3743.82	3750.56	
3748.31	3750.56	3748.31	3750.56	3748.31	
3748.31	3737.08	3748.31	3737.08	3748.31	
3732.58	3732.58	3732.58	3732.58	3732.58	
3741.57	3746.07	3741.57	3746.07	3741.57	
3746.07	3748.31	3746.07	3748.31	3746.07	
3739.33	3739.33	3739.33	3739.33	3739.33	
3759.55	3746.07	3759.55	3746.07	3759.55	
3739.33	3746.07	3739.33	3746.07	3739.33	
3746.07	3752.81	3746.07	3752.81	3746.07	
3757.3	3752.81	3757.3	3752.81	3757.3	
3741.57	3743.82	3741.57	3743.82	3741.57	
3746.07	3750.56	3746.07	3750.56	3746.07	
3750.56	3746.07	3750.56	3746.07	3750.56	
3739.33	3746.07	3739.33	3746.07	3739.33	
3743.82	3739.33	3743.82	3739.33	3743.82	
3737.08	3743.82	3737.08	3743.82	3737.08	
3743.82	3755.06	3743.82	3755.06	3743.82	
3750.56	3739.33	3750.56	3739.33	3750.56	
3737.08	3750.56	3737.08	3750.56	3737.08	
3743.82	3746.07	3743.82	3746.07	3743.82	
3739.33	3748.31	3739.33	3748.31	3739.33	
3741.57	3755.06	3741.57	3755.06	3741.57	
3741.57	3757.3	3741.57	3757.3	3741.57	
3741.57	3741.57	3741.57	3741.57	3741.57	
3743.82	3757.3	3743.82	3757.3	3743.82	
3741.57	3759.55	3741.57	3759.55	3741.57	
3748.31	3748.31	3748.31	3748.31	3748.31	
3746.07	3746.07	3746.07	3746.07	3746.07	
3741.57	3741.57	3741.57	3741.57	3741.57	
3739.33	3739.33	3739.33	3739.33	3739.33	
3746.07	3739.33	3746.07	3739.33	3746.07	
3743.82	3746.07	3743.82	3746.07	3743.82	
3741.57	3746.07	3741.57	3746.07	3741.57	
3743.82	3748.31	3743.82	3748.31	3743.82	
3737.08	3737.08	3737.08	3737.08	3737.08	
3743.82	3752.81	3743.82	3752.81	3743.82	
3743.82	3743.82	3743.82	3743.82	3743.82	
3750.56	3750.56	3750.56	3750.56	3750.56	
3746.07	3737.08	3746.07	3737.08	3746.07	
3743.82	3748.31	3743.82	3748.31	3743.82	
3748.31	3741.57	3748.31	3741.57	3748.31	
3750.56	3748.31	3750.56	3748.31	3750.56	
3748.31	3748.31	3748.31	3748.31	3748.31	
3739.33	3743.82	3739.33	3743.82	3739.33	
3746.07	3748.31	3746.07	3748.31	3746.07	
3743.82	3746.07	3743.82	3746.07	3743.82	
3748.31	3748.31	3748.31	3748.31	3748.31	
3748.31	3743.82	3748.31	3743.82	3748.31	
3743.82	3746.07	3743.82	3746.07	3743.82	
3748.31	3743.82	3748.31	3743.82	3748.31	
3741.57	3752.81	3741.57	3752.81	3741.57	
3752.81	3746.07	3752.81	3746.07	3752.81	
3743.82	3750.56	3743.82	3750.56	3743.82	
3752.81	3746.07	3752.81	3746.07	3752.81	
3739.33	3730.34	3739.33	3730.34	3739.33	
3748.31	3741.57	3748.31	3741.57	3748.31	
3748.31	3737.08	3748.31	3737.08	3748.31	
3741.57	3743.82	3741.57	3743.82	3741.57	
3746.07	3752.81	3746.07	3752.81	3746.07	
3743.82	3741.57	3743.82	3741.57	3743.82	
3743.82	3748.31	3743.82	3748.31	3743.82	
3730.34	3752.81	3730.34	3752.81	3730.34	
3737.08	3755.06	3737.08	3755.06	3737.08	
3741.57	3743.82	3741.57	3743.82	3741.57	
3741.57	3734.83	3741.57	3734.83	3741.57	
3746.07	3750.56	3746.07	3750.56	3746.07	
3746.07	3730.34	3746.07	3730.34	3746.07	
3746.07	3748.31	3746.07	3748.31	3746.07	
3746.07	3755.06	3746.07	3755.06	3746.07	
3737.08	3746.07	3737.08	3746.07	3737.08	
3748.31	3734.83	3748.31	3734.83	3748.31	
3743.82	3748.31	3743.82	3748.31	3743.82	
3752.81	3750.56	3752.81	3750.56	3752.81	
3739.33	3746.07	3739.33	3746.07	3739.33	
3750.56	3748.31	3750.56	3748.31	3750.56	
3743.82	3746.07	3743.82	3746.07	3743.82	
3737.08	3739.33	3737.08	3739.33	3737.08	
3739.33	3741.57	3739.33	3741.57	3739.33	
3746.07	3741.57	3746.07	3741.57	3746.07	
3743.82	3748.31	3743.82	3748.31	3743.82	
3741.57	3748.31	3741.57	3748.31	3741.57	
3752.81	3739.33	3752.81	3739.33	3752.81	
3748.31	3757.3	3748.31	3757.3	3748.31	
3748.31	3750.56	3748.31	3750.56	3748.31	
3746.07	3750.56	3746.07	3750.56	3746.07	
3737.08	3737.08	3737.08	3737.08	3737.08	
3746.07	3743.82	3746.07	3743.82	3746.07	
3746.07	3741.57	3746.07	3741.57	3746.07	
3755.06	3746.07	3755.06	3746.07	3755.06	
3732.58	3741.57	3732.58	3741.57	3732.58	
3739.33	3743.82	3739.33	3743.82	3739.33	
3746.07	3741.57	3746.07	3741.57	3746.07	
3739.33	3743.82	3739.33	3743.82	3739.33	
3743.82	3748.31	3743.82	3748.31	3743.82	
3743.82	3750.56	3743.82	3750.56	3743.82	
3741.57	3743.82	3741.57	3743.82	3741.57	
3741.57	3752.81	3741.57	3752.81	3741.57	
3741.57	3743.82	3741.57	3743.82	3741.57	
3741.57	3746.07	3741.57	3746.07	3741.57	
3741.57	3752.81	3741.57	3752.81	3741.57	
3750.56	3741.57	3750.56	3741.57	3750.56	
3741.57	3746.07	3741.57	3746.07	3741.57	
3739.33	3730.34	3739.33	3730.34	3739.33	
3743.82	3743.82	3743.82	3743.82	3743.82	
3746.07	3748.31	3746.07	3748.31	3746.07	
3730.34	3746.07	3730.34	3746.07	3730.34	
3743.82	3743.82	3743.82	3743.82	3743.82	
3757.3	3750.56	3757.3	3750.56	3757.3	
3743.82	3752.81	3743.82	3752.81	3743.82	
3741.57	3748.31	3741.57	3748.31	3741.57	
3741.57	3746.07	3741.57	3746.07	3741.57	
3746.07	3743.82	3746.07	3743.82	3746.07	
3748.31	3750.56	3748.31	3750.56	3748.31	
3741.57	3741.57	3741.57	3741.57	3741.57	
3743.82	3739.33	3743.82	3739.33	3743.82	
3739.33	3752.81	3739.33	3752.81	3739.33	
3752.81	3748.31	3752.81	3748.31	3752.81	
3739.33	3739.33	3739.33	3739.33	3739.33	
3743.82	3752.81	3743.82	3752.81	3743.82	
3737.08	3741.57	3737.08	3741.57	3737.08	
3752.81	3750.56	3752.81	3750.56	3752.81	
3741.57	3743.82	3741.57	3743.82	3741.57	
3746.07	3748.31	3746.07	3748.31	3746.07	
3739.33	3739.33	3739.33	3739.33	3739.33	
3739.33	3743.82	3739.33	3743.82	3739.33	
3732.58	3750.56	3732.58	3750.56	3732.58	
3748.31	3750.56	3748.31	3750.56	3748.31	
3746.07	3748.31	3746.07	3748.31	3746.07	
3743.82	3737.08	3743.82	3737.08	3743.82	
3741.57	3737.08	3741.57	3737.08	3741.57	
3748.31	3755.06	3748.31	3755.06	3748.31	
3739.33	3750.56	3739.33	3750.56	3739.33	
3743.82	3746.07	3743.82	3746.07	3743.82	
3737.08	3743.82	3737.08	3743.82	3737.08	
3739.33	3746.07	3739.33	3746.07	3739.33	
3746.07	3737.08	3746.07	3737.08	3746.07	
3741.57	3739.33	3741.57	3739.33	3741.57	
3732.58	3741.57	3732.58	3741.57	3732.58	
3746.07	3746.07	3746.07	3746.07	3746.07	
3743.82	3746.07	3743.82	3746.07	3743.82	
3743.82	3748.31	3743.82	3748.31	3743.82	
3746.07	3739.33	3746.07	3739.33	3746.07	
3786.52	3788.76	3786.52	3788.76	3786.52	
3743.82	3743.82	3743.82	3743.82	3743.82	
3750.56	3741.57	3750.56	3741.57	3750.56	
3752.81	3734.83	3752.81	3734.83	3752.81	
3739.33	3739.33	3739.33	3739.33	3739.33	
3748.31	3748.31	3748.31	3748.31	3748.31	
3746.07	3746.07	3746.07	3746.07	3746.07	
3743.82	3737.08	3743.82	3737.08	3743.82	
3743.82	3737.08	3743.82	3737.08	3743.82	
3741.57	3746.07	3741.57	3746.07	3741.57	
3741.57	3743.82	3741.57	3743.82	3741.57	
3743.82	3743.82	3743.82	3743.82	3743.82	
3734.83	3734.83	3734.83	3734.83	3734.83	
3737.08	3737.08	3737.08	3737.08	3737.08	
3734.83	3741.57	3734.83	3741.57	3734.83	
3746.07	3728.09	3746.07	3728.09	3746.07	
3746.07	3743.82	3746.07	3743.82	3746.07	
3739.33	3741.57	3739.33	3741.57	3739.33	
3748.31	3743.82	3748.31	3743.82	3748.31	
3739.33	3741.57	3739.33	3741.57	3739.33	
3737.08	3748.31	3737.08	3748.31	3737.08	
3728.09	3723.6	3728.09	3723.6	3728.09	
3732.58	3734.83	3732.58	3734.83	3732.58	
3725.84	3728.09	3725.84	3728.09	3725.84	
3725.84	3728.09	3725.84	3728.09	3725.84	
