5480.39	5470.59	5480.39	5470.59	5480.39	
5418.3	5428.1	5418.3	5428.1	5418.3	
5418.3	5415.03	5418.3	5415.03	5418.3	
5421.57	5428.1	5421.57	5428.1	5421.57	
5424.84	5441.18	5424.84	5441.18	5424.84	
5437.91	5437.91	5437.91	5437.91	5437.91	
5434.64	5441.18	5434.64	5441.18	5434.64	
5444.44	5434.64	5444.44	5434.64	5444.44	
5441.18	5441.18	5441.18	5441.18	5441.18	
5454.25	5431.37	5454.25	5431.37	5454.25	
5444.44	5431.37	5444.44	5431.37	5444.44	
5434.64	5444.44	5434.64	5444.44	5434.64	
5431.37	5437.91	5431.37	5437.91	5431.37	
5437.91	5434.64	5437.91	5434.64	5437.91	
5437.91	5450.98	5437.91	5450.98	5437.91	
5441.18	5444.44	5441.18	5444.44	5441.18	
5450.98	5444.44	5450.98	5444.44	5450.98	
5454.25	5454.25	5454.25	5454.25	5454.25	
5450.98	5447.71	5450.98	5447.71	5450.98	
5460.78	5444.44	5460.78	5444.44	5460.78	
5434.64	5444.44	5434.64	5444.44	5434.64	
5444.44	5434.64	5444.44	5434.64	5444.44	
5447.71	5434.64	5447.71	5434.64	5447.71	
5434.64	5444.44	5434.64	5444.44	5434.64	
5437.91	5450.98	5437.91	5450.98	5437.91	
5444.44	5454.25	5444.44	5454.25	5444.44	
5444.44	5450.98	5444.44	5450.98	5444.44	
5454.25	5431.37	5454.25	5431.37	5454.25	
5441.18	5441.18	5441.18	5441.18	5441.18	
5447.71	5441.18	5447.71	5441.18	5447.71	
5431.37	5454.25	5431.37	5454.25	5431.37	
5437.91	5444.44	5437.91	5444.44	5437.91	
5447.71	5444.44	5447.71	5444.44	5447.71	
5444.44	5441.18	5444.44	5441.18	5444.44	
5447.71	5450.98	5447.71	5450.98	5447.71	
5441.18	5441.18	5441.18	5441.18	5441.18	
5441.18	5437.91	5441.18	5437.91	5441.18	
5444.44	5437.91	5444.44	5437.91	5444.44	
5434.64	5457.52	5434.64	5457.52	5434.64	
5447.71	5431.37	5447.71	5431.37	5447.71	
5444.44	5444.44	5444.44	5444.44	5444.44	
5447.71	5450.98	5447.71	5450.98	5447.71	
5437.91	5441.18	5437.91	5441.18	5437.91	
5437.91	5444.44	5437.91	5444.44	5437.91	
5431.37	5441.18	5431.37	5441.18	5431.37	
5421.57	5447.71	5421.57	5447.71	5421.57	
5441.18	5441.18	5441.18	5441.18	5441.18	
5437.91	5431.37	5437.91	5431.37	5437.91	
5434.64	5434.64	5434.64	5434.64	5434.64	
5444.44	5447.71	5444.44	5447.71	5444.44	
5437.91	5441.18	5437.91	5441.18	5437.91	
5450.98	5454.25	5450.98	5454.25	5450.98	
5441.18	5434.64	5441.18	5434.64	5441.18	
5444.44	5434.64	5444.44	5434.64	5444.44	
5437.91	5431.37	5437.91	5431.37	5437.91	
5444.44	5450.98	5444.44	5450.98	5444.44	
5441.18	5450.98	5441.18	5450.98	5441.18	
5424.84	5447.71	5424.84	5447.71	5424.84	
5444.44	5447.71	5444.44	5447.71	5444.44	
5450.98	5434.64	5450.98	5434.64	5450.98	
5454.25	5441.18	5454.25	5441.18	5454.25	
5434.64	5431.37	5434.64	5431.37	5434.64	
5450.98	5447.71	5450.98	5447.71	5450.98	
5441.18	5441.18	5441.18	5441.18	5441.18	
5454.25	5447.71	5454.25	5447.71	5454.25	
5434.64	5454.25	5434.64	5454.25	5434.64	
5457.52	5444.44	5457.52	5444.44	5457.52	
5447.71	5447.71	5447.71	5447.71	5447.71	
5434.64	5447.71	5434.64	5447.71	5434.64	
5441.18	5444.44	5441.18	5444.44	5441.18	
5434.64	5431.37	5434.64	5431.37	5434.64	
5434.64	5441.18	5434.64	5441.18	5434.64	
5447.71	5447.71	5447.71	5447.71	5447.71	
5434.64	5431.37	5434.64	5431.37	5434.64	
5444.44	5441.18	5444.44	5441.18	5444.44	
5444.44	5444.44	5444.44	5444.44	5444.44	
5444.44	5444.44	5444.44	5444.44	5444.44	
5441.18	5444.44	5441.18	5444.44	5441.18	
5444.44	5431.37	5444.44	5431.37	5444.44	
5454.25	5464.05	5454.25	5464.05	5454.25	
5434.64	5444.44	5434.64	5444.44	5434.64	
5447.71	5434.64	5447.71	5434.64	5447.71	
5441.18	5441.18	5441.18	5441.18	5441.18	
5454.25	5454.25	5454.25	5454.25	5454.25	
5441.18	5450.98	5441.18	5450.98	5441.18	
5450.98	5444.44	5450.98	5444.44	5450.98	
5450.98	5434.64	5450.98	5434.64	5450.98	
5441.18	5428.1	5441.18	5428.1	5441.18	
5421.57	5437.91	5421.57	5437.91	5421.57	
5437.91	5447.71	5437.91	5447.71	5437.91	
5434.64	5444.44	5434.64	5444.44	5434.64	
5428.1	5447.71	5428.1	5447.71	5428.1	
5431.37	5434.64	5431.37	5434.64	5431.37	
5444.44	5447.71	5444.44	5447.71	5444.44	
5441.18	5450.98	5441.18	5450.98	5441.18	
5437.91	5437.91	5437.91	5437.91	5437.91	
5437.91	5444.44	5437.91	5444.44	5437.91	
5447.71	5441.18	5447.71	5441.18	5447.71	
5431.37	5444.44	5431.37	5444.44	5431.37	
5450.98	5437.91	5450.98	5437.91	5450.98	
5434.64	5434.64	5434.64	5434.64	5434.64	
5434.64	5447.71	5434.64	5447.71	5434.64	
5441.18	5437.91	5441.18	5437.91	5441.18	
5441.18	5450.98	5441.18	5450.98	5441.18	
5450.98	5457.52	5450.98	5457.52	5450.98	
5441.18	5437.91	5441.18	5437.91	5441.18	
5444.44	5441.18	5444.44	5441.18	5444.44	
5447.71	5434.64	5447.71	5434.64	5447.71	
5444.44	5441.18	5444.44	5441.18	5444.44	
5454.25	5437.91	5454.25	5437.91	5454.25	
5444.44	5441.18	5444.44	5441.18	5444.44	
5437.91	5437.91	5437.91	5437.91	5437.91	
5444.44	5428.1	5444.44	5428.1	5444.44	
5434.64	5434.64	5434.64	5434.64	5434.64	
5450.98	5450.98	5450.98	5450.98	5450.98	
5441.18	5447.71	5441.18	5447.71	5441.18	
5447.71	5447.71	5447.71	5447.71	5447.71	
5437.91	5447.71	5437.91	5447.71	5437.91	
5450.98	5447.71	5450.98	5447.71	5450.98	
5450.98	5431.37	5450.98	5431.37	5450.98	
5444.44	5431.37	5444.44	5431.37	5444.44	
5444.44	5447.71	5444.44	5447.71	5444.44	
5428.1	5444.44	5428.1	5444.44	5428.1	
5454.25	5437.91	5454.25	5437.91	5454.25	
5441.18	5441.18	5441.18	5441.18	5441.18	
5447.71	5441.18	5447.71	5441.18	5447.71	
5437.91	5434.64	5437.91	5434.64	5437.91	
5441.18	5437.91	5441.18	5437.91	5441.18	
5434.64	5447.71	5434.64	5447.71	5434.64	
5441.18	5447.71	5441.18	5447.71	5441.18	
5441.18	5434.64	5441.18	5434.64	5441.18	
5444.44	5431.37	5444.44	5431.37	5444.44	
5441.18	5441.18	5441.18	5441.18	5441.18	
5437.91	5434.64	5437.91	5434.64	5437.91	
5441.18	5447.71	5441.18	5447.71	5441.18	
5441.18	5431.37	5441.18	5431.37	5441.18	
5447.71	5450.98	5447.71	5450.98	5447.71	
5434.64	5434.64	5434.64	5434.64	5434.64	
5437.91	5447.71	5437.91	5447.71	5437.91	
5431.37	5444.44	5431.37	5444.44	5431.37	
5454.25	5444.44	5454.25	5444.44	5454.25	
5450.98	5428.1	5450.98	5428.1	5450.98	
5424.84	5437.91	5424.84	5437.91	5424.84	
5437.91	5454.25	5437.91	5454.25	5437.91	
5434.64	5437.91	5434.64	5437.91	5434.64	
5450.98	5444.44	5450.98	5444.44	5450.98	
5444.44	5450.98	5444.44	5450.98	5444.44	
5434.64	5441.18	5434.64	5441.18	5434.64	
5437.91	5450.98	5437.91	5450.98	5437.91	
5441.18	5428.1	5441.18	5428.1	5441.18	
5460.78	5437.91	5460.78	5437.91	5460.78	
5441.18	5441.18	5441.18	5441.18	5441.18	
5450.98	5454.25	5450.98	5454.25	5450.98	
5447.71	5428.1	5447.71	5428.1	5447.71	
5441.18	5424.84	5441.18	5424.84	5441.18	
5428.1	5454.25	5428.1	5454.25	5428.1	
5437.91	5437.91	5437.91	5437.91	5437.91	
5428.1	5441.18	5428.1	5441.18	5428.1	
5437.91	5437.91	5437.91	5437.91	5437.91	
5437.91	5437.91	5437.91	5437.91	5437.91	
5431.37	5444.44	5431.37	5444.44	5431.37	
5441.18	5434.64	5441.18	5434.64	5441.18	
5444.44	5437.91	5444.44	5437.91	5444.44	
5441.18	5434.64	5441.18	5434.64	5441.18	
5447.71	5454.25	5447.71	5454.25	5447.71	
5441.18	5441.18	5441.18	5441.18	5441.18	
5447.71	5434.64	5447.71	5434.64	5447.71	
5444.44	5434.64	5444.44	5434.64	5444.44	
5437.91	5450.98	5437.91	5450.98	5437.91	
5447.71	5434.64	5447.71	5434.64	5447.71	
5444.44	5441.18	5444.44	5441.18	5444.44	
5450.98	5450.98	5450.98	5450.98	5450.98	
5441.18	5441.18	5441.18	5441.18	5441.18	
5441.18	5447.71	5441.18	5447.71	5441.18	
5434.64	5441.18	5434.64	5441.18	5434.64	
5444.44	5447.71	5444.44	5447.71	5444.44	
5434.64	5450.98	5434.64	5450.98	5434.64	
5441.18	5447.71	5441.18	5447.71	5441.18	
5428.1	5454.25	5428.1	5454.25	5428.1	
5441.18	5441.18	5441.18	5441.18	5441.18	
5431.37	5441.18	5431.37	5441.18	5431.37	
5460.78	5437.91	5460.78	5437.91	5460.78	
5434.64	5444.44	5434.64	5444.44	5434.64	
5450.98	5434.64	5450.98	5434.64	5450.98	
5434.64	5428.1	5434.64	5428.1	5434.64	
5447.71	5457.52	5447.71	5457.52	5447.71	
5444.44	5437.91	5444.44	5437.91	5444.44	
5437.91	5431.37	5437.91	5431.37	5437.91	
5441.18	5454.25	5441.18	5454.25	5441.18	
5434.64	5447.71	5434.64	5447.71	5434.64	
5431.37	5441.18	5431.37	5441.18	5431.37	
5428.1	5434.64	5428.1	5434.64	5428.1	
5444.44	5434.64	5444.44	5434.64	5444.44	
5431.37	5444.44	5431.37	5444.44	5431.37	
5428.1	5441.18	5428.1	5441.18	5428.1	
5437.91	5447.71	5437.91	5447.71	5437.91	
5431.37	5447.71	5431.37	5447.71	5431.37	
5444.44	5428.1	5444.44	5428.1	5444.44	
5431.37	5441.18	5431.37	5441.18	5431.37	
5444.44	5431.37	5444.44	5431.37	5444.44	
5441.18	5444.44	5441.18	5444.44	5441.18	
5437.91	5424.84	5437.91	5424.84	5437.91	
5444.44	5444.44	5444.44	5444.44	5444.44	
5457.52	5444.44	5457.52	5444.44	5457.52	
5444.44	5441.18	5444.44	5441.18	5444.44	
5434.64	5444.44	5434.64	5444.44	5434.64	
5447.71	5434.64	5447.71	5434.64	5447.71	
5434.64	5428.1	5434.64	5428.1	5434.64	
5444.44	5437.91	5444.44	5437.91	5444.44	
5428.1	5447.71	5428.1	5447.71	5428.1	
5450.98	5437.91	5450.98	5437.91	5450.98	
5447.71	5444.44	5447.71	5444.44	5447.71	
5444.44	5437.91	5444.44	5437.91	5444.44	
5441.18	5447.71	5441.18	5447.71	5441.18	
5431.37	5444.44	5431.37	5444.44	5431.37	
5441.18	5444.44	5441.18	5444.44	5441.18	
5447.71	5434.64	5447.71	5434.64	5447.71	
5441.18	5437.91	5441.18	5437.91	5441.18	
5431.37	5437.91	5431.37	5437.91	5431.37	
5447.71	5437.91	5447.71	5437.91	5447.71	
5444.44	5441.18	5444.44	5441.18	5444.44	
5434.64	5447.71	5434.64	5447.71	5434.64	
5441.18	5437.91	5441.18	5437.91	5441.18	
5454.25	5441.18	5454.25	5441.18	5454.25	
5428.1	5437.91	5428.1	5437.91	5428.1	
5437.91	5444.44	5437.91	5444.44	5437.91	
5431.37	5434.64	5431.37	5434.64	5431.37	
5447.71	5450.98	5447.71	5450.98	5447.71	
5437.91	5444.44	5437.91	5444.44	5437.91	
5437.91	5441.18	5437.91	5441.18	5437.91	
5431.37	5434.64	5431.37	5434.64	5431.37	
5447.71	5424.84	5447.71	5424.84	5447.71	
5447.71	5450.98	5447.71	5450.98	5447.71	
5447.71	5431.37	5447.71	5431.37	5447.71	
5434.64	5437.91	5434.64	5437.91	5434.64	
5441.18	5444.44	5441.18	5444.44	5441.18	
5424.84	5428.1	5424.84	5428.1	5424.84	
5450.98	5441.18	5450.98	5441.18	5450.98	
5437.91	5431.37	5437.91	5431.37	5437.91	
5418.3	5444.44	5418.3	5444.44	5418.3	
5441.18	5441.18	5441.18	5441.18	5441.18	
5450.98	5454.25	5450.98	5454.25	5450.98	
5441.18	5431.37	5441.18	5431.37	5441.18	
5444.44	5457.52	5444.44	5457.52	5444.44	
5444.44	5437.91	5444.44	5437.91	5444.44	
5441.18	5441.18	5441.18	5441.18	5441.18	
5437.91	5450.98	5437.91	5450.98	5437.91	
5441.18	5437.91	5441.18	5437.91	5441.18	
5431.37	5431.37	5431.37	5431.37	5431.37	
5441.18	5447.71	5441.18	5447.71	5441.18	
5437.91	5444.44	5437.91	5444.44	5437.91	
5434.64	5424.84	5434.64	5424.84	5434.64	
5441.18	5431.37	5441.18	5431.37	5441.18	
5434.64	5447.71	5434.64	5447.71	5434.64	
5444.44	5431.37	5444.44	5431.37	5444.44	
5434.64	5431.37	5434.64	5431.37	5434.64	
5434.64	5428.1	5434.64	5428.1	5434.64	
5434.64	5434.64	5434.64	5434.64	5434.64	
5434.64	5428.1	5434.64	5428.1	5434.64	
5444.44	5444.44	5444.44	5444.44	5444.44	
5450.98	5444.44	5450.98	5444.44	5450.98	
5441.18	5444.44	5441.18	5444.44	5441.18	
5424.84	5444.44	5424.84	5444.44	5424.84	
5441.18	5450.98	5441.18	5450.98	5441.18	
5437.91	5444.44	5437.91	5444.44	5437.91	
5437.91	5437.91	5437.91	5437.91	5437.91	
5434.64	5437.91	5434.64	5437.91	5434.64	
5450.98	5434.64	5450.98	5434.64	5450.98	
5437.91	5431.37	5437.91	5431.37	5437.91	
5441.18	5424.84	5441.18	5424.84	5441.18	
5447.71	5431.37	5447.71	5431.37	5447.71	
5428.1	5437.91	5428.1	5437.91	5428.1	
5424.84	5444.44	5424.84	5444.44	5424.84	
5441.18	5450.98	5441.18	5450.98	5441.18	
5431.37	5434.64	5431.37	5434.64	5431.37	
5424.84	5437.91	5424.84	5437.91	5424.84	
5431.37	5434.64	5431.37	5434.64	5431.37	
5441.18	5434.64	5441.18	5434.64	5441.18	
5450.98	5447.71	5450.98	5447.71	5450.98	
5444.44	5447.71	5444.44	5447.71	5444.44	
5428.1	5450.98	5428.1	5450.98	5428.1	
5447.71	5441.18	5447.71	5441.18	5447.71	
5441.18	5441.18	5441.18	5441.18	5441.18	
5441.18	5447.71	5441.18	5447.71	5441.18	
5444.44	5437.91	5444.44	5437.91	5444.44	
5447.71	5437.91	5447.71	5437.91	5447.71	
5428.1	5444.44	5428.1	5444.44	5428.1	
5450.98	5441.18	5450.98	5441.18	5450.98	
5444.44	5444.44	5444.44	5444.44	5444.44	
5444.44	5434.64	5444.44	5434.64	5444.44	
5434.64	5447.71	5434.64	5447.71	5434.64	
5444.44	5444.44	5444.44	5444.44	5444.44	
5424.84	5441.18	5424.84	5441.18	5424.84	
5441.18	5450.98	5441.18	5450.98	5441.18	
5441.18	5434.64	5441.18	5434.64	5441.18	
5434.64	5454.25	5434.64	5454.25	5434.64	
5434.64	5447.71	5434.64	5447.71	5434.64	
5441.18	5444.44	5441.18	5444.44	5441.18	
5437.91	5447.71	5437.91	5447.71	5437.91	
5428.1	5428.1	5428.1	5428.1	5428.1	
5434.64	5437.91	5434.64	5437.91	5434.64	
5428.1	5437.91	5428.1	5437.91	5428.1	
5428.1	5444.44	5428.1	5444.44	5428.1	
5444.44	5441.18	5444.44	5441.18	5444.44	
5424.84	5437.91	5424.84	5437.91	5424.84	
5434.64	5444.44	5434.64	5444.44	5434.64	
5447.71	5447.71	5447.71	5447.71	5447.71	
5434.64	5437.91	5434.64	5437.91	5434.64	
5441.18	5441.18	5441.18	5441.18	5441.18	
5431.37	5428.1	5431.37	5428.1	5431.37	
5444.44	5450.98	5444.44	5450.98	5444.44	
5441.18	5447.71	5441.18	5447.71	5441.18	
5447.71	5447.71	5447.71	5447.71	5447.71	
5441.18	5447.71	5441.18	5447.71	5441.18	
5450.98	5444.44	5450.98	5444.44	5450.98	
5441.18	5437.91	5441.18	5437.91	5441.18	
5428.1	5450.98	5428.1	5450.98	5428.1	
5441.18	5454.25	5441.18	5454.25	5441.18	
5441.18	5447.71	5441.18	5447.71	5441.18	
5434.64	5447.71	5434.64	5447.71	5434.64	
5434.64	5441.18	5434.64	5441.18	5434.64	
5434.64	5444.44	5434.64	5444.44	5434.64	
5428.1	5437.91	5428.1	5437.91	5428.1	
5441.18	5460.78	5441.18	5460.78	5441.18	
5454.25	5437.91	5454.25	5437.91	5454.25	
5441.18	5444.44	5441.18	5444.44	5441.18	
5424.84	5437.91	5424.84	5437.91	5424.84	
5434.64	5437.91	5434.64	5437.91	5434.64	
5444.44	5441.18	5444.44	5441.18	5444.44	
5428.1	5447.71	5428.1	5447.71	5428.1	
5444.44	5437.91	5444.44	5437.91	5444.44	
5444.44	5437.91	5444.44	5437.91	5444.44	
5431.37	5447.71	5431.37	5447.71	5431.37	
5428.1	5434.64	5428.1	5434.64	5428.1	
5441.18	5447.71	5441.18	5447.71	5441.18	
5444.44	5447.71	5444.44	5447.71	5444.44	
5457.52	5441.18	5457.52	5441.18	5457.52	
5424.84	5428.1	5424.84	5428.1	5424.84	
5450.98	5447.71	5450.98	5447.71	5450.98	
5457.52	5447.71	5457.52	5447.71	5457.52	
5434.64	5447.71	5434.64	5447.71	5434.64	
5444.44	5428.1	5444.44	5428.1	5444.44	
5447.71	5424.84	5447.71	5424.84	5447.71	
5431.37	5437.91	5431.37	5437.91	5431.37	
5437.91	5441.18	5437.91	5441.18	5437.91	
5441.18	5431.37	5441.18	5431.37	5441.18	
5428.1	5460.78	5428.1	5460.78	5428.1	
5428.1	5437.91	5428.1	5437.91	5428.1	
5434.64	5424.84	5434.64	5424.84	5434.64	
5447.71	5447.71	5447.71	5447.71	5447.71	
5437.91	5447.71	5437.91	5447.71	5437.91	
5434.64	5447.71	5434.64	5447.71	5434.64	
5424.84	5444.44	5424.84	5444.44	5424.84	
5444.44	5444.44	5444.44	5444.44	5444.44	
5444.44	5437.91	5444.44	5437.91	5444.44	
5444.44	5447.71	5444.44	5447.71	5444.44	
5441.18	5428.1	5441.18	5428.1	5441.18	
5434.64	5431.37	5434.64	5431.37	5434.64	
5431.37	5444.44	5431.37	5444.44	5431.37	
5444.44	5434.64	5444.44	5434.64	5444.44	
5441.18	5441.18	5441.18	5441.18	5441.18	
5441.18	5434.64	5441.18	5434.64	5441.18	
5441.18	5450.98	5441.18	5450.98	5441.18	
5444.44	5444.44	5444.44	5444.44	5444.44	
5434.64	5431.37	5434.64	5431.37	5434.64	
5447.71	5437.91	5447.71	5437.91	5447.71	
5434.64	5421.57	5434.64	5421.57	5434.64	
5444.44	5441.18	5444.44	5441.18	5444.44	
5444.44	5437.91	5444.44	5437.91	5444.44	
5441.18	5450.98	5441.18	5450.98	5441.18	
5447.71	5434.64	5447.71	5434.64	5447.71	
5437.91	5441.18	5437.91	5441.18	5437.91	
5437.91	5431.37	5437.91	5431.37	5437.91	
5444.44	5441.18	5444.44	5441.18	5444.44	
5434.64	5441.18	5434.64	5441.18	5434.64	
5441.18	5444.44	5441.18	5444.44	5441.18	
5434.64	5454.25	5434.64	5454.25	5434.64	
5444.44	5437.91	5444.44	5437.91	5444.44	
5434.64	5450.98	5434.64	5450.98	5434.64	
5447.71	5431.37	5447.71	5431.37	5447.71	
5434.64	5454.25	5434.64	5454.25	5434.64	
5450.98	5437.91	5450.98	5437.91	5450.98	
5441.18	5441.18	5441.18	5441.18	5441.18	
5444.44	5447.71	5444.44	5447.71	5444.44	
5437.91	5441.18	5437.91	5441.18	5437.91	
5434.64	5450.98	5434.64	5450.98	5434.64	
5441.18	5434.64	5441.18	5434.64	5441.18	
5447.71	5424.84	5447.71	5424.84	5447.71	
5434.64	5437.91	5434.64	5437.91	5434.64	
5437.91	5434.64	5437.91	5434.64	5437.91	
5447.71	5431.37	5447.71	5431.37	5447.71	
5431.37	5447.71	5431.37	5447.71	5431.37	
5441.18	5441.18	5441.18	5441.18	5441.18	
5454.25	5441.18	5454.25	5441.18	5454.25	
5444.44	5437.91	5444.44	5437.91	5444.44	
5434.64	5437.91	5434.64	5437.91	5434.64	
5444.44	5441.18	5444.44	5441.18	5444.44	
5450.98	5450.98	5450.98	5450.98	5450.98	
5434.64	5437.91	5434.64	5437.91	5434.64	
5441.18	5441.18	5441.18	5441.18	5441.18	
5447.71	5437.91	5447.71	5437.91	5447.71	
5434.64	5431.37	5434.64	5431.37	5434.64	
5441.18	5431.37	5441.18	5431.37	5441.18	
5447.71	5444.44	5447.71	5444.44	5447.71	
5450.98	5434.64	5450.98	5434.64	5450.98	
5441.18	5450.98	5441.18	5450.98	5441.18	
5450.98	5441.18	5450.98	5441.18	5450.98	
5457.52	5431.37	5457.52	5431.37	5457.52	
5424.84	5434.64	5424.84	5434.64	5424.84	
5437.91	5441.18	5437.91	5441.18	5437.91	
5441.18	5444.44	5441.18	5444.44	5441.18	
5441.18	5434.64	5441.18	5434.64	5441.18	
5444.44	5428.1	5444.44	5428.1	5444.44	
5447.71	5434.64	5447.71	5434.64	5447.71	
5441.18	5428.1	5441.18	5428.1	5441.18	
5450.98	5437.91	5450.98	5437.91	5450.98	
5434.64	5431.37	5434.64	5431.37	5434.64	
5444.44	5431.37	5444.44	5431.37	5444.44	
5441.18	5437.91	5441.18	5437.91	5441.18	
5434.64	5457.52	5434.64	5457.52	5434.64	
5447.71	5441.18	5447.71	5441.18	5447.71	
5444.44	5447.71	5444.44	5447.71	5444.44	
5444.44	5437.91	5444.44	5437.91	5444.44	
5447.71	5450.98	5447.71	5450.98	5447.71	
5434.64	5441.18	5434.64	5441.18	5434.64	
5444.44	5437.91	5444.44	5437.91	5444.44	
5434.64	5437.91	5434.64	5437.91	5434.64	
5431.37	5437.91	5431.37	5437.91	5431.37	
5441.18	5444.44	5441.18	5444.44	5441.18	
5431.37	5441.18	5431.37	5441.18	5431.37	
5431.37	5447.71	5431.37	5447.71	5431.37	
5437.91	5441.18	5437.91	5441.18	5437.91	
5441.18	5450.98	5441.18	5450.98	5441.18	
5434.64	5441.18	5434.64	5441.18	5434.64	
5444.44	5441.18	5444.44	5441.18	5444.44	
5434.64	5441.18	5434.64	5441.18	5434.64	
5447.71	5437.91	5447.71	5437.91	5447.71	
5457.52	5437.91	5457.52	5437.91	5457.52	
5444.44	5441.18	5444.44	5441.18	5444.44	
5431.37	5434.64	5431.37	5434.64	5431.37	
5450.98	5441.18	5450.98	5441.18	5450.98	
5437.91	5444.44	5437.91	5444.44	5437.91	
5437.91	5434.64	5437.91	5434.64	5437.91	
5441.18	5437.91	5441.18	5437.91	5441.18	
5431.37	5441.18	5431.37	5441.18	5431.37	
5441.18	5424.84	5441.18	5424.84	5441.18	
5424.84	5431.37	5424.84	5431.37	5424.84	
5450.98	5437.91	5450.98	5437.91	5450.98	
5444.44	5434.64	5444.44	5434.64	5444.44	
5441.18	5450.98	5441.18	5450.98	5441.18	
5431.37	5441.18	5431.37	5441.18	5431.37	
5444.44	5460.78	5444.44	5460.78	5444.44	
5434.64	5441.18	5434.64	5441.18	5434.64	
5421.57	5434.64	5421.57	5434.64	5421.57	
5450.98	5454.25	5450.98	5454.25	5450.98	
5437.91	5437.91	5437.91	5437.91	5437.91	
5434.64	5447.71	5434.64	5447.71	5434.64	
5441.18	5447.71	5441.18	5447.71	5441.18	
5441.18	5441.18	5441.18	5441.18	5441.18	
5447.71	5431.37	5447.71	5431.37	5447.71	
5444.44	5428.1	5444.44	5428.1	5444.44	
5441.18	5441.18	5441.18	5441.18	5441.18	
5434.64	5434.64	5434.64	5434.64	5434.64	
5441.18	5450.98	5441.18	5450.98	5441.18	
5467.32	5454.25	5467.32	5454.25	5467.32	
5434.64	5441.18	5434.64	5441.18	5434.64	
5450.98	5447.71	5450.98	5447.71	5450.98	
5434.64	5434.64	5434.64	5434.64	5434.64	
5434.64	5450.98	5434.64	5450.98	5434.64	
5444.44	5444.44	5444.44	5444.44	5444.44	
5437.91	5447.71	5437.91	5447.71	5437.91	
5437.91	5431.37	5437.91	5431.37	5437.91	
5450.98	5431.37	5450.98	5431.37	5450.98	
5431.37	5441.18	5431.37	5441.18	5431.37	
5450.98	5437.91	5450.98	5437.91	5450.98	
5444.44	5450.98	5444.44	5450.98	5444.44	
5431.37	5437.91	5431.37	5437.91	5431.37	
5447.71	5431.37	5447.71	5431.37	5447.71	
5437.91	5444.44	5437.91	5444.44	5437.91	
5424.84	5431.37	5424.84	5431.37	5424.84	
5437.91	5441.18	5437.91	5441.18	5437.91	
5431.37	5431.37	5431.37	5431.37	5431.37	
5450.98	5431.37	5450.98	5431.37	5450.98	
5444.44	5431.37	5444.44	5431.37	5444.44	
5437.91	5447.71	5437.91	5447.71	5437.91	
5434.64	5437.91	5434.64	5437.91	5434.64	
5447.71	5444.44	5447.71	5444.44	5447.71	
5437.91	5444.44	5437.91	5444.44	5437.91	
5437.91	5441.18	5437.91	5441.18	5437.91	
5447.71	5447.71	5447.71	5447.71	5447.71	
5428.1	5437.91	5428.1	5437.91	5428.1	
5437.91	5457.52	5437.91	5457.52	5437.91	
5447.71	5450.98	5447.71	5450.98	5447.71	
5431.37	5437.91	5431.37	5437.91	5431.37	
5434.64	5434.64	5434.64	5434.64	5434.64	
5434.64	5431.37	5434.64	5431.37	5434.64	
5447.71	5437.91	5447.71	5437.91	5447.71	
5434.64	5431.37	5434.64	5431.37	5434.64	
5441.18	5437.91	5441.18	5437.91	5441.18	
5444.44	5444.44	5444.44	5444.44	5444.44	
5428.1	5437.91	5428.1	5437.91	5428.1	
5437.91	5444.44	5437.91	5444.44	5437.91	
5441.18	5424.84	5441.18	5424.84	5441.18	
5434.64	5428.1	5434.64	5428.1	5434.64	
5444.44	5441.18	5444.44	5441.18	5444.44	
5444.44	5441.18	5444.44	5441.18	5444.44	
5434.64	5441.18	5434.64	5441.18	5434.64	
5441.18	5428.1	5441.18	5428.1	5441.18	
5434.64	5431.37	5434.64	5431.37	5434.64	
5447.71	5450.98	5447.71	5450.98	5447.71	
5441.18	5447.71	5441.18	5447.71	5441.18	
5444.44	5431.37	5444.44	5431.37	5444.44	
5428.1	5450.98	5428.1	5450.98	5428.1	
5454.25	5437.91	5454.25	5437.91	5454.25	
5437.91	5437.91	5437.91	5437.91	5437.91	
5437.91	5434.64	5437.91	5434.64	5437.91	
5431.37	5450.98	5431.37	5450.98	5431.37	
5428.1	5444.44	5428.1	5444.44	5428.1	
5444.44	5441.18	5444.44	5441.18	5444.44	
5431.37	5444.44	5431.37	5444.44	5431.37	
5437.91	5434.64	5437.91	5434.64	5437.91	
5437.91	5431.37	5437.91	5431.37	5437.91	
5441.18	5428.1	5441.18	5428.1	5441.18	
5434.64	5424.84	5434.64	5424.84	5434.64	
5441.18	5441.18	5441.18	5441.18	5441.18	
5437.91	5434.64	5437.91	5434.64	5437.91	
5431.37	5441.18	5431.37	5441.18	5431.37	
5424.84	5431.37	5424.84	5431.37	5424.84	
5431.37	5441.18	5431.37	5441.18	5431.37	
5434.64	5437.91	5434.64	5437.91	5434.64	
5428.1	5431.37	5428.1	5431.37	5428.1	
5434.64	5444.44	5434.64	5444.44	5434.64	
5437.91	5437.91	5437.91	5437.91	5437.91	
5441.18	5447.71	5441.18	5447.71	5441.18	
5431.37	5431.37	5431.37	5431.37	5431.37	
5444.44	5431.37	5444.44	5431.37	5444.44	
5441.18	5437.91	5441.18	5437.91	5441.18	
5434.64	5428.1	5434.64	5428.1	5434.64	
5447.71	5428.1	5447.71	5428.1	5447.71	
5437.91	5437.91	5437.91	5437.91	5437.91	
5441.18	5437.91	5441.18	5437.91	5441.18	
5444.44	5428.1	5444.44	5428.1	5444.44	
5441.18	5441.18	5441.18	5441.18	5441.18	
5421.57	5434.64	5421.57	5434.64	5421.57	
5434.64	5434.64	5434.64	5434.64	5434.64	
5434.64	5434.64	5434.64	5434.64	5434.64	
5434.64	5437.91	5434.64	5437.91	5434.64	
5434.64	5441.18	5434.64	5441.18	5434.64	
5434.64	5424.84	5434.64	5424.84	5434.64	
5434.64	5437.91	5434.64	5437.91	5434.64	
5437.91	5437.91	5437.91	5437.91	5437.91	
5434.64	5431.37	5434.64	5431.37	5434.64	
5434.64	5437.91	5434.64	5437.91	5434.64	
5434.64	5428.1	5434.64	5428.1	5434.64	
5441.18	5434.64	5441.18	5434.64	5441.18	
5437.91	5434.64	5437.91	5434.64	5437.91	
5447.71	5434.64	5447.71	5434.64	5447.71	
5450.98	5441.18	5450.98	5441.18	5450.98	
5434.64	5441.18	5434.64	5441.18	5434.64	
5450.98	5454.25	5450.98	5454.25	5450.98	
5444.44	5428.1	5444.44	5428.1	5444.44	
5437.91	5437.91	5437.91	5437.91	5437.91	
5444.44	5444.44	5444.44	5444.44	5444.44	
5444.44	5444.44	5444.44	5444.44	5444.44	
5431.37	5434.64	5431.37	5434.64	5431.37	
5434.64	5437.91	5434.64	5437.91	5434.64	
5431.37	5450.98	5431.37	5450.98	5431.37	
5441.18	5431.37	5441.18	5431.37	5441.18	
5447.71	5441.18	5447.71	5441.18	5447.71	
5437.91	5444.44	5437.91	5444.44	5437.91	
5450.98	5444.44	5450.98	5444.44	5450.98	
5434.64	5444.44	5434.64	5444.44	5434.64	
5434.64	5431.37	5434.64	5431.37	5434.64	
5454.25	5450.98	5454.25	5450.98	5454.25	
5450.98	5431.37	5450.98	5431.37	5450.98	
5437.91	5434.64	5437.91	5434.64	5437.91	
5437.91	5434.64	5437.91	5434.64	5437.91	
5444.44	5437.91	5444.44	5437.91	5444.44	
5447.71	5437.91	5447.71	5437.91	5447.71	
5437.91	5437.91	5437.91	5437.91	5437.91	
5441.18	5428.1	5441.18	5428.1	5441.18	
5434.64	5450.98	5434.64	5450.98	5434.64	
5447.71	5441.18	5447.71	5441.18	5447.71	
5434.64	5431.37	5434.64	5431.37	5434.64	
5431.37	5431.37	5431.37	5431.37	5431.37	
5437.91	5450.98	5437.91	5450.98	5437.91	
5444.44	5444.44	5444.44	5444.44	5444.44	
5434.64	5431.37	5434.64	5431.37	5434.64	
5424.84	5441.18	5424.84	5441.18	5424.84	
5434.64	5441.18	5434.64	5441.18	5434.64	
5431.37	5444.44	5431.37	5444.44	5431.37	
5441.18	5437.91	5441.18	5437.91	5441.18	
5431.37	5447.71	5431.37	5447.71	5431.37	
5434.64	5441.18	5434.64	5441.18	5434.64	
5437.91	5444.44	5437.91	5444.44	5437.91	
5450.98	5444.44	5450.98	5444.44	5450.98	
5434.64	5450.98	5434.64	5450.98	5434.64	
5444.44	5450.98	5444.44	5450.98	5444.44	
5467.32	5447.71	5467.32	5447.71	5467.32	
5431.37	5444.44	5431.37	5444.44	5431.37	
5441.18	5424.84	5441.18	5424.84	5441.18	
5431.37	5437.91	5431.37	5437.91	5431.37	
5421.57	5428.1	5421.57	5428.1	5421.57	
5444.44	5437.91	5444.44	5437.91	5444.44	
5434.64	5437.91	5434.64	5437.91	5434.64	
5434.64	5431.37	5434.64	5431.37	5434.64	
5428.1	5428.1	5428.1	5428.1	5428.1	
5431.37	5447.71	5431.37	5447.71	5431.37	
5441.18	5441.18	5441.18	5441.18	5441.18	
5437.91	5431.37	5437.91	5431.37	5437.91	
5431.37	5441.18	5431.37	5441.18	5431.37	
5437.91	5441.18	5437.91	5441.18	5437.91	
5444.44	5444.44	5444.44	5444.44	5444.44	
5431.37	5434.64	5431.37	5434.64	5431.37	
5437.91	5437.91	5437.91	5437.91	5437.91	
5441.18	5447.71	5441.18	5447.71	5441.18	
5437.91	5437.91	5437.91	5437.91	5437.91	
5434.64	5428.1	5434.64	5428.1	5434.64	
5434.64	5447.71	5434.64	5447.71	5434.64	
5424.84	5434.64	5424.84	5434.64	5424.84	
5431.37	5444.44	5431.37	5444.44	5431.37	
5431.37	5431.37	5431.37	5431.37	5431.37	
5434.64	5441.18	5434.64	5441.18	5434.64	
5447.71	5431.37	5447.71	5431.37	5447.71	
5447.71	5441.18	5447.71	5441.18	5447.71	
5447.71	5434.64	5447.71	5434.64	5447.71	
5457.52	5447.71	5457.52	5447.71	5457.52	
5441.18	5437.91	5441.18	5437.91	5441.18	
5450.98	5441.18	5450.98	5441.18	5450.98	
5434.64	5441.18	5434.64	5441.18	5434.64	
5441.18	5431.37	5441.18	5431.37	5441.18	
5424.84	5437.91	5424.84	5437.91	5424.84	
5434.64	5428.1	5434.64	5428.1	5434.64	
5434.64	5431.37	5434.64	5431.37	5434.64	
5437.91	5437.91	5437.91	5437.91	5437.91	
5434.64	5437.91	5434.64	5437.91	5434.64	
5434.64	5450.98	5434.64	5450.98	5434.64	
5444.44	5437.91	5444.44	5437.91	5444.44	
5437.91	5428.1	5437.91	5428.1	5437.91	
5450.98	5431.37	5450.98	5431.37	5450.98	
5437.91	5428.1	5437.91	5428.1	5437.91	
5434.64	5441.18	5434.64	5441.18	5434.64	
5437.91	5441.18	5437.91	5441.18	5437.91	
5444.44	5434.64	5444.44	5434.64	5444.44	
5454.25	5444.44	5454.25	5444.44	5454.25	
5434.64	5444.44	5434.64	5444.44	5434.64	
5424.84	5447.71	5424.84	5447.71	5424.84	
5447.71	5434.64	5447.71	5434.64	5447.71	
5434.64	5441.18	5434.64	5441.18	5434.64	
5428.1	5444.44	5428.1	5444.44	5428.1	
5437.91	5441.18	5437.91	5441.18	5437.91	
5434.64	5444.44	5434.64	5444.44	5434.64	
5431.37	5434.64	5431.37	5434.64	5431.37	
5437.91	5428.1	5437.91	5428.1	5437.91	
5447.71	5441.18	5447.71	5441.18	5447.71	
5428.1	5437.91	5428.1	5437.91	5428.1	
5441.18	5428.1	5441.18	5428.1	5441.18	
5441.18	5441.18	5441.18	5441.18	5441.18	
5424.84	5428.1	5424.84	5428.1	5424.84	
5447.71	5441.18	5447.71	5441.18	5447.71	
5444.44	5450.98	5444.44	5450.98	5444.44	
5441.18	5447.71	5441.18	5447.71	5441.18	
5437.91	5428.1	5437.91	5428.1	5437.91	
5434.64	5441.18	5434.64	5441.18	5434.64	
5444.44	5441.18	5444.44	5441.18	5444.44	
5441.18	5428.1	5441.18	5428.1	5441.18	
5450.98	5444.44	5450.98	5444.44	5450.98	
5444.44	5444.44	5444.44	5444.44	5444.44	
5431.37	5441.18	5431.37	5441.18	5431.37	
5441.18	5434.64	5441.18	5434.64	5441.18	
5450.98	5424.84	5450.98	5424.84	5450.98	
5441.18	5444.44	5441.18	5444.44	5441.18	
5447.71	5441.18	5447.71	5441.18	5447.71	
5437.91	5441.18	5437.91	5441.18	5437.91	
5447.71	5434.64	5447.71	5434.64	5447.71	
5441.18	5447.71	5441.18	5447.71	5441.18	
5437.91	5441.18	5437.91	5441.18	5437.91	
5431.37	5431.37	5431.37	5431.37	5431.37	
5428.1	5431.37	5428.1	5431.37	5428.1	
5428.1	5447.71	5428.1	5447.71	5428.1	
5441.18	5428.1	5441.18	5428.1	5441.18	
5444.44	5441.18	5444.44	5441.18	5444.44	
5434.64	5437.91	5434.64	5437.91	5434.64	
5431.37	5441.18	5431.37	5441.18	5431.37	
5431.37	5437.91	5431.37	5437.91	5431.37	
5444.44	5441.18	5444.44	5441.18	5444.44	
5424.84	5437.91	5424.84	5437.91	5424.84	
5437.91	5431.37	5437.91	5431.37	5437.91	
5434.64	5431.37	5434.64	5431.37	5434.64	
5441.18	5431.37	5441.18	5431.37	5441.18	
5434.64	5431.37	5434.64	5431.37	5434.64	
5428.1	5431.37	5428.1	5431.37	5428.1	
5434.64	5441.18	5434.64	5441.18	5434.64	
5431.37	5434.64	5431.37	5434.64	5431.37	
5431.37	5434.64	5431.37	5434.64	5431.37	
5431.37	5434.64	5431.37	5434.64	5431.37	
5411.76	5437.91	5411.76	5437.91	5411.76	
5441.18	5437.91	5441.18	5437.91	5441.18	
5444.44	5434.64	5444.44	5434.64	5444.44	
5434.64	5444.44	5434.64	5444.44	5434.64	
5437.91	5434.64	5437.91	5434.64	5437.91	
5473.86	5470.59	5473.86	5470.59	5473.86	
5434.64	5441.18	5434.64	5441.18	5434.64	
5431.37	5441.18	5431.37	5441.18	5431.37	
5424.84	5444.44	5424.84	5444.44	5424.84	
5421.57	5441.18	5421.57	5441.18	5421.57	
5441.18	5437.91	5441.18	5437.91	5441.18	
5441.18	5444.44	5441.18	5444.44	5441.18	
5434.64	5437.91	5434.64	5437.91	5434.64	
5434.64	5434.64	5434.64	5434.64	5434.64	
5450.98	5454.25	5450.98	5454.25	5450.98	
5424.84	5437.91	5424.84	5437.91	5424.84	
5437.91	5431.37	5437.91	5431.37	5437.91	
5437.91	5424.84	5437.91	5424.84	5437.91	
5444.44	5434.64	5444.44	5434.64	5444.44	
5441.18	5450.98	5441.18	5450.98	5441.18	
5431.37	5444.44	5431.37	5444.44	5431.37	
5434.64	5431.37	5434.64	5431.37	5434.64	
5444.44	5421.57	5444.44	5421.57	5444.44	
5444.44	5441.18	5444.44	5441.18	5444.44	
5437.91	5444.44	5437.91	5444.44	5437.91	
5434.64	5431.37	5434.64	5431.37	5434.64	
5428.1	5437.91	5428.1	5437.91	5428.1	
5450.98	5434.64	5450.98	5434.64	5450.98	
5434.64	5441.18	5434.64	5441.18	5434.64	
5428.1	5434.64	5428.1	5434.64	5428.1	
5441.18	5447.71	5441.18	5447.71	5441.18	
5437.91	5437.91	5437.91	5437.91	5437.91	
5431.37	5437.91	5431.37	5437.91	5431.37	
5450.98	5450.98	5450.98	5450.98	5450.98	
5437.91	5447.71	5437.91	5447.71	5437.91	
5437.91	5441.18	5437.91	5441.18	5437.91	
5441.18	5434.64	5441.18	5434.64	5441.18	
5444.44	5447.71	5444.44	5447.71	5444.44	
5437.91	5431.37	5437.91	5431.37	5437.91	
5441.18	5434.64	5441.18	5434.64	5441.18	
5444.44	5434.64	5444.44	5434.64	5444.44	
5431.37	5431.37	5431.37	5431.37	5431.37	
5424.84	5431.37	5424.84	5431.37	5424.84	
5434.64	5434.64	5434.64	5434.64	5434.64	
5431.37	5421.57	5431.37	5421.57	5431.37	
5441.18	5431.37	5441.18	5431.37	5441.18	
5428.1	5434.64	5428.1	5434.64	5428.1	
5428.1	5437.91	5428.1	5437.91	5428.1	
5428.1	5434.64	5428.1	5434.64	5428.1	
5441.18	5424.84	5441.18	5424.84	5441.18	
5431.37	5444.44	5431.37	5444.44	5431.37	
5434.64	5441.18	5434.64	5441.18	5434.64	
5434.64	5434.64	5434.64	5434.64	5434.64	
5434.64	5434.64	5434.64	5434.64	5434.64	
5486.93	5483.66	5486.93	5483.66	5486.93	
5428.1	5454.25	5428.1	5454.25	5428.1	
5428.1	5434.64	5428.1	5434.64	5428.1	
5444.44	5428.1	5444.44	5428.1	5444.44	
5434.64	5454.25	5434.64	5454.25	5434.64	
5444.44	5431.37	5444.44	5431.37	5444.44	
5447.71	5444.44	5447.71	5444.44	5447.71	
5437.91	5424.84	5437.91	5424.84	5437.91	
5434.64	5437.91	5434.64	5437.91	5434.64	
5441.18	5431.37	5441.18	5431.37	5441.18	
5437.91	5431.37	5437.91	5431.37	5437.91	
5447.71	5441.18	5447.71	5441.18	5447.71	
5437.91	5428.1	5437.91	5428.1	5437.91	
5421.57	5450.98	5421.57	5450.98	5421.57	
5424.84	5450.98	5424.84	5450.98	5424.84	
5444.44	5444.44	5444.44	5444.44	5444.44	
5454.25	5424.84	5454.25	5424.84	5454.25	
5444.44	5437.91	5444.44	5437.91	5444.44	
5434.64	5424.84	5434.64	5424.84	5434.64	
5431.37	5431.37	5431.37	5431.37	5431.37	
5450.98	5447.71	5450.98	5447.71	5450.98	
5444.44	5428.1	5444.44	5428.1	5444.44	
5434.64	5441.18	5434.64	5441.18	5434.64	
5434.64	5444.44	5434.64	5444.44	5434.64	
5434.64	5441.18	5434.64	5441.18	5434.64	
5437.91	5441.18	5437.91	5441.18	5437.91	
5441.18	5428.1	5441.18	5428.1	5441.18	
5447.71	5447.71	5447.71	5447.71	5447.71	
5457.52	5447.71	5457.52	5447.71	5457.52	
5434.64	5437.91	5434.64	5437.91	5434.64	
5441.18	5428.1	5441.18	5428.1	5441.18	
5444.44	5444.44	5444.44	5444.44	5444.44	
5424.84	5437.91	5424.84	5437.91	5424.84	
5434.64	5437.91	5434.64	5437.91	5434.64	
5434.64	5434.64	5434.64	5434.64	5434.64	
5431.37	5447.71	5431.37	5447.71	5431.37	
5428.1	5437.91	5428.1	5437.91	5428.1	
5437.91	5447.71	5437.91	5447.71	5437.91	
5437.91	5431.37	5437.91	5431.37	5437.91	
5424.84	5437.91	5424.84	5437.91	5424.84	
5437.91	5434.64	5437.91	5434.64	5437.91	
5441.18	5431.37	5441.18	5431.37	5441.18	
5441.18	5437.91	5441.18	5437.91	5441.18	
5441.18	5450.98	5441.18	5450.98	5441.18	
5437.91	5447.71	5437.91	5447.71	5437.91	
5447.71	5437.91	5447.71	5437.91	5447.71	
5434.64	5437.91	5434.64	5437.91	5434.64	
5444.44	5454.25	5444.44	5454.25	5444.44	
5441.18	5424.84	5441.18	5424.84	5441.18	
5441.18	5447.71	5441.18	5447.71	5441.18	
5441.18	5457.52	5441.18	5457.52	5441.18	
5434.64	5431.37	5434.64	5431.37	5434.64	
5431.37	5431.37	5431.37	5431.37	5431.37	
5431.37	5428.1	5431.37	5428.1	5431.37	
5431.37	5437.91	5431.37	5437.91	5431.37	
5431.37	5447.71	5431.37	5447.71	5431.37	
5434.64	5421.57	5434.64	5421.57	5434.64	
5424.84	5431.37	5424.84	5431.37	5424.84	
5437.91	5431.37	5437.91	5431.37	5437.91	
5424.84	5444.44	5424.84	5444.44	5424.84	
5431.37	5441.18	5431.37	5441.18	5431.37	
5441.18	5457.52	5441.18	5457.52	5441.18	
5424.84	5428.1	5424.84	5428.1	5424.84	
5441.18	5437.91	5441.18	5437.91	5441.18	
5447.71	5431.37	5447.71	5431.37	5447.71	
5431.37	5437.91	5431.37	5437.91	5431.37	
5428.1	5450.98	5428.1	5450.98	5428.1	
5441.18	5437.91	5441.18	5437.91	5441.18	
5431.37	5437.91	5431.37	5437.91	5431.37	
5437.91	5424.84	5437.91	5424.84	5437.91	
5428.1	5434.64	5428.1	5434.64	5428.1	
5441.18	5444.44	5441.18	5444.44	5441.18	
5450.98	5437.91	5450.98	5437.91	5450.98	
5447.71	5431.37	5447.71	5431.37	5447.71	
5431.37	5444.44	5431.37	5444.44	5431.37	
5441.18	5441.18	5441.18	5441.18	5441.18	
5431.37	5444.44	5431.37	5444.44	5431.37	
5441.18	5441.18	5441.18	5441.18	5441.18	
5447.71	5441.18	5447.71	5441.18	5447.71	
5428.1	5444.44	5428.1	5444.44	5428.1	
5424.84	5444.44	5424.84	5444.44	5424.84	
5434.64	5441.18	5434.64	5441.18	5434.64	
5434.64	5431.37	5434.64	5431.37	5434.64	
5434.64	5437.91	5434.64	5437.91	5434.64	
5434.64	5434.64	5434.64	5434.64	5434.64	
5428.1	5424.84	5428.1	5424.84	5428.1	
5431.37	5428.1	5431.37	5428.1	5431.37	
5444.44	5444.44	5444.44	5444.44	5444.44	
5431.37	5434.64	5431.37	5434.64	5431.37	
5447.71	5437.91	5447.71	5437.91	5447.71	
5444.44	5444.44	5444.44	5444.44	5444.44	
5431.37	5450.98	5431.37	5450.98	5431.37	
5431.37	5444.44	5431.37	5444.44	5431.37	
5441.18	5437.91	5441.18	5437.91	5441.18	
5428.1	5437.91	5428.1	5437.91	5428.1	
5431.37	5421.57	5431.37	5421.57	5431.37	
5418.3	5447.71	5418.3	5447.71	5418.3	
5431.37	5434.64	5431.37	5434.64	5431.37	
5428.1	5434.64	5428.1	5434.64	5428.1	
5434.64	5434.64	5434.64	5434.64	5434.64	
5428.1	5437.91	5428.1	5437.91	5428.1	
5428.1	5434.64	5428.1	5434.64	5428.1	
5434.64	5424.84	5434.64	5424.84	5434.64	
5437.91	5437.91	5437.91	5437.91	5437.91	
5441.18	5434.64	5441.18	5434.64	5441.18	
5424.84	5441.18	5424.84	5441.18	5424.84	
5437.91	5437.91	5437.91	5437.91	5437.91	
5441.18	5428.1	5441.18	5428.1	5441.18	
5421.57	5441.18	5421.57	5441.18	5421.57	
5431.37	5424.84	5431.37	5424.84	5431.37	
5441.18	5428.1	5441.18	5428.1	5441.18	
5437.91	5428.1	5437.91	5428.1	5437.91	
5431.37	5428.1	5431.37	5428.1	5431.37	
5428.1	5437.91	5428.1	5437.91	5428.1	
5424.84	5428.1	5424.84	5428.1	5424.84	
5421.57	5447.71	5421.57	5447.71	5421.57	
5437.91	5437.91	5437.91	5437.91	5437.91	
5421.57	5434.64	5421.57	5434.64	5421.57	
5450.98	5437.91	5450.98	5437.91	5450.98	
5431.37	5434.64	5431.37	5434.64	5431.37	
5444.44	5437.91	5444.44	5437.91	5444.44	
5437.91	5431.37	5437.91	5431.37	5437.91	
5437.91	5441.18	5437.91	5441.18	5437.91	
5447.71	5447.71	5447.71	5447.71	5447.71	
5441.18	5450.98	5441.18	5450.98	5441.18	
5431.37	5437.91	5431.37	5437.91	5431.37	
5437.91	5437.91	5437.91	5437.91	5437.91	
5444.44	5424.84	5444.44	5424.84	5444.44	
5437.91	5428.1	5437.91	5428.1	5437.91	
5434.64	5437.91	5434.64	5437.91	5434.64	
5434.64	5428.1	5434.64	5428.1	5434.64	
5434.64	5444.44	5434.64	5444.44	5434.64	
5441.18	5434.64	5441.18	5434.64	5441.18	
5444.44	5441.18	5444.44	5441.18	5444.44	
5441.18	5437.91	5441.18	5437.91	5441.18	
5431.37	5431.37	5431.37	5431.37	5431.37	
5431.37	5431.37	5431.37	5431.37	5431.37	
5434.64	5454.25	5434.64	5454.25	5434.64	
5434.64	5431.37	5434.64	5431.37	5434.64	
5454.25	5434.64	5454.25	5434.64	5454.25	
5441.18	5431.37	5441.18	5431.37	5441.18	
5428.1	5428.1	5428.1	5428.1	5428.1	
5431.37	5444.44	5431.37	5444.44	5431.37	
5428.1	5437.91	5428.1	5437.91	5428.1	
5444.44	5431.37	5444.44	5431.37	5444.44	
5434.64	5437.91	5434.64	5437.91	5434.64	
5431.37	5441.18	5431.37	5441.18	5431.37	
5424.84	5444.44	5424.84	5444.44	5424.84	
5434.64	5441.18	5434.64	5441.18	5434.64	
5431.37	5450.98	5431.37	5450.98	5431.37	
5428.1	5434.64	5428.1	5434.64	5428.1	
5431.37	5444.44	5431.37	5444.44	5431.37	
5437.91	5444.44	5437.91	5444.44	5437.91	
5428.1	5434.64	5428.1	5434.64	5428.1	
5437.91	5437.91	5437.91	5437.91	5437.91	
5444.44	5424.84	5444.44	5424.84	5444.44	
5444.44	5431.37	5444.44	5431.37	5444.44	
5441.18	5424.84	5441.18	5424.84	5441.18	
5431.37	5444.44	5431.37	5444.44	5431.37	
5434.64	5444.44	5434.64	5444.44	5434.64	
5428.1	5437.91	5428.1	5437.91	5428.1	
5415.03	5444.44	5415.03	5444.44	5415.03	
5431.37	5437.91	5431.37	5437.91	5431.37	
5444.44	5428.1	5444.44	5428.1	5444.44	
5441.18	5437.91	5441.18	5437.91	5441.18	
5447.71	5444.44	5447.71	5444.44	5447.71	
5444.44	5431.37	5444.44	5431.37	5444.44	
5431.37	5441.18	5431.37	5441.18	5431.37	
5441.18	5431.37	5441.18	5431.37	5441.18	
5437.91	5457.52	5437.91	5457.52	5437.91	
5437.91	5428.1	5437.91	5428.1	5437.91	
5441.18	5444.44	5441.18	5444.44	5441.18	
5424.84	5431.37	5424.84	5431.37	5424.84	
5437.91	5431.37	5437.91	5431.37	5437.91	
5441.18	5444.44	5441.18	5444.44	5441.18	
5437.91	5431.37	5437.91	5431.37	5437.91	
5437.91	5434.64	5437.91	5434.64	5437.91	
5441.18	5434.64	5441.18	5434.64	5441.18	
5428.1	5424.84	5428.1	5424.84	5428.1	
5428.1	5437.91	5428.1	5437.91	5428.1	
5444.44	5441.18	5444.44	5441.18	5444.44	
5437.91	5447.71	5437.91	5447.71	5437.91	
5431.37	5431.37	5431.37	5431.37	5431.37	
5431.37	5444.44	5431.37	5444.44	5431.37	
5441.18	5441.18	5441.18	5441.18	5441.18	
5437.91	5428.1	5437.91	5428.1	5437.91	
5444.44	5434.64	5444.44	5434.64	5444.44	
5431.37	5437.91	5431.37	5437.91	5431.37	
5434.64	5444.44	5434.64	5444.44	5434.64	
5434.64	5437.91	5434.64	5437.91	5434.64	
5424.84	5437.91	5424.84	5437.91	5424.84	
5428.1	5434.64	5428.1	5434.64	5428.1	
5441.18	5437.91	5441.18	5437.91	5441.18	
5444.44	5437.91	5444.44	5437.91	5444.44	
5457.52	5450.98	5457.52	5450.98	5457.52	
5428.1	5431.37	5428.1	5431.37	5428.1	
5424.84	5447.71	5424.84	5447.71	5424.84	
5450.98	5437.91	5450.98	5437.91	5450.98	
5431.37	5437.91	5431.37	5437.91	5431.37	
5428.1	5444.44	5428.1	5444.44	5428.1	
5437.91	5441.18	5437.91	5441.18	5437.91	
5431.37	5437.91	5431.37	5437.91	5431.37	
5441.18	5424.84	5441.18	5424.84	5441.18	
5441.18	5441.18	5441.18	5441.18	5441.18	
5434.64	5441.18	5434.64	5441.18	5434.64	
5431.37	5431.37	5431.37	5431.37	5431.37	
5431.37	5437.91	5431.37	5437.91	5431.37	
5444.44	5421.57	5444.44	5421.57	5444.44	
5437.91	5424.84	5437.91	5424.84	5437.91	
5441.18	5444.44	5441.18	5444.44	5441.18	
5421.57	5434.64	5421.57	5434.64	5421.57	
5444.44	5444.44	5444.44	5444.44	5444.44	
5434.64	5428.1	5434.64	5428.1	5434.64	
5431.37	5434.64	5431.37	5434.64	5431.37	
5434.64	5424.84	5434.64	5424.84	5434.64	
5424.84	5418.3	5424.84	5418.3	5424.84	
5434.64	5431.37	5434.64	5431.37	5434.64	
5437.91	5441.18	5437.91	5441.18	5437.91	
5421.57	5441.18	5421.57	5441.18	5421.57	
5428.1	5434.64	5428.1	5434.64	5428.1	
5437.91	5434.64	5437.91	5434.64	5437.91	
5441.18	5424.84	5441.18	5424.84	5441.18	
5428.1	5428.1	5428.1	5428.1	5428.1	
5431.37	5424.84	5431.37	5424.84	5431.37	
5428.1	5441.18	5428.1	5441.18	5428.1	
5441.18	5431.37	5441.18	5431.37	5441.18	
5444.44	5431.37	5444.44	5431.37	5444.44	
5434.64	5437.91	5434.64	5437.91	5434.64	
5434.64	5437.91	5434.64	5437.91	5434.64	
5437.91	5434.64	5437.91	5434.64	5437.91	
5444.44	5444.44	5444.44	5444.44	5444.44	
5437.91	5434.64	5437.91	5434.64	5437.91	
5437.91	5450.98	5437.91	5450.98	5437.91	
5434.64	5431.37	5434.64	5431.37	5434.64	
5434.64	5447.71	5434.64	5447.71	5434.64	
5441.18	5444.44	5441.18	5444.44	5441.18	
5444.44	5447.71	5444.44	5447.71	5444.44	
5428.1	5431.37	5428.1	5431.37	5428.1	
5431.37	5431.37	5431.37	5431.37	5431.37	
5447.71	5428.1	5447.71	5428.1	5447.71	
5441.18	5428.1	5441.18	5428.1	5441.18	
5447.71	5424.84	5447.71	5424.84	5447.71	
5437.91	5437.91	5437.91	5437.91	5437.91	
5450.98	5441.18	5450.98	5441.18	5450.98	
5441.18	5444.44	5441.18	5444.44	5441.18	
5437.91	5434.64	5437.91	5434.64	5437.91	
5434.64	5441.18	5434.64	5441.18	5434.64	
5441.18	5431.37	5441.18	5431.37	5441.18	
5431.37	5428.1	5431.37	5428.1	5431.37	
5431.37	5447.71	5431.37	5447.71	5431.37	
5428.1	5434.64	5428.1	5434.64	5428.1	
5441.18	5441.18	5441.18	5441.18	5441.18	
5437.91	5437.91	5437.91	5437.91	5437.91	
5437.91	5441.18	5437.91	5441.18	5437.91	
5434.64	5434.64	5434.64	5434.64	5434.64	
5437.91	5454.25	5437.91	5454.25	5437.91	
5434.64	5441.18	5434.64	5441.18	5434.64	
5428.1	5434.64	5428.1	5434.64	5428.1	
5431.37	5424.84	5431.37	5424.84	5431.37	
5428.1	5434.64	5428.1	5434.64	5428.1	
5437.91	5444.44	5437.91	5444.44	5437.91	
5437.91	5437.91	5437.91	5437.91	5437.91	
5428.1	5441.18	5428.1	5441.18	5428.1	
5441.18	5428.1	5441.18	5428.1	5441.18	
5434.64	5421.57	5434.64	5421.57	5434.64	
5431.37	5431.37	5431.37	5431.37	5431.37	
5441.18	5428.1	5441.18	5428.1	5441.18	
5444.44	5428.1	5444.44	5428.1	5444.44	
5444.44	5460.78	5444.44	5460.78	5444.44	
5480.39	5483.66	5480.39	5483.66	5480.39	
5437.91	5437.91	5437.91	5437.91	5437.91	
5434.64	5437.91	5434.64	5437.91	5434.64	
5428.1	5434.64	5428.1	5434.64	5428.1	
5431.37	5437.91	5431.37	5437.91	5431.37	
5434.64	5441.18	5434.64	5441.18	5434.64	
5441.18	5431.37	5441.18	5431.37	5441.18	
5431.37	5434.64	5431.37	5434.64	5431.37	
5434.64	5421.57	5434.64	5421.57	5434.64	
5428.1	5418.3	5428.1	5418.3	5428.1	
5434.64	5434.64	5434.64	5434.64	5434.64	
5437.91	5431.37	5437.91	5431.37	5437.91	
5431.37	5444.44	5431.37	5444.44	5431.37	
5437.91	5450.98	5437.91	5450.98	5437.91	
5437.91	5424.84	5437.91	5424.84	5437.91	
5454.25	5444.44	5454.25	5444.44	5454.25	
5415.03	5424.84	5415.03	5424.84	5415.03	
5437.91	5437.91	5437.91	5437.91	5437.91	
5441.18	5424.84	5441.18	5424.84	5441.18	
5428.1	5421.57	5428.1	5421.57	5428.1	
5431.37	5437.91	5431.37	5437.91	5431.37	
5424.84	5418.3	5424.84	5418.3	5424.84	
5424.84	5418.3	5424.84	5418.3	5424.84	
5428.1	5405.23	5428.1	5405.23	5428.1	
5418.3	5411.76	5418.3	5411.76	5418.3	
