3050.91	3040	3050.91	3040	3050.91	
3021.82	3020	3021.82	3020	3021.82	
3020	3014.55	3020	3014.55	3020	
3020	3021.82	3020	3021.82	3020	
3027.27	3030.91	3027.27	3030.91	3027.27	
3025.45	3032.73	3025.45	3032.73	3025.45	
3025.45	3029.09	3025.45	3029.09	3025.45	
3040	3027.27	3040	3027.27	3040	
3032.73	3036.36	3032.73	3036.36	3032.73	
3038.18	3032.73	3038.18	3032.73	3038.18	
3034.55	3032.73	3034.55	3032.73	3034.55	
3032.73	3034.55	3032.73	3034.55	3032.73	
3030.91	3023.64	3030.91	3023.64	3030.91	
3034.55	3023.64	3034.55	3023.64	3034.55	
3032.73	3038.18	3032.73	3038.18	3032.73	
3030.91	3029.09	3030.91	3029.09	3030.91	
3030.91	3023.64	3030.91	3023.64	3030.91	
3047.27	3030.91	3047.27	3030.91	3047.27	
3036.36	3047.27	3036.36	3047.27	3036.36	
3040	3027.27	3040	3027.27	3040	
3034.55	3041.82	3034.55	3041.82	3034.55	
3041.82	3034.55	3041.82	3034.55	3041.82	
3030.91	3036.36	3030.91	3036.36	3030.91	
3029.09	3036.36	3029.09	3036.36	3029.09	
3040	3034.55	3040	3034.55	3040	
3034.55	3040	3034.55	3040	3034.55	
3032.73	3029.09	3032.73	3029.09	3032.73	
3043.64	3034.55	3043.64	3034.55	3043.64	
3040	3041.82	3040	3041.82	3040	
3034.55	3047.27	3034.55	3047.27	3034.55	
3034.55	3038.18	3034.55	3038.18	3034.55	
3032.73	3047.27	3032.73	3047.27	3032.73	
3032.73	3038.18	3032.73	3038.18	3032.73	
3045.45	3029.09	3045.45	3029.09	3045.45	
3034.55	3038.18	3034.55	3038.18	3034.55	
3034.55	3036.36	3034.55	3036.36	3034.55	
3034.55	3038.18	3034.55	3038.18	3034.55	
3027.27	3034.55	3027.27	3034.55	3027.27	
3040	3032.73	3040	3032.73	3040	
3036.36	3045.45	3036.36	3045.45	3036.36	
3040	3032.73	3040	3032.73	3040	
3038.18	3040	3038.18	3040	3038.18	
3041.82	3038.18	3041.82	3038.18	3041.82	
3030.91	3040	3030.91	3040	3030.91	
3027.27	3034.55	3027.27	3034.55	3027.27	
3038.18	3040	3038.18	3040	3038.18	
3036.36	3043.64	3036.36	3043.64	3036.36	
3043.64	3034.55	3043.64	3034.55	3043.64	
3032.73	3038.18	3032.73	3038.18	3032.73	
3034.55	3038.18	3034.55	3038.18	3034.55	
3041.82	3038.18	3041.82	3038.18	3041.82	
3041.82	3038.18	3041.82	3038.18	3041.82	
3045.45	3047.27	3045.45	3047.27	3045.45	
3043.64	3040	3043.64	3040	3043.64	
3038.18	3036.36	3038.18	3036.36	3038.18	
3025.45	3041.82	3025.45	3041.82	3025.45	
3030.91	3041.82	3030.91	3041.82	3030.91	
3032.73	3032.73	3032.73	3032.73	3032.73	
3045.45	3041.82	3045.45	3041.82	3045.45	
3040	3038.18	3040	3038.18	3040	
3041.82	3045.45	3041.82	3045.45	3041.82	
3041.82	3036.36	3041.82	3036.36	3041.82	
3034.55	3040	3034.55	3040	3034.55	
3043.64	3041.82	3043.64	3041.82	3043.64	
3038.18	3041.82	3038.18	3041.82	3038.18	
3040	3041.82	3040	3041.82	3040	
3036.36	3032.73	3036.36	3032.73	3036.36	
3040	3040	3040	3040	3040	
3029.09	3034.55	3029.09	3034.55	3029.09	
3036.36	3036.36	3036.36	3036.36	3036.36	
3029.09	3032.73	3029.09	3032.73	3029.09	
3030.91	3038.18	3030.91	3038.18	3030.91	
3036.36	3034.55	3036.36	3034.55	3036.36	
3040	3047.27	3040	3047.27	3040	
3040	3034.55	3040	3034.55	3040	
3040	3036.36	3040	3036.36	3040	
3040	3041.82	3040	3041.82	3040	
3034.55	3030.91	3034.55	3030.91	3034.55	
3038.18	3036.36	3038.18	3036.36	3038.18	
3043.64	3038.18	3043.64	3038.18	3043.64	
3032.73	3038.18	3032.73	3038.18	3032.73	
3036.36	3043.64	3036.36	3043.64	3036.36	
3025.45	3038.18	3025.45	3038.18	3025.45	
3040	3049.09	3040	3049.09	3040	
3036.36	3043.64	3036.36	3043.64	3036.36	
3040	3025.45	3040	3025.45	3040	
3034.55	3038.18	3034.55	3038.18	3034.55	
3034.55	3025.45	3034.55	3025.45	3034.55	
3034.55	3027.27	3034.55	3027.27	3034.55	
3027.27	3043.64	3027.27	3043.64	3027.27	
3030.91	3040	3030.91	3040	3030.91	
3032.73	3043.64	3032.73	3043.64	3032.73	
3043.64	3034.55	3043.64	3034.55	3043.64	
3049.09	3027.27	3049.09	3027.27	3049.09	
3032.73	3040	3032.73	3040	3032.73	
3030.91	3041.82	3030.91	3041.82	3030.91	
3043.64	3034.55	3043.64	3034.55	3043.64	
3038.18	3038.18	3038.18	3038.18	3038.18	
3034.55	3041.82	3034.55	3041.82	3034.55	
3034.55	3032.73	3034.55	3032.73	3034.55	
3034.55	3041.82	3034.55	3041.82	3034.55	
3038.18	3040	3038.18	3040	3038.18	
3041.82	3034.55	3041.82	3034.55	3041.82	
3032.73	3034.55	3032.73	3034.55	3032.73	
3040	3047.27	3040	3047.27	3040	
3040	3034.55	3040	3034.55	3040	
3032.73	3034.55	3032.73	3034.55	3032.73	
3034.55	3036.36	3034.55	3036.36	3034.55	
3034.55	3041.82	3034.55	3041.82	3034.55	
3038.18	3038.18	3038.18	3038.18	3038.18	
3030.91	3032.73	3030.91	3032.73	3030.91	
3036.36	3036.36	3036.36	3036.36	3036.36	
3043.64	3040	3043.64	3040	3043.64	
3027.27	3036.36	3027.27	3036.36	3027.27	
3038.18	3045.45	3038.18	3045.45	3038.18	
3041.82	3041.82	3041.82	3041.82	3041.82	
3030.91	3036.36	3030.91	3036.36	3030.91	
3040	3029.09	3040	3029.09	3040	
3032.73	3045.45	3032.73	3045.45	3032.73	
3036.36	3034.55	3036.36	3034.55	3036.36	
3023.64	3027.27	3023.64	3027.27	3023.64	
3032.73	3043.64	3032.73	3043.64	3032.73	
3043.64	3029.09	3043.64	3029.09	3043.64	
3049.09	3043.64	3049.09	3043.64	3049.09	
3034.55	3036.36	3034.55	3036.36	3034.55	
3040	3041.82	3040	3041.82	3040	
3027.27	3034.55	3027.27	3034.55	3027.27	
3034.55	3040	3034.55	3040	3034.55	
3032.73	3032.73	3032.73	3032.73	3032.73	
3040	3040	3040	3040	3040	
3032.73	3043.64	3032.73	3043.64	3032.73	
3038.18	3034.55	3038.18	3034.55	3038.18	
3036.36	3034.55	3036.36	3034.55	3036.36	
3038.18	3038.18	3038.18	3038.18	3038.18	
3036.36	3047.27	3036.36	3047.27	3036.36	
3040	3036.36	3040	3036.36	3040	
3032.73	3040	3032.73	3040	3032.73	
3040	3032.73	3040	3032.73	3040	
3036.36	3027.27	3036.36	3027.27	3036.36	
3036.36	3032.73	3036.36	3032.73	3036.36	
3032.73	3038.18	3032.73	3038.18	3032.73	
3032.73	3043.64	3032.73	3043.64	3032.73	
3030.91	3034.55	3030.91	3034.55	3030.91	
3032.73	3038.18	3032.73	3038.18	3032.73	
3041.82	3041.82	3041.82	3041.82	3041.82	
3027.27	3041.82	3027.27	3041.82	3027.27	
3032.73	3038.18	3032.73	3038.18	3032.73	
3041.82	3038.18	3041.82	3038.18	3041.82	
3038.18	3040	3038.18	3040	3038.18	
3030.91	3040	3030.91	3040	3030.91	
3038.18	3030.91	3038.18	3030.91	3038.18	
3040	3036.36	3040	3036.36	3040	
3038.18	3036.36	3038.18	3036.36	3038.18	
3041.82	3036.36	3041.82	3036.36	3041.82	
3036.36	3034.55	3036.36	3034.55	3036.36	
3041.82	3036.36	3041.82	3036.36	3041.82	
3023.64	3038.18	3023.64	3038.18	3023.64	
3032.73	3036.36	3032.73	3036.36	3032.73	
3036.36	3038.18	3036.36	3038.18	3036.36	
3025.45	3036.36	3025.45	3036.36	3025.45	
3029.09	3032.73	3029.09	3032.73	3029.09	
3029.09	3030.91	3029.09	3030.91	3029.09	
3040	3038.18	3040	3038.18	3040	
3034.55	3040	3034.55	3040	3034.55	
3041.82	3043.64	3041.82	3043.64	3041.82	
3034.55	3045.45	3034.55	3045.45	3034.55	
3040	3036.36	3040	3036.36	3040	
3040	3030.91	3040	3030.91	3040	
3041.82	3043.64	3041.82	3043.64	3041.82	
3023.64	3029.09	3023.64	3029.09	3023.64	
3040	3032.73	3040	3032.73	3040	
3027.27	3038.18	3027.27	3038.18	3027.27	
3034.55	3032.73	3034.55	3032.73	3034.55	
3038.18	3032.73	3038.18	3032.73	3038.18	
3034.55	3032.73	3034.55	3032.73	3034.55	
3036.36	3034.55	3036.36	3034.55	3036.36	
3027.27	3038.18	3027.27	3038.18	3027.27	
3040	3040	3040	3040	3040	
3041.82	3034.55	3041.82	3034.55	3041.82	
3030.91	3036.36	3030.91	3036.36	3030.91	
3034.55	3040	3034.55	3040	3034.55	
3036.36	3036.36	3036.36	3036.36	3036.36	
3034.55	3040	3034.55	3040	3034.55	
3036.36	3034.55	3036.36	3034.55	3036.36	
3029.09	3032.73	3029.09	3032.73	3029.09	
3034.55	3047.27	3034.55	3047.27	3034.55	
3034.55	3038.18	3034.55	3038.18	3034.55	
3038.18	3036.36	3038.18	3036.36	3038.18	
3021.82	3038.18	3021.82	3038.18	3021.82	
3034.55	3030.91	3034.55	3030.91	3034.55	
3034.55	3029.09	3034.55	3029.09	3034.55	
3034.55	3038.18	3034.55	3038.18	3034.55	
3040	3040	3040	3040	3040	
3030.91	3032.73	3030.91	3032.73	3030.91	
3029.09	3029.09	3029.09	3029.09	3029.09	
3036.36	3032.73	3036.36	3032.73	3036.36	
3041.82	3038.18	3041.82	3038.18	3041.82	
3038.18	3041.82	3038.18	3041.82	3038.18	
3043.64	3030.91	3043.64	3030.91	3043.64	
3034.55	3034.55	3034.55	3034.55	3034.55	
3041.82	3032.73	3041.82	3032.73	3041.82	
3032.73	3036.36	3032.73	3036.36	3032.73	
3038.18	3036.36	3038.18	3036.36	3038.18	
3047.27	3036.36	3047.27	3036.36	3047.27	
3040	3038.18	3040	3038.18	3040	
3034.55	3030.91	3034.55	3030.91	3034.55	
3034.55	3034.55	3034.55	3034.55	3034.55	
3032.73	3040	3032.73	3040	3032.73	
3034.55	3032.73	3034.55	3032.73	3034.55	
3034.55	3038.18	3034.55	3038.18	3034.55	
3040	3032.73	3040	3032.73	3040	
3040	3043.64	3040	3043.64	3040	
3029.09	3032.73	3029.09	3032.73	3029.09	
3034.55	3030.91	3034.55	3030.91	3034.55	
3041.82	3030.91	3041.82	3030.91	3041.82	
3034.55	3038.18	3034.55	3038.18	3034.55	
3030.91	3036.36	3030.91	3036.36	3030.91	
3029.09	3040	3029.09	3040	3029.09	
3030.91	3041.82	3030.91	3041.82	3030.91	
3041.82	3036.36	3041.82	3036.36	3041.82	
3036.36	3029.09	3036.36	3029.09	3036.36	
3036.36	3034.55	3036.36	3034.55	3036.36	
3040	3038.18	3040	3038.18	3040	
3030.91	3032.73	3030.91	3032.73	3030.91	
3038.18	3040	3038.18	3040	3038.18	
3032.73	3030.91	3032.73	3030.91	3032.73	
3034.55	3034.55	3034.55	3034.55	3034.55	
3032.73	3038.18	3032.73	3038.18	3032.73	
3038.18	3027.27	3038.18	3027.27	3038.18	
3030.91	3040	3030.91	3040	3030.91	
3041.82	3038.18	3041.82	3038.18	3041.82	
3036.36	3040	3036.36	3040	3036.36	
3034.55	3043.64	3034.55	3043.64	3034.55	
3029.09	3030.91	3029.09	3030.91	3029.09	
3029.09	3038.18	3029.09	3038.18	3029.09	
3036.36	3038.18	3036.36	3038.18	3036.36	
3038.18	3040	3038.18	3040	3038.18	
3027.27	3041.82	3027.27	3041.82	3027.27	
3030.91	3043.64	3030.91	3043.64	3030.91	
3036.36	3029.09	3036.36	3029.09	3036.36	
3029.09	3034.55	3029.09	3034.55	3029.09	
3043.64	3038.18	3043.64	3038.18	3043.64	
3032.73	3032.73	3032.73	3032.73	3032.73	
3038.18	3040	3038.18	3040	3038.18	
3029.09	3030.91	3029.09	3030.91	3029.09	
3030.91	3038.18	3030.91	3038.18	3030.91	
3034.55	3034.55	3034.55	3034.55	3034.55	
3041.82	3036.36	3041.82	3036.36	3041.82	
3030.91	3032.73	3030.91	3032.73	3030.91	
3034.55	3032.73	3034.55	3032.73	3034.55	
3034.55	3040	3034.55	3040	3034.55	
3038.18	3032.73	3038.18	3032.73	3038.18	
3040	3038.18	3040	3038.18	3040	
3030.91	3036.36	3030.91	3036.36	3030.91	
3030.91	3029.09	3030.91	3029.09	3030.91	
3041.82	3038.18	3041.82	3038.18	3041.82	
3040	3032.73	3040	3032.73	3040	
3029.09	3032.73	3029.09	3032.73	3029.09	
3041.82	3032.73	3041.82	3032.73	3041.82	
3036.36	3041.82	3036.36	3041.82	3036.36	
3029.09	3038.18	3029.09	3038.18	3029.09	
3036.36	3038.18	3036.36	3038.18	3036.36	
3041.82	3043.64	3041.82	3043.64	3041.82	
3032.73	3041.82	3032.73	3041.82	3032.73	
3040	3030.91	3040	3030.91	3040	
3032.73	3030.91	3032.73	3030.91	3032.73	
3038.18	3032.73	3038.18	3032.73	3038.18	
3036.36	3036.36	3036.36	3036.36	3036.36	
3034.55	3030.91	3034.55	3030.91	3034.55	
3032.73	3038.18	3032.73	3038.18	3032.73	
3036.36	3030.91	3036.36	3030.91	3036.36	
3040	3030.91	3040	3030.91	3040	
3036.36	3036.36	3036.36	3036.36	3036.36	
3029.09	3049.09	3029.09	3049.09	3029.09	
3036.36	3036.36	3036.36	3036.36	3036.36	
3032.73	3034.55	3032.73	3034.55	3032.73	
3036.36	3032.73	3036.36	3032.73	3036.36	
3036.36	3032.73	3036.36	3032.73	3036.36	
3036.36	3036.36	3036.36	3036.36	3036.36	
3030.91	3038.18	3030.91	3038.18	3030.91	
3036.36	3038.18	3036.36	3038.18	3036.36	
3036.36	3036.36	3036.36	3036.36	3036.36	
3045.45	3043.64	3045.45	3043.64	3045.45	
3032.73	3040	3032.73	3040	3032.73	
3038.18	3034.55	3038.18	3034.55	3038.18	
3034.55	3032.73	3034.55	3032.73	3034.55	
3030.91	3041.82	3030.91	3041.82	3030.91	
3032.73	3040	3032.73	3040	3032.73	
3038.18	3034.55	3038.18	3034.55	3038.18	
3030.91	3038.18	3030.91	3038.18	3030.91	
3030.91	3025.45	3030.91	3025.45	3030.91	
3036.36	3034.55	3036.36	3034.55	3036.36	
3038.18	3036.36	3038.18	3036.36	3038.18	
3032.73	3030.91	3032.73	3030.91	3032.73	
3040	3036.36	3040	3036.36	3040	
3030.91	3034.55	3030.91	3034.55	3030.91	
3036.36	3038.18	3036.36	3038.18	3036.36	
3036.36	3041.82	3036.36	3041.82	3036.36	
3027.27	3036.36	3027.27	3036.36	3027.27	
3030.91	3036.36	3030.91	3036.36	3030.91	
3030.91	3029.09	3030.91	3029.09	3030.91	
3036.36	3032.73	3036.36	3032.73	3036.36	
3038.18	3034.55	3038.18	3034.55	3038.18	
3032.73	3040	3032.73	3040	3032.73	
3040	3038.18	3040	3038.18	3040	
3023.64	3040	3023.64	3040	3023.64	
3034.55	3034.55	3034.55	3034.55	3034.55	
3032.73	3041.82	3032.73	3041.82	3032.73	
3038.18	3038.18	3038.18	3038.18	3038.18	
3036.36	3029.09	3036.36	3029.09	3036.36	
3036.36	3029.09	3036.36	3029.09	3036.36	
3040	3029.09	3040	3029.09	3040	
3027.27	3030.91	3027.27	3030.91	3027.27	
3032.73	3040	3032.73	3040	3032.73	
3030.91	3043.64	3030.91	3043.64	3030.91	
3040	3040	3040	3040	3040	
3027.27	3032.73	3027.27	3032.73	3027.27	
3025.45	3032.73	3025.45	3032.73	3025.45	
3030.91	3036.36	3030.91	3036.36	3030.91	
3030.91	3032.73	3030.91	3032.73	3030.91	
3029.09	3034.55	3029.09	3034.55	3029.09	
3034.55	3036.36	3034.55	3036.36	3034.55	
3029.09	3036.36	3029.09	3036.36	3029.09	
3038.18	3030.91	3038.18	3030.91	3038.18	
3036.36	3041.82	3036.36	3041.82	3036.36	
3032.73	3027.27	3032.73	3027.27	3032.73	
3036.36	3030.91	3036.36	3030.91	3036.36	
3027.27	3041.82	3027.27	3041.82	3027.27	
3036.36	3034.55	3036.36	3034.55	3036.36	
3038.18	3030.91	3038.18	3030.91	3038.18	
3040	3040	3040	3040	3040	
3027.27	3029.09	3027.27	3029.09	3027.27	
3034.55	3040	3034.55	3040	3034.55	
3043.64	3029.09	3043.64	3029.09	3043.64	
3034.55	3034.55	3034.55	3034.55	3034.55	
3038.18	3029.09	3038.18	3029.09	3038.18	
3032.73	3038.18	3032.73	3038.18	3032.73	
3025.45	3038.18	3025.45	3038.18	3025.45	
3027.27	3038.18	3027.27	3038.18	3027.27	
3030.91	3030.91	3030.91	3030.91	3030.91	
3030.91	3029.09	3030.91	3029.09	3030.91	
3032.73	3032.73	3032.73	3032.73	3032.73	
3030.91	3034.55	3030.91	3034.55	3030.91	
3032.73	3034.55	3032.73	3034.55	3032.73	
3041.82	3040	3041.82	3040	3041.82	
3034.55	3023.64	3034.55	3023.64	3034.55	
3034.55	3040	3034.55	3040	3034.55	
3032.73	3038.18	3032.73	3038.18	3032.73	
3032.73	3030.91	3032.73	3030.91	3032.73	
3030.91	3034.55	3030.91	3034.55	3030.91	
3030.91	3027.27	3030.91	3027.27	3030.91	
3036.36	3032.73	3036.36	3032.73	3036.36	
3032.73	3034.55	3032.73	3034.55	3032.73	
3025.45	3041.82	3025.45	3041.82	3025.45	
3036.36	3038.18	3036.36	3038.18	3036.36	
3036.36	3040	3036.36	3040	3036.36	
3030.91	3045.45	3030.91	3045.45	3030.91	
3034.55	3032.73	3034.55	3032.73	3034.55	
3038.18	3025.45	3038.18	3025.45	3038.18	
3038.18	3045.45	3038.18	3045.45	3038.18	
3023.64	3040	3023.64	3040	3023.64	
3034.55	3032.73	3034.55	3032.73	3034.55	
3036.36	3036.36	3036.36	3036.36	3036.36	
3032.73	3045.45	3032.73	3045.45	3032.73	
3032.73	3032.73	3032.73	3032.73	3032.73	
3034.55	3043.64	3034.55	3043.64	3034.55	
3034.55	3034.55	3034.55	3034.55	3034.55	
3025.45	3036.36	3025.45	3036.36	3025.45	
3036.36	3038.18	3036.36	3038.18	3036.36	
3040	3036.36	3040	3036.36	3040	
3038.18	3038.18	3038.18	3038.18	3038.18	
3032.73	3034.55	3032.73	3034.55	3032.73	
3030.91	3034.55	3030.91	3034.55	3030.91	
3032.73	3038.18	3032.73	3038.18	3032.73	
3030.91	3038.18	3030.91	3038.18	3030.91	
3038.18	3041.82	3038.18	3041.82	3038.18	
3032.73	3032.73	3032.73	3032.73	3032.73	
3038.18	3040	3038.18	3040	3038.18	
3038.18	3040	3038.18	3040	3038.18	
3032.73	3038.18	3032.73	3038.18	3032.73	
3040	3041.82	3040	3041.82	3040	
3034.55	3040	3034.55	3040	3034.55	
3036.36	3040	3036.36	3040	3036.36	
3040	3047.27	3040	3047.27	3040	
3030.91	3034.55	3030.91	3034.55	3030.91	
3032.73	3030.91	3032.73	3030.91	3032.73	
3041.82	3038.18	3041.82	3038.18	3041.82	
3034.55	3034.55	3034.55	3034.55	3034.55	
3034.55	3027.27	3034.55	3027.27	3034.55	
3032.73	3030.91	3032.73	3030.91	3032.73	
3029.09	3032.73	3029.09	3032.73	3029.09	
3040	3036.36	3040	3036.36	3040	
3030.91	3040	3030.91	3040	3030.91	
3038.18	3032.73	3038.18	3032.73	3038.18	
3040	3034.55	3040	3034.55	3040	
3041.82	3032.73	3041.82	3032.73	3041.82	
3032.73	3038.18	3032.73	3038.18	3032.73	
3027.27	3041.82	3027.27	3041.82	3027.27	
3040	3041.82	3040	3041.82	3040	
3041.82	3040	3041.82	3040	3041.82	
3040	3043.64	3040	3043.64	3040	
3038.18	3029.09	3038.18	3029.09	3038.18	
3030.91	3040	3030.91	3040	3030.91	
3041.82	3041.82	3041.82	3041.82	3041.82	
3040	3032.73	3040	3032.73	3040	
3036.36	3034.55	3036.36	3034.55	3036.36	
3036.36	3038.18	3036.36	3038.18	3036.36	
3038.18	3034.55	3038.18	3034.55	3038.18	
3040	3038.18	3040	3038.18	3040	
3036.36	3034.55	3036.36	3034.55	3036.36	
3029.09	3036.36	3029.09	3036.36	3029.09	
3036.36	3029.09	3036.36	3029.09	3036.36	
3036.36	3040	3036.36	3040	3036.36	
3032.73	3040	3032.73	3040	3032.73	
3038.18	3041.82	3038.18	3041.82	3038.18	
3029.09	3032.73	3029.09	3032.73	3029.09	
3032.73	3038.18	3032.73	3038.18	3032.73	
3029.09	3021.82	3029.09	3021.82	3029.09	
3038.18	3034.55	3038.18	3034.55	3038.18	
3030.91	3036.36	3030.91	3036.36	3030.91	
3034.55	3030.91	3034.55	3030.91	3034.55	
3036.36	3036.36	3036.36	3036.36	3036.36	
3032.73	3038.18	3032.73	3038.18	3032.73	
3041.82	3040	3041.82	3040	3041.82	
3021.82	3030.91	3021.82	3030.91	3021.82	
3029.09	3040	3029.09	3040	3029.09	
3040	3041.82	3040	3041.82	3040	
3023.64	3032.73	3023.64	3032.73	3023.64	
3032.73	3036.36	3032.73	3036.36	3032.73	
3036.36	3040	3036.36	3040	3036.36	
3032.73	3032.73	3032.73	3032.73	3032.73	
3025.45	3038.18	3025.45	3038.18	3025.45	
3040	3032.73	3040	3032.73	3040	
3038.18	3038.18	3038.18	3038.18	3038.18	
3040	3040	3040	3040	3040	
3027.27	3032.73	3027.27	3032.73	3027.27	
3030.91	3034.55	3030.91	3034.55	3030.91	
3030.91	3038.18	3030.91	3038.18	3030.91	
3034.55	3036.36	3034.55	3036.36	3034.55	
3036.36	3029.09	3036.36	3029.09	3036.36	
3032.73	3032.73	3032.73	3032.73	3032.73	
3034.55	3038.18	3034.55	3038.18	3034.55	
3032.73	3027.27	3032.73	3027.27	3032.73	
3034.55	3029.09	3034.55	3029.09	3034.55	
3032.73	3036.36	3032.73	3036.36	3032.73	
3038.18	3029.09	3038.18	3029.09	3038.18	
3040	3027.27	3040	3027.27	3040	
3032.73	3043.64	3032.73	3043.64	3032.73	
3036.36	3034.55	3036.36	3034.55	3036.36	
3040	3029.09	3040	3029.09	3040	
3025.45	3032.73	3025.45	3032.73	3025.45	
3041.82	3030.91	3041.82	3030.91	3041.82	
3032.73	3041.82	3032.73	3041.82	3032.73	
3034.55	3034.55	3034.55	3034.55	3034.55	
3040	3025.45	3040	3025.45	3040	
3027.27	3029.09	3027.27	3029.09	3027.27	
3041.82	3040	3041.82	3040	3041.82	
3029.09	3043.64	3029.09	3043.64	3029.09	
3036.36	3041.82	3036.36	3041.82	3036.36	
3032.73	3036.36	3032.73	3036.36	3032.73	
3030.91	3038.18	3030.91	3038.18	3030.91	
3038.18	3029.09	3038.18	3029.09	3038.18	
3040	3043.64	3040	3043.64	3040	
3038.18	3038.18	3038.18	3038.18	3038.18	
3050.91	3045.45	3050.91	3045.45	3050.91	
3043.64	3038.18	3043.64	3038.18	3043.64	
3040	3034.55	3040	3034.55	3040	
3036.36	3027.27	3036.36	3027.27	3036.36	
3041.82	3032.73	3041.82	3032.73	3041.82	
3040	3034.55	3040	3034.55	3040	
3029.09	3030.91	3029.09	3030.91	3029.09	
3040	3032.73	3040	3032.73	3040	
3034.55	3032.73	3034.55	3032.73	3034.55	
3034.55	3034.55	3034.55	3034.55	3034.55	
3041.82	3036.36	3041.82	3036.36	3041.82	
3027.27	3034.55	3027.27	3034.55	3027.27	
3030.91	3038.18	3030.91	3038.18	3030.91	
3034.55	3038.18	3034.55	3038.18	3034.55	
3036.36	3043.64	3036.36	3043.64	3036.36	
3034.55	3032.73	3034.55	3032.73	3034.55	
3027.27	3041.82	3027.27	3041.82	3027.27	
3027.27	3036.36	3027.27	3036.36	3027.27	
3036.36	3036.36	3036.36	3036.36	3036.36	
3040	3032.73	3040	3032.73	3040	
3034.55	3040	3034.55	3040	3034.55	
3030.91	3032.73	3030.91	3032.73	3030.91	
3038.18	3036.36	3038.18	3036.36	3038.18	
3036.36	3040	3036.36	3040	3036.36	
3032.73	3036.36	3032.73	3036.36	3032.73	
3036.36	3045.45	3036.36	3045.45	3036.36	
3030.91	3029.09	3030.91	3029.09	3030.91	
3036.36	3045.45	3036.36	3045.45	3036.36	
3029.09	3036.36	3029.09	3036.36	3029.09	
3032.73	3038.18	3032.73	3038.18	3032.73	
3029.09	3034.55	3029.09	3034.55	3029.09	
3034.55	3034.55	3034.55	3034.55	3034.55	
3030.91	3032.73	3030.91	3032.73	3030.91	
3027.27	3034.55	3027.27	3034.55	3027.27	
3027.27	3034.55	3027.27	3034.55	3027.27	
3030.91	3034.55	3030.91	3034.55	3030.91	
3027.27	3030.91	3027.27	3030.91	3027.27	
3036.36	3029.09	3036.36	3029.09	3036.36	
3029.09	3032.73	3029.09	3032.73	3029.09	
3034.55	3034.55	3034.55	3034.55	3034.55	
3027.27	3038.18	3027.27	3038.18	3027.27	
3027.27	3038.18	3027.27	3038.18	3027.27	
3034.55	3045.45	3034.55	3045.45	3034.55	
3032.73	3040	3032.73	3040	3032.73	
3030.91	3032.73	3030.91	3032.73	3030.91	
3025.45	3036.36	3025.45	3036.36	3025.45	
3043.64	3038.18	3043.64	3038.18	3043.64	
3034.55	3030.91	3034.55	3030.91	3034.55	
3030.91	3032.73	3030.91	3032.73	3030.91	
3032.73	3040	3032.73	3040	3032.73	
3030.91	3040	3030.91	3040	3030.91	
3040	3034.55	3040	3034.55	3040	
3032.73	3036.36	3032.73	3036.36	3032.73	
3030.91	3032.73	3030.91	3032.73	3030.91	
3034.55	3034.55	3034.55	3034.55	3034.55	
3029.09	3038.18	3029.09	3038.18	3029.09	
3025.45	3030.91	3025.45	3030.91	3025.45	
3027.27	3034.55	3027.27	3034.55	3027.27	
3030.91	3030.91	3030.91	3030.91	3030.91	
3030.91	3029.09	3030.91	3029.09	3030.91	
3032.73	3032.73	3032.73	3032.73	3032.73	
3032.73	3038.18	3032.73	3038.18	3032.73	
3034.55	3032.73	3034.55	3032.73	3034.55	
3038.18	3038.18	3038.18	3038.18	3038.18	
3036.36	3036.36	3036.36	3036.36	3036.36	
3036.36	3027.27	3036.36	3027.27	3036.36	
3023.64	3027.27	3023.64	3027.27	3023.64	
3029.09	3034.55	3029.09	3034.55	3029.09	
3029.09	3032.73	3029.09	3032.73	3029.09	
3038.18	3036.36	3038.18	3036.36	3038.18	
3032.73	3034.55	3032.73	3034.55	3032.73	
3038.18	3027.27	3038.18	3027.27	3038.18	
3030.91	3040	3030.91	3040	3030.91	
3041.82	3034.55	3041.82	3034.55	3041.82	
3018.18	3030.91	3018.18	3030.91	3018.18	
3029.09	3032.73	3029.09	3032.73	3029.09	
3027.27	3032.73	3027.27	3032.73	3027.27	
3027.27	3023.64	3027.27	3023.64	3027.27	
3034.55	3027.27	3034.55	3027.27	3034.55	
3030.91	3034.55	3030.91	3034.55	3030.91	
3032.73	3034.55	3032.73	3034.55	3032.73	
3030.91	3023.64	3030.91	3023.64	3030.91	
3040	3040	3040	3040	3040	
3041.82	3036.36	3041.82	3036.36	3041.82	
3043.64	3032.73	3043.64	3032.73	3043.64	
3041.82	3032.73	3041.82	3032.73	3041.82	
3041.82	3041.82	3041.82	3041.82	3041.82	
3036.36	3034.55	3036.36	3034.55	3036.36	
3034.55	3030.91	3034.55	3030.91	3034.55	
3036.36	3034.55	3036.36	3034.55	3036.36	
3047.27	3034.55	3047.27	3034.55	3047.27	
3036.36	3040	3036.36	3040	3036.36	
3030.91	3036.36	3030.91	3036.36	3030.91	
3041.82	3027.27	3041.82	3027.27	3041.82	
3025.45	3038.18	3025.45	3038.18	3025.45	
3041.82	3034.55	3041.82	3034.55	3041.82	
3032.73	3032.73	3032.73	3032.73	3032.73	
3029.09	3040	3029.09	3040	3029.09	
3038.18	3036.36	3038.18	3036.36	3038.18	
3032.73	3040	3032.73	3040	3032.73	
3038.18	3032.73	3038.18	3032.73	3038.18	
3040	3038.18	3040	3038.18	3040	
3030.91	3040	3030.91	3040	3030.91	
3032.73	3034.55	3032.73	3034.55	3032.73	
3032.73	3041.82	3032.73	3041.82	3032.73	
3032.73	3038.18	3032.73	3038.18	3032.73	
3032.73	3029.09	3032.73	3029.09	3032.73	
3032.73	3034.55	3032.73	3034.55	3032.73	
3023.64	3036.36	3023.64	3036.36	3023.64	
3034.55	3038.18	3034.55	3038.18	3034.55	
3034.55	3034.55	3034.55	3034.55	3034.55	
3036.36	3030.91	3036.36	3030.91	3036.36	
3030.91	3034.55	3030.91	3034.55	3030.91	
3034.55	3038.18	3034.55	3038.18	3034.55	
3036.36	3032.73	3036.36	3032.73	3036.36	
3032.73	3030.91	3032.73	3030.91	3032.73	
3038.18	3030.91	3038.18	3030.91	3038.18	
3030.91	3034.55	3030.91	3034.55	3030.91	
3034.55	3029.09	3034.55	3029.09	3034.55	
3025.45	3043.64	3025.45	3043.64	3025.45	
3027.27	3027.27	3027.27	3027.27	3027.27	
3029.09	3030.91	3029.09	3030.91	3029.09	
3032.73	3034.55	3032.73	3034.55	3032.73	
3032.73	3036.36	3032.73	3036.36	3032.73	
3025.45	3034.55	3025.45	3034.55	3025.45	
3027.27	3030.91	3027.27	3030.91	3027.27	
3036.36	3040	3036.36	3040	3036.36	
3036.36	3036.36	3036.36	3036.36	3036.36	
3036.36	3036.36	3036.36	3036.36	3036.36	
3040	3034.55	3040	3034.55	3040	
3034.55	3032.73	3034.55	3032.73	3034.55	
3047.27	3032.73	3047.27	3032.73	3047.27	
3030.91	3045.45	3030.91	3045.45	3030.91	
3034.55	3030.91	3034.55	3030.91	3034.55	
3049.09	3056.36	3049.09	3056.36	3049.09	
3027.27	3036.36	3027.27	3036.36	3027.27	
3032.73	3032.73	3032.73	3032.73	3032.73	
3032.73	3032.73	3032.73	3032.73	3032.73	
3027.27	3032.73	3027.27	3032.73	3027.27	
3030.91	3030.91	3030.91	3030.91	3030.91	
3029.09	3036.36	3029.09	3036.36	3029.09	
3025.45	3038.18	3025.45	3038.18	3025.45	
3023.64	3029.09	3023.64	3029.09	3023.64	
3030.91	3040	3030.91	3040	3030.91	
3030.91	3036.36	3030.91	3036.36	3030.91	
3030.91	3034.55	3030.91	3034.55	3030.91	
3030.91	3041.82	3030.91	3041.82	3030.91	
3038.18	3034.55	3038.18	3034.55	3038.18	
3038.18	3036.36	3038.18	3036.36	3038.18	
3040	3032.73	3040	3032.73	3040	
3032.73	3038.18	3032.73	3038.18	3032.73	
3032.73	3027.27	3032.73	3027.27	3032.73	
3029.09	3032.73	3029.09	3032.73	3029.09	
3034.55	3030.91	3034.55	3030.91	3034.55	
3036.36	3032.73	3036.36	3032.73	3036.36	
3036.36	3030.91	3036.36	3030.91	3036.36	
3041.82	3040	3041.82	3040	3041.82	
3027.27	3032.73	3027.27	3032.73	3027.27	
3040	3036.36	3040	3036.36	3040	
3034.55	3034.55	3034.55	3034.55	3034.55	
3036.36	3040	3036.36	3040	3036.36	
3036.36	3036.36	3036.36	3036.36	3036.36	
3025.45	3032.73	3025.45	3032.73	3025.45	
3034.55	3030.91	3034.55	3030.91	3034.55	
3032.73	3034.55	3032.73	3034.55	3032.73	
3034.55	3030.91	3034.55	3030.91	3034.55	
3036.36	3032.73	3036.36	3032.73	3036.36	
3029.09	3032.73	3029.09	3032.73	3029.09	
3034.55	3036.36	3034.55	3036.36	3034.55	
3030.91	3027.27	3030.91	3027.27	3030.91	
3036.36	3032.73	3036.36	3032.73	3036.36	
3030.91	3034.55	3030.91	3034.55	3030.91	
3038.18	3043.64	3038.18	3043.64	3038.18	
3041.82	3041.82	3041.82	3041.82	3041.82	
3030.91	3032.73	3030.91	3032.73	3030.91	
3034.55	3038.18	3034.55	3038.18	3034.55	
3029.09	3029.09	3029.09	3029.09	3029.09	
3032.73	3023.64	3032.73	3023.64	3032.73	
3032.73	3036.36	3032.73	3036.36	3032.73	
3025.45	3025.45	3025.45	3025.45	3025.45	
3034.55	3034.55	3034.55	3034.55	3034.55	
3034.55	3027.27	3034.55	3027.27	3034.55	
3027.27	3032.73	3027.27	3032.73	3027.27	
3036.36	3032.73	3036.36	3032.73	3036.36	
3040	3032.73	3040	3032.73	3040	
3029.09	3034.55	3029.09	3034.55	3029.09	
3023.64	3038.18	3023.64	3038.18	3023.64	
3032.73	3029.09	3032.73	3029.09	3032.73	
3040	3029.09	3040	3029.09	3040	
3032.73	3029.09	3032.73	3029.09	3032.73	
3040	3036.36	3040	3036.36	3040	
3030.91	3038.18	3030.91	3038.18	3030.91	
3030.91	3032.73	3030.91	3032.73	3030.91	
3034.55	3027.27	3034.55	3027.27	3034.55	
3025.45	3030.91	3025.45	3030.91	3025.45	
3034.55	3027.27	3034.55	3027.27	3034.55	
3025.45	3030.91	3025.45	3030.91	3025.45	
3040	3034.55	3040	3034.55	3040	
3036.36	3029.09	3036.36	3029.09	3036.36	
3034.55	3040	3034.55	3040	3034.55	
3030.91	3036.36	3030.91	3036.36	3030.91	
3032.73	3032.73	3032.73	3032.73	3032.73	
3030.91	3045.45	3030.91	3045.45	3030.91	
3038.18	3034.55	3038.18	3034.55	3038.18	
3029.09	3032.73	3029.09	3032.73	3029.09	
3034.55	3034.55	3034.55	3034.55	3034.55	
3040	3036.36	3040	3036.36	3040	
3040	3029.09	3040	3029.09	3040	
3032.73	3038.18	3032.73	3038.18	3032.73	
3041.82	3034.55	3041.82	3034.55	3041.82	
3027.27	3034.55	3027.27	3034.55	3027.27	
3029.09	3032.73	3029.09	3032.73	3029.09	
3030.91	3034.55	3030.91	3034.55	3030.91	
3036.36	3034.55	3036.36	3034.55	3036.36	
3027.27	3027.27	3027.27	3027.27	3027.27	
3027.27	3040	3027.27	3040	3027.27	
3036.36	3030.91	3036.36	3030.91	3036.36	
3038.18	3040	3038.18	3040	3038.18	
3038.18	3027.27	3038.18	3027.27	3038.18	
3032.73	3036.36	3032.73	3036.36	3032.73	
3040	3038.18	3040	3038.18	3040	
3038.18	3029.09	3038.18	3029.09	3038.18	
3030.91	3029.09	3030.91	3029.09	3030.91	
3040	3038.18	3040	3038.18	3040	
3034.55	3036.36	3034.55	3036.36	3034.55	
3029.09	3030.91	3029.09	3030.91	3029.09	
3036.36	3030.91	3036.36	3030.91	3036.36	
3029.09	3030.91	3029.09	3030.91	3029.09	
3029.09	3030.91	3029.09	3030.91	3029.09	
3027.27	3023.64	3027.27	3023.64	3027.27	
3034.55	3032.73	3034.55	3032.73	3034.55	
3030.91	3032.73	3030.91	3032.73	3030.91	
3032.73	3034.55	3032.73	3034.55	3032.73	
3034.55	3038.18	3034.55	3038.18	3034.55	
3036.36	3038.18	3036.36	3038.18	3036.36	
3027.27	3036.36	3027.27	3036.36	3027.27	
3029.09	3032.73	3029.09	3032.73	3029.09	
3058.18	3070.91	3058.18	3070.91	3058.18	
3027.27	3027.27	3027.27	3027.27	3027.27	
3032.73	3029.09	3032.73	3029.09	3032.73	
3032.73	3023.64	3032.73	3023.64	3032.73	
3029.09	3029.09	3029.09	3029.09	3029.09	
3036.36	3032.73	3036.36	3032.73	3036.36	
3041.82	3034.55	3041.82	3034.55	3041.82	
3029.09	3032.73	3029.09	3032.73	3029.09	
3032.73	3032.73	3032.73	3032.73	3032.73	
3030.91	3040	3030.91	3040	3030.91	
3025.45	3027.27	3025.45	3027.27	3025.45	
3038.18	3029.09	3038.18	3029.09	3038.18	
3038.18	3034.55	3038.18	3034.55	3038.18	
3029.09	3030.91	3029.09	3030.91	3029.09	
3034.55	3038.18	3034.55	3038.18	3034.55	
3036.36	3047.27	3036.36	3047.27	3036.36	
3032.73	3036.36	3032.73	3036.36	3032.73	
3027.27	3036.36	3027.27	3036.36	3027.27	
3038.18	3027.27	3038.18	3027.27	3038.18	
3034.55	3029.09	3034.55	3029.09	3034.55	
3034.55	3029.09	3034.55	3029.09	3034.55	
3034.55	3029.09	3034.55	3029.09	3034.55	
3029.09	3034.55	3029.09	3034.55	3029.09	
3036.36	3029.09	3036.36	3029.09	3036.36	
3023.64	3041.82	3023.64	3041.82	3023.64	
3032.73	3036.36	3032.73	3036.36	3032.73	
3038.18	3034.55	3038.18	3034.55	3038.18	
3034.55	3034.55	3034.55	3034.55	3034.55	
3036.36	3036.36	3036.36	3036.36	3036.36	
3029.09	3034.55	3029.09	3034.55	3029.09	
3032.73	3032.73	3032.73	3032.73	3032.73	
3030.91	3036.36	3030.91	3036.36	3030.91	
3021.82	3032.73	3021.82	3032.73	3021.82	
3032.73	3030.91	3032.73	3030.91	3032.73	
3034.55	3032.73	3034.55	3032.73	3034.55	
3030.91	3034.55	3030.91	3034.55	3030.91	
3029.09	3032.73	3029.09	3032.73	3029.09	
3029.09	3036.36	3029.09	3036.36	3029.09	
3032.73	3034.55	3032.73	3034.55	3032.73	
3029.09	3030.91	3029.09	3030.91	3029.09	
3032.73	3030.91	3032.73	3030.91	3032.73	
3030.91	3032.73	3030.91	3032.73	3030.91	
3034.55	3032.73	3034.55	3032.73	3034.55	
3036.36	3030.91	3036.36	3030.91	3036.36	
3027.27	3036.36	3027.27	3036.36	3027.27	
3038.18	3027.27	3038.18	3027.27	3038.18	
3029.09	3036.36	3029.09	3036.36	3029.09	
3030.91	3032.73	3030.91	3032.73	3030.91	
3041.82	3027.27	3041.82	3027.27	3041.82	
3076.36	3069.09	3076.36	3069.09	3076.36	
3038.18	3029.09	3038.18	3029.09	3038.18	
3041.82	3032.73	3041.82	3032.73	3041.82	
3025.45	3030.91	3025.45	3030.91	3025.45	
3032.73	3043.64	3032.73	3043.64	3032.73	
3032.73	3029.09	3032.73	3029.09	3032.73	
3034.55	3023.64	3034.55	3023.64	3034.55	
3029.09	3034.55	3029.09	3034.55	3029.09	
3032.73	3029.09	3032.73	3029.09	3032.73	
3029.09	3025.45	3029.09	3025.45	3029.09	
3040	3025.45	3040	3025.45	3040	
3029.09	3025.45	3029.09	3025.45	3029.09	
3036.36	3032.73	3036.36	3032.73	3036.36	
3034.55	3034.55	3034.55	3034.55	3034.55	
3029.09	3036.36	3029.09	3036.36	3029.09	
3032.73	3043.64	3032.73	3043.64	3032.73	
3030.91	3034.55	3030.91	3034.55	3030.91	
3032.73	3025.45	3032.73	3025.45	3032.73	
3038.18	3036.36	3038.18	3036.36	3038.18	
3027.27	3029.09	3027.27	3029.09	3027.27	
3020	3036.36	3020	3036.36	3020	
3029.09	3038.18	3029.09	3038.18	3029.09	
3040	3032.73	3040	3032.73	3040	
3038.18	3036.36	3038.18	3036.36	3038.18	
3034.55	3030.91	3034.55	3030.91	3034.55	
3034.55	3036.36	3034.55	3036.36	3034.55	
3021.82	3032.73	3021.82	3032.73	3021.82	
3041.82	3038.18	3041.82	3038.18	3041.82	
3027.27	3036.36	3027.27	3036.36	3027.27	
3032.73	3029.09	3032.73	3029.09	3032.73	
3030.91	3029.09	3030.91	3029.09	3030.91	
3034.55	3038.18	3034.55	3038.18	3034.55	
3030.91	3032.73	3030.91	3032.73	3030.91	
3032.73	3027.27	3032.73	3027.27	3032.73	
3025.45	3030.91	3025.45	3030.91	3025.45	
3038.18	3043.64	3038.18	3043.64	3038.18	
3027.27	3038.18	3027.27	3038.18	3027.27	
3029.09	3032.73	3029.09	3032.73	3029.09	
3036.36	3038.18	3036.36	3038.18	3036.36	
3029.09	3030.91	3029.09	3030.91	3029.09	
3030.91	3027.27	3030.91	3027.27	3030.91	
3038.18	3030.91	3038.18	3030.91	3038.18	
3036.36	3032.73	3036.36	3032.73	3036.36	
3036.36	3029.09	3036.36	3029.09	3036.36	
3032.73	3034.55	3032.73	3034.55	3032.73	
3032.73	3029.09	3032.73	3029.09	3032.73	
3038.18	3036.36	3038.18	3036.36	3038.18	
3030.91	3030.91	3030.91	3030.91	3030.91	
3032.73	3036.36	3032.73	3036.36	3032.73	
3029.09	3027.27	3029.09	3027.27	3029.09	
3030.91	3040	3030.91	3040	3030.91	
3029.09	3032.73	3029.09	3032.73	3029.09	
3029.09	3034.55	3029.09	3034.55	3029.09	
3038.18	3025.45	3038.18	3025.45	3038.18	
3025.45	3036.36	3025.45	3036.36	3025.45	
3040	3038.18	3040	3038.18	3040	
3029.09	3040	3029.09	3040	3029.09	
3036.36	3034.55	3036.36	3034.55	3036.36	
3023.64	3029.09	3023.64	3029.09	3023.64	
3036.36	3040	3036.36	3040	3036.36	
3030.91	3030.91	3030.91	3030.91	3030.91	
3032.73	3043.64	3032.73	3043.64	3032.73	
3036.36	3020	3036.36	3020	3036.36	
3030.91	3038.18	3030.91	3038.18	3030.91	
3030.91	3025.45	3030.91	3025.45	3030.91	
3034.55	3029.09	3034.55	3029.09	3034.55	
3038.18	3047.27	3038.18	3047.27	3038.18	
3030.91	3034.55	3030.91	3034.55	3030.91	
3030.91	3041.82	3030.91	3041.82	3030.91	
3032.73	3034.55	3032.73	3034.55	3032.73	
3030.91	3021.82	3030.91	3021.82	3030.91	
3043.64	3041.82	3043.64	3041.82	3043.64	
3036.36	3032.73	3036.36	3032.73	3036.36	
3030.91	3034.55	3030.91	3034.55	3030.91	
3034.55	3029.09	3034.55	3029.09	3034.55	
3041.82	3034.55	3041.82	3034.55	3041.82	
3038.18	3027.27	3038.18	3027.27	3038.18	
3036.36	3034.55	3036.36	3034.55	3036.36	
3034.55	3030.91	3034.55	3030.91	3034.55	
3034.55	3029.09	3034.55	3029.09	3034.55	
3034.55	3038.18	3034.55	3038.18	3034.55	
3025.45	3029.09	3025.45	3029.09	3025.45	
3032.73	3023.64	3032.73	3023.64	3032.73	
3029.09	3029.09	3029.09	3029.09	3029.09	
3034.55	3036.36	3034.55	3036.36	3034.55	
3030.91	3029.09	3030.91	3029.09	3030.91	
3029.09	3027.27	3029.09	3027.27	3029.09	
3027.27	3032.73	3027.27	3032.73	3027.27	
3040	3034.55	3040	3034.55	3040	
3034.55	3038.18	3034.55	3038.18	3034.55	
3032.73	3029.09	3032.73	3029.09	3032.73	
3030.91	3034.55	3030.91	3034.55	3030.91	
3029.09	3041.82	3029.09	3041.82	3029.09	
3023.64	3030.91	3023.64	3030.91	3023.64	
3027.27	3040	3027.27	3040	3027.27	
3027.27	3038.18	3027.27	3038.18	3027.27	
3038.18	3038.18	3038.18	3038.18	3038.18	
3041.82	3038.18	3041.82	3038.18	3041.82	
3030.91	3027.27	3030.91	3027.27	3030.91	
3030.91	3032.73	3030.91	3032.73	3030.91	
3027.27	3030.91	3027.27	3030.91	3027.27	
3023.64	3034.55	3023.64	3034.55	3023.64	
3032.73	3030.91	3032.73	3030.91	3032.73	
3032.73	3034.55	3032.73	3034.55	3032.73	
3029.09	3029.09	3029.09	3029.09	3029.09	
3025.45	3032.73	3025.45	3032.73	3025.45	
3029.09	3032.73	3029.09	3032.73	3029.09	
3041.82	3038.18	3041.82	3038.18	3041.82	
3034.55	3027.27	3034.55	3027.27	3034.55	
3020	3027.27	3020	3027.27	3020	
3030.91	3023.64	3030.91	3023.64	3030.91	
3032.73	3036.36	3032.73	3036.36	3032.73	
3030.91	3040	3030.91	3040	3030.91	
3030.91	3030.91	3030.91	3030.91	3030.91	
3030.91	3029.09	3030.91	3029.09	3030.91	
3029.09	3027.27	3029.09	3027.27	3029.09	
3030.91	3034.55	3030.91	3034.55	3030.91	
3029.09	3030.91	3029.09	3030.91	3029.09	
3032.73	3034.55	3032.73	3034.55	3032.73	
3030.91	3032.73	3030.91	3032.73	3030.91	
3038.18	3030.91	3038.18	3030.91	3038.18	
3040	3032.73	3040	3032.73	3040	
3038.18	3036.36	3038.18	3036.36	3038.18	
3043.64	3043.64	3043.64	3043.64	3043.64	
3029.09	3027.27	3029.09	3027.27	3029.09	
3030.91	3032.73	3030.91	3032.73	3030.91	
3025.45	3029.09	3025.45	3029.09	3025.45	
3027.27	3030.91	3027.27	3030.91	3027.27	
3038.18	3030.91	3038.18	3030.91	3038.18	
3034.55	3029.09	3034.55	3029.09	3034.55	
3023.64	3032.73	3023.64	3032.73	3023.64	
3034.55	3036.36	3034.55	3036.36	3034.55	
3029.09	3027.27	3029.09	3027.27	3029.09	
3029.09	3034.55	3029.09	3034.55	3029.09	
3030.91	3030.91	3030.91	3030.91	3030.91	
3027.27	3034.55	3027.27	3034.55	3027.27	
3032.73	3036.36	3032.73	3036.36	3032.73	
3021.82	3029.09	3021.82	3029.09	3021.82	
3032.73	3030.91	3032.73	3030.91	3032.73	
3027.27	3027.27	3027.27	3027.27	3027.27	
3030.91	3036.36	3030.91	3036.36	3030.91	
3027.27	3038.18	3027.27	3038.18	3027.27	
3032.73	3038.18	3032.73	3038.18	3032.73	
3029.09	3034.55	3029.09	3034.55	3029.09	
3032.73	3034.55	3032.73	3034.55	3032.73	
3030.91	3029.09	3030.91	3029.09	3030.91	
3030.91	3036.36	3030.91	3036.36	3030.91	
3030.91	3025.45	3030.91	3025.45	3030.91	
3034.55	3032.73	3034.55	3032.73	3034.55	
3038.18	3036.36	3038.18	3036.36	3038.18	
3027.27	3041.82	3027.27	3041.82	3027.27	
3029.09	3027.27	3029.09	3027.27	3029.09	
3023.64	3040	3023.64	3040	3023.64	
3030.91	3029.09	3030.91	3029.09	3030.91	
3034.55	3029.09	3034.55	3029.09	3034.55	
3041.82	3025.45	3041.82	3025.45	3041.82	
3034.55	3027.27	3034.55	3027.27	3034.55	
3029.09	3029.09	3029.09	3029.09	3029.09	
3030.91	3034.55	3030.91	3034.55	3030.91	
3034.55	3034.55	3034.55	3034.55	3034.55	
3029.09	3032.73	3029.09	3032.73	3029.09	
3032.73	3025.45	3032.73	3025.45	3032.73	
3032.73	3030.91	3032.73	3030.91	3032.73	
3038.18	3030.91	3038.18	3030.91	3038.18	
3027.27	3034.55	3027.27	3034.55	3027.27	
3032.73	3034.55	3032.73	3034.55	3032.73	
3030.91	3034.55	3030.91	3034.55	3030.91	
3029.09	3023.64	3029.09	3023.64	3029.09	
3034.55	3034.55	3034.55	3034.55	3034.55	
3029.09	3029.09	3029.09	3029.09	3029.09	
3032.73	3034.55	3032.73	3034.55	3032.73	
3030.91	3029.09	3030.91	3029.09	3030.91	
3034.55	3034.55	3034.55	3034.55	3034.55	
3036.36	3034.55	3036.36	3034.55	3036.36	
3030.91	3036.36	3030.91	3036.36	3030.91	
3032.73	3032.73	3032.73	3032.73	3032.73	
3038.18	3036.36	3038.18	3036.36	3038.18	
3025.45	3027.27	3025.45	3027.27	3025.45	
3032.73	3030.91	3032.73	3030.91	3032.73	
3034.55	3023.64	3034.55	3023.64	3034.55	
3038.18	3036.36	3038.18	3036.36	3038.18	
3027.27	3038.18	3027.27	3038.18	3027.27	
3025.45	3029.09	3025.45	3029.09	3025.45	
3030.91	3023.64	3030.91	3023.64	3030.91	
3032.73	3034.55	3032.73	3034.55	3032.73	
3034.55	3032.73	3034.55	3032.73	3034.55	
3030.91	3029.09	3030.91	3029.09	3030.91	
3030.91	3032.73	3030.91	3032.73	3030.91	
3025.45	3032.73	3025.45	3032.73	3025.45	
3027.27	3034.55	3027.27	3034.55	3027.27	
3029.09	3029.09	3029.09	3029.09	3029.09	
3030.91	3032.73	3030.91	3032.73	3030.91	
3029.09	3020	3029.09	3020	3029.09	
3041.82	3029.09	3041.82	3029.09	3041.82	
3034.55	3034.55	3034.55	3034.55	3034.55	
3034.55	3032.73	3034.55	3032.73	3034.55	
3034.55	3027.27	3034.55	3027.27	3034.55	
3036.36	3036.36	3036.36	3036.36	3036.36	
3030.91	3030.91	3030.91	3030.91	3030.91	
3029.09	3032.73	3029.09	3032.73	3029.09	
3029.09	3030.91	3029.09	3030.91	3029.09	
3032.73	3032.73	3032.73	3032.73	3032.73	
3025.45	3036.36	3025.45	3036.36	3025.45	
3029.09	3040	3029.09	3040	3029.09	
3027.27	3036.36	3027.27	3036.36	3027.27	
3025.45	3027.27	3025.45	3027.27	3025.45	
3027.27	3023.64	3027.27	3023.64	3027.27	
3032.73	3030.91	3032.73	3030.91	3032.73	
3038.18	3029.09	3038.18	3029.09	3038.18	
3043.64	3036.36	3043.64	3036.36	3043.64	
3023.64	3034.55	3023.64	3034.55	3023.64	
3034.55	3045.45	3034.55	3045.45	3034.55	
3029.09	3027.27	3029.09	3027.27	3029.09	
3030.91	3038.18	3030.91	3038.18	3030.91	
3032.73	3030.91	3032.73	3030.91	3032.73	
3027.27	3038.18	3027.27	3038.18	3027.27	
3027.27	3030.91	3027.27	3030.91	3027.27	
3023.64	3029.09	3023.64	3029.09	3023.64	
3040	3030.91	3040	3030.91	3040	
3030.91	3040	3030.91	3040	3030.91	
3034.55	3036.36	3034.55	3036.36	3034.55	
3034.55	3034.55	3034.55	3034.55	3034.55	
3027.27	3036.36	3027.27	3036.36	3027.27	
3032.73	3034.55	3032.73	3034.55	3032.73	
3034.55	3034.55	3034.55	3034.55	3034.55	
3032.73	3030.91	3032.73	3030.91	3032.73	
3034.55	3030.91	3034.55	3030.91	3034.55	
3025.45	3029.09	3025.45	3029.09	3025.45	
3029.09	3032.73	3029.09	3032.73	3029.09	
3040	3029.09	3040	3029.09	3040	
3032.73	3034.55	3032.73	3034.55	3032.73	
3032.73	3034.55	3032.73	3034.55	3032.73	
3032.73	3027.27	3032.73	3027.27	3032.73	
3034.55	3040	3034.55	3040	3034.55	
3034.55	3045.45	3034.55	3045.45	3034.55	
3027.27	3032.73	3027.27	3032.73	3027.27	
3034.55	3041.82	3034.55	3041.82	3034.55	
3029.09	3032.73	3029.09	3032.73	3029.09	
3029.09	3030.91	3029.09	3030.91	3029.09	
3030.91	3030.91	3030.91	3030.91	3030.91	
3030.91	3034.55	3030.91	3034.55	3030.91	
3025.45	3032.73	3025.45	3032.73	3025.45	
3018.18	3027.27	3018.18	3027.27	3018.18	
3038.18	3045.45	3038.18	3045.45	3038.18	
3034.55	3041.82	3034.55	3041.82	3034.55	
3029.09	3038.18	3029.09	3038.18	3029.09	
3034.55	3036.36	3034.55	3036.36	3034.55	
3036.36	3036.36	3036.36	3036.36	3036.36	
3029.09	3016.36	3029.09	3016.36	3029.09	
3030.91	3034.55	3030.91	3034.55	3030.91	
3029.09	3025.45	3029.09	3025.45	3029.09	
3034.55	3030.91	3034.55	3030.91	3034.55	
3034.55	3029.09	3034.55	3029.09	3034.55	
3034.55	3030.91	3034.55	3030.91	3034.55	
3036.36	3034.55	3036.36	3034.55	3036.36	
3032.73	3030.91	3032.73	3030.91	3032.73	
3041.82	3029.09	3041.82	3029.09	3041.82	
3032.73	3032.73	3032.73	3032.73	3032.73	
3034.55	3029.09	3034.55	3029.09	3034.55	
3036.36	3029.09	3036.36	3029.09	3036.36	
3025.45	3040	3025.45	3040	3025.45	
3034.55	3029.09	3034.55	3029.09	3034.55	
3032.73	3038.18	3032.73	3038.18	3032.73	
3038.18	3027.27	3038.18	3027.27	3038.18	
3032.73	3025.45	3032.73	3025.45	3032.73	
3034.55	3032.73	3034.55	3032.73	3034.55	
3036.36	3027.27	3036.36	3027.27	3036.36	
3032.73	3030.91	3032.73	3030.91	3032.73	
3032.73	3030.91	3032.73	3030.91	3032.73	
3067.27	3069.09	3067.27	3069.09	3067.27	
3029.09	3030.91	3029.09	3030.91	3029.09	
3029.09	3032.73	3029.09	3032.73	3029.09	
3034.55	3029.09	3034.55	3029.09	3034.55	
3023.64	3030.91	3023.64	3030.91	3023.64	
3034.55	3034.55	3034.55	3034.55	3034.55	
3038.18	3038.18	3038.18	3038.18	3038.18	
3034.55	3030.91	3034.55	3030.91	3034.55	
3025.45	3030.91	3025.45	3030.91	3025.45	
3029.09	3034.55	3029.09	3034.55	3029.09	
3025.45	3025.45	3025.45	3025.45	3025.45	
3020	3027.27	3020	3027.27	3020	
3034.55	3029.09	3034.55	3029.09	3034.55	
3030.91	3036.36	3030.91	3036.36	3030.91	
3032.73	3029.09	3032.73	3029.09	3032.73	
3029.09	3029.09	3029.09	3029.09	3029.09	
3025.45	3027.27	3025.45	3027.27	3025.45	
3023.64	3036.36	3023.64	3036.36	3023.64	
3032.73	3030.91	3032.73	3030.91	3032.73	
3032.73	3029.09	3032.73	3029.09	3032.73	
3030.91	3029.09	3030.91	3029.09	3030.91	
3016.36	3020	3016.36	3020	3016.36	
3016.36	3016.36	3016.36	3016.36	3016.36	
3012.73	3014.55	3012.73	3014.55	3012.73	
3012.73	3014.55	3012.73	3014.55	3012.73	
