3140.19	3132.71	3130.84	3134.58	3138.32	
3110.28	3112.15	3114.02	3108.41	3117.76	
3104.67	3106.54	3108.41	3102.8	3100.93	
3106.54	3100.93	3104.67	3100.93	3097.2	
188271	187561	186492	186064	186116	
190471	189871	189198	188764	188501	
190065	189114	188688	188523	188555	
194353	193342	192942	192179	192211	
195286	194135	193467	192935	192505	
195761	195325	194393	194187	193884	
194280	193346	193071	192479	192041	
192886	191983	191774	190845	190622	
198944	198041	197387	196770	196488	
202746	202107	201723	200340	200241	
203921	203127	202049	202093	201499	
203811	203161	202740	202019	202284	
201017	200011	199426	198675	198421	
198482	197436	197017	196030	196697	
202381	202058	200873	200529	200320	
206069	205146	204593	204026	204127	
204854	204166	203508	202869	202426	
199645	199396	198811	198121	197793	
202456	201525	200387	200032	199523	
209058	208613	207884	207234	206978	
209996	210258	208989	208656	208159	
210727	210159	209379	209093	208471	
209279	208211	207886	206882	206837	
203501	202979	202314	201649	201555	
204050	202342	202314	201479	201254	
210200	209185	208718	208593	208007	
209456	208854	207720	206841	207052	
206450	205751	204546	204716	203923	
209325	208677	207940	207108	207200	
210843	210697	210170	209264	208830	
206576	205712	205650	204755	204364	
201817	201404	200052	199727	199077	
209650	209234	208179	207933	207432	
213877	212650	211766	211030	211028	
211422	210907	209793	209179	208611	
209221	208206	207826	206559	206613	
208794	207841	207065	206744	206708	
208576	208080	207499	207279	206873	
206744	205649	205279	204176	204279	
210054	209022	208587	207449	207621	
214742	213987	213310	212660	212243	
212189	211821	210880	210714	210028	
209867	208963	208406	207611	207637	
209503	208993	208267	207464	206959	
216123	215946	214688	214372	213602	
218830	218637	217499	216802	217015	
219578	218415	217617	216996	216684	
214456	213675	212994	212342	211862	
208062	207591	206125	206163	205684	
197830	197073	196378	196047	195510	
198899	197393	197179	196507	195837	
210183	209708	209116	208267	208583	
218684	217303	216858	216224	215964	
223514	222473	222505	221320	221733	
226432	225933	225110	224566	223869	
228508	227557	226703	226217	225888	
230267	229649	228834	228043	227533	
228897	228241	227505	226882	226480	
229065	229006	228058	227331	227185	
229026	228095	227404	227082	226344	
225477	224021	223727	223118	222398	
216650	215989	215120	214366	213890	
211350	210637	210069	209464	208759	
218219	217142	216357	216026	214957	
227183	226144	225523	224505	224550	
231222	230357	229325	228477	228557	
229854	228834	228131	227574	227125	
231611	230912	229101	229202	228721	
231011	230067	229731	228607	228372	
234187	232955	232525	231714	231269	
233994	232729	232049	231462	231178	
229736	228430	227931	226961	226837	
229604	228521	227505	227170	227039	
234348	233209	232430	232151	231740	
236191	234918	234499	233867	233699	
237551	236564	235880	234979	234890	
236626	235168	234232	233449	233312	
231925	230566	229643	229075	228735	
228458	227890	227135	225843	225950	
226477	225363	224794	224185	223950	
227630	226679	225864	224768	225086	
231660	230645	230320	229065	229064	
230849	229824	229138	228736	227946	
224910	224630	223505	222507	222688	
222822	221650	220959	220172	220596	
219587	218564	217120	216690	216907	
214135	213413	212660	211908	211533	
198503	197888	197159	196333	196613	
161731	160460	160555	159867	159897	
148778	148099	147436	147323	146764	
196576	195669	194925	194890	194073	
218987	218467	217396	217378	216170	
222746	222065	221514	220836	220850	
226460	225692	225245	224346	224172	
229376	228789	227720	226721	226688	
229781	228529	227579	227252	226499	
231533	230720	229817	229060	229413	
241525	240787	239951	239043	238950	
242710	241893	241249	240714	239800	
240912	239819	239097	238757	238735	
241553	240548	240129	239385	238884	
241755	241611	240323	239723	239308	
240636	238996	238604	237561	237179	
241589	240903	239847	238761	238733	
246237	245288	244376	243966	243307	
244557	243450	242813	242204	241578	
234277	233396	232361	231606	231340	
237286	236413	235421	235213	234822	
246026	245497	244256	243669	243387	
245034	244064	243475	242340	242125	
247097	246308	245484	244585	243957	
250361	249572	249000	248036	247591	
250338	249535	248475	247624	247226	
248243	247830	246125	246499	245574	
249458	248796	247598	246901	246923	
247596	246101	245742	244712	243987	
247226	246690	245742	244800	244490	
252299	251228	250572	249249	249946	
252271	251710	250858	250099	249920	
253611	252925	252312	251550	251568	
254759	253664	252335	252290	251957	
255092	254211	253224	252417	252191	
255548	255009	254493	252996	253179	
256256	255181	254303	253430	253469	
255546	254979	253772	253297	253211	
255241	255000	253374	252708	252206	
255049	254430	253082	252215	251806	
255450	254258	253654	252888	252695	
256037	255155	253787	253307	253004	
252430	251488	249850	249052	249280	
244680	244303	242981	242368	242456	
251791	250576	249645	249335	248768	
257178	255923	255022	254492	254039	
256260	255359	254802	253951	253443	
256538	255701	254613	254387	253307	
254652	254254	253022	252768	251935	
251501	250701	249671	249284	248310	
257864	257228	256407	256209	255774	
259723	258439	258275	257118	256888	
260566	259712	259140	258269	257585	
261151	260316	259357	258411	258378	
260794	260000	258858	258507	257813	
260660	259596	258555	257920	257815	
261024	260060	259148	258692	258009	
261809	260693	260006	258989	258439	
261250	260409	259028	258740	257938	
258841	258133	256879	255998	255716	
253086	252271	251127	250673	249976	
255099	254570	253069	252557	252621	
260323	259036	257615	257026	256882	
260312	259110	257845	257366	256673	
261342	260738	259525	259402	258593	
262308	261353	259976	260127	259237	
262865	261703	261131	260146	259789	
262985	262346	261187	260419	260093	
260032	258774	257974	257424	256850	
251892	250753	250099	249505	248880	
260951	260198	258750	257951	258168	
264538	263052	262606	261619	261191	
265417	263944	262921	262310	262112	
265725	265237	263679	262665	262852	
265778	265193	264120	263258	263123	
266021	265080	264103	262763	263419	
266110	265422	264370	263490	263695	
266598	265346	264865	263538	263548	
266239	265645	264654	263940	263148	
263871	263017	261974	261123	261150	
261529	260806	259357	259148	258385	
264245	263372	262191	261318	260579	
266757	265447	264516	263908	263484	
266693	266069	264776	263574	263492	
262854	262148	261006	261150	260245	
263097	261406	260813	260460	259757	
266404	265972	264888	263546	263893	
267314	266021	265389	264436	264176	
266426	265460	264890	263910	263342	
265938	265133	263561	262925	262368	
262733	261867	260535	260254	260415	
262299	260695	260125	259813	259200	
256579	255841	254641	254170	253796	
260901	260295	259049	258297	257751	
265062	264822	263361	263131	262858	
265151	263826	262948	262155	262079	
268561	267927	266802	266088	264989	
266265	265619	264359	263641	263325	
266346	265340	264340	263761	263464	
269873	268607	267822	266729	266262	
270228	269127	268219	267632	266899	
268593	268245	266837	266206	265692	
268776	268142	267501	265811	265923	
270054	268905	268692	267613	266720	
268665	267189	266688	265581	265099	
267895	266744	265843	265131	264604	
269398	268323	267350	266067	266172	
268781	267211	266321	265495	264879	
269260	267735	267400	266292	266036	
270006	268679	267572	266841	267043	
268738	268269	267073	266279	265465	
266204	264819	264054	262843	262770	
266834	265320	264424	264170	263432	
268776	267578	266538	266236	265400	
271374	270191	269073	268338	267436	
270645	269675	268501	268490	268107	
271219	270458	269200	268793	268561	
273185	271963	270918	270065	269929	
273497	271974	271391	270723	270520	
273406	272630	271523	270628	270910	
272978	272458	270656	270721	269393	
271338	270293	268824	268619	268325	
266961	265712	265148	263677	263946	
271305	270533	269643	268718	268583	
270993	269417	268636	267656	267669	
270258	269469	269114	267579	267607	
274699	274305	272716	272269	271411	
275366	274079	273202	272650	272436	
275387	274105	273464	272649	272443	
276234	274669	274191	273133	273183	
275015	273864	273174	272364	272002	
272441	271482	270695	269789	269222	
272034	270828	269865	268331	268664	
272353	271884	269983	269178	269280	
275090	274520	273469	272333	271994	
276318	275112	274794	273639	273222	
276426	275665	274639	273561	273473	
274875	273802	272378	271966	271564	
273994	272903	271884	270940	270555	
273559	272303	271262	271006	269946	
274914	273499	272736	272060	271703	
274725	274114	273007	272338	271837	
276366	275224	274284	273379	272979	
275286	274535	273409	272290	271998	
274164	273228	271834	271052	270697	
273658	272864	272148	271325	271236	
275946	274379	273495	272890	272305	
273129	272647	272002	271176	270187	
275378	274497	273895	273101	272452	
276336	274972	274542	273452	273342	
275744	275155	273746	273462	272338	
277849	277054	276092	274839	274763	
278236	276437	275293	275264	274572	
274497	273022	272200	271634	271905	
276729	276034	275086	273566	273938	
278394	277346	276357	275583	275017	
278342	277168	276206	275215	275516	
277366	276643	275321	274361	273879	
272355	271450	270546	269630	269680	
275768	275462	274151	273290	272856	
278361	277899	276643	276056	275490	
277983	276632	276019	274770	274658	
278422	276920	276265	275170	274837	
276361	275570	274159	273776	272834	
272364	270755	270172	269075	268905	
268505	267690	266578	266125	265523	
264703	263555	262583	262019	261282	
267335	265837	265036	263996	263548	
275493	274540	273164	272105	271490	
278086	276903	275662	274594	274628	
277245	276024	275230	274318	274166	
278514	276613	276129	275636	275037	
278615	277488	276778	276211	276062	
276617	276136	275043	274224	274013	
269598	268404	267779	266723	266049	
271735	271424	270303	269155	268824	
272299	271733	270523	269615	269000	
275490	274219	273155	272544	272112	
273125	272105	270879	270407	270204	
274650	273660	272512	271606	270899	
270024	269275	268379	267484	266727	
228914	227976	227458	226733	226880	
161234	160536	160546	160159	159516	
167164	166305	165966	165026	164957	
176744	176209	175516	174774	174860	
187604	186639	186054	185148	184950	
199471	198550	197981	197221	197116	
212011	211340	210774	209862	209480	
228897	227873	227250	226886	225912	
244379	243404	242841	242135	241447	
262393	260914	260421	259419	258641	
252680	252202	251624	250626	249942	
244617	243508	243228	241920	241735	
231387	230415	228908	228824	228507	
235886	235531	234327	234034	233277	
228968	228363	227288	226492	226441	
239510	238133	237142	236368	236355	
228155	227972	226529	226088	225436	
243813	243198	242245	241718	241075	
228129	226991	226301	225099	225671	
251121	249890	249011	248181	248178	
237699	236566	235845	234927	235363	
247465	247179	246108	244901	244452	
253426	252563	251658	250503	250733	
238899	237979	236839	236512	236120	
260189	259994	258441	257499	257336	
252262	251576	250643	249957	249213	
254086	253335	251772	251379	250929	
267361	266407	265879	264680	264564	
250688	250150	249037	248144	247994	
254383	252650	252531	251443	250830	
264179	262946	262596	261417	260953	
255873	255144	253497	253150	252692	
265606	264609	263138	262692	262649	
271262	270293	270198	268462	268467	
256406	255301	255127	253581	253432	
256720	255888	254972	254153	253516	
266589	265613	264441	263774	263080	
262144	261316	260400	259452	258660	
249942	248862	247841	247150	246893	
259185	257830	256953	256441	256222	
257196	256258	255664	254705	254561	
260118	259695	258404	257464	257460	
266979	265815	264731	264757	264114	
257277	256593	255735	254497	254802	
245583	245084	243869	243133	242856	
245178	244394	243705	242480	242695	
252202	251368	250092	249209	249297	
261230	259712	259011	258120	258007	
264628	263682	262518	261735	261239	
252972	251495	250465	249776	249652	
259512	258606	257850	256884	256841	
263787	262903	261611	261477	261114	
265791	264809	263989	262963	262879	
265250	264656	263258	262477	262447	
254568	253850	253168	251910	251677	
264994	263940	262710	262086	261946	
261869	260634	259953	259092	258684	
260583	259209	258886	257989	257615	
274211	273243	272307	271682	270634	
274370	273353	272432	270955	271376	
278888	277957	276684	276178	275753	
284505	282908	282544	281548	281135	
283409	282753	281351	280062	280045	
277523	276406	275226	274469	274187	
281426	280120	279303	278540	277854	
281086	280350	279546	278492	278288	
274213	272297	272015	271331	270606	
264783	263660	262531	261858	261574	
265430	264204	263757	262564	262421	
273864	272862	272630	270843	270553	
279800	278869	277791	277030	276751	
280350	279101	277895	277217	276845	
270265	269174	268043	267802	266978	
264404	263280	261978	261667	261092	
258979	257695	256817	256720	256148	
266763	265858	264867	264250	263804	
268447	267417	266436	265759	266030	
261598	260417	260062	258626	258564	
276224	275321	274222	273550	273189	
274516	273144	272484	271206	271017	
258856	257725	257206	255525	255679	
268499	267521	266465	265460	265275	
272873	271828	270643	270155	269978	
259224	257886	256759	256363	255854	
248415	247561	246290	245879	245411	
264964	264258	263331	261979	262021	
272875	271806	270331	269708	269705	
268404	266852	266088	265639	264985	
269221	268336	267168	266357	266118	
274299	273036	272307	271639	270776	
258209	257781	255951	255409	255019	
250060	248979	248000	247198	247054	
268807	267785	266882	266589	265998	
274600	273585	272288	271249	271142	
270236	269331	268570	267880	266692	
257501	256869	255564	254650	254748	
264593	263748	263021	262015	261843	
256114	255409	254325	253391	253406	
263778	262669	262187	261288	261241	
277778	276030	275327	274434	274250	
283071	282135	280677	280411	280301	
284968	283290	282508	281221	281193	
279699	278738	278084	276865	276406	
274890	273908	273082	272101	272357	
264135	263637	263181	261548	261619	
265955	265293	264221	263249	263247	
279538	278822	277624	276613	276340	
284839	283404	282108	281682	281376	
283632	282153	281241	280779	279897	
283467	282049	281191	280159	279912	
283456	282514	281908	280607	280434	
281512	280677	279445	278617	277673	
273114	271925	270789	269837	269979	
270449	269258	267908	267742	266669	
278514	277705	276637	276234	275738	
277953	276882	275690	274957	274697	
278826	277839	276486	275510	275168	
279563	278600	277636	276836	276140	
277884	277548	276508	275643	275007	
281133	280151	279264	278002	278000	
281176	280542	279333	278050	277516	
279589	278772	276966	276649	276219	
278424	277916	276422	275437	275421	
280854	279918	278748	278385	278172	
284583	283247	282809	282037	281636	
283673	281721	280772	279798	279850	
284931	284030	282907	281944	281641	
285634	284219	283542	282415	281282	
282748	281690	280583	279699	279325	
279460	278564	277376	276527	277101	
284488	283456	282308	281940	281004	
285469	285121	284415	283086	282243	
281520	279961	279336	278159	277880	
280036	279658	278105	277239	277114	
281875	280428	280006	278841	278796	
281529	280594	279015	278845	278150	
280936	279942	279086	278645	277763	
284626	283718	282654	281650	281598	
285166	284142	283406	282222	281966	
284475	283849	282277	282002	281286	
284839	283892	282729	281993	282123	
285654	284406	283389	282806	282200	
285589	284249	283340	282654	282086	
286105	285155	284136	283462	282708	
287415	286540	285178	284174	284161	
287884	286828	286226	285301	284469	
285505	284024	283258	282215	282222	
286307	284903	284131	283355	282886	
285781	285338	283961	282566	282512	
282836	281854	280510	279533	279331	
285095	284062	283316	282340	282024	
287101	286028	285303	284559	284107	
287951	286879	286198	285093	284484	
286344	284901	283981	283299	282991	
286750	285202	284204	282813	283088	
284970	283895	283004	282450	281750	
280542	280189	279570	278499	278348	
288921	287514	286897	285342	285727	
290166	288880	288164	287047	286753	
285320	285196	283774	283161	283110	
283234	282391	281533	280609	279895	
277589	276355	275529	274471	274361	
281716	280581	280037	278953	278828	
285570	284602	283721	282168	281583	
289006	288329	287026	286385	286336	
287364	286387	285179	284047	283619	
289264	287877	286690	286047	285578	
288447	287189	285778	285172	284742	
285879	284213	283421	282499	282022	
286441	285437	284269	283209	282366	
284579	283735	282994	282271	281146	
278521	277138	276766	275789	275705	
270905	269424	268465	267923	267656	
275636	274619	274125	272884	272535	
278899	278350	277783	276249	276200	
285946	285697	284034	283258	282972	
285260	284368	282858	281910	282157	
283581	282174	281178	280127	280193	
281398	280221	279905	279273	278570	
281364	280650	279301	278484	278280	
280819	279884	279381	278021	277596	
272198	271228	270465	269393	268701	
253335	252301	251108	250413	250387	
247783	245647	245740	244862	244458	
234224	234028	233036	232396	231578	
239961	239609	238602	237778	237619	
232964	232286	231174	230753	230325	
217428	216082	215495	214477	214845	
220121	218716	218103	217479	217465	
223656	223202	222396	221505	220974	
202523	201521	201193	199888	200213	
235327	234236	233987	233034	232918	
234441	234000	232864	232236	231789	
226002	225432	224839	223630	223279	
221679	220916	220022	219535	219151	
193828	193138	192011	191738	191484	
174776	174673	173703	173286	173155	
225879	224699	223849	223359	222548	
236295	235669	234886	233991	233845	
198886	197721	197161	196269	196243	
195465	194643	193699	193660	192727	
214232	213411	212450	211806	211712	
221996	221187	220507	219901	219211	
215757	214798	213882	213632	212871	
210746	209665	209054	208445	208030	
192293	191794	190454	190043	190103	
220321	219125	218136	217787	217256	
212037	211230	210708	210194	210114	
210323	209843	208802	208464	207824	
234155	233447	232131	231785	231546	
245796	244877	244424	242809	243215	
260529	259903	258650	257768	257929	
274159	273516	272426	272215	271346	
278781	278297	276305	276022	275572	
266963	265065	264701	264155	263609	
263421	262454	262024	260884	260774	
269809	268703	267796	266985	266234	
277250	276837	276022	274727	274374	
272759	271789	270260	270226	269471	
256011	254447	253778	252667	252645	
270432	269200	268551	267852	267364	
257763	256570	256045	254690	254836	
262585	261677	260738	260708	259763	
271123	270045	269654	268559	268007	
245413	244441	243841	243150	242751	
214893	214166	213535	212725	212488	
199293	198650	197649	197409	196987	
228265	227862	226161	225800	225200	
255921	255301	254409	253422	252864	
230183	229065	228576	227563	227323	
226626	225987	225108	224636	223800	
231043	230867	229750	228518	228658	
225746	224607	223493	223114	222778	
234852	233546	233075	232221	231613	
247946	246566	246095	245153	244890	
251703	250880	249705	249064	248725	
243017	242196	241189	241191	240632	
202826	201716	201372	200477	200559	
217168	216293	215430	214996	214983	
254731	254006	252776	251987	251359	
241662	240389	239979	239028	239112	
251021	249454	248630	247174	247226	
248090	247161	246114	245753	245049	
238482	237725	236619	235961	235755	
235849	235101	233957	233342	233092	
211819	210776	210071	209475	209026	
248394	247391	246026	245757	245516	
264146	262664	262318	261417	261135	
253974	253333	252269	251781	251168	
261172	259935	259084	258245	258204	
237342	236409	235187	234837	234505	
237933	237465	236716	235336	235355	
204157	203393	202660	201884	201951	
200798	199942	199641	198665	198121	
238942	237763	237039	236198	235602	
251712	250804	249677	249127	248781	
252697	251523	250794	249895	249535	
269052	268695	266736	266488	266447	
272639	271615	270163	269721	269258	
243693	242241	242037	241475	241084	
232209	231168	230546	229916	229542	
210660	209684	209221	208736	208662	
216097	215510	214794	213901	213680	
230161	229682	228321	228024	227529	
240690	240022	238495	238166	237843	
265968	264669	263856	262675	262733	
270353	269370	268200	268064	267598	
253972	253467	252086	251308	251480	
252723	251707	251116	249793	249712	
224548	224213	223292	222886	222112	
234293	233400	232499	231712	231606	
260007	258411	257578	256307	256548	
257815	257071	256164	255841	255204	
236000	234981	234015	233551	233183	
238359	237129	236110	235602	235282	
246379	245503	244772	243869	243415	
261935	260862	259327	258807	258609	
256940	255639	254936	254194	253942	
242804	241888	241194	240619	239699	
242581	241564	240617	239671	239606	
264826	263321	262665	261830	261316	
278639	277529	276735	276127	275634	
278589	277329	276578	275372	275794	
277559	276241	275798	274796	274574	
265865	264731	264093	263389	263155	
275716	274256	272856	272445	272693	
278695	277740	276772	275972	275333	
275688	274682	273333	272508	272406	
267529	266578	265654	264880	264981	
271185	269873	268372	267430	267133	
280931	279105	278867	277798	277131	
291303	290194	289411	288393	288314	
293368	292716	291593	290705	290641	
292712	291598	290561	289654	289239	
292198	291282	290293	288718	289013	
278406	276824	275781	275000	274813	
284163	282591	282022	280791	280824	
286942	285705	284497	283935	283368	
276293	274589	274376	273723	272921	
274114	272731	272064	270593	270213	
281725	280671	279763	278886	278241	
281585	279968	279258	278450	277935	
280464	279563	278234	277469	277385	
275007	274540	273757	272564	271798	
281335	280402	279542	278953	278336	
280357	279480	278310	277516	277331	
273652	272693	272213	270892	270873	
275148	274133	273564	272437	271964	
275379	274107	273406	273095	272645	
279989	278314	277791	276856	276456	
284381	283370	281776	281529	281054	
275785	274974	273452	273211	272389	
282991	282206	280942	280084	279974	
287015	286523	285039	284529	283918	
288703	287979	286787	285512	285611	
290193	289028	288105	287383	287030	
289822	288856	288000	286865	286331	
290041	289484	288226	287170	286852	
293793	293136	291643	291318	290662	
287400	286649	285292	285250	283753	
279579	278516	277516	276708	276443	
282936	282125	280970	280355	279989	
280279	279521	278503	277540	277458	
279148	278049	277093	275923	275667	
273757	272989	272299	270882	270462	
277207	276015	275065	274185	273884	
283680	281893	280471	280361	280277	
283707	283054	281652	281215	280366	
285523	284301	283471	282830	282791	
285492	284542	282776	282340	282092	
290226	289557	288482	287632	287187	
287260	285766	284652	283793	283826	
289258	287693	286770	286194	286168	
294976	293707	291763	291415	291376	
291998	290892	290407	289338	289034	
289280	288127	287161	286379	285755	
289794	288920	287882	286981	286931	
280415	279351	278589	277607	277295	
279570	278708	277503	276740	275998	
291136	289731	288809	287637	286772	
286527	285520	284901	283389	283052	
281948	280636	279542	278404	278163	
290404	289202	288707	286970	286989	
291578	290624	289675	288768	288675	
292602	291836	290363	290172	289310	
285316	283978	283004	282221	282060	
282237	281007	280348	279314	279002	
288897	287763	286819	286103	285899	
294159	293736	291946	291966	291654	
296955	296406	295443	293886	293407	
297262	296393	295340	294579	294198	
295258	294150	292976	292523	291677	
297531	296422	295277	293901	294357	
298447	297159	296176	295430	294858	
297331	295501	295353	294579	293897	
297707	296564	295996	295288	294972	
297890	296796	295843	294802	294564	
292316	291153	290194	289600	289028	
293473	291845	291121	290409	289432	
294213	292890	291901	290570	289914	
287899	287028	285968	284796	284288	
287893	287321	285871	285264	285041	
292331	291286	290692	289692	289407	
295394	294622	293570	292821	292275	
297572	296826	295579	295301	293890	
298858	297536	296619	296213	295877	
298542	297757	297123	296351	295802	
300067	298873	297437	296804	296764	
299802	298944	297776	297133	297071	
299508	298237	297748	296806	296176	
296877	295398	294443	293880	293598	
288107	287561	286279	285572	285065	
293103	292310	290936	290164	289712	
296828	296183	294875	293903	293606	
297654	297026	295389	294634	294729	
298458	297206	296572	294864	295159	
298473	297525	296787	295897	295572	
298228	297568	296116	295325	295318	
296312	294948	294092	293303	292879	
296606	295677	294493	293237	293488	
295265	294314	293321	292671	292338	
296157	295011	293723	293529	292862	
297318	296548	295284	294581	294318	
297428	296325	295131	294413	293697	
295538	294430	294196	292475	292260	
297129	296021	295308	294196	294548	
298880	297348	296499	295508	295292	
298697	297636	296593	296108	295236	
298772	297684	296865	296036	295193	
297781	297178	295604	294778	294174	
293105	291742	290733	290679	289781	
294045	292748	292021	291045	290742	
284037	283447	281551	281353	280948	
287138	285983	284916	284436	283828	
293959	292064	290807	290151	289856	
294415	293630	292643	291493	291271	
296355	294968	294400	293677	292677	
297671	296690	295682	295325	294245	
297105	296279	295576	294822	294305	
295854	295045	293636	292727	292860	
292555	291503	290723	289215	289133	
294153	293342	291968	291839	291080	
290493	289198	288443	287628	287249	
280778	280353	279077	278370	278434	
290693	289630	288918	287750	287262	
293305	292064	290981	290060	289966	
294295	292736	292436	291060	290884	
296286	295290	294497	293099	292617	
296393	296110	295153	294168	293434	
296731	295507	294807	293634	293415	
292239	291110	289955	289355	288920	
289847	289658	288224	287194	287112	
289553	288733	287693	286591	286357	
293542	292492	292039	291181	290652	
295720	294321	293314	293316	292323	
294979	293839	292964	292127	291630	
287972	287389	286215	285402	285245	
292837	291619	290041	289480	289361	
295009	293953	292963	292080	292103	
296336	295383	294176	293536	292950	
296432	295286	294720	293510	292951	
296834	295748	294563	293426	293705	
295682	294991	293503	292364	292521	
295181	294684	293112	292688	291931	
295112	294364	293501	292249	292721	
294125	293293	291791	291338	290523	
291389	289660	288514	288013	288077	
292254	291052	289583	288804	288841	
293994	293327	292379	291523	290490	
294256	293335	292738	291267	291067	
294305	293907	293116	291828	291136	
292970	291955	290815	290129	289262	
287363	285966	285236	284568	283944	
291236	290170	289037	288307	288282	
291490	290107	289480	288374	288312	
291095	290286	289482	288009	287770	
293131	292222	291265	290310	290024	
292942	292067	291499	290535	289819	
293957	293273	292269	291148	291492	
292619	292084	290626	290695	289905	
290011	289034	288331	286972	286850	
286800	285206	284432	283996	283512	
291030	289432	288602	287809	287910	
290966	290174	288774	288607	287185	
285888	285200	284185	283357	282964	
289174	288193	287525	286688	286211	
291542	290219	289570	288974	288570	
291890	290510	289564	288398	288196	
291234	290753	289262	288465	288785	
290447	289512	288540	287376	287230	
286428	285277	284039	283284	283222	
282340	281301	280662	280148	279250	
276662	276050	275301	274606	274355	
282191	280475	279675	279282	278641	
283127	281847	281456	280531	280219	
284249	283277	281879	281303	280862	
277910	276428	275465	274508	274144	
226142	225361	224671	223976	223751	
155464	154624	154452	153789	153370	
118056	117529	117307	116750	116671	
100768	100346	100215	99613.1	99388.8	
79022.4	78557	78474.8	78386.9	78286	
60979.4	60882.2	60650.5	60314	60310.3	
49996.3	49857.9	49618.7	49499.1	49626.2	
43108.4	43153.3	42805.6	42745.8	42499.1	
41166.4	41145.8	41000	40934.6	40803.7	
41706.5	41512.1	41450.5	41175.7	41044.9	
46951.4	46900.9	46590.7	46450.5	46407.5	
53323.4	53143.9	52923.4	52902.8	52629.9	
65715.9	65502.8	65287.9	65192.5	64824.3	
81908.4	81758.9	81461.7	81013.1	80919.6	
103292	102637	102221	102097	101923	
129157	128136	127974	127348	127340	
190424	190434	189550	189103	188428	
208830	208021	207290	206682	206129	
173882	173129	172295	172394	171875	
164232	163781	163067	162807	162237	
126114	125751	125174	124768	124789	
136071	135376	135286	134836	134374	
116994	116336	116262	115847	115578	
104465	103800	103178	103307	103200	
129013	128368	128312	127675	127499	
97889.7	97762.6	97286	96822.4	96551.4	
116849	116393	116054	115523	115690	
130725	130321	129953	129568	129127	
100621	99900.9	99398.1	99097.2	99011.2	
136996	136527	135860	135250	135269	
142411	141813	140918	140925	140581	
110920	110800	110327	109993	109497	
154718	153944	153280	153107	152787	
162428	162211	161009	160636	160406	
126877	126364	126079	125521	125551	
167499	166865	166718	165996	165836	
189477	188718	188097	188155	187387	
149032	148527	148170	147484	147340	
172593	171901	171194	170406	170323	
212828	212335	211265	210716	210667	
183198	182817	181978	181073	181297	
174178	173363	172822	172280	172133	
216415	215307	214628	213826	213398	
216748	216054	215383	214062	214110	
183821	183458	182458	181787	181736	
208639	207893	206807	206578	206385	
240936	240252	239589	238531	238449	
220996	219860	219385	218708	217920	
208262	208077	207157	206757	206237	
243535	242538	241854	240839	240462	
257738	256858	256120	255049	254284	
239751	238656	237622	237473	237280	
236097	235047	234082	234006	233121	
261383	260256	259553	258660	258327	
270807	270351	268892	268624	267858	
258071	257026	255809	255183	255077	
252946	252576	250634	250232	249950	
267714	266649	266323	264624	264882	
271690	270645	269925	268811	268923	
267946	267017	266512	265351	264499	
262944	262129	260946	260176	260045	
274327	273725	272615	271385	270979	
279630	278120	277034	276492	276436	
275473	273665	272693	272116	272129	
266417	265578	264376	263550	263415	
265041	264695	263686	263142	262415	
272907	271998	270748	269964	269615	
277295	277331	275791	274791	274077	
274226	272520	271409	271331	270669	
273333	271607	271022	270559	270215	
269286	268357	266920	267170	266163	
275196	273858	273404	272667	272004	
279931	279103	277837	277394	276996	
280510	278966	278030	277548	276308	
281921	281140	280282	279260	279148	
284652	283615	282092	281807	281159	
285471	284359	283564	282226	282540	
283553	281852	281350	280407	280136	
277105	276695	275206	274774	274351	
277714	276794	275800	275282	274538	
275867	274658	274385	273708	272968	
272138	270684	269847	269492	268385	
276563	275548	274622	273492	273480	
279198	278082	277161	276865	276406	
279606	278759	278211	276419	276594	
280400	279237	278521	277746	277366	
278882	277473	276979	275957	275411	
278921	277764	276882	276204	275951	
280316	278981	278080	277613	277303	
278019	277054	275757	274998	274854	
277131	276677	274966	274219	274490	
280961	279432	278692	277690	277731	
281361	279791	279400	278350	278030	
280045	279284	278084	277538	277114	
280804	279574	278886	278202	277688	
281364	281135	280125	279417	279077	
282890	281794	280736	280206	279617	
283129	281869	281351	279910	280443	
283073	282189	280772	280121	279473	
279753	278884	277966	277118	276516	
275153	274387	273249	272746	272316	
278475	277953	276972	275583	274998	
278626	277357	276630	275761	275112	
273665	272680	271843	271533	270667	
269092	268075	266607	265860	265634	
273764	272718	272039	271237	270527	
276869	275901	274918	273993	273695	
278907	278383	276944	276370	276409	
279196	278335	277770	276942	276363	
280647	278834	278415	277191	276901	
280372	279656	278426	278110	277626	
279131	277892	277615	276193	276213	
278637	277166	277002	275809	275946	
279628	278972	278049	276858	277204	
280693	279391	278968	277686	277564	
280439	279703	278946	277430	277763	
281136	280080	279196	278387	278344	
281314	280576	279193	278346	278284	
281581	280207	279321	278409	278479	
278282	277544	276594	275766	275164	
276069	275034	273987	272957	272329	
274279	273084	272355	271206	270929	
274093	273151	272127	271578	271521	
277529	276273	275424	274617	274503	
278303	277493	276421	275735	274946	
272321	271262	270187	269989	269619	
272157	271323	270568	269264	269381	
276955	275695	274449	273723	273007	
278626	277419	276193	275493	275333	
278376	278228	276731	275964	275809	
278118	277024	275615	275011	274594	
273153	271787	271125	270828	270164	
275621	274258	273447	272344	272669	
277151	276191	275475	274815	274307	
278204	277064	276273	275316	275211	
278505	277340	275800	275243	274921	
276727	276064	275039	273897	273645	
272645	271669	270733	270131	269398	
271632	271043	269662	269331	268830	
272157	270987	269604	269783	268931	
274256	272893	272363	271538	270787	
275490	274527	273125	272228	272118	
275742	275361	273836	273865	273215	
275785	274802	274164	272761	272591	
272372	271779	271159	270108	269542	
273884	272525	271559	270542	270193	
271469	270836	269798	268465	268099	
272617	271807	271077	269998	269080	
274677	273656	272578	271714	271471	
276211	274824	273660	273581	272701	
276336	275209	274684	273430	273189	
276824	275531	274779	273882	273779	
277318	275705	274613	274006	273776	
276555	275583	274570	273564	273987	
276391	274946	275004	273826	273404	
276968	275179	275019	273963	273428	
275748	274972	274028	272959	273204	
275030	274245	273566	272428	272181	
275095	274254	273733	272318	272172	
274471	273813	272710	271950	271931	
270193	268957	268342	266983	267243	
264815	263798	262531	261933	262288	
267424	267411	265951	265213	265054	
266017	264564	264058	263325	263004	
267606	266449	265237	265006	264159	
270189	269477	268269	267974	267034	
271383	270617	269658	268561	268514	
271611	270837	270284	269903	269250	
272331	271170	270877	269215	268882	
272217	271342	269882	269133	268723	
272234	270880	269968	269011	268908	
272589	271269	270809	269542	269157	
271441	270824	269757	268865	268828	
268660	267507	267049	265843	265550	
270108	269269	268297	267673	267260	
271105	269703	268422	268436	268316	
269636	268636	267510	266824	266871	
268753	267473	266264	266157	265738	
270357	269492	268009	266950	267587	
270854	270353	268933	268398	267679	
269976	269378	267254	266936	267415	
269157	268230	267140	266849	266447	
268652	267372	266621	265581	265084	
266985	266417	265151	264520	263880	
265368	264404	263189	262542	262340	
266720	266303	265295	264288	264507	
267024	265862	265464	264733	263753	
264935	263860	262903	262056	261875	
266080	264763	264258	263312	262572	
266207	264970	264279	263843	263286	
265548	264331	263933	262761	262561	
260536	259721	258452	257421	257090	
260721	260191	259387	258290	258559	
262785	261662	260447	260217	260034	
259778	258862	258340	256890	256766	
259871	258873	257841	258015	256873	
262824	262041	260740	260178	259404	
262819	261761	260968	260237	260133	
259963	259600	258477	257837	257544	
259850	258950	258381	257338	257021	
260146	259264	258194	257643	257477	
258875	257821	256508	255951	255828	
255660	254566	253142	252998	252860	
253284	252348	251284	251019	250686	
248989	247944	246750	245864	245632	
246634	245983	245183	244295	244088	
254753	254067	253449	252224	251983	
258189	256821	256176	255598	255133	
252593	251985	251213	249679	250342	
247523	246604	245879	245168	244968	
251985	251166	250520	249449	249368	
257787	257034	255776	255069	255129	
259770	258641	257873	256813	256574	
253845	252985	252034	251662	250776	
247361	246570	245736	245129	244692	
249942	248669	248406	247277	246923	
250983	250381	249224	248161	248686	
252994	251591	250877	250536	250071	
252292	251535	250925	249828	249690	
248948	247905	247355	246536	246318	
245082	243802	243783	243069	242505	
247692	246901	245893	244714	244979	
245768	244826	244189	243890	243563	
251398	249703	249217	248398	248183	
249002	248406	247258	246725	246140	
248744	248075	246686	246191	245903	
251761	250684	249886	248593	248507	
245979	244955	244101	243645	242679	
242344	241449	240409	239684	239262	
242348	241634	240376	239856	239533	
240531	238892	238621	237679	237555	
245824	245303	244226	242856	243178	
250424	249609	248654	248361	247742	
245421	244994	243957	243237	242544	
245254	244305	243320	242607	242086	
249624	248785	247484	246991	246905	
249193	248391	247196	246879	246159	
248207	247176	246546	245387	245054	
244075	243163	242421	241396	240766	
240542	240056	239193	238387	237570	
240948	240120	239041	238783	238151	
245138	243963	243503	242245	241807	
248529	247095	246060	244976	244927	
246086	245664	244763	244187	243987	
248108	246736	245755	245492	244658	
247662	246202	245910	244981	244561	
248222	246576	246234	245250	244716	
247200	246566	245394	244561	244723	
242660	241716	240665	240189	239968	
238671	237303	236529	235948	235656	
234490	233166	232374	231972	231591	
231050	230335	229164	228931	228553	
230467	230114	229465	228641	228437	
236908	236036	235264	234243	233944	
241454	240564	239723	238684	238320	
239067	238221	237140	236406	236136	
239621	238467	238443	237836	236570	
239421	238490	237583	236746	236564	
240746	239751	239164	238574	237740	
243179	242084	241447	240632	240983	
242847	242150	241209	240589	240095	
243957	242970	242409	241609	240910	
244548	243215	242034	241907	241542	
243069	241761	241260	240168	240432	
241890	240791	240589	239559	239204	
243540	242275	241570	240921	240563	
240450	239658	238641	238077	237953	
238462	237701	237015	236200	236234	
238193	237628	237017	236538	236161	
238802	238067	237144	236501	235873	
241557	240381	239862	238761	238819	
240222	239536	238488	237729	237862	
239994	239579	237964	237703	237144	
238538	237174	236393	235936	235882	
236609	235170	234591	234312	233920	
237288	236086	235759	234536	234393	
230978	230123	229037	228107	227940	
221735	220574	219824	219228	218968	
222684	221834	220781	220200	220093	
227849	227239	225923	225733	225168	
228437	227484	226675	226273	226093	
227974	227179	226593	225957	225643	
223361	222665	222026	221021	221204	
214723	214230	212892	212284	212084	
221047	219869	218864	218553	218265	
220600	220112	219437	218230	218542	
215247	214146	213682	213293	212996	
209084	208591	207867	206493	207209	
211712	211071	210114	209239	209273	
212161	211314	210826	210505	210323	
210665	209766	209135	208593	208647	
210379	209284	208671	207658	207090	
206093	205331	205037	204056	203204	
202684	201424	200591	200479	200198	
197830	196778	196436	196120	195536	
195370	194707	194264	193821	193305	
193376	191983	192105	191041	191047	
187465	186065	185774	185110	184677	
184742	184325	183555	182892	183146	
187394	186817	186062	185265	185314	
187015	186305	185839	185114	184888	
183406	183372	182662	182228	182121	
179544	178787	178424	177555	177607	
177817	176456	175751	175335	175265	
177320	176579	176120	175277	175230	
175897	174864	174847	173890	173882	
173755	173370	172574	172084	171535	
171015	170486	169923	169645	169436	
166252	166052	165477	164578	164297	
161636	161176	160576	160028	159753	
156209	155419	154989	154837	154301	
3143.93	3145.79	3140.19	3147.66	3147.66	
3121.5	3114.02	3117.76	3115.89	3119.63	
3112.15	3110.28	3119.63	3110.28	3117.76	
3106.54	3115.89	3112.15	3106.54	3110.28	
