3078.9	3080.73	3084.4	3071.56	3084.4	
3051.38	3058.72	3049.54	3058.72	3060.55	
3049.54	3051.38	3045.87	3047.71	3058.72	
3047.71	3045.87	3045.87	3045.87	3045.87	
181163	180556	181150	182705	182424	
183842	183024	184130	185031	185295	
182945	182596	183569	184328	184459	
187283	186730	187400	188501	188444	
187747	187257	188022	189119	188694	
188791	188147	188938	189716	189637	
187068	186886	187332	188767	188196	
185952	185494	186055	187497	186448	
191372	190734	191877	192906	192554	
195116	194538	195580	196822	196954	
196303	195835	196453	197899	197686	
196413	196176	196695	197994	197668	
193371	192908	194081	195006	194723	
191380	190297	191018	192756	192404	
195277	194774	195393	196464	196083	
198512	197938	198861	200088	199721	
198022	197347	197879	199695	198730	
192712	191890	193152	194281	194057	
194796	194101	195220	196187	195688	
201861	200853	201807	203292	202686	
203050	202094	203077	204760	204070	
203246	202580	203136	204774	204813	
201352	201050	201572	203310	202684	
196633	195861	196806	198211	197861	
196486	195624	196550	197604	197547	
202582	202215	202912	204266	204035	
201262	201092	201831	203428	202888	
198831	198033	199165	200464	200261	
202369	201189	201875	203391	202972	
203855	202824	204306	205561	205068	
199725	198776	200106	201361	201161	
194615	193688	194527	195960	195978	
202383	201571	202451	204028	204174	
206119	205255	205930	207332	207224	
203738	203130	204382	205521	205264	
201791	201015	201888	202961	202934	
201418	200802	201769	202998	202985	
201556	201072	202075	203066	203134	
199778	198949	199666	201007	200356	
202598	201895	202785	204174	203958	
207150	206717	207310	208710	208136	
204561	204217	205512	206378	206229	
202461	201811	202950	203859	204031	
202497	201783	202453	203446	203600	
209042	207952	208666	210422	210018	
211761	210369	211494	212655	212339	
211826	210677	211585	213218	212739	
207095	206006	207451	208472	207756	
200774	199820	200958	201873	202185	
190798	190228	190932	192317	192059	
191369	190450	191607	192499	192657	
203209	201850	203198	204209	204349	
210349	209890	210582	211626	211556	
215387	215350	216050	217246	217022	
218787	216945	218741	220176	219631	
220572	219295	220473	221756	221639	
221712	221336	222297	223710	223372	
220391	219780	220886	222167	222204	
221402	220499	221385	222866	222594	
220306	220156	220932	222193	222327	
217473	216200	217237	218800	218815	
209086	208488	209328	210429	210732	
204585	203899	205061	205800	205534	
210752	209538	210475	212521	211690	
219009	218528	219196	220193	220400	
223202	221877	222971	224178	224224	
222020	220552	221657	223033	223323	
223075	221930	223833	224739	224831	
222211	221828	222989	224055	223831	
225183	224749	225545	227424	226635	
224976	224255	225119	226892	226396	
221139	220499	221347	222888	222749	
221470	220472	221875	222659	222881	
225883	225167	225938	227569	226958	
227932	226817	227472	229264	228659	
229092	227888	229020	230549	230150	
227747	226328	227890	229303	229127	
223363	222389	223910	224996	224578	
220550	219435	220774	221980	222152	
218171	217477	218596	219561	219306	
219609	218694	219468	221218	220771	
223497	222244	223281	224822	224394	
222180	221594	222626	224284	223853	
216719	215938	217284	218539	218628	
214728	214145	214908	216418	215870	
211046	210389	211468	212873	212778	
206361	205919	206818	208272	207512	
191352	191073	191382	192400	192374	
155596	155404	155879	156960	156928	
143418	142978	143497	144378	144213	
189400	188444	189350	190525	190536	
210952	210640	211191	212941	212591	
214483	213554	214655	216037	216261	
218327	217772	218125	219886	219723	
221334	219484	221411	222730	222226	
221398	220385	221350	223020	222431	
223297	222257	223510	224730	224600	
233048	231791	232594	234220	234077	
234512	233407	234011	235763	235583	
232284	231501	232103	233457	233653	
232927	232437	232831	234879	234341	
233317	232497	233233	234894	234686	
231552	230417	231558	233343	232894	
232983	232031	233134	234450	234228	
236978	236378	236996	239125	238517	
235264	234772	235365	237804	237297	
225332	224598	225560	227327	226730	
228747	227640	229046	230431	230206	
237095	236108	237525	239004	238928	
235826	235029	236530	237409	237286	
237758	236985	238527	239743	239400	
241035	240532	241732	243301	242488	
241565	240013	241640	242943	242207	
239684	238486	239903	241561	240969	
240057	239563	240444	242193	241406	
238286	237422	238396	239598	239800	
237987	237444	238105	239857	239639	
242921	241760	242965	244683	244607	
243139	242002	243284	244851	245237	
244783	243844	244903	246846	246237	
245508	244261	245464	246866	246842	
245655	244250	245943	246989	246936	
246989	245472	246372	248250	247820	
246793	245917	247094	248690	248202	
246332	245466	246347	248062	248013	
245996	245431	245747	247828	247453	
245582	244371	245954	247457	246932	
246132	244925	246084	247451	247556	
246112	245343	246473	248143	247771	
243512	242000	242785	244457	244428	
235556	235327	236222	237306	237609	
242292	241272	242330	243982	243250	
247963	246574	247890	249228	249180	
246736	246607	247125	248701	248692	
247007	245859	247160	248923	248292	
245406	244360	245611	247396	246785	
242112	241312	242479	243626	243728	
248385	247426	249042	250110	249734	
249967	248982	250150	251699	251103	
250875	250710	251589	252855	252769	
251794	250657	251618	253257	252683	
251378	250237	251391	252694	252453	
251191	250020	251132	253097	252354	
251772	250695	251617	253013	253275	
252180	251270	252343	253983	253150	
251464	250462	251301	253117	253099	
249189	248084	249521	250589	250670	
243972	242809	243785	244906	245134	
245207	244769	246262	247270	247758	
250587	249613	250426	251650	251822	
250451	249565	250710	252031	252387	
251916	251277	252587	253967	253991	
252829	252206	252686	254651	254202	
253110	252690	253497	255593	254879	
253769	252521	253708	255053	254884	
250228	249334	250262	252336	251967	
242541	241228	242218	244393	243881	
251701	250385	251128	253022	252639	
254378	253383	254743	256697	255527	
255000	254521	255615	257110	256826	
255989	255193	256145	257609	257486	
255958	255266	256376	258312	257901	
256506	255347	256394	257631	257339	
256354	255681	257310	258428	257765	
256866	255919	257101	258277	257761	
256301	255275	256321	258352	258233	
254178	253079	254072	255609	255785	
251585	251112	251965	253602	253728	
254194	253341	254640	255800	256002	
256288	255629	256662	258459	258156	
256448	255943	257191	258563	258453	
253128	252072	253624	255029	254919	
253310	252196	253336	254596	254547	
256732	255572	256846	258283	257864	
257569	256866	257028	259125	258338	
256739	255716	256525	258323	258407	
256176	254490	256026	256936	257130	
252772	252134	253281	255193	254657	
252283	251439	252475	254411	253967	
247350	246572	247257	248932	248598	
251472	250459	251226	253233	253116	
255319	254407	255705	257444	256749	
255488	254361	254928	256903	256479	
258486	257508	258532	260088	259910	
256418	255277	256793	258624	257910	
256448	255631	256589	258646	257976	
259492	258462	259961	261347	260903	
260138	259229	260006	262477	261717	
258897	258046	259835	260785	260431	
257956	257620	259279	260426	260374	
259980	258813	259864	261213	261079	
258154	257618	258248	260484	259594	
257516	256763	257873	259394	259156	
259257	257837	259136	260956	260684	
258228	257440	258611	259980	260090	
258905	258767	259325	260888	260382	
259501	258826	260295	261607	261217	
259266	258079	258804	260672	260741	
256240	255068	256288	257760	257360	
256514	255661	256778	258097	257892	
258042	257840	258200	260180	260422	
261163	259697	260483	262139	262251	
260958	259484	260989	262306	262183	
261811	259972	261257	263050	262952	
262393	261800	262690	264506	264418	
263464	262125	263202	264895	264971	
263288	261873	263367	264771	264769	
262868	262299	262569	264917	264492	
261325	260187	261301	262800	263090	
256512	255949	257371	258723	258694	
261400	260576	261275	263154	262972	
260622	259861	259943	262226	262253	
260431	259240	260958	262176	262099	
264459	263418	264842	266273	265993	
264539	263662	264802	267103	266642	
265490	264125	265406	266585	266820	
266169	265150	266040	267448	267422	
265013	263589	264398	266468	266094	
262255	261380	262339	263767	263255	
261710	260468	261776	263332	263152	
261672	261479	262048	263697	263631	
264314	264095	265117	266728	266598	
265892	264906	265833	268072	267336	
266481	265149	266072	267708	267967	
264185	263165	264374	266211	265611	
263501	262749	263829	265316	265319	
263070	262026	263233	264837	264578	
264503	263714	265213	266152	265804	
265349	263591	264633	267143	266728	
266079	264989	266090	267661	267251	
265462	263850	264787	267272	266677	
263813	262912	263725	265939	265108	
263919	263250	264057	265620	265341	
264967	264059	265499	267167	266738	
263490	261971	263255	265110	264807	
264690	264057	265387	267450	266914	
265806	264569	266099	267844	267396	
265398	264475	265760	267758	266969	
267607	266332	267694	269354	269642	
267576	266136	267244	269108	268774	
264673	263694	264640	266182	265558	
266352	265182	266213	268681	267594	
267802	266877	268468	270369	269332	
267892	267178	268055	269800	269811	
266837	265866	267268	268716	268369	
262204	261354	262088	264046	263708	
266053	264532	265527	267451	267494	
267761	266897	268383	269767	269464	
267077	266339	267409	269600	268974	
267472	266980	267686	269750	269481	
265908	264563	265960	267391	267574	
261899	260494	262055	263527	263879	
258193	257974	258653	260668	260262	
254552	253462	254861	255932	255886	
256831	255980	257281	258062	258339	
265290	264130	265083	266413	266389	
267703	266607	267651	269701	269316	
266807	265365	266965	268965	267868	
267582	266283	268090	269738	268771	
268402	267112	268233	270103	269987	
266272	265453	266431	268389	267835	
259114	258639	259088	261464	260684	
261703	260332	262182	263706	263334	
262154	260901	262516	264650	263873	
264697	264251	265086	267020	266413	
262716	261365	263248	264787	264644	
263923	263235	264765	266022	265861	
260246	259169	259455	261914	261569	
220919	220279	220927	222640	222716	
155765	155754	156308	157336	156791	
161648	161117	161800	162972	162429	
170928	169872	171217	172004	171960	
180980	180086	180879	182031	181802	
191901	191341	192268	194026	193182	
204783	203897	204692	205703	205679	
220550	219646	220857	222268	221906	
235710	234488	235859	237385	236712	
252018	251330	251899	253712	253483	
243694	243183	243650	245145	244714	
235389	235050	235815	237339	236980	
222719	222017	222646	224132	224031	
227910	226875	227939	229510	229176	
220572	219699	220558	222618	222328	
230475	229662	230749	232475	231936	
219688	219147	220007	221723	221455	
235215	234428	234794	236758	236655	
218958	218165	220009	220976	220525	
242163	240356	241866	243083	242545	
229369	228158	229130	231044	230516	
238800	237352	238763	240699	239894	
244270	242872	244363	246301	245439	
230086	229172	230152	232009	231642	
250686	249782	250642	252736	252323	
243191	242143	243446	244602	244908	
244385	243688	244738	246407	245897	
257130	256622	257433	259145	259015	
242035	240703	241587	243415	243481	
243961	243727	244809	246110	246011	
254207	253708	254499	256343	255961	
246582	245602	247101	248582	248035	
255565	254646	255923	257505	257341	
261618	260536	262158	263446	263110	
247411	246934	247657	249549	248450	
247431	246565	247994	249406	249185	
257048	255582	256556	258532	258130	
253161	252167	253178	255275	254371	
241782	240468	241826	243589	243062	
250171	249404	250028	251699	251589	
248503	247780	249193	249949	250453	
251415	250143	251139	253261	252473	
257831	256574	257881	259473	259442	
248906	247932	249435	250662	250743	
237829	237631	238084	239554	239123	
237650	236653	237527	238963	239231	
243585	242761	243950	245407	245569	
251939	250974	251850	253444	253519	
255075	254294	255530	256853	256431	
244255	243534	244330	245806	245662	
250969	250035	250585	252426	252127	
254662	253952	254872	256609	256352	
256211	255730	256541	258457	257938	
255723	255218	256305	257745	257738	
246807	245283	246402	247972	247275	
255547	254796	255550	257354	256967	
252527	251994	253464	255061	253958	
251510	251339	251960	253108	253244	
263919	263213	264376	266150	265218	
264923	263233	264536	265853	265925	
268439	267818	268323	270435	269861	
273185	272664	273530	275631	275114	
273105	271620	273306	274879	274820	
267213	266583	267358	268659	268848	
271145	270426	271176	272692	272543	
270776	269761	271316	273178	272506	
263657	262802	264308	265798	265273	
255374	253844	255686	256921	256338	
256051	254572	255637	257927	257336	
264429	263266	264301	265879	265648	
269439	268738	269699	271264	271477	
269738	268749	270004	271602	271317	
260481	259404	260514	262235	261846	
255310	254429	255424	257057	256866	
249826	249721	250262	252308	251919	
257558	256883	257615	259492	259393	
259528	258297	259653	260672	261068	
252879	251905	253569	254618	254057	
266695	265242	266143	268378	267906	
264558	263306	264363	266459	266123	
249428	249437	249820	250969	251352	
258862	258112	258923	261121	260224	
263020	261980	263248	265314	264888	
250160	249450	250510	251846	251914	
240251	239391	240169	241982	241793	
256123	254861	256108	257677	257259	
263167	262172	263345	265141	264499	
258967	257919	258853	261051	260901	
259928	258583	259664	261572	261095	
264385	263506	264534	266901	266727	
249358	248503	249668	250912	250928	
241372	240018	241756	242701	243356	
259743	258617	259356	261578	261604	
264686	263477	264644	266943	266556	
261059	259516	260822	263292	262061	
249215	247897	248306	250664	250277	
255262	254303	255818	256908	257240	
248541	246591	248176	249813	249220	
254771	254083	254736	256558	256633	
267440	266483	267679	269347	269081	
272629	271672	273020	274739	274156	
274242	272806	274644	275789	275806	
269851	268442	269723	271158	271714	
266004	264182	265297	266936	267472	
255415	254567	255525	256974	257226	
256963	256567	257165	258763	258310	
269950	268809	270059	271974	271505	
274506	272958	274218	276156	276081	
273374	272020	273488	275172	274835	
272950	271987	273072	274910	274771	
273387	272510	273932	275437	275239	
271501	270081	271552	273061	272741	
263369	262294	263890	265130	264965	
260956	260119	261123	263031	262897	
268558	267510	268837	270567	270312	
268270	266969	267969	270112	269268	
269121	267921	268894	270350	270360	
269618	267890	269383	271606	270804	
268692	267662	269050	270226	270178	
270719	269872	271156	272892	272483	
271512	270600	271508	273462	272675	
269486	268556	269240	271196	271006	
268372	267448	268846	270503	270295	
271094	270226	271026	272868	272406	
274490	273567	273991	275822	276393	
272894	271538	273231	274446	274558	
275185	273589	275332	276939	276840	
275672	273928	275233	276585	276750	
272459	271771	272712	274875	274026	
269672	268804	269719	271837	271556	
274857	273279	274116	275851	276209	
275945	274974	276024	277914	277723	
271130	269906	271000	273081	272589	
270497	268875	270549	272213	271664	
272028	270939	272018	273622	273626	
271429	270262	271789	273450	273112	
270780	269730	271149	272938	272264	
274677	273650	274011	276796	275706	
275004	274574	275637	277277	276651	
274598	273488	274350	276706	275842	
274771	273837	274818	276750	276554	
275690	274070	275242	277356	276602	
275167	274075	275470	277099	277222	
275960	275158	276783	277982	277547	
277138	276429	277561	279525	278785	
277672	276618	277771	279582	279380	
274837	274125	275092	276783	276961	
276103	275323	276006	277776	278088	
275600	274295	275787	277517	276822	
272387	271295	272861	274361	274092	
274756	274167	275011	277594	276510	
276134	275824	277117	278646	278650	
277800	277024	277620	279747	279319	
275717	274796	275778	277783	277552	
275798	274994	276272	277695	277483	
275189	274059	275251	276378	276561	
271211	269756	271334	273200	272488	
278103	276928	278347	279806	279396	
279506	278875	279523	281516	281596	
276048	274949	275989	277558	278299	
273044	272328	273763	274983	274705	
267629	266846	268361	269226	269284	
271444	270347	271433	272708	273006	
275193	274646	275602	277189	277481	
279018	277870	279083	281018	280771	
276883	275572	277268	279031	278642	
278580	277560	279147	280328	280448	
277763	276760	278007	279699	279413	
275727	274519	275372	277345	277369	
275906	275134	276152	277899	277728	
274640	273688	274980	276844	275815	
269240	267448	268965	270481	270026	
260606	260261	261160	262750	262787	
266723	265594	267002	267961	268475	
270428	269092	270062	272024	271253	
276943	275369	276565	278057	277811	
275618	274295	275859	277738	276974	
273813	272716	273510	275161	274809	
272143	270594	272242	274328	273534	
272077	271092	271791	273461	273587	
270954	270532	271640	273358	273217	
263349	262494	263596	265143	264699	
244883	244215	244972	246455	246633	
239897	238917	239980	241481	241090	
228371	226745	228224	229828	229510	
233809	232734	233420	235358	234613	
226917	225609	227099	228538	227998	
211905	210576	211785	213073	213121	
213914	213114	214017	215552	215139	
218248	216987	217749	219396	219440	
197538	197022	197736	199288	199103	
228541	228163	228466	230589	229820	
227820	226611	228156	229112	228991	
219516	218756	219483	221147	220763	
215200	214576	215325	216899	216613	
188890	188352	189266	190187	189989	
170840	170413	171281	172103	172360	
219020	217921	219145	220394	220158	
229156	228611	229655	230897	230754	
193637	193031	193483	195145	194894	
190521	189772	190431	191875	191261	
208330	207839	207971	209618	209541	
216110	214930	216228	217626	216732	
209767	209297	210106	211150	211393	
204985	204114	204917	206721	206228	
187600	186890	187609	188806	188356	
214083	213527	214105	215646	215356	
206571	205883	206657	208154	207684	
205044	204455	204919	206407	205675	
227127	225857	227070	228582	228372	
238453	237257	238200	240084	239675	
252527	251305	252105	254073	253844	
265633	264508	265585	266824	266594	
269600	267947	269782	271727	271150	
258413	256910	257908	259450	259132	
254947	254128	255409	257152	256503	
260796	260040	260607	262824	262191	
268055	267338	268512	270178	269747	
264009	262657	264172	265255	265110	
247664	246006	247543	249683	249314	
261767	260719	261534	263007	263075	
249035	248576	249694	251163	250873	
254072	253202	254220	255714	255563	
262697	261090	262272	264464	264073	
238187	238057	238817	240547	239892	
209409	208567	209328	210873	210703	
194606	193982	194583	195820	195470	
221767	220928	221721	223204	223029	
248398	247218	248703	249749	249211	
223807	222635	223958	225341	224950	
220130	219372	220409	221510	221607	
224985	223969	225000	226387	226239	
219185	218128	218943	220534	220391	
228358	227172	228204	229457	229617	
240505	239139	240578	241875	241868	
244244	242967	244268	245853	245517	
235798	235339	236077	237747	237398	
197855	197404	197967	199246	199013	
210418	210128	211070	212437	212393	
246279	245998	246738	248317	248459	
235095	233961	234998	236090	236394	
242994	241996	243862	244594	244606	
241191	239717	240983	242602	242512	
231637	230875	231361	233066	233101	
229046	228664	229169	230822	230776	
206198	205409	206550	207738	207752	
240292	239536	240328	242483	242251	
256451	254593	256150	257215	256815	
246617	245334	246591	247996	248182	
253560	251976	252899	254650	254611	
230497	229233	230468	231699	231312	
231451	230545	231409	233127	232633	
199250	198132	199851	201363	200523	
196094	195250	195780	197198	196778	
231857	230908	232209	233530	233332	
244042	243361	245029	245829	246183	
244877	243650	245182	246317	246372	
260560	259483	260681	261884	261890	
263295	262310	263679	264945	264613	
236717	235383	236994	238325	237930	
225850	224952	225490	227657	227165	
204954	204486	205343	207024	206650	
210464	210174	210587	212339	211903	
223820	222978	224088	225378	225139	
233539	232886	233536	235716	234732	
257209	256319	257426	259354	259051	
262167	261046	262303	264226	263301	
246345	244912	246684	247853	248051	
245686	244048	245519	247161	246734	
219064	218018	219097	220279	220361	
227279	226767	227642	228646	228631	
251325	250771	251494	253439	252835	
250191	249119	249888	251861	251640	
229101	228215	229261	230794	230666	
231200	230143	231778	233033	232758	
239655	238743	239963	241139	240835	
253556	252626	253646	255257	255077	
249336	247646	249206	251185	250761	
235930	235149	235987	237684	237791	
235936	234550	235347	237310	237218	
255903	254809	256532	258266	257916	
269972	268615	269776	270974	270987	
269705	268890	269688	271494	271664	
268233	267624	268596	270451	269908	
257560	256761	257728	259138	259147	
266506	265196	266455	268303	267620	
269534	268196	270398	271310	270993	
266657	266328	266901	268440	268512	
259662	258284	259692	261404	260927	
262031	261081	262224	264143	263406	
271352	270244	271580	273387	273609	
281618	280558	281728	283530	283464	
283681	282143	284128	286270	285738	
282413	281870	282661	285077	284385	
282306	281398	282549	284398	284130	
269073	268283	269051	271046	270552	
274501	273640	274536	276228	276229	
277684	276407	277246	279128	278650	
267095	266270	267484	269615	268864	
264626	263806	265550	266734	266424	
272029	271026	272211	273934	273835	
271448	270717	271723	273747	273310	
271161	270358	271789	272890	272352	
266332	265554	266983	268092	267664	
272308	271174	272728	274011	273859	
271593	270316	271541	273308	273294	
264763	264262	265396	267006	266738	
266855	265868	266635	268774	267721	
266360	265209	266556	268103	268330	
270789	269488	270930	272369	272015	
275321	274567	275206	277558	276998	
267158	265862	267558	269211	268910	
273932	272624	273899	275666	275404	
278268	276901	278402	279490	278705	
279117	278152	278861	280971	280607	
280670	279462	280483	282530	282325	
280323	279842	280224	282339	282059	
280760	279372	280406	282317	281978	
284233	283200	284233	285793	285594	
278334	276960	278404	280150	279677	
270462	269912	270771	272506	272022	
273927	272886	273745	275892	275356	
271226	269994	271218	273051	272550	
269360	268073	269750	270840	271479	
264668	263472	264648	266332	265956	
268029	267202	268761	270057	269613	
273308	272745	273673	275558	275488	
274253	273345	274939	276455	275772	
276314	275077	276394	277950	278101	
276156	274679	276035	277692	277176	
280569	279993	281026	283125	282336	
276866	276222	277393	279356	278673	
279842	278339	279321	281154	280728	
284772	283459	284730	286059	286314	
282222	281543	282506	284288	283872	
279653	278839	279413	281604	281418	
280020	279328	280235	282156	281670	
271116	270075	271116	273040	272648	
270202	269380	270596	272013	271433	
280851	279809	281006	283029	282571	
276886	276090	276600	278800	278264	
272206	270985	271928	273787	273387	
280084	280411	280868	282439	281994	
281760	280903	282068	283850	283683	
282842	282330	283165	284499	284936	
275305	274607	275675	277683	277593	
272453	271734	272628	274112	273675	
279736	277965	279563	281061	280956	
284569	283378	284716	286818	286094	
286695	285956	287462	289407	288688	
287141	286428	287413	289459	288932	
284583	284009	285394	286778	287057	
287356	285811	287490	289172	288802	
288361	286708	288312	289941	289631	
287039	285813	287244	289539	289031	
287787	287057	287969	289510	289312	
287668	286750	288312	289877	289204	
282299	281783	282591	284622	284154	
283279	282072	283310	285517	284580	
284411	283272	284044	285967	285554	
277985	276954	278202	279525	279440	
277974	277196	278596	280306	279435	
282382	281895	283218	284950	284222	
285147	284609	285870	287961	287306	
288250	286706	287767	289857	289242	
288677	287262	288525	290868	290539	
289323	288290	288974	291152	290468	
289527	288831	290391	291750	290829	
289462	288749	289842	292306	291583	
289954	288426	290206	292119	291382	
286488	286031	286842	288963	289246	
278429	277789	279270	280936	280734	
283127	282066	283215	285037	284429	
287286	286169	286422	288862	288587	
287523	286835	288200	289483	289598	
288086	287527	288582	290231	289844	
288829	287741	288914	290813	290250	
288261	287426	288127	290295	289800	
286385	285182	286547	288139	288200	
286286	285398	286503	288617	288794	
285789	284853	285905	287490	287090	
286512	285149	286268	287963	288029	
287433	286725	287763	289692	288960	
286798	286949	287349	289334	289127	
285993	284569	285154	287637	287415	
287317	286543	287461	289211	288774	
288642	287406	288468	290116	290439	
288273	287642	289156	290862	290095	
288576	288061	288831	291218	290514	
287802	286677	288288	289919	289361	
282842	282200	283455	285316	284811	
283928	282866	284470	285956	285369	
274295	273710	274534	276615	276127	
277189	276554	277314	279624	278679	
283272	282738	283385	285328	285046	
284523	283479	284736	286761	286070	
285947	285343	286470	288295	288121	
287530	286468	287659	289728	289442	
287466	286506	287593	289182	289094	
285822	284822	285697	287332	287022	
282552	281624	282690	284554	284406	
284206	283083	284473	286297	286139	
280468	279894	280914	282119	281648	
271239	270780	272231	273297	273132	
280741	279525	281077	282846	282042	
283209	282114	282947	285231	284927	
284752	283631	285317	286299	286470	
286508	285114	286495	288224	287440	
286903	286156	287321	288923	288857	
286844	285606	286578	288349	288255	
282624	281429	282376	284411	284338	
280745	279242	280991	282229	282143	
279917	278752	279719	281383	280976	
284132	282486	283928	285998	285725	
285561	284701	285895	288180	287440	
284648	284272	285035	286640	286699	
278561	277297	278956	280279	280273	
283218	282114	282833	284664	284457	
285259	284180	285435	287407	286785	
286418	285598	286850	288613	287756	
286371	285292	286312	288585	288180	
286785	285481	286862	288525	287903	
285670	284987	285899	288143	287613	
285439	284719	285631	287565	287117	
285306	284361	286154	287319	287270	
284343	283136	284628	286374	286013	
280853	280393	281648	282976	282435	
282571	281101	282253	284163	283470	
284273	283494	284286	286259	285947	
284661	283374	284670	286059	286499	
284121	283543	284892	286508	286044	
282673	282116	283044	284787	284571	
277572	276090	277763	279617	279112	
281369	280688	281791	283024	283336	
282057	280982	282253	283462	283506	
281321	280418	281989	283110	283128	
283396	282336	284114	285556	284725	
283407	282306	283686	284895	285185	
284428	283396	284273	286072	285659	
282930	282385	283558	285178	285218	
280459	279760	281053	282150	281794	
277312	276694	277622	279017	278802	
280774	279864	281939	282919	283099	
281305	280149	281007	283066	282903	
276873	275106	276510	278099	277607	
279754	278672	279606	281492	281244	
281664	280994	281985	283628	283218	
281780	280492	282094	283512	283705	
281833	280481	281499	283765	283569	
280527	279433	280437	282472	282163	
276969	275701	276989	278811	278306	
273415	272567	273376	274868	274761	
267523	267035	268017	269103	269204	
273000	271363	272138	274253	273732	
274149	272945	273901	275594	275246	
274716	273422	274747	276301	276187	
268182	266956	268297	270013	269262	
218886	218217	218969	220352	220339	
150593	150152	150809	151622	151679	
114453	114040	114673	115433	115420	
98154.1	97946.8	98260.6	98517.4	98743.1	
77117.4	76754.1	76893.6	77715.6	77521.1	
59462.4	59295.4	59664.2	59985.3	60099.1	
49095.4	48778	49018.3	49282.6	49236.7	
42324.8	42356	42504.6	42693.6	42662.4	
40636.7	40567	40453.2	40968.8	40878.9	
40895.4	40811	40849.5	41168.8	41176.1	
46023.9	46183.5	46122.9	46198.2	46269.7	
52218.3	51917.4	51978	52392.7	52233	
64405.5	64020.2	64156	64913.8	64622	
79721.1	79247.7	79601.8	80234.9	79987.2	
100154	99726.6	100365	101051	100694	
124580	123822	124558	125426	125105	
183872	183424	184343	185229	185068	
201661	201264	201385	202811	202607	
167806	167644	168376	169506	169105	
158848	158149	159042	160055	159756	
121958	121917	122167	122989	123103	
131508	130672	131644	132352	132358	
113655	112758	113576	114288	114077	
100899	100139	100796	101837	101699	
124791	124352	125281	125947	125530	
95102.8	94750.5	95256.9	95919.3	95713.8	
112921	112961	113099	113961	113941	
126864	126727	127156	127780	127578	
97128.4	97029.4	97675.2	98300.9	97908.3	
131587	131917	132226	133213	132989	
138042	137490	138033	138767	138899	
107596	107228	107771	108512	108128	
149301	148615	149640	150217	150222	
157125	157020	157598	158861	157817	
122976	122484	123244	123886	123806	
161901	161316	161622	163183	162550	
182952	182705	183684	184811	184459	
144301	143617	144473	145350	145317	
166422	165558	166732	167725	167400	
205683	204998	206288	206750	206950	
177602	176989	177727	178606	178633	
168382	167457	168226	169475	169492	
208385	207894	208989	210347	209508	
209848	208552	209350	210982	210932	
177686	177006	177877	179312	178600	
201327	200332	201839	202497	202607	
232624	232462	233128	234572	234536	
213596	212626	214228	214745	214910	
201914	200688	201519	203037	202785	
235090	234580	235582	236442	236501	
249439	248101	249385	250903	250659	
232029	230728	231903	233723	233176	
228303	226974	227899	229817	229224	
252628	251585	252651	254209	254006	
261672	260782	262292	263796	263077	
249062	247943	249769	250554	250376	
244752	243479	244629	246453	245591	
258380	257389	258901	260578	260314	
262567	261905	262965	264086	264290	
259125	258547	258987	261086	260506	
254213	252730	254422	255822	255360	
265072	263989	264967	266820	266806	
269776	268633	270217	271958	271174	
265802	264730	265923	267969	267574	
257439	256617	257490	258943	258622	
256809	256028	257363	258639	258284	
263750	262237	263646	265266	265409	
268000	267580	268921	270283	269582	
264099	263894	264978	266517	266374	
264035	263284	264207	266031	265701	
259971	259376	260461	261936	261994	
265928	264697	266371	267829	267761	
270673	269583	270846	272572	272437	
270730	269525	270516	272730	272114	
272587	271150	273035	274684	274149	
274837	273983	274950	276629	276514	
275446	274734	275936	277519	277125	
273383	272994	273899	275844	275464	
268083	266774	268064	269897	269939	
268534	267505	268675	270385	269782	
266857	265439	266545	268750	268369	
262626	262083	262862	264319	264389	
267059	266020	267305	269033	268611	
269741	268879	269809	271343	271409	
270015	269406	271057	272154	272218	
270418	269895	271015	272589	272583	
269299	268295	269167	271426	270312	
269158	268794	269380	271554	271026	
271147	270231	270782	272332	272642	
268895	267877	268791	270519	270369	
267919	266732	267886	269404	269464	
271261	270382	271160	273224	272587	
271250	270875	272406	273675	273228	
270383	270382	270947	272637	272813	
270908	270193	271545	273015	272875	
272475	271761	272782	274439	274183	
273284	272099	273462	274853	274466	
273193	272262	273681	275123	274646	
273360	272387	273673	275639	275387	
270363	269042	270123	272365	271677	
265826	264892	265980	267767	267572	
269006	268572	269050	270897	270461	
269136	268279	269277	271149	270428	
264517	263802	265317	266224	266380	
259846	258738	260044	261495	261006	
264308	263264	264589	266145	265640	
267552	266717	267965	269398	268589	
270290	269116	269897	271303	271255	
270194	268985	270336	271883	271442	
270917	269877	270541	272468	272367	
271141	270525	271394	272866	272727	
269846	269167	269534	271695	271123	
269090	268376	269428	270580	270800	
270317	269422	270617	272240	271828	
270815	270031	271187	272462	272317	
271059	270349	271455	272895	273233	
271837	270598	271772	273015	273582	
272020	270760	271899	273659	273448	
272059	270776	271683	273844	273637	
268688	268189	269002	270936	270549	
266448	265385	266389	268406	268517	
264501	263796	264637	266602	266028	
264679	264176	264866	266257	266396	
268026	267013	268543	269506	270011	
268928	267941	269127	270272	270253	
263152	262576	263406	265029	264972	
262928	261958	263712	264734	264389	
267433	266609	267499	269138	268895	
269506	267828	269295	270706	270560	
269864	268167	269411	271994	271055	
268776	268039	268365	270097	270244	
263881	263429	264163	265637	265483	
265967	264991	266018	268161	267563	
268009	266888	268290	269789	269996	
268892	267899	268809	270325	270695	
268921	268286	269127	270512	270602	
267675	266864	267440	269561	269125	
263339	262446	263818	265813	265147	
262998	261585	262938	264739	264279	
261928	261451	262631	264661	263426	
265468	263961	265347	266727	266708	
266774	265317	266334	268116	267778	
266985	266228	267424	268268	268780	
266602	265622	266477	268461	267809	
263402	262661	263466	265204	264842	
264154	263639	264244	266143	266275	
262620	261745	262415	264706	263532	
263345	262295	263160	265046	264873	
265941	264653	265301	267306	267039	
266697	265620	266822	267928	268420	
267020	266255	267371	268725	268246	
267450	266334	267204	268941	268424	
267264	266508	267637	269367	268983	
266886	266336	267301	269750	268512	
266866	266488	267461	268783	268710	
267306	266431	267149	268804	268961	
266695	265833	267202	268268	268409	
266139	265251	266316	268143	267956	
265730	265139	265980	267985	267407	
265626	264519	265848	267521	267846	
261273	259717	260967	262934	261987	
255541	254455	256086	257319	256510	
258761	258255	259207	260833	260440	
256517	255807	256596	258506	258103	
258194	257457	258620	260128	260339	
261358	260301	261224	262793	262983	
262536	260756	262594	264073	264165	
263391	261921	262971	265002	264528	
263505	262149	263084	264747	264639	
263070	261916	262945	264477	264046	
262728	261481	262908	264516	264497	
263084	262349	263112	265072	264394	
262158	261378	262651	264193	264059	
259481	258437	259754	261330	261310	
261437	259818	261178	262894	262499	
262284	260831	261861	263699	263739	
260062	259389	260389	262462	261906	
259165	258435	259576	261204	261345	
261530	260261	261484	262820	262268	
261985	260752	261506	263683	263259	
260806	260229	260721	262958	262406	
259690	259066	260317	262261	261644	
259435	258683	259749	261488	260727	
258059	256967	257932	259767	258969	
256477	255466	256273	258039	257714	
258728	257585	258668	260239	259971	
258169	257134	257861	259851	259727	
255864	255409	256316	257782	257695	
257048	256224	257734	259206	258672	
256886	255945	257345	258912	259332	
256620	255758	256705	258798	257783	
251415	251163	251987	253147	253119	
252272	251580	252503	253422	253622	
254224	252884	253787	255284	254888	
251123	250367	251051	252972	253171	
251180	250198	251473	253272	252530	
253835	253117	254262	255976	255453	
254143	252934	254037	255334	255450	
251132	250031	252062	253132	253297	
251378	250145	251297	253455	252910	
251761	251006	251736	253495	253035	
250556	249239	250367	251752	251734	
247094	246824	247505	248978	248490	
244910	244350	245440	246549	246835	
241365	240299	241081	242646	242679	
238921	237978	239138	240411	239978	
246248	245479	246393	248728	247932	
249389	248697	249734	250914	251371	
244349	243752	244721	246444	246317	
239642	238921	239908	241677	241383	
244062	243176	244295	245516	245473	
249213	248622	249072	251180	250895	
250985	250281	251154	252673	252286	
245824	244494	245644	247360	246818	
239426	239007	239530	241560	240582	
241692	241207	241650	243297	243512	
243050	241960	242651	244750	244640	
244051	243716	244143	246185	245708	
244719	243642	243890	246400	245567	
240919	239923	241163	242958	242024	
237492	236323	237288	239165	238771	
239345	238372	239255	241339	240530	
238194	237033	238352	239739	239378	
242483	241771	242400	244033	244204	
240437	240009	240732	242255	242248	
240486	239683	240703	241464	241659	
242930	242253	243464	244763	244644	
237679	237312	238316	239780	239387	
234251	233345	234864	236336	236062	
234721	233394	234613	236461	235767	
232424	231266	232594	233712	233820	
237694	236804	237464	239139	239299	
242519	241488	242127	243888	243072	
237554	236826	237672	239521	238778	
236712	236183	237037	238761	238503	
240727	240290	241554	242686	242558	
241105	239976	241341	242229	242114	
239661	238802	239794	241176	241086	
236207	234897	236020	236998	236996	
232956	231450	232637	234231	233659	
232290	231879	232690	234550	234376	
236519	235095	236888	238248	237547	
239745	239015	239738	241029	241015	
238110	238094	238571	239908	239574	
239521	238961	239717	241046	240745	
238989	237721	238921	240745	240949	
239257	238657	239316	240892	241237	
239002	238306	239494	240200	240508	
234319	233648	234576	236640	235958	
230659	229506	230794	232917	232125	
226917	225982	226609	228314	228226	
223813	222912	223772	225602	224870	
223607	222732	223642	225339	224875	
228989	228048	228848	230888	230402	
233516	232409	233583	234888	235220	
231541	230312	231336	232695	232451	
231701	231288	232281	233628	232945	
231391	230798	231839	233563	232699	
232791	231877	232897	234407	234240	
235319	233943	234741	236523	235974	
234670	233894	234901	236154	235831	
235710	235007	235886	237565	237161	
236222	234730	236312	237418	237257	
234606	233851	235044	236209	236224	
234000	233666	233868	235783	235442	
235147	234585	235360	237194	236780	
232406	231991	232314	234391	234154	
230881	230106	230750	232396	232077	
230639	230250	231097	232114	231972	
231004	230117	231312	232776	232506	
233143	232051	234017	234617	234703	
232154	231761	232196	233633	233541	
232191	231369	231927	233593	233090	
229831	229332	230253	231738	231347	
228413	227910	229128	230015	229855	
229150	228554	229543	231125	230662	
223593	222453	223455	225207	224800	
214305	213497	214686	216031	215719	
215182	214417	215453	216824	216673	
220090	219506	220624	222123	221668	
220611	220286	220877	222666	221978	
220826	219824	220618	222004	221829	
215767	215457	216486	217527	217191	
207794	207314	207936	209279	208994	
212983	212437	213462	214886	214439	
213429	212538	213372	214916	215086	
208217	207639	208417	209266	209084	
202229	201415	202242	203681	203343	
204468	203450	205050	206406	205714	
205961	204611	205279	207169	206719	
203574	202793	203556	204818	204479	
203266	202673	203145	204580	204033	
199123	198294	199383	200538	200204	
195653	195123	195760	197130	196367	
191073	190686	191451	192417	192242	
189239	188554	189040	190292	190281	
186519	185930	186950	188130	187675	
180363	179721	180670	181734	181754	
178349	177969	178567	179835	179912	
180807	180275	181255	182310	181925	
180989	180101	180440	181985	181868	
177604	177231	177730	178697	178706	
173505	172868	173338	174428	174387	
171363	170534	171239	172257	171662	
171207	170732	171240	172475	172033	
169686	168875	170066	171187	170338	
168004	166738	167853	168938	168906	
164983	164701	165347	166180	166044	
160380	159712	160752	161769	161415	
156145	155745	156095	157484	157062	
150666	150020	150574	151991	151538	
3084.4	3089.91	3086.24	3088.07	3091.74	
3060.55	3060.55	3066.06	3056.88	3058.72	
3055.05	3049.54	3053.21	3053.21	3055.05	
3055.05	3055.05	3056.88	3051.38	3053.21	
