3913.55	3911.21	3913.55	3911.21	3913.55	
3883.18	3878.5	3883.18	3878.5	3883.18	
3869.16	3876.17	3869.16	3876.17	3869.16	
3880.84	3869.16	3880.84	3869.16	3880.84	
3885.51	3887.85	3885.51	3887.85	3885.51	
3880.84	3894.86	3880.84	3894.86	3880.84	
3892.52	3885.51	3892.52	3885.51	3892.52	
3890.19	3899.53	3890.19	3899.53	3890.19	
3878.5	3901.87	3878.5	3901.87	3878.5	
3890.19	3892.52	3890.19	3892.52	3890.19	
3894.86	3890.19	3894.86	3890.19	3894.86	
3901.87	3894.86	3901.87	3894.86	3901.87	
3887.85	3885.51	3887.85	3885.51	3887.85	
3897.2	3883.18	3897.2	3883.18	3897.2	
3892.52	3883.18	3892.52	3883.18	3892.52	
3894.86	3880.84	3894.86	3880.84	3894.86	
3897.2	3890.19	3897.2	3890.19	3897.2	
3887.85	3892.52	3887.85	3892.52	3887.85	
3890.19	3899.53	3890.19	3899.53	3890.19	
3897.2	3899.53	3897.2	3899.53	3897.2	
3892.52	3901.87	3892.52	3901.87	3892.52	
3897.2	3904.21	3897.2	3904.21	3897.2	
3883.18	3897.2	3883.18	3897.2	3883.18	
3899.53	3883.18	3899.53	3883.18	3899.53	
3887.85	3899.53	3887.85	3899.53	3887.85	
3890.19	3887.85	3890.19	3887.85	3890.19	
3887.85	3901.87	3887.85	3901.87	3887.85	
3894.86	3901.87	3894.86	3901.87	3894.86	
3901.87	3906.54	3901.87	3906.54	3901.87	
3890.19	3899.53	3890.19	3899.53	3890.19	
3897.2	3897.2	3897.2	3897.2	3897.2	
3894.86	3892.52	3894.86	3892.52	3894.86	
3892.52	3890.19	3892.52	3890.19	3892.52	
3887.85	3897.2	3887.85	3897.2	3887.85	
3904.21	3897.2	3904.21	3897.2	3904.21	
3897.2	3885.51	3897.2	3885.51	3897.2	
3892.52	3894.86	3892.52	3894.86	3892.52	
3904.21	3890.19	3904.21	3890.19	3904.21	
3890.19	3906.54	3890.19	3906.54	3890.19	
3899.53	3899.53	3899.53	3899.53	3899.53	
3897.2	3901.87	3897.2	3901.87	3897.2	
3890.19	3897.2	3890.19	3897.2	3890.19	
3894.86	3899.53	3894.86	3899.53	3894.86	
3887.85	3897.2	3887.85	3897.2	3887.85	
3904.21	3894.86	3904.21	3894.86	3904.21	
3899.53	3897.2	3899.53	3897.2	3899.53	
3897.2	3887.85	3897.2	3887.85	3897.2	
3899.53	3894.86	3899.53	3894.86	3899.53	
3899.53	3892.52	3899.53	3892.52	3899.53	
3892.52	3897.2	3892.52	3897.2	3892.52	
3901.87	3899.53	3901.87	3899.53	3901.87	
3899.53	3911.21	3899.53	3911.21	3899.53	
3899.53	3904.21	3899.53	3904.21	3899.53	
3897.2	3885.51	3897.2	3885.51	3897.2	
3894.86	3897.2	3894.86	3897.2	3894.86	
3894.86	3897.2	3894.86	3897.2	3894.86	
3894.86	3897.2	3894.86	3897.2	3894.86	
3897.2	3894.86	3897.2	3894.86	3897.2	
3901.87	3906.54	3901.87	3906.54	3901.87	
3899.53	3892.52	3899.53	3892.52	3899.53	
3908.88	3904.21	3908.88	3904.21	3908.88	
3901.87	3894.86	3901.87	3894.86	3901.87	
3887.85	3897.2	3887.85	3897.2	3887.85	
3894.86	3892.52	3894.86	3892.52	3894.86	
3892.52	3901.87	3892.52	3901.87	3892.52	
3894.86	3901.87	3894.86	3901.87	3894.86	
3885.51	3899.53	3885.51	3899.53	3885.51	
3899.53	3892.52	3899.53	3892.52	3899.53	
3899.53	3890.19	3899.53	3890.19	3899.53	
3894.86	3899.53	3894.86	3899.53	3894.86	
3894.86	3890.19	3894.86	3890.19	3894.86	
3892.52	3901.87	3892.52	3901.87	3892.52	
3885.51	3899.53	3885.51	3899.53	3885.51	
3894.86	3904.21	3894.86	3904.21	3894.86	
3897.2	3899.53	3897.2	3899.53	3897.2	
3901.87	3901.87	3901.87	3901.87	3901.87	
3894.86	3901.87	3894.86	3901.87	3894.86	
3906.54	3897.2	3906.54	3897.2	3906.54	
3899.53	3897.2	3899.53	3897.2	3899.53	
3901.87	3897.2	3901.87	3897.2	3901.87	
3899.53	3901.87	3899.53	3901.87	3899.53	
3892.52	3892.52	3892.52	3892.52	3892.52	
3887.85	3897.2	3887.85	3897.2	3887.85	
3901.87	3897.2	3901.87	3897.2	3901.87	
3897.2	3887.85	3897.2	3887.85	3897.2	
3894.86	3899.53	3894.86	3899.53	3894.86	
3908.88	3897.2	3908.88	3897.2	3908.88	
3892.52	3897.2	3892.52	3897.2	3892.52	
3901.87	3892.52	3901.87	3892.52	3901.87	
3894.86	3887.85	3894.86	3887.85	3894.86	
3892.52	3894.86	3892.52	3894.86	3892.52	
3892.52	3897.2	3892.52	3897.2	3892.52	
3897.2	3894.86	3897.2	3894.86	3897.2	
3890.19	3901.87	3890.19	3901.87	3890.19	
3899.53	3906.54	3899.53	3906.54	3899.53	
3892.52	3904.21	3892.52	3904.21	3892.52	
3894.86	3899.53	3894.86	3899.53	3894.86	
3897.2	3894.86	3897.2	3894.86	3897.2	
3894.86	3901.87	3894.86	3901.87	3894.86	
3894.86	3887.85	3894.86	3887.85	3894.86	
3890.19	3890.19	3890.19	3890.19	3890.19	
3904.21	3890.19	3904.21	3890.19	3904.21	
3897.2	3894.86	3897.2	3894.86	3897.2	
3904.21	3901.87	3904.21	3901.87	3904.21	
3908.88	3908.88	3908.88	3908.88	3908.88	
3894.86	3906.54	3894.86	3906.54	3894.86	
3890.19	3911.21	3890.19	3911.21	3890.19	
3887.85	3899.53	3887.85	3899.53	3887.85	
3894.86	3897.2	3894.86	3897.2	3894.86	
3897.2	3892.52	3897.2	3892.52	3897.2	
3885.51	3899.53	3885.51	3899.53	3885.51	
3897.2	3897.2	3897.2	3897.2	3897.2	
3890.19	3901.87	3890.19	3901.87	3890.19	
3892.52	3892.52	3892.52	3892.52	3892.52	
3887.85	3892.52	3887.85	3892.52	3887.85	
3894.86	3890.19	3894.86	3890.19	3894.86	
3901.87	3890.19	3901.87	3890.19	3901.87	
3897.2	3894.86	3897.2	3894.86	3897.2	
3899.53	3901.87	3899.53	3901.87	3899.53	
3897.2	3894.86	3897.2	3894.86	3897.2	
3897.2	3890.19	3897.2	3890.19	3897.2	
3901.87	3908.88	3901.87	3908.88	3901.87	
3901.87	3892.52	3901.87	3892.52	3901.87	
3906.54	3904.21	3906.54	3904.21	3906.54	
3897.2	3901.87	3897.2	3901.87	3897.2	
3897.2	3899.53	3897.2	3899.53	3897.2	
3892.52	3894.86	3892.52	3894.86	3892.52	
3890.19	3892.52	3890.19	3892.52	3890.19	
3887.85	3899.53	3887.85	3899.53	3887.85	
3887.85	3904.21	3887.85	3904.21	3887.85	
3899.53	3897.2	3899.53	3897.2	3899.53	
3897.2	3899.53	3897.2	3899.53	3897.2	
3892.52	3906.54	3892.52	3906.54	3892.52	
3901.87	3899.53	3901.87	3899.53	3901.87	
3894.86	3892.52	3894.86	3892.52	3894.86	
3901.87	3904.21	3901.87	3904.21	3901.87	
3906.54	3901.87	3906.54	3901.87	3906.54	
3887.85	3897.2	3887.85	3897.2	3887.85	
3897.2	3899.53	3897.2	3899.53	3897.2	
3890.19	3892.52	3890.19	3892.52	3890.19	
3897.2	3899.53	3897.2	3899.53	3897.2	
3901.87	3892.52	3901.87	3892.52	3901.87	
3897.2	3897.2	3897.2	3897.2	3897.2	
3894.86	3899.53	3894.86	3899.53	3894.86	
3885.51	3897.2	3885.51	3897.2	3885.51	
3892.52	3894.86	3892.52	3894.86	3892.52	
3894.86	3897.2	3894.86	3897.2	3894.86	
3892.52	3883.18	3892.52	3883.18	3892.52	
3894.86	3897.2	3894.86	3897.2	3894.86	
3897.2	3894.86	3897.2	3894.86	3897.2	
3892.52	3894.86	3892.52	3894.86	3892.52	
3890.19	3904.21	3890.19	3904.21	3890.19	
3899.53	3887.85	3899.53	3887.85	3899.53	
3894.86	3897.2	3894.86	3897.2	3894.86	
3904.21	3892.52	3904.21	3892.52	3904.21	
3894.86	3894.86	3894.86	3894.86	3894.86	
3887.85	3892.52	3887.85	3892.52	3887.85	
3892.52	3890.19	3892.52	3890.19	3892.52	
3906.54	3899.53	3906.54	3899.53	3906.54	
3885.51	3899.53	3885.51	3899.53	3885.51	
3887.85	3899.53	3887.85	3899.53	3887.85	
3901.87	3901.87	3901.87	3901.87	3901.87	
3897.2	3899.53	3897.2	3899.53	3897.2	
3894.86	3892.52	3894.86	3892.52	3894.86	
3899.53	3901.87	3899.53	3901.87	3899.53	
3906.54	3890.19	3906.54	3890.19	3906.54	
3894.86	3894.86	3894.86	3894.86	3894.86	
3897.2	3897.2	3897.2	3897.2	3897.2	
3890.19	3899.53	3890.19	3899.53	3890.19	
3887.85	3897.2	3887.85	3897.2	3887.85	
3897.2	3899.53	3897.2	3899.53	3897.2	
3892.52	3894.86	3892.52	3894.86	3892.52	
3885.51	3892.52	3885.51	3892.52	3885.51	
3894.86	3899.53	3894.86	3899.53	3894.86	
3894.86	3894.86	3894.86	3894.86	3894.86	
3887.85	3885.51	3887.85	3885.51	3887.85	
3897.2	3887.85	3897.2	3887.85	3897.2	
3897.2	3899.53	3897.2	3899.53	3897.2	
3906.54	3897.2	3906.54	3897.2	3906.54	
3890.19	3899.53	3890.19	3899.53	3890.19	
3897.2	3906.54	3897.2	3906.54	3897.2	
3885.51	3892.52	3885.51	3892.52	3885.51	
3894.86	3883.18	3894.86	3883.18	3894.86	
3899.53	3890.19	3899.53	3890.19	3899.53	
3892.52	3897.2	3892.52	3897.2	3892.52	
3894.86	3901.87	3894.86	3901.87	3894.86	
3887.85	3894.86	3887.85	3894.86	3887.85	
3901.87	3892.52	3901.87	3892.52	3901.87	
3899.53	3892.52	3899.53	3892.52	3899.53	
3887.85	3899.53	3887.85	3899.53	3887.85	
3894.86	3887.85	3894.86	3887.85	3894.86	
3899.53	3899.53	3899.53	3899.53	3899.53	
3899.53	3901.87	3899.53	3901.87	3899.53	
3897.2	3899.53	3897.2	3899.53	3897.2	
3887.85	3904.21	3887.85	3904.21	3887.85	
3897.2	3887.85	3897.2	3887.85	3897.2	
3894.86	3883.18	3894.86	3883.18	3894.86	
3894.86	3890.19	3894.86	3890.19	3894.86	
3892.52	3894.86	3892.52	3894.86	3892.52	
3883.18	3894.86	3883.18	3894.86	3883.18	
3899.53	3887.85	3899.53	3887.85	3899.53	
3894.86	3892.52	3894.86	3892.52	3894.86	
3897.2	3897.2	3897.2	3897.2	3897.2	
3906.54	3901.87	3906.54	3901.87	3906.54	
3894.86	3894.86	3894.86	3894.86	3894.86	
3887.85	3887.85	3887.85	3887.85	3887.85	
3887.85	3887.85	3887.85	3887.85	3887.85	
3894.86	3899.53	3894.86	3899.53	3894.86	
3894.86	3892.52	3894.86	3892.52	3894.86	
3890.19	3901.87	3890.19	3901.87	3890.19	
3904.21	3897.2	3904.21	3897.2	3904.21	
3897.2	3899.53	3897.2	3899.53	3897.2	
3904.21	3894.86	3904.21	3894.86	3904.21	
3899.53	3897.2	3899.53	3897.2	3899.53	
3897.2	3894.86	3897.2	3894.86	3897.2	
3897.2	3894.86	3897.2	3894.86	3897.2	
3885.51	3887.85	3885.51	3887.85	3885.51	
3901.87	3897.2	3901.87	3897.2	3901.87	
3894.86	3890.19	3894.86	3890.19	3894.86	
3890.19	3892.52	3890.19	3892.52	3890.19	
3897.2	3906.54	3897.2	3906.54	3897.2	
3894.86	3894.86	3894.86	3894.86	3894.86	
3890.19	3897.2	3890.19	3897.2	3890.19	
3899.53	3911.21	3899.53	3911.21	3899.53	
3897.2	3906.54	3897.2	3906.54	3897.2	
3899.53	3894.86	3899.53	3894.86	3899.53	
3890.19	3897.2	3890.19	3897.2	3890.19	
3908.88	3899.53	3908.88	3899.53	3908.88	
3897.2	3885.51	3897.2	3885.51	3897.2	
3885.51	3890.19	3885.51	3890.19	3885.51	
3899.53	3899.53	3899.53	3899.53	3899.53	
3904.21	3901.87	3904.21	3901.87	3904.21	
3894.86	3892.52	3894.86	3892.52	3894.86	
3899.53	3901.87	3899.53	3901.87	3899.53	
3899.53	3894.86	3899.53	3894.86	3899.53	
3897.2	3887.85	3897.2	3887.85	3897.2	
3899.53	3892.52	3899.53	3892.52	3899.53	
3890.19	3899.53	3890.19	3899.53	3890.19	
3897.2	3897.2	3897.2	3897.2	3897.2	
3897.2	3899.53	3897.2	3899.53	3897.2	
3897.2	3887.85	3897.2	3887.85	3897.2	
3897.2	3908.88	3897.2	3908.88	3897.2	
3890.19	3894.86	3890.19	3894.86	3890.19	
3899.53	3901.87	3899.53	3901.87	3899.53	
3901.87	3897.2	3901.87	3897.2	3901.87	
3894.86	3890.19	3894.86	3890.19	3894.86	
3897.2	3880.84	3897.2	3880.84	3897.2	
3901.87	3908.88	3901.87	3908.88	3901.87	
3892.52	3890.19	3892.52	3890.19	3892.52	
3890.19	3899.53	3890.19	3899.53	3890.19	
3892.52	3901.87	3892.52	3901.87	3892.52	
3899.53	3887.85	3899.53	3887.85	3899.53	
3899.53	3901.87	3899.53	3901.87	3899.53	
3904.21	3892.52	3904.21	3892.52	3904.21	
3906.54	3901.87	3906.54	3901.87	3906.54	
3897.2	3899.53	3897.2	3899.53	3897.2	
3894.86	3894.86	3894.86	3894.86	3894.86	
3890.19	3894.86	3890.19	3894.86	3890.19	
3892.52	3908.88	3892.52	3908.88	3892.52	
3894.86	3899.53	3894.86	3899.53	3894.86	
3904.21	3887.85	3904.21	3887.85	3904.21	
3901.87	3897.2	3901.87	3897.2	3901.87	
3904.21	3901.87	3904.21	3901.87	3904.21	
3897.2	3892.52	3897.2	3892.52	3897.2	
3887.85	3894.86	3887.85	3894.86	3887.85	
3897.2	3894.86	3897.2	3894.86	3897.2	
3892.52	3897.2	3892.52	3897.2	3892.52	
3892.52	3894.86	3892.52	3894.86	3892.52	
3894.86	3899.53	3894.86	3899.53	3894.86	
3897.2	3899.53	3897.2	3899.53	3897.2	
3890.19	3892.52	3890.19	3892.52	3890.19	
3892.52	3890.19	3892.52	3890.19	3892.52	
3897.2	3906.54	3897.2	3906.54	3897.2	
3890.19	3897.2	3890.19	3897.2	3890.19	
3901.87	3892.52	3901.87	3892.52	3901.87	
3887.85	3901.87	3887.85	3901.87	3887.85	
3901.87	3892.52	3901.87	3892.52	3901.87	
3890.19	3901.87	3890.19	3901.87	3890.19	
3892.52	3894.86	3892.52	3894.86	3892.52	
3904.21	3897.2	3904.21	3897.2	3904.21	
3894.86	3897.2	3894.86	3897.2	3894.86	
3899.53	3899.53	3899.53	3899.53	3899.53	
3901.87	3894.86	3901.87	3894.86	3901.87	
3894.86	3892.52	3894.86	3892.52	3894.86	
3904.21	3894.86	3904.21	3894.86	3904.21	
3911.21	3908.88	3911.21	3908.88	3911.21	
3892.52	3899.53	3892.52	3899.53	3892.52	
3894.86	3894.86	3894.86	3894.86	3894.86	
3897.2	3901.87	3897.2	3901.87	3897.2	
3894.86	3897.2	3894.86	3897.2	3894.86	
3892.52	3892.52	3892.52	3892.52	3892.52	
3899.53	3897.2	3899.53	3897.2	3899.53	
3892.52	3890.19	3892.52	3890.19	3892.52	
3899.53	3913.55	3899.53	3913.55	3899.53	
3885.51	3894.86	3885.51	3894.86	3885.51	
3892.52	3890.19	3892.52	3890.19	3892.52	
3890.19	3890.19	3890.19	3890.19	3890.19	
3908.88	3892.52	3908.88	3892.52	3908.88	
3899.53	3904.21	3899.53	3904.21	3899.53	
3894.86	3887.85	3894.86	3887.85	3894.86	
3890.19	3901.87	3890.19	3901.87	3890.19	
3887.85	3901.87	3887.85	3901.87	3887.85	
3887.85	3890.19	3887.85	3890.19	3887.85	
3894.86	3906.54	3894.86	3906.54	3894.86	
3892.52	3899.53	3892.52	3899.53	3892.52	
3890.19	3892.52	3890.19	3892.52	3890.19	
3890.19	3899.53	3890.19	3899.53	3890.19	
3897.2	3890.19	3897.2	3890.19	3897.2	
3904.21	3897.2	3904.21	3897.2	3904.21	
3894.86	3901.87	3894.86	3901.87	3894.86	
3890.19	3890.19	3890.19	3890.19	3890.19	
3897.2	3897.2	3897.2	3897.2	3897.2	
3892.52	3883.18	3892.52	3883.18	3892.52	
3892.52	3899.53	3892.52	3899.53	3892.52	
3887.85	3890.19	3887.85	3890.19	3887.85	
3897.2	3894.86	3897.2	3894.86	3897.2	
3890.19	3894.86	3890.19	3894.86	3890.19	
3890.19	3892.52	3890.19	3892.52	3890.19	
3904.21	3906.54	3904.21	3906.54	3904.21	
3890.19	3901.87	3890.19	3901.87	3890.19	
3887.85	3894.86	3887.85	3894.86	3887.85	
3899.53	3887.85	3899.53	3887.85	3899.53	
3904.21	3885.51	3904.21	3885.51	3904.21	
3899.53	3894.86	3899.53	3894.86	3899.53	
3880.84	3904.21	3880.84	3904.21	3880.84	
3890.19	3890.19	3890.19	3890.19	3890.19	
3887.85	3890.19	3887.85	3890.19	3887.85	
3894.86	3904.21	3894.86	3904.21	3894.86	
3899.53	3892.52	3899.53	3892.52	3899.53	
3897.2	3899.53	3897.2	3899.53	3897.2	
3901.87	3885.51	3901.87	3885.51	3901.87	
3899.53	3901.87	3899.53	3901.87	3899.53	
3883.18	3897.2	3883.18	3897.2	3883.18	
3894.86	3894.86	3894.86	3894.86	3894.86	
3892.52	3894.86	3892.52	3894.86	3892.52	
3908.88	3899.53	3908.88	3899.53	3908.88	
3897.2	3897.2	3897.2	3897.2	3897.2	
3897.2	3901.87	3897.2	3901.87	3897.2	
3890.19	3904.21	3890.19	3904.21	3890.19	
3899.53	3890.19	3899.53	3890.19	3899.53	
3899.53	3894.86	3899.53	3894.86	3899.53	
3890.19	3890.19	3890.19	3890.19	3890.19	
3885.51	3899.53	3885.51	3899.53	3885.51	
3885.51	3887.85	3885.51	3887.85	3885.51	
3890.19	3892.52	3890.19	3892.52	3890.19	
3892.52	3892.52	3892.52	3892.52	3892.52	
3894.86	3894.86	3894.86	3894.86	3894.86	
3887.85	3899.53	3887.85	3899.53	3887.85	
3890.19	3890.19	3890.19	3890.19	3890.19	
3901.87	3887.85	3901.87	3887.85	3901.87	
3894.86	3892.52	3894.86	3892.52	3894.86	
3892.52	3904.21	3892.52	3904.21	3892.52	
3890.19	3897.2	3890.19	3897.2	3890.19	
3887.85	3885.51	3887.85	3885.51	3887.85	
3892.52	3892.52	3892.52	3892.52	3892.52	
3894.86	3901.87	3894.86	3901.87	3894.86	
3894.86	3899.53	3894.86	3899.53	3894.86	
3906.54	3892.52	3906.54	3892.52	3906.54	
3894.86	3901.87	3894.86	3901.87	3894.86	
3892.52	3901.87	3892.52	3901.87	3892.52	
3892.52	3901.87	3892.52	3901.87	3892.52	
3885.51	3890.19	3885.51	3890.19	3885.51	
3890.19	3894.86	3890.19	3894.86	3890.19	
3892.52	3894.86	3892.52	3894.86	3892.52	
3892.52	3892.52	3892.52	3892.52	3892.52	
3899.53	3885.51	3899.53	3885.51	3899.53	
3897.2	3892.52	3897.2	3892.52	3897.2	
3894.86	3887.85	3894.86	3887.85	3894.86	
3906.54	3892.52	3906.54	3892.52	3906.54	
3901.87	3899.53	3901.87	3899.53	3901.87	
3899.53	3892.52	3899.53	3892.52	3899.53	
3897.2	3897.2	3897.2	3897.2	3897.2	
3894.86	3899.53	3894.86	3899.53	3894.86	
3897.2	3887.85	3897.2	3887.85	3897.2	
3899.53	3899.53	3899.53	3899.53	3899.53	
3906.54	3899.53	3906.54	3899.53	3906.54	
3894.86	3904.21	3894.86	3904.21	3894.86	
3897.2	3890.19	3897.2	3890.19	3897.2	
3890.19	3897.2	3890.19	3897.2	3890.19	
3899.53	3906.54	3899.53	3906.54	3899.53	
3892.52	3899.53	3892.52	3899.53	3892.52	
3892.52	3904.21	3892.52	3904.21	3892.52	
3897.2	3890.19	3897.2	3890.19	3897.2	
3887.85	3892.52	3887.85	3892.52	3887.85	
3887.85	3890.19	3887.85	3890.19	3887.85	
3897.2	3897.2	3897.2	3897.2	3897.2	
3890.19	3890.19	3890.19	3890.19	3890.19	
3883.18	3899.53	3883.18	3899.53	3883.18	
3890.19	3894.86	3890.19	3894.86	3890.19	
3887.85	3892.52	3887.85	3892.52	3887.85	
3901.87	3890.19	3901.87	3890.19	3901.87	
3897.2	3897.2	3897.2	3897.2	3897.2	
3887.85	3897.2	3887.85	3897.2	3887.85	
3892.52	3892.52	3892.52	3892.52	3892.52	
3897.2	3885.51	3897.2	3885.51	3897.2	
3899.53	3901.87	3899.53	3901.87	3899.53	
3901.87	3899.53	3901.87	3899.53	3901.87	
3899.53	3899.53	3899.53	3899.53	3899.53	
3892.52	3897.2	3892.52	3897.2	3892.52	
3894.86	3899.53	3894.86	3899.53	3894.86	
3899.53	3890.19	3899.53	3890.19	3899.53	
3885.51	3897.2	3885.51	3897.2	3885.51	
3894.86	3901.87	3894.86	3901.87	3894.86	
3899.53	3897.2	3899.53	3897.2	3899.53	
3890.19	3894.86	3890.19	3894.86	3890.19	
3890.19	3892.52	3890.19	3892.52	3890.19	
3892.52	3897.2	3892.52	3897.2	3892.52	
3892.52	3894.86	3892.52	3894.86	3892.52	
3906.54	3887.85	3906.54	3887.85	3906.54	
3894.86	3883.18	3894.86	3883.18	3894.86	
3897.2	3897.2	3897.2	3897.2	3897.2	
3904.21	3885.51	3904.21	3885.51	3904.21	
3894.86	3904.21	3894.86	3904.21	3894.86	
3894.86	3885.51	3894.86	3885.51	3894.86	
3901.87	3899.53	3901.87	3899.53	3901.87	
3899.53	3899.53	3899.53	3899.53	3899.53	
3894.86	3897.2	3894.86	3897.2	3894.86	
3899.53	3892.52	3899.53	3892.52	3899.53	
3894.86	3894.86	3894.86	3894.86	3894.86	
3890.19	3892.52	3890.19	3892.52	3890.19	
3880.84	3904.21	3880.84	3904.21	3880.84	
3899.53	3894.86	3899.53	3894.86	3899.53	
3899.53	3901.87	3899.53	3901.87	3899.53	
3901.87	3901.87	3901.87	3901.87	3901.87	
3894.86	3892.52	3894.86	3892.52	3894.86	
3899.53	3892.52	3899.53	3892.52	3899.53	
3890.19	3894.86	3890.19	3894.86	3890.19	
3892.52	3908.88	3892.52	3908.88	3892.52	
3897.2	3904.21	3897.2	3904.21	3897.2	
3894.86	3906.54	3894.86	3906.54	3894.86	
3894.86	3892.52	3894.86	3892.52	3894.86	
3894.86	3897.2	3894.86	3897.2	3894.86	
3899.53	3901.87	3899.53	3901.87	3899.53	
3897.2	3892.52	3897.2	3892.52	3897.2	
3897.2	3894.86	3897.2	3894.86	3897.2	
3887.85	3904.21	3887.85	3904.21	3887.85	
3892.52	3899.53	3892.52	3899.53	3892.52	
3901.87	3899.53	3901.87	3899.53	3901.87	
3901.87	3892.52	3901.87	3892.52	3901.87	
3899.53	3897.2	3899.53	3897.2	3899.53	
3901.87	3901.87	3901.87	3901.87	3901.87	
3897.2	3904.21	3897.2	3904.21	3897.2	
3892.52	3892.52	3892.52	3892.52	3892.52	
3887.85	3901.87	3887.85	3901.87	3887.85	
3885.51	3890.19	3885.51	3890.19	3885.51	
3894.86	3890.19	3894.86	3890.19	3894.86	
3894.86	3890.19	3894.86	3890.19	3894.86	
3885.51	3880.84	3885.51	3880.84	3885.51	
3899.53	3894.86	3899.53	3894.86	3899.53	
3885.51	3892.52	3885.51	3892.52	3885.51	
3892.52	3901.87	3892.52	3901.87	3892.52	
3892.52	3901.87	3892.52	3901.87	3892.52	
3892.52	3908.88	3892.52	3908.88	3892.52	
3897.2	3890.19	3897.2	3890.19	3897.2	
3894.86	3892.52	3894.86	3892.52	3894.86	
3892.52	3890.19	3892.52	3890.19	3892.52	
3894.86	3904.21	3894.86	3904.21	3894.86	
3904.21	3890.19	3904.21	3890.19	3904.21	
3892.52	3892.52	3892.52	3892.52	3892.52	
3890.19	3892.52	3890.19	3892.52	3890.19	
3887.85	3894.86	3887.85	3894.86	3887.85	
3887.85	3885.51	3887.85	3885.51	3887.85	
3894.86	3901.87	3894.86	3901.87	3894.86	
3892.52	3913.55	3892.52	3913.55	3892.52	
3901.87	3904.21	3901.87	3904.21	3901.87	
3887.85	3890.19	3887.85	3890.19	3887.85	
3890.19	3892.52	3890.19	3892.52	3890.19	
3899.53	3890.19	3899.53	3890.19	3899.53	
3894.86	3894.86	3894.86	3894.86	3894.86	
3897.2	3883.18	3897.2	3883.18	3897.2	
3894.86	3899.53	3894.86	3899.53	3894.86	
3892.52	3883.18	3892.52	3883.18	3892.52	
3894.86	3894.86	3894.86	3894.86	3894.86	
3887.85	3883.18	3887.85	3883.18	3887.85	
3892.52	3890.19	3892.52	3890.19	3892.52	
3892.52	3897.2	3892.52	3897.2	3892.52	
3892.52	3899.53	3892.52	3899.53	3892.52	
3890.19	3887.85	3890.19	3887.85	3890.19	
3894.86	3894.86	3894.86	3894.86	3894.86	
3894.86	3894.86	3894.86	3894.86	3894.86	
3890.19	3899.53	3890.19	3899.53	3890.19	
3890.19	3890.19	3890.19	3890.19	3890.19	
3899.53	3894.86	3899.53	3894.86	3899.53	
3897.2	3899.53	3897.2	3899.53	3897.2	
3890.19	3894.86	3890.19	3894.86	3890.19	
3887.85	3892.52	3887.85	3892.52	3887.85	
3897.2	3901.87	3897.2	3901.87	3897.2	
3899.53	3904.21	3899.53	3904.21	3899.53	
3899.53	3897.2	3899.53	3897.2	3899.53	
3890.19	3908.88	3890.19	3908.88	3890.19	
3899.53	3880.84	3899.53	3880.84	3899.53	
3899.53	3899.53	3899.53	3899.53	3899.53	
3892.52	3904.21	3892.52	3904.21	3892.52	
3883.18	3899.53	3883.18	3899.53	3883.18	
3892.52	3885.51	3892.52	3885.51	3892.52	
3901.87	3904.21	3901.87	3904.21	3901.87	
3890.19	3894.86	3890.19	3894.86	3890.19	
3885.51	3892.52	3885.51	3892.52	3885.51	
3890.19	3901.87	3890.19	3901.87	3890.19	
3892.52	3897.2	3892.52	3897.2	3892.52	
3890.19	3901.87	3890.19	3901.87	3890.19	
3894.86	3892.52	3894.86	3892.52	3894.86	
3885.51	3892.52	3885.51	3892.52	3885.51	
3897.2	3899.53	3897.2	3899.53	3897.2	
3899.53	3890.19	3899.53	3890.19	3899.53	
3894.86	3904.21	3894.86	3904.21	3894.86	
3894.86	3899.53	3894.86	3899.53	3894.86	
3901.87	3901.87	3901.87	3901.87	3901.87	
3894.86	3897.2	3894.86	3897.2	3894.86	
3897.2	3899.53	3897.2	3899.53	3897.2	
3894.86	3892.52	3894.86	3892.52	3894.86	
3892.52	3899.53	3892.52	3899.53	3892.52	
3894.86	3890.19	3894.86	3890.19	3894.86	
3892.52	3890.19	3892.52	3890.19	3892.52	
3897.2	3883.18	3897.2	3883.18	3897.2	
3894.86	3894.86	3894.86	3894.86	3894.86	
3890.19	3880.84	3890.19	3880.84	3890.19	
3899.53	3901.87	3899.53	3901.87	3899.53	
3885.51	3894.86	3885.51	3894.86	3885.51	
3887.85	3890.19	3887.85	3890.19	3887.85	
3890.19	3897.2	3890.19	3897.2	3890.19	
3892.52	3892.52	3892.52	3892.52	3892.52	
3885.51	3899.53	3885.51	3899.53	3885.51	
3887.85	3892.52	3887.85	3892.52	3887.85	
3890.19	3892.52	3890.19	3892.52	3890.19	
3892.52	3897.2	3892.52	3897.2	3892.52	
3904.21	3899.53	3904.21	3899.53	3904.21	
3890.19	3890.19	3890.19	3890.19	3890.19	
3908.88	3890.19	3908.88	3890.19	3908.88	
3892.52	3894.86	3892.52	3894.86	3892.52	
3892.52	3892.52	3892.52	3892.52	3892.52	
3887.85	3901.87	3887.85	3901.87	3887.85	
3890.19	3892.52	3890.19	3892.52	3890.19	
3894.86	3897.2	3894.86	3897.2	3894.86	
3894.86	3899.53	3894.86	3899.53	3894.86	
3894.86	3904.21	3894.86	3904.21	3894.86	
3890.19	3897.2	3890.19	3897.2	3890.19	
3894.86	3897.2	3894.86	3897.2	3894.86	
3892.52	3887.85	3892.52	3887.85	3892.52	
3892.52	3897.2	3892.52	3897.2	3892.52	
3899.53	3890.19	3899.53	3890.19	3899.53	
3887.85	3894.86	3887.85	3894.86	3887.85	
3885.51	3894.86	3885.51	3894.86	3885.51	
3901.87	3885.51	3901.87	3885.51	3901.87	
3899.53	3892.52	3899.53	3892.52	3899.53	
3885.51	3894.86	3885.51	3894.86	3885.51	
3901.87	3890.19	3901.87	3890.19	3901.87	
3899.53	3894.86	3899.53	3894.86	3899.53	
3904.21	3904.21	3904.21	3904.21	3904.21	
3887.85	3890.19	3887.85	3890.19	3887.85	
3887.85	3892.52	3887.85	3892.52	3887.85	
3890.19	3887.85	3890.19	3887.85	3890.19	
3890.19	3887.85	3890.19	3887.85	3890.19	
3892.52	3894.86	3892.52	3894.86	3892.52	
3899.53	3894.86	3899.53	3894.86	3899.53	
3904.21	3887.85	3904.21	3887.85	3904.21	
3890.19	3892.52	3890.19	3892.52	3890.19	
3897.2	3892.52	3897.2	3892.52	3897.2	
3892.52	3897.2	3892.52	3897.2	3892.52	
3899.53	3901.87	3899.53	3901.87	3899.53	
3892.52	3890.19	3892.52	3890.19	3892.52	
3894.86	3899.53	3894.86	3899.53	3894.86	
3892.52	3897.2	3892.52	3897.2	3892.52	
3892.52	3887.85	3892.52	3887.85	3892.52	
3890.19	3892.52	3890.19	3892.52	3890.19	
3894.86	3904.21	3894.86	3904.21	3894.86	
3885.51	3887.85	3885.51	3887.85	3885.51	
3883.18	3897.2	3883.18	3897.2	3883.18	
3897.2	3899.53	3897.2	3899.53	3897.2	
3892.52	3899.53	3892.52	3899.53	3892.52	
3899.53	3901.87	3899.53	3901.87	3899.53	
3897.2	3897.2	3897.2	3897.2	3897.2	
3890.19	3885.51	3890.19	3885.51	3890.19	
3892.52	3885.51	3892.52	3885.51	3892.52	
3897.2	3892.52	3897.2	3892.52	3897.2	
3894.86	3890.19	3894.86	3890.19	3894.86	
3892.52	3892.52	3892.52	3892.52	3892.52	
3883.18	3885.51	3883.18	3885.51	3883.18	
3890.19	3885.51	3890.19	3885.51	3890.19	
3885.51	3894.86	3885.51	3894.86	3885.51	
3897.2	3894.86	3897.2	3894.86	3897.2	
3897.2	3890.19	3897.2	3890.19	3897.2	
3878.5	3897.2	3878.5	3897.2	3878.5	
3887.85	3894.86	3887.85	3894.86	3887.85	
3894.86	3892.52	3894.86	3892.52	3894.86	
3897.2	3894.86	3897.2	3894.86	3897.2	
3887.85	3890.19	3887.85	3890.19	3887.85	
3892.52	3890.19	3892.52	3890.19	3892.52	
3894.86	3897.2	3894.86	3897.2	3894.86	
3885.51	3897.2	3885.51	3897.2	3885.51	
3901.87	3908.88	3901.87	3908.88	3901.87	
3892.52	3894.86	3892.52	3894.86	3892.52	
3904.21	3887.85	3904.21	3887.85	3904.21	
3899.53	3892.52	3899.53	3892.52	3899.53	
3892.52	3892.52	3892.52	3892.52	3892.52	
3901.87	3904.21	3901.87	3904.21	3901.87	
3897.2	3890.19	3897.2	3890.19	3897.2	
3901.87	3892.52	3901.87	3892.52	3901.87	
3894.86	3911.21	3894.86	3911.21	3894.86	
3897.2	3883.18	3897.2	3883.18	3897.2	
3890.19	3890.19	3890.19	3890.19	3890.19	
3890.19	3894.86	3890.19	3894.86	3890.19	
3897.2	3885.51	3897.2	3885.51	3897.2	
3890.19	3890.19	3890.19	3890.19	3890.19	
3894.86	3897.2	3894.86	3897.2	3894.86	
3899.53	3885.51	3899.53	3885.51	3899.53	
3892.52	3897.2	3892.52	3897.2	3892.52	
3894.86	3890.19	3894.86	3890.19	3894.86	
3887.85	3892.52	3887.85	3892.52	3887.85	
3890.19	3911.21	3890.19	3911.21	3890.19	
3892.52	3904.21	3892.52	3904.21	3892.52	
3887.85	3892.52	3887.85	3892.52	3887.85	
3885.51	3901.87	3885.51	3901.87	3885.51	
3890.19	3890.19	3890.19	3890.19	3890.19	
3887.85	3897.2	3887.85	3897.2	3887.85	
3892.52	3887.85	3892.52	3887.85	3892.52	
3892.52	3894.86	3892.52	3894.86	3892.52	
3897.2	3887.85	3897.2	3887.85	3897.2	
3890.19	3883.18	3890.19	3883.18	3890.19	
3890.19	3892.52	3890.19	3892.52	3890.19	
3897.2	3894.86	3897.2	3894.86	3897.2	
3878.5	3885.51	3878.5	3885.51	3878.5	
3892.52	3897.2	3892.52	3897.2	3892.52	
3894.86	3897.2	3894.86	3897.2	3894.86	
3899.53	3908.88	3899.53	3908.88	3899.53	
3890.19	3892.52	3890.19	3892.52	3890.19	
3894.86	3880.84	3894.86	3880.84	3894.86	
3901.87	3897.2	3901.87	3897.2	3901.87	
3894.86	3890.19	3894.86	3890.19	3894.86	
3894.86	3897.2	3894.86	3897.2	3894.86	
3892.52	3892.52	3892.52	3892.52	3892.52	
3883.18	3880.84	3883.18	3880.84	3883.18	
3894.86	3880.84	3894.86	3880.84	3894.86	
3883.18	3906.54	3883.18	3906.54	3883.18	
3885.51	3899.53	3885.51	3899.53	3885.51	
3899.53	3904.21	3899.53	3904.21	3899.53	
3890.19	3901.87	3890.19	3901.87	3890.19	
3899.53	3901.87	3899.53	3901.87	3899.53	
3892.52	3897.2	3892.52	3897.2	3892.52	
3899.53	3887.85	3899.53	3887.85	3899.53	
3890.19	3894.86	3890.19	3894.86	3890.19	
3885.51	3885.51	3885.51	3885.51	3885.51	
3890.19	3899.53	3890.19	3899.53	3890.19	
3890.19	3887.85	3890.19	3887.85	3890.19	
3890.19	3897.2	3890.19	3897.2	3890.19	
3887.85	3878.5	3887.85	3878.5	3887.85	
3885.51	3894.86	3885.51	3894.86	3885.51	
3901.87	3894.86	3901.87	3894.86	3901.87	
3890.19	3885.51	3890.19	3885.51	3890.19	
3890.19	3892.52	3890.19	3892.52	3890.19	
3892.52	3887.85	3892.52	3887.85	3892.52	
3897.2	3885.51	3897.2	3885.51	3897.2	
3901.87	3897.2	3901.87	3897.2	3901.87	
3885.51	3883.18	3885.51	3883.18	3885.51	
3887.85	3901.87	3887.85	3901.87	3887.85	
3901.87	3894.86	3901.87	3894.86	3901.87	
3885.51	3892.52	3885.51	3892.52	3885.51	
3892.52	3892.52	3892.52	3892.52	3892.52	
3887.85	3887.85	3887.85	3887.85	3887.85	
3890.19	3894.86	3890.19	3894.86	3890.19	
3894.86	3890.19	3894.86	3890.19	3894.86	
3901.87	3894.86	3901.87	3894.86	3901.87	
3890.19	3892.52	3890.19	3892.52	3890.19	
3890.19	3885.51	3890.19	3885.51	3890.19	
3894.86	3901.87	3894.86	3901.87	3894.86	
3897.2	3887.85	3897.2	3887.85	3897.2	
3894.86	3885.51	3894.86	3885.51	3894.86	
3901.87	3899.53	3901.87	3899.53	3901.87	
3897.2	3887.85	3897.2	3887.85	3897.2	
3899.53	3894.86	3899.53	3894.86	3899.53	
3885.51	3887.85	3885.51	3887.85	3885.51	
3880.84	3892.52	3880.84	3892.52	3880.84	
3894.86	3885.51	3894.86	3885.51	3894.86	
3899.53	3892.52	3899.53	3892.52	3899.53	
3897.2	3892.52	3897.2	3892.52	3897.2	
3887.85	3894.86	3887.85	3894.86	3887.85	
3890.19	3890.19	3890.19	3890.19	3890.19	
3897.2	3897.2	3897.2	3897.2	3897.2	
3887.85	3901.87	3887.85	3901.87	3887.85	
3897.2	3892.52	3897.2	3892.52	3897.2	
3883.18	3892.52	3883.18	3892.52	3883.18	
3894.86	3897.2	3894.86	3897.2	3894.86	
3892.52	3890.19	3892.52	3890.19	3892.52	
3892.52	3897.2	3892.52	3897.2	3892.52	
3890.19	3885.51	3890.19	3885.51	3890.19	
3890.19	3901.87	3890.19	3901.87	3890.19	
3892.52	3897.2	3892.52	3897.2	3892.52	
3892.52	3906.54	3892.52	3906.54	3892.52	
3885.51	3897.2	3885.51	3897.2	3885.51	
3890.19	3892.52	3890.19	3892.52	3890.19	
3894.86	3890.19	3894.86	3890.19	3894.86	
3890.19	3894.86	3890.19	3894.86	3890.19	
3885.51	3894.86	3885.51	3894.86	3885.51	
3887.85	3880.84	3887.85	3880.84	3887.85	
3890.19	3894.86	3890.19	3894.86	3890.19	
3885.51	3885.51	3885.51	3885.51	3885.51	
3897.2	3890.19	3897.2	3890.19	3897.2	
3894.86	3897.2	3894.86	3897.2	3894.86	
3897.2	3901.87	3897.2	3901.87	3897.2	
3890.19	3892.52	3890.19	3892.52	3890.19	
3890.19	3883.18	3890.19	3883.18	3890.19	
3927.57	3925.23	3927.57	3925.23	3927.57	
3890.19	3901.87	3890.19	3901.87	3890.19	
3883.18	3901.87	3883.18	3901.87	3883.18	
3885.51	3894.86	3885.51	3894.86	3885.51	
3899.53	3892.52	3899.53	3892.52	3899.53	
3887.85	3883.18	3887.85	3883.18	3887.85	
3890.19	3890.19	3890.19	3890.19	3890.19	
3890.19	3890.19	3890.19	3890.19	3890.19	
3890.19	3897.2	3890.19	3897.2	3890.19	
3890.19	3897.2	3890.19	3897.2	3890.19	
3880.84	3880.84	3880.84	3880.84	3880.84	
3894.86	3894.86	3894.86	3894.86	3894.86	
3901.87	3887.85	3901.87	3887.85	3901.87	
3883.18	3899.53	3883.18	3899.53	3883.18	
3899.53	3883.18	3899.53	3883.18	3899.53	
3892.52	3894.86	3892.52	3894.86	3892.52	
3897.2	3890.19	3897.2	3890.19	3897.2	
3904.21	3899.53	3904.21	3899.53	3904.21	
3883.18	3885.51	3883.18	3885.51	3883.18	
3899.53	3894.86	3899.53	3894.86	3899.53	
3894.86	3897.2	3894.86	3897.2	3894.86	
3887.85	3892.52	3887.85	3892.52	3887.85	
3897.2	3894.86	3897.2	3894.86	3897.2	
3894.86	3901.87	3894.86	3901.87	3894.86	
3890.19	3890.19	3890.19	3890.19	3890.19	
3890.19	3901.87	3890.19	3901.87	3890.19	
3892.52	3890.19	3892.52	3890.19	3892.52	
3890.19	3887.85	3890.19	3887.85	3890.19	
3880.84	3897.2	3880.84	3897.2	3880.84	
3892.52	3894.86	3892.52	3894.86	3892.52	
3897.2	3897.2	3897.2	3897.2	3897.2	
3892.52	3894.86	3892.52	3894.86	3892.52	
3883.18	3897.2	3883.18	3897.2	3883.18	
3883.18	3897.2	3883.18	3897.2	3883.18	
3892.52	3897.2	3892.52	3897.2	3892.52	
3904.21	3890.19	3904.21	3890.19	3904.21	
3897.2	3892.52	3897.2	3892.52	3897.2	
3894.86	3878.5	3894.86	3878.5	3894.86	
3897.2	3885.51	3897.2	3885.51	3897.2	
3887.85	3894.86	3887.85	3894.86	3887.85	
3887.85	3894.86	3887.85	3894.86	3887.85	
3894.86	3890.19	3894.86	3890.19	3894.86	
3894.86	3883.18	3894.86	3883.18	3894.86	
3890.19	3906.54	3890.19	3906.54	3890.19	
3887.85	3897.2	3887.85	3897.2	3887.85	
3892.52	3883.18	3892.52	3883.18	3892.52	
3880.84	3890.19	3880.84	3890.19	3880.84	
3901.87	3897.2	3901.87	3897.2	3901.87	
3885.51	3887.85	3885.51	3887.85	3885.51	
3934.58	3939.25	3934.58	3939.25	3934.58	
3890.19	3887.85	3890.19	3887.85	3890.19	
3887.85	3894.86	3887.85	3894.86	3887.85	
3887.85	3894.86	3887.85	3894.86	3887.85	
3890.19	3901.87	3890.19	3901.87	3890.19	
3899.53	3892.52	3899.53	3892.52	3899.53	
3887.85	3908.88	3887.85	3908.88	3887.85	
3899.53	3892.52	3899.53	3892.52	3899.53	
3894.86	3892.52	3894.86	3892.52	3894.86	
3885.51	3892.52	3885.51	3892.52	3885.51	
3890.19	3897.2	3890.19	3897.2	3890.19	
3890.19	3897.2	3890.19	3897.2	3890.19	
3885.51	3887.85	3885.51	3887.85	3885.51	
3887.85	3883.18	3887.85	3883.18	3887.85	
3892.52	3892.52	3892.52	3892.52	3892.52	
3878.5	3894.86	3878.5	3894.86	3878.5	
3887.85	3885.51	3887.85	3885.51	3887.85	
3890.19	3890.19	3890.19	3890.19	3890.19	
3887.85	3894.86	3887.85	3894.86	3887.85	
3897.2	3885.51	3897.2	3885.51	3897.2	
3894.86	3892.52	3894.86	3892.52	3894.86	
3894.86	3883.18	3894.86	3883.18	3894.86	
3892.52	3883.18	3892.52	3883.18	3892.52	
3892.52	3897.2	3892.52	3897.2	3892.52	
3897.2	3892.52	3897.2	3892.52	3897.2	
3897.2	3885.51	3897.2	3885.51	3897.2	
3892.52	3899.53	3892.52	3899.53	3892.52	
3904.21	3906.54	3904.21	3906.54	3904.21	
3897.2	3897.2	3897.2	3897.2	3897.2	
3892.52	3899.53	3892.52	3899.53	3892.52	
3894.86	3892.52	3894.86	3892.52	3894.86	
3897.2	3901.87	3897.2	3901.87	3897.2	
3890.19	3887.85	3890.19	3887.85	3890.19	
3892.52	3894.86	3892.52	3894.86	3892.52	
3883.18	3894.86	3883.18	3894.86	3883.18	
3897.2	3890.19	3897.2	3890.19	3897.2	
3892.52	3890.19	3892.52	3890.19	3892.52	
3887.85	3880.84	3887.85	3880.84	3887.85	
3890.19	3887.85	3890.19	3887.85	3890.19	
3894.86	3894.86	3894.86	3894.86	3894.86	
3885.51	3897.2	3885.51	3897.2	3885.51	
3901.87	3901.87	3901.87	3901.87	3901.87	
3890.19	3890.19	3890.19	3890.19	3890.19	
3894.86	3897.2	3894.86	3897.2	3894.86	
3892.52	3885.51	3892.52	3885.51	3892.52	
3892.52	3897.2	3892.52	3897.2	3892.52	
3892.52	3885.51	3892.52	3885.51	3892.52	
3892.52	3894.86	3892.52	3894.86	3892.52	
3890.19	3890.19	3890.19	3890.19	3890.19	
3894.86	3897.2	3894.86	3897.2	3894.86	
3892.52	3899.53	3892.52	3899.53	3892.52	
3887.85	3890.19	3887.85	3890.19	3887.85	
3894.86	3890.19	3894.86	3890.19	3894.86	
3887.85	3892.52	3887.85	3892.52	3887.85	
3890.19	3892.52	3890.19	3892.52	3890.19	
3890.19	3897.2	3890.19	3897.2	3890.19	
3897.2	3883.18	3897.2	3883.18	3897.2	
3878.5	3890.19	3878.5	3890.19	3878.5	
3894.86	3897.2	3894.86	3897.2	3894.86	
3899.53	3894.86	3899.53	3894.86	3899.53	
3887.85	3894.86	3887.85	3894.86	3887.85	
3906.54	3913.55	3906.54	3913.55	3906.54	
3887.85	3890.19	3887.85	3890.19	3887.85	
3890.19	3885.51	3890.19	3885.51	3890.19	
3894.86	3894.86	3894.86	3894.86	3894.86	
3890.19	3883.18	3890.19	3883.18	3890.19	
3899.53	3904.21	3899.53	3904.21	3899.53	
3887.85	3885.51	3887.85	3885.51	3887.85	
3892.52	3887.85	3892.52	3887.85	3892.52	
3901.87	3887.85	3901.87	3887.85	3901.87	
3885.51	3887.85	3885.51	3887.85	3885.51	
3901.87	3899.53	3901.87	3899.53	3901.87	
3894.86	3894.86	3894.86	3894.86	3894.86	
3885.51	3894.86	3885.51	3894.86	3885.51	
3901.87	3890.19	3901.87	3890.19	3901.87	
3897.2	3890.19	3897.2	3890.19	3897.2	
3890.19	3887.85	3890.19	3887.85	3890.19	
3890.19	3890.19	3890.19	3890.19	3890.19	
3885.51	3885.51	3885.51	3885.51	3885.51	
3897.2	3894.86	3897.2	3894.86	3897.2	
3892.52	3897.2	3892.52	3897.2	3892.52	
3899.53	3883.18	3899.53	3883.18	3899.53	
3899.53	3887.85	3899.53	3887.85	3899.53	
3892.52	3892.52	3892.52	3892.52	3892.52	
3899.53	3894.86	3899.53	3894.86	3899.53	
3897.2	3892.52	3897.2	3892.52	3897.2	
3892.52	3885.51	3892.52	3885.51	3892.52	
3894.86	3890.19	3894.86	3890.19	3894.86	
3892.52	3894.86	3892.52	3894.86	3892.52	
3892.52	3892.52	3892.52	3892.52	3892.52	
3897.2	3892.52	3897.2	3892.52	3897.2	
3892.52	3885.51	3892.52	3885.51	3892.52	
3887.85	3894.86	3887.85	3894.86	3887.85	
3887.85	3897.2	3887.85	3897.2	3887.85	
3890.19	3890.19	3890.19	3890.19	3890.19	
3887.85	3887.85	3887.85	3887.85	3887.85	
3894.86	3899.53	3894.86	3899.53	3894.86	
3897.2	3897.2	3897.2	3897.2	3897.2	
3894.86	3887.85	3894.86	3887.85	3894.86	
3897.2	3885.51	3897.2	3885.51	3897.2	
3887.85	3887.85	3887.85	3887.85	3887.85	
3890.19	3894.86	3890.19	3894.86	3890.19	
3890.19	3897.2	3890.19	3897.2	3890.19	
3885.51	3894.86	3885.51	3894.86	3885.51	
3897.2	3890.19	3897.2	3890.19	3897.2	
3892.52	3890.19	3892.52	3890.19	3892.52	
3897.2	3885.51	3897.2	3885.51	3897.2	
3887.85	3894.86	3887.85	3894.86	3887.85	
3892.52	3894.86	3892.52	3894.86	3892.52	
3890.19	3890.19	3890.19	3890.19	3890.19	
3901.87	3887.85	3901.87	3887.85	3901.87	
3890.19	3892.52	3890.19	3892.52	3890.19	
3890.19	3887.85	3890.19	3887.85	3890.19	
3885.51	3892.52	3885.51	3892.52	3885.51	
3892.52	3892.52	3892.52	3892.52	3892.52	
3897.2	3890.19	3897.2	3890.19	3897.2	
3890.19	3894.86	3890.19	3894.86	3890.19	
3887.85	3890.19	3887.85	3890.19	3887.85	
3887.85	3885.51	3887.85	3885.51	3887.85	
3890.19	3897.2	3890.19	3897.2	3890.19	
3885.51	3887.85	3885.51	3887.85	3885.51	
3904.21	3897.2	3904.21	3897.2	3904.21	
3894.86	3901.87	3894.86	3901.87	3894.86	
3904.21	3904.21	3904.21	3904.21	3904.21	
3894.86	3890.19	3894.86	3890.19	3894.86	
3885.51	3890.19	3885.51	3890.19	3885.51	
3890.19	3892.52	3890.19	3892.52	3890.19	
3894.86	3894.86	3894.86	3894.86	3894.86	
3897.2	3890.19	3897.2	3890.19	3897.2	
3887.85	3883.18	3887.85	3883.18	3887.85	
3883.18	3885.51	3883.18	3885.51	3883.18	
3897.2	3887.85	3897.2	3887.85	3897.2	
3899.53	3897.2	3899.53	3897.2	3899.53	
3892.52	3894.86	3892.52	3894.86	3892.52	
3883.18	3897.2	3883.18	3897.2	3883.18	
3885.51	3897.2	3885.51	3897.2	3885.51	
3883.18	3892.52	3883.18	3892.52	3883.18	
3892.52	3885.51	3892.52	3885.51	3892.52	
3894.86	3899.53	3894.86	3899.53	3894.86	
3887.85	3890.19	3887.85	3890.19	3887.85	
3885.51	3887.85	3885.51	3887.85	3885.51	
3885.51	3885.51	3885.51	3885.51	3885.51	
3885.51	3883.18	3885.51	3883.18	3885.51	
3883.18	3892.52	3883.18	3892.52	3883.18	
3899.53	3897.2	3899.53	3897.2	3899.53	
3885.51	3894.86	3885.51	3894.86	3885.51	
3892.52	3890.19	3892.52	3890.19	3892.52	
3897.2	3892.52	3897.2	3892.52	3897.2	
3892.52	3897.2	3892.52	3897.2	3892.52	
3885.51	3887.85	3885.51	3887.85	3885.51	
3892.52	3897.2	3892.52	3897.2	3892.52	
3890.19	3890.19	3890.19	3890.19	3890.19	
3890.19	3892.52	3890.19	3892.52	3890.19	
3892.52	3892.52	3892.52	3892.52	3892.52	
3892.52	3890.19	3892.52	3890.19	3892.52	
3885.51	3887.85	3885.51	3887.85	3885.51	
3887.85	3899.53	3887.85	3899.53	3887.85	
3892.52	3894.86	3892.52	3894.86	3892.52	
3892.52	3890.19	3892.52	3890.19	3892.52	
3892.52	3892.52	3892.52	3892.52	3892.52	
3890.19	3890.19	3890.19	3890.19	3890.19	
3883.18	3887.85	3883.18	3887.85	3883.18	
3892.52	3887.85	3892.52	3887.85	3892.52	
3880.84	3894.86	3880.84	3894.86	3880.84	
3890.19	3894.86	3890.19	3894.86	3890.19	
3892.52	3887.85	3892.52	3887.85	3892.52	
3899.53	3890.19	3899.53	3890.19	3899.53	
3894.86	3887.85	3894.86	3887.85	3894.86	
3883.18	3890.19	3883.18	3890.19	3883.18	
3887.85	3892.52	3887.85	3892.52	3887.85	
3887.85	3892.52	3887.85	3892.52	3887.85	
3897.2	3890.19	3897.2	3890.19	3897.2	
3899.53	3894.86	3899.53	3894.86	3899.53	
3890.19	3885.51	3890.19	3885.51	3890.19	
3892.52	3892.52	3892.52	3892.52	3892.52	
3897.2	3890.19	3897.2	3890.19	3897.2	
3890.19	3899.53	3890.19	3899.53	3890.19	
3887.85	3892.52	3887.85	3892.52	3887.85	
3885.51	3901.87	3885.51	3901.87	3885.51	
3876.17	3897.2	3876.17	3897.2	3876.17	
3897.2	3892.52	3897.2	3892.52	3897.2	
3887.85	3894.86	3887.85	3894.86	3887.85	
3899.53	3892.52	3899.53	3892.52	3899.53	
3894.86	3892.52	3894.86	3892.52	3894.86	
3899.53	3901.87	3899.53	3901.87	3899.53	
3892.52	3892.52	3892.52	3892.52	3892.52	
3890.19	3885.51	3890.19	3885.51	3890.19	
3890.19	3892.52	3890.19	3892.52	3890.19	
3890.19	3890.19	3890.19	3890.19	3890.19	
3894.86	3897.2	3894.86	3897.2	3894.86	
3887.85	3887.85	3887.85	3887.85	3887.85	
3890.19	3887.85	3890.19	3887.85	3890.19	
3894.86	3883.18	3894.86	3883.18	3894.86	
3894.86	3897.2	3894.86	3897.2	3894.86	
3892.52	3892.52	3892.52	3892.52	3892.52	
3890.19	3890.19	3890.19	3890.19	3890.19	
3883.18	3887.85	3883.18	3887.85	3883.18	
3885.51	3880.84	3885.51	3880.84	3885.51	
3894.86	3892.52	3894.86	3892.52	3894.86	
3890.19	3894.86	3890.19	3894.86	3890.19	
3887.85	3906.54	3887.85	3906.54	3887.85	
3887.85	3901.87	3887.85	3901.87	3887.85	
3883.18	3885.51	3883.18	3885.51	3883.18	
3890.19	3887.85	3890.19	3887.85	3890.19	
3885.51	3897.2	3885.51	3897.2	3885.51	
3883.18	3890.19	3883.18	3890.19	3883.18	
3885.51	3890.19	3885.51	3890.19	3885.51	
3890.19	3892.52	3890.19	3892.52	3890.19	
3894.86	3894.86	3894.86	3894.86	3894.86	
3897.2	3901.87	3897.2	3901.87	3897.2	
3892.52	3885.51	3892.52	3885.51	3892.52	
3894.86	3890.19	3894.86	3890.19	3894.86	
3887.85	3890.19	3887.85	3890.19	3887.85	
3892.52	3892.52	3892.52	3892.52	3892.52	
3890.19	3890.19	3890.19	3890.19	3890.19	
3890.19	3892.52	3890.19	3892.52	3890.19	
3890.19	3892.52	3890.19	3892.52	3890.19	
3883.18	3890.19	3883.18	3890.19	3883.18	
3897.2	3892.52	3897.2	3892.52	3897.2	
3887.85	3894.86	3887.85	3894.86	3887.85	
3892.52	3892.52	3892.52	3892.52	3892.52	
3885.51	3894.86	3885.51	3894.86	3885.51	
3892.52	3899.53	3892.52	3899.53	3892.52	
3890.19	3894.86	3890.19	3894.86	3890.19	
3904.21	3899.53	3904.21	3899.53	3904.21	
3892.52	3892.52	3892.52	3892.52	3892.52	
3892.52	3906.54	3892.52	3906.54	3892.52	
3883.18	3894.86	3883.18	3894.86	3883.18	
3897.2	3894.86	3897.2	3894.86	3897.2	
3883.18	3894.86	3883.18	3894.86	3883.18	
3897.2	3890.19	3897.2	3890.19	3897.2	
3899.53	3892.52	3899.53	3892.52	3899.53	
3887.85	3894.86	3887.85	3894.86	3887.85	
3892.52	3890.19	3892.52	3890.19	3892.52	
3901.87	3887.85	3901.87	3887.85	3901.87	
3899.53	3894.86	3899.53	3894.86	3899.53	
3892.52	3897.2	3892.52	3897.2	3892.52	
3890.19	3887.85	3890.19	3887.85	3890.19	
3887.85	3887.85	3887.85	3887.85	3887.85	
3878.5	3887.85	3878.5	3887.85	3878.5	
3890.19	3887.85	3890.19	3887.85	3890.19	
3894.86	3894.86	3894.86	3894.86	3894.86	
3885.51	3894.86	3885.51	3894.86	3885.51	
3894.86	3892.52	3894.86	3892.52	3894.86	
3897.2	3892.52	3897.2	3892.52	3897.2	
3897.2	3894.86	3897.2	3894.86	3897.2	
3890.19	3892.52	3890.19	3892.52	3890.19	
3885.51	3885.51	3885.51	3885.51	3885.51	
3885.51	3887.85	3885.51	3887.85	3885.51	
3901.87	3883.18	3901.87	3883.18	3901.87	
3883.18	3890.19	3883.18	3890.19	3883.18	
3892.52	3885.51	3892.52	3885.51	3892.52	
3890.19	3899.53	3890.19	3899.53	3890.19	
3899.53	3892.52	3899.53	3892.52	3899.53	
3885.51	3885.51	3885.51	3885.51	3885.51	
3887.85	3887.85	3887.85	3887.85	3887.85	
3890.19	3892.52	3890.19	3892.52	3890.19	
3887.85	3897.2	3887.85	3897.2	3887.85	
3892.52	3887.85	3892.52	3887.85	3892.52	
3890.19	3892.52	3890.19	3892.52	3890.19	
3892.52	3890.19	3892.52	3890.19	3892.52	
3887.85	3894.86	3887.85	3894.86	3887.85	
3880.84	3890.19	3880.84	3890.19	3880.84	
3899.53	3890.19	3899.53	3890.19	3899.53	
3890.19	3883.18	3890.19	3883.18	3890.19	
3885.51	3894.86	3885.51	3894.86	3885.51	
3890.19	3897.2	3890.19	3897.2	3890.19	
3894.86	3887.85	3894.86	3887.85	3894.86	
3894.86	3885.51	3894.86	3885.51	3894.86	
3929.91	3918.22	3929.91	3918.22	3929.91	
3892.52	3892.52	3892.52	3892.52	3892.52	
3894.86	3885.51	3894.86	3885.51	3894.86	
3887.85	3887.85	3887.85	3887.85	3887.85	
3885.51	3904.21	3885.51	3904.21	3885.51	
3892.52	3899.53	3892.52	3899.53	3892.52	
3887.85	3894.86	3887.85	3894.86	3887.85	
3878.5	3892.52	3878.5	3892.52	3878.5	
3887.85	3899.53	3887.85	3899.53	3887.85	
3887.85	3890.19	3887.85	3890.19	3887.85	
3892.52	3890.19	3892.52	3890.19	3892.52	
3876.17	3880.84	3876.17	3880.84	3876.17	
3885.51	3887.85	3885.51	3887.85	3885.51	
3890.19	3887.85	3890.19	3887.85	3890.19	
3897.2	3890.19	3897.2	3890.19	3897.2	
3883.18	3887.85	3883.18	3887.85	3883.18	
3883.18	3892.52	3883.18	3892.52	3883.18	
3892.52	3892.52	3892.52	3892.52	3892.52	
3890.19	3894.86	3890.19	3894.86	3890.19	
3887.85	3897.2	3887.85	3897.2	3887.85	
3890.19	3892.52	3890.19	3892.52	3890.19	
3871.5	3876.17	3871.5	3876.17	3871.5	
3873.83	3871.5	3873.83	3871.5	3873.83	
3876.17	3866.82	3876.17	3866.82	3876.17	
3873.83	3869.16	3873.83	3869.16	3873.83	
