3753.91	3753.91	3758.39	3753.91	3756.15	
3729.31	3731.54	3731.54	3722.6	3720.36	
3718.12	3720.36	3729.31	3724.83	3727.07	
3720.36	3715.88	3715.88	3718.12	3711.41	
228369	228962	229418	228846	229890	
231949	231559	232908	232846	232642	
231456	231333	232246	232148	232454	
236459	236611	237633	237293	237732	
236843	236819	237485	237383	237794	
238367	238468	239295	239031	238794	
236246	236902	236996	237633	237497	
234644	234441	234991	235034	235430	
241461	241506	242374	242488	242725	
246523	246984	247579	247588	247474	
248051	248248	248658	248523	248919	
248094	248432	249367	248922	249063	
244360	244338	245430	244960	245183	
241235	241143	241602	242083	242264	
246427	247043	247490	247521	247230	
251309	250897	251830	251765	251020	
249383	249919	250043	250298	250432	
242864	243503	243942	244492	244497	
246387	245606	246575	246329	246564	
254917	254604	255257	255803	255450	
256374	256573	257331	257152	257526	
256689	256624	257826	257810	257767	
254098	255128	255002	255235	255698	
247984	248295	248942	248868	249139	
247904	247857	248526	248617	248519	
255796	256013	256955	257141	257078	
255324	255559	255228	255875	255065	
251141	251060	252143	252329	252490	
254931	255239	255819	256049	255904	
257139	257582	257640	258421	258047	
251783	252286	252577	253007	252445	
245611	245767	246242	246463	246550	
255443	255544	256338	256622	256682	
259893	260338	261114	260398	260872	
257438	257879	258472	258725	258508	
254644	254557	255584	255734	255302	
254655	254870	254962	255112	255593	
254917	254647	256087	255450	255385	
252016	252271	253506	252526	252210	
255658	255530	256584	256568	256591	
261421	261957	262450	262369	262273	
258365	258412	259711	259535	259691	
255801	255817	256161	256255	256497	
255416	255973	256152	256210	256673	
263546	263541	264430	264651	264624	
267427	267235	267817	267588	267915	
267224	267483	267866	267702	268179	
261058	261371	262579	261855	262443	
253438	253584	253973	254197	254152	
240720	241076	241709	241716	241937	
241714	242246	242233	242239	242204	
256199	256456	257213	257083	256928	
265582	266201	267197	266275	266727	
272179	272136	273438	273221	273765	
275796	276586	276506	277045	276718	
278027	278076	279154	278497	279289	
280089	280376	281295	280776	281479	
278913	279391	279588	279913	279832	
279255	279991	279673	280521	280694	
279360	279327	279812	280096	279555	
274447	274577	274902	274832	275094	
264391	264058	264879	265018	265049	
257622	258374	259007	259036	259183	
265942	265951	266459	266828	267235	
276734	276756	278190	277459	277924	
281649	281638	282539	282705	282474	
279490	279676	280501	280723	280651	
281796	282230	282740	282908	282812	
281183	281463	282174	282501	282228	
284434	284980	285868	285499	285758	
284018	284805	285479	285213	285407	
279767	279779	280378	280839	280671	
279687	279830	280680	281107	280427	
285403	285696	286555	286255	286235	
287501	287922	288647	288725	288785	
289123	289673	289897	289647	289754	
287897	288004	288528	288535	288161	
282002	282566	283573	283740	283483	
278438	278727	278662	279490	279362	
276051	275597	276474	276984	276814	
277098	277521	278029	277850	278054	
281676	282396	283237	282566	282949	
281215	281443	282188	281698	282219	
274226	274720	275103	275034	274978	
271271	271166	272302	271826	272358	
266998	267226	267980	267879	267714	
260915	261362	261908	261582	261660	
241353	241998	242528	242781	242550	
196635	196635	197501	197617	197523	
181248	181327	181754	181651	181671	
238799	239611	239933	240116	240163	
266772	267130	267691	267255	267573	
271508	271181	272083	272054	272823	
275857	275754	276933	276647	276275	
279195	279257	279980	280188	280949	
279544	279779	280260	280709	280445	
282027	282973	283049	282799	283213	
294002	293819	294651	294600	295013	
295973	295960	296937	296707	297219	
292940	293206	294494	294246	293998	
294136	293745	295512	295591	295660	
294430	295573	295734	295852	295832	
292745	292591	293172	294011	293421	
294615	294268	294922	294635	295655	
299331	299584	300917	301022	300870	
297734	297691	298434	297888	298694	
285123	285405	286271	285893	286085	
289333	289320	289823	290208	289754	
299924	299649	300949	300570	300566	
297911	298609	299049	298966	299329	
301130	301260	301716	302110	302098	
305107	305445	306000	306282	306242	
304720	305676	306190	305779	305499	
303221	302743	303790	303492	304186	
303336	303562	304271	305159	304649	
301152	301501	301541	301924	302183	
300886	301463	302629	302342	302416	
307611	307412	307315	308427	308450	
307463	307331	308984	308289	308620	
309356	309779	310065	310566	310166	
309790	309964	310705	310655	311237	
310132	310356	311148	311676	311506	
311488	311982	312221	312336	312604	
311528	312376	313494	313134	313443	
311575	311548	312723	312680	312881	
310964	310573	311803	312387	312295	
310488	310418	311550	311550	311499	
310935	311597	311998	312673	312172	
311647	311940	312611	312056	312635	
307141	307092	308306	307530	308832	
298689	298602	299570	299065	299421	
306553	306298	307009	307743	307286	
312884	312734	314213	314213	314148	
312747	312626	313745	313544	313781	
311826	312360	313016	313262	313358	
310745	310799	311987	311732	311984	
306662	305839	306653	307562	308441	
314333	314443	314917	315154	315468	
316170	316394	316888	317063	316850	
317459	317396	318369	318378	318738	
318436	318801	318819	319725	319490	
318121	317351	318389	318228	318890	
317192	317736	318421	318456	317667	
317837	318327	319367	318935	319700	
318682	318758	319427	319935	319884	
318152	318145	318984	318696	319112	
315123	314897	316235	315729	315651	
308141	308501	309383	308953	309497	
310745	311132	311526	311367	311960	
317123	316781	317729	317660	317123	
316942	316776	318248	317814	317477	
318962	319022	319445	320076	319537	
319503	319870	320738	320850	320906	
320016	320557	321548	321152	322112	
320626	320620	321445	321210	322002	
316655	316633	317736	317461	317870	
306391	306485	307613	307535	307170	
318083	317998	318647	318763	318454	
322020	321834	322711	322969	323400	
323336	323056	323879	323709	323794	
323716	323747	324799	324407	325322	
324206	324081	324544	325219	325443	
324230	324302	324794	324915	325523	
324179	324546	324872	325848	325694	
324924	324660	325481	325358	326427	
324821	324783	325336	325604	325689	
321660	321680	322459	322054	322557	
318300	318685	319866	319553	319763	
321785	321687	322620	322562	322606	
324642	325150	325485	326291	325928	
324738	324342	326242	325664	325897	
320347	320309	321510	321548	321872	
320096	320559	321226	321280	321163	
324716	324624	325306	325394	325338	
325331	324872	325937	326732	326559	
324405	324790	326244	326239	325685	
324009	323284	324465	324667	324615	
320743	320620	321304	320906	321049	
319937	320007	320725	320293	320810	
312770	313013	314224	313996	314246	
318096	318535	318850	319474	319696	
323391	323924	324823	324224	324834	
323013	323304	323606	323926	324242	
326877	327535	327734	327425	327774	
324729	324450	325414	325494	326380	
324425	325004	325821	325291	326085	
328251	328324	329318	329309	329559	
328640	329378	329861	330152	330206	
327638	327573	328485	328926	328309	
327584	327215	328685	328322	328559	
328647	328971	329602	330027	330181	
326709	326414	327843	327515	328284	
325640	326367	327134	327282	327497	
327821	327924	329204	329152	328814	
327051	327483	327723	327380	327917	
328094	328143	329362	328852	328962	
328635	328982	329550	329378	330139	
328340	327526	328651	328371	329309	
324136	324501	324812	325148	325309	
324917	324754	325870	325864	326530	
327362	327933	328629	328230	328488	
329749	330159	330685	330884	331304	
330094	330418	331523	331421	331132	
330658	330839	331635	331667	332013	
332087	333101	333752	333405	333391	
333260	332664	334365	334528	334331	
333492	333575	333763	334452	334620	
333163	333018	334170	333671	334369	
330374	330740	331532	331255	331586	
325613	325383	325452	326311	326136	
330653	330839	331774	331660	331342	
329772	329579	330430	330866	331121	
329655	329197	330412	330803	330803	
335141	334669	335519	336114	335957	
335821	336150	336617	336606	336385	
335687	335734	336447	336850	336893	
336445	336673	337539	336951	337134	
334577	334698	335620	335933	336195	
331957	332494	332987	333049	333745	
331141	331391	332304	331517	332812	
330783	332468	333119	332454	333125	
334964	334848	336230	335604	337045	
337217	336653	337555	338445	338233	
337036	337069	338242	337763	338107	
334602	334971	335221	335074	335544	
333747	333792	334957	334738	334982	
333295	333606	334237	333700	334081	
335045	335002	335857	335906	335761	
335338	335790	335669	336548	336747	
336528	336606	337262	337092	337213	
335157	335519	336705	336128	336609	
333461	333890	334445	335295	335172	
334669	334503	335398	334848	335834	
335716	336163	336260	336468	337734	
333347	333400	334103	334309	334421	
335897	336045	337362	337092	336812	
336725	336740	338076	337801	338237	
336179	336521	337356	337163	337834	
338738	338537	339025	339859	340322	
338251	338669	339501	339282	340022	
335002	335089	335376	335557	335817	
337284	337494	337747	338217	338224	
338707	338826	339924	340056	340940	
338694	339025	340575	340846	339935	
338157	338615	338850	339260	339472	
332237	332338	333148	332962	333047	
336237	336808	337246	338139	337255	
339546	339477	340208	340550	340899	
339295	338832	339984	339340	339477	
338550	339045	339477	339758	339935	
337007	337188	337470	337638	338338	
330937	331584	332049	332843	332463	
327298	326933	328548	328893	328756	
321528	321792	323228	323356	323729	
325101	324966	326197	325993	326145	
335347	335262	336644	336492	336517	
338309	338937	339345	340655	339649	
337964	337691	338702	338680	338251	
339036	339213	340007	339747	340034	
339662	339861	340503	340488	340960	
336966	337503	338208	338195	338846	
328284	328378	329092	329204	329338	
331694	331342	332497	332286	332884	
331937	332459	332781	333273	333291	
335852	335181	336796	336537	336886	
333192	332723	333615	334029	333989	
334389	334615	335541	335980	336089	
329034	329562	330714	330168	330029	
280072	280060	280537	280443	280705	
198016	198369	198908	198720	198761	
204962	205519	205846	206089	206141	
216982	217461	217776	217588	217602	
230094	229461	230286	230425	230494	
243973	244233	245284	245282	244785	
259499	259801	260492	260577	260394	
280101	279850	280857	280369	281575	
298490	298584	299311	299208	299447	
319870	319649	320615	320230	320978	
308691	308946	309911	309606	309832	
298582	298852	300045	299275	299734	
282559	282544	283852	283407	283199	
288839	288817	289541	289673	289832	
280007	280067	280660	280597	281356	
291877	292159	292817	292620	293584	
279443	279329	280255	280166	280235	
298065	298494	299221	298633	299096	
278329	279016	279826	279459	279465	
306306	306221	307434	307295	307345	
290253	290705	290964	291465	291338	
302481	302510	303248	303248	303224	
309166	309425	309864	309855	310132	
292251	292018	292749	293280	292694	
318038	318092	318725	318385	318796	
308465	308655	308635	309306	309669	
310060	310186	310568	310647	311045	
326199	325978	326624	326738	326868	
306031	306544	307403	307002	307150	
310058	309817	311159	310485	311251	
322152	321971	322899	323074	323383	
312445	312465	313450	313470	313029	
323743	323949	325009	324445	324783	
330982	331671	332508	332306	332635	
313128	313454	314336	313966	314709	
313289	313928	314477	314606	314557	
324642	324857	325881	325734	325919	
320025	320331	321517	321396	321700	
305396	305870	306743	306796	307085	
316494	316573	317289	317215	317564	
314501	314546	315338	315454	315660	
318040	318150	318817	318579	319007	
326671	326103	326526	327186	327087	
315512	314814	315669	315790	315707	
300819	300984	301635	301884	301479	
300725	299937	301562	301412	301228	
308215	308058	309168	309275	309407	
318832	318647	319875	319470	319660	
322468	322989	323452	323271	323899	
308931	309101	309535	309380	309664	
316906	318076	317573	318647	318183	
322244	322031	323230	323676	323412	
324501	324201	325226	324982	325083	
324190	324237	325049	324161	325094	
311499	311562	312286	312374	313130	
323331	323295	324300	324016	324349	
319421	319884	320662	320530	320727	
318190	318013	319506	319123	319588	
334852	333850	335074	335740	335754	
334309	334949	335009	335528	335333	
339888	339707	341479	340336	340839	
346221	345843	347702	347027	347868	
345260	345441	346506	346378	346705	
338461	338765	338819	339380	339957	
342438	343141	344400	344116	344072	
343197	342937	344295	343890	343734	
333622	333879	334864	335564	335081	
322785	322946	323385	323617	324016	
323322	323711	324671	324582	324588	
334078	334275	334418	335027	335313	
341253	341251	342002	341794	342007	
341441	341058	342116	342219	342859	
329311	329881	330492	330166	331054	
323322	322425	323879	322781	323562	
317013	316848	317720	317094	316839	
325926	326239	326805	326609	326843	
327492	327680	328852	329166	328613	
319653	319454	320617	320291	320535	
336790	337295	337852	337716	338597	
334875	335054	336076	335770	335687	
316291	316219	316931	316893	317244	
327575	328228	328349	328633	328902	
332969	332499	333971	334110	333828	
316485	316391	317011	316640	317555	
303749	303204	304553	304510	304550	
324114	323653	324617	324872	324866	
332418	333123	333660	333908	333761	
327306	327414	328148	328002	328293	
327801	328286	328468	328378	329217	
334400	334195	335454	335277	335861	
315300	314792	316436	316465	316058	
304953	305327	306331	306389	306094	
328125	327875	328928	329087	329058	
334940	334040	336190	335577	335924	
330007	330119	331069	331056	331606	
313423	313987	315626	315027	315098	
323029	322767	324403	324186	323604	
313253	313159	314201	314154	314280	
321772	322550	323289	323244	323170	
337975	338387	338682	339253	339584	
344414	345143	345201	345595	345745	
346168	346204	347105	347022	347649	
340725	340143	342094	341465	341479	
334890	335275	336586	336562	336119	
322946	323103	323465	323828	324094	
325291	324984	325564	325624	325966	
340859	340548	341490	341559	342018	
346624	346564	347396	347043	347908	
345072	345644	346535	346418	346260	
344828	344799	346443	345588	346472	
345564	345528	347051	346407	346588	
342884	342987	343774	343906	343716	
333119	332387	334092	333562	333919	
329841	329559	330456	331078	330736	
339685	339481	340519	340801	340430	
339072	338767	340154	340166	339481	
339197	339221	340459	340081	340248	
340729	340752	341083	340926	341038	
339443	339483	339667	340380	340123	
342282	342553	343045	343629	343441	
342087	342931	343051	343640	344009	
340054	340617	341702	341817	342081	
338790	339653	339752	340255	340280	
341727	341886	342935	343380	343168	
346770	346423	347633	347447	347508	
344613	344855	345530	345579	345928	
347497	347020	348553	348268	348322	
347029	347342	348669	348803	348468	
343736	344351	344736	345166	345295	
340984	340564	341338	341130	340966	
346872	346132	348213	346613	347700	
348148	348190	348911	349557	349260	
342714	342331	343020	342933	343029	
341045	341385	342432	342347	342123	
342919	343262	343837	343935	344470	
342839	342374	343600	343729	344322	
341472	342517	342940	343474	343233	
345817	346669	347465	347877	347371	
347161	347264	348159	348309	348369	
346452	346653	347128	348179	347667	
346387	347098	348320	348051	348011	
347861	347879	349096	348049	348501	
347803	347872	349255	348904	348792	
348427	348398	349320	349743	349239	
349611	349765	350383	350199	350872	
350705	349499	351067	351412	351570	
346729	347020	347823	347944	347868	
348025	348114	349268	349277	349635	
347537	347642	348931	348403	348935	
343640	344141	344852	344904	345412	
347054	347170	347975	348306	348105	
348761	349251	349890	349937	350342	
350577	350689	351512	351027	350949	
348072	347678	348779	349087	349275	
347852	348333	348530	348772	348913	
346906	346454	347604	347365	348139	
342034	341996	343483	342951	343378	
350754	350293	351935	351962	352743	
352877	352823	353821	353680	353949	
347837	348546	348161	348935	348823	
344595	344868	345913	345443	346134	
337830	338007	338268	338655	338960	
342181	342745	343799	344233	343204	
347624	347353	348107	348327	348441	
351284	351886	353007	352868	352962	
349306	349226	350593	350300	350447	
350962	351304	352400	351834	352134	
349651	349996	351626	351085	351770	
346819	347593	348045	347991	348794	
347425	348036	348611	349107	348888	
346206	346468	347204	347132	347465	
338568	339530	339655	340098	340036	
329107	329483	330651	329944	330324	
336002	336027	337000	336740	336987	
340539	340890	341468	341338	341864	
348412	348463	349132	349306	349546	
346776	346937	347928	347747	348123	
344098	344284	345998	346150	346000	
342414	343148	344020	344072	343785	
342528	342615	343691	343409	343680	
341940	341682	342700	343210	343226	
332043	331908	332452	332971	332716	
309004	308740	309792	309707	309483	
302009	301821	302819	302747	303172	
287342	286832	287736	287691	288161	
294226	293779	294969	294615	294729	
285362	285192	285913	285895	285996	
265902	266036	266573	266546	267056	
269226	268982	269528	269933	270166	
274069	273864	275049	274855	274962	
248264	248396	249190	249385	249043	
287767	287539	288065	288217	288770	
286488	286555	287047	287159	287253	
276613	276396	277597	277738	277421	
270752	271497	272036	271566	271306	
237635	237843	238096	238034	237953	
214922	215208	216036	215588	215702	
275472	275676	276313	276219	276644	
288391	288557	289374	289398	289523	
243984	243546	244085	244251	244810	
239631	239754	240136	239758	240407	
262063	262228	262727	262573	263186	
271508	271783	272007	272268	272497	
264148	263776	264908	265038	265369	
257716	257917	258714	257971	258864	
236029	235756	236651	236362	236640	
269043	269526	269727	269991	270159	
259727	259966	260483	260803	260899	
257794	257747	258642	258492	258790	
285669	285969	286320	287054	286859	
299841	300163	300615	300723	300367	
317443	317669	318803	318418	318208	
334063	334503	334996	334837	334975	
339049	338604	340166	340329	340421	
324785	324622	325664	325857	325714	
320996	321029	321951	321591	322676	
328043	328781	329436	329365	328792	
337946	337389	338302	338387	339007	
331834	331913	332680	333074	332174	
311072	310461	312459	312047	312213	
328964	329025	330434	329396	330011	
313928	314009	314723	314546	314537	
319631	320362	321452	321087	321336	
329928	330584	330727	330770	331022	
300002	299584	300720	300808	300805	
263060	262998	263400	263852	264356	
244246	244640	245781	244890	245485	
278980	278389	279678	279284	280067	
312110	312034	313195	313092	313096	
281271	281434	282248	282432	282201	
276812	277002	277662	278311	277989	
282210	282494	283029	283398	282949	
275289	274781	276329	275870	276736	
286747	286582	287128	287362	287740	
302152	302499	303510	303720	303490	
307405	307221	307698	307407	307676	
296678	296725	297423	297416	297635	
248499	248378	249246	249447	249132	
265087	265210	266208	266555	266908	
309626	310295	311255	311298	311179	
295221	295828	296253	296306	295915	
305331	306058	306517	306445	306906	
303459	302644	303562	303669	303649	
291302	291682	292456	291669	292472	
288369	288078	289110	289463	289573	
259503	259396	260022	259935	259680	
302412	302472	302987	303067	303622	
321434	321280	322289	323213	322327	
309785	310465	311342	310615	311029	
318313	317904	319101	319072	319327	
289832	289199	290150	290481	290432	
290711	290940	291159	291635	291255	
249987	250438	251208	250758	250678	
245830	246040	247166	246685	246819	
291841	291987	292376	292566	292096	
307400	307098	308152	308479	308168	
307879	307740	308823	308365	308772	
327282	327141	327870	327966	328007	
330682	331300	331642	331416	331973	
296794	296911	297794	297658	297888	
283094	283814	284246	284315	284371	
257832	258609	258982	258638	258662	
264463	264732	265649	265597	265906	
281884	281539	282161	282353	282573	
293483	293946	294213	294031	294376	
322846	323237	323897	324034	324195	
329139	329181	329740	330112	330468	
309078	309828	310166	310635	310195	
308043	307949	308548	308790	309197	
275002	275002	276152	275465	275181	
285394	285928	286286	286696	287116	
315667	315306	316680	316436	316342	
313418	313881	315170	314481	314861	
287523	287568	288331	288564	288351	
290074	290747	291548	291300	291128	
300264	300752	301620	301371	301081	
318427	318953	319302	319183	319394	
312011	312993	313611	313591	313890	
296441	296186	296459	297161	296801	
295691	295792	296586	296512	296016	
321604	322356	322092	322405	322327	
338682	338615	339409	339049	339333	
337998	338872	339311	339729	338767	
336597	336955	337602	337642	337508	
322915	323570	323530	323799	324226	
334318	334895	335268	335029	335705	
338727	338228	339298	339689	339915	
334479	334890	335812	335199	336188	
325208	325770	326215	326128	326414	
328327	328779	329465	329859	329447	
340063	341013	341434	341609	341881	
353224	353081	354474	354459	354443	
356570	355546	356604	356772	357224	
354714	354403	356098	356018	355647	
353770	354705	355604	354888	355181	
337714	337595	338371	338251	338275	
344286	344262	345403	345349	345105	
347488	347877	348584	347474	348691	
335351	335280	335962	336740	336776	
332539	332076	333141	333472	333356	
341204	341541	342349	342116	342530	
341217	341128	341734	341890	342311	
340060	340418	340881	340526	340861	
334132	334226	334980	334991	335378	
341295	341324	342092	342268	342333	
340022	340159	341286	341152	341152	
332324	332387	333134	332848	333528	
334356	333937	334716	334980	334573	
334260	334747	335253	335506	335089	
339658	339848	340463	339620	340660	
345089	344622	345987	346067	345291	
334606	334957	334982	336141	335866	
343333	343441	344221	344964	344454	
348013	348027	349130	348714	348680	
349933	350056	350304	350834	350577	
351233	351582	352430	352649	352416	
351043	351289	351617	352271	352465	
351996	351801	352374	352089	352685	
356092	356002	356787	356557	356729	
348647	348714	349459	349550	349890	
339119	339217	339584	340119	340148	
342682	343094	344217	344235	344078	
339832	339720	340389	340280	340626	
337221	337812	339058	338617	338356	
331336	331924	332483	332591	332438	
335736	335902	337177	336468	336125	
342884	342447	343736	344056	343877	
343555	343801	344756	344047	344063	
345121	346295	346830	346872	346638	
344687	345481	346302	346754	346716	
351445	351523	352286	353177	353271	
346736	346868	347962	348289	348181	
349575	349477	350454	350944	350861	
355928	356564	357989	357669	357166	
353380	353161	354917	354085	354425	
350145	350935	350971	350996	351705	
350324	351058	351584	351586	352322	
339349	339275	340754	340736	340937	
338208	337924	339298	338517	339340	
351233	352047	352604	352485	352694	
346470	346573	347562	347830	347293	
340635	340638	341371	340826	342047	
351011	350340	351861	352235	352132	
352105	353139	353114	353830	353796	
354242	353960	354362	355257	355568	
344736	344669	345125	345734	345803	
340134	340978	341421	341743	342011	
348913	348924	350004	350380	350434	
356445	356253	356763	357112	357282	
359134	358973	360494	360494	360145	
358940	359345	360546	360461	360673	
356729	356365	357280	356609	357633	
358441	359523	360472	359879	359937	
360515	360441	360911	361497	361242	
359624	359331	360438	360262	360642	
359953	360470	360772	361264	361204	
360293	360291	360799	361029	361353	
353423	353609	354078	354188	354345	
354215	354315	354879	354689	355246	
355159	355060	355586	355772	356107	
347700	347613	348441	347953	348362	
347857	348600	349121	349213	349112	
353074	353340	354275	354770	354544	
356349	356922	358166	358653	358642	
359425	359734	360582	360832	360826	
361076	361349	362255	362154	361922	
360353	361819	362559	362676	362199	
361727	362130	362720	363362	363136	
362242	362691	363239	363378	363432	
361374	362235	362971	362953	363613	
358233	358512	359747	359696	359425	
348362	348660	349237	349356	349940	
353479	353673	355174	355215	355783	
358248	358271	359588	359671	359971	
359700	359973	360094	360092	360698	
359975	360329	361537	360812	361295	
360859	360678	361452	361562	361783	
359924	360304	360790	361300	361557	
357911	357962	358754	358282	359295	
358342	358020	359060	359322	359510	
356975	357235	358215	358170	358047	
357566	357568	359016	358924	358801	
359081	359248	360374	360298	360054	
358729	359163	360237	360461	360362	
356631	357434	358195	358132	358000	
359295	358602	359465	360217	359911	
360707	360338	361098	361264	361785	
360803	360660	361492	361412	361465	
361054	360991	362060	361655	361951	
360163	358935	360430	360060	360966	
354470	354501	354984	355132	355000	
354698	355367	355447	355521	355787	
342866	342908	344266	344436	344365	
346472	347020	347691	347555	347606	
354110	354640	355101	355049	355078	
355438	355998	356615	356378	356803	
357799	357528	358734	358183	358559	
358935	359273	360723	359494	360468	
359280	359394	359718	359709	360345	
357011	357123	358081	358309	357980	
353315	352814	353839	354244	354691	
355132	355481	356143	356624	356340	
350398	350743	351488	351622	351260	
339857	339246	340213	340848	340875	
350669	351074	351523	351805	352311	
354235	354210	354248	355094	355365	
355667	355333	355922	356904	356376	
357660	357850	358519	358707	359083	
358380	358752	359264	359456	359673	
358374	358029	358888	359007	359452	
352013	352922	353902	353935	353727	
350749	350494	351358	351275	351447	
349723	350416	350676	350367	350098	
354879	354714	355747	355521	355729	
356360	356725	357779	358054	358555	
355749	355503	356700	356548	357658	
347548	347841	349078	348933	348899	
353579	353409	353626	353725	354076	
356414	355749	356772	357734	357917	
357747	358434	358676	358996	358987	
357544	358342	359371	359331	359098	
357821	358273	358353	359221	359631	
357036	357177	358452	358794	358521	
356277	356624	357226	357430	357620	
356940	356801	358177	357362	357991	
354642	355403	356186	356577	356087	
351647	351349	352508	352190	352391	
352351	352861	353783	353342	353996	
355204	355371	357327	356206	356604	
355626	355530	356416	356210	357244	
355562	355369	356094	356499	356568	
353360	353705	354709	354477	355246	
346461	346613	347772	347586	347591	
352043	351331	352436	353195	352879	
351872	351884	353020	352772	352808	
351183	351964	352389	352358	352814	
354526	354206	354689	355282	355123	
353539	354351	355204	355702	355251	
354868	355479	356374	355752	355870	
353503	353953	354273	354852	355255	
350043	350360	351293	350897	351002	
346235	346617	346973	347029	347485	
351349	351280	352239	352559	351982	
351298	351380	352685	351841	352461	
344960	345494	346830	346450	346776	
349204	348848	350143	350485	350485	
352217	352139	353436	353329	353324	
351530	352060	352647	353136	352602	
351794	351893	352539	352729	353555	
350957	350546	351669	351857	351843	
345781	345964	347461	346324	347183	
341139	341830	342347	342541	342841	
334387	335045	335689	335828	335978	
340474	339980	341266	341425	341441	
342174	342776	343347	343092	343550	
343564	343539	343837	344432	344324	
335649	335136	336114	335785	336566	
273899	274011	275333	274586	274911	
188940	189262	189667	189779	189620	
144535	144459	144955	144727	144899	
123508	124163	124441	124029	124251	
97344.5	97067.1	97378.1	97881.4	97579.4	
75219.2	75322.1	75496.6	75286.4	75528	
61803.1	61872.5	62055.9	62071.6	61872.5	
53469.8	53331.1	53355.7	53458.6	53241.6	
51105.1	51105.1	51170	51250.6	51311	
51519	51570.5	51845.6	51700.2	51724.8	
58293.1	58324.4	58422.8	58355.7	58340	
66008.9	66138.7	65915	66288.6	65973.2	
81505.6	81210.3	81644.3	81536.9	81530.2	
100911	100978	101555	101405	101262	
127177	126953	127425	127528	127573	
157537	157508	157911	157928	158472	
232483	232148	232969	232911	232924	
253647	253687	254311	254336	254040	
211662	212340	212192	212483	212412	
200521	200846	201174	201396	201396	
154655	154318	154931	154604	154597	
166416	166828	166463	167022	166993	
143510	143526	143946	143975	143787	
128145	127841	128586	128515	128609	
158689	158394	158541	158848	158808	
120604	120893	120852	120973	120904	
143472	144027	144058	144195	144145	
160658	160445	161441	161148	161248	
123045	123477	123257	123682	123490	
167606	167828	168436	168248	168544	
174213	174242	174450	174763	174814	
136555	136407	136606	136859	137094	
188850	189027	189841	189702	189828	
198579	198895	199667	198888	199367	
155537	155340	155736	156081	156020	
204749	204774	205085	205130	205199	
231067	231183	231893	231629	231814	
182168	182450	182600	183025	182888	
210271	210389	210850	210365	210803	
259490	258960	259926	259942	259841	
223702	223049	224094	224013	223897	
211969	212400	212564	212609	212991	
261884	262322	263268	263260	263199	
263081	263318	263817	263852	263700	
223758	223664	224445	224199	224537	
252937	252942	253792	253846	254434	
292096	292181	292855	293626	292839	
267687	268094	268680	269051	269177	
253157	253190	253886	254098	254273	
294937	294821	295573	295268	295483	
311494	312076	312537	312917	313497	
290183	290315	291727	291242	291145	
285586	285573	286736	286984	286897	
315680	316385	317438	316821	317734	
327689	328069	328206	328597	328899	
312036	311512	312808	313043	312761	
305980	306501	307230	307107	307680	
323729	324027	324691	323973	325186	
328349	328629	329255	329432	329362	
324045	324038	325217	324664	325112	
318186	317922	319224	318837	319188	
331159	331289	332087	332248	332322	
337515	337537	338443	338626	338895	
332273	332570	333152	333029	333494	
321843	321609	322935	322866	322638	
321251	321289	321655	322409	321821	
328861	329459	329989	330125	330315	
334872	335843	336647	336434	335919	
331141	330611	332078	331991	332011	
330647	330499	331470	331593	331336	
326145	325738	326248	326253	326973	
332152	332022	332886	333251	333049	
338553	338300	339494	339955	338794	
338387	337978	338638	338700	339515	
340872	341497	341391	341539	341770	
343841	343315	344123	344532	344349	
344219	344356	345069	345832	345879	
341371	342065	342649	342966	343251	
334597	335049	335875	335763	336291	
335264	335353	336040	336423	335895	
333089	333758	334255	334595	334186	
328121	328761	329217	329302	329409	
333691	333678	334716	334485	334300	
337508	337022	338244	338105	338414	
337626	337380	338606	339143	338776	
338890	338260	339568	339823	339430	
335801	336105	337781	337573	337130	
336821	336624	337246	337924	337671	
338989	338264	338991	339383	339186	
335362	335508	335819	335438	336523	
334365	334899	335383	335651	335756	
338204	338523	340002	339629	339888	
338926	339821	340512	340568	340629	
338553	337931	339510	339537	339273	
338593	338606	339141	340186	339884	
340347	340613	340964	341917	341089	
341582	340817	342470	342374	342562	
341723	341479	342624	342577	342774	
341521	342237	342877	342875	342899	
337215	337884	338787	338447	338336	
332163	332376	332933	333667	332779	
336195	335456	336664	337139	336846	
336799	336125	337069	337119	336944	
330224	330521	331400	331754	331427	
324315	324136	325000	325123	325098	
330188	330933	331559	330955	331123	
333398	334333	335324	334508	335494	
337047	336736	337942	338078	338425	
337579	337664	338340	337960	338644	
337819	337655	338812	339112	339438	
338991	338980	339161	338881	339602	
337094	336801	338085	337828	338320	
336000	336427	337215	337313	336897	
337680	338286	338566	339168	339425	
338582	339112	339103	339642	339584	
338268	338832	339365	339298	339468	
339219	339277	340004	340141	340523	
339002	339980	340291	340510	340333	
339020	339694	340009	340492	340857	
335320	335877	336940	336861	336685	
332682	333870	334398	333832	334051	
330969	331047	331441	331922	331868	
330430	331116	332130	331615	331669	
334823	334620	336040	335676	335785	
336425	335984	336438	337313	337586	
329210	328570	329564	329801	329698	
328472	327855	329430	329094	329734	
333866	334192	334787	335427	334732	
336260	336076	337174	337239	337749	
336555	336114	337606	337324	337470	
335150	334960	336477	336374	336447	
329754	329519	330872	330765	331065	
332101	332132	333159	333190	332940	
334282	335069	335881	336295	335884	
335143	335888	336622	336510	336884	
335168	335942	337141	336696	336624	
334351	334069	335644	334805	335251	
328727	328720	330060	330506	329902	
328273	328094	329179	328736	329143	
327228	327304	329284	328839	329034	
330407	331170	332306	332215	332383	
332150	332322	333027	333776	333362	
333208	333548	334116	334926	334013	
333224	333174	333922	333680	333767	
329515	329159	329799	330128	330141	
329819	330515	331154	331170	330664	
327557	327537	327855	328790	329011	
328481	328917	329503	330443	330056	
331535	331172	332179	332790	332960	
332969	332886	334340	334201	334349	
333192	333342	334432	334242	334537	
333843	334018	335018	335060	335331	
333774	334291	334570	334805	335620	
334215	334289	334396	335313	334758	
334101	334423	334494	334781	334640	
333893	334253	334550	334662	334253	
333528	333756	334385	334110	334170	
332177	332412	332899	332843	332971	
332490	332347	333226	333047	332691	
331761	331694	333018	332492	332454	
325989	325957	326787	326783	326819	
319490	319094	320078	320051	320089	
323671	323553	324450	324752	324772	
320403	321143	321660	321383	321917	
322734	322412	323908	324360	323817	
326219	326653	327441	327443	327940	
327718	327743	328826	328575	328801	
328694	328971	329631	329792	329875	
328425	328732	329725	329398	329790	
328427	328134	329282	329181	329233	
328246	328421	328848	329192	329398	
328311	329112	329029	328904	330150	
327597	327101	329215	328609	328631	
324074	323660	325425	324890	325246	
326143	326282	327389	327083	326667	
327273	327141	328362	327702	328761	
325116	325633	326358	326183	326553	
324732	324620	325275	325698	325215	
326107	326582	327327	326864	327501	
326622	327349	327830	327380	328376	
325884	325991	327157	326817	327233	
324642	325181	325861	325689	326389	
323848	324519	325714	325723	325438	
322499	322488	323380	323687	323602	
320875	320550	321687	321702	321409	
322497	322984	323859	324007	323908	
322609	322705	323306	323434	323736	
319754	320058	320626	320899	321251	
321045	322141	322342	322378	321868	
321430	320881	322714	322177	322002	
321038	320926	320962	321861	321517	
314754	314839	315541	315374	315501	
315685	315570	317190	316653	316687	
317262	317069	318465	318051	318998	
314094	313899	314725	315007	315568	
314895	313521	314828	315655	315174	
317819	317530	318029	318280	318803	
317199	317224	318022	317944	318472	
314532	315096	315362	315329	315908	
314362	314588	315266	315356	315322	
314779	314754	315508	315168	316116	
312940	312803	313447	314246	313852	
309239	309174	310271	310351	310389	
306461	306027	307116	307517	307103	
300911	301492	301490	302081	302096	
299031	298664	299271	299725	299969	
308622	308465	308687	309192	309512	
311922	311765	312635	312902	312812	
305647	305946	306866	306716	306588	
300040	300047	300870	300508	300884	
305089	304906	305830	305749	306239	
311597	312128	312738	312490	312617	
313470	313716	314490	314034	314488	
306510	307013	307850	308022	308747	
299747	299235	300857	300541	301192	
302707	302345	303286	303342	303765	
303188	304011	304906	304859	304459	
305752	305785	306416	306745	306700	
304723	305293	306698	306805	306946	
301678	301074	302025	302260	302740	
296434	296613	297423	298060	297494	
299497	299792	299711	299897	299991	
297729	297004	298421	297940	298485	
303405	303412	304002	304271	304022	
300888	301063	302054	302387	302201	
299955	300680	301770	301327	301756	
303479	303852	304817	304926	304698	
297738	297519	298805	298902	298338	
293723	294221	294159	293792	295076	
292528	293242	293792	294280	293609	
290651	290591	290843	291465	291298	
297387	297036	298315	297790	297922	
302682	302855	303324	303132	303794	
296772	296548	297353	296752	297582	
296054	295993	296593	297289	296971	
301157	301935	302217	302074	301667	
300729	301588	301306	301588	302119	
299421	299273	300732	301027	300814	
294734	295302	296016	296051	296179	
290387	290430	291376	291517	291756	
291523	291644	291895	292197	291622	
295991	296251	296969	296949	296510	
299036	300034	300409	300640	300586	
297855	297557	299007	298515	298931	
299031	299445	300331	300371	300284	
299461	299398	300007	299803	300159	
299251	299436	300226	300615	300268	
298550	298629	299752	299765	299776	
293221	293400	293823	293870	294638	
288593	288385	289770	288964	289738	
283497	284063	284821	284432	284385	
280591	280038	280756	281577	281282	
280067	279617	280872	280134	280530	
286289	286192	287638	288036	287298	
292304	292421	292228	292761	292819	
289306	289237	289801	290206	290342	
290134	290481	291049	291210	290700	
289351	289928	290459	290396	290098	
290890	291752	291998	291673	291987	
293946	293494	294613	295170	295441	
293647	293689	294273	295128	294570	
295206	294306	295725	296123	295879	
295244	295027	295501	296009	296233	
292933	293537	294313	294638	294349	
292550	292743	293678	294051	293506	
294215	294362	294953	294890	295526	
290289	290723	291430	291347	291946	
288723	288935	289313	289622	289743	
288624	288732	289689	289763	289582	
289277	288904	289438	290152	290403	
291662	292213	292969	292868	293107	
290197	290541	291152	291103	291403	
290163	290423	291239	291141	291239	
287866	288174	288989	288566	289271	
286040	286345	286837	286380	286584	
286515	286324	287915	287740	287772	
279067	279002	279872	280472	279969	
268105	268067	269022	269027	269412	
269535	269519	270416	270188	270564	
275217	275441	275964	276186	276089	
275781	275971	276922	276600	276787	
275559	275673	276953	276418	277221	
270622	270208	271018	270839	270890	
260253	259781	260989	261161	260931	
267157	266828	267501	267928	267271	
266913	267051	267687	267709	267291	
260781	260385	261264	261114	261121	
253025	253510	253857	253908	254450	
256089	255492	256604	256823	257043	
256740	256834	257673	257537	257593	
254725	254859	255096	255268	255116	
253978	254300	254667	254609	254555	
249427	249318	249870	249570	250103	
244313	245038	245512	245233	245723	
239427	239463	239841	240145	239940	
236548	236470	237130	237123	237148	
233832	233586	234613	234454	234298	
225772	226105	226651	226725	226649	
223459	223850	224497	223998	224631	
226848	226772	226931	227242	226850	
226157	226396	226953	226790	226434	
222295	222394	222933	223351	222908	
217237	216881	218497	217783	218163	
214022	214293	214935	214642	214834	
214098	213812	214756	214338	215009	
212416	212839	213038	212803	213396	
210013	210143	210716	210749	210749	
206774	206823	207199	207244	206801	
201063	201190	201215	202002	201224	
195342	195720	195987	196351	196107	
188289	188848	189141	188785	188926	
3774.05	3769.57	3762.86	3769.57	3767.34	
3731.54	3733.78	3731.54	3733.78	3733.78	
3729.31	3733.78	3731.54	3729.31	3731.54	
3729.31	3727.07	3729.31	3727.07	3729.31	
