3353.41	3365.46	3353.41	3365.46	3353.41	
3341.37	3333.33	3341.37	3333.33	3341.37	
3331.33	3327.31	3331.33	3327.31	3331.33	
3323.29	3329.32	3323.29	3329.32	3323.29	
3341.37	3345.38	3341.37	3345.38	3341.37	
3335.34	3347.39	3335.34	3347.39	3335.34	
3339.36	3349.4	3339.36	3349.4	3339.36	
3341.37	3343.37	3341.37	3343.37	3341.37	
3353.41	3351.41	3353.41	3351.41	3353.41	
3345.38	3343.37	3345.38	3343.37	3345.38	
3351.41	3345.38	3351.41	3345.38	3351.41	
3349.4	3347.39	3349.4	3347.39	3349.4	
3337.35	3349.4	3337.35	3349.4	3337.35	
3347.39	3343.37	3347.39	3343.37	3347.39	
3349.4	3347.39	3349.4	3347.39	3349.4	
3353.41	3341.37	3353.41	3341.37	3353.41	
3339.36	3347.39	3339.36	3347.39	3339.36	
3357.43	3355.42	3357.43	3355.42	3357.43	
3351.41	3357.43	3351.41	3357.43	3351.41	
3359.44	3345.38	3359.44	3345.38	3359.44	
3351.41	3343.37	3351.41	3343.37	3351.41	
3351.41	3345.38	3351.41	3345.38	3351.41	
3345.38	3349.4	3345.38	3349.4	3345.38	
3335.34	3345.38	3335.34	3345.38	3335.34	
3353.41	3343.37	3353.41	3343.37	3353.41	
3347.39	3351.41	3347.39	3351.41	3347.39	
3351.41	3353.41	3351.41	3353.41	3351.41	
3351.41	3351.41	3351.41	3351.41	3351.41	
3363.45	3357.43	3363.45	3357.43	3363.45	
3347.39	3351.41	3347.39	3351.41	3347.39	
3359.44	3347.39	3359.44	3347.39	3359.44	
3349.4	3345.38	3349.4	3345.38	3349.4	
3347.39	3349.4	3347.39	3349.4	3347.39	
3349.4	3363.45	3349.4	3363.45	3349.4	
3349.4	3349.4	3349.4	3349.4	3349.4	
3351.41	3353.41	3351.41	3353.41	3351.41	
3345.38	3353.41	3345.38	3353.41	3345.38	
3355.42	3349.4	3355.42	3349.4	3355.42	
3351.41	3359.44	3351.41	3359.44	3351.41	
3365.46	3357.43	3365.46	3357.43	3365.46	
3359.44	3353.41	3359.44	3353.41	3359.44	
3345.38	3347.39	3345.38	3347.39	3345.38	
3351.41	3355.42	3351.41	3355.42	3351.41	
3343.37	3357.43	3343.37	3357.43	3343.37	
3353.41	3355.42	3353.41	3355.42	3353.41	
3359.44	3359.44	3359.44	3359.44	3359.44	
3351.41	3345.38	3351.41	3345.38	3351.41	
3353.41	3347.39	3353.41	3347.39	3353.41	
3355.42	3345.38	3355.42	3345.38	3355.42	
3355.42	3355.42	3355.42	3355.42	3355.42	
3357.43	3363.45	3357.43	3363.45	3357.43	
3359.44	3351.41	3359.44	3351.41	3359.44	
3349.4	3353.41	3349.4	3353.41	3349.4	
3357.43	3355.42	3357.43	3355.42	3357.43	
3353.41	3361.45	3353.41	3361.45	3353.41	
3357.43	3359.44	3357.43	3359.44	3357.43	
3359.44	3357.43	3359.44	3357.43	3359.44	
3355.42	3349.4	3355.42	3349.4	3355.42	
3355.42	3349.4	3355.42	3349.4	3355.42	
3349.4	3353.41	3349.4	3353.41	3349.4	
3349.4	3357.43	3349.4	3357.43	3349.4	
3355.42	3353.41	3355.42	3353.41	3355.42	
3349.4	3343.37	3349.4	3343.37	3349.4	
3351.41	3349.4	3351.41	3349.4	3351.41	
3349.4	3351.41	3349.4	3351.41	3349.4	
3351.41	3359.44	3351.41	3359.44	3351.41	
3351.41	3355.42	3351.41	3355.42	3351.41	
3355.42	3357.43	3355.42	3357.43	3355.42	
3347.39	3355.42	3347.39	3355.42	3347.39	
3351.41	3359.44	3351.41	3359.44	3351.41	
3351.41	3347.39	3351.41	3347.39	3351.41	
3347.39	3357.43	3347.39	3357.43	3347.39	
3351.41	3349.4	3351.41	3349.4	3351.41	
3353.41	3353.41	3353.41	3353.41	3353.41	
3353.41	3347.39	3353.41	3347.39	3353.41	
3349.4	3351.41	3349.4	3351.41	3349.4	
3351.41	3349.4	3351.41	3349.4	3351.41	
3355.42	3353.41	3355.42	3353.41	3355.42	
3353.41	3345.38	3353.41	3345.38	3353.41	
3353.41	3351.41	3353.41	3351.41	3353.41	
3355.42	3349.4	3355.42	3349.4	3355.42	
3349.4	3351.41	3349.4	3351.41	3349.4	
3351.41	3345.38	3351.41	3345.38	3351.41	
3365.46	3357.43	3365.46	3357.43	3365.46	
3361.45	3347.39	3361.45	3347.39	3361.45	
3355.42	3355.42	3355.42	3355.42	3355.42	
3349.4	3355.42	3349.4	3355.42	3349.4	
3345.38	3347.39	3345.38	3347.39	3345.38	
3351.41	3353.41	3351.41	3353.41	3351.41	
3343.37	3351.41	3343.37	3351.41	3343.37	
3345.38	3353.41	3345.38	3353.41	3345.38	
3349.4	3355.42	3349.4	3355.42	3349.4	
3351.41	3349.4	3351.41	3349.4	3351.41	
3355.42	3351.41	3355.42	3351.41	3355.42	
3353.41	3355.42	3353.41	3355.42	3353.41	
3347.39	3351.41	3347.39	3351.41	3347.39	
3355.42	3355.42	3355.42	3355.42	3355.42	
3351.41	3353.41	3351.41	3353.41	3351.41	
3343.37	3341.37	3343.37	3341.37	3343.37	
3353.41	3349.4	3353.41	3349.4	3353.41	
3353.41	3343.37	3353.41	3343.37	3353.41	
3349.4	3351.41	3349.4	3351.41	3349.4	
3359.44	3353.41	3359.44	3353.41	3359.44	
3353.41	3343.37	3353.41	3343.37	3353.41	
3357.43	3361.45	3357.43	3361.45	3357.43	
3351.41	3351.41	3351.41	3351.41	3351.41	
3347.39	3355.42	3347.39	3355.42	3347.39	
3353.41	3355.42	3353.41	3355.42	3353.41	
3351.41	3361.45	3351.41	3361.45	3351.41	
3357.43	3349.4	3357.43	3349.4	3357.43	
3353.41	3353.41	3353.41	3353.41	3353.41	
3351.41	3345.38	3351.41	3345.38	3351.41	
3363.45	3347.39	3363.45	3347.39	3363.45	
3349.4	3353.41	3349.4	3353.41	3349.4	
3349.4	3351.41	3349.4	3351.41	3349.4	
3351.41	3353.41	3351.41	3353.41	3351.41	
3345.38	3345.38	3345.38	3345.38	3345.38	
3341.37	3349.4	3341.37	3349.4	3341.37	
3351.41	3355.42	3351.41	3355.42	3351.41	
3349.4	3351.41	3349.4	3351.41	3349.4	
3349.4	3347.39	3349.4	3347.39	3349.4	
3353.41	3357.43	3353.41	3357.43	3353.41	
3347.39	3353.41	3347.39	3353.41	3347.39	
3353.41	3353.41	3353.41	3353.41	3353.41	
3351.41	3351.41	3351.41	3351.41	3351.41	
3355.42	3359.44	3355.42	3359.44	3355.42	
3347.39	3353.41	3347.39	3353.41	3347.39	
3357.43	3351.41	3357.43	3351.41	3357.43	
3359.44	3349.4	3359.44	3349.4	3359.44	
3355.42	3345.38	3355.42	3345.38	3355.42	
3351.41	3351.41	3351.41	3351.41	3351.41	
3351.41	3351.41	3351.41	3351.41	3351.41	
3363.45	3355.42	3363.45	3355.42	3363.45	
3349.4	3349.4	3349.4	3349.4	3349.4	
3351.41	3347.39	3351.41	3347.39	3351.41	
3349.4	3347.39	3349.4	3347.39	3349.4	
3355.42	3357.43	3355.42	3357.43	3355.42	
3355.42	3347.39	3355.42	3347.39	3355.42	
3349.4	3351.41	3349.4	3351.41	3349.4	
3335.34	3351.41	3335.34	3351.41	3335.34	
3361.45	3349.4	3361.45	3349.4	3361.45	
3353.41	3349.4	3353.41	3349.4	3353.41	
3351.41	3349.4	3351.41	3349.4	3351.41	
3355.42	3355.42	3355.42	3355.42	3355.42	
3349.4	3353.41	3349.4	3353.41	3349.4	
3355.42	3353.41	3355.42	3353.41	3355.42	
3347.39	3365.46	3347.39	3365.46	3347.39	
3355.42	3349.4	3355.42	3349.4	3355.42	
3349.4	3351.41	3349.4	3351.41	3349.4	
3345.38	3359.44	3345.38	3359.44	3345.38	
3343.37	3345.38	3343.37	3345.38	3343.37	
3351.41	3353.41	3351.41	3353.41	3351.41	
3359.44	3345.38	3359.44	3345.38	3359.44	
3351.41	3353.41	3351.41	3353.41	3351.41	
3341.37	3347.39	3341.37	3347.39	3341.37	
3353.41	3351.41	3353.41	3351.41	3353.41	
3349.4	3351.41	3349.4	3351.41	3349.4	
3347.39	3349.4	3347.39	3349.4	3347.39	
3353.41	3347.39	3353.41	3347.39	3353.41	
3343.37	3349.4	3343.37	3349.4	3343.37	
3353.41	3355.42	3353.41	3355.42	3353.41	
3349.4	3351.41	3349.4	3351.41	3349.4	
3349.4	3351.41	3349.4	3351.41	3349.4	
3345.38	3359.44	3345.38	3359.44	3345.38	
3357.43	3365.46	3357.43	3365.46	3357.43	
3357.43	3345.38	3357.43	3345.38	3357.43	
3349.4	3353.41	3349.4	3353.41	3349.4	
3357.43	3347.39	3357.43	3347.39	3357.43	
3353.41	3353.41	3353.41	3353.41	3353.41	
3351.41	3347.39	3351.41	3347.39	3351.41	
3351.41	3347.39	3351.41	3347.39	3351.41	
3345.38	3353.41	3345.38	3353.41	3345.38	
3349.4	3355.42	3349.4	3355.42	3349.4	
3349.4	3353.41	3349.4	3353.41	3349.4	
3347.39	3347.39	3347.39	3347.39	3347.39	
3353.41	3347.39	3353.41	3347.39	3353.41	
3349.4	3349.4	3349.4	3349.4	3349.4	
3353.41	3353.41	3353.41	3353.41	3353.41	
3343.37	3351.41	3343.37	3351.41	3343.37	
3341.37	3345.38	3341.37	3345.38	3341.37	
3343.37	3353.41	3343.37	3353.41	3343.37	
3349.4	3349.4	3349.4	3349.4	3349.4	
3361.45	3343.37	3361.45	3343.37	3361.45	
3347.39	3349.4	3347.39	3349.4	3347.39	
3341.37	3343.37	3341.37	3343.37	3341.37	
3349.4	3357.43	3349.4	3357.43	3349.4	
3353.41	3357.43	3353.41	3357.43	3353.41	
3353.41	3349.4	3353.41	3349.4	3353.41	
3349.4	3355.42	3349.4	3355.42	3349.4	
3349.4	3345.38	3349.4	3345.38	3349.4	
3345.38	3341.37	3345.38	3341.37	3345.38	
3345.38	3343.37	3345.38	3343.37	3345.38	
3353.41	3345.38	3353.41	3345.38	3353.41	
3343.37	3353.41	3343.37	3353.41	3343.37	
3347.39	3359.44	3347.39	3359.44	3347.39	
3347.39	3357.43	3347.39	3357.43	3347.39	
3349.4	3349.4	3349.4	3349.4	3349.4	
3347.39	3345.38	3347.39	3345.38	3347.39	
3365.46	3359.44	3365.46	3359.44	3365.46	
3343.37	3351.41	3343.37	3351.41	3343.37	
3341.37	3343.37	3341.37	3343.37	3341.37	
3339.36	3349.4	3339.36	3349.4	3339.36	
3347.39	3343.37	3347.39	3343.37	3347.39	
3347.39	3359.44	3347.39	3359.44	3347.39	
3339.36	3351.41	3339.36	3351.41	3339.36	
3349.4	3357.43	3349.4	3357.43	3349.4	
3343.37	3353.41	3343.37	3353.41	3343.37	
3349.4	3353.41	3349.4	3353.41	3349.4	
3345.38	3349.4	3345.38	3349.4	3345.38	
3343.37	3345.38	3343.37	3345.38	3343.37	
3353.41	3353.41	3353.41	3353.41	3353.41	
3345.38	3363.45	3345.38	3363.45	3345.38	
3351.41	3347.39	3351.41	3347.39	3351.41	
3353.41	3355.42	3353.41	3355.42	3353.41	
3349.4	3349.4	3349.4	3349.4	3349.4	
3351.41	3347.39	3351.41	3347.39	3351.41	
3347.39	3349.4	3347.39	3349.4	3347.39	
3353.41	3351.41	3353.41	3351.41	3353.41	
3349.4	3345.38	3349.4	3345.38	3349.4	
3343.37	3351.41	3343.37	3351.41	3343.37	
3341.37	3347.39	3341.37	3347.39	3341.37	
3351.41	3351.41	3351.41	3351.41	3351.41	
3351.41	3353.41	3351.41	3353.41	3351.41	
3353.41	3359.44	3353.41	3359.44	3353.41	
3347.39	3357.43	3347.39	3357.43	3347.39	
3345.38	3353.41	3345.38	3353.41	3345.38	
3353.41	3351.41	3353.41	3351.41	3353.41	
3359.44	3351.41	3359.44	3351.41	3359.44	
3349.4	3343.37	3349.4	3343.37	3349.4	
3351.41	3347.39	3351.41	3347.39	3351.41	
3349.4	3357.43	3349.4	3357.43	3349.4	
3353.41	3353.41	3353.41	3353.41	3353.41	
3351.41	3353.41	3351.41	3353.41	3351.41	
3353.41	3359.44	3353.41	3359.44	3353.41	
3355.42	3351.41	3355.42	3351.41	3355.42	
3349.4	3347.39	3349.4	3347.39	3349.4	
3353.41	3347.39	3353.41	3347.39	3353.41	
3349.4	3347.39	3349.4	3347.39	3349.4	
3347.39	3351.41	3347.39	3351.41	3347.39	
3351.41	3345.38	3351.41	3345.38	3351.41	
3351.41	3355.42	3351.41	3355.42	3351.41	
3357.43	3349.4	3357.43	3349.4	3357.43	
3343.37	3347.39	3343.37	3347.39	3343.37	
3355.42	3351.41	3355.42	3351.41	3355.42	
3347.39	3347.39	3347.39	3347.39	3347.39	
3341.37	3343.37	3341.37	3343.37	3341.37	
3343.37	3349.4	3343.37	3349.4	3343.37	
3353.41	3357.43	3353.41	3357.43	3353.41	
3339.36	3341.37	3339.36	3341.37	3339.36	
3353.41	3345.38	3353.41	3345.38	3353.41	
3353.41	3361.45	3353.41	3361.45	3353.41	
3357.43	3353.41	3357.43	3353.41	3357.43	
3347.39	3353.41	3347.39	3353.41	3347.39	
3351.41	3347.39	3351.41	3347.39	3351.41	
3349.4	3353.41	3349.4	3353.41	3349.4	
3359.44	3351.41	3359.44	3351.41	3359.44	
3351.41	3351.41	3351.41	3351.41	3351.41	
3345.38	3355.42	3345.38	3355.42	3345.38	
3339.36	3341.37	3339.36	3341.37	3339.36	
3349.4	3345.38	3349.4	3345.38	3349.4	
3353.41	3361.45	3353.41	3361.45	3353.41	
3351.41	3361.45	3351.41	3361.45	3351.41	
3359.44	3353.41	3359.44	3353.41	3359.44	
3357.43	3353.41	3357.43	3353.41	3357.43	
3345.38	3351.41	3345.38	3351.41	3345.38	
3349.4	3345.38	3349.4	3345.38	3349.4	
3351.41	3345.38	3351.41	3345.38	3351.41	
3361.45	3355.42	3361.45	3355.42	3361.45	
3353.41	3347.39	3353.41	3347.39	3353.41	
3345.38	3351.41	3345.38	3351.41	3345.38	
3343.37	3355.42	3343.37	3355.42	3343.37	
3347.39	3347.39	3347.39	3347.39	3347.39	
3347.39	3359.44	3347.39	3359.44	3347.39	
3355.42	3343.37	3355.42	3343.37	3355.42	
3343.37	3353.41	3343.37	3353.41	3343.37	
3353.41	3351.41	3353.41	3351.41	3353.41	
3349.4	3357.43	3349.4	3357.43	3349.4	
3347.39	3353.41	3347.39	3353.41	3347.39	
3349.4	3353.41	3349.4	3353.41	3349.4	
3347.39	3349.4	3347.39	3349.4	3347.39	
3349.4	3351.41	3349.4	3351.41	3349.4	
3347.39	3349.4	3347.39	3349.4	3347.39	
3359.44	3351.41	3359.44	3351.41	3359.44	
3343.37	3349.4	3343.37	3349.4	3343.37	
3349.4	3353.41	3349.4	3353.41	3349.4	
3353.41	3345.38	3353.41	3345.38	3353.41	
3345.38	3359.44	3345.38	3359.44	3345.38	
3341.37	3347.39	3341.37	3347.39	3341.37	
3359.44	3353.41	3359.44	3353.41	3359.44	
3355.42	3355.42	3355.42	3355.42	3355.42	
3349.4	3347.39	3349.4	3347.39	3349.4	
3357.43	3363.45	3357.43	3363.45	3357.43	
3351.41	3345.38	3351.41	3345.38	3351.41	
3349.4	3355.42	3349.4	3355.42	3349.4	
3347.39	3349.4	3347.39	3349.4	3347.39	
3341.37	3355.42	3341.37	3355.42	3341.37	
3347.39	3365.46	3347.39	3365.46	3347.39	
3353.41	3357.43	3353.41	3357.43	3353.41	
3353.41	3345.38	3353.41	3345.38	3353.41	
3349.4	3345.38	3349.4	3345.38	3349.4	
3351.41	3353.41	3351.41	3353.41	3351.41	
3343.37	3347.39	3343.37	3347.39	3343.37	
3353.41	3345.38	3353.41	3345.38	3353.41	
3347.39	3341.37	3347.39	3341.37	3347.39	
3337.35	3359.44	3337.35	3359.44	3337.35	
3345.38	3345.38	3345.38	3345.38	3345.38	
3339.36	3349.4	3339.36	3349.4	3339.36	
3353.41	3349.4	3353.41	3349.4	3353.41	
3351.41	3353.41	3351.41	3353.41	3351.41	
3351.41	3355.42	3351.41	3355.42	3351.41	
3351.41	3347.39	3351.41	3347.39	3351.41	
3353.41	3353.41	3353.41	3353.41	3353.41	
3351.41	3349.4	3351.41	3349.4	3351.41	
3351.41	3353.41	3351.41	3353.41	3351.41	
3349.4	3353.41	3349.4	3353.41	3349.4	
3351.41	3353.41	3351.41	3353.41	3351.41	
3347.39	3359.44	3347.39	3359.44	3347.39	
3345.38	3349.4	3345.38	3349.4	3345.38	
3343.37	3353.41	3343.37	3353.41	3343.37	
3345.38	3349.4	3345.38	3349.4	3345.38	
3355.42	3351.41	3355.42	3351.41	3355.42	
3351.41	3355.42	3351.41	3355.42	3351.41	
3341.37	3353.41	3341.37	3353.41	3341.37	
3353.41	3355.42	3353.41	3355.42	3353.41	
3351.41	3347.39	3351.41	3347.39	3351.41	
3351.41	3353.41	3351.41	3353.41	3351.41	
3341.37	3351.41	3341.37	3351.41	3341.37	
3345.38	3349.4	3345.38	3349.4	3345.38	
3351.41	3349.4	3351.41	3349.4	3351.41	
3355.42	3341.37	3355.42	3341.37	3355.42	
3351.41	3347.39	3351.41	3347.39	3351.41	
3349.4	3351.41	3349.4	3351.41	3349.4	
3347.39	3353.41	3347.39	3353.41	3347.39	
3341.37	3347.39	3341.37	3347.39	3341.37	
3357.43	3351.41	3357.43	3351.41	3357.43	
3347.39	3349.4	3347.39	3349.4	3347.39	
3345.38	3355.42	3345.38	3355.42	3345.38	
3347.39	3345.38	3347.39	3345.38	3347.39	
3353.41	3341.37	3353.41	3341.37	3353.41	
3347.39	3351.41	3347.39	3351.41	3347.39	
3347.39	3347.39	3347.39	3347.39	3347.39	
3349.4	3351.41	3349.4	3351.41	3349.4	
3351.41	3357.43	3351.41	3357.43	3351.41	
3355.42	3349.4	3355.42	3349.4	3355.42	
3351.41	3365.46	3351.41	3365.46	3351.41	
3349.4	3345.38	3349.4	3345.38	3349.4	
3347.39	3351.41	3347.39	3351.41	3347.39	
3357.43	3351.41	3357.43	3351.41	3357.43	
3341.37	3347.39	3341.37	3347.39	3341.37	
3345.38	3355.42	3345.38	3355.42	3345.38	
3349.4	3357.43	3349.4	3357.43	3349.4	
3345.38	3351.41	3345.38	3351.41	3345.38	
3357.43	3345.38	3357.43	3345.38	3357.43	
3353.41	3359.44	3353.41	3359.44	3353.41	
3347.39	3341.37	3347.39	3341.37	3347.39	
3357.43	3361.45	3357.43	3361.45	3357.43	
3345.38	3347.39	3345.38	3347.39	3345.38	
3363.45	3355.42	3363.45	3355.42	3363.45	
3337.35	3355.42	3337.35	3355.42	3337.35	
3347.39	3351.41	3347.39	3351.41	3347.39	
3349.4	3353.41	3349.4	3353.41	3349.4	
3351.41	3337.35	3351.41	3337.35	3351.41	
3349.4	3349.4	3349.4	3349.4	3349.4	
3343.37	3355.42	3343.37	3355.42	3343.37	
3357.43	3353.41	3357.43	3353.41	3357.43	
3351.41	3349.4	3351.41	3349.4	3351.41	
3351.41	3353.41	3351.41	3353.41	3351.41	
3347.39	3347.39	3347.39	3347.39	3347.39	
3353.41	3351.41	3353.41	3351.41	3353.41	
3347.39	3351.41	3347.39	3351.41	3347.39	
3337.35	3347.39	3337.35	3347.39	3337.35	
3343.37	3363.45	3343.37	3363.45	3343.37	
3341.37	3349.4	3341.37	3349.4	3341.37	
3343.37	3353.41	3343.37	3353.41	3343.37	
3355.42	3355.42	3355.42	3355.42	3355.42	
3349.4	3351.41	3349.4	3351.41	3349.4	
3345.38	3341.37	3345.38	3341.37	3345.38	
3359.44	3353.41	3359.44	3353.41	3359.44	
3347.39	3353.41	3347.39	3353.41	3347.39	
3357.43	3355.42	3357.43	3355.42	3357.43	
3353.41	3355.42	3353.41	3355.42	3353.41	
3359.44	3347.39	3359.44	3347.39	3359.44	
3359.44	3349.4	3359.44	3349.4	3359.44	
3351.41	3359.44	3351.41	3359.44	3351.41	
3351.41	3345.38	3351.41	3345.38	3351.41	
3343.37	3347.39	3343.37	3347.39	3343.37	
3349.4	3345.38	3349.4	3345.38	3349.4	
3347.39	3353.41	3347.39	3353.41	3347.39	
3345.38	3351.41	3345.38	3351.41	3345.38	
3355.42	3351.41	3355.42	3351.41	3355.42	
3347.39	3345.38	3347.39	3345.38	3347.39	
3339.36	3351.41	3339.36	3351.41	3339.36	
3347.39	3339.36	3347.39	3339.36	3347.39	
3347.39	3357.43	3347.39	3357.43	3347.39	
3351.41	3343.37	3351.41	3343.37	3351.41	
3351.41	3349.4	3351.41	3349.4	3351.41	
3357.43	3353.41	3357.43	3353.41	3357.43	
3345.38	3355.42	3345.38	3355.42	3345.38	
3347.39	3351.41	3347.39	3351.41	3347.39	
3355.42	3359.44	3355.42	3359.44	3355.42	
3349.4	3353.41	3349.4	3353.41	3349.4	
3347.39	3349.4	3347.39	3349.4	3347.39	
3345.38	3355.42	3345.38	3355.42	3345.38	
3359.44	3355.42	3359.44	3355.42	3359.44	
3343.37	3351.41	3343.37	3351.41	3343.37	
3349.4	3355.42	3349.4	3355.42	3349.4	
3351.41	3355.42	3351.41	3355.42	3351.41	
3359.44	3347.39	3359.44	3347.39	3359.44	
3347.39	3347.39	3347.39	3347.39	3347.39	
3345.38	3357.43	3345.38	3357.43	3345.38	
3351.41	3351.41	3351.41	3351.41	3351.41	
3349.4	3359.44	3349.4	3359.44	3349.4	
3347.39	3351.41	3347.39	3351.41	3347.39	
3343.37	3349.4	3343.37	3349.4	3343.37	
3349.4	3349.4	3349.4	3349.4	3349.4	
3351.41	3357.43	3351.41	3357.43	3351.41	
3345.38	3341.37	3345.38	3341.37	3345.38	
3355.42	3353.41	3355.42	3353.41	3355.42	
3347.39	3355.42	3347.39	3355.42	3347.39	
3355.42	3359.44	3355.42	3359.44	3355.42	
3353.41	3347.39	3353.41	3347.39	3353.41	
3349.4	3347.39	3349.4	3347.39	3349.4	
3349.4	3345.38	3349.4	3345.38	3349.4	
3353.41	3355.42	3353.41	3355.42	3353.41	
3351.41	3349.4	3351.41	3349.4	3351.41	
3345.38	3347.39	3345.38	3347.39	3345.38	
3343.37	3347.39	3343.37	3347.39	3343.37	
3345.38	3349.4	3345.38	3349.4	3345.38	
3343.37	3351.41	3343.37	3351.41	3343.37	
3355.42	3353.41	3355.42	3353.41	3355.42	
3353.41	3353.41	3353.41	3353.41	3353.41	
3345.38	3351.41	3345.38	3351.41	3345.38	
3353.41	3349.4	3353.41	3349.4	3353.41	
3355.42	3349.4	3355.42	3349.4	3355.42	
3349.4	3361.45	3349.4	3361.45	3349.4	
3349.4	3341.37	3349.4	3341.37	3349.4	
3345.38	3347.39	3345.38	3347.39	3345.38	
3355.42	3349.4	3355.42	3349.4	3355.42	
3337.35	3347.39	3337.35	3347.39	3337.35	
3353.41	3357.43	3353.41	3357.43	3353.41	
3347.39	3355.42	3347.39	3355.42	3347.39	
3349.4	3359.44	3349.4	3359.44	3349.4	
3347.39	3347.39	3347.39	3347.39	3347.39	
3353.41	3349.4	3353.41	3349.4	3353.41	
3353.41	3347.39	3353.41	3347.39	3353.41	
3347.39	3357.43	3347.39	3357.43	3347.39	
3341.37	3353.41	3341.37	3353.41	3341.37	
3349.4	3347.39	3349.4	3347.39	3349.4	
3351.41	3347.39	3351.41	3347.39	3351.41	
3347.39	3351.41	3347.39	3351.41	3347.39	
3349.4	3343.37	3349.4	3343.37	3349.4	
3351.41	3351.41	3351.41	3351.41	3351.41	
3349.4	3353.41	3349.4	3353.41	3349.4	
3343.37	3353.41	3343.37	3353.41	3343.37	
3347.39	3351.41	3347.39	3351.41	3347.39	
3347.39	3357.43	3347.39	3357.43	3347.39	
3345.38	3361.45	3345.38	3361.45	3345.38	
3359.44	3339.36	3359.44	3339.36	3359.44	
3349.4	3351.41	3349.4	3351.41	3349.4	
3351.41	3355.42	3351.41	3355.42	3351.41	
3349.4	3353.41	3349.4	3353.41	3349.4	
3343.37	3347.39	3343.37	3347.39	3343.37	
3353.41	3345.38	3353.41	3345.38	3353.41	
3347.39	3357.43	3347.39	3357.43	3347.39	
3361.45	3367.47	3361.45	3367.47	3361.45	
3351.41	3343.37	3351.41	3343.37	3351.41	
3357.43	3349.4	3357.43	3349.4	3357.43	
3343.37	3349.4	3343.37	3349.4	3343.37	
3351.41	3353.41	3351.41	3353.41	3351.41	
3349.4	3351.41	3349.4	3351.41	3349.4	
3351.41	3359.44	3351.41	3359.44	3351.41	
3345.38	3357.43	3345.38	3357.43	3345.38	
3347.39	3349.4	3347.39	3349.4	3347.39	
3347.39	3347.39	3347.39	3347.39	3347.39	
3343.37	3353.41	3343.37	3353.41	3343.37	
3347.39	3351.41	3347.39	3351.41	3347.39	
3351.41	3347.39	3351.41	3347.39	3351.41	
3355.42	3347.39	3355.42	3347.39	3355.42	
3357.43	3345.38	3357.43	3345.38	3357.43	
3339.36	3353.41	3339.36	3353.41	3339.36	
3349.4	3349.4	3349.4	3349.4	3349.4	
3343.37	3343.37	3343.37	3343.37	3343.37	
3347.39	3363.45	3347.39	3363.45	3347.39	
3361.45	3343.37	3361.45	3343.37	3361.45	
3351.41	3347.39	3351.41	3347.39	3351.41	
3347.39	3351.41	3347.39	3351.41	3347.39	
3351.41	3351.41	3351.41	3351.41	3351.41	
3351.41	3353.41	3351.41	3353.41	3351.41	
3351.41	3341.37	3351.41	3341.37	3351.41	
3357.43	3351.41	3357.43	3351.41	3357.43	
3335.34	3337.35	3335.34	3337.35	3335.34	
3353.41	3357.43	3353.41	3357.43	3353.41	
3345.38	3359.44	3345.38	3359.44	3345.38	
3343.37	3345.38	3343.37	3345.38	3343.37	
3343.37	3351.41	3343.37	3351.41	3343.37	
3345.38	3353.41	3345.38	3353.41	3345.38	
3347.39	3351.41	3347.39	3351.41	3347.39	
3341.37	3359.44	3341.37	3359.44	3341.37	
3339.36	3351.41	3339.36	3351.41	3339.36	
3341.37	3355.42	3341.37	3355.42	3341.37	
3339.36	3349.4	3339.36	3349.4	3339.36	
3341.37	3345.38	3341.37	3345.38	3341.37	
3357.43	3341.37	3357.43	3341.37	3357.43	
3345.38	3339.36	3345.38	3339.36	3345.38	
3345.38	3347.39	3345.38	3347.39	3345.38	
3353.41	3359.44	3353.41	3359.44	3353.41	
3345.38	3345.38	3345.38	3345.38	3345.38	
3339.36	3349.4	3339.36	3349.4	3339.36	
3355.42	3349.4	3355.42	3349.4	3355.42	
3353.41	3349.4	3353.41	3349.4	3353.41	
3343.37	3351.41	3343.37	3351.41	3343.37	
3353.41	3345.38	3353.41	3345.38	3353.41	
3347.39	3357.43	3347.39	3357.43	3347.39	
3351.41	3353.41	3351.41	3353.41	3351.41	
3349.4	3355.42	3349.4	3355.42	3349.4	
3345.38	3355.42	3345.38	3355.42	3345.38	
3349.4	3349.4	3349.4	3349.4	3349.4	
3355.42	3351.41	3355.42	3351.41	3355.42	
3347.39	3347.39	3347.39	3347.39	3347.39	
3347.39	3343.37	3347.39	3343.37	3347.39	
3343.37	3349.4	3343.37	3349.4	3343.37	
3335.34	3347.39	3335.34	3347.39	3335.34	
3355.42	3349.4	3355.42	3349.4	3355.42	
3349.4	3357.43	3349.4	3357.43	3349.4	
3341.37	3353.41	3341.37	3353.41	3341.37	
3349.4	3341.37	3349.4	3341.37	3349.4	
3351.41	3345.38	3351.41	3345.38	3351.41	
3355.42	3339.36	3355.42	3339.36	3355.42	
3347.39	3349.4	3347.39	3349.4	3347.39	
3345.38	3347.39	3345.38	3347.39	3345.38	
3347.39	3347.39	3347.39	3347.39	3347.39	
3349.4	3349.4	3349.4	3349.4	3349.4	
3345.38	3343.37	3345.38	3343.37	3345.38	
3355.42	3349.4	3355.42	3349.4	3355.42	
3355.42	3349.4	3355.42	3349.4	3355.42	
3347.39	3339.36	3347.39	3339.36	3347.39	
3359.44	3349.4	3359.44	3349.4	3359.44	
3345.38	3349.4	3345.38	3349.4	3345.38	
3349.4	3343.37	3349.4	3343.37	3349.4	
3351.41	3351.41	3351.41	3351.41	3351.41	
3349.4	3357.43	3349.4	3357.43	3349.4	
3349.4	3347.39	3349.4	3347.39	3349.4	
3359.44	3357.43	3359.44	3357.43	3359.44	
3347.39	3347.39	3347.39	3347.39	3347.39	
3363.45	3351.41	3363.45	3351.41	3363.45	
3353.41	3349.4	3353.41	3349.4	3353.41	
3357.43	3353.41	3357.43	3353.41	3357.43	
3349.4	3347.39	3349.4	3347.39	3349.4	
3355.42	3349.4	3355.42	3349.4	3355.42	
3341.37	3359.44	3341.37	3359.44	3341.37	
3339.36	3349.4	3339.36	3349.4	3339.36	
3347.39	3349.4	3347.39	3349.4	3347.39	
3341.37	3349.4	3341.37	3349.4	3341.37	
3351.41	3347.39	3351.41	3347.39	3351.41	
3341.37	3355.42	3341.37	3355.42	3341.37	
3347.39	3357.43	3347.39	3357.43	3347.39	
3347.39	3365.46	3347.39	3365.46	3347.39	
3347.39	3351.41	3347.39	3351.41	3347.39	
3343.37	3345.38	3343.37	3345.38	3343.37	
3351.41	3351.41	3351.41	3351.41	3351.41	
3339.36	3349.4	3339.36	3349.4	3339.36	
3347.39	3349.4	3347.39	3349.4	3347.39	
3353.41	3347.39	3353.41	3347.39	3353.41	
3355.42	3351.41	3355.42	3351.41	3355.42	
3347.39	3349.4	3347.39	3349.4	3347.39	
3347.39	3361.45	3347.39	3361.45	3347.39	
3345.38	3351.41	3345.38	3351.41	3345.38	
3347.39	3351.41	3347.39	3351.41	3347.39	
3349.4	3347.39	3349.4	3347.39	3349.4	
3343.37	3351.41	3343.37	3351.41	3343.37	
3339.36	3347.39	3339.36	3347.39	3339.36	
3351.41	3351.41	3351.41	3351.41	3351.41	
3353.41	3343.37	3353.41	3343.37	3353.41	
3353.41	3351.41	3353.41	3351.41	3353.41	
3349.4	3349.4	3349.4	3349.4	3349.4	
3345.38	3347.39	3345.38	3347.39	3345.38	
3347.39	3345.38	3347.39	3345.38	3347.39	
3347.39	3353.41	3347.39	3353.41	3347.39	
3343.37	3353.41	3343.37	3353.41	3343.37	
3337.35	3353.41	3337.35	3353.41	3337.35	
3345.38	3351.41	3345.38	3351.41	3345.38	
3343.37	3353.41	3343.37	3353.41	3343.37	
3343.37	3355.42	3343.37	3355.42	3343.37	
3349.4	3351.41	3349.4	3351.41	3349.4	
3341.37	3349.4	3341.37	3349.4	3341.37	
3357.43	3357.43	3357.43	3357.43	3357.43	
3353.41	3345.38	3353.41	3345.38	3353.41	
3347.39	3347.39	3347.39	3347.39	3347.39	
3349.4	3343.37	3349.4	3343.37	3349.4	
3347.39	3353.41	3347.39	3353.41	3347.39	
3357.43	3347.39	3357.43	3347.39	3357.43	
3351.41	3351.41	3351.41	3351.41	3351.41	
3349.4	3349.4	3349.4	3349.4	3349.4	
3345.38	3351.41	3345.38	3351.41	3345.38	
3341.37	3343.37	3341.37	3343.37	3341.37	
3351.41	3361.45	3351.41	3361.45	3351.41	
3341.37	3353.41	3341.37	3353.41	3341.37	
3353.41	3345.38	3353.41	3345.38	3353.41	
3357.43	3363.45	3357.43	3363.45	3357.43	
3345.38	3349.4	3345.38	3349.4	3345.38	
3343.37	3351.41	3343.37	3351.41	3343.37	
3353.41	3347.39	3353.41	3347.39	3353.41	
3357.43	3349.4	3357.43	3349.4	3357.43	
3335.34	3347.39	3335.34	3347.39	3335.34	
3345.38	3355.42	3345.38	3355.42	3345.38	
3345.38	3351.41	3345.38	3351.41	3345.38	
3341.37	3349.4	3341.37	3349.4	3341.37	
3345.38	3351.41	3345.38	3351.41	3345.38	
3345.38	3353.41	3345.38	3353.41	3345.38	
3341.37	3347.39	3341.37	3347.39	3341.37	
3353.41	3351.41	3353.41	3351.41	3353.41	
3347.39	3347.39	3347.39	3347.39	3347.39	
3353.41	3351.41	3353.41	3351.41	3353.41	
3343.37	3347.39	3343.37	3347.39	3343.37	
3347.39	3359.44	3347.39	3359.44	3347.39	
3343.37	3351.41	3343.37	3351.41	3343.37	
3345.38	3347.39	3345.38	3347.39	3345.38	
3345.38	3345.38	3345.38	3345.38	3345.38	
3343.37	3339.36	3343.37	3339.36	3343.37	
3337.35	3355.42	3337.35	3355.42	3337.35	
3345.38	3347.39	3345.38	3347.39	3345.38	
3341.37	3351.41	3341.37	3351.41	3341.37	
3355.42	3351.41	3355.42	3351.41	3355.42	
3353.41	3345.38	3353.41	3345.38	3353.41	
3357.43	3359.44	3357.43	3359.44	3357.43	
3351.41	3347.39	3351.41	3347.39	3351.41	
3339.36	3359.44	3339.36	3359.44	3339.36	
3345.38	3361.45	3345.38	3361.45	3345.38	
3351.41	3353.41	3351.41	3353.41	3351.41	
3345.38	3347.39	3345.38	3347.39	3345.38	
3339.36	3335.34	3339.36	3335.34	3339.36	
3341.37	3351.41	3341.37	3351.41	3341.37	
3351.41	3341.37	3351.41	3341.37	3351.41	
3347.39	3349.4	3347.39	3349.4	3347.39	
3345.38	3345.38	3345.38	3345.38	3345.38	
3341.37	3347.39	3341.37	3347.39	3341.37	
3351.41	3351.41	3351.41	3351.41	3351.41	
3345.38	3351.41	3345.38	3351.41	3345.38	
3339.36	3353.41	3339.36	3353.41	3339.36	
3349.4	3343.37	3349.4	3343.37	3349.4	
3345.38	3351.41	3345.38	3351.41	3345.38	
3347.39	3341.37	3347.39	3341.37	3347.39	
3345.38	3343.37	3345.38	3343.37	3345.38	
3347.39	3339.36	3347.39	3339.36	3347.39	
3345.38	3353.41	3345.38	3353.41	3345.38	
3349.4	3345.38	3349.4	3345.38	3349.4	
3351.41	3335.34	3351.41	3335.34	3351.41	
3347.39	3349.4	3347.39	3349.4	3347.39	
3347.39	3347.39	3347.39	3347.39	3347.39	
3335.34	3351.41	3335.34	3351.41	3335.34	
3347.39	3353.41	3347.39	3353.41	3347.39	
3331.33	3339.36	3331.33	3339.36	3331.33	
3349.4	3353.41	3349.4	3353.41	3349.4	
3349.4	3347.39	3349.4	3347.39	3349.4	
3341.37	3349.4	3341.37	3349.4	3341.37	
3341.37	3353.41	3341.37	3353.41	3341.37	
3349.4	3337.35	3349.4	3337.35	3349.4	
3351.41	3335.34	3351.41	3335.34	3351.41	
3351.41	3357.43	3351.41	3357.43	3351.41	
3349.4	3347.39	3349.4	3347.39	3349.4	
3343.37	3349.4	3343.37	3349.4	3343.37	
3351.41	3355.42	3351.41	3355.42	3351.41	
3359.44	3353.41	3359.44	3353.41	3359.44	
3349.4	3355.42	3349.4	3355.42	3349.4	
3343.37	3345.38	3343.37	3345.38	3343.37	
3345.38	3349.4	3345.38	3349.4	3345.38	
3359.44	3353.41	3359.44	3353.41	3359.44	
3349.4	3349.4	3349.4	3349.4	3349.4	
3343.37	3347.39	3343.37	3347.39	3343.37	
3349.4	3355.42	3349.4	3355.42	3349.4	
3349.4	3351.41	3349.4	3351.41	3349.4	
3349.4	3349.4	3349.4	3349.4	3349.4	
3345.38	3357.43	3345.38	3357.43	3345.38	
3349.4	3343.37	3349.4	3343.37	3349.4	
3345.38	3343.37	3345.38	3343.37	3345.38	
3341.37	3345.38	3341.37	3345.38	3341.37	
3341.37	3351.41	3341.37	3351.41	3341.37	
3347.39	3351.41	3347.39	3351.41	3347.39	
3337.35	3341.37	3337.35	3341.37	3337.35	
3349.4	3347.39	3349.4	3347.39	3349.4	
3345.38	3351.41	3345.38	3351.41	3345.38	
3345.38	3355.42	3345.38	3355.42	3345.38	
3351.41	3349.4	3351.41	3349.4	3351.41	
3353.41	3355.42	3353.41	3355.42	3353.41	
3351.41	3353.41	3351.41	3353.41	3351.41	
3349.4	3355.42	3349.4	3355.42	3349.4	
3349.4	3361.45	3349.4	3361.45	3349.4	
3357.43	3349.4	3357.43	3349.4	3357.43	
3347.39	3347.39	3347.39	3347.39	3347.39	
3349.4	3349.4	3349.4	3349.4	3349.4	
3341.37	3347.39	3341.37	3347.39	3341.37	
3343.37	3349.4	3343.37	3349.4	3343.37	
3349.4	3349.4	3349.4	3349.4	3349.4	
3335.34	3345.38	3335.34	3345.38	3335.34	
3347.39	3347.39	3347.39	3347.39	3347.39	
3345.38	3339.36	3345.38	3339.36	3345.38	
3353.41	3345.38	3353.41	3345.38	3353.41	
3343.37	3357.43	3343.37	3357.43	3343.37	
3343.37	3351.41	3343.37	3351.41	3343.37	
3343.37	3343.37	3343.37	3343.37	3343.37	
3347.39	3349.4	3347.39	3349.4	3347.39	
3373.49	3377.51	3373.49	3377.51	3373.49	
3351.41	3345.38	3351.41	3345.38	3351.41	
3341.37	3351.41	3341.37	3351.41	3341.37	
3341.37	3341.37	3341.37	3341.37	3341.37	
3341.37	3345.38	3341.37	3345.38	3341.37	
3345.38	3349.4	3345.38	3349.4	3345.38	
3345.38	3351.41	3345.38	3351.41	3345.38	
3343.37	3341.37	3343.37	3341.37	3343.37	
3341.37	3347.39	3341.37	3347.39	3341.37	
3351.41	3353.41	3351.41	3353.41	3351.41	
3341.37	3349.4	3341.37	3349.4	3341.37	
3345.38	3345.38	3345.38	3345.38	3345.38	
3351.41	3357.43	3351.41	3357.43	3351.41	
3343.37	3345.38	3343.37	3345.38	3343.37	
3355.42	3343.37	3355.42	3343.37	3355.42	
3347.39	3353.41	3347.39	3353.41	3347.39	
3345.38	3343.37	3345.38	3343.37	3345.38	
3343.37	3353.41	3343.37	3353.41	3343.37	
3351.41	3353.41	3351.41	3353.41	3351.41	
3341.37	3349.4	3341.37	3349.4	3341.37	
3347.39	3353.41	3347.39	3353.41	3347.39	
3337.35	3337.35	3337.35	3337.35	3337.35	
3341.37	3347.39	3341.37	3347.39	3341.37	
3351.41	3349.4	3351.41	3349.4	3351.41	
3349.4	3349.4	3349.4	3349.4	3349.4	
3345.38	3353.41	3345.38	3353.41	3345.38	
3347.39	3355.42	3347.39	3355.42	3347.39	
3357.43	3339.36	3357.43	3339.36	3357.43	
3353.41	3355.42	3353.41	3355.42	3353.41	
3341.37	3349.4	3341.37	3349.4	3341.37	
3349.4	3351.41	3349.4	3351.41	3349.4	
3341.37	3345.38	3341.37	3345.38	3341.37	
3343.37	3345.38	3343.37	3345.38	3343.37	
3341.37	3343.37	3341.37	3343.37	3341.37	
3341.37	3335.34	3341.37	3335.34	3341.37	
3349.4	3349.4	3349.4	3349.4	3349.4	
3343.37	3345.38	3343.37	3345.38	3343.37	
3353.41	3347.39	3353.41	3347.39	3353.41	
3347.39	3349.4	3347.39	3349.4	3347.39	
3337.35	3341.37	3337.35	3341.37	3337.35	
3337.35	3355.42	3337.35	3355.42	3337.35	
3345.38	3349.4	3345.38	3349.4	3345.38	
3341.37	3341.37	3341.37	3341.37	3341.37	
3351.41	3347.39	3351.41	3347.39	3351.41	
3351.41	3357.43	3351.41	3357.43	3351.41	
3341.37	3341.37	3341.37	3341.37	3341.37	
3351.41	3345.38	3351.41	3345.38	3351.41	
3349.4	3353.41	3349.4	3353.41	3349.4	
3345.38	3341.37	3345.38	3341.37	3345.38	
3391.57	3387.55	3391.57	3387.55	3391.57	
3349.4	3353.41	3349.4	3353.41	3349.4	
3347.39	3349.4	3347.39	3349.4	3347.39	
3343.37	3347.39	3343.37	3347.39	3343.37	
3341.37	3347.39	3341.37	3347.39	3341.37	
3341.37	3343.37	3341.37	3343.37	3341.37	
3349.4	3349.4	3349.4	3349.4	3349.4	
3349.4	3349.4	3349.4	3349.4	3349.4	
3353.41	3357.43	3353.41	3357.43	3353.41	
3349.4	3349.4	3349.4	3349.4	3349.4	
3349.4	3347.39	3349.4	3347.39	3349.4	
3359.44	3359.44	3359.44	3359.44	3359.44	
3341.37	3347.39	3341.37	3347.39	3341.37	
3343.37	3343.37	3343.37	3343.37	3343.37	
3339.36	3345.38	3339.36	3345.38	3339.36	
3347.39	3351.41	3347.39	3351.41	3347.39	
3341.37	3341.37	3341.37	3341.37	3341.37	
3339.36	3337.35	3339.36	3337.35	3339.36	
3357.43	3345.38	3357.43	3345.38	3357.43	
3345.38	3337.35	3345.38	3337.35	3345.38	
3341.37	3347.39	3341.37	3347.39	3341.37	
3345.38	3347.39	3345.38	3347.39	3345.38	
3351.41	3345.38	3351.41	3345.38	3351.41	
3341.37	3355.42	3341.37	3355.42	3341.37	
3347.39	3345.38	3347.39	3345.38	3347.39	
3345.38	3349.4	3345.38	3349.4	3345.38	
3349.4	3351.41	3349.4	3351.41	3349.4	
3357.43	3353.41	3357.43	3353.41	3357.43	
3347.39	3353.41	3347.39	3353.41	3347.39	
3355.42	3345.38	3355.42	3345.38	3355.42	
3343.37	3345.38	3343.37	3345.38	3343.37	
3341.37	3349.4	3341.37	3349.4	3341.37	
3345.38	3343.37	3345.38	3343.37	3345.38	
3347.39	3345.38	3347.39	3345.38	3347.39	
3339.36	3345.38	3339.36	3345.38	3339.36	
3343.37	3347.39	3343.37	3347.39	3343.37	
3353.41	3347.39	3353.41	3347.39	3353.41	
3341.37	3347.39	3341.37	3347.39	3341.37	
3341.37	3341.37	3341.37	3341.37	3341.37	
3345.38	3347.39	3345.38	3347.39	3345.38	
3337.35	3347.39	3337.35	3347.39	3337.35	
3349.4	3343.37	3349.4	3343.37	3349.4	
3353.41	3347.39	3353.41	3347.39	3353.41	
3345.38	3341.37	3345.38	3341.37	3345.38	
3341.37	3349.4	3341.37	3349.4	3341.37	
3341.37	3353.41	3341.37	3353.41	3341.37	
3351.41	3345.38	3351.41	3345.38	3351.41	
3351.41	3345.38	3351.41	3345.38	3351.41	
3347.39	3343.37	3347.39	3343.37	3347.39	
3349.4	3347.39	3349.4	3347.39	3349.4	
3355.42	3353.41	3355.42	3353.41	3355.42	
3345.38	3347.39	3345.38	3347.39	3345.38	
3343.37	3349.4	3343.37	3349.4	3343.37	
3345.38	3347.39	3345.38	3347.39	3345.38	
3339.36	3351.41	3339.36	3351.41	3339.36	
3343.37	3355.42	3343.37	3355.42	3343.37	
3345.38	3361.45	3345.38	3361.45	3345.38	
3349.4	3355.42	3349.4	3355.42	3349.4	
3341.37	3339.36	3341.37	3339.36	3341.37	
3345.38	3339.36	3345.38	3339.36	3345.38	
3347.39	3349.4	3347.39	3349.4	3347.39	
3349.4	3347.39	3349.4	3347.39	3349.4	
3345.38	3339.36	3345.38	3339.36	3345.38	
3347.39	3349.4	3347.39	3349.4	3347.39	
3345.38	3347.39	3345.38	3347.39	3345.38	
3343.37	3343.37	3343.37	3343.37	3343.37	
3359.44	3345.38	3359.44	3345.38	3359.44	
3349.4	3343.37	3349.4	3343.37	3349.4	
3343.37	3351.41	3343.37	3351.41	3343.37	
3345.38	3341.37	3345.38	3341.37	3345.38	
3347.39	3345.38	3347.39	3345.38	3347.39	
3353.41	3353.41	3353.41	3353.41	3353.41	
3351.41	3353.41	3351.41	3353.41	3351.41	
3351.41	3353.41	3351.41	3353.41	3351.41	
3337.35	3347.39	3337.35	3347.39	3337.35	
3343.37	3353.41	3343.37	3353.41	3343.37	
3339.36	3345.38	3339.36	3345.38	3339.36	
3341.37	3353.41	3341.37	3353.41	3341.37	
3347.39	3349.4	3347.39	3349.4	3347.39	
3345.38	3347.39	3345.38	3347.39	3345.38	
3341.37	3349.4	3341.37	3349.4	3341.37	
3339.36	3343.37	3339.36	3343.37	3339.36	
3345.38	3343.37	3345.38	3343.37	3345.38	
3343.37	3347.39	3343.37	3347.39	3343.37	
3351.41	3351.41	3351.41	3351.41	3351.41	
3349.4	3347.39	3349.4	3347.39	3349.4	
3347.39	3345.38	3347.39	3345.38	3347.39	
3339.36	3353.41	3339.36	3353.41	3339.36	
3347.39	3351.41	3347.39	3351.41	3347.39	
3357.43	3353.41	3357.43	3353.41	3357.43	
3341.37	3345.38	3341.37	3345.38	3341.37	
3345.38	3343.37	3345.38	3343.37	3345.38	
3355.42	3345.38	3355.42	3345.38	3355.42	
3345.38	3347.39	3345.38	3347.39	3345.38	
3345.38	3341.37	3345.38	3341.37	3345.38	
3347.39	3345.38	3347.39	3345.38	3347.39	
3351.41	3349.4	3351.41	3349.4	3351.41	
3349.4	3341.37	3349.4	3341.37	3349.4	
3349.4	3345.38	3349.4	3345.38	3349.4	
3343.37	3345.38	3343.37	3345.38	3343.37	
3345.38	3349.4	3345.38	3349.4	3345.38	
3355.42	3345.38	3355.42	3345.38	3355.42	
3343.37	3345.38	3343.37	3345.38	3343.37	
3345.38	3353.41	3345.38	3353.41	3345.38	
3341.37	3347.39	3341.37	3347.39	3341.37	
3335.34	3351.41	3335.34	3351.41	3335.34	
3351.41	3351.41	3351.41	3351.41	3351.41	
3349.4	3347.39	3349.4	3347.39	3349.4	
3341.37	3343.37	3341.37	3343.37	3341.37	
3341.37	3337.35	3341.37	3337.35	3341.37	
3349.4	3345.38	3349.4	3345.38	3349.4	
3355.42	3345.38	3355.42	3345.38	3355.42	
3347.39	3347.39	3347.39	3347.39	3347.39	
3341.37	3339.36	3341.37	3339.36	3341.37	
3339.36	3345.38	3339.36	3345.38	3339.36	
3351.41	3351.41	3351.41	3351.41	3351.41	
3339.36	3349.4	3339.36	3349.4	3339.36	
3343.37	3351.41	3343.37	3351.41	3343.37	
3345.38	3347.39	3345.38	3347.39	3345.38	
3351.41	3341.37	3351.41	3341.37	3351.41	
3345.38	3343.37	3345.38	3343.37	3345.38	
3343.37	3341.37	3343.37	3341.37	3343.37	
3337.35	3349.4	3337.35	3349.4	3337.35	
3345.38	3355.42	3345.38	3355.42	3345.38	
3345.38	3351.41	3345.38	3351.41	3345.38	
3337.35	3347.39	3337.35	3347.39	3337.35	
3343.37	3347.39	3343.37	3347.39	3343.37	
3343.37	3347.39	3343.37	3347.39	3343.37	
3343.37	3347.39	3343.37	3347.39	3343.37	
3347.39	3347.39	3347.39	3347.39	3347.39	
3341.37	3341.37	3341.37	3341.37	3341.37	
3343.37	3347.39	3343.37	3347.39	3343.37	
3341.37	3349.4	3341.37	3349.4	3341.37	
3343.37	3355.42	3343.37	3355.42	3343.37	
3351.41	3345.38	3351.41	3345.38	3351.41	
3349.4	3339.36	3349.4	3339.36	3349.4	
3351.41	3357.43	3351.41	3357.43	3351.41	
3345.38	3339.36	3345.38	3339.36	3345.38	
3347.39	3349.4	3347.39	3349.4	3347.39	
3345.38	3349.4	3345.38	3349.4	3345.38	
3347.39	3347.39	3347.39	3347.39	3347.39	
3351.41	3349.4	3351.41	3349.4	3351.41	
3353.41	3341.37	3353.41	3341.37	3353.41	
3339.36	3351.41	3339.36	3351.41	3339.36	
3355.42	3349.4	3355.42	3349.4	3355.42	
3345.38	3343.37	3345.38	3343.37	3345.38	
3343.37	3343.37	3343.37	3343.37	3343.37	
3347.39	3349.4	3347.39	3349.4	3347.39	
3341.37	3341.37	3341.37	3341.37	3341.37	
3355.42	3349.4	3355.42	3349.4	3355.42	
3355.42	3351.41	3355.42	3351.41	3355.42	
3351.41	3339.36	3351.41	3339.36	3351.41	
3349.4	3345.38	3349.4	3345.38	3349.4	
3341.37	3339.36	3341.37	3339.36	3341.37	
3349.4	3347.39	3349.4	3347.39	3349.4	
3341.37	3341.37	3341.37	3341.37	3341.37	
3345.38	3351.41	3345.38	3351.41	3345.38	
3349.4	3355.42	3349.4	3355.42	3349.4	
3351.41	3359.44	3351.41	3359.44	3351.41	
3341.37	3343.37	3341.37	3343.37	3341.37	
3353.41	3349.4	3353.41	3349.4	3353.41	
3347.39	3339.36	3347.39	3339.36	3347.39	
3351.41	3349.4	3351.41	3349.4	3351.41	
3347.39	3337.35	3347.39	3337.35	3347.39	
3345.38	3343.37	3345.38	3343.37	3345.38	
3343.37	3349.4	3343.37	3349.4	3343.37	
3347.39	3351.41	3347.39	3351.41	3347.39	
3341.37	3345.38	3341.37	3345.38	3341.37	
3339.36	3351.41	3339.36	3351.41	3339.36	
3341.37	3347.39	3341.37	3347.39	3341.37	
3349.4	3347.39	3349.4	3347.39	3349.4	
3347.39	3345.38	3347.39	3345.38	3347.39	
3347.39	3349.4	3347.39	3349.4	3347.39	
3345.38	3347.39	3345.38	3347.39	3345.38	
3341.37	3343.37	3341.37	3343.37	3341.37	
3355.42	3349.4	3355.42	3349.4	3355.42	
3345.38	3345.38	3345.38	3345.38	3345.38	
3345.38	3349.4	3345.38	3349.4	3345.38	
3345.38	3341.37	3345.38	3341.37	3345.38	
3345.38	3345.38	3345.38	3345.38	3345.38	
3345.38	3335.34	3345.38	3335.34	3345.38	
3349.4	3341.37	3349.4	3341.37	3349.4	
3351.41	3349.4	3351.41	3349.4	3351.41	
3353.41	3345.38	3353.41	3345.38	3353.41	
3349.4	3339.36	3349.4	3339.36	3349.4	
3347.39	3343.37	3347.39	3343.37	3347.39	
3339.36	3349.4	3339.36	3349.4	3339.36	
3341.37	3355.42	3341.37	3355.42	3341.37	
3341.37	3343.37	3341.37	3343.37	3341.37	
3349.4	3343.37	3349.4	3343.37	3349.4	
3351.41	3347.39	3351.41	3347.39	3351.41	
3347.39	3345.38	3347.39	3345.38	3347.39	
3349.4	3339.36	3349.4	3339.36	3349.4	
3345.38	3345.38	3345.38	3345.38	3345.38	
3345.38	3347.39	3345.38	3347.39	3345.38	
3335.34	3341.37	3335.34	3341.37	3335.34	
3345.38	3343.37	3345.38	3343.37	3345.38	
3349.4	3347.39	3349.4	3347.39	3349.4	
3345.38	3355.42	3345.38	3355.42	3345.38	
3339.36	3347.39	3339.36	3347.39	3339.36	
3333.33	3353.41	3333.33	3353.41	3333.33	
3349.4	3347.39	3349.4	3347.39	3349.4	
3343.37	3345.38	3343.37	3345.38	3343.37	
3345.38	3345.38	3345.38	3345.38	3345.38	
3349.4	3343.37	3349.4	3343.37	3349.4	
3343.37	3351.41	3343.37	3351.41	3343.37	
3345.38	3353.41	3345.38	3353.41	3345.38	
3343.37	3347.39	3343.37	3347.39	3343.37	
3343.37	3341.37	3343.37	3341.37	3343.37	
3347.39	3347.39	3347.39	3347.39	3347.39	
3349.4	3345.38	3349.4	3345.38	3349.4	
3343.37	3349.4	3343.37	3349.4	3343.37	
3345.38	3349.4	3345.38	3349.4	3345.38	
3339.36	3335.34	3339.36	3335.34	3339.36	
3345.38	3345.38	3345.38	3345.38	3345.38	
3341.37	3343.37	3341.37	3343.37	3341.37	
3335.34	3345.38	3335.34	3345.38	3335.34	
3345.38	3349.4	3345.38	3349.4	3345.38	
3343.37	3355.42	3343.37	3355.42	3343.37	
3343.37	3345.38	3343.37	3345.38	3343.37	
3341.37	3351.41	3341.37	3351.41	3341.37	
3355.42	3343.37	3355.42	3343.37	3355.42	
3343.37	3347.39	3343.37	3347.39	3343.37	
3347.39	3357.43	3347.39	3357.43	3347.39	
3349.4	3351.41	3349.4	3351.41	3349.4	
3349.4	3347.39	3349.4	3347.39	3349.4	
3343.37	3345.38	3343.37	3345.38	3343.37	
3349.4	3347.39	3349.4	3347.39	3349.4	
3349.4	3337.35	3349.4	3337.35	3349.4	
3343.37	3351.41	3343.37	3351.41	3343.37	
3349.4	3347.39	3349.4	3347.39	3349.4	
3347.39	3343.37	3347.39	3343.37	3347.39	
3347.39	3351.41	3347.39	3351.41	3347.39	
3357.43	3347.39	3357.43	3347.39	3357.43	
3345.38	3351.41	3345.38	3351.41	3345.38	
3343.37	3355.42	3343.37	3355.42	3343.37	
3353.41	3351.41	3353.41	3351.41	3353.41	
3345.38	3343.37	3345.38	3343.37	3345.38	
3345.38	3345.38	3345.38	3345.38	3345.38	
3347.39	3347.39	3347.39	3347.39	3347.39	
3347.39	3347.39	3347.39	3347.39	3347.39	
3345.38	3341.37	3345.38	3341.37	3345.38	
3343.37	3339.36	3343.37	3339.36	3343.37	
3345.38	3345.38	3345.38	3345.38	3345.38	
3347.39	3349.4	3347.39	3349.4	3347.39	
3349.4	3349.4	3349.4	3349.4	3349.4	
3343.37	3349.4	3343.37	3349.4	3343.37	
3347.39	3357.43	3347.39	3357.43	3347.39	
3339.36	3349.4	3339.36	3349.4	3339.36	
3343.37	3347.39	3343.37	3347.39	3343.37	
3347.39	3347.39	3347.39	3347.39	3347.39	
3347.39	3341.37	3347.39	3341.37	3347.39	
3345.38	3339.36	3345.38	3339.36	3345.38	
3345.38	3351.41	3345.38	3351.41	3345.38	
3351.41	3347.39	3351.41	3347.39	3351.41	
3355.42	3351.41	3355.42	3351.41	3355.42	
3349.4	3343.37	3349.4	3343.37	3349.4	
3343.37	3345.38	3343.37	3345.38	3343.37	
3341.37	3351.41	3341.37	3351.41	3341.37	
3349.4	3347.39	3349.4	3347.39	3349.4	
3337.35	3341.37	3337.35	3341.37	3337.35	
3339.36	3349.4	3339.36	3349.4	3339.36	
3345.38	3343.37	3345.38	3343.37	3345.38	
3347.39	3343.37	3347.39	3343.37	3347.39	
3345.38	3343.37	3345.38	3343.37	3345.38	
3341.37	3349.4	3341.37	3349.4	3341.37	
3347.39	3349.4	3347.39	3349.4	3347.39	
3343.37	3343.37	3343.37	3343.37	3343.37	
3345.38	3347.39	3345.38	3347.39	3345.38	
3383.53	3375.5	3383.53	3375.5	3383.53	
3341.37	3341.37	3341.37	3341.37	3341.37	
3345.38	3345.38	3345.38	3345.38	3345.38	
3345.38	3347.39	3345.38	3347.39	3345.38	
3347.39	3345.38	3347.39	3345.38	3347.39	
3345.38	3345.38	3345.38	3345.38	3345.38	
3347.39	3343.37	3347.39	3343.37	3347.39	
3341.37	3347.39	3341.37	3347.39	3341.37	
3347.39	3345.38	3347.39	3345.38	3347.39	
3341.37	3339.36	3341.37	3339.36	3341.37	
3343.37	3343.37	3343.37	3343.37	3343.37	
3341.37	3343.37	3341.37	3343.37	3341.37	
3341.37	3343.37	3341.37	3343.37	3341.37	
3337.35	3349.4	3337.35	3349.4	3337.35	
3347.39	3349.4	3347.39	3349.4	3347.39	
3337.35	3351.41	3337.35	3351.41	3337.35	
3341.37	3347.39	3341.37	3347.39	3341.37	
3345.38	3339.36	3345.38	3339.36	3345.38	
3341.37	3345.38	3341.37	3345.38	3341.37	
3345.38	3347.39	3345.38	3347.39	3345.38	
3341.37	3343.37	3341.37	3343.37	3341.37	
3327.31	3331.33	3327.31	3331.33	3327.31	
3329.32	3331.33	3329.32	3331.33	3329.32	
3329.32	3335.34	3329.32	3335.34	3329.32	
3329.32	3329.32	3329.32	3329.32	3329.32	
