5231.25	5240.62	5231.25	5240.62	5231.25	
5190.62	5190.62	5190.62	5190.62	5190.62	
5187.5	5184.38	5187.5	5184.38	5187.5	
5181.25	5171.88	5181.25	5171.88	5181.25	
5181.25	5193.75	5181.25	5193.75	5181.25	
5193.75	5184.38	5193.75	5184.38	5193.75	
5203.12	5187.5	5203.12	5187.5	5203.12	
5209.38	5206.25	5209.38	5206.25	5209.38	
5196.88	5209.38	5196.88	5209.38	5196.88	
5206.25	5212.5	5206.25	5212.5	5206.25	
5200	5209.38	5200	5209.38	5200	
5200	5193.75	5200	5193.75	5200	
5187.5	5193.75	5187.5	5193.75	5187.5	
5187.5	5190.62	5187.5	5190.62	5187.5	
5209.38	5200	5209.38	5200	5209.38	
5196.88	5203.12	5196.88	5203.12	5196.88	
5196.88	5209.38	5196.88	5209.38	5196.88	
5200	5215.62	5200	5215.62	5200	
5203.12	5215.62	5203.12	5215.62	5203.12	
5215.62	5215.62	5215.62	5215.62	5215.62	
5206.25	5206.25	5206.25	5206.25	5206.25	
5203.12	5209.38	5203.12	5209.38	5203.12	
5193.75	5200	5193.75	5200	5193.75	
5193.75	5196.88	5193.75	5196.88	5193.75	
5193.75	5200	5193.75	5200	5193.75	
5200	5209.38	5200	5209.38	5200	
5196.88	5212.5	5196.88	5212.5	5196.88	
5215.62	5206.25	5215.62	5206.25	5215.62	
5203.12	5209.38	5203.12	5209.38	5203.12	
5206.25	5218.75	5206.25	5218.75	5206.25	
5209.38	5206.25	5209.38	5206.25	5209.38	
5206.25	5196.88	5206.25	5196.88	5206.25	
5212.5	5206.25	5212.5	5206.25	5212.5	
5206.25	5190.62	5206.25	5190.62	5206.25	
5203.12	5206.25	5203.12	5206.25	5203.12	
5206.25	5206.25	5206.25	5206.25	5206.25	
5193.75	5206.25	5193.75	5206.25	5193.75	
5203.12	5206.25	5203.12	5206.25	5203.12	
5209.38	5212.5	5209.38	5212.5	5209.38	
5221.88	5206.25	5221.88	5206.25	5221.88	
5215.62	5203.12	5215.62	5203.12	5215.62	
5193.75	5209.38	5193.75	5209.38	5193.75	
5203.12	5209.38	5203.12	5209.38	5203.12	
5206.25	5209.38	5206.25	5209.38	5206.25	
5206.25	5206.25	5206.25	5206.25	5206.25	
5209.38	5203.12	5209.38	5203.12	5209.38	
5200	5203.12	5200	5203.12	5200	
5209.38	5196.88	5209.38	5196.88	5209.38	
5193.75	5200	5193.75	5200	5193.75	
5209.38	5218.75	5209.38	5218.75	5209.38	
5200	5212.5	5200	5212.5	5200	
5200	5203.12	5200	5203.12	5200	
5200	5212.5	5200	5212.5	5200	
5196.88	5193.75	5196.88	5193.75	5196.88	
5206.25	5200	5206.25	5200	5206.25	
5200	5200	5200	5200	5200	
5200	5203.12	5200	5203.12	5200	
5196.88	5203.12	5196.88	5203.12	5196.88	
5193.75	5212.5	5193.75	5212.5	5193.75	
5203.12	5206.25	5203.12	5206.25	5203.12	
5209.38	5215.62	5209.38	5215.62	5209.38	
5209.38	5203.12	5209.38	5203.12	5209.38	
5212.5	5190.62	5212.5	5190.62	5212.5	
5206.25	5193.75	5206.25	5193.75	5206.25	
5215.62	5200	5215.62	5200	5215.62	
5200	5218.75	5200	5218.75	5200	
5203.12	5209.38	5203.12	5209.38	5203.12	
5203.12	5193.75	5203.12	5193.75	5203.12	
5218.75	5215.62	5218.75	5215.62	5218.75	
5209.38	5203.12	5209.38	5203.12	5209.38	
5196.88	5196.88	5196.88	5196.88	5196.88	
5203.12	5200	5203.12	5200	5203.12	
5209.38	5200	5209.38	5200	5209.38	
5200	5215.62	5200	5215.62	5200	
5193.75	5209.38	5193.75	5209.38	5193.75	
5203.12	5196.88	5203.12	5196.88	5203.12	
5203.12	5209.38	5203.12	5209.38	5203.12	
5225	5218.75	5225	5218.75	5225	
5203.12	5215.62	5203.12	5215.62	5203.12	
5212.5	5206.25	5212.5	5206.25	5212.5	
5206.25	5200	5206.25	5200	5206.25	
5206.25	5206.25	5206.25	5206.25	5206.25	
5193.75	5203.12	5193.75	5203.12	5193.75	
5215.62	5215.62	5215.62	5215.62	5215.62	
5209.38	5206.25	5209.38	5206.25	5209.38	
5212.5	5206.25	5212.5	5206.25	5212.5	
5209.38	5203.12	5209.38	5203.12	5209.38	
5203.12	5196.88	5203.12	5196.88	5203.12	
5203.12	5212.5	5203.12	5212.5	5203.12	
5215.62	5200	5215.62	5200	5215.62	
5200	5212.5	5200	5212.5	5200	
5196.88	5215.62	5196.88	5215.62	5196.88	
5200	5209.38	5200	5209.38	5200	
5206.25	5200	5206.25	5200	5206.25	
5206.25	5209.38	5206.25	5209.38	5206.25	
5215.62	5212.5	5215.62	5212.5	5215.62	
5209.38	5203.12	5209.38	5203.12	5209.38	
5225	5196.88	5225	5196.88	5225	
5212.5	5212.5	5212.5	5212.5	5212.5	
5212.5	5209.38	5212.5	5209.38	5212.5	
5193.75	5193.75	5193.75	5193.75	5193.75	
5215.62	5196.88	5215.62	5196.88	5215.62	
5206.25	5200	5206.25	5200	5206.25	
5196.88	5196.88	5196.88	5196.88	5196.88	
5209.38	5209.38	5209.38	5209.38	5209.38	
5200	5203.12	5200	5203.12	5200	
5203.12	5209.38	5203.12	5209.38	5203.12	
5206.25	5209.38	5206.25	5209.38	5206.25	
5203.12	5203.12	5203.12	5203.12	5203.12	
5193.75	5206.25	5193.75	5206.25	5193.75	
5196.88	5200	5196.88	5200	5196.88	
5206.25	5196.88	5206.25	5196.88	5206.25	
5209.38	5206.25	5209.38	5206.25	5209.38	
5200	5200	5200	5200	5200	
5200	5203.12	5200	5203.12	5200	
5209.38	5203.12	5209.38	5203.12	5209.38	
5196.88	5196.88	5196.88	5196.88	5196.88	
5203.12	5193.75	5203.12	5193.75	5203.12	
5200	5206.25	5200	5206.25	5200	
5218.75	5203.12	5218.75	5203.12	5218.75	
5203.12	5196.88	5203.12	5196.88	5203.12	
5206.25	5200	5206.25	5200	5206.25	
5196.88	5203.12	5196.88	5203.12	5196.88	
5209.38	5218.75	5209.38	5218.75	5209.38	
5212.5	5200	5212.5	5200	5212.5	
5203.12	5218.75	5203.12	5218.75	5203.12	
5200	5206.25	5200	5206.25	5200	
5209.38	5203.12	5209.38	5203.12	5209.38	
5206.25	5203.12	5206.25	5203.12	5206.25	
5190.62	5203.12	5190.62	5203.12	5190.62	
5193.75	5196.88	5193.75	5196.88	5193.75	
5193.75	5209.38	5193.75	5209.38	5193.75	
5206.25	5215.62	5206.25	5215.62	5206.25	
5215.62	5206.25	5215.62	5206.25	5215.62	
5215.62	5203.12	5215.62	5203.12	5215.62	
5203.12	5215.62	5203.12	5215.62	5203.12	
5203.12	5215.62	5203.12	5215.62	5203.12	
5221.88	5203.12	5221.88	5203.12	5221.88	
5206.25	5212.5	5206.25	5212.5	5206.25	
5218.75	5190.62	5218.75	5190.62	5218.75	
5206.25	5209.38	5206.25	5209.38	5206.25	
5212.5	5212.5	5212.5	5212.5	5212.5	
5190.62	5206.25	5190.62	5206.25	5190.62	
5196.88	5203.12	5196.88	5203.12	5196.88	
5218.75	5215.62	5218.75	5215.62	5218.75	
5209.38	5203.12	5209.38	5203.12	5209.38	
5215.62	5200	5215.62	5200	5215.62	
5203.12	5209.38	5203.12	5209.38	5203.12	
5221.88	5209.38	5221.88	5209.38	5221.88	
5200	5200	5200	5200	5200	
5209.38	5209.38	5209.38	5209.38	5209.38	
5209.38	5212.5	5209.38	5212.5	5209.38	
5209.38	5200	5209.38	5200	5209.38	
5209.38	5212.5	5209.38	5212.5	5209.38	
5206.25	5212.5	5206.25	5212.5	5206.25	
5206.25	5212.5	5206.25	5212.5	5206.25	
5200	5196.88	5200	5196.88	5200	
5196.88	5190.62	5196.88	5190.62	5196.88	
5196.88	5203.12	5196.88	5203.12	5196.88	
5203.12	5212.5	5203.12	5212.5	5203.12	
5196.88	5215.62	5196.88	5215.62	5196.88	
5215.62	5200	5215.62	5200	5215.62	
5196.88	5206.25	5196.88	5206.25	5196.88	
5200	5206.25	5200	5206.25	5200	
5203.12	5212.5	5203.12	5212.5	5203.12	
5200	5212.5	5200	5212.5	5200	
5212.5	5200	5212.5	5200	5212.5	
5209.38	5206.25	5209.38	5206.25	5209.38	
5203.12	5200	5203.12	5200	5203.12	
5203.12	5206.25	5203.12	5206.25	5203.12	
5218.75	5206.25	5218.75	5206.25	5218.75	
5215.62	5206.25	5215.62	5206.25	5215.62	
5193.75	5196.88	5193.75	5196.88	5193.75	
5203.12	5209.38	5203.12	5209.38	5203.12	
5212.5	5212.5	5212.5	5212.5	5212.5	
5215.62	5203.12	5215.62	5203.12	5215.62	
5212.5	5193.75	5212.5	5193.75	5212.5	
5206.25	5209.38	5206.25	5209.38	5206.25	
5196.88	5190.62	5196.88	5190.62	5196.88	
5209.38	5193.75	5209.38	5193.75	5209.38	
5196.88	5206.25	5196.88	5206.25	5196.88	
5187.5	5196.88	5187.5	5196.88	5187.5	
5196.88	5212.5	5196.88	5212.5	5196.88	
5196.88	5203.12	5196.88	5203.12	5196.88	
5196.88	5203.12	5196.88	5203.12	5196.88	
5206.25	5206.25	5206.25	5206.25	5206.25	
5206.25	5209.38	5206.25	5209.38	5206.25	
5206.25	5203.12	5206.25	5203.12	5206.25	
5203.12	5193.75	5203.12	5193.75	5203.12	
5206.25	5196.88	5206.25	5196.88	5206.25	
5203.12	5196.88	5203.12	5196.88	5203.12	
5193.75	5209.38	5193.75	5209.38	5193.75	
5206.25	5206.25	5206.25	5206.25	5206.25	
5212.5	5196.88	5212.5	5196.88	5212.5	
5193.75	5203.12	5193.75	5203.12	5193.75	
5203.12	5190.62	5203.12	5190.62	5203.12	
5200	5209.38	5200	5209.38	5200	
5200	5200	5200	5200	5200	
5203.12	5209.38	5203.12	5209.38	5203.12	
5206.25	5196.88	5206.25	5196.88	5206.25	
5200	5196.88	5200	5196.88	5200	
5196.88	5203.12	5196.88	5203.12	5196.88	
5203.12	5200	5203.12	5200	5203.12	
5206.25	5193.75	5206.25	5193.75	5206.25	
5203.12	5203.12	5203.12	5203.12	5203.12	
5206.25	5200	5206.25	5200	5206.25	
5193.75	5203.12	5193.75	5203.12	5193.75	
5203.12	5206.25	5203.12	5206.25	5203.12	
5209.38	5196.88	5209.38	5196.88	5209.38	
5203.12	5212.5	5203.12	5212.5	5203.12	
5203.12	5218.75	5203.12	5218.75	5203.12	
5200	5206.25	5200	5206.25	5200	
5196.88	5218.75	5196.88	5218.75	5196.88	
5187.5	5209.38	5187.5	5209.38	5187.5	
5196.88	5196.88	5196.88	5196.88	5196.88	
5196.88	5203.12	5196.88	5203.12	5196.88	
5200	5196.88	5200	5196.88	5200	
5193.75	5190.62	5193.75	5190.62	5193.75	
5206.25	5190.62	5206.25	5190.62	5206.25	
5212.5	5196.88	5212.5	5196.88	5212.5	
5203.12	5206.25	5203.12	5206.25	5203.12	
5212.5	5200	5212.5	5200	5212.5	
5203.12	5200	5203.12	5200	5203.12	
5200	5190.62	5200	5190.62	5200	
5200	5203.12	5200	5203.12	5200	
5193.75	5206.25	5193.75	5206.25	5193.75	
5206.25	5206.25	5206.25	5206.25	5206.25	
5196.88	5206.25	5196.88	5206.25	5196.88	
5206.25	5200	5206.25	5200	5206.25	
5200	5206.25	5200	5206.25	5200	
5209.38	5196.88	5209.38	5196.88	5209.38	
5215.62	5206.25	5215.62	5206.25	5215.62	
5193.75	5209.38	5193.75	5209.38	5193.75	
5200	5212.5	5200	5212.5	5200	
5206.25	5215.62	5206.25	5215.62	5206.25	
5218.75	5200	5218.75	5200	5218.75	
5190.62	5206.25	5190.62	5206.25	5190.62	
5206.25	5203.12	5206.25	5203.12	5206.25	
5190.62	5196.88	5190.62	5196.88	5190.62	
5206.25	5196.88	5206.25	5196.88	5206.25	
5190.62	5187.5	5190.62	5187.5	5190.62	
5218.75	5206.25	5218.75	5206.25	5218.75	
5209.38	5209.38	5209.38	5209.38	5209.38	
5196.88	5193.75	5196.88	5193.75	5196.88	
5203.12	5203.12	5203.12	5203.12	5203.12	
5184.38	5218.75	5184.38	5218.75	5184.38	
5196.88	5209.38	5196.88	5209.38	5196.88	
5187.5	5196.88	5187.5	5196.88	5187.5	
5196.88	5206.25	5196.88	5206.25	5196.88	
5193.75	5203.12	5193.75	5203.12	5193.75	
5206.25	5193.75	5206.25	5193.75	5206.25	
5206.25	5190.62	5206.25	5190.62	5206.25	
5218.75	5193.75	5218.75	5193.75	5218.75	
5212.5	5200	5212.5	5200	5212.5	
5187.5	5206.25	5187.5	5206.25	5187.5	
5193.75	5193.75	5193.75	5193.75	5193.75	
5200	5203.12	5200	5203.12	5200	
5193.75	5206.25	5193.75	5206.25	5193.75	
5190.62	5190.62	5190.62	5190.62	5190.62	
5203.12	5206.25	5203.12	5206.25	5203.12	
5218.75	5206.25	5218.75	5206.25	5218.75	
5206.25	5196.88	5206.25	5196.88	5206.25	
5203.12	5193.75	5203.12	5193.75	5203.12	
5200	5212.5	5200	5212.5	5200	
5209.38	5196.88	5209.38	5196.88	5209.38	
5212.5	5203.12	5212.5	5203.12	5212.5	
5187.5	5203.12	5187.5	5203.12	5187.5	
5200	5228.12	5200	5228.12	5200	
5200	5209.38	5200	5209.38	5200	
5209.38	5209.38	5209.38	5209.38	5209.38	
5190.62	5203.12	5190.62	5203.12	5190.62	
5203.12	5209.38	5203.12	5209.38	5203.12	
5206.25	5218.75	5206.25	5218.75	5206.25	
5209.38	5209.38	5209.38	5209.38	5209.38	
5209.38	5206.25	5209.38	5206.25	5209.38	
5203.12	5218.75	5203.12	5218.75	5203.12	
5203.12	5203.12	5203.12	5203.12	5203.12	
5200	5203.12	5200	5203.12	5200	
5193.75	5203.12	5193.75	5203.12	5193.75	
5209.38	5212.5	5209.38	5212.5	5209.38	
5203.12	5209.38	5203.12	5209.38	5203.12	
5209.38	5209.38	5209.38	5209.38	5209.38	
5203.12	5212.5	5203.12	5212.5	5203.12	
5209.38	5206.25	5209.38	5206.25	5209.38	
5200	5218.75	5200	5218.75	5200	
5196.88	5209.38	5196.88	5209.38	5196.88	
5193.75	5196.88	5193.75	5196.88	5193.75	
5190.62	5193.75	5190.62	5193.75	5190.62	
5200	5218.75	5200	5218.75	5200	
5200	5203.12	5200	5203.12	5200	
5209.38	5203.12	5209.38	5203.12	5209.38	
5209.38	5203.12	5209.38	5203.12	5209.38	
5218.75	5190.62	5218.75	5190.62	5218.75	
5206.25	5193.75	5206.25	5193.75	5206.25	
5203.12	5203.12	5203.12	5203.12	5203.12	
5196.88	5190.62	5196.88	5190.62	5196.88	
5196.88	5196.88	5196.88	5196.88	5196.88	
5200	5200	5200	5200	5200	
5196.88	5206.25	5196.88	5206.25	5196.88	
5203.12	5212.5	5203.12	5212.5	5203.12	
5190.62	5200	5190.62	5200	5190.62	
5196.88	5190.62	5196.88	5190.62	5196.88	
5206.25	5203.12	5206.25	5203.12	5206.25	
5196.88	5206.25	5196.88	5206.25	5196.88	
5209.38	5209.38	5209.38	5209.38	5209.38	
5203.12	5193.75	5203.12	5193.75	5203.12	
5203.12	5200	5203.12	5200	5203.12	
5203.12	5203.12	5203.12	5203.12	5203.12	
5184.38	5200	5184.38	5200	5184.38	
5200	5203.12	5200	5203.12	5200	
5200	5196.88	5200	5196.88	5200	
5187.5	5200	5187.5	5200	5187.5	
5212.5	5209.38	5212.5	5209.38	5212.5	
5203.12	5203.12	5203.12	5203.12	5203.12	
5203.12	5190.62	5203.12	5190.62	5203.12	
5209.38	5196.88	5209.38	5196.88	5209.38	
5184.38	5200	5184.38	5200	5184.38	
5203.12	5206.25	5203.12	5206.25	5203.12	
5206.25	5196.88	5206.25	5196.88	5206.25	
5196.88	5215.62	5196.88	5215.62	5196.88	
5218.75	5193.75	5218.75	5193.75	5218.75	
5190.62	5203.12	5190.62	5203.12	5190.62	
5206.25	5212.5	5206.25	5212.5	5206.25	
5209.38	5218.75	5209.38	5218.75	5209.38	
5203.12	5200	5203.12	5200	5203.12	
5206.25	5206.25	5206.25	5206.25	5206.25	
5209.38	5206.25	5209.38	5206.25	5209.38	
5206.25	5200	5206.25	5200	5206.25	
5203.12	5196.88	5203.12	5196.88	5203.12	
5203.12	5206.25	5203.12	5206.25	5203.12	
5193.75	5212.5	5193.75	5212.5	5193.75	
5209.38	5196.88	5209.38	5196.88	5209.38	
5200	5209.38	5200	5209.38	5200	
5206.25	5200	5206.25	5200	5206.25	
5196.88	5209.38	5196.88	5209.38	5196.88	
5200	5200	5200	5200	5200	
5209.38	5206.25	5209.38	5206.25	5209.38	
5203.12	5196.88	5203.12	5196.88	5203.12	
5196.88	5200	5196.88	5200	5196.88	
5203.12	5212.5	5203.12	5212.5	5203.12	
5209.38	5203.12	5209.38	5203.12	5209.38	
5190.62	5200	5190.62	5200	5190.62	
5209.38	5196.88	5209.38	5196.88	5209.38	
5203.12	5203.12	5203.12	5203.12	5203.12	
5193.75	5196.88	5193.75	5196.88	5193.75	
5209.38	5196.88	5209.38	5196.88	5209.38	
5206.25	5209.38	5206.25	5209.38	5206.25	
5193.75	5196.88	5193.75	5196.88	5193.75	
5203.12	5209.38	5203.12	5209.38	5203.12	
5193.75	5203.12	5193.75	5203.12	5193.75	
5187.5	5203.12	5187.5	5203.12	5187.5	
5206.25	5196.88	5206.25	5196.88	5206.25	
5203.12	5209.38	5203.12	5209.38	5203.12	
5193.75	5218.75	5193.75	5218.75	5193.75	
5200	5200	5200	5200	5200	
5200	5212.5	5200	5212.5	5200	
5215.62	5206.25	5215.62	5206.25	5215.62	
5200	5203.12	5200	5203.12	5200	
5203.12	5190.62	5203.12	5190.62	5203.12	
5212.5	5218.75	5212.5	5218.75	5212.5	
5200	5193.75	5200	5193.75	5200	
5196.88	5196.88	5196.88	5196.88	5196.88	
5203.12	5203.12	5203.12	5203.12	5203.12	
5200	5212.5	5200	5212.5	5200	
5203.12	5203.12	5203.12	5203.12	5203.12	
5203.12	5200	5203.12	5200	5203.12	
5206.25	5209.38	5206.25	5209.38	5206.25	
5209.38	5200	5209.38	5200	5209.38	
5209.38	5203.12	5209.38	5203.12	5209.38	
5209.38	5206.25	5209.38	5206.25	5209.38	
5203.12	5193.75	5203.12	5193.75	5203.12	
5206.25	5193.75	5206.25	5193.75	5206.25	
5203.12	5206.25	5203.12	5206.25	5203.12	
5200	5193.75	5200	5193.75	5200	
5190.62	5209.38	5190.62	5209.38	5190.62	
5203.12	5209.38	5203.12	5209.38	5203.12	
5206.25	5209.38	5206.25	5209.38	5206.25	
5206.25	5215.62	5206.25	5215.62	5206.25	
5206.25	5206.25	5206.25	5206.25	5206.25	
5203.12	5215.62	5203.12	5215.62	5203.12	
5209.38	5209.38	5209.38	5209.38	5209.38	
5212.5	5203.12	5212.5	5203.12	5212.5	
5206.25	5203.12	5206.25	5203.12	5206.25	
5196.88	5200	5196.88	5200	5196.88	
5193.75	5200	5193.75	5200	5193.75	
5212.5	5206.25	5212.5	5206.25	5212.5	
5206.25	5212.5	5206.25	5212.5	5206.25	
5218.75	5200	5218.75	5200	5218.75	
5203.12	5190.62	5203.12	5190.62	5203.12	
5212.5	5212.5	5212.5	5212.5	5212.5	
5215.62	5209.38	5215.62	5209.38	5215.62	
5206.25	5203.12	5206.25	5203.12	5206.25	
5209.38	5200	5209.38	5200	5209.38	
5193.75	5203.12	5193.75	5203.12	5193.75	
5193.75	5206.25	5193.75	5206.25	5193.75	
5193.75	5196.88	5193.75	5196.88	5193.75	
5206.25	5200	5206.25	5200	5206.25	
5200	5193.75	5200	5193.75	5200	
5196.88	5206.25	5196.88	5206.25	5196.88	
5200	5209.38	5200	5209.38	5200	
5212.5	5196.88	5212.5	5196.88	5212.5	
5206.25	5200	5206.25	5200	5206.25	
5203.12	5209.38	5203.12	5209.38	5203.12	
5218.75	5209.38	5218.75	5209.38	5218.75	
5196.88	5212.5	5196.88	5212.5	5196.88	
5203.12	5203.12	5203.12	5203.12	5203.12	
5200	5206.25	5200	5206.25	5200	
5200	5196.88	5200	5196.88	5200	
5196.88	5203.12	5196.88	5203.12	5196.88	
5196.88	5200	5196.88	5200	5196.88	
5200	5203.12	5200	5203.12	5200	
5209.38	5203.12	5209.38	5203.12	5209.38	
5212.5	5209.38	5212.5	5209.38	5212.5	
5203.12	5209.38	5203.12	5209.38	5203.12	
5209.38	5215.62	5209.38	5215.62	5209.38	
5200	5200	5200	5200	5200	
5212.5	5196.88	5212.5	5196.88	5212.5	
5206.25	5196.88	5206.25	5196.88	5206.25	
5196.88	5203.12	5196.88	5203.12	5196.88	
5203.12	5193.75	5203.12	5193.75	5203.12	
5206.25	5206.25	5206.25	5206.25	5206.25	
5196.88	5209.38	5196.88	5209.38	5196.88	
5212.5	5203.12	5212.5	5203.12	5212.5	
5209.38	5209.38	5209.38	5209.38	5209.38	
5196.88	5212.5	5196.88	5212.5	5196.88	
5215.62	5203.12	5215.62	5203.12	5215.62	
5212.5	5203.12	5212.5	5203.12	5212.5	
5193.75	5196.88	5193.75	5196.88	5193.75	
5212.5	5196.88	5212.5	5196.88	5212.5	
5203.12	5203.12	5203.12	5203.12	5203.12	
5203.12	5209.38	5203.12	5209.38	5203.12	
5215.62	5196.88	5215.62	5196.88	5215.62	
5209.38	5193.75	5209.38	5193.75	5209.38	
5206.25	5212.5	5206.25	5212.5	5206.25	
5212.5	5196.88	5212.5	5196.88	5212.5	
5200	5193.75	5200	5193.75	5200	
5190.62	5203.12	5190.62	5203.12	5190.62	
5206.25	5193.75	5206.25	5193.75	5206.25	
5200	5196.88	5200	5196.88	5200	
5218.75	5203.12	5218.75	5203.12	5218.75	
5206.25	5209.38	5206.25	5209.38	5206.25	
5206.25	5212.5	5206.25	5212.5	5206.25	
5203.12	5193.75	5203.12	5193.75	5203.12	
5206.25	5196.88	5206.25	5196.88	5206.25	
5203.12	5209.38	5203.12	5209.38	5203.12	
5196.88	5203.12	5196.88	5203.12	5196.88	
5190.62	5206.25	5190.62	5206.25	5190.62	
5206.25	5203.12	5206.25	5203.12	5206.25	
5215.62	5203.12	5215.62	5203.12	5215.62	
5203.12	5193.75	5203.12	5193.75	5203.12	
5196.88	5193.75	5196.88	5193.75	5196.88	
5196.88	5196.88	5196.88	5196.88	5196.88	
5212.5	5209.38	5212.5	5209.38	5212.5	
5200	5206.25	5200	5206.25	5200	
5212.5	5196.88	5212.5	5196.88	5212.5	
5184.38	5200	5184.38	5200	5184.38	
5215.62	5196.88	5215.62	5196.88	5215.62	
5196.88	5203.12	5196.88	5203.12	5196.88	
5206.25	5218.75	5206.25	5218.75	5206.25	
5200	5206.25	5200	5206.25	5200	
5206.25	5212.5	5206.25	5212.5	5206.25	
5200	5193.75	5200	5193.75	5200	
5206.25	5203.12	5206.25	5203.12	5206.25	
5215.62	5200	5215.62	5200	5215.62	
5206.25	5209.38	5206.25	5209.38	5206.25	
5193.75	5215.62	5193.75	5215.62	5193.75	
5203.12	5196.88	5203.12	5196.88	5203.12	
5196.88	5200	5196.88	5200	5196.88	
5196.88	5196.88	5196.88	5196.88	5196.88	
5209.38	5206.25	5209.38	5206.25	5209.38	
5212.5	5190.62	5212.5	5190.62	5212.5	
5196.88	5196.88	5196.88	5196.88	5196.88	
5190.62	5196.88	5190.62	5196.88	5190.62	
5200	5215.62	5200	5215.62	5200	
5203.12	5190.62	5203.12	5190.62	5203.12	
5203.12	5206.25	5203.12	5206.25	5203.12	
5206.25	5203.12	5206.25	5203.12	5206.25	
5209.38	5203.12	5209.38	5203.12	5209.38	
5206.25	5203.12	5206.25	5203.12	5206.25	
5193.75	5196.88	5193.75	5196.88	5193.75	
5203.12	5193.75	5203.12	5193.75	5203.12	
5178.12	5221.88	5178.12	5221.88	5178.12	
5196.88	5190.62	5196.88	5190.62	5196.88	
5193.75	5212.5	5193.75	5212.5	5193.75	
5200	5209.38	5200	5209.38	5200	
5200	5200	5200	5200	5200	
5193.75	5215.62	5193.75	5215.62	5193.75	
5212.5	5196.88	5212.5	5196.88	5212.5	
5206.25	5212.5	5206.25	5212.5	5206.25	
5206.25	5200	5206.25	5200	5206.25	
5203.12	5206.25	5203.12	5206.25	5203.12	
5209.38	5209.38	5209.38	5209.38	5209.38	
5203.12	5203.12	5203.12	5203.12	5203.12	
5209.38	5200	5209.38	5200	5209.38	
5200	5196.88	5200	5196.88	5200	
5196.88	5209.38	5196.88	5209.38	5196.88	
5206.25	5203.12	5206.25	5203.12	5206.25	
5190.62	5203.12	5190.62	5203.12	5190.62	
5196.88	5187.5	5196.88	5187.5	5196.88	
5193.75	5206.25	5193.75	5206.25	5193.75	
5212.5	5212.5	5212.5	5212.5	5212.5	
5203.12	5203.12	5203.12	5203.12	5203.12	
5196.88	5200	5196.88	5200	5196.88	
5203.12	5193.75	5203.12	5193.75	5203.12	
5203.12	5190.62	5203.12	5190.62	5203.12	
5203.12	5206.25	5203.12	5206.25	5203.12	
5196.88	5187.5	5196.88	5187.5	5196.88	
5203.12	5215.62	5203.12	5215.62	5203.12	
5209.38	5209.38	5209.38	5209.38	5209.38	
5206.25	5218.75	5206.25	5218.75	5206.25	
5203.12	5206.25	5203.12	5206.25	5203.12	
5203.12	5196.88	5203.12	5196.88	5203.12	
5212.5	5196.88	5212.5	5196.88	5212.5	
5203.12	5203.12	5203.12	5203.12	5203.12	
5193.75	5206.25	5193.75	5206.25	5193.75	
5196.88	5196.88	5196.88	5196.88	5196.88	
5206.25	5206.25	5206.25	5206.25	5206.25	
5203.12	5196.88	5203.12	5196.88	5203.12	
5200	5200	5200	5200	5200	
5193.75	5193.75	5193.75	5193.75	5193.75	
5203.12	5184.38	5203.12	5184.38	5203.12	
5187.5	5196.88	5187.5	5196.88	5187.5	
5203.12	5203.12	5203.12	5203.12	5203.12	
5212.5	5212.5	5212.5	5212.5	5212.5	
5206.25	5203.12	5206.25	5203.12	5206.25	
5209.38	5203.12	5209.38	5203.12	5209.38	
5196.88	5209.38	5196.88	5209.38	5196.88	
5212.5	5200	5212.5	5200	5212.5	
5209.38	5203.12	5209.38	5203.12	5209.38	
5196.88	5200	5196.88	5200	5196.88	
5193.75	5206.25	5193.75	5206.25	5193.75	
5203.12	5200	5203.12	5200	5203.12	
5190.62	5209.38	5190.62	5209.38	5190.62	
5203.12	5203.12	5203.12	5203.12	5203.12	
5200	5206.25	5200	5206.25	5200	
5196.88	5196.88	5196.88	5196.88	5196.88	
5203.12	5203.12	5203.12	5203.12	5203.12	
5206.25	5187.5	5206.25	5187.5	5206.25	
5193.75	5196.88	5193.75	5196.88	5193.75	
5215.62	5196.88	5215.62	5196.88	5215.62	
5206.25	5206.25	5206.25	5206.25	5206.25	
5203.12	5193.75	5203.12	5193.75	5203.12	
5206.25	5200	5206.25	5200	5206.25	
5203.12	5209.38	5203.12	5209.38	5203.12	
5203.12	5200	5203.12	5200	5203.12	
5190.62	5203.12	5190.62	5203.12	5190.62	
5206.25	5221.88	5206.25	5221.88	5206.25	
5209.38	5206.25	5209.38	5206.25	5209.38	
5200	5200	5200	5200	5200	
5200	5203.12	5200	5203.12	5200	
5196.88	5209.38	5196.88	5209.38	5196.88	
5206.25	5203.12	5206.25	5203.12	5206.25	
5193.75	5203.12	5193.75	5203.12	5193.75	
5209.38	5206.25	5209.38	5206.25	5209.38	
5212.5	5212.5	5212.5	5212.5	5212.5	
5200	5215.62	5200	5215.62	5200	
5203.12	5200	5203.12	5200	5203.12	
5196.88	5203.12	5196.88	5203.12	5196.88	
5203.12	5193.75	5203.12	5193.75	5203.12	
5206.25	5206.25	5206.25	5206.25	5206.25	
5206.25	5196.88	5206.25	5196.88	5206.25	
5193.75	5200	5193.75	5200	5193.75	
5206.25	5200	5206.25	5200	5206.25	
5196.88	5206.25	5196.88	5206.25	5196.88	
5200	5203.12	5200	5203.12	5200	
5212.5	5196.88	5212.5	5196.88	5212.5	
5200	5200	5200	5200	5200	
5206.25	5203.12	5206.25	5203.12	5206.25	
5206.25	5203.12	5206.25	5203.12	5206.25	
5209.38	5200	5209.38	5200	5209.38	
5212.5	5206.25	5212.5	5206.25	5212.5	
5206.25	5206.25	5206.25	5206.25	5206.25	
5187.5	5200	5187.5	5200	5187.5	
5215.62	5206.25	5215.62	5206.25	5215.62	
5203.12	5193.75	5203.12	5193.75	5203.12	
5209.38	5206.25	5209.38	5206.25	5209.38	
5190.62	5196.88	5190.62	5196.88	5190.62	
5193.75	5203.12	5193.75	5203.12	5193.75	
5196.88	5196.88	5196.88	5196.88	5196.88	
5203.12	5200	5203.12	5200	5203.12	
5206.25	5212.5	5206.25	5212.5	5206.25	
5203.12	5206.25	5203.12	5206.25	5203.12	
5200	5203.12	5200	5203.12	5200	
5200	5193.75	5200	5193.75	5200	
5203.12	5203.12	5203.12	5203.12	5203.12	
5196.88	5193.75	5196.88	5193.75	5196.88	
5200	5206.25	5200	5206.25	5200	
5196.88	5200	5196.88	5200	5196.88	
5193.75	5190.62	5193.75	5190.62	5193.75	
5200	5203.12	5200	5203.12	5200	
5200	5212.5	5200	5212.5	5200	
5206.25	5203.12	5206.25	5203.12	5206.25	
5200	5203.12	5200	5203.12	5200	
5196.88	5212.5	5196.88	5212.5	5196.88	
5206.25	5209.38	5206.25	5209.38	5206.25	
5206.25	5206.25	5206.25	5206.25	5206.25	
5196.88	5200	5196.88	5200	5196.88	
5203.12	5196.88	5203.12	5196.88	5203.12	
5212.5	5228.12	5212.5	5228.12	5212.5	
5190.62	5190.62	5190.62	5190.62	5190.62	
5200	5196.88	5200	5196.88	5200	
5203.12	5209.38	5203.12	5209.38	5203.12	
5203.12	5206.25	5203.12	5206.25	5203.12	
5203.12	5190.62	5203.12	5190.62	5203.12	
5203.12	5196.88	5203.12	5196.88	5203.12	
5190.62	5200	5190.62	5200	5190.62	
5209.38	5196.88	5209.38	5196.88	5209.38	
5203.12	5212.5	5203.12	5212.5	5203.12	
5187.5	5193.75	5187.5	5193.75	5187.5	
5203.12	5203.12	5203.12	5203.12	5203.12	
5196.88	5193.75	5196.88	5193.75	5196.88	
5200	5200	5200	5200	5200	
5203.12	5209.38	5203.12	5209.38	5203.12	
5203.12	5190.62	5203.12	5190.62	5203.12	
5209.38	5215.62	5209.38	5215.62	5209.38	
5206.25	5206.25	5206.25	5206.25	5206.25	
5200	5206.25	5200	5206.25	5200	
5190.62	5203.12	5190.62	5203.12	5190.62	
5209.38	5200	5209.38	5200	5209.38	
5206.25	5203.12	5206.25	5203.12	5206.25	
5200	5200	5200	5200	5200	
5196.88	5209.38	5196.88	5209.38	5196.88	
5200	5215.62	5200	5215.62	5200	
5196.88	5200	5196.88	5200	5196.88	
5221.88	5206.25	5221.88	5206.25	5221.88	
5218.75	5190.62	5218.75	5190.62	5218.75	
5209.38	5200	5209.38	5200	5209.38	
5196.88	5196.88	5196.88	5196.88	5196.88	
5200	5203.12	5200	5203.12	5200	
5187.5	5200	5187.5	5200	5187.5	
5206.25	5193.75	5206.25	5193.75	5206.25	
5193.75	5209.38	5193.75	5209.38	5193.75	
5209.38	5196.88	5209.38	5196.88	5209.38	
5206.25	5187.5	5206.25	5187.5	5206.25	
5193.75	5200	5193.75	5200	5193.75	
5209.38	5184.38	5209.38	5184.38	5209.38	
5209.38	5193.75	5209.38	5193.75	5209.38	
5196.88	5203.12	5196.88	5203.12	5196.88	
5200	5196.88	5200	5196.88	5200	
5196.88	5203.12	5196.88	5203.12	5196.88	
5196.88	5209.38	5196.88	5209.38	5196.88	
5190.62	5175	5190.62	5175	5190.62	
5206.25	5209.38	5206.25	5209.38	5206.25	
5200	5196.88	5200	5196.88	5200	
5193.75	5203.12	5193.75	5203.12	5193.75	
5203.12	5206.25	5203.12	5206.25	5203.12	
5184.38	5193.75	5184.38	5193.75	5184.38	
5193.75	5190.62	5193.75	5190.62	5193.75	
5215.62	5203.12	5215.62	5203.12	5215.62	
5203.12	5193.75	5203.12	5193.75	5203.12	
5203.12	5175	5203.12	5175	5203.12	
5190.62	5196.88	5190.62	5196.88	5190.62	
5196.88	5196.88	5196.88	5196.88	5196.88	
5206.25	5196.88	5206.25	5196.88	5206.25	
5209.38	5196.88	5209.38	5196.88	5209.38	
5203.12	5203.12	5203.12	5203.12	5203.12	
5203.12	5196.88	5203.12	5196.88	5203.12	
5203.12	5206.25	5203.12	5206.25	5203.12	
5187.5	5196.88	5187.5	5196.88	5187.5	
5196.88	5190.62	5196.88	5190.62	5196.88	
5193.75	5200	5193.75	5200	5193.75	
5206.25	5203.12	5206.25	5203.12	5206.25	
5206.25	5200	5206.25	5200	5206.25	
5193.75	5212.5	5193.75	5212.5	5193.75	
5206.25	5209.38	5206.25	5209.38	5206.25	
5203.12	5187.5	5203.12	5187.5	5203.12	
5221.88	5200	5221.88	5200	5221.88	
5200	5196.88	5200	5196.88	5200	
5200	5196.88	5200	5196.88	5200	
5212.5	5200	5212.5	5200	5212.5	
5200	5212.5	5200	5212.5	5200	
5209.38	5203.12	5209.38	5203.12	5209.38	
5187.5	5203.12	5187.5	5203.12	5187.5	
5209.38	5212.5	5209.38	5212.5	5209.38	
5193.75	5206.25	5193.75	5206.25	5193.75	
5203.12	5209.38	5203.12	5209.38	5203.12	
5193.75	5206.25	5193.75	5206.25	5193.75	
5200	5196.88	5200	5196.88	5200	
5190.62	5187.5	5190.62	5187.5	5190.62	
5187.5	5196.88	5187.5	5196.88	5187.5	
5193.75	5203.12	5193.75	5203.12	5193.75	
5196.88	5200	5196.88	5200	5196.88	
5190.62	5215.62	5190.62	5215.62	5190.62	
5200	5203.12	5200	5203.12	5200	
5200	5200	5200	5200	5200	
5200	5196.88	5200	5196.88	5200	
5206.25	5196.88	5206.25	5196.88	5206.25	
5187.5	5209.38	5187.5	5209.38	5187.5	
5200	5200	5200	5200	5200	
5196.88	5206.25	5196.88	5206.25	5196.88	
5196.88	5200	5196.88	5200	5196.88	
5203.12	5200	5203.12	5200	5203.12	
5196.88	5193.75	5196.88	5193.75	5196.88	
5196.88	5190.62	5196.88	5190.62	5196.88	
5200	5200	5200	5200	5200	
5190.62	5184.38	5190.62	5184.38	5190.62	
5200	5203.12	5200	5203.12	5200	
5190.62	5184.38	5190.62	5184.38	5190.62	
5206.25	5203.12	5206.25	5203.12	5206.25	
5196.88	5184.38	5196.88	5184.38	5196.88	
5203.12	5203.12	5203.12	5203.12	5203.12	
5215.62	5212.5	5215.62	5212.5	5215.62	
5206.25	5193.75	5206.25	5193.75	5206.25	
5203.12	5212.5	5203.12	5212.5	5203.12	
5212.5	5203.12	5212.5	5203.12	5212.5	
5196.88	5203.12	5196.88	5203.12	5196.88	
5212.5	5200	5212.5	5200	5212.5	
5203.12	5196.88	5203.12	5196.88	5203.12	
5209.38	5193.75	5209.38	5193.75	5209.38	
5200	5196.88	5200	5196.88	5200	
5203.12	5209.38	5203.12	5209.38	5203.12	
5193.75	5200	5193.75	5200	5193.75	
5184.38	5206.25	5184.38	5206.25	5184.38	
5203.12	5196.88	5203.12	5196.88	5203.12	
5206.25	5200	5206.25	5200	5206.25	
5196.88	5206.25	5196.88	5206.25	5196.88	
5206.25	5200	5206.25	5200	5206.25	
5203.12	5212.5	5203.12	5212.5	5203.12	
5196.88	5200	5196.88	5200	5196.88	
5203.12	5203.12	5203.12	5203.12	5203.12	
5200	5206.25	5200	5206.25	5200	
5196.88	5200	5196.88	5200	5196.88	
5203.12	5193.75	5203.12	5193.75	5203.12	
5206.25	5190.62	5206.25	5190.62	5206.25	
5206.25	5200	5206.25	5200	5206.25	
5196.88	5196.88	5196.88	5196.88	5196.88	
5209.38	5196.88	5209.38	5196.88	5209.38	
5200	5196.88	5200	5196.88	5200	
5196.88	5196.88	5196.88	5196.88	5196.88	
5196.88	5200	5196.88	5200	5196.88	
5196.88	5200	5196.88	5200	5196.88	
5206.25	5209.38	5206.25	5209.38	5206.25	
5196.88	5193.75	5196.88	5193.75	5196.88	
5200	5206.25	5200	5206.25	5200	
5196.88	5193.75	5196.88	5193.75	5196.88	
5209.38	5212.5	5209.38	5212.5	5209.38	
5206.25	5209.38	5206.25	5209.38	5206.25	
5190.62	5187.5	5190.62	5187.5	5190.62	
5203.12	5212.5	5203.12	5212.5	5203.12	
5196.88	5196.88	5196.88	5196.88	5196.88	
5196.88	5196.88	5196.88	5196.88	5196.88	
5193.75	5190.62	5193.75	5190.62	5193.75	
5184.38	5206.25	5184.38	5206.25	5184.38	
5200	5193.75	5200	5193.75	5200	
5212.5	5200	5212.5	5200	5212.5	
5209.38	5209.38	5209.38	5209.38	5209.38	
5196.88	5200	5196.88	5200	5196.88	
5193.75	5196.88	5193.75	5196.88	5193.75	
5215.62	5190.62	5215.62	5190.62	5215.62	
5190.62	5206.25	5190.62	5206.25	5190.62	
5243.75	5237.5	5243.75	5237.5	5243.75	
5190.62	5196.88	5190.62	5196.88	5190.62	
5200	5196.88	5200	5196.88	5200	
5206.25	5200	5206.25	5200	5206.25	
5190.62	5203.12	5190.62	5203.12	5190.62	
5190.62	5200	5190.62	5200	5190.62	
5190.62	5190.62	5190.62	5190.62	5190.62	
5200	5196.88	5200	5196.88	5200	
5193.75	5187.5	5193.75	5187.5	5193.75	
5209.38	5206.25	5209.38	5206.25	5209.38	
5209.38	5200	5209.38	5200	5209.38	
5209.38	5200	5209.38	5200	5209.38	
5190.62	5196.88	5190.62	5196.88	5190.62	
5196.88	5206.25	5196.88	5206.25	5196.88	
5193.75	5200	5193.75	5200	5193.75	
5200	5215.62	5200	5215.62	5200	
5184.38	5196.88	5184.38	5196.88	5184.38	
5190.62	5215.62	5190.62	5215.62	5190.62	
5212.5	5203.12	5212.5	5203.12	5212.5	
5196.88	5181.25	5196.88	5181.25	5196.88	
5209.38	5200	5209.38	5200	5209.38	
5203.12	5203.12	5203.12	5203.12	5203.12	
5206.25	5209.38	5206.25	5209.38	5206.25	
5200	5203.12	5200	5203.12	5200	
5206.25	5212.5	5206.25	5212.5	5206.25	
5196.88	5212.5	5196.88	5212.5	5196.88	
5200	5190.62	5200	5190.62	5200	
5200	5206.25	5200	5206.25	5200	
5215.62	5196.88	5215.62	5196.88	5215.62	
5209.38	5206.25	5209.38	5206.25	5209.38	
5193.75	5187.5	5193.75	5187.5	5193.75	
5206.25	5193.75	5206.25	5193.75	5206.25	
5212.5	5206.25	5212.5	5206.25	5212.5	
5203.12	5212.5	5203.12	5212.5	5203.12	
5206.25	5200	5206.25	5200	5206.25	
5200	5203.12	5200	5203.12	5200	
5200	5212.5	5200	5212.5	5200	
5200	5190.62	5200	5190.62	5200	
5196.88	5206.25	5196.88	5206.25	5196.88	
5193.75	5193.75	5193.75	5193.75	5193.75	
5200	5200	5200	5200	5200	
5209.38	5193.75	5209.38	5193.75	5209.38	
5203.12	5200	5203.12	5200	5203.12	
5193.75	5203.12	5193.75	5203.12	5193.75	
5196.88	5203.12	5196.88	5203.12	5196.88	
5196.88	5203.12	5196.88	5203.12	5196.88	
5209.38	5209.38	5209.38	5209.38	5209.38	
5209.38	5203.12	5209.38	5203.12	5209.38	
5190.62	5193.75	5190.62	5193.75	5190.62	
5184.38	5203.12	5184.38	5203.12	5184.38	
5209.38	5200	5209.38	5200	5209.38	
5203.12	5193.75	5203.12	5193.75	5203.12	
5206.25	5206.25	5206.25	5206.25	5206.25	
5206.25	5190.62	5206.25	5190.62	5206.25	
5203.12	5196.88	5203.12	5196.88	5203.12	
5209.38	5184.38	5209.38	5184.38	5209.38	
5200	5200	5200	5200	5200	
5200	5215.62	5200	5215.62	5200	
5203.12	5193.75	5203.12	5193.75	5203.12	
5203.12	5209.38	5203.12	5209.38	5203.12	
5200	5203.12	5200	5203.12	5200	
5206.25	5206.25	5206.25	5206.25	5206.25	
5203.12	5193.75	5203.12	5193.75	5203.12	
5200	5193.75	5200	5193.75	5200	
5196.88	5200	5196.88	5200	5196.88	
5203.12	5203.12	5203.12	5203.12	5203.12	
5209.38	5190.62	5209.38	5190.62	5209.38	
5200	5200	5200	5200	5200	
5200	5184.38	5200	5184.38	5200	
5190.62	5193.75	5190.62	5193.75	5190.62	
5190.62	5206.25	5190.62	5206.25	5190.62	
5203.12	5212.5	5203.12	5212.5	5203.12	
5200	5212.5	5200	5212.5	5200	
5203.12	5196.88	5203.12	5196.88	5203.12	
5203.12	5203.12	5203.12	5203.12	5203.12	
5200	5193.75	5200	5193.75	5200	
5209.38	5203.12	5209.38	5203.12	5209.38	
5200	5196.88	5200	5196.88	5200	
5184.38	5206.25	5184.38	5206.25	5184.38	
5206.25	5196.88	5206.25	5196.88	5206.25	
5206.25	5203.12	5206.25	5203.12	5206.25	
5203.12	5200	5203.12	5200	5203.12	
5193.75	5203.12	5193.75	5203.12	5193.75	
5196.88	5196.88	5196.88	5196.88	5196.88	
5203.12	5193.75	5203.12	5193.75	5203.12	
5200	5200	5200	5200	5200	
5203.12	5196.88	5203.12	5196.88	5203.12	
5206.25	5203.12	5206.25	5203.12	5206.25	
5203.12	5193.75	5203.12	5193.75	5203.12	
5200	5193.75	5200	5193.75	5200	
5193.75	5206.25	5193.75	5206.25	5193.75	
5203.12	5212.5	5203.12	5212.5	5203.12	
5212.5	5206.25	5212.5	5206.25	5212.5	
5203.12	5200	5203.12	5200	5203.12	
5200	5190.62	5200	5190.62	5200	
5193.75	5193.75	5193.75	5193.75	5193.75	
5206.25	5200	5206.25	5200	5206.25	
5200	5206.25	5200	5206.25	5200	
5203.12	5193.75	5203.12	5193.75	5203.12	
5196.88	5193.75	5196.88	5193.75	5196.88	
5200	5200	5200	5200	5200	
5209.38	5203.12	5209.38	5203.12	5209.38	
5206.25	5196.88	5206.25	5196.88	5206.25	
5196.88	5203.12	5196.88	5203.12	5196.88	
5206.25	5206.25	5206.25	5206.25	5206.25	
5203.12	5209.38	5203.12	5209.38	5203.12	
5206.25	5209.38	5206.25	5209.38	5206.25	
5196.88	5203.12	5196.88	5203.12	5196.88	
5193.75	5196.88	5193.75	5196.88	5193.75	
5206.25	5203.12	5206.25	5203.12	5206.25	
5209.38	5203.12	5209.38	5203.12	5209.38	
5209.38	5203.12	5209.38	5203.12	5209.38	
5181.25	5187.5	5181.25	5187.5	5181.25	
5200	5190.62	5200	5190.62	5200	
5209.38	5200	5209.38	5200	5209.38	
5203.12	5209.38	5203.12	5209.38	5203.12	
5212.5	5200	5212.5	5200	5212.5	
5196.88	5190.62	5196.88	5190.62	5196.88	
5184.38	5200	5184.38	5200	5184.38	
5196.88	5203.12	5196.88	5203.12	5196.88	
5200	5193.75	5200	5193.75	5200	
5196.88	5187.5	5196.88	5187.5	5196.88	
5209.38	5203.12	5209.38	5203.12	5209.38	
5203.12	5209.38	5203.12	5209.38	5203.12	
5193.75	5190.62	5193.75	5190.62	5193.75	
5190.62	5200	5190.62	5200	5190.62	
5200	5196.88	5200	5196.88	5200	
5203.12	5200	5203.12	5200	5203.12	
5206.25	5209.38	5206.25	5209.38	5206.25	
5209.38	5193.75	5209.38	5193.75	5209.38	
5200	5203.12	5200	5203.12	5200	
5209.38	5200	5209.38	5200	5209.38	
5196.88	5200	5196.88	5200	5196.88	
5209.38	5209.38	5209.38	5209.38	5209.38	
5196.88	5203.12	5196.88	5203.12	5196.88	
5193.75	5200	5193.75	5200	5193.75	
5200	5200	5200	5200	5200	
5200	5206.25	5200	5206.25	5200	
5184.38	5200	5184.38	5200	5184.38	
5215.62	5200	5215.62	5200	5215.62	
5206.25	5200	5206.25	5200	5206.25	
5209.38	5190.62	5209.38	5190.62	5209.38	
5203.12	5209.38	5203.12	5209.38	5203.12	
5200	5221.88	5200	5221.88	5200	
5190.62	5212.5	5190.62	5212.5	5190.62	
5212.5	5206.25	5212.5	5206.25	5212.5	
5196.88	5196.88	5196.88	5196.88	5196.88	
5200	5200	5200	5200	5200	
5212.5	5190.62	5212.5	5190.62	5212.5	
5200	5190.62	5200	5190.62	5200	
5193.75	5206.25	5193.75	5206.25	5193.75	
5196.88	5203.12	5196.88	5203.12	5196.88	
5200	5206.25	5200	5206.25	5200	
5193.75	5200	5193.75	5200	5193.75	
5215.62	5200	5215.62	5200	5215.62	
5200	5203.12	5200	5203.12	5200	
5203.12	5193.75	5203.12	5193.75	5203.12	
5209.38	5190.62	5209.38	5190.62	5209.38	
5200	5196.88	5200	5196.88	5200	
5212.5	5203.12	5212.5	5203.12	5212.5	
5193.75	5196.88	5193.75	5196.88	5193.75	
5200	5193.75	5200	5193.75	5200	
5196.88	5209.38	5196.88	5209.38	5196.88	
5196.88	5187.5	5196.88	5187.5	5196.88	
5215.62	5206.25	5215.62	5206.25	5215.62	
5187.5	5203.12	5187.5	5203.12	5187.5	
5196.88	5203.12	5196.88	5203.12	5196.88	
5196.88	5196.88	5196.88	5196.88	5196.88	
5200	5203.12	5200	5203.12	5200	
5203.12	5200	5203.12	5200	5203.12	
5184.38	5187.5	5184.38	5187.5	5184.38	
5215.62	5200	5215.62	5200	5215.62	
5209.38	5209.38	5209.38	5209.38	5209.38	
5200	5215.62	5200	5215.62	5200	
5206.25	5196.88	5206.25	5196.88	5206.25	
5193.75	5178.12	5193.75	5178.12	5193.75	
5203.12	5218.75	5203.12	5218.75	5203.12	
5184.38	5196.88	5184.38	5196.88	5184.38	
5206.25	5200	5206.25	5200	5206.25	
5203.12	5196.88	5203.12	5196.88	5203.12	
5212.5	5203.12	5212.5	5203.12	5212.5	
5206.25	5209.38	5206.25	5209.38	5206.25	
5200	5200	5200	5200	5200	
5193.75	5215.62	5193.75	5215.62	5193.75	
5187.5	5200	5187.5	5200	5187.5	
5206.25	5196.88	5206.25	5196.88	5206.25	
5206.25	5209.38	5206.25	5209.38	5206.25	
5212.5	5196.88	5212.5	5196.88	5212.5	
5200	5193.75	5200	5193.75	5200	
5190.62	5200	5190.62	5200	5190.62	
5200	5209.38	5200	5209.38	5200	
5206.25	5206.25	5206.25	5206.25	5206.25	
5209.38	5193.75	5209.38	5193.75	5209.38	
5193.75	5209.38	5193.75	5209.38	5193.75	
5196.88	5200	5196.88	5200	5196.88	
5190.62	5187.5	5190.62	5187.5	5190.62	
5203.12	5203.12	5203.12	5203.12	5203.12	
5203.12	5190.62	5203.12	5190.62	5203.12	
5200	5187.5	5200	5187.5	5200	
5203.12	5203.12	5203.12	5203.12	5203.12	
5200	5206.25	5200	5206.25	5200	
5190.62	5203.12	5190.62	5203.12	5190.62	
5200	5200	5200	5200	5200	
5196.88	5184.38	5196.88	5184.38	5196.88	
5209.38	5209.38	5209.38	5209.38	5209.38	
5215.62	5193.75	5215.62	5193.75	5215.62	
5193.75	5200	5193.75	5200	5193.75	
5209.38	5196.88	5209.38	5196.88	5209.38	
5203.12	5196.88	5203.12	5196.88	5203.12	
5200	5203.12	5200	5203.12	5200	
5200	5212.5	5200	5212.5	5200	
5187.5	5200	5187.5	5200	5187.5	
5206.25	5206.25	5206.25	5206.25	5206.25	
5193.75	5209.38	5193.75	5209.38	5193.75	
5206.25	5203.12	5206.25	5203.12	5206.25	
5206.25	5212.5	5206.25	5212.5	5206.25	
5193.75	5196.88	5193.75	5196.88	5193.75	
5203.12	5212.5	5203.12	5212.5	5203.12	
5209.38	5196.88	5209.38	5196.88	5209.38	
5200	5187.5	5200	5187.5	5200	
5215.62	5200	5215.62	5200	5215.62	
5206.25	5193.75	5206.25	5193.75	5206.25	
5196.88	5196.88	5196.88	5196.88	5196.88	
5200	5190.62	5200	5190.62	5200	
5200	5193.75	5200	5193.75	5200	
5203.12	5206.25	5203.12	5206.25	5203.12	
5206.25	5184.38	5206.25	5184.38	5206.25	
5196.88	5193.75	5196.88	5193.75	5196.88	
5203.12	5196.88	5203.12	5196.88	5203.12	
5209.38	5200	5209.38	5200	5209.38	
5187.5	5200	5187.5	5200	5187.5	
5203.12	5196.88	5203.12	5196.88	5203.12	
5206.25	5187.5	5206.25	5187.5	5206.25	
5200	5212.5	5200	5212.5	5200	
5203.12	5212.5	5203.12	5212.5	5203.12	
5196.88	5203.12	5196.88	5203.12	5196.88	
5203.12	5209.38	5203.12	5209.38	5203.12	
5187.5	5190.62	5187.5	5190.62	5187.5	
5200	5200	5200	5200	5200	
5200	5200	5200	5200	5200	
5200	5193.75	5200	5193.75	5200	
5206.25	5193.75	5206.25	5193.75	5206.25	
5187.5	5209.38	5187.5	5209.38	5187.5	
5200	5190.62	5200	5190.62	5200	
5196.88	5206.25	5196.88	5206.25	5196.88	
5200	5193.75	5200	5193.75	5200	
5196.88	5203.12	5196.88	5203.12	5196.88	
5206.25	5203.12	5206.25	5203.12	5206.25	
5203.12	5206.25	5203.12	5206.25	5203.12	
5215.62	5190.62	5215.62	5190.62	5215.62	
5200	5190.62	5200	5190.62	5200	
5190.62	5193.75	5190.62	5193.75	5190.62	
5193.75	5193.75	5193.75	5193.75	5193.75	
5187.5	5206.25	5187.5	5206.25	5187.5	
5209.38	5196.88	5209.38	5196.88	5209.38	
5206.25	5200	5206.25	5200	5206.25	
5203.12	5206.25	5203.12	5206.25	5203.12	
5200	5187.5	5200	5187.5	5200	
5209.38	5203.12	5209.38	5203.12	5209.38	
5212.5	5193.75	5212.5	5193.75	5212.5	
5200	5190.62	5200	5190.62	5200	
5206.25	5203.12	5206.25	5203.12	5206.25	
5200	5196.88	5200	5196.88	5200	
5203.12	5190.62	5203.12	5190.62	5203.12	
5190.62	5196.88	5190.62	5196.88	5190.62	
5187.5	5200	5187.5	5200	5187.5	
5196.88	5200	5196.88	5200	5196.88	
5193.75	5203.12	5193.75	5203.12	5193.75	
5203.12	5196.88	5203.12	5196.88	5203.12	
5234.38	5234.38	5234.38	5234.38	5234.38	
5196.88	5203.12	5196.88	5203.12	5196.88	
5190.62	5193.75	5190.62	5193.75	5190.62	
5203.12	5200	5203.12	5200	5203.12	
5200	5196.88	5200	5196.88	5200	
5209.38	5206.25	5209.38	5206.25	5209.38	
5190.62	5181.25	5190.62	5181.25	5190.62	
5187.5	5200	5187.5	5200	5187.5	
5203.12	5190.62	5203.12	5190.62	5203.12	
5193.75	5196.88	5193.75	5196.88	5193.75	
5203.12	5200	5203.12	5200	5203.12	
5206.25	5193.75	5206.25	5193.75	5206.25	
5196.88	5203.12	5196.88	5203.12	5196.88	
5200	5200	5200	5200	5200	
5190.62	5187.5	5190.62	5187.5	5190.62	
5193.75	5196.88	5193.75	5196.88	5193.75	
5193.75	5200	5193.75	5200	5193.75	
5187.5	5206.25	5187.5	5206.25	5187.5	
5193.75	5190.62	5193.75	5190.62	5193.75	
5193.75	5190.62	5193.75	5190.62	5193.75	
5193.75	5190.62	5193.75	5190.62	5193.75	
5187.5	5178.12	5187.5	5178.12	5187.5	
5178.12	5187.5	5178.12	5187.5	5178.12	
5187.5	5187.5	5187.5	5187.5	5187.5	
5184.38	5184.38	5184.38	5184.38	5184.38	
