4354.17	4369.79	4369.79	4369.79	4354.17	
4333.33	4328.12	4333.33	4333.33	4325.52	
4328.12	4315.1	4315.1	4320.31	4322.92	
4312.5	4317.71	4312.5	4307.29	4317.71	
22796.9	22867.2	22705.7	22453.1	22640.6	
22843.8	23044.3	23132.8	22455.7	22958.3	
23018.2	22981.8	22893.2	22549.5	22828.1	
23213.5	23460.9	23351.6	22862	23153.6	
23229.2	23432.3	23242.2	22776	23119.8	
23349	23471.4	23309.9	23033.9	23114.6	
23213.5	23059.9	23018.2	22502.6	23138	
22968.8	22916.7	22932.3	22544.3	22747.4	
23612	23505.2	23510.4	22960.9	23393.2	
23908.9	23854.2	23677.1	23570.3	23643.2	
23945.3	23987	23843.8	23458.3	23734.4	
23791.7	23906.2	23815.1	23247.4	23622.4	
23429.7	23617.2	23429.7	22971.4	23315.1	
23401	23171.9	23140.6	22822.9	23023.4	
23528.6	23684.9	23474	23119.8	23487	
23786.5	23908.9	23643.2	23411.5	23786.5	
23726.6	23822.9	23544.3	23192.7	23505.2	
23281.2	23354.2	23138	22612	23112	
23385.4	23359.4	23242.2	22755.2	23153.6	
23872.4	23984.4	23960.9	23487	23859.4	
23987	24190.1	23950.5	23559.9	23804.7	
23966.1	24135.4	23838.5	23638	23752.6	
23822.9	23679.7	23802.1	23411.5	23599	
23179.7	23395.8	23184.9	22856.8	22908.9	
23231.8	23250	23161.5	22822.9	22906.2	
23846.4	23869.8	23671.9	23263	23713.5	
23606.8	23661.5	23546.9	23020.8	23380.2	
23190.1	23484.4	23138	22929.7	23049.5	
23450.5	23692.7	23341.1	23002.6	23328.1	
23502.6	23843.8	23533.9	23106.8	23377.6	
23125	23226.6	22916.7	22635.4	22854.2	
22640.6	22791.7	22502.6	22182.3	22500	
23330.7	23614.6	23320.3	22877.6	23268.2	
23656.2	23750	23539.1	23083.3	23341.1	
23328.1	23424.5	23463.5	22984.4	23291.7	
22997.4	23174.5	23151	22583.3	23072.9	
23099	23140.6	23114.6	22726.6	22872.4	
23088.5	23260.4	22945.3	22614.6	22921.9	
22671.9	22940.1	22690.1	22242.2	22588.5	
23148.4	23096.4	22901	22497.4	22817.7	
23385.4	23427.1	23330.7	22960.9	23299.5	
23302.1	23362	23083.3	22817.7	22955.7	
22924.5	23106.8	22859.4	22575.5	22752.6	
22833.3	22968.8	22791.7	22380.2	22669.3	
23401	23664.1	23414.1	22984.4	23205.7	
23664.1	23755.2	23471.4	23213.5	23416.7	
23531.2	23687.5	23651	23221.4	23377.6	
23148.4	23234.4	23093.8	22638	22981.8	
22546.9	22580.7	22429.7	22205.7	22362	
21729.2	21700.5	21684.9	21312.5	21463.5	
21690.1	21705.7	21614.6	21138	21398.4	
22606.8	22822.9	22763	22322.9	22570.3	
23354.2	23385.4	23372.4	22919.3	23192.7	
23781.2	23914.1	23669.3	23645.8	23700.5	
24005.2	23945.3	23875	23463.5	23955.7	
24062.5	24192.7	24229.2	23643.2	24122.4	
24333.3	24359.4	24309.9	23815.1	24143.2	
24023.4	24299.5	24104.2	23588.5	24000	
24273.4	24161.5	24213.5	23544.3	24052.1	
24054.7	24164.1	23987	23583.3	23950.5	
23906.2	23903.6	23546.9	23309.9	23609.4	
23161.5	23184.9	23020.8	22497.4	22773.4	
22666.7	22583.3	22552.1	22208.3	22403.6	
22942.7	23005.2	22960.9	22734.4	22890.6	
23724	23945.3	23750	23333.3	23466.1	
24075.5	24085.9	24070.3	23640.6	24007.8	
24018.2	23979.2	24033.9	23437.5	23947.9	
24210.9	24302.1	24036.5	23804.7	24013	
23932.3	24203.1	23950.5	23599	23927.1	
24195.3	24447.9	24096.4	23773.4	24052.1	
24325.5	24434.9	24234.4	23833.3	24015.6	
23856.8	23992.2	23989.6	23674.5	23752.6	
23901	23947.9	23872.4	23427.1	23690.1	
24255.2	24398.4	24283.9	23757.8	24093.8	
24341.1	24369.8	24148.4	23981.8	24208.3	
24419.3	24687.5	24372.4	24062.5	24304.7	
24549.5	24388	24296.9	23856.8	24229.2	
23890.6	24075.5	24005.2	23523.4	23940.1	
23697.9	23622.4	23635.4	23109.4	23604.2	
23520.8	23552.1	23210.9	23109.4	23377.6	
23520.8	23578.1	23593.8	23033.9	23234.4	
23726.6	23979.2	23752.6	23294.3	23682.3	
23757.8	23778.6	23822.9	23268.2	23549.5	
23158.9	23375	23239.6	22729.2	22989.6	
22979.2	23184.9	22890.6	22502.6	22869.8	
22710.9	22765.6	22679.7	22263	22476.6	
22044.3	22281.2	22065.1	21875	22122.4	
20875	21070.3	20916.7	20583.3	20724	
17830.7	17981.8	17747.4	17612	17807.3	
16617.2	16791.7	16645.8	16494.8	16690.1	
20588.5	20716.1	20638	20270.8	20403.6	
22427.1	22479.2	22481.8	21963.5	22362	
22783.9	22841.1	22664.1	22296.9	22466.1	
22960.9	23125	23013	22484.4	22854.2	
23117.2	23255.2	23257.8	22625	22841.1	
23148.4	23291.7	23205.7	22752.6	22976.6	
23286.5	23427.1	23213.5	22903.6	23195.3	
24122.4	24039.1	24044.3	23565.1	23921.9	
24057.3	24296.9	24057.3	23718.8	24054.7	
24002.6	23963.5	23955.7	23408.9	23893.2	
24112	24062.5	23815.1	23450.5	23846.4	
23953.1	24109.4	24002.6	23421.9	23651	
23760.4	23835.9	23822.9	23322.9	23724	
23846.4	23862	23851.6	23440.1	23705.7	
24385.4	24265.6	24169.3	23700.5	23984.4	
24078.1	24138	24044.3	23466.1	23947.9	
23135.4	23177.1	23072.9	22585.9	23054.7	
23442.7	23481.8	23257.8	22875	23294.3	
23981.8	24080.7	23937.5	23536.5	23651	
23825.5	24028.6	23750	23474	23684.9	
23901	24101.6	23820.3	23453.1	23872.4	
24145.8	24255.2	24283.9	23703.1	23974	
23984.4	24187.5	24023.4	23593.8	24033.9	
23895.8	24169.3	23940.1	23380.2	23833.3	
23893.2	24044.3	23976.6	23520.8	23869.8	
23677.1	23773.4	23776	23252.6	23585.9	
23653.6	23854.2	23713.5	23195.3	23466.1	
24023.4	23916.7	23942.7	23442.7	23757.8	
24091.1	24174.5	23932.3	23513	23809.9	
24072.9	24132.8	24033.9	23627.6	23833.3	
23945.3	24257.8	24046.9	23562.5	23908.9	
23979.2	24229.2	23940.1	23606.8	23856.8	
23974	24367.2	24013	23460.9	23901	
24049.5	23953.1	23856.8	23585.9	23906.2	
23942.7	23997.4	23872.4	23518.2	23906.2	
23841.1	23955.7	23815.1	23281.2	23739.6	
23682.3	23950.5	23739.6	23067.7	23518.2	
23763	23794.3	23690.1	23322.9	23557.3	
23778.6	23903.6	23648.4	23268.2	23507.8	
23351.6	23541.7	23255.2	22979.2	23328.1	
22794.3	22997.4	22734.4	22421.9	22734.4	
23328.1	23328.1	23210.9	22942.7	23304.7	
23580.7	23815.1	23609.4	23283.9	23507.8	
23500	23692.7	23526	23239.6	23466.1	
23437.5	23645.8	23447.9	23031.2	23362	
23458.3	23385.4	23349	22966.1	23106.8	
23093.8	23234.4	22885.4	22739.6	22953.1	
23619.8	23674.5	23466.1	23049.5	23354.2	
23447.9	23606.8	23591.1	23085.9	23265.6	
23690.1	23724	23552.1	23130.2	23283.9	
23445.3	23612	23559.9	23156.2	23539.1	
23549.5	23643.2	23505.2	23283.9	23497.4	
23434.9	23583.3	23421.9	22955.7	23427.1	
23440.1	23510.4	23520.8	23304.7	23388	
23487	23619.8	23406.2	23164.1	23403.6	
23481.8	23474	23479.2	22812.5	23343.8	
23226.6	23406.2	23182.3	22849	23153.6	
22794.3	22960.9	22867.2	22395.8	22588.5	
22908.9	23078.1	22815.1	22502.6	22835.9	
23101.6	23263	23140.6	22747.4	23007.8	
23390.6	23307.3	23156.2	22830.7	23109.4	
23317.7	23359.4	23364.6	22794.3	22994.8	
23507.8	23333.3	23388	22911.5	23322.9	
23315.1	23559.9	23294.3	22958.3	23127.6	
23283.9	23260.4	23234.4	22843.8	23140.6	
23143.2	23213.5	23031.2	22697.9	22966.1	
22513	22682.3	22507.8	21968.8	22372.4	
23210.9	22984.4	23065.1	22479.2	22958.3	
23414.1	23520.8	23239.6	22885.4	23294.3	
23291.7	23349	23278.6	23044.3	23036.5	
23294.3	23463.5	23309.9	22846.4	23059.9	
23398.4	23536.5	23362	22914.1	23213.5	
23362	23369.8	23205.7	22966.1	23158.9	
23328.1	23328.1	23346.4	22929.7	23153.6	
23234.4	23434.9	23250	22877.6	23312.5	
23362	23453.1	23278.6	22867.2	23104.2	
23166.7	23244.8	22981.8	22794.3	23000	
22921.9	23041.7	22903.6	22632.8	22645.8	
22984.4	23276	22968.8	22656.2	22987	
23117.2	23520.8	23125	22825.5	23046.9	
23106.8	23171.9	23229.2	22778.6	23000	
22971.4	23005.2	22932.3	22562.5	22794.3	
22885.4	22867.2	22888	22468.8	22833.3	
23239.6	23242.2	23099	22856.8	22994.8	
23151	23242.2	23140.6	22802.1	23112	
23278.6	23205.7	23226.6	22570.3	22854.2	
23122.4	23151	23203.1	22599	22971.4	
22872.4	23000	22963.5	22440.1	22664.1	
22872.4	22903.6	22817.7	22453.1	22789.1	
22395.8	22648.4	22677.1	22109.4	22328.1	
22794.3	22927.1	22737	22239.6	22471.4	
23164.1	23250	23174.5	22703.1	23046.9	
22963.5	23278.6	23135.4	22565.1	22872.4	
23255.2	23338.5	23187.5	22713.5	23093.8	
23075.5	23260.4	23114.6	22750	23088.5	
23101.6	23356.8	23239.6	22687.5	22929.7	
23421.9	23429.7	23492.2	22958.3	23049.5	
23286.5	23622.4	23231.8	22960.9	23135.4	
23286.5	23291.7	23203.1	22796.9	23078.1	
23218.8	23515.6	23260.4	22989.6	23020.8	
23307.3	23591.1	23273.4	22908.9	23250	
23255.2	23307.3	23179.7	22838.5	23078.1	
23325.5	23335.9	23221.4	22625	23028.6	
23208.3	23380.2	23317.7	22911.5	23190.1	
23169.3	23458.3	23156.2	22872.4	23075.5	
23479.2	23481.8	23380.2	22984.4	23273.4	
23427.1	23492.2	23335.9	23072.9	23182.3	
23265.6	23492.2	23434.9	22867.2	23177.1	
23169.3	23296.9	23109.4	22666.7	22979.2	
23343.8	23208.3	23143.2	22859.4	23065.1	
23375	23398.4	23239.6	22960.9	23182.3	
23468.8	23500	23434.9	23096.4	23224	
23638	23721.4	23539.1	23091.1	23289.1	
23635.4	23716.1	23703.1	23187.5	23388	
23625	23812.5	23625	23247.4	23398.4	
23557.3	23645.8	23684.9	23411.5	23593.8	
23669.3	23796.9	23559.9	23390.6	23585.9	
23669.3	23765.6	23687.5	23286.5	23559.9	
23414.1	23653.6	23690.1	23049.5	23401	
23263	23453.1	23291.7	22867.2	23140.6	
23575.5	23875	23515.6	23169.3	23502.6	
23617.2	23630.2	23437.5	23122.4	23395.8	
23572.9	23841.1	23528.6	23083.3	23580.7	
24054.7	24031.2	23778.6	23247.4	23737	
23901	24075.5	23937.5	23398.4	23778.6	
23932.3	24046.9	23929.7	23416.7	23703.1	
24020.8	24166.7	23997.4	23437.5	23773.4	
23916.7	24000	23950.5	23552.1	23786.5	
23807.3	23911.5	23750	23239.6	23643.2	
23606.8	23945.3	23851.6	23257.8	23575.5	
23911.5	24031.2	23908.9	23432.3	23828.1	
23916.7	24257.8	24057.3	23507.8	23898.4	
23934.9	24200.5	24169.3	23609.4	23940.1	
24229.2	24312.5	24114.6	23747.4	24070.3	
24062.5	24151	24161.5	23515.6	23817.7	
24013	24218.8	24083.3	23585.9	23864.6	
23895.8	24085.9	24057.3	23502.6	23851.6	
24190.1	24341.1	24062.5	23726.6	23981.8	
24244.8	24395.8	24132.8	23820.3	24085.9	
24247.4	24554.7	24429.7	23690.1	24203.1	
24299.5	24489.6	24276	23898.4	24044.3	
24231.8	24390.6	24203.1	23661.5	24085.9	
24341.1	24578.1	24145.8	23705.7	24132.8	
24390.6	24468.8	24338.5	24033.9	24234.4	
24273.4	24335.9	24351.6	24000	24151	
24466.1	24518.2	24382.8	23942.7	24325.5	
24471.4	24687.5	24489.6	24104.2	24424.5	
24627.6	24635.4	24531.2	24169.3	24460.9	
24648.4	24893.2	24679.7	24312.5	24653.6	
24786.5	24794.3	24940.1	24338.5	24755.2	
24559.9	24653.6	24614.6	24075.5	24263	
24755.2	25000	24739.6	24247.4	24541.7	
25078.1	25187.5	25075.5	24515.6	24859.4	
25028.6	25140.6	25044.3	24682.3	24869.8	
25119.8	25169.3	25078.1	24455.7	24765.6	
24851.6	24770.8	24807.3	24320.3	24627.6	
25085.9	25265.6	25140.6	24458.3	24942.7	
25429.7	25309.9	25299.5	24971.4	25070.3	
25317.7	25489.6	25184.9	24768.2	25135.4	
25346.4	25627.6	25294.3	24908.9	25208.3	
25289.1	25651	25257.8	24729.2	25221.4	
25114.6	25125	25109.4	24596.4	24885.4	
24908.9	25127.6	24820.3	24369.8	24744.8	
24669.3	24867.2	24708.3	24164.1	24570.3	
25049.5	25164.1	24989.6	24541.7	24708.3	
25599	25692.7	25710.9	24966.1	25468.8	
25849	26148.4	25966.1	25484.4	25856.8	
25955.7	26054.7	25851.6	25565.1	25880.2	
26278.6	26289.1	26099	25703.1	26052.1	
26263	26205.7	26317.7	25744.8	26153.6	
26263	26333.3	26231.8	25648.4	26033.9	
25872.4	26054.7	25697.9	25328.1	25687.5	
26156.2	26226.6	25893.2	25666.7	25989.6	
26015.6	26341.1	26302.1	25794.3	26187.5	
26692.7	26489.6	26539.1	26114.6	26257.8	
26533.9	26645.8	26502.6	25992.2	26481.8	
26630.2	27020.8	26661.5	26273.4	26567.7	
26364.6	26713.5	26390.6	26078.1	26317.7	
23585.9	23744.8	23526	23156.2	23474	
18950.5	18929.7	18760.4	18484.4	18820.3	
19257.8	19359.4	19244.8	18830.7	19067.7	
20000	20153.6	19966.1	19572.9	19919.3	
20971.4	21130.2	21052.1	20541.7	20708.3	
21882.8	22151	21916.7	21718.8	21885.4	
22864.6	23158.9	23088.5	22684.9	23000	
24479.2	24786.5	24411.5	24104.2	24283.9	
25893.2	26091.1	25908.9	25518.2	25750	
27351.6	27612	27335.9	26947.9	27312.5	
26997.4	27067.7	26914.1	26546.9	26822.9	
26380.2	26593.8	26460.9	25849	26312.5	
25718.8	25619.8	25502.6	25117.2	25372.4	
26078.1	26252.6	26119.8	25643.2	25992.2	
25692.7	25968.8	25632.8	25406.2	25718.8	
26682.3	26757.8	26817.7	26179.7	26671.9	
26195.3	26182.3	26099	25750	25830.7	
27424.5	27552.1	27429.7	26802.1	27302.1	
26531.2	26580.7	26453.1	25927.1	26421.9	
28474	28739.6	28369.8	27997.4	28377.6	
27757.8	27960.9	27588.5	27265.6	27513	
28927.1	28966.1	28786.5	28276	28731.8	
29427.1	29609.4	29463.5	28890.6	29213.5	
28549.5	28765.6	28794.3	28020.8	28338.5	
30752.6	30718.8	30468.8	30049.5	30536.5	
30317.7	30273.4	30322.9	29820.3	30237	
30635.4	30955.7	30724	30216.1	30682.3	
32218.8	32369.8	32096.4	31559.9	32101.6	
31281.2	31250	30950.5	30677.1	31044.3	
31867.2	31721.4	31705.7	30994.8	31533.9	
33028.6	33273.4	32908.9	32526	32830.7	
32427.1	32632.8	32520.8	31893.2	32434.9	
33828.1	33981.8	33786.5	33299.5	33812.5	
34778.6	35093.8	34632.8	33968.8	34380.2	
33656.2	33765.6	33328.1	33078.1	33487	
33869.8	34145.8	34106.8	33395.8	33947.9	
35544.3	35513	35369.8	34604.2	35299.5	
35346.4	35476.6	35263	34690.1	35330.7	
34695.3	34669.3	34591.1	33895.8	34294.3	
35809.9	36013	35872.4	35065.1	35507.8	
36140.6	36234.4	36184.9	35213.5	35893.2	
36947.9	36911.5	36789.1	36106.8	36682.3	
38166.7	38234.4	37906.2	37244.8	37765.6	
37502.6	37606.8	37273.4	36786.5	37335.9	
36585.9	36559.9	36528.6	35760.4	36080.7	
36859.4	37192.7	36937.5	36075.5	36664.1	
38041.7	38442.7	37987	37429.7	38044.3	
39731.8	39632.8	39546.9	38940.1	39445.3	
40395.8	40718.8	40343.8	39593.8	40382.8	
39606.8	39809.9	39523.4	38869.8	39515.6	
40919.3	40974	40916.7	40099	40731.8	
42153.6	42244.8	41825.5	41072.9	41903.6	
42718.8	42877.6	42583.3	42013	42273.4	
43291.7	43578.1	42968.8	42489.6	42958.3	
42575.5	42440.1	42520.8	41559.9	42166.7	
44237	44335.9	44270.8	43401	44028.6	
44375	44309.9	44257.8	43453.1	44143.2	
44856.8	45109.4	44700.5	44041.7	44679.7	
47375	47411.5	47002.6	46382.8	47221.4	
47908.9	48117.2	47744.8	47091.1	47710.9	
49476.6	49453.1	49177.1	48390.6	49059.9	
50776	50838.5	50643.2	49763	50390.6	
51270.8	51445.3	50924.5	50244.8	50856.8	
50953.1	51213.5	50778.6	50164.1	50658.9	
52309.9	52335.9	52083.3	51104.2	51979.2	
52901	52770.8	52968.8	51710.9	52674.5	
52117.2	52460.9	52362	51315.1	52010.4	
51502.6	51455.7	51304.7	50333.3	51177.1	
52247.4	52351.6	52044.3	51156.2	51937.5	
54190.1	54562.5	54333.3	53224	53927.1	
55955.7	56085.9	55955.7	54953.1	55734.4	
56718.8	56786.5	56390.6	55609.4	56419.3	
55489.6	55875	55411.5	54645.8	55398.4	
55018.2	55304.7	54658.9	53971.4	54927.1	
55023.4	55000	54812.5	53953.1	54864.6	
57166.7	57369.8	56809.9	55968.8	56880.2	
58166.7	58067.7	58005.2	56760.4	57640.6	
57575.5	57580.7	57588.5	56437.5	57330.7	
60932.3	60955.7	60895.8	59648.4	60786.5	
61416.7	61338.5	61106.8	60083.3	60989.6	
59018.2	59153.6	58812.5	57890.6	58705.7	
61544.3	61695.3	61726.6	60463.5	61325.5	
63380.2	63296.9	63013	61901	62950.5	
60875	61109.4	60992.2	59994.8	60651	
59570.3	59783.9	59489.6	58466.1	59166.7	
63515.6	63888	63453.1	62528.6	63205.7	
65953.1	66398.4	65802.1	64578.1	65966.1	
65815.1	65968.8	65645.8	64471.4	65455.7	
66669.3	67255.2	66789.1	65653.6	66346.4	
68679.7	68507.8	68354.2	67338.5	68026	
65572.9	65914.1	65398.4	64497.4	65093.8	
64994.8	64893.2	64453.1	63664.1	64411.5	
69497.4	69601.6	69247.4	68335.9	69247.4	
71690.1	71796.9	71221.4	70289.1	71226.6	
71559.9	71640.6	71351.6	70049.5	71044.3	
69226.6	69447.9	68843.8	67640.6	68888	
71614.6	71619.8	71484.4	70270.8	71007.8	
70151	70057.3	70192.7	68505.2	70218.8	
72606.8	73234.4	72742.2	71601.6	72750	
76927.1	77158.9	76807.3	75218.8	76546.9	
79096.4	79231.8	78794.3	77776	78799.5	
80395.8	80382.8	80322.9	78976.6	79872.4	
79796.9	80020.8	79630.2	78046.9	79518.2	
79515.6	79216.1	79153.6	77648.4	78898.4	
77260.4	77216.1	77145.8	75617.2	76869.8	
78364.6	78471.4	78390.6	77091.1	78257.8	
82627.6	82914.1	82578.1	80783.9	82161.5	
84786.5	84958.3	85062.5	83304.7	84283.9	
85656.2	85778.6	85138	83765.6	84841.1	
86039.1	86375	86205.7	84497.4	85843.8	
87151	87127.6	86859.4	85645.8	86828.1	
87049.5	87234.4	87088.5	85388	86635.4	
85385.4	85851.6	85276	84078.1	85070.3	
86151	85893.2	85515.6	83742.2	85468.8	
88713.5	88421.9	88539.1	86585.9	88065.1	
89197.9	89169.3	89106.8	87599	88822.9	
90315.1	90278.6	90143.2	88724	89846.4	
90869.8	91585.9	91395.8	89565.1	90846.4	
91807.3	91599	92033.9	90239.6	91765.6	
93434.9	93505.2	92822.9	91687.5	93341.1	
94122.4	94424.5	93945.3	92526	93945.3	
94645.8	94328.1	94612	92617.2	94270.8	
95276	95031.2	94643.2	92958.3	94531.2	
96401	96645.8	96289.1	94789.1	96002.6	
98377.6	98171.9	98197.9	96666.7	98007.8	
98526	99023.4	98145.8	96617.2	98541.7	
100477	100404	99713.5	98070.3	99562.5	
100945	101060	100703	99468.8	100737	
100836	101052	100578	99247.4	100279	
100245	100964	100547	99299.5	100492	
103458	103398	103086	101591	103227	
104919	104443	104513	102560	103870	
103690	103867	103406	101961	103057	
104297	104201	104047	102487	103961	
105760	105901	105208	103656	105122	
106271	106378	106083	104323	105880	
107005	107148	106354	105036	106135	
109141	109391	108615	107201	108594	
109958	109911	109490	108214	109490	
110812	110727	110570	109010	110284	
111424	111562	111195	109422	110844	
112490	112328	112143	110557	111979	
113341	113102	113078	111526	112914	
114417	114747	114031	112172	113682	
115734	115487	115292	113404	115549	
116583	116516	116581	114930	116188	
116500	116328	115839	114034	115802	
117945	118049	117490	115779	117172	
118190	118688	118326	116432	117677	
118109	118305	117898	116581	117523	
120143	119943	119706	117846	119664	
121802	121901	121349	119534	121318	
122891	122794	122503	121102	122492	
123310	123414	123060	121422	122984	
124305	124117	124057	122607	123573	
124453	124570	124346	122604	123773	
123758	123776	123815	121674	123604	
127776	128081	127698	125885	127128	
128740	129302	128589	127062	128904	
128422	128367	128159	126112	127742	
127766	128115	127714	126034	127370	
126443	126435	126089	124115	126005	
128971	129000	129224	126555	128143	
131695	131016	131552	129286	131078	
134219	133992	133839	131982	133943	
134219	134208	133990	132083	133547	
135693	135844	135404	133617	135273	
137062	136367	136286	134698	135977	
136469	136698	136273	134159	135870	
137867	137484	137750	135740	137102	
137404	137760	137802	135083	137497	
136336	136068	135727	133698	135430	
133359	133591	132883	131260	132956	
136714	136570	136391	134138	136138	
139255	138768	139333	137034	138641	
143052	143177	143016	141107	142927	
143688	143688	143305	141672	143083	
144026	144008	144216	141656	143536	
144219	144268	143635	142323	143690	
145557	145227	145060	142875	144497	
145865	145602	145380	143734	145195	
142461	142188	142188	140521	142182	
134135	134255	133844	131695	133500	
131865	131841	131758	129763	131013	
126958	126451	126266	125076	126401	
130458	129930	129677	128161	129544	
127536	127891	127133	125979	127245	
119766	120326	119844	118375	119417	
122641	122841	122617	120826	121909	
125135	125068	124620	123112	124151	
115346	115474	115167	113654	115419	
133667	132971	132828	130964	132781	
132635	132695	132521	130930	132216	
130055	129891	129701	128109	129156	
127432	128039	127333	126221	127260	
113862	113875	113747	112206	113484	
105388	105768	105497	103898	105117	
132510	132578	132570	130922	132211	
138620	138388	138745	136086	138487	
120013	119758	119859	118083	119464	
119411	119299	119070	117633	118544	
129924	130240	129872	127919	129622	
135221	134711	134526	133102	134536	
133203	133117	132922	130872	132622	
130333	130117	129633	128026	129589	
121685	121503	121234	120005	121047	
137232	137435	137203	135461	136734	
134180	134151	133888	132245	133604	
133904	134203	133766	132352	133466	
148643	148831	148359	146562	148161	
156625	156555	156089	154315	155547	
167065	166542	166518	164026	166214	
176482	176523	175982	173826	175987	
179469	180263	179453	177521	179258	
173659	173635	173469	171398	173141	
173341	173305	173078	170930	172909	
178107	178565	177714	175331	177630	
183753	184029	184307	181380	184000	
182169	182078	181875	179497	181422	
173062	172854	172482	169940	172503	
183188	183297	182862	180721	182326	
175664	175865	175484	172841	175560	
180052	180469	180547	178068	179964	
187242	186737	185977	184227	186323	
170724	170995	170776	168130	170552	
152354	152935	152331	150854	151667	
143547	143747	143260	141763	142763	
163401	162268	162154	160484	162086	
181695	181682	181669	178904	181357	
165719	165714	165490	163539	164659	
165492	165305	164927	163388	164911	
168547	168630	168997	166576	168500	
165810	165969	165703	164081	165565	
173651	173974	173112	171612	173201	
183570	183943	183552	180914	183049	
187057	187651	187448	185068	186914	
183034	182279	182445	180154	181859	
155417	155979	155440	153625	155130	
167466	167440	166875	165292	166930	
194326	194211	193979	191846	193435	
185885	186279	185836	184049	185302	
193833	194174	193797	192034	193641	
193654	193760	193010	190708	192680	
187242	187232	187513	185497	187331	
186711	186182	186174	184154	185987	
170115	170469	169831	167995	169602	
197888	198289	197659	195203	196914	
209680	209896	210193	207622	209698	
204258	204586	203810	201807	203583	
210745	210292	210667	208419	210336	
193799	194195	193680	192172	193438	
194951	195771	195396	192695	194487	
170596	170526	170510	168701	169969	
169302	169583	169674	167664	169326	
199388	199010	198849	196753	198695	
210195	209922	210344	207841	209409	
211995	212500	211604	209740	211599	
226503	226648	226906	224414	225688	
230430	230625	230328	228065	230049	
209331	208969	208323	206570	207924	
201438	201521	200956	198893	200927	
184706	185177	184784	183143	183992	
189971	190411	190273	187828	189185	
202904	202576	202552	200740	202255	
212357	211982	211909	209635	211500	
234594	234229	234112	231266	233484	
239690	239667	238878	236578	238539	
226589	226914	226688	224766	226305	
227042	227232	227281	224966	226380	
205573	206047	205438	203026	204560	
214612	214940	214258	212094	213677	
236841	236643	236078	233753	236234	
235750	235602	235302	233271	235297	
218745	218513	218422	216448	217826	
222458	222542	221964	219656	221846	
230260	230680	230289	228174	230065	
245174	244888	244438	242133	244380	
241565	242260	241555	238779	240674	
231036	231253	230443	228294	229781	
231622	232492	232052	229724	230698	
251703	251997	252143	249651	250924	
266076	266013	265807	262794	264839	
267354	267617	266935	264237	265964	
267073	268349	267315	264479	266901	
258396	258331	258138	255786	258094	
268688	268339	268240	265823	268190	
273057	272924	272924	269677	272352	
271878	271893	271352	268276	270052	
265326	265388	265180	262617	264445	
269859	269443	269180	266430	268255	
280747	280029	280250	277518	279086	
291659	291315	290872	288487	290693	
294849	294969	295034	291859	294255	
295490	295518	294510	291987	294193	
296214	295815	296044	292740	295151	
283714	283677	283721	280578	282740	
291003	290529	290852	287344	289849	
293982	294049	293677	291044	293245	
285047	285438	284820	282255	284180	
284208	284237	283755	281654	282909	
292698	292742	292279	289453	291422	
293398	293167	292815	290219	292211	
293651	293453	293341	290961	292596	
290122	290510	290625	287406	288872	
298094	298297	297773	295021	296365	
298875	298292	298008	295734	297201	
293344	292625	292443	289992	292003	
295203	295357	294836	293042	294693	
297159	296951	297331	294432	296203	
303013	302672	302469	299250	302164	
308849	308688	308714	305969	307875	
301745	301747	301076	298250	300961	
310453	310654	310557	307904	309404	
315536	315599	315523	312961	313969	
318318	318938	318688	315018	317708	
321573	322000	320547	318466	320776	
322578	322089	321909	319112	321057	
323549	324214	323609	320557	323279	
328992	328969	328568	325456	327708	
322612	322906	322487	320091	321979	
315661	315354	315401	312536	315070	
319958	319865	320388	316797	318810	
317359	316979	317344	315076	317034	
316711	317016	316901	314112	315586	
312872	312607	312357	309328	311971	
316727	318216	316682	314589	315919	
324198	324737	324784	321430	323961	
326701	326104	326427	323500	325708	
329633	330047	329031	326250	328307	
330669	330354	330122	327771	330221	
337909	337680	337576	334469	336625	
335667	334599	334464	331523	333633	
338852	339018	338747	335148	338031	
346411	346172	346359	343219	345935	
344826	344747	345154	342010	344076	
343419	344044	342315	340115	341893	
344583	344786	344552	341927	344232	
335615	335250	335128	331964	334503	
336406	336000	334945	332669	335221	
349148	350036	348922	347177	349107	
345458	346078	345190	342109	344646	
341008	340240	340089	338219	339370	
351695	351596	351307	348258	350430	
353430	353523	352888	351135	351779	
355953	355174	354758	352401	354047	
346758	347443	346672	344349	346607	
344023	344078	343112	340779	342378	
353357	352945	352833	349932	352102	
360240	359424	359661	356242	358737	
363807	363393	363365	360487	362247	
365529	365099	365294	362750	363729	
363938	363859	363536	360255	361883	
367935	368138	367771	364695	366917	
369714	370023	370570	367367	369294	
371599	370422	370292	367464	369464	
372359	372268	372479	369966	372536	
373852	374583	373938	370888	372951	
369010	369115	368633	366023	367753	
370461	370932	370211	367698	369617	
372396	373159	371909	369651	370995	
365654	366151	365867	362786	364810	
367799	367174	367201	364737	366810	
373359	373914	373417	370604	372464	
377844	377188	377221	374284	376846	
380776	380732	380672	377948	379583	
382568	382995	381727	379482	380862	
382896	383404	382674	380711	382161	
384622	384315	384859	380943	383680	
385281	385510	385208	382510	384008	
386737	385422	385841	383193	384352	
383646	384302	383422	381323	383320	
374615	374375	374872	370865	372859	
381492	381729	381669	377513	380792	
387620	386909	386948	383357	385997	
388138	387911	388997	385464	387299	
390000	389990	390398	387065	388365	
391505	391562	391484	388383	390409	
391635	391380	391706	388445	391167	
389354	388927	389266	385883	388380	
390490	390076	390232	387320	388583	
390372	390464	389810	387031	388951	
392112	391641	390773	388641	390260	
394721	393453	393828	391276	392560	
394737	394497	394951	391737	393854	
393107	393182	392167	390656	392151	
396133	395883	395250	393625	394870	
398148	398104	397898	395086	397138	
399198	398729	398948	395641	397724	
399935	399896	399503	396870	399469	
399336	399263	398919	395495	397557	
393818	393388	393555	390721	393008	
395039	394820	394781	391409	394487	
382984	383273	382701	380487	381786	
387188	386693	387237	384206	385891	
395815	396013	394846	392430	394708	
398263	398339	397896	394661	396771	
401055	400792	399573	397323	399714	
403380	402612	402799	399771	402495	
403711	404021	402732	400880	401982	
401294	401521	401268	399500	400417	
398654	398141	398284	395406	396688	
400891	401008	401122	397708	400750	
396818	396935	396445	394049	395938	
385133	385286	385013	382383	384667	
397896	398594	397661	395042	397445	
403021	402547	401508	399273	401484	
404156	404286	403586	401234	403471	
407401	407177	407521	403659	406107	
408885	408703	408659	405547	407102	
408656	408721	407938	405555	407320	
402706	403198	402479	400354	402276	
400878	400906	400734	398208	400115	
400380	399359	400081	397362	398979	
405362	406198	406128	403245	405401	
408807	408768	408023	406255	407784	
408781	408583	408698	405669	407755	
400188	399898	399703	397102	399219	
406701	406424	405997	403984	405242	
411229	411258	410911	408242	409612	
413982	413854	413607	410747	412357	
414971	414237	414701	411417	413284	
415701	415711	415193	412672	414643	
414560	415628	414451	412349	413979	
415607	415346	414049	412451	413591	
416026	416438	416453	413401	414750	
414464	415221	414349	411523	413974	
410479	410807	411185	407648	409534	
412742	412219	412617	409987	411401	
416112	416893	416435	413128	414513	
416888	416203	416628	412753	415206	
416677	416612	416206	413047	415357	
413698	413562	413719	410721	412617	
406935	406706	406253	403766	405141	
411844	411464	411737	408956	410461	
412943	412331	412201	408628	411255	
411971	412062	411732	408286	410771	
414719	414945	414422	411737	413414	
415174	415578	414812	412234	414091	
415987	415307	414924	412401	415023	
415021	415346	415190	411852	413875	
411102	411635	411534	408659	409591	
407828	407576	407518	404198	406167	
413602	412732	413224	410177	412758	
413495	413867	414078	410633	412930	
407456	407781	406714	404193	406331	
412466	412375	412471	410117	411852	
416651	415867	415680	413607	415383	
416534	415857	415721	413297	415453	
416581	416495	416490	413643	415086	
416167	415958	415633	412466	415013	
410573	410565	410378	407495	409513	
406049	406357	405656	402919	404492	
398711	398841	398672	395156	397609	
404953	405148	404578	402117	403682	
408083	407724	407682	404451	405854	
408336	408680	408802	405953	408404	
399786	400214	400229	397495	398688	
330385	331008	330320	327753	329828	
232508	232474	232557	230305	231380	
180198	179831	179661	178484	178802	
155755	155995	155807	154935	155003	
124510	124508	123927	123323	123549	
97851.6	97903.6	97455.7	97171.9	97770.8	
81203.1	81645.8	81375	80833.3	81234.4	
71330.7	71648.4	71557.3	71000	71343.8	
68492.2	68770.8	68424.5	68096.4	68312.5	
68679.7	68747.4	68440.1	68237	68270.8	
76013	76203.1	76273.4	75489.6	75716.1	
84559.9	84419.3	84421.9	83862	84260.4	
102641	103034	103281	102341	102375	
125096	125411	125302	124383	124826	
156349	156815	156500	155484	156352	
191201	190951	190938	189383	190490	
278695	278146	277661	275979	277909	
304802	304997	304521	302453	303714	
256924	256268	256229	254724	255958	
243510	243557	242997	242078	243188	
190539	190724	190370	189086	189792	
203409	203195	203237	201677	202974	
178167	178214	178344	176635	178018	
157828	158255	157737	157026	157680	
194086	194404	193760	192742	194125	
150414	150773	150357	149526	150062	
174859	175622	175326	173719	174750	
197557	197365	197078	195719	197076	
152591	153589	152711	151518	152641	
202909	202880	202872	201398	202674	
213578	213216	212854	212573	213294	
168182	168284	167792	166982	167523	
228404	228263	227549	226635	227013	
242471	242365	242398	240810	241971	
190234	190865	190698	189190	189880	
246141	247016	246380	244565	246339	
281591	280880	280867	279362	279776	
223622	224557	224060	222122	223208	
253961	254112	254427	252240	253143	
313995	314232	314135	311932	313237	
274240	273693	274229	272076	273784	
258372	258474	257771	256516	257068	
317893	317898	317146	315568	316753	
320685	320742	320622	318630	319648	
273734	273651	273258	271682	272878	
306094	306060	305977	304039	305159	
353482	353740	353552	350857	352367	
326312	326638	326424	324331	324977	
306651	306924	306323	304448	305810	
355732	355628	355464	352846	354682	
377643	377974	377904	374714	376857	
353531	352849	352211	351211	352404	
347323	347401	346518	344094	345576	
383753	383133	382932	381344	382471	
398648	398177	397182	395654	397172	
379724	380049	379974	377633	378477	
373266	372339	372237	369974	371383	
393760	393120	393021	390911	391583	
398633	398792	398635	396688	397469	
393797	393977	393643	391039	393297	
385771	386023	385357	383490	385305	
402576	402365	401984	399391	401190	
409490	409833	409557	407247	408766	
404505	404117	404443	402102	403635	
392336	392156	392109	389630	391292	
391953	391805	391414	388911	390315	
402008	401112	401422	398880	399654	
409466	408930	408698	405609	407698	
404513	404039	403510	401201	402633	
402487	403143	402763	400685	402526	
398956	398307	398076	395456	397591	
406560	406096	405591	403487	405352	
413995	412974	413490	410565	412359	
413943	412971	413534	410779	412146	
416484	416602	415865	413727	415039	
419750	419448	418656	416701	418320	
420406	420362	419729	417753	419576	
417378	417138	417297	414266	415987	
409698	409352	408680	406133	408159	
409042	409742	409010	406831	407810	
407052	407130	406802	404104	406299	
401383	401112	401115	398016	399352	
407250	406828	406557	403984	405958	
411667	411203	411531	409034	410060	
411552	410974	411094	408914	410404	
412664	412602	412451	409794	411422	
409878	410039	409951	407318	409378	
410281	410771	409943	407727	409812	
412826	413138	412297	410135	411820	
409417	409273	409570	407122	408289	
408253	408344	407492	405727	406737	
413435	413500	413521	410635	412516	
414716	415521	414594	412576	414031	
414289	414333	414466	411578	413458	
415878	415195	415893	412299	414521	
417815	417396	417661	414760	416698	
419227	419893	419219	416573	418276	
419594	419654	419445	417159	418396	
420190	419495	419638	416948	418359	
415443	415812	415370	412771	414599	
409089	408773	408763	406336	408042	
413935	413883	413503	411279	412711	
413932	413789	413385	411031	412201	
406638	407365	406589	403836	406422	
399117	398497	398039	395581	396979	
405758	405773	405638	403221	405070	
409758	410807	409578	407344	408922	
412943	413177	412659	409549	411547	
412862	413586	412682	410305	411839	
413784	413893	413513	411396	413062	
415055	415086	415000	412839	414201	
413573	413258	413029	410323	411771	
411982	412099	411885	409648	411258	
415068	414536	414211	411773	413344	
415464	415669	415487	413117	414177	
416060	416219	416312	413690	415164	
418078	417302	417661	414878	416581	
418987	418945	418156	415721	417466	
419622	419125	418448	416919	417727	
415672	414984	415289	412286	414461	
411044	411872	411128	409372	410281	
409529	409219	408932	406531	408198	
408667	409695	408880	406568	408250	
412945	413318	412753	411401	412982	
414354	414349	414216	411461	413339	
405990	406159	406227	403193	404630	
404740	405482	404643	402573	404359	
411922	411745	411263	409221	410224	
414367	413971	413474	410901	412266	
415117	414471	414008	411648	413651	
412320	412867	412286	409534	411302	
405258	405497	405458	403247	404190	
408148	407581	407789	405747	406724	
411211	411479	411346	409065	410128	
412312	412167	412333	410357	411260	
412820	412294	412612	409932	411375	
411195	411784	410357	408737	409969	
405117	404818	405349	402922	403888	
403807	404523	403547	401029	402604	
404375	403940	404547	401495	403083	
408794	408677	408065	405130	407438	
411271	410615	410474	408148	409810	
412924	413102	411682	410227	411849	
412703	412617	411779	410021	411271	
408117	407891	408068	405615	407333	
409516	409583	408971	407018	407909	
406310	406930	406216	404078	405682	
407747	407490	407958	405174	407057	
409794	410549	409859	407737	408971	
411495	411268	411570	409318	411060	
412240	412000	411318	408786	410849	
410953	412026	411682	409326	411167	
411180	412115	411427	409195	411005	
410490	410250	411237	408214	409505	
411320	410969	410073	408307	409776	
410549	411159	410086	407901	409724	
410799	410703	410396	407880	409891	
409888	409753	408615	406747	408167	
410721	409792	410091	407195	408529	
410086	409799	408914	406659	408745	
403958	404323	403482	401258	402880	
395568	396451	395833	393367	395544	
401115	401753	400948	398656	399849	
398211	398661	397745	395557	397010	
400208	400745	399956	397240	398870	
405018	405240	404745	402208	403818	
407078	407005	406094	404367	405956	
408253	408401	407995	405198	407253	
407688	407990	407945	404688	407201	
407872	408693	407534	405672	407234	
408443	408641	408201	405888	407211	
409378	408727	408409	405927	407250	
407255	407266	406620	404411	406388	
402456	402167	402495	399237	401068	
404531	404245	403904	402104	403008	
405086	405240	404815	402115	404128	
402370	402906	401940	399867	400880	
400919	401026	401042	399497	400320	
403630	403349	403023	401305	403042	
405104	404221	404849	402862	403445	
404292	404115	403734	401654	402641	
403164	402424	402607	400354	401435	
402755	403023	402534	399737	401695	
400362	400771	400130	397174	399880	
398742	398633	398234	395503	397201	
401414	401198	400440	398253	400211	
400646	400914	399896	397719	399792	
397305	397734	396685	394161	396758	
398805	398914	398682	396086	398034	
398919	398677	398495	396198	397193	
397602	397664	397286	394578	396542	
389966	389875	389263	386935	389122	
389826	390659	389326	387432	389057	
392581	392484	392078	389740	390898	
388161	388302	388372	385982	387398	
388562	388023	387328	386120	386310	
393000	392435	392305	390151	392932	
393292	393734	393055	390185	392253	
390141	390505	389880	387841	389615	
390622	390677	389391	387445	388906	
391279	391495	391555	388523	389904	
389049	388977	389492	386680	387909	
385542	385255	384888	383406	384214	
383135	382995	382695	380281	381477	
376479	376487	376068	374469	375401	
373505	372471	372677	370589	371784	
384779	384971	384380	381846	383781	
389164	388497	389177	386333	387617	
381721	381281	381333	379880	380349	
373193	374362	373799	371161	372958	
379471	380065	379242	378021	378896	
388568	388565	388214	385859	387695	
390870	391443	390836	388536	390260	
383497	383672	383276	381076	382716	
373794	374112	373497	372247	372427	
377417	378167	377521	375073	377120	
379263	378990	379185	377203	378260	
380794	381193	380716	379263	380112	
380115	380003	379646	378057	379203	
373823	374708	373378	371922	373266	
368130	368385	367724	366245	367258	
370206	371174	370055	367841	370044	
369128	368984	368482	366701	367198	
375240	375760	375253	373036	374125	
372969	373185	373156	371148	372510	
374172	374302	373484	371133	372448	
378716	378253	378602	376224	378034	
373115	372708	372901	369979	372255	
367914	367771	366630	365279	367021	
368495	368060	368018	365568	366888	
364729	364432	364036	361854	363036	
372023	371268	371534	368969	370531	
377031	376721	377180	374018	375964	
370062	369370	368833	367341	368703	
367104	366867	367078	364815	366234	
373273	373120	372935	370305	372029	
373581	372885	371872	370859	371904	
372745	371943	371609	369544	371094	
367854	367302	367599	364815	367297	
362958	363565	362862	361034	362297	
363292	364141	363320	360661	362185	
368878	369320	368721	366482	367768	
372016	372810	372294	370536	371740	
369456	369641	370633	367299	369068	
371518	371372	371182	368932	370596	
371440	371745	371172	369331	370721	
372755	373122	372940	370695	372115	
372268	372156	372143	370508	371753	
365479	366115	366021	363555	365286	
359766	359909	358938	356737	358547	
352982	352867	352383	350281	351539	
348484	348685	347708	345721	347281	
347310	347060	346695	345120	346060	
355706	355956	355555	352557	355232	
362307	363286	362885	360201	362049	
359646	359786	359341	357271	359354	
360211	360156	360490	359003	359773	
359669	360255	359174	356938	358273	
360878	361438	360396	358630	360451	
364654	364531	364159	361885	363232	
363984	364654	363464	361198	362961	
365544	366216	364844	363341	365727	
366872	366591	366070	363768	365526	
365372	365268	364857	362508	364102	
364068	364203	363870	360948	362742	
366719	366281	365958	363701	365852	
362547	363375	362281	360307	362042	
358922	358844	358930	356781	358115	
359880	359367	359440	356490	358466	
358773	359086	358612	356992	358198	
362346	362375	361362	360432	361583	
360320	360484	360375	358151	359938	
360529	361029	360289	358143	359875	
358435	358779	358260	356065	358003	
356443	356406	356487	354549	355271	
357521	358008	357492	355542	356477	
348826	349424	349044	346857	348688	
334823	336018	335664	333026	334833	
336495	336672	335734	334245	335260	
344299	343888	343633	341826	342862	
344534	344198	344190	341599	343750	
343872	344247	343576	341823	343219	
336802	337596	336729	335378	336518	
324664	324365	324602	322578	323500	
332555	332518	331948	330607	331714	
333182	333104	332143	330638	332221	
325661	325099	325021	323281	325211	
316365	315727	315742	313966	315076	
318622	319130	319203	316432	318617	
320331	319784	320042	317758	319112	
317326	316971	316659	315490	315703	
315602	315680	314854	313422	314581	
310120	309656	310159	307536	308977	
304438	304315	304427	302081	304081	
297922	296948	297896	295190	296643	
293643	293190	293760	291823	293495	
289620	289602	289250	288104	289133	
282284	280763	280654	278583	280375	
278216	278258	277667	275997	276969	
281138	280589	281594	279539	280388	
281125	281266	281370	279398	280807	
277375	277961	277266	274888	277057	
271227	271602	271560	269951	271122	
267672	268018	267904	266073	267237	
267471	267279	267591	265591	266753	
265354	264826	264940	263352	264745	
260992	260977	260958	259555	260477	
256656	256685	256404	254461	255844	
250135	249445	249591	248260	249656	
244326	243984	243948	242508	243938	
237419	237148	237255	235924	237016	
4367.19	4377.6	4380.21	4375	4380.21	
4335.94	4341.15	4338.54	4341.15	4341.15	
4333.33	4333.33	4330.73	4330.73	4328.12	
4322.92	4322.92	4333.33	4335.94	4322.92	
