3296.66	3294.7	3300.59	3296.66	3290.77	
3265.23	3278.98	3267.19	3269.16	3275.05	
3267.19	3267.19	3257.37	3267.19	3271.12	
3259.33	3269.16	3261.3	3263.26	3263.26	
201637	202071	202754	202914	203165	
204709	204914	205336	206224	206375	
204120	204525	205250	205544	205442	
208664	208972	209110	209568	209615	
208896	209228	209959	210306	211138	
210236	210328	211187	211308	211326	
208371	208902	209360	209857	209764	
206727	207171	207888	208161	208499	
213084	213104	214244	214574	214890	
217749	217660	218747	218821	219196	
218348	219049	219843	220253	220163	
218733	219470	220379	220367	220418	
215646	215978	216807	216886	217039	
212458	213507	213774	214088	214589	
217424	217959	218731	218853	219069	
221246	221721	222222	222167	222493	
220228	220542	221043	221303	221599	
214538	214703	215686	215739	216817	
216582	216900	217829	218257	218297	
224703	225232	225937	226145	226328	
226283	226919	227521	227558	227674	
226658	226483	227821	227727	227892	
224835	225016	225857	226257	226028	
218945	218870	219442	220599	220507	
218804	218760	219428	219843	220291	
225992	226200	226912	227418	227853	
225110	224990	226031	225965	226668	
221806	221841	222802	222815	223365	
224802	225582	226145	226505	226864	
226870	227177	228138	228511	228737	
222149	222358	223126	223530	223666	
216849	217157	217619	218167	218501	
225320	226558	226358	226705	226745	
229383	229646	230582	230955	230972	
226919	227996	228479	228597	229075	
224623	225271	225640	225800	226283	
224662	225026	225617	225697	226365	
224908	225582	226232	226301	226578	
222460	222770	223417	223719	223601	
226116	226238	227043	227316	227878	
231033	231648	232151	233049	232171	
228538	228976	229448	229935	230332	
225507	226002	226605	227112	227387	
225959	225809	226733	226929	227051	
232694	233224	233741	234002	234489	
235473	236371	236760	237281	237342	
235719	235914	236713	236914	237694	
230686	230943	232081	231927	232479	
223862	224216	224758	224709	225426	
212246	213132	213890	214096	214289	
212886	213130	214354	214882	215069	
226369	226446	227159	227786	227921	
234532	234821	235629	235560	235813	
240448	240845	241432	241697	241806	
243263	243707	244886	245035	244784	
245306	245709	246650	247122	246986	
247676	247971	248442	248727	249338	
246084	246187	246650	247646	247925	
246460	247051	247927	247568	248699	
246269	246603	247383	247251	247782	
242118	242784	243159	243316	244177	
233536	233853	234589	235151	234870	
227843	228106	228906	229114	229560	
234713	235051	235534	236228	236322	
244084	244409	245012	245617	245849	
248194	248540	249287	249642	250153	
246994	247424	248155	248650	248318	
248959	249024	249843	250053	250678	
247745	248279	249033	249106	249527	
251185	251953	252293	252646	253143	
251534	251684	252094	252550	252835	
247061	247147	248079	247859	248642	
246527	247768	247794	248108	248193	
251633	251880	252780	252680	253157	
253395	253906	254680	254658	255503	
255000	255479	255825	256405	256499	
253572	254250	254473	255509	255088	
248690	249933	250528	250440	251308	
245800	246230	246501	247878	247735	
243497	243637	244517	244458	245191	
244562	245240	245644	246059	246572	
248322	249234	249972	250607	250654	
248191	248360	249544	249098	249992	
241929	242719	243069	243279	243548	
238990	239635	240141	240505	241611	
235530	236232	236680	237202	236935	
229984	230542	231173	231589	231774	
213165	213379	214352	214534	214943	
173711	174299	174448	174690	174670	
159688	159692	160356	160965	160821	
210727	211395	212305	211929	211939	
235263	235719	236306	236642	237130	
239599	239959	240517	240721	240456	
243143	244004	244613	244417	245112	
246548	246556	247817	247739	247980	
246623	246978	247426	248444	248059	
249004	248959	249792	250159	250438	
259407	259363	260240	260870	261277	
261340	261169	262640	262393	262843	
259028	259183	260407	260713	260387	
259151	259301	260487	261350	261432	
260277	260436	261595	261534	261804	
258090	258409	259442	259648	260004	
259644	259949	260711	260831	261255	
264236	264699	265267	265395	266075	
262585	262501	263222	263299	264206	
251102	251823	252464	253086	252695	
255022	255479	256267	256281	256640	
264369	264910	265597	266153	265806	
262900	263670	264580	264878	265360	
265244	265668	267028	266583	267246	
269316	269499	269747	270582	271212	
268817	269110	269682	270250	270316	
266656	266770	268053	268578	268485	
267859	267967	268692	269375	269827	
265145	265672	266967	267159	267251	
265395	265888	266489	266861	267756	
270591	271124	272196	271872	273077	
270798	271764	272363	272568	272664	
272558	273277	274118	274766	274713	
273301	273560	274807	274862	275248	
273576	273377	275385	274853	275703	
274607	275442	275982	276124	276320	
274552	275365	275695	276562	276902	
274536	275118	276049	276741	276519	
273961	274328	275546	275745	275750	
273650	274538	275098	275332	275426	
274242	274880	275560	275525	276497	
274605	275102	276047	275925	276750	
270953	270959	272065	271972	272236	
262680	263216	264273	264648	264947	
269898	269984	271122	271672	272167	
276065	276912	277210	277806	277845	
275259	275939	276774	276955	277538	
275342	275501	276723	276472	277344	
273715	274102	274996	275314	275760	
269912	270194	271240	271098	272157	
277768	277409	278358	278259	279165	
278336	278770	279607	280318	280589	
279540	280615	281198	281493	281479	
280175	280501	281837	282305	282350	
279937	280367	280570	281637	281833	
280039	279839	281045	280917	281611	
280228	280809	281501	282299	282096	
280371	281212	281980	281996	282815	
279585	280613	281310	281552	282104	
277411	278018	278831	279061	279499	
271725	271729	272972	273886	273591	
273430	274900	274972	275741	276055	
278766	279310	280428	280031	280827	
279006	279758	280438	280904	281216	
280735	281424	282365	282562	282593	
281833	282167	283045	283053	284088	
281998	282635	283554	283872	283782	
282819	283061	284151	283729	284682	
278676	279053	280348	280417	280839	
270008	270780	271513	272031	271908	
279713	280454	280892	281200	281868	
283546	284157	285208	285041	285354	
284646	285289	285485	286033	286764	
285379	285261	286361	287012	287153	
285477	286273	286623	287208	287320	
285424	285809	287326	287344	287772	
286033	286460	287090	287711	287886	
286185	286996	287750	287552	288806	
286318	286326	287159	287426	288000	
283379	283572	284528	285108	285173	
280301	281415	282104	282293	282959	
283548	284033	284900	285222	285193	
285941	286383	287554	287849	288077	
286542	286597	287690	287800	287904	
282106	282955	283933	283953	283800	
282045	282666	283108	283513	283953	
286088	286041	287550	288397	288159	
286969	286676	287758	287521	288257	
286450	286660	287289	287591	288521	
284788	285088	286035	286829	287173	
281965	282306	283680	283967	283790	
280929	281754	282786	282721	283069	
275705	276228	276631	277234	277417	
280220	280894	281747	282079	282226	
284900	285692	285982	286711	286766	
284033	285279	286049	286049	286587	
288196	288715	289065	289792	290000	
286090	286240	287138	286974	287786	
286057	286387	286910	287872	288287	
288835	290057	290377	290827	291415	
289479	290662	291401	291868	291825	
288185	289367	289933	290112	290527	
288417	288572	289933	289697	290379	
289589	290395	290352	291138	291525	
287717	288275	289336	289479	289931	
287291	287898	288737	289165	289306	
288664	289267	290299	290735	290878	
287621	288678	289383	289896	289318	
288346	289578	290141	290426	291214	
289167	289652	290988	290935	291695	
288764	288959	289401	290631	290772	
285059	285943	286699	286750	287568	
286275	286609	287310	287495	287413	
288348	289228	289493	289916	290277	
290821	291149	292128	292141	292980	
290694	291041	292220	292847	292688	
291847	292057	293200	292998	293283	
292660	293381	293955	294752	294456	
293491	294200	294232	294806	295527	
293813	293819	294827	295513	295593	
292375	293171	294701	294906	295322	
291289	291283	292236	292733	293126	
286198	286466	287550	287662	288255	
291426	291737	292837	293354	293238	
290452	291029	291994	292232	292739	
290432	290910	291982	291953	292731	
295018	295267	296330	296672	296560	
295134	295576	296633	297163	297450	
295493	295733	297138	296674	297800	
296454	296340	297450	297648	298183	
294411	295000	296049	296825	296821	
291749	293035	293483	294210	294196	
291501	292108	293006	292965	293666	
292530	292917	293699	293583	294458	
295587	295888	296798	296955	297336	
296542	297161	298163	298167	298737	
296589	297255	298285	298275	298737	
294758	294890	296189	296707	296597	
293768	294206	294835	295356	296024	
293043	294179	294721	295399	295617	
295084	295081	295880	296293	296931	
294745	295417	296733	296892	297570	
296308	297464	297534	298308	298947	
294855	296244	296953	296684	297409	
293548	295067	295835	295527	296238	
294273	294772	295631	295802	296326	
295483	296540	297483	297650	298043	
293475	293503	295183	295240	295360	
295397	295804	297232	296998	297605	
296295	297039	297967	298163	299171	
296024	296597	297528	298114	298271	
298424	298819	299517	299409	300587	
297756	298599	299198	299619	299900	
294623	295139	296501	296544	296605	
296503	297562	298075	298768	298678	
298340	299259	300220	300428	300721	
298672	299413	300346	300456	300226	
297521	297711	298972	299194	299251	
292185	292876	293444	294016	294248	
296275	296407	297629	298028	298583	
298806	299654	299890	300737	300690	
298128	298633	299994	299725	300310	
298802	298607	299532	300157	300452	
296033	296992	298165	297870	298358	
291560	292303	293452	293772	293741	
287908	288519	289680	289967	290096	
283731	284521	285250	285293	285271	
286821	286943	287749	288055	288169	
294807	296028	296896	296609	297615	
298253	298929	299550	300479	300124	
297642	297959	298525	298741	299794	
298187	298291	299884	300224	300253	
298857	299497	300729	301194	300739	
296737	297283	298776	298652	299344	
289326	288957	290721	291102	290784	
291925	292234	293560	293578	294375	
292289	292984	293994	293827	294363	
295344	296194	297360	297458	297059	
293191	293741	294183	294972	294639	
294049	294988	295825	296250	296562	
289456	290619	291098	291876	292177	
246587	246786	247974	248395	248965	
175330	175554	175558	176059	176411	
181301	181619	182041	182067	182183	
191470	191495	192391	192214	192825	
202395	202990	203599	203487	204275	
215472	215515	216434	216489	216591	
228872	229149	229760	230253	230141	
246448	246817	247434	248452	247878	
262935	263534	264212	264752	264623	
281185	281778	282815	283295	283611	
272271	272220	273263	273430	273766	
262900	263609	264682	264727	265169	
248515	249965	250301	250772	250843	
254194	254758	255411	255776	256472	
246721	247493	247831	248379	248680	
256900	257967	258489	258662	259542	
246014	246344	247008	247670	247682	
262811	262530	263633	264361	264420	
245255	246187	245996	246823	246900	
270088	270373	271255	271354	271381	
256108	256306	256916	257130	257819	
266295	266385	267177	267998	267727	
272874	272694	273220	274485	274214	
256986	257538	258707	258132	258849	
279297	280308	281379	281295	281328	
271507	271733	272707	272992	273183	
272868	273556	274658	274737	275232	
287230	287251	288204	288766	289303	
269747	270554	271652	271833	271417	
272835	273426	274084	274886	274792	
283452	284022	285004	285238	285743	
275193	276143	276332	277029	277138	
285020	286090	286672	287265	287499	
291635	291996	293415	293941	293470	
276619	276279	277735	277813	278063	
276348	276509	277717	277709	278289	
286310	286574	287699	287971	288047	
282293	282705	283434	284328	284224	
269521	269851	271010	271086	271360	
278727	279701	280265	280495	280802	
277644	277758	278415	278444	279360	
280108	280982	281515	281872	282281	
287637	288175	289104	289283	289010	
277511	278138	278992	279322	279344	
265597	266236	266906	266929	267572	
264864	265393	265974	266385	266664	
271976	272428	273092	274053	273699	
280988	281177	282285	282505	282762	
284092	284754	285709	285914	286499	
272747	272397	273939	273363	274077	
279764	279798	280839	281902	282128	
284383	284965	285654	285737	286134	
285747	285967	287196	287725	287861	
285324	285635	287222	287422	287436	
274525	275601	276147	276179	276507	
285369	285521	286395	286886	287169	
281825	282694	283055	283202	284081	
280739	281136	281450	282100	282619	
294701	294640	295371	296493	296800	
294226	294794	296004	296253	296965	
299039	299819	300578	301163	301102	
304395	305576	306297	306426	307664	
304322	304002	305090	305872	306244	
297972	298758	299100	299399	300084	
302033	302550	303183	303454	303925	
301886	302167	302652	303692	304081	
294204	294358	295314	295409	295902	
284000	285149	285974	286061	286118	
285002	285676	285639	287026	287214	
293725	294792	295723	295540	296330	
300029	300525	301597	302324	302591	
300719	301151	302611	302550	302489	
290426	290739	292179	291986	292253	
284800	285057	285654	286079	286224	
279126	279139	280782	281175	281479	
287401	287831	288619	288737	289246	
289413	289493	290424	290739	290542	
281841	281971	283764	283697	284285	
296841	297405	298204	298580	298878	
294676	295200	296175	296811	297295	
278986	279194	279650	280057	280984	
288737	288859	290642	290464	290287	
293354	293794	294401	295554	295674	
279094	279014	280576	280821	280741	
267927	268389	269130	269866	269583	
285035	285819	286411	286749	287094	
293236	293499	294660	294505	295485	
289293	288959	290181	290301	290851	
288861	289676	290485	291371	291694	
295004	295151	296477	295872	296273	
278151	278397	279145	279570	280049	
269212	269228	270320	271020	271171	
288971	289204	290314	291071	290892	
294546	294900	296114	296672	296849	
290782	291147	292057	292637	292552	
276984	277513	277957	278650	279041	
284717	285061	285949	286293	286870	
276637	276554	276988	277617	278692	
284334	284534	285688	285723	285743	
297813	298055	299617	299695	300147	
303849	304360	305077	305310	305916	
304770	305654	306542	307075	307028	
300110	300169	301316	301747	301908	
295283	296187	297202	297360	297297	
284554	285016	285745	285929	286224	
286194	286872	288065	287853	288393	
299617	300639	301373	302501	302670	
304953	305348	306862	306804	307479	
304141	304566	305837	306102	306228	
304041	304432	305287	305525	306428	
304267	304705	305601	305880	306348	
302534	302440	303436	303825	304204	
293487	293283	295236	294992	295542	
290316	290762	292020	292073	293222	
298619	299320	300407	300766	300713	
298666	298697	299908	299864	300646	
299069	299806	301130	300699	300916	
299859	300291	301141	301660	302444	
298367	299597	300100	300591	301126	
301403	301772	302900	303389	303916	
301772	302157	303595	303684	304363	
300041	300444	301857	302265	301916	
298391	299446	300202	300485	301483	
301639	302083	302617	302953	303446	
305802	305548	306218	306931	307065	
303310	303890	304587	305485	305473	
305670	306128	307083	307595	308138	
305868	306305	307112	307293	308615	
303815	303923	304959	305371	305477	
300658	300202	301668	301713	301631	
305438	305754	306794	307281	307216	
307010	306851	308037	308096	309169	
301523	302096	302361	302908	303332	
300279	301253	302171	302548	302548	
302202	302802	303664	304849	304328	
301825	302725	302935	303523	304701	
301354	301684	302204	302888	303517	
305114	305690	306637	306827	306990	
306212	306949	307542	307556	308079	
305352	305639	306868	307033	307189	
305426	305754	306605	307778	307802	
306065	306470	308016	308132	307656	
306395	306367	307505	308269	308263	
306741	307301	308758	308711	309191	
308340	308890	309737	309874	310395	
308426	309035	310029	310102	310301	
305536	306236	307301	307680	307986	
307047	307363	308012	308568	308790	
306625	306923	307939	307862	308452	
302631	303202	304212	304375	305295	
306086	306352	306639	307377	307336	
307267	307882	308517	309159	309786	
308587	309153	310053	310774	310811	
306585	307110	307900	308275	309151	
306330	306861	308120	308525	309259	
305458	306515	306749	307432	307678	
301185	301735	302544	303218	303701	
309086	309438	310831	311202	311155	
310090	311299	312631	312118	313308	
306556	306965	308277	308542	308126	
304083	304216	305487	305662	306112	
297721	297713	299147	299208	300151	
302169	302122	303310	303354	303976	
305927	306676	307326	308161	308287	
309672	310497	311723	311719	312497	
307750	308674	309208	310175	309574	
308750	309959	311263	311352	311768	
308947	309320	310361	310363	310931	
306246	306637	307984	307462	307851	
306774	307348	307896	307986	308815	
305336	305173	306544	307159	306902	
299022	299468	300283	300358	300754	
290218	290642	291715	292024	292322	
296703	296772	297615	297931	298100	
300028	300430	301088	301921	302189	
307244	307385	307980	308393	308894	
305898	305949	307418	307666	308350	
303538	304230	304782	305662	305648	
301998	302906	303481	303935	304208	
302002	302138	303324	303825	303896	
301081	301743	303285	303587	303468	
292735	293010	293976	293694	294682	
272028	272690	274145	274289	274287	
266361	267318	267719	268094	268646	
253837	254010	254845	254821	255155	
259898	260071	260919	261026	261434	
252554	252623	253501	253762	254493	
235552	235676	236690	237503	237446	
238464	238615	239145	240035	239745	
242878	243139	243819	243648	244265	
220418	220627	221143	221527	221399	
254542	254912	255686	255890	256041	
253083	253762	254434	254772	255065	
244169	244165	245132	245086	245409	
239770	239721	241314	240813	241350	
210159	210499	211004	211674	211815	
190556	190721	191599	191320	191452	
243226	244084	244668	244623	245155	
255318	255721	256603	256564	257110	
215568	215965	216173	216914	216678	
212028	212597	213228	212996	213189	
231853	231927	233281	233401	232845	
240163	240831	241285	241804	242483	
233815	234222	235499	235171	235819	
228360	228796	229226	230106	229507	
208933	209250	209613	209872	210324	
238138	238609	239666	239705	240220	
230637	230452	231022	231473	231682	
228151	228363	228967	229564	229872	
252031	252595	253432	253949	253925	
264784	265224	265833	266326	266884	
280128	280792	281990	282096	282342	
294723	295340	295965	296100	296729	
298965	299147	300906	300446	301033	
286114	287037	288348	288081	288104	
283263	283825	284334	284760	285417	
289772	290861	291196	291473	291324	
297556	298149	299747	299823	299605	
292517	293316	293851	294800	294872	
274692	274570	275947	276120	276202	
290540	290664	291806	291731	292452	
277004	277835	278674	278672	279006	
282228	283047	283564	284177	284232	
290917	291929	292489	293279	293637	
265059	264807	266589	266589	266703	
232813	233014	234022	233919	234898	
216462	216583	217538	217870	218136	
246444	246574	247678	247827	248145	
275574	275601	276998	277475	277670	
248857	249340	250491	250403	250574	
244821	245283	245676	246014	245937	
249232	250073	250815	250974	251466	
243464	243619	244332	244859	245045	
253024	253721	254344	254639	255163	
267491	267477	268758	268694	268770	
271075	271729	272654	272662	272815	
262259	262139	263882	264181	264012	
220432	220397	220984	221422	221923	
235149	234768	235845	236426	236538	
273831	274536	275440	275028	275674	
261381	261613	262819	262401	263006	
269725	270293	271595	271585	271391	
267682	268031	269059	269365	269515	
257709	258163	258615	258927	259193	
255010	255489	256466	256126	256825	
229684	230316	230310	230532	231356	
267251	267405	268452	268629	269405	
283861	284128	285232	285354	285888	
273609	274295	275731	275603	275800	
281128	281287	282120	282485	282880	
255837	256422	257177	257283	257322	
256664	257841	258193	258483	259253	
222037	222100	223181	223267	223764	
217910	218880	219244	219864	219670	
257574	258935	259365	259265	260320	
271328	271642	272053	272766	273220	
271538	272308	273114	274002	273224	
288517	288857	290179	290595	291006	
292528	292411	293511	293220	294232	
262043	262731	263800	263963	263825	
250811	251028	251291	252043	252344	
228450	228401	229250	229475	229521	
233935	235234	235413	235992	235464	
248583	248959	249951	250444	250540	
259692	259674	260694	261318	261605	
285664	286409	286603	287155	287831	
290688	291165	291851	292420	292752	
273407	274407	274976	275373	275185	
272397	272984	273570	273866	273874	
243016	243544	244556	244719	245246	
252369	252819	253283	254191	254428	
278906	279092	280059	280976	280994	
277073	277609	278371	278130	278611	
254200	254562	255917	255639	255957	
257139	257316	257904	258719	259173	
265515	265967	267153	267029	267521	
280904	281558	282688	282965	282890	
276939	276664	278177	278625	278576	
262216	262477	263525	263853	264193	
261642	261992	262409	262717	262896	
283951	284980	285843	285790	285454	
298971	299049	299666	300334	300717	
298623	299591	300316	300456	300580	
297257	297232	298697	298574	298827	
285075	285570	286303	287149	287750	
295092	295153	296299	296701	297373	
298629	299285	299864	300621	300711	
295234	295825	297029	296976	297440	
287383	288118	288509	288910	289295	
290169	291031	291336	292248	292251	
300464	300988	301688	302338	303232	
311574	312615	312955	313403	313817	
314000	314126	315415	315898	316236	
313086	313972	314143	314953	315020	
312165	312633	313568	314369	314910	
297800	298605	299350	299861	299976	
303749	304546	304986	305289	306053	
306560	306992	308106	308420	308688	
296393	296635	297717	297273	298295	
293583	293780	294582	295051	295301	
300605	301244	302705	302413	303391	
301083	301171	302230	302507	303043	
300193	300758	301283	302037	302079	
294758	295336	295961	296853	296741	
300939	301796	302487	303454	303291	
299800	300715	301528	302090	302342	
292821	293707	294695	294711	294847	
295261	295348	296073	297126	296627	
295118	295503	296354	296314	296479	
299352	299886	300754	301071	301179	
304279	305094	305409	305301	305996	
295306	296039	296688	297177	297796	
302646	303625	304473	304692	304994	
306829	307593	308532	308894	309232	
308399	309837	309853	310338	310259	
309301	310112	310900	312000	312118	
310000	310336	311548	311472	312163	
310261	310916	311941	312226	312287	
313992	315155	315194	316383	316507	
308028	307766	308570	309658	310037	
299686	299845	301145	301196	301778	
302554	302982	304464	304165	304792	
299668	299900	301253	301464	301725	
297672	298532	299218	299153	299800	
292623	293354	293908	294004	294383	
296338	296986	297523	298159	298475	
302173	303299	303208	304768	304603	
303544	303725	304432	304701	305405	
305167	305988	306554	306731	307615	
304749	305338	306513	306743	307387	
310923	311014	311949	311951	312220	
306273	306827	307859	308434	308391	
308534	308845	309884	310283	310792	
314662	314163	315772	316051	316532	
311493	312737	313338	313589	313792	
309204	309460	310745	310358	310933	
310181	309851	310519	311287	311737	
299448	300189	300906	300859	301244	
298308	298762	299986	299827	300399	
310271	310597	311835	311874	312181	
305874	306326	307442	307925	307519	
299912	301102	301434	301933	302666	
309308	309941	311116	310894	311542	
311334	311092	312534	312870	313084	
312285	312912	313499	314118	314413	
304318	304811	305527	306422	306238	
300829	301857	302200	302387	302564	
307829	308935	309554	309898	309923	
314383	314686	315360	316049	315965	
316422	317644	318892	318452	319273	
316719	317122	318525	319012	319411	
314102	315006	316391	316515	316648	
316788	317479	318418	318729	319098	
318193	318208	319316	319921	320055	
316764	317230	318200	318204	319460	
317379	318422	318413	319059	319371	
317367	318000	318969	319521	320059	
311501	312198	313181	313853	313870	
312387	312937	313807	314187	315088	
313232	313994	314525	314450	315607	
306153	306434	307949	308012	308582	
306845	307735	308487	309218	309008	
311564	312393	313167	313607	314277	
314945	315432	316497	316943	317519	
317572	317876	318692	318729	319868	
318556	318868	320346	320615	321157	
318737	319136	319990	320564	321222	
319570	319481	320990	320988	321835	
319864	319961	321271	321607	322432	
319538	319729	320992	321094	321717	
316864	316595	317656	318399	318910	
307128	307847	308959	309688	309729	
312371	312090	313684	313845	314862	
316705	317000	317633	318151	318544	
317381	318014	318658	318731	319992	
318320	318371	319029	319418	319910	
318063	318697	319635	319829	320672	
318794	318894	319939	319866	320356	
316259	316026	317114	317566	317978	
316513	316750	317839	318475	318041	
315523	315851	316369	317232	316448	
315387	316607	316996	317548	317784	
316849	317711	319069	319065	318986	
316953	317381	318340	318527	319073	
315248	315175	316546	316941	316847	
316737	317631	318593	318635	318947	
318340	318301	319204	320420	320369	
318181	318582	319631	320216	320198	
319293	318921	320784	320420	320556	
317442	317572	318487	318743	319515	
312395	313244	313862	313982	314358	
313024	313729	314460	314914	315430	
303051	302874	304130	304061	304941	
305472	306242	307145	307695	307735	
312289	313395	314216	314707	314857	
314281	313813	315411	315422	316043	
315363	316230	316831	317165	317686	
317305	317721	318481	318892	319625	
317328	317599	318532	318521	319487	
314601	315929	316348	317029	317316	
311717	312155	313161	312963	313468	
313251	314409	315092	315607	315817	
309198	309994	311487	311387	311481	
299417	300194	300900	301179	302004	
309735	310250	311191	311324	311395	
312460	313232	313625	314061	314493	
313118	314521	314705	315426	315959	
315193	316114	317342	317815	317725	
315974	317026	317418	318599	318699	
316326	316859	318037	317792	318126	
311242	311295	312273	313601	313731	
309546	308929	310367	311020	311161	
308350	308088	309912	310275	309957	
313147	313411	314904	314802	315273	
314458	315167	315935	317147	316912	
314159	314607	315701	315619	316381	
307134	307297	308360	309039	308749	
311291	312014	312996	313081	313906	
314138	314623	315593	316395	316369	
316332	316409	317157	318130	318312	
316226	316293	317550	317417	318385	
316619	316344	317648	317766	318116	
315291	315358	316666	316558	317128	
314654	314764	315648	316381	316499	
315024	314806	316460	316800	316866	
313332	313678	314658	315417	315222	
309851	310703	311523	311556	311890	
310491	311615	312420	312864	313625	
313692	313839	314723	315395	315360	
313894	314629	315448	315756	315519	
313452	314065	315128	315487	316393	
311589	312470	313413	313815	313978	
305804	306656	307236	308045	307898	
310519	311096	311538	312251	312489	
310733	310823	312008	312405	312980	
310422	310949	312067	312157	312303	
312574	313075	313833	314591	314273	
312018	312587	314055	314662	314395	
312919	313886	314823	315041	315375	
312424	312821	313566	313912	314251	
308955	309572	311039	310992	310800	
305251	306558	307153	307507	307916	
309943	310640	310646	312063	312261	
310202	310583	311629	311896	312214	
304589	305436	306018	306460	306827	
308896	308709	309373	309872	310452	
310369	311098	312086	312436	312640	
310409	311081	311678	312413	313251	
310621	311308	312061	311957	312774	
309413	310055	310780	311159	312049	
304411	305633	306458	306733	307424	
301428	301843	302894	303318	303611	
295193	295216	297422	297116	297741	
300554	300558	301768	302232	302273	
302010	302558	303251	303525	304159	
302713	303081	303963	304460	304953	
295908	296436	296925	297088	297615	
242104	242662	243008	243910	243265	
167458	167694	168281	168495	168835	
127921	128193	128640	128395	129043	
109593	109701	110202	110130	110413	
86304.5	86251.5	86536.3	86943	86836.9	
66947	67110	67155.2	67135.6	67367.4	
54925.3	55165	55436.1	55255.4	55569.7	
47463.7	47593.3	47884.1	47864.4	47805.5	
45658.2	45719.1	45854.6	45978.4	46108.1	
46055	46249.5	46312.4	46259.3	46247.5	
52035.4	51923.4	52157.2	52159.1	52284.9	
58778	58638.5	58923.4	59190.6	59225.9	
72267.2	72394.9	72607.1	72685.7	72626.7	
89646.4	89750.5	90082.5	90066.8	90133.6	
112519	112485	112878	113112	113418	
139387	139483	139806	140167	140181	
204167	205004	205886	205890	205719	
223792	224273	224536	225088	225470	
186874	187413	188035	188126	188595	
177102	177542	178043	178136	179061	
136737	136743	137709	137576	137568	
146902	147397	147477	147758	147900	
127151	127043	127493	127782	128031	
112961	113464	113383	113511	113821	
139965	140281	140468	140749	141122	
106743	106764	107379	107422	107200	
126815	127281	127670	127595	127678	
142018	142234	142532	142758	143029	
109134	109285	109703	109725	110086	
147931	148365	148654	148947	148972	
153961	154128	154715	154752	154756	
120485	120599	120927	121375	121472	
166762	166483	167591	167395	168065	
175373	175566	176257	176582	176625	
137226	137723	138167	138043	138644	
180644	180562	181340	181615	181544	
204041	204330	204806	205257	205083	
161261	161348	162049	162177	162041	
185464	185568	186228	186383	186623	
228509	228916	229191	229662	229971	
197393	197324	198336	198248	198692	
187151	187462	188118	188523	188452	
231224	231815	232397	232961	233006	
232246	232128	233418	233250	233633	
197420	198234	198721	198558	198819	
223287	223491	224301	224191	224489	
257631	257686	258226	259411	259758	
236348	236666	238047	237430	238006	
222682	223855	224813	224925	225198	
259648	260460	261631	261238	261890	
275432	275418	276776	276352	277214	
256371	256837	257532	258075	258069	
252126	252776	253580	253692	253851	
279138	279187	280045	280652	281183	
288908	289464	290248	290613	290908	
275242	275674	276434	276701	277029	
270562	270515	271379	272198	272255	
285138	285880	287035	287312	286992	
289271	290079	290802	291448	291251	
286049	286090	287240	287542	287811	
280523	280961	281587	282318	282947	
291652	292945	293807	294570	293945	
297342	297652	298959	299283	299686	
293277	292951	294792	294847	294829	
283811	284857	285629	285914	286171	
283418	284035	284497	284654	285202	
290222	290914	291690	291790	292075	
295354	296656	297287	297379	297648	
292297	292047	293548	293475	293487	
291483	291695	292639	293456	292994	
286768	288069	288092	289090	289045	
293350	293660	294361	294823	294817	
298316	299126	300006	300324	300605	
298287	299124	299141	299939	300580	
300640	301092	301862	302415	302919	
302890	303609	304497	304770	305173	
303668	304802	305206	305348	305864	
301906	302534	303273	303075	303701	
295546	295984	296729	297004	297499	
295646	296640	296866	297583	297534	
294002	294047	295273	295391	296413	
289568	289599	290980	291204	291379	
294876	295112	295892	296489	296222	
297340	297680	298839	299033	299574	
297778	298585	299212	299181	299690	
298794	299033	300487	300424	300699	
296862	297157	298006	298385	299000	
296886	297448	298230	298831	298841	
298546	298251	299776	300212	300882	
295809	296346	297169	297625	297678	
295436	295674	296692	296904	297401	
298762	299525	300525	300519	300688	
299570	299629	300864	300813	302039	
299114	299079	299754	300794	300719	
299228	299420	300619	300904	300721	
300625	300780	301623	302279	301778	
301061	301752	302578	303191	303505	
302012	302018	303055	303312	303444	
300959	301699	302328	303092	303917	
297750	298132	299098	299324	299900	
293141	293403	294678	294807	295061	
296727	297083	298047	298102	298556	
296760	296511	297951	298544	298931	
291444	292741	292750	293124	293725	
286124	286436	288057	287468	288228	
291165	291701	292796	293413	293271	
294947	295397	296226	296768	297212	
297100	297536	298784	298729	299623	
297868	298149	298654	298772	299570	
298039	298758	299629	300157	300063	
299016	298754	300149	300067	300851	
297477	297784	298536	298986	299621	
296071	296678	298377	298460	298499	
297980	298415	299116	300167	300222	
298601	298413	300550	300680	300464	
298562	299039	300175	300609	301293	
299214	300100	300896	301200	301550	
299208	299589	301403	301259	301695	
299923	299556	300727	301238	301851	
295788	296916	297807	298458	298379	
294312	293998	295155	295397	295802	
291896	292381	293138	293521	293949	
291503	292320	293159	293758	294393	
295550	296132	297405	297045	297031	
295815	296654	298008	298570	297972	
290297	290591	291562	291984	292167	
289403	290018	291055	291550	291554	
294136	294695	296134	296438	296719	
296283	296658	297711	298324	298538	
297556	297328	298544	298456	299246	
295466	296611	297450	297713	298169	
290713	291440	292456	293035	293220	
293177	293715	294279	294998	295513	
295450	295727	296984	297540	297442	
296646	296633	297660	298265	298084	
296098	296136	297972	297629	297841	
294637	295503	296251	296387	297236	
290401	291010	291815	292306	292116	
289316	290236	290417	291413	291986	
289171	289511	290548	291426	291501	
291908	292542	293255	293921	293815	
293263	293308	294703	295002	295383	
294853	295126	295947	295917	295896	
293570	294177	295029	295511	295705	
290124	290845	291780	292084	292369	
291356	291900	292650	292953	293896	
288919	289882	290310	290668	291136	
290426	290896	291360	291540	291894	
292611	292786	293631	294081	294589	
293851	294344	294961	295458	295898	
294189	294880	295678	296293	296092	
294493	295057	295762	295990	296574	
295452	294990	296191	296574	296935	
294536	295352	296202	296497	296159	
293957	294886	295560	296169	296756	
294723	295218	295299	296250	296664	
293674	294576	295261	295892	296084	
292766	293466	294279	294505	295043	
292764	293387	293943	294719	294986	
293049	292961	293912	294273	294295	
287446	288393	288963	289436	289874	
281648	281613	283136	283692	283086	
285153	285731	286621	287438	287711	
283059	283800	284271	284619	284892	
285041	284892	286238	286578	287169	
287625	288289	289124	289654	290385	
288874	290081	290639	290680	291723	
290084	290393	291338	292513	292202	
289613	290310	290982	291925	292167	
289532	290576	290800	291238	291715	
289682	290334	290965	291479	291764	
290456	290540	291910	292059	292544	
289006	289591	290326	290829	290652	
286173	286436	287401	287680	288049	
287607	287969	288756	289438	289627	
288619	288945	290145	290088	290576	
287177	287597	288450	287967	289460	
285951	286263	287658	287782	288039	
287332	288644	289678	289220	289931	
288807	289116	289959	289589	289976	
287466	288711	289169	289240	288695	
286764	287114	288065	288811	288874	
285900	286509	287727	288010	287921	
284208	284674	285794	285637	286530	
282633	283749	284163	284163	284813	
284348	285360	286505	286583	287075	
284788	284984	285752	286244	286625	
282562	283092	284096	284031	284395	
283338	284157	284701	285277	285666	
283393	283884	284686	285257	285259	
283839	283678	283914	284468	285589	
277886	278420	279344	279764	279377	
278615	278776	279360	279949	280727	
280303	280240	281472	281760	282100	
277155	277525	278503	278625	278831	
277580	277804	278821	279224	279204	
280303	280420	281377	281587	282230	
280318	280878	281153	282024	282342	
277760	278295	278617	279599	280063	
276749	277778	278739	279029	279014	
277094	278055	279077	279012	280238	
275919	276953	277399	277460	277741	
272900	273106	274084	274601	274707	
270794	271316	272250	272250	272613	
265776	266155	267367	268065	267692	
263933	263957	265193	265721	265861	
271631	272509	273240	273969	274096	
275014	275749	276470	277069	277071	
269919	270363	271454	271216	271752	
264401	265754	266428	266157	267057	
269212	270022	270833	271073	270853	
274910	275037	276102	276841	277029	
276853	277132	278106	278583	278894	
270747	271210	272515	272601	272837	
263967	264593	265684	266303	265996	
266707	267752	268059	268782	268980	
267967	268263	269348	269407	269894	
269819	270147	271251	271189	271377	
269766	270259	270639	270827	271450	
265611	266340	267081	267460	267747	
261859	262014	263246	263316	263772	
264098	264448	265682	265916	266251	
262758	262739	263876	264428	264299	
267334	268806	268941	269084	269411	
265493	266204	266566	267183	267303	
265143	265802	266271	266629	267554	
267980	268611	269472	269310	270002	
262324	262961	264175	264322	264613	
259189	259291	260269	261079	261181	
259083	258947	259908	260063	260426	
256269	256495	257383	257906	258141	
262409	262220	263438	264045	264053	
267045	267809	268171	268175	268322	
261452	261876	263202	263583	263285	
261358	261754	262403	262666	262978	
265823	265766	267181	267397	267739	
265163	265587	266635	266715	267104	
264228	264878	265717	265513	266194	
259927	261037	261265	261640	262269	
256548	256546	257572	257633	257697	
256809	257010	258132	258010	258314	
260892	261393	262118	262191	263238	
264289	264505	265642	265690	265540	
262680	263051	263831	264631	265096	
264365	265138	265257	266037	265988	
263440	264542	265462	265375	266130	
263916	264501	265285	266456	266067	
263562	263806	264534	265096	265035	
258707	259336	260022	260420	261090	
254935	255507	255680	256912	256680	
250495	250998	251599	251943	252750	
247566	247866	248360	249248	249039	
247128	247401	247694	248617	248804	
252354	253360	254377	254318	254778	
257578	258161	259018	259069	259122	
255028	255662	256515	256354	257016	
256194	256837	257141	257523	257363	
256073	256356	256666	257218	257354	
257002	257401	258324	258222	258821	
258825	259900	260733	261472	260589	
258965	259650	260240	260650	260849	
260173	260334	261328	261236	261556	
260587	261118	261269	261862	262448	
258872	259495	260132	260181	260778	
258035	258870	259611	259711	259511	
259546	259904	261275	260931	261265	
256454	257578	258014	258265	258381	
255336	255257	255790	256194	256745	
254802	255138	255694	255951	256407	
254582	255308	256051	256308	257194	
257530	258016	258668	258829	259470	
256305	257039	257285	257617	257686	
255617	256418	257175	257664	258248	
253485	254534	255385	255607	255953	
252289	252548	253251	253749	254037	
253069	253733	253864	254371	254888	
246542	246784	247654	247967	248440	
236982	237430	237904	238049	238299	
237861	238130	238880	239344	238974	
243336	243328	244426	244988	244906	
243896	243945	245352	245707	245583	
243570	243994	244206	244900	245212	
238670	238639	239843	239949	240061	
229735	230114	230436	231053	230784	
235776	235961	236876	236804	236988	
235664	235872	236823	236841	237593	
229894	230057	230919	231171	231340	
223695	224228	224149	224796	224749	
225731	226173	226955	227324	227063	
226686	227202	227961	228216	228059	
224788	224929	226041	225864	226171	
223963	224580	225069	224927	225639	
219711	220242	221281	221501	221481	
216381	216283	217764	217379	217472	
211583	211623	212334	212625	212468	
209041	209008	209866	210171	210876	
206356	206538	207273	207340	207344	
199387	200110	200267	200868	200578	
197352	197703	198532	198623	198941	
199656	200126	200847	201104	201739	
199603	199585	200711	200719	201010	
196283	196855	197499	197043	197493	
191395	191823	192175	192271	193063	
189389	189458	190387	190094	190695	
189473	189198	189886	189929	190525	
186819	188055	188169	188697	188955	
185713	185961	186075	186904	186831	
182487	182684	183373	183570	183768	
177314	177507	178293	178263	178672	
172568	173118	173466	173682	173737	
166595	166660	167088	167754	167825	
3304.52	3302.55	3312.38	3310.41	3310.41	
3275.05	3280.94	3280.94	3286.84	3278.98	
3271.12	3269.16	3277.01	3275.05	3273.08	
3275.05	3269.16	3269.16	3275.05	3271.12	
