3904.87	3886.31	3895.59	3893.27	3890.95	
3863.11	3870.07	3870.07	3874.71	3863.11	
3860.79	3856.15	3856.15	3860.79	3853.83	
3858.47	3860.79	3853.83	3851.51	3858.47	
248803	247411	248429	248074	246044	
251928	251529	251578	252169	249694	
251325	250436	250487	250814	248650	
256923	256065	255852	256631	254148	
257009	256768	256374	257343	254705	
258673	257615	258002	258548	256397	
256515	255981	256088	256603	254633	
254868	253954	254123	254448	252766	
262197	261840	261861	262710	259726	
267464	267028	266905	267626	264991	
269290	268404	268768	268916	266255	
269197	268747	269174	269269	266863	
265819	264703	264603	265151	262831	
261831	261016	261552	261615	258893	
267956	266350	267162	267248	264905	
272241	271151	271912	272093	269167	
271028	269819	270267	270722	268392	
263870	263429	264209	264292	261933	
267487	266123	266466	266800	264320	
276014	275861	275712	275926	273682	
278842	277225	277531	278097	275392	
278745	278190	277910	278919	275916	
276673	275299	275650	276397	273749	
269378	268863	268877	269462	266740	
269404	267861	268487	269079	266527	
278343	277121	277271	277037	275557	
276752	275492	276443	276568	274371	
273309	271926	272550	272673	270643	
277086	275903	276271	276951	274341	
279371	278749	279190	280035	277408	
274610	273148	273206	273636	271617	
267343	266304	266773	266401	264817	
278432	277346	277733	277735	275659	
282798	282051	282223	282777	280712	
280381	279367	279694	280499	277935	
276958	275979	276745	276613	274309	
277234	276260	276754	276234	274028	
277394	276320	277443	277084	275121	
274910	273573	274019	274281	271522	
279128	277912	278531	278708	276109	
285320	283561	284654	284575	282309	
282387	281032	281262	282063	279016	
278833	277773	277872	278896	276070	
278872	277698	277357	277974	275687	
287132	285949	286784	286942	284603	
290879	289712	289828	289835	287712	
290773	289483	289735	290023	287903	
284852	283376	283886	284522	282262	
276494	275278	275302	275807	273162	
262508	261650	262220	262144	260051	
263042	262232	262390	263165	260490	
278582	277654	277826	278652	275886	
288596	287749	287812	288392	285722	
295949	294501	295320	295515	293427	
300197	298561	299343	299070	296766	
302364	301441	301035	301858	299174	
304633	303914	303483	304276	301889	
303063	301394	302107	302724	299807	
303986	302253	302812	303861	300717	
303838	302153	302740	303118	299557	
298673	297650	298216	298777	295944	
288673	286995	287608	288188	285548	
281796	281023	281582	282070	279060	
289731	288499	289169	289404	287429	
300826	299353	300130	300413	297935	
305877	304698	305074	305845	303466	
304480	303341	304012	304441	301573	
306271	305313	306176	306165	303452	
305557	304225	304369	304810	302084	
309116	308142	308327	309246	306146	
308596	308125	308587	309151	306404	
304223	303072	303796	303868	300912	
304132	303137	303490	304246	300684	
310151	308599	308643	309722	307754	
312269	310981	311872	312051	309541	
313629	312747	313325	313617	311513	
312580	311367	311766	311791	308821	
307037	305977	306907	306594	304118	
303049	302044	302432	302418	300281	
299817	298422	298993	300165	296673	
301782	300538	301306	301487	299065	
306005	305369	305631	306406	303961	
306026	304394	305290	304552	302805	
298617	297288	297462	297947	295313	
295636	294077	293995	294882	292128	
290202	288868	289490	290480	287889	
283770	282624	282476	283768	281095	
262668	261947	262056	262267	260513	
213805	213434	213626	214165	211814	
196775	196014	196759	196891	195123	
259399	258872	259357	259383	257167	
290049	288875	289114	289842	286826	
295090	293506	294063	294585	291842	
299705	298710	298910	299464	296754	
304065	302773	302731	303536	300954	
303652	302745	302940	303682	301234	
306747	305513	306297	306297	303541	
319492	317893	318582	318916	315951	
321439	319657	320497	320738	317944	
318624	316984	317694	318251	315791	
319392	317835	318538	319246	316882	
320297	318701	319582	319608	317464	
317789	316357	317466	317763	314798	
320016	318698	319415	318963	316712	
325464	324142	324926	325144	321949	
322944	321515	322492	322701	319824	
309606	308311	308564	308886	306879	
313763	312439	313172	313473	310705	
325432	324244	324374	324847	322323	
324000	321754	323179	323478	320719	
326912	325536	326677	326056	323784	
332035	329408	330313	330956	328181	
331239	329548	329807	330812	327381	
328413	326439	327434	328508	325926	
329817	328397	328726	328947	326202	
326974	325664	325923	326186	324093	
326615	325684	326724	326515	323977	
333387	331587	332053	332606	330381	
333893	332719	332677	333680	330271	
335480	334659	334374	335432	332081	
335719	334840	335239	336197	333218	
336988	335007	336176	336543	333949	
338037	336353	337408	337661	334174	
338494	337104	337501	337548	335387	
337415	336687	336935	337193	334654	
336840	335889	336782	337058	334490	
336930	335568	336476	337097	333527	
337654	335956	336942	336703	334253	
337877	336886	337329	337798	334921	
332782	331160	332608	332912	330427	
323510	322596	322260	322838	320408	
332223	330942	331561	332527	328896	
340248	338684	339132	339223	336390	
339392	337824	338406	339186	335796	
338652	337276	337673	338754	335633	
337211	336058	335840	336684	333963	
332555	331176	331392	332032	329587	
340740	339756	339935	340928	337984	
343262	341896	342415	342673	339833	
344717	342313	343360	344209	341378	
345046	344334	344548	344615	341691	
344710	343427	343304	344167	340603	
344014	342439	342981	344114	340930	
345606	343643	344030	344689	341527	
345269	343993	344647	345072	342114	
344974	343346	344148	344401	341070	
341186	339977	341369	340800	338643	
334285	333362	333515	333726	331051	
336981	335740	336777	336710	333624	
343399	342251	342654	342497	339457	
343947	342564	342724	342972	340427	
346128	345060	344615	345441	342436	
346784	345965	346172	345508	342970	
347731	345406	346517	346158	344067	
347599	346016	347209	346935	344253	
342770	342035	342933	342587	339877	
332002	331039	331673	332053	329204	
343777	343032	343450	343956	341404	
349494	347543	348510	348158	345715	
349742	349167	349503	349775	346974	
351267	349142	351056	350613	347645	
351348	349510	350253	351362	348179	
351831	350093	350780	351118	347246	
352165	350747	351167	351817	348480	
352218	350696	351432	351615	348404	
351905	350394	351506	351548	348840	
348309	347807	347705	348044	345450	
345394	344350	345005	344742	342202	
348415	348188	348378	348794	344425	
351589	350332	351067	351260	348731	
351981	350905	351123	351237	348531	
347696	346002	347216	347158	344494	
346951	345893	346480	347026	343515	
352114	350016	351278	351712	349042	
353258	351350	351580	352306	349267	
352313	350875	351341	351545	348239	
351088	349436	350364	350517	347374	
347397	346401	346517	346673	343606	
346334	345462	345680	345387	342701	
339144	337610	338847	338684	335404	
344868	343733	343798	344459	341302	
351060	349606	349659	350077	347517	
350448	348306	349364	349188	346766	
354541	353631	353640	354387	351183	
351306	349981	351107	351100	347970	
352464	350916	351397	351237	349005	
355919	354552	354935	355021	352090	
357058	355436	356244	356281	353585	
355292	353575	354777	353810	351323	
354796	353436	353731	354928	351608	
357181	354998	355420	356348	353035	
354557	353367	353921	354603	351487	
353559	351956	353213	353490	349991	
355916	354726	354789	354731	352316	
354160	353037	353613	353408	350541	
356246	354552	354397	355174	351684	
356636	354986	355072	355735	352675	
355766	354564	354671	355107	352255	
350849	349773	351125	350601	347942	
352578	350742	350835	351234	348204	
354318	353819	353603	354536	351323	
357870	356513	356951	357448	354155	
357506	356631	356794	357090	353448	
358694	356965	357919	358292	354784	
360675	358821	359311	359559	356448	
361039	359800	359858	360527	357882	
361455	359856	359991	361086	357374	
360592	359181	360246	360142	357320	
358072	356835	357360	357893	354476	
352977	350919	351729	352019	348773	
359439	357543	357624	358151	355130	
357462	356258	356346	356828	354056	
357571	355466	356360	357687	353905	
363654	361128	361954	362341	359538	
363798	362165	362784	363418	360617	
363624	362480	362492	363701	359954	
365121	362738	363710	363912	361090	
362594	362209	361963	362527	360049	
360306	358155	358849	359404	356374	
359153	357137	357852	358661	355044	
359067	358689	358833	359037	356464	
363944	361527	362309	362295	360118	
364872	363174	364139	364527	361905	
365759	364014	364661	364921	361954	
362794	361406	361759	362696	359269	
361657	360622	361271	361084	358290	
361223	359436	360174	360754	357246	
362717	361186	362063	362903	358988	
363749	362387	362619	363155	360392	
364684	363376	363613	364413	361311	
363872	362387	362858	362854	360002	
362394	360942	360875	361497	358910	
361599	361021	361104	362350	358958	
364005	362007	363100	363812	360081	
361677	359805	360420	361269	357854	
363759	362469	362729	363130	360476	
364882	363615	363954	364529	361023	
364158	362747	364042	364657	360740	
367035	365606	365930	366406	364262	
367014	365223	365993	366626	362984	
362619	360972	361703	361745	359643	
365306	363984	364323	364907	361856	
367773	366587	366735	366745	363422	
367534	365738	366659	367218	364278	
366705	364629	365722	365849	362926	
359933	358610	358833	359394	355854	
363972	363420	363770	364782	360798	
367828	366206	367002	367550	364144	
366814	365534	366262	366636	363863	
367397	365582	366248	366840	363965	
364907	363643	363719	364336	361510	
358726	357773	358622	358582	355972	
354506	353624	354032	354316	352209	
349056	348007	348450	349179	345784	
352905	352158	352074	352079	348879	
363394	361624	362339	362784	359448	
366963	365510	366450	366534	363044	
365671	364784	364587	365436	362766	
367492	366267	366306	366998	363550	
368200	366624	367882	367715	364555	
366030	364664	365049	365573	362153	
355717	354508	355265	355336	351870	
358719	357930	358589	358907	355564	
359747	358179	358684	359130	356490	
363766	362123	363116	363262	359963	
361179	359749	360169	360097	357320	
362884	361568	361903	362478	358963	
357798	356067	356167	357462	354093	
306297	304629	305369	305135	302617	
219782	218462	218724	219740	217070	
227002	225731	226490	226619	225009	
239397	238766	239445	239636	237169	
253325	251638	251984	252374	250267	
268060	267255	267968	267582	265169	
284538	283216	284179	284589	281673	
305803	304715	305130	305722	302517	
325035	324306	324070	324715	321933	
346852	345886	346596	346292	343865	
335666	333610	335501	335000	332086	
325817	324916	324784	325466	322371	
308536	307650	308752	308246	306019	
315469	314053	314571	314631	312766	
305916	304896	305128	305749	303329	
318977	317756	318754	318643	316139	
305142	304146	304833	304285	301494	
325035	323190	324097	324561	322118	
304088	303165	303701	304193	301476	
334035	332116	332411	332580	329877	
317130	315441	316573	316390	313858	
329831	327552	327910	328638	325599	
336838	335842	336647	336777	333926	
318606	316810	317587	317726	314882	
345332	343949	344520	344972	342095	
335657	334529	334144	335283	331629	
337951	335575	336712	336942	333457	
354276	352768	353216	353712	350935	
333879	332515	332845	333766	330218	
336752	335566	336179	336339	333401	
350306	348608	348791	349534	346102	
339798	339039	339220	339408	336805	
352232	351026	351353	351158	348251	
360121	358789	359459	359081	356501	
341483	340181	340613	340961	338517	
340998	340292	340116	341109	337578	
353348	351872	351951	353146	349666	
348573	347234	347200	348244	344944	
334343	332501	333573	333332	331387	
344434	343977	344784	344710	341958	
343230	341629	342309	341940	339276	
346181	345524	345299	345981	343302	
354875	353603	353527	353972	351190	
343329	342385	342833	342900	340200	
329492	327738	328910	328596	325622	
329046	326726	327645	328005	325260	
336582	335548	335601	336144	333919	
346594	344671	345845	345889	342747	
350896	349174	349749	350473	346868	
336545	335650	335780	336258	333731	
346151	344654	344937	344919	341784	
351058	348798	349385	350258	346773	
353081	351019	351671	352926	349527	
352903	351100	351260	352162	349385	
339037	338575	338309	339411	336186	
351940	350100	350640	351148	348128	
348125	346738	347705	348230	344399	
346223	345309	345589	346056	342777	
362153	361123	362288	362339	359610	
363524	361327	362026	362856	359234	
368081	366550	367026	367810	364543	
374961	373107	374253	374429	370947	
373847	372360	373044	373747	369875	
367292	365394	366501	367123	362907	
371754	370090	370735	370589	367798	
371445	370039	370733	370879	367490	
361631	360251	360053	361541	358155	
349575	348135	348826	349673	346172	
350350	349810	349817	350425	347072	
362297	361325	361227	361910	358821	
368638	368148	369155	369086	366026	
370183	368367	368643	369905	366608	
358200	357174	357520	357622	355318	
351357	349603	350137	350636	346631	
344497	343916	343485	344596	341093	
354691	352606	353719	354415	351415	
356807	355009	355840	356285	352965	
348735	347195	347223	348044	344812	
365763	363348	364258	365218	361545	
362993	361961	363132	363631	359237	
344007	342845	343555	343691	340049	
355624	353993	354557	354559	351506	
361390	359968	360401	361232	357292	
344747	343220	343213	344276	340664	
331492	329891	330508	330965	327763	
350691	350318	351200	350995	347828	
361466	359954	360350	361241	357856	
355896	354028	354763	355053	352151	
355852	355239	355260	355594	352717	
362425	361155	361677	362132	358501	
343160	342102	342037	342657	339742	
332200	331019	331708	331568	328650	
356847	354712	355845	356009	352206	
363195	361703	362123	362181	359320	
358213	356858	356849	357831	354320	
341012	340445	340647	340754	337865	
350251	349165	349606	350624	346833	
341355	339977	340763	340318	338220	
349719	348543	349555	349879	346794	
366132	365049	365784	365993	362733	
373425	371701	372079	372742	368647	
374239	373084	373599	374174	371111	
367944	366629	367561	367935	364473	
363870	362023	362206	362817	359984	
350278	349046	349566	349981	347123	
353531	351116	352369	352647	349418	
369527	367891	368476	368740	365575	
374916	372984	374230	375408	371065	
373974	372425	373371	373522	369868	
373167	371369	372283	373425	369784	
373974	372394	373130	373332	370070	
371726	369800	370339	370715	367682	
361306	360067	360176	360826	357849	
357872	356657	356494	357290	354032	
367578	365810	366012	367418	363341	
366643	365954	365480	366722	363668	
368151	365687	367288	367343	363984	
368114	366968	367740	368037	364933	
367007	365677	365970	366796	363378	
371019	368852	370104	370777	367262	
371749	369643	370401	370708	367775	
368355	367633	367381	369051	365281	
366951	365972	366334	367524	363383	
370111	368139	368385	369339	365624	
375002	372875	373387	374125	371023	
372912	371696	371418	372336	369253	
375137	374434	374561	375132	371861	
375907	374283	375206	375181	371599	
372473	371926	371840	372288	369097	
369353	367415	367281	369123	366007	
374854	373053	373958	374870	370520	
376719	374805	375355	375580	372237	
369587	368327	368148	369543	365856	
368325	366775	367276	367926	364923	
371457	369731	370705	369787	367269	
370580	369213	370265	370740	367325	
369594	367817	368633	369090	366035	
374715	372515	372891	373466	370448	
374724	372831	374039	374536	371545	
374429	373051	373255	373889	370933	
375534	372893	373756	374341	370921	
375928	374142	374965	375056	372907	
375408	374255	374587	374522	371824	
377258	375592	375833	376188	373049	
377691	376912	376457	376942	374097	
378735	377316	377327	378042	374636	
374951	373253	374302	374589	371213	
376466	374320	375183	375290	372485	
376021	374251	374244	374826	371951	
371374	369636	370513	371032	368007	
373872	372849	373316	373230	370290	
376429	375408	375872	375673	372513	
378381	376722	376944	377587	374541	
375968	374121	374940	375181	372334	
376190	373766	375411	375448	372035	
373889	372513	373218	373132	370306	
368654	367390	367898	368067	365763	
378550	377596	376949	377935	374896	
380480	379144	379497	380137	376445	
375738	374515	375067	375193	372118	
372399	370613	371251	372128	368404	
364536	362606	364160	364928	360889	
369875	367921	368882	369072	366241	
374944	373125	373742	374689	371568	
378898	377622	378485	378928	375666	
377357	375601	376877	376742	374148	
378761	377965	378371	378766	375162	
377879	376265	377541	377956	374729	
374847	373290	373961	373262	371132	
375357	373661	374789	375392	371673	
373587	372494	372831	373195	369675	
366299	364462	365889	366348	363265	
355798	354223	355383	355724	352457	
363292	362151	362594	362905	360021	
367640	366740	367067	367974	363807	
376070	374582	374930	375401	372515	
374281	373383	373784	373756	370800	
372162	370754	371450	372077	369084	
370691	369346	370362	370056	366682	
370942	369021	369608	369246	366659	
369879	367963	369311	368923	366494	
359796	357930	358086	359095	355724	
335220	334341	334288	334875	330968	
329014	327390	327995	328824	325158	
313782	312993	313016	313998	310032	
321483	320288	321288	321021	318070	
312559	311949	311376	312042	309492	
292977	291148	291585	292629	290044	
294854	293877	294070	294747	292313	
300599	298517	299659	299513	297265	
272926	271840	272283	272858	270318	
313524	312622	313606	313752	310176	
312316	311471	311673	311534	309269	
300856	299343	300350	300378	297596	
296295	295005	295687	295819	293557	
261142	259617	260515	261088	258084	
236585	235715	235659	236457	233921	
300121	299274	299617	299777	296557	
314589	313121	313603	314304	311877	
267357	266093	266652	267000	264805	
262824	261930	262262	262770	260104	
286666	285731	286200	286949	284311	
297445	296712	297060	297573	294555	
290042	288951	289497	289415	287445	
283756	282232	282555	282965	280485	
259081	258002	258812	258942	256420	
294759	293350	294350	294684	291501	
284972	284234	284030	284169	282455	
282381	281107	281109	281629	279346	
310030	308984	309148	310063	306916	
325840	324490	325204	326239	322791	
344810	343188	343622	344571	341206	
361032	359756	360545	360302	357981	
366237	364923	365278	366292	363063	
352153	350552	351142	351325	348292	
348485	347056	346763	347594	344640	
355190	353854	354606	354742	352401	
364028	362060	363561	363643	360756	
358302	356810	357111	358049	354930	
336817	335930	336023	337021	333494	
354784	354452	354513	354852	351805	
340566	338991	339522	339780	337220	
345687	344965	345905	345608	343021	
357188	355541	355835	356457	353998	
326898	325237	326165	326151	323339	
287752	286956	287202	288093	285626	
268568	267596	267492	268805	265861	
303575	302821	303385	303984	300146	
338051	337425	337986	338051	335037	
307223	305731	306292	307183	303898	
301348	300211	300227	300668	298183	
307434	306603	307144	308084	304766	
300717	298541	299573	299320	297046	
312698	311355	311949	311803	309355	
328255	327522	328283	328130	325868	
333835	332046	333002	333668	330733	
323343	321719	322824	322218	319794	
272905	271552	272494	272494	270130	
289197	288520	289028	289158	286320	
336513	335299	335545	335619	332413	
322439	320536	321332	321703	318673	
331954	331109	331367	332362	329130	
329863	328478	329789	329958	326840	
317376	316012	316552	317121	313731	
314910	313369	314541	313961	311868	
283503	283174	283195	283399	280912	
327536	326455	326828	327364	324142	
348135	346661	346661	347367	344708	
336594	335550	335675	335995	333211	
344775	343000	343510	344220	340640	
314332	313503	313503	314262	310870	
316216	315019	315979	316209	313290	
275921	274030	274425	275065	272202	
270791	269923	269838	270320	267942	
317766	315919	316457	317193	315422	
333937	332023	332935	333916	330394	
333290	331937	332831	332944	329986	
352334	351789	351527	352376	349223	
356376	355206	355914	356782	353183	
322603	321343	321336	322381	319357	
308415	306376	307288	306833	304840	
281673	281016	281404	281573	279668	
289657	288325	289174	289288	286251	
307021	305886	306176	306304	303471	
319738	318798	319299	319387	316610	
350332	348659	348617	349826	347014	
355608	355274	355274	355251	352023	
335849	334390	335756	336070	332666	
334503	333548	333568	334350	331487	
300882	299951	300200	300114	298299	
310884	309787	310290	310835	307717	
341626	340490	340696	341023	338288	
339650	338153	338749	339473	335506	
313097	312114	312916	312515	309654	
315912	314991	315548	316364	313146	
326791	325102	326121	326320	323573	
344258	343146	343251	344000	340942	
339497	338292	338531	339137	336051	
323084	321617	322169	322527	319677	
320852	320139	320515	320682	318232	
347325	345515	346255	347125	344241	
364197	362494	363659	363186	360508	
364510	363002	363246	363986	360868	
361689	360585	362021	361740	358332	
348726	346912	347633	348436	345023	
359626	358812	359638	359659	356680	
364285	362898	363362	363687	361123	
360077	358896	359232	360276	356527	
351849	350311	351102	351097	348290	
355462	353712	353369	354283	350726	
366719	364896	365826	365406	362499	
379095	377343	377819	378234	374972	
381956	379633	380691	380884	378005	
380599	378926	379580	380513	375529	
380445	378028	379169	379928	375821	
362914	361963	362176	363327	359450	
369531	368181	368954	368893	365854	
372715	371494	371698	372791	369756	
361269	359831	360376	360961	358065	
358028	356357	357009	357789	354445	
366193	365206	364805	365515	363104	
366411	364626	365814	366302	362543	
365418	364316	364613	364617	361543	
359190	357722	357879	359624	355086	
366615	365413	366121	366557	363265	
365065	364515	364805	365404	361745	
358058	356684	357343	357306	354209	
359244	357606	358102	358552	355684	
359798	358030	358090	358831	355434	
364510	363773	363392	364084	361104	
370239	368740	369332	370241	366524	
360501	358872	360290	359223	356919	
368204	367735	367735	367710	365186	
372928	371657	372940	372557	369812	
375005	373729	374009	374810	371817	
376206	374520	375267	375805	372937	
376144	374545	374942	375740	372592	
376406	375761	376406	376891	372735	
381316	379541	380838	380619	377480	
374271	372494	372666	373285	370436	
364673	363404	363766	364269	361081	
367754	366014	366355	367422	364097	
363473	361531	362072	363162	359406	
360492	359369	360392	360810	357283	
355313	354130	354420	355067	351548	
360763	358870	359086	360093	356545	
367566	365984	366411	366506	363158	
367116	365847	366856	367042	363752	
370566	369608	369742	370316	366903	
370176	369274	369573	369919	366652	
376782	374889	375756	376406	372958	
371566	369466	370035	370480	367392	
373877	371594	372369	373023	369661	
380459	378798	379585	380459	376288	
378290	376077	377162	377299	374009	
373852	372840	373343	373332	370677	
374729	373079	373385	374896	371394	
362840	361304	361357	362531	359571	
361812	360135	360965	361290	357529	
375566	374026	374910	374838	371896	
370258	368415	368977	370306	366415	
364274	362211	362415	363216	360682	
374019	372687	373285	373756	370677	
376599	374464	375684	375390	372766	
377770	376260	377645	377594	374661	
368469	367012	367668	367826	364281	
364364	362195	362745	363659	360689	
373049	371903	372334	372497	369536	
380274	379104	379589	379571	376722	
383541	381798	383225	382190	379698	
383195	381898	382905	383357	379485	
380341	379093	379455	380179	377422	
383339	381339	381733	382343	379290	
384148	382499	383160	383845	380450	
383369	382255	381761	383028	379093	
383854	382729	383290	383364	380137	
383863	382035	383023	383882	380355	
377369	375132	376051	376341	372712	
377701	376179	376629	377898	374464	
378434	376852	377568	377787	375239	
370824	368865	369211	370334	366914	
370937	369626	370030	370478	367580	
376251	375675	375587	376012	373677	
380411	379527	379483	380023	377271	
383696	382329	382492	383026	379295	
385613	383608	384290	383807	381332	
385503	383940	383531	384722	381582	
385135	384898	385021	385905	382543	
386292	384336	385121	385698	382443	
385039	384501	384775	384791	382680	
382561	380754	381014	381729	378357	
371487	369814	370487	370452	368422	
376376	375633	375436	376355	373246	
381916	380824	381425	382195	378306	
382369	381378	382531	382401	379687	
383912	382434	382963	383237	380109	
384441	382972	384107	383705	380390	
383968	382803	382494	383230	380332	
381030	379452	380167	380738	377056	
381666	380664	380323	380712	378095	
380513	379135	379645	379589	376773	
381469	379891	380441	380376	376919	
383081	381339	382195	382933	378738	
382084	381183	381005	381921	378984	
380624	378937	379420	379652	376497	
382575	381109	381501	382125	378536	
383587	382592	383269	383387	379977	
384316	381896	383160	384357	380947	
384775	382863	383738	384387	379828	
382722	382016	382510	381831	379459	
377313	375450	375974	376868	373568	
378425	377090	376566	377838	374123	
366332	364455	364466	364919	361717	
368910	367717	368406	368251	365225	
377610	375891	376058	376805	373179	
379097	377459	377845	378434	374905	
380610	379652	380378	380309	377234	
382717	381418	382422	381984	379232	
382466	380684	381443	381541	378538	
380334	378290	379661	380497	376485	
376515	374596	375543	375320	371879	
378381	376842	377687	377703	374592	
373935	371712	372543	373441	370661	
361434	359824	360464	361121	357557	
373954	371898	373000	372513	369626	
377292	375158	375840	376343	372810	
377879	376828	376919	378385	374617	
380988	379204	380225	380643	377536	
381306	380213	380724	381237	378081	
381729	380415	380592	380826	377276	
375838	374009	374643	375501	371773	
373633	371780	372165	372288	369255	
372710	370940	371759	371768	368241	
377452	375659	376845	377404	373794	
379852	378336	378698	379527	376255	
379459	377689	378186	378200	374879	
370406	368459	368921	370079	366633	
375527	374633	374756	375248	372383	
379318	377886	378079	378791	375399	
380550	379183	380039	380325	377652	
381731	379176	379770	380745	376916	
381596	379970	380285	380652	377206	
380364	378944	379385	379647	376063	
379255	378269	378155	379281	375735	
379429	378466	379030	379643	375647	
378000	376148	376747	377369	374160	
373981	372455	373364	373796	370763	
375204	374000	374589	374566	372295	
378673	376404	377575	377536	374483	
378253	377459	377183	377657	374907	
378677	376545	377666	377870	374831	
376555	375056	375439	376220	372622	
369183	367694	368346	369056	365775	
374578	373206	373666	373355	369439	
374884	373253	373671	373814	371026	
374211	372480	372942	373499	370791	
376304	375944	375863	376146	373369	
377005	375104	375838	376237	373090	
378220	376499	376893	377220	373958	
376661	375346	376360	376174	372988	
372833	370879	371592	371568	368977	
368555	367158	367947	367821	365302	
374030	371940	372930	373726	370114	
374283	372002	373320	373097	370169	
367979	366689	367188	367422	364232	
372144	370160	371114	371780	368146	
374907	373858	374202	374364	372084	
374935	373216	373882	374132	370464	
374522	373492	373615	374239	371445	
373452	372093	373028	372863	369930	
368455	366784	367181	367459	364712	
364023	361937	362812	362548	361114	
356585	355571	356095	355900	353548	
362350	360803	361708	361800	358060	
365086	363232	363550	364276	360652	
365615	364155	365260	365965	362086	
358021	356329	357297	357826	354195	
295552	294854	295617	295445	292664	
207749	206831	206659	206784	205234	
159471	158877	159717	159517	157754	
137842	137534	137921	138111	136687	
109545	109162	109123	109536	108448	
85329.5	85027.8	84788.9	85366.6	84605.6	
70357.3	70252.9	70146.2	70459.4	69747.1	
61053.4	60821.3	61044.1	60937.4	60320.2	
58756.4	58352.7	58345.7	58777.3	58074.2	
59099.8	58800.5	59164.7	59120.6	58628.8	
66522	66345.7	66331.8	66587	66097.4	
75329.5	74983.8	74884	75176.3	74473.3	
92350.3	92048.7	92123	92301.6	91234.3	
113336	113200	113130	113216	112086	
141923	141418	141582	141824	140469	
172954	172390	172763	173202	172172	
251044	250248	250466	250541	248487	
274436	273313	273631	274172	271654	
231585	230432	230842	230613	229278	
219559	218845	219615	220225	218095	
170582	170276	170573	170626	168993	
183968	182759	182884	183276	181766	
159555	159121	159599	159647	158009	
142304	141865	142408	142042	140896	
175798	175241	175107	175566	174077	
134661	134176	134445	134350	132986	
158821	158297	158742	158789	157506	
178364	177652	178255	178318	176487	
137527	136886	137220	137109	136341	
184527	184125	184271	183933	182893	
192297	191619	192923	192206	190791	
151455	150854	150684	150703	149689	
206819	205680	206682	206608	204722	
218875	217661	217868	218466	216056	
172167	170666	171355	171404	169991	
223299	222346	222638	222791	221044	
252014	251325	251561	251784	249241	
200754	199954	200046	200900	198712	
228724	227810	228302	228631	226865	
280473	279406	280313	280146	277578	
243919	243123	243432	243452	241128	
230926	230237	230606	230619	229079	
283007	282248	282209	282582	279916	
284060	283364	283392	283513	280977	
243582	242784	242673	243255	240903	
272824	271413	272508	272295	269916	
313949	311865	312355	312995	310759	
289097	287696	288072	288517	286383	
273828	272260	272334	273114	270606	
316311	315053	315624	315722	313406	
333425	331930	333186	333756	330077	
312230	311044	311211	311923	308907	
307216	306865	306130	306740	304137	
337664	336810	337550	337882	333930	
350677	347914	348970	349107	346204	
334522	333058	333613	333854	330654	
328292	326503	327390	327903	324503	
345923	344070	344387	344926	341944	
350042	348643	349445	349151	346898	
346355	345392	345694	345232	342353	
339543	338251	339629	339439	336383	
353550	351914	352654	352789	349935	
359789	358169	358425	359592	356253	
353680	353241	353376	353566	351483	
344346	342819	342886	343640	340800	
342339	341132	341940	342016	339246	
350406	348968	349452	350543	347638	
357123	355019	355592	356550	353831	
352385	351471	351944	352030	348835	
352265	350650	351128	351673	348538	
346299	345186	345545	346009	343121	
354109	352023	352155	352974	350111	
359828	358404	358742	359661	356513	
360492	359271	359269	360121	356756	
362406	361209	361738	361949	359148	
365420	364555	364288	365172	361629	
367353	364647	365167	366399	362640	
364241	362800	363374	363575	359777	
356476	354803	355374	355845	352979	
356689	354773	356186	356559	353093	
354485	352984	353230	354394	350376	
349271	347759	348084	348436	345589	
354385	353350	353657	354912	351316	
359007	357835	358065	358093	354842	
359503	357513	357708	359007	355387	
360450	358585	359343	359817	356327	
357698	356155	356872	357350	354248	
357766	356497	356926	356698	354629	
359534	358116	359132	359206	356209	
356058	355756	356276	356527	353104	
355933	353923	355058	355186	352529	
359705	358810	359269	359457	356327	
361255	359545	360227	360346	357220	
359747	359053	358991	359121	356573	
360132	358360	359318	359965	356432	
362436	360422	360910	361387	357944	
362745	360968	361615	363220	359680	
363174	362206	362336	362682	359780	
363408	361587	362622	362552	359968	
358872	357536	358267	357719	355740	
352930	351650	352137	352763	349079	
356770	355483	357026	356439	353754	
357868	355552	356624	357448	353613	
351125	350019	350462	351550	347868	
344991	343619	344302	343898	340819	
351165	349998	350538	350613	346986	
355158	354116	354559	354471	351712	
357142	356680	356814	356828	354629	
358153	356631	358490	358283	355005	
358833	358058	358561	358742	356158	
360049	359051	358510	359752	356107	
357856	356854	357269	357671	354422	
357545	356179	356213	357026	353956	
358923	357770	357673	358986	355065	
359206	358193	359153	358740	355731	
360513	358049	358626	358759	356227	
359986	359244	359870	359241	357383	
360578	359949	359578	360877	357114	
361090	359698	360413	360381	357067	
356596	355791	355914	356418	353506	
353800	352606	352188	353921	350385	
351794	350165	350673	351457	347515	
351457	350543	350907	351392	348800	
356158	354341	355032	355290	352684	
357362	355216	356162	356610	353462	
349722	348445	348824	348684	346527	
348613	348102	347847	348107	344747	
354503	353432	354063	354427	351302	
357246	355441	356265	356954	353650	
357745	356661	357318	357392	353893	
356515	355473	355775	355814	353079	
350269	349450	349664	349782	346845	
353427	351492	351831	352306	349742	
356042	354100	355394	355575	352049	
356575	355253	355726	356575	353081	
357169	355176	356248	356063	353267	
355671	354248	354777	354814	351348	
350021	348469	348350	348626	346128	
348879	347497	347399	348211	344661	
348436	347571	347313	348325	344657	
351466	350262	351202	350831	347780	
353285	352176	352796	352777	349968	
354483	353555	353445	353675	350712	
353671	352469	353353	352659	350626	
349868	348350	348671	349130	347100	
351139	349390	350037	350346	347211	
347849	347355	346812	347777	344724	
349480	348292	348452	349183	345824	
352531	350316	351125	352014	348752	
353522	352543	352949	353561	350009	
354116	353081	353770	354267	351339	
355534	353350	353858	354295	350933	
354923	353791	354566	354364	351619	
354717	352951	353559	354633	351689	
354794	353046	353253	353780	351673	
354666	353529	353905	354165	350828	
354313	353176	353067	354012	351037	
353318	351629	352107	352898	349439	
352965	351026	352093	352951	349735	
352599	351520	351339	351506	349100	
346367	344852	345508	346552	343044	
339046	337592	338657	338643	336487	
344169	343065	342664	343589	340304	
340703	339747	340167	340418	337258	
343473	342336	342462	342480	339988	
346276	346109	346278	346455	343204	
348445	346800	348320	348123	345051	
348835	347680	348362	348531	346097	
349188	348072	348406	348998	344986	
349381	347434	349155	348469	344993	
348968	347239	348204	348780	345814	
349413	348429	349443	348979	345877	
348914	347060	348506	347807	345548	
344689	342896	344341	344608	341371	
346951	345483	346265	346742	343316	
347861	346745	346745	348023	344211	
346276	344919	345239	345455	342594	
344972	343594	344109	344016	341858	
347111	345162	345998	346200	343360	
347717	346369	346782	346947	343826	
346466	345849	346729	346740	343548	
345450	344977	344629	344986	342810	
345202	343631	344292	345065	341942	
343390	342596	342677	342914	339872	
342014	340167	340745	340824	338350	
344343	342937	343021	343190	340701	
343471	341877	342309	343336	340594	
341436	339450	339893	340724	337731	
341794	341000	341385	341891	339060	
342585	340782	341336	341209	338968	
342167	340295	341311	341499	338406	
335981	334768	335137	335360	332879	
336267	335172	335343	336135	332673	
337937	337406	337220	337814	335060	
335169	334118	334265	334766	331448	
334826	333626	334072	334712	331357	
338253	336780	337111	337492	334513	
337995	336763	337109	338497	334747	
335935	334492	334842	335084	331988	
335135	333566	334320	334970	331731	
335619	334399	334903	335415	332413	
333919	333100	333190	333155	330961	
330394	329200	330274	330088	327775	
328109	326893	327260	327172	324705	
322513	321153	321981	321984	319179	
320079	318462	318947	319522	316487	
329070	327766	327601	328462	325940	
332019	331445	331420	332524	329128	
327299	324824	325636	326947	322821	
320594	319552	320220	320510	317800	
326153	325118	324527	325606	323051	
332371	331026	331390	332065	328383	
334158	332965	333374	333710	330522	
327515	326060	327002	327619	325039	
320541	318900	320074	319828	316847	
323434	322007	322833	322617	320253	
324211	323517	322972	323780	320807	
325835	324218	325139	324995	322332	
325970	324390	324745	325172	322893	
321596	320195	321355	321677	318631	
316104	315677	316009	316295	313060	
319123	318067	318063	318258	315587	
317561	316847	317434	317606	314401	
323536	322364	322775	323146	320288	
321204	319726	320450	320606	317731	
320828	319246	319863	320241	316968	
323353	323035	322543	323494	320715	
317543	316896	317341	317798	314677	
314418	312680	312933	313206	310722	
313494	311919	312179	312455	309422	
309664	308005	308529	308893	306434	
316334	315225	315578	316179	313014	
321244	320854	321248	321165	318086	
315972	314176	315499	315271	312503	
315009	314072	314209	314418	312035	
319898	318805	319246	320007	317211	
320002	319137	319137	319599	316954	
318749	317517	317893	318483	315847	
313248	312360	313114	313536	310097	
308578	308109	308107	308304	305919	
309879	308130	308483	309204	305787	
315107	313852	314578	314452	311684	
318480	317545	318439	318487	315622	
317817	315958	316304	316819	314485	
319186	317095	318237	318545	316206	
319418	317664	317898	318550	315988	
319197	317768	318501	318107	315694	
318181	316399	317383	317780	315355	
313065	312021	311861	312724	309624	
308343	307394	307661	308522	305487	
304622	303046	303385	303805	301088	
301037	299557	299995	299940	297629	
299794	298856	300000	299478	297276	
306285	305508	305464	306007	303283	
311622	310568	311404	311183	308659	
309186	307905	308689	308638	306088	
310206	308747	309668	309469	307000	
309582	307905	308664	308705	306144	
311079	309619	310053	310740	307578	
312984	312274	312139	313383	310626	
313118	311935	312227	312545	309991	
313940	313042	313422	314118	310325	
314065	313745	314016	313882	311118	
313123	311861	311571	312933	310306	
311510	310427	311039	311852	308617	
313951	311872	312926	313153	310480	
310381	308991	309285	309729	307223	
308230	306949	307580	307599	304615	
307882	307422	307281	307796	305065	
307993	307158	307592	307659	305155	
311255	309339	310394	310390	307812	
309789	308443	309019	309295	306807	
309026	308561	307956	308703	305905	
307042	306121	306084	306738	303248	
304882	303490	304406	304543	301262	
305719	304691	304726	305246	302550	
298246	297209	297100	297255	294963	
286891	285211	285682	286253	284376	
288638	287090	287735	287691	285399	
294346	293195	292664	293478	291483	
293986	293209	293933	294367	291371	
294661	293318	293494	294239	291346	
288805	287162	288364	288329	285042	
278956	277288	278128	277930	275200	
284383	283666	284288	284339	281819	
284536	283798	284332	284097	282244	
277856	277288	277898	277499	275267	
271044	269807	270056	270814	268494	
273090	272561	273186	273239	270738	
274408	273473	273111	274023	271575	
271872	270626	270826	271304	268160	
270276	269710	269861	270624	267492	
265828	265097	265234	265587	263376	
262088	260531	261084	261100	258812	
255838	254490	255060	254914	253260	
252884	251861	252325	252478	251227	
249531	248483	249176	249016	247260	
241230	240302	241165	241471	239466	
238763	237677	238418	238476	236531	
241596	240763	240956	240777	239747	
240422	239935	240220	240418	238406	
236942	236503	236657	236487	234903	
232014	230752	231392	231387	229297	
228265	227318	227986	228369	226193	
229005	227854	227343	228392	225494	
226404	225299	225803	226290	224188	
223893	222752	223276	223299	221527	
220288	219819	219636	219900	218012	
214413	213601	214234	214181	212350	
209084	208206	208049	208914	206529	
200998	200770	200956	201295	198965	
3904.87	3904.87	3907.19	3916.47	3909.51	
3877.03	3877.03	3877.03	3877.03	3877.03	
3872.39	3867.75	3865.43	3860.79	3870.07	
3867.75	3867.75	3867.75	3865.43	3865.43	
