3230.77	3223.08	3221.15	3232.69	3223.08	
3205.77	3198.08	3203.85	3203.85	3196.15	
3190.38	3192.31	3192.31	3192.31	3198.08	
3194.23	3200	3194.23	3186.54	3196.15	
193262	191821	190550	189496	187587	
195671	194285	193210	192285	189854	
195408	194173	192635	191604	189454	
199229	198498	197004	195435	193162	
199687	198579	197733	195990	193898	
200821	199879	198490	196665	195067	
199387	197965	196515	195375	193448	
197623	196806	195012	194138	191738	
203744	202750	201277	200125	198262	
207773	206787	205492	204373	201779	
209123	208131	206063	205192	202946	
209400	207894	206817	205535	203271	
206104	204925	203454	202119	200462	
203733	202137	201208	199285	197640	
207579	206454	205063	203983	201958	
211679	210419	209102	207617	205196	
210752	209329	208021	206383	204396	
205360	203902	203194	201140	199525	
206879	206000	204763	203262	201085	
215131	213742	212037	210838	208496	
215952	215452	213883	211942	210154	
216013	215427	213783	212312	210187	
214112	213192	212063	210421	208600	
209185	207592	207092	205035	203129	
208871	207706	206185	205185	203017	
216075	214521	213394	212196	209935	
214942	213677	212352	210813	208510	
211985	210450	209337	208050	205381	
215356	213935	212273	210998	208798	
216771	215823	214338	212917	211242	
212796	210931	210075	208558	206262	
206800	205912	204335	203175	201592	
215360	214535	213652	211588	209558	
218879	218100	215862	215190	212796	
217054	216083	214444	213525	210763	
214596	213719	212348	210927	208521	
214465	213210	211458	210454	208442	
214706	213596	212573	210640	208581	
212396	211388	209719	208162	206310	
215640	214498	213088	211935	209408	
220452	219631	218354	216719	214313	
218756	217238	215842	214190	212015	
215798	214577	213154	211508	209538	
215579	214240	213019	211446	209742	
222596	221119	219669	218123	215492	
225306	223840	222269	221010	218354	
224733	224044	222523	220848	218681	
220402	218969	217754	216337	214225	
213604	212783	211402	209694	207981	
203140	202285	200733	199850	197129	
203821	202800	201131	199760	197763	
215937	215058	213387	211883	209894	
223552	222608	221262	219675	217821	
229525	228150	226446	225108	222992	
232256	231140	229200	228160	225637	
234375	233485	231765	230117	227587	
236838	234988	233371	232258	229613	
234846	233902	231744	230731	228240	
235385	234235	232885	230975	228512	
234817	234042	232410	230658	228983	
231190	229577	228675	226790	224762	
222535	221140	219938	218187	216106	
217952	216404	215013	213665	211404	
224200	222350	221362	219887	217502	
233342	231637	230400	228794	226604	
237288	235650	233996	232594	230444	
235575	234050	232504	231540	229285	
237465	236083	234590	233325	230985	
236685	235287	233706	232973	229963	
239610	238690	236927	235854	232971	
239854	238092	236792	235385	232552	
235637	234258	232852	230725	229110	
235437	234225	233052	231463	229379	
240427	238992	237058	236140	233298	
242212	241025	239615	237202	235327	
243588	242267	241040	239133	236425	
242208	240746	239252	237700	235254	
238292	236471	235096	233833	230877	
235077	233587	231575	230712	227915	
232742	231096	229687	227806	225833	
233617	232381	230900	229240	226942	
237504	236213	234631	233242	230879	
236723	235469	233877	232896	230085	
231381	229727	228262	226542	224508	
228350	227283	225844	223913	222188	
225144	223756	221975	220842	218519	
219994	218404	217063	215921	213390	
203640	202506	201550	199752	197623	
165825	164954	163704	162425	161087	
151915	151798	150852	149558	148229	
201012	200477	199037	197537	195521	
224631	223450	221910	220625	218023	
228787	226790	225879	224290	222271	
232129	231367	229688	228267	225700	
235346	233975	232065	230588	228681	
235506	234342	232556	231013	228465	
237604	236602	234806	233554	231467	
247754	246098	244523	243104	240796	
249546	248069	246456	244635	241967	
246856	245871	244438	242598	240046	
248087	246719	245163	243702	240848	
248115	247090	245404	243858	241267	
246481	245221	243425	242023	239387	
247504	246435	244844	242952	240837	
252592	250844	249312	247973	244631	
250812	249258	247723	246056	243456	
240531	238806	237040	235850	232808	
243623	242069	240983	238687	236671	
252512	251233	249594	247752	245273	
250737	249906	248031	246083	243971	
253500	252306	250256	248508	246192	
256962	255404	253546	252187	249533	
256760	255077	253502	252202	249323	
254604	253279	251721	250088	247602	
255775	254506	252704	250913	248763	
253496	252446	250567	248721	246310	
253487	252298	250231	248806	246525	
258104	256858	255585	253310	251454	
259102	257423	255575	254273	251644	
260513	259240	257723	255665	253390	
261162	259619	257931	256031	253421	
261465	260002	258423	256133	254019	
262252	260625	258642	257721	254971	
262419	261440	259725	257585	255092	
262477	261110	258963	257017	254473	
261492	260173	258440	256658	254298	
261240	260025	258031	256860	254206	
261960	260529	258658	257040	254335	
262235	260560	258363	256908	255129	
258269	256831	255573	253469	251221	
251029	249950	247756	246731	244342	
258133	257025	255031	253162	250592	
263648	262387	260454	258308	255919	
263190	261631	260046	257752	255606	
262988	261073	259704	257742	255571	
261508	260446	258106	255994	254077	
258317	256292	254758	252856	250158	
264537	262858	261319	259769	256904	
265748	264679	263150	260798	258477	
267542	265900	264012	262065	259550	
267900	266294	264527	263046	260033	
267248	265529	263960	261779	259735	
267002	265987	264146	262033	259737	
267815	266633	264619	262802	259944	
268544	267288	264738	263475	260756	
267573	266237	264435	262698	259815	
265142	263321	262075	259808	257656	
259465	258235	255987	254962	252148	
262202	260371	258177	256610	254025	
266306	264746	263246	261290	258713	
266244	265196	263262	261985	259165	
269008	267188	265167	263221	260467	
269283	267765	266050	263548	261402	
269429	268271	266183	264423	261921	
270075	268035	266769	264538	261773	
266517	265500	263542	261163	258908	
257815	256481	255006	253202	250717	
267223	265894	263662	262587	260094	
270537	269404	267704	265698	263217	
271569	270238	268452	266731	263640	
272406	270879	268987	267094	264533	
272913	271492	269669	267629	265300	
272777	271069	269560	267552	264929	
273115	271588	269892	267875	265577	
273383	271715	269427	267877	265260	
273077	271588	269921	267881	265231	
270000	268663	267298	265208	262429	
268008	266512	264827	263265	260385	
270356	269312	267358	265348	262823	
273083	271725	269535	268115	265473	
273312	271469	269913	268256	265038	
269981	268217	266681	264565	261921	
269067	267937	266546	264488	261975	
273498	271994	270362	268175	265438	
274127	272177	271029	268469	265650	
272850	271938	270012	268304	265467	
272452	270712	268931	266890	264908	
269858	268000	265763	264612	261800	
269083	266977	265844	263858	261365	
263235	261558	259987	258002	255856	
267483	266290	264065	262425	259662	
271748	271062	269142	266804	264302	
271808	270315	268421	266577	263992	
275037	273746	271612	270137	267329	
273187	271192	269640	267750	265563	
272908	271221	270294	267498	265733	
276012	274846	272706	270713	268504	
276850	275131	273500	271006	268587	
275927	274173	272285	270500	268052	
275010	274198	272144	270287	267721	
276529	275102	273756	271504	269531	
275129	273840	272079	269625	267187	
274437	272810	271181	268900	266696	
276104	274213	272610	270446	267998	
275144	273367	272233	269460	267167	
275683	273785	272229	270887	267715	
276604	275137	272979	271267	268642	
275694	274429	271992	270163	268298	
272617	270956	269362	267337	264769	
273471	271935	269885	267856	265552	
275160	273860	271712	270023	267342	
277787	275944	274498	272373	269800	
277279	276371	274465	272625	270052	
278310	277017	274821	273296	270685	
279719	277773	275900	274331	271815	
280400	278298	276658	275042	271885	
280377	278662	277363	275079	272460	
279583	278229	276606	275029	272294	
277931	276044	274348	272500	269750	
273567	272162	269890	268231	265500	
278162	277071	274660	273019	270331	
276913	276352	273671	272267	269344	
276808	276379	273779	272344	269488	
281706	279917	277858	275900	272902	
282290	280394	279042	276404	273748	
282144	280767	278700	276612	273915	
282596	281519	279448	277483	274523	
281606	280208	278454	275985	273740	
279013	277640	276088	274138	270942	
278587	277062	275146	273088	270129	
278937	277748	275785	273433	271054	
282129	280206	278954	276638	273500	
283102	282104	279452	277788	275273	
283337	282117	279833	277656	275008	
281456	280062	278056	276137	273535	
280521	279377	277183	275652	272704	
280231	278694	277731	274815	272375	
281577	280298	278610	276477	273829	
282113	280125	279085	276415	274085	
283483	281419	279637	277673	274604	
281863	280652	278285	276665	273863	
280981	279562	277467	275337	273027	
281110	279415	277510	275679	272635	
282108	281098	278840	277106	274538	
280696	279217	277104	274777	272458	
282627	280925	279423	276581	274329	
283358	281779	280113	277748	275356	
282735	281446	279148	277167	274623	
285013	283552	281073	279135	276938	
284710	283012	281012	278994	276325	
281575	279950	277625	275998	273377	
283837	281948	280067	277946	275200	
284698	284137	281950	279683	277377	
285027	283823	282267	279731	277052	
283969	282269	281173	278842	275835	
278954	277650	275883	273792	271321	
282904	281002	279494	277408	274858	
285571	283865	281631	280113	276969	
285115	282954	280958	279365	277190	
284650	283573	281640	279717	276940	
283360	281823	279777	277902	274967	
278754	277892	275737	273171	270827	
275133	274181	272135	269985	267290	
271335	269300	267662	266058	263540	
273110	271606	270629	268331	265538	
282065	279975	278731	276610	273800	
284892	283415	281487	279515	276956	
284044	282279	280452	278558	275396	
284556	283665	281479	279690	276696	
285727	284021	281758	280385	277421	
283552	282098	280210	278123	276133	
275883	273810	272946	270415	267696	
278700	277281	274952	273483	270844	
278938	277652	275808	273758	270854	
282313	280377	278748	276708	274402	
280035	278508	276683	274262	271946	
281090	280102	277802	275577	273425	
277056	275202	273198	271583	269010	
235513	234360	232638	231292	228627	
167150	165985	164933	163527	161912	
172937	171904	170594	169123	167294	
182548	181169	180498	178988	177129	
193346	192554	190285	189452	187554	
205263	204494	202910	201410	199435	
218233	217279	215450	214175	212029	
235433	233688	231996	230538	228069	
250538	249721	247752	246188	243487	
268446	266927	265688	263644	260621	
259846	258108	256448	254725	252156	
251033	249906	248160	246423	243712	
237681	236475	234444	233144	230560	
242752	241433	239827	238369	235369	
235690	233844	233058	230790	228533	
245752	244719	242648	240981	238363	
234621	233313	231585	229637	227802	
250804	249210	248019	245662	243235	
233637	233048	231327	229544	227062	
257631	256271	254302	252258	249765	
244437	242815	241165	239042	237294	
253735	252704	250546	249085	247275	
259733	258371	256808	255031	252162	
245156	244069	242146	240256	238388	
266719	265485	263762	261692	259256	
259252	257640	256435	253721	251894	
260552	259394	257273	255560	252988	
273815	272321	270362	268771	266435	
257277	256031	254342	252373	249910	
260656	258469	256758	255458	253129	
270873	269262	267427	265800	262817	
263227	261388	259377	257625	254975	
271590	271138	268708	266969	264333	
278446	276552	275294	272908	269998	
263556	262452	260277	258958	256100	
263619	261996	260044	258287	256233	
273192	271442	270029	267908	265142	
269321	267719	266062	264217	261213	
257508	256004	254071	252404	249748	
266085	264444	262508	260867	258712	
264463	263412	261412	259487	256913	
267175	265987	264267	262317	259837	
274021	272663	270631	269494	266773	
265173	263419	261748	259946	257287	
253344	251313	250425	248044	245973	
252767	251554	249219	247965	245702	
259494	257637	256344	254454	252035	
268377	266588	264396	262683	260221	
271356	269573	268173	266462	263831	
259825	258319	256717	254400	252219	
266560	265665	263819	261915	258696	
271015	269588	267946	265737	263308	
272463	271656	269685	267875	264790	
272196	270594	269246	267231	264867	
262088	261177	258952	256619	254865	
271421	270583	268185	266796	264329	
269179	267692	265937	263354	261623	
267856	265844	264683	262606	260319	
281006	279540	278415	275833	273319	
281335	279785	277600	275981	273269	
285662	284340	282115	280198	277554	
291488	289552	287665	285423	282742	
290200	288354	286719	284344	281562	
284204	282925	281090	278798	275929	
287969	286733	284115	282619	280163	
288287	286865	284956	282898	279662	
280654	278996	277319	275231	272852	
271148	269969	268013	266127	263923	
271815	271098	268648	267173	264700	
281600	279435	277344	275473	273146	
287085	284925	283337	280946	278600	
287060	285231	283535	281487	278763	
277210	275906	273929	272456	269654	
271390	269927	268500	266190	263950	
266467	264675	262848	260996	258415	
274312	272146	270652	268683	266227	
276156	274575	272698	270342	267625	
268781	267600	266037	264048	261179	
283675	281731	279994	278254	275169	
281242	279515	277948	276190	273633	
265960	264304	262248	260558	258088	
275223	273819	271940	270219	267192	
279946	278575	276592	274556	271319	
266454	265110	262900	261154	258377	
255196	253698	252012	250392	248012	
272254	270685	268692	266946	264425	
280110	278508	276175	274038	271446	
274700	274265	272335	269463	267438	
275829	274144	272333	271042	267775	
281587	279681	278213	275621	273296	
265585	263919	261787	259960	257481	
256223	255552	253369	252121	249460	
275940	274592	272858	270340	267721	
281623	279856	277833	276006	273425	
277356	275758	273702	272048	269783	
264377	262613	261335	259563	256527	
271777	270000	268177	266675	264333	
263508	261925	260687	258790	255992	
271287	269440	267712	265854	263127	
285056	282858	280875	278825	276046	
289902	288392	286217	284150	281583	
291487	289290	288354	285975	283179	
286192	284863	283108	281469	277958	
282208	280588	278010	276369	274035	
271223	270312	268013	266156	263792	
273340	271808	269665	267800	265340	
286494	285181	283017	281094	278185	
291638	289827	287410	285937	282833	
290735	288735	286442	285171	282204	
290148	288663	286642	284863	281381	
290587	289273	286929	285421	282187	
288431	286381	284667	283188	280183	
279579	278213	276423	274913	272112	
277346	275900	273988	272092	269210	
285242	283721	281690	279938	277273	
284875	283358	280840	279558	276919	
285152	284000	282258	280127	277127	
286375	284862	282819	280708	278002	
285819	283750	282056	279904	277294	
287937	286360	284754	282060	279375	
287946	286631	284754	283196	279779	
286596	284733	282502	281208	277902	
285277	284106	281827	279929	277308	
287523	286287	284394	282100	279306	
291283	289873	287817	285835	282881	
290069	288092	286773	283979	281467	
292033	290627	288744	286717	283706	
292379	290663	288442	286717	283450	
289337	288373	286090	284175	281379	
286108	284729	283363	280848	278127	
291169	290221	288367	286050	283258	
292565	291654	289127	286963	284360	
287794	286381	284642	282415	279421	
286906	284619	283667	281212	277837	
288948	286954	284854	283233	280135	
288362	286890	284802	282775	280050	
287194	286196	284242	281729	279700	
291423	290158	287998	285862	283385	
291902	290919	288406	286023	284019	
291685	289783	287756	286077	282773	
292108	290160	288240	286400	282994	
292485	290371	288769	286767	283746	
292440	290798	288762	287113	283988	
293304	291771	289579	288719	284602	
294027	292244	291133	288435	286100	
294687	293108	290881	288673	286415	
292123	290298	288621	286977	283396	
292892	291600	289654	287394	284300	
292094	290544	289058	286592	283960	
289081	287840	285887	283710	280904	
291942	290110	288306	286519	283502	
293513	292308	290735	288287	285767	
294663	293450	290921	288758	286342	
293065	290998	289196	287619	284710	
293119	291331	288969	287265	284615	
291213	290527	288054	285898	283694	
287723	285696	284156	282298	279737	
295106	293581	291298	289562	286775	
296585	294923	292935	291035	288298	
292640	290754	288929	286865	284263	
290258	288131	285996	284373	281615	
283902	282585	280554	278933	275383	
288150	286867	284681	283163	279498	
292494	290860	288667	286271	283319	
295969	294754	292419	290177	287246	
293706	292371	290463	288758	285508	
295906	294250	291837	289787	287310	
294844	292700	291402	289333	286673	
291817	290610	288165	286373	283825	
293046	291188	289323	287263	284456	
290962	289267	287760	286019	282771	
285237	283340	281387	279867	276787	
277279	275252	274017	272046	268988	
282350	281190	279004	277206	274525	
285969	285000	282621	281183	278356	
293210	291577	289350	287119	284387	
292150	289819	288069	286206	283587	
290550	288725	286460	284046	281885	
288587	286894	284773	283127	280123	
287669	286560	284381	283327	279979	
287483	286319	284471	282463	279748	
278725	278012	275440	273794	270769	
259804	258406	256421	254385	252117	
254287	252788	251440	249208	246798	
241610	240606	238633	236819	234988	
247560	246390	244744	243106	240188	
240487	238852	237583	235542	233148	
224292	223596	221490	220021	217844	
226521	225713	224104	222712	220237	
231012	229775	228192	226594	224183	
209471	208463	206650	205337	202792	
242402	240921	239754	237494	235213	
241296	239721	238388	236579	234740	
232367	232110	229508	228129	225683	
228373	227177	225496	223723	221648	
200406	198881	197765	196263	194273	
181327	180263	178702	177475	175723	
231746	230838	228954	227758	225333	
243650	242031	240163	238296	235531	
205354	204275	202631	201271	199213	
201835	200869	199756	198296	195904	
220987	220025	218310	216662	214769	
229000	227823	225794	224519	222169	
222779	221898	220254	218260	216304	
217421	216579	214825	213365	211437	
198635	197356	196471	194848	192904	
226721	225863	224108	222485	219908	
219156	217923	216360	214698	212450	
217546	216015	214619	213112	210577	
240042	239012	237392	236137	233410	
252412	250981	249119	247629	245181	
267490	265831	264600	262244	259744	
281598	279887	277917	275917	272992	
285692	284279	282200	280213	276865	
273217	271733	270419	268523	265327	
269973	268815	267092	265023	262660	
276492	274610	272746	271158	268410	
284365	282898	281281	278794	275527	
279390	278046	276085	273985	271019	
262217	260369	258792	257096	254038	
276908	275965	273440	271504	269075	
264679	262958	260883	259285	256675	
269158	267788	266119	264283	261440	
277300	276519	274481	272587	270085	
252721	251329	249546	248013	245019	
221913	220846	219342	217481	215006	
206288	205363	204021	202169	200173	
235212	233777	231875	230015	228198	
262781	261421	259735	257885	255083	
236750	235633	234756	232858	230285	
233192	231904	230519	228362	226281	
237608	236512	235131	233217	231794	
231756	230865	228810	227542	224502	
241685	239906	238950	236583	234385	
255135	253083	251513	249733	247167	
258460	257267	255375	253863	251137	
250088	248654	246908	245275	242752	
209440	208475	207242	205288	203458	
223350	222765	220546	219221	216860	
261317	259388	258212	256698	253550	
248858	247592	245840	244346	241488	
257415	255540	254685	252738	249956	
255206	253556	251944	249940	247833	
245260	244362	242388	240740	238010	
242873	241723	240290	237944	236300	
218417	217069	215921	214225	212125	
254781	253075	251227	249731	246771	
270775	269462	267156	265117	263013	
261119	259756	258054	256208	253719	
267956	266629	264602	262485	260138	
243627	242438	240590	238923	236767	
244723	243598	241737	239735	237781	
211154	209900	208727	206675	204758	
207683	206460	204975	203571	201635	
245421	244588	242460	241163	238608	
258496	256919	255688	253717	251558	
259000	257850	256069	254288	251627	
275138	274029	272235	270113	267450	
278596	277213	275658	273442	271081	
250206	248940	247333	245417	242715	
238875	237435	235696	234410	231973	
217340	216225	214338	212985	211027	
222685	221762	219813	218704	216521	
236954	235654	234046	232790	230621	
247260	245938	243962	242777	240160	
272383	270990	269048	266908	264427	
277475	275981	273463	272075	269238	
261094	259452	257590	255544	253665	
259933	258129	256581	254196	251815	
232087	230738	228633	227331	224663	
240694	239437	237410	236129	234369	
265983	264156	262958	260735	258023	
264685	262975	261258	259798	256829	
242142	241119	239079	237804	235531	
244896	243365	242287	240169	237577	
253171	251858	250275	248458	245815	
268110	266760	264808	263135	260358	
263331	261335	260302	258792	255777	
250312	248133	246475	244962	242698	
249092	248015	246373	244540	241852	
271171	269423	267956	265548	263308	
284387	283783	282000	279602	276775	
284971	283529	280929	279621	277177	
283448	282558	280017	277623	275812	
271760	270712	268942	266563	264440	
281304	279742	278183	276592	273898	
284910	283752	281652	279533	276919	
281958	280315	278483	276762	273837	
274004	272502	270596	269138	265985	
276750	275460	273375	271685	269206	
286992	284977	283535	281998	278533	
297473	296021	293935	292500	288858	
299858	298298	296513	294150	291290	
298752	296863	295006	293096	290212	
298013	296538	294731	292602	289871	
284287	282519	280637	279615	276092	
289929	288542	286173	284456	281490	
292806	291158	288848	287321	283971	
282250	280921	279529	277217	274581	
279844	278296	276058	274579	272162	
287554	285937	283952	281765	279152	
287048	285908	283583	281588	279150	
286065	284871	282733	280879	278433	
280904	279979	278198	275750	273477	
287331	286073	283937	282496	278973	
286285	284933	283683	281488	278331	
279679	278344	276562	274798	272104	
281352	279460	278485	275781	273112	
281329	280187	277796	276535	273492	
285762	284335	282398	280796	277600	
290613	289065	287233	284883	282065	
281448	280056	278398	277012	273567	
288971	287475	285444	283473	280888	
293150	292104	289621	287881	284521	
294896	293227	291423	289060	286496	
295821	294435	292387	291121	287763	
296462	294552	292573	289952	287302	
296538	294621	292246	290802	287800	
299971	298398	296417	294823	291581	
293823	291902	290050	287992	285717	
285471	284092	282273	280231	277383	
288929	287371	285662	283406	280706	
286275	284477	282442	280577	278042	
284506	282654	281050	278688	276117	
279733	277554	275556	273794	272000	
282569	281242	279571	277825	274604	
288696	287315	285517	282944	280842	
289363	287883	285865	284117	281115	
291087	289563	287715	285981	283356	
291035	289612	287998	285819	283021	
296062	294877	292663	290998	288100	
291931	290856	289012	286650	284013	
294252	292971	291029	288819	286062	
300169	297867	295808	294381	291902	
298273	295813	294373	292162	289452	
294937	293094	291700	289469	286633	
295758	294535	291685	289994	287585	
285746	284488	282310	279788	277642	
285665	283335	281792	279035	276913	
296229	294817	292802	290921	287715	
291704	291119	288388	286960	283635	
287050	285677	283462	281352	278487	
295667	293956	292569	289954	287342	
296865	295023	293704	291738	288354	
298627	296731	295090	292431	289656	
290908	289177	286958	285071	282142	
287888	285715	283660	282154	278552	
294669	293217	290717	289181	286129	
300104	298412	296515	294173	292069	
302815	301173	299325	297229	294135	
303160	301077	298812	297262	293931	
300456	299088	297123	295515	291669	
303338	301394	299044	297085	294219	
303702	302604	300144	297985	295177	
302865	301285	299485	296940	294521	
303552	302048	299890	297652	294987	
303062	301850	299437	297860	294540	
297648	295931	294581	291863	289615	
298563	297498	294635	292842	289965	
299435	297677	295238	293171	290933	
292540	290813	289013	287010	284388	
293290	291610	289662	287625	285200	
298083	296638	294142	292327	289738	
300625	299669	297527	295219	292306	
303450	301850	299221	297756	294863	
304460	303133	300375	298456	295612	
304837	302427	300585	298733	295692	
304902	304015	301294	299608	296163	
305742	303381	302037	299677	296552	
304779	303333	301408	299179	296810	
302375	300369	298273	296392	293381	
293456	292262	290269	288131	285340	
298294	296481	294858	292800	289840	
302019	301019	298390	296242	293510	
302642	300933	298967	296937	294596	
303956	302115	300167	298338	295158	
303948	302435	300373	298733	295721	
303887	302279	299679	297863	295638	
301652	300360	298279	296092	293123	
301748	300500	298590	295912	293252	
301037	299219	297560	295556	292533	
301979	299869	297887	295744	293179	
302917	301135	299121	297031	294465	
302544	300906	299075	297242	294058	
300875	299125	297567	295244	292412	
302873	300888	298896	296885	294223	
304254	302496	300517	298150	295237	
304392	301750	300160	298356	295606	
304079	302638	300433	298712	295944	
302748	301869	299360	297600	294552	
298408	297040	294921	292490	289629	
299587	298075	295362	293508	290487	
288992	287715	285421	284100	281342	
292171	290733	288692	286244	284194	
298290	296817	294998	292590	290467	
300137	298421	296227	294342	291183	
301669	299598	297694	295987	292865	
303562	301219	299206	297148	294015	
302498	301429	299050	297004	293979	
301100	299171	297392	295437	292613	
297723	295783	294096	291633	289377	
299033	297627	296017	293952	290456	
295352	294262	292000	290048	286588	
286113	284648	282158	280954	277406	
295946	294573	292052	290342	287612	
298033	296940	294913	292892	289688	
299058	297688	295927	293779	291129	
301569	300362	297700	296365	293115	
302592	300810	298417	296633	293877	
302456	300317	298217	295833	293419	
297242	295635	294125	291675	288950	
295862	293594	291698	289679	286960	
294525	293302	291125	289250	286631	
299775	297406	295262	293458	290738	
300292	299167	297042	295038	292688	
300031	298385	296560	294642	291723	
292862	291381	289742	288223	285000	
297623	296012	293798	292060	289035	
300217	298685	296871	295056	292125	
301604	299981	297821	295815	293479	
301929	300558	298208	296527	293152	
301608	299815	298529	296698	293450	
300996	299583	297383	295163	292115	
300731	299048	296644	294556	292271	
300454	299285	296887	294896	291848	
299350	297462	295438	293590	290812	
296260	294969	292517	290390	287560	
297225	295037	293679	291985	288348	
299529	297875	295821	294256	290781	
299431	297662	295629	293837	291150	
299660	298444	296163	293544	291012	
298090	296033	293885	291831	289481	
291952	290262	288658	286187	284313	
296585	294588	292487	290835	287848	
296463	294987	293012	290904	288287	
296104	294244	293069	290629	288187	
298402	296175	295137	292660	289871	
299085	296458	294812	293017	289987	
298771	297375	295533	293231	290504	
298354	296581	294987	292760	289606	
295117	293602	291956	289427	286506	
291781	290579	288360	286410	283338	
295463	294733	292517	290167	288019	
296194	294594	292327	290679	287800	
291440	289685	287423	285923	282533	
294327	292854	291225	288973	286110	
297087	294890	293779	291208	287827	
296648	295233	293260	290858	288394	
296421	294940	293212	291190	288106	
295842	294113	292773	290237	287115	
291483	289952	287688	286090	283058	
287710	286546	283942	281969	279646	
282052	280527	278579	276410	273631	
286615	285052	283240	281562	278467	
288867	286485	285098	282983	279383	
289362	287727	285392	283627	280567	
281933	280823	278985	277671	274085	
231062	230031	228263	226892	224850	
159758	158858	157579	156498	155110	
121760	121167	120348	119400	118425	
104700	103756	103369	102400	101540	
82503.8	81855.8	81050	80594.2	79663.5	
63978.8	63265.4	62973.1	62542.3	61957.7	
52455.8	52228.8	51719.2	51384.6	50671.2	
45392.3	45355.8	44848.1	44611.5	44103.8	
43580.8	43428.8	43238.5	42709.6	42365.4	
43982.7	43744.2	43261.5	42836.5	42580.8	
49471.2	49111.5	48692.3	48340.4	48090.4	
55857.7	55746.2	55259.6	54619.2	54086.5	
68819.2	68544.2	68009.6	67313.5	66561.5	
85234.6	84917.3	84073.1	83423.1	82571.2	
107133	106673	105467	104650	103767	
132621	131437	130656	130210	128969	
195208	194444	192533	191315	189731	
213760	212398	210560	209215	207483	
178108	177679	176229	174719	173029	
169281	168058	166600	165729	163869	
130183	129308	128367	127612	126185	
140088	139390	138379	137156	135596	
121040	120062	119404	118850	117592	
107785	107079	106115	105548	104335	
133383	132704	131546	130642	129413	
101885	101140	100404	99625	98628.8	
120460	119996	119252	118333	116992	
135267	134750	133467	132652	131013	
103813	103450	102842	101860	100742	
140933	140542	139050	138240	136762	
146737	146152	145212	144006	142163	
114646	114044	113296	112481	111385	
158725	157992	156898	155962	154085	
167415	166379	165029	164092	162090	
130817	130363	129192	128165	127108	
171967	171144	169529	168471	166619	
194598	193219	191944	191215	188521	
153748	152802	151398	150448	148756	
176600	175806	174358	173148	171450	
217902	216654	215837	213767	211813	
188429	187017	186033	184242	182654	
178504	177188	176287	174987	173098	
220410	219454	218048	216062	213923	
221477	220281	218635	217227	214790	
188444	187298	185944	184775	182887	
212583	211698	210417	208483	206581	
245427	244538	242763	241146	238731	
225940	224744	223067	221363	219600	
213023	211802	210606	209038	206658	
248223	246787	245256	243242	240437	
262808	261337	259375	257513	254837	
244792	243198	241656	239738	237542	
240760	239425	237810	236010	233860	
265698	264406	262490	261277	258550	
275760	274190	272254	270427	268231	
262492	261673	259310	258256	255490	
257512	256119	255187	253371	250785	
272938	271421	269265	267358	264735	
276525	274962	273383	271415	268854	
272948	271363	269408	268210	265304	
267521	266356	264404	262996	260194	
279323	277385	275348	273865	271254	
283742	283027	280563	278810	276558	
280010	278383	276356	274519	271517	
271012	269890	268158	265492	263723	
270273	269008	267590	265425	262806	
277621	276087	274102	271969	269577	
282300	281294	279271	277106	274681	
279000	277160	275462	273450	270760	
278325	276363	274694	272619	269963	
274137	272663	270956	269335	266340	
279727	278446	276513	274948	271408	
285319	283092	281581	279475	276806	
284273	283410	281717	278852	276387	
287210	284867	283892	282104	278969	
289444	287679	286456	283879	281227	
289919	288498	287004	284675	282002	
288192	286515	285087	283121	280252	
282283	280790	278769	276835	273862	
282238	280652	278579	277217	274242	
280696	278954	277663	275362	273046	
276138	274806	273229	271381	268077	
281148	279710	277104	275748	272815	
283873	282431	280496	278621	275887	
284321	282927	280971	279317	276300	
285267	283767	281962	279792	277037	
283056	281442	280050	278210	275404	
283404	282235	280567	278048	275308	
285340	283806	282002	279567	277031	
282075	281421	279217	277685	274756	
281485	280404	278317	276173	273883	
285077	283792	281723	280242	276562	
285688	284338	282302	280694	278177	
284977	283240	282296	279767	276871	
285658	283848	281746	280213	277771	
287040	285092	283467	281683	278606	
287679	285740	283908	281835	279412	
287302	286204	284460	282881	279444	
287927	286365	284206	282596	279960	
284865	282785	281113	279287	276127	
279371	278508	276640	274677	271967	
282935	281121	279206	277615	274621	
283417	281748	279963	278154	274908	
278660	277065	275088	273127	270590	
273177	271858	269744	268385	265517	
278554	276604	274642	272694	270310	
281467	279433	278819	276310	273494	
283485	282140	280515	278617	275785	
284452	282558	281017	278998	276069	
284846	283650	281494	279431	277094	
285312	283723	281454	279965	277040	
283796	282540	280452	279002	275667	
282954	281904	280044	277919	275233	
284813	282604	281502	278929	276498	
284646	283746	281556	279475	277400	
285167	283731	281981	280054	277054	
285783	283752	282465	280887	277756	
285708	284373	282363	280621	277806	
286112	284331	282533	280540	277935	
283040	281502	279413	277727	274631	
280556	279113	276996	275279	272088	
278971	277408	275133	273498	270925	
279019	277138	275413	273300	270238	
281831	281129	278519	277088	273915	
282992	281056	279458	277506	274492	
276631	275777	273735	271308	268781	
276823	275112	273777	271412	268450	
281465	279671	277419	275894	272838	
282875	281306	280029	278075	274938	
283440	281902	280735	278288	275485	
282913	281010	279344	277292	274454	
278115	276348	274477	272894	270081	
279404	278813	276363	274521	271606	
282325	280902	278752	276848	274404	
282912	281429	279431	277690	274379	
282912	281500	278950	277431	274983	
281460	280017	278198	276479	273840	
277298	275488	274121	271892	269231	
276454	274556	272925	270856	268694	
276177	275012	273010	271148	268156	
279071	277142	275752	273473	270435	
280204	278235	276337	274510	271821	
280915	278860	277438	275167	272369	
280171	278763	277106	275313	272510	
277265	276006	273581	271896	269056	
278152	276371	274608	273063	270319	
276006	274475	272437	270085	267906	
276990	275560	273962	272017	269144	
279098	277402	275877	274127	271335	
280694	279054	277013	275310	272627	
281042	279527	277527	275433	272833	
281019	279950	277598	275825	273417	
281360	279794	277913	276350	273796	
280952	279548	277990	275913	272929	
281081	279735	277948	276052	273183	
281094	278973	277860	275963	273156	
280758	279071	277023	275444	272962	
279915	278512	276696	274288	271806	
279638	277858	276285	274554	271648	
279265	277838	275983	274352	271329	
274656	272838	270929	268794	266448	
268631	267200	265856	263752	261317	
272462	271012	269681	267640	264573	
270600	268590	266977	265012	262552	
271738	270492	268548	266800	263819	
274498	272923	271633	269610	266983	
275883	274571	273062	270538	267948	
276885	275490	273615	271937	269108	
276388	275306	273135	271058	268962	
276496	275500	273129	271002	268725	
276610	274948	272869	270465	268885	
277219	275813	273837	271081	269073	
275906	274306	272550	270806	268215	
273171	271877	270412	267406	265292	
274925	273404	271342	269775	267213	
275377	274144	272240	270667	266931	
274037	272354	270565	268762	266110	
273046	271973	269723	267537	265050	
274687	272662	271392	269879	266544	
275552	273402	271667	269635	267567	
274510	272921	271477	269810	266756	
273637	271756	269727	268410	265842	
273231	271877	269602	267975	265446	
271415	270415	268646	266413	263875	
269498	268660	266465	264650	262063	
271656	270481	268590	266331	264063	
271215	270075	268204	266440	263702	
269810	268512	266458	264587	261802	
270273	269304	267083	265633	262950	
270837	269148	267400	265440	263213	
270383	268335	266775	264802	262308	
264885	263713	261223	259742	256960	
265735	263990	262152	260262	257931	
267238	265733	263783	261996	259206	
264340	263094	261077	258887	256979	
264217	263575	261254	259358	257235	
267052	266115	264098	262244	259496	
267365	265835	264100	262279	259504	
265058	263590	262108	260329	257242	
264675	263296	261637	259819	256558	
264827	263283	261660	259685	257323	
263160	262085	260240	258779	255717	
260619	259119	257500	255148	253144	
258548	256412	254477	253212	250679	
253473	252421	250350	248679	246735	
251515	250642	248883	246360	244175	
259369	258190	256287	254706	252352	
262415	261017	258602	257658	254631	
257781	256048	254754	252546	250404	
252700	250856	249448	247946	245440	
257106	255787	253646	252021	249713	
262531	260504	259190	257633	254827	
264402	262519	261169	258965	256523	
258823	257348	255358	253648	251392	
252160	250546	248950	247288	244479	
254758	253335	251523	249552	247252	
255719	254463	252708	251194	248433	
256977	255971	253956	252358	249440	
256902	255329	254087	251767	249544	
253813	252663	250619	248571	246475	
249837	248515	246485	245048	241987	
251744	250704	249015	247196	244756	
250590	248712	247558	245913	243812	
255250	254275	252433	250515	247587	
253242	251379	250296	248477	246015	
253183	251613	250165	248571	245363	
256012	254688	252787	251065	248721	
250610	249685	247537	245952	243925	
246627	245600	243713	242192	240058	
246923	245625	243750	241969	239562	
244335	243079	241590	240206	237387	
249792	248717	247156	245225	242535	
254527	253504	251675	249963	246863	
249798	248621	246631	244898	242852	
249469	248404	246213	244431	241885	
253490	252552	250398	249027	246248	
253285	251856	249677	248102	246450	
251869	250877	249185	247350	244931	
248631	246962	244956	243092	241413	
244588	243398	241385	239615	237458	
244604	243329	241708	240027	238292	
249262	247737	245987	244765	241554	
252002	250915	248969	247033	244867	
250673	249867	247533	246162	243737	
252227	250594	248952	247277	244762	
251660	250773	248483	246896	244954	
252275	250904	248790	247254	244787	
251431	250956	248000	246562	243917	
246998	245652	243873	242294	239471	
243088	241687	240115	238910	235933	
238833	237419	236340	234440	232212	
235867	234906	233058	231479	229229	
236329	234169	233073	231019	228388	
241042	239438	238487	236496	234212	
246002	244600	242552	240900	239010	
243252	242504	240790	238844	236504	
243794	242746	241217	239090	237592	
243898	242685	241002	239142	236867	
244990	243575	242008	240335	238583	
247208	245858	244179	242571	239829	
247015	246010	244258	242194	239606	
247573	246512	244912	243037	240829	
247754	247231	245217	243873	241435	
247252	245227	244092	242490	239760	
246306	244790	243283	241533	238802	
247635	246402	244565	242717	240419	
244898	243565	241469	239848	237694	
243169	241167	239940	237775	236021	
242713	241773	240115	238625	236108	
243146	241977	240015	238587	235919	
245710	244044	242860	240890	238433	
244544	242931	241652	239912	236744	
244300	242765	241310	239948	236796	
242573	240977	239425	237523	235500	
240975	239392	237833	236085	233506	
241392	240219	238563	236990	234365	
235027	233769	232123	230325	228575	
225858	224435	223106	221365	219277	
227015	225081	224088	222556	220456	
232073	230523	228969	227287	225242	
232177	231171	228969	228038	225883	
232079	231027	229448	228133	225327	
227635	225863	224929	223094	220625	
219108	217923	216233	214777	212877	
224463	223356	221887	220292	218025	
224677	223873	221844	220954	218037	
219277	218054	216815	215150	212929	
213250	212098	210450	209069	206840	
215490	214388	212921	211700	209277	
216219	214969	213581	212138	210025	
214371	212956	211688	210310	208021	
213698	212356	210712	210171	207738	
209583	208794	207294	205615	204002	
206187	204990	203500	201804	200000	
201346	200646	198877	197775	195462	
199421	197915	196779	195442	193431	
196802	195342	194144	193137	190796	
190271	189394	188194	186713	184690	
188156	187438	185900	184763	182721	
190823	189635	188496	187069	185204	
190210	189412	188348	186465	184713	
186929	185979	185242	183723	181373	
182504	181929	180627	179273	177383	
180498	179083	178163	176858	175250	
180604	179375	178335	176967	175312	
179175	178288	176619	175613	173777	
177158	176254	174733	173277	171381	
174083	173054	172208	170579	169031	
169487	168021	166694	165804	164088	
164763	163667	162379	161229	159473	
158702	157950	156952	155837	154167	
3236.54	3236.54	3238.46	3234.62	3230.77	
3201.92	3205.77	3215.38	3205.77	3209.62	
3205.77	3209.62	3201.92	3201.92	3203.85	
3200	3194.23	3203.85	3198.08	3209.62	
