5795.85	5788.93	5799.31	5785.47	5782.01	
5757.79	5747.4	5747.4	5761.25	5743.94	
5740.48	5740.48	5730.1	5740.48	5743.94	
5743.94	5740.48	5733.56	5733.56	5743.94	
30024.2	28754.3	28235.3	28820.1	28737	
30273.4	29179.9	28190.3	29173	29041.5	
30200.7	28906.6	28055.4	28982.7	28934.3	
30688.6	29539.8	28674.7	29491.3	28965.4	
30557.1	29373.7	28778.5	29657.4	29200.7	
30532.9	29297.6	28550.2	29477.5	29169.6	
30273.4	29020.8	28256.1	29114.2	29058.8	
30148.8	28768.2	28062.3	28923.9	28882.4	
30692	29304.5	28858.1	29709.3	29235.3	
30923.9	29917	29263	30020.8	29754.3	
31162.6	30017.3	29086.5	30048.4	29920.4	
31263	29795.8	29093.4	29872	29723.2	
30564	29311.4	28650.5	29567.5	29294.1	
30314.9	28951.6	28418.7	29076.1	28965.4	
30629.8	29373.7	28705.9	29609	29387.5	
31145.3	29747.4	29100.3	29989.6	29667.8	
30747.4	29709.3	28899.7	29588.2	29508.7	
30020.8	28923.9	28162.6	29024.2	28705.9	
30145.3	28927.3	28159.2	29107.3	29093.4	
31193.8	29899.7	28993.1	29930.8	29681.7	
31024.2	29816.6	29096.9	29917	29823.5	
30965.4	29878.9	29107.3	29923.9	29532.9	
30733.6	29352.9	28813.1	29588.2	29359.9	
30252.6	28854.7	28162.6	29083	29024.2	
29927.3	28685.1	28055.4	28840.8	28705.9	
30626.3	29422.1	28837.4	29557.1	29449.8	
30439.4	29141.9	28446.4	29287.2	29373.7	
30062.3	28730.1	28352.9	28882.4	28747.4	
30436	29124.6	28532.9	29193.8	28910	
30494.8	29276.8	28674.7	29238.8	29145.3	
29889.3	28494.8	27913.5	28844.3	28470.6	
29179.9	27865.1	27290.7	27993.1	27982.7	
30190.3	28806.2	28155.7	28913.5	28712.8	
30501.7	29145.3	28294.1	29131.5	29121.1	
30256.1	28802.8	28121.1	29013.8	28823.5	
29827	28394.5	27754.3	28771.6	28508.7	
29526	28380.6	27716.3	28519	28415.2	
29529.4	28359.9	27778.5	28391	28321.8	
29335.6	28162.6	27124.6	27788.9	27961.9	
29581.3	28287.2	27536.3	28429.1	28176.5	
30072.7	28695.5	28027.7	28920.4	28512.1	
29595.2	28564	27934.3	28702.4	28415.2	
29266.4	28055.4	27467.1	28114.2	27968.9	
29328.7	28141.9	27280.3	28031.1	27996.5	
29906.6	28820.1	28000	28536.3	28564	
30155.7	28903.1	28031.1	28993.1	28878.9	
30249.1	28885.8	27993.1	28955	28833.9	
29567.5	28425.6	27522.5	28588.2	28266.4	
28809.7	27678.2	27003.5	27636.7	27408.3	
27761.2	26529.4	25872	26647.1	26491.3	
27519	26446.4	25813.1	26598.6	26380.6	
28972.3	27695.5	27131.5	27889.3	27484.4	
29785.5	28605.5	27892.7	28560.6	28602.1	
30363.3	29176.5	28401.4	29079.6	28820.1	
30581.3	29238.8	28325.3	29380.6	29224.9	
30837.4	29505.2	28927.3	29484.4	29391	
30837.4	29754.3	28868.5	29750.9	29418.7	
30643.6	29446.4	28667.8	29397.9	29387.5	
30567.5	29342.6	28626.3	29512.1	29408.3	
30719.7	29415.2	28626.3	29356.4	29418.7	
30183.4	28827	28214.5	28923.9	29131.5	
29166.1	27972.3	27463.7	28013.8	27996.5	
28588.2	27290.7	26802.8	27584.8	27397.9	
29176.5	28027.7	27418.7	28297.6	28017.3	
30238.8	28972.3	27989.6	29041.5	28885.8	
30436	29256.1	28553.6	29425.6	29370.2	
30346	29103.8	28332.2	29096.9	29083	
30737	29397.9	28657.4	29359.9	29370.2	
30429.1	29193.8	28377.2	29287.2	29100.3	
30609	29612.5	28782	29574.4	29487.9	
30844.3	29394.5	28536.3	29460.2	29391	
30339.1	29003.5	28211.1	29117.6	28934.3	
30076.1	29162.6	28134.9	29110.7	28951.6	
30560.6	29332.2	28543.3	29384.1	29186.9	
30882.4	29449.8	28865.1	29854.7	29501.7	
30844.3	29650.5	28788.9	29633.2	29671.3	
30747.4	29529.4	28595.2	29477.5	29408.3	
30387.5	28920.4	28263	29141.9	29086.5	
29979.2	28418.7	27910	28536.3	28529.4	
29640.1	28577.9	27764.7	28501.7	28176.5	
29539.8	28519	27699	28418.7	28411.8	
30003.5	28771.6	27851.2	28865.1	28442.9	
29982.7	28609	27937.7	28733.6	28546.7	
29162.6	28058.8	27325.3	28266.4	27930.8	
28913.5	27764.7	27027.7	27726.6	27695.5	
28529.4	27391	26477.5	27771.6	27467.1	
28176.5	26896.2	25944.6	26685.1	26768.2	
26508.7	25481	24699	25332.2	25280.3	
22695.5	21754.3	21190.3	21740.5	21726.6	
21051.9	20356.4	19875.4	20321.8	20235.3	
25847.8	24840.8	24211.1	25003.5	24802.8	
28221.5	27214.5	26335.6	27041.5	26885.8	
28622.8	27429.1	26598.6	27463.7	27297.6	
28778.5	27688.6	27003.5	27636.7	27481	
29211.1	27930.8	27256.1	27958.5	27906.6	
29321.8	27865.1	27200.7	27854.7	27733.6	
29197.2	27816.6	27083	28138.4	27948.1	
30152.2	28737	28148.8	28996.5	28823.5	
30491.3	29093.4	28162.6	29034.6	28823.5	
29948.1	28816.6	28003.5	28678.2	28453.3	
29989.6	28657.4	28003.5	28636.7	28629.8	
29847.8	28719.7	27854.7	28809.7	28609	
29951.6	28539.8	27699	28584.8	28387.5	
29809.7	28394.5	27671.3	28515.6	28526	
30256.1	28937.7	28138.4	29145.3	28837.4	
29764.7	28854.7	27844.3	28591.7	28508.7	
28892.7	27705.9	27000	27858.1	27671.3	
29003.5	27827	27034.6	27726.6	27872	
29896.2	28771.6	27910	28615.9	28560.6	
29726.6	28422.1	27633.2	28512.1	28418.7	
29747.4	28505.2	27775.1	28699	28359.9	
30000	28595.2	27989.6	29010.4	28750.9	
30072.7	28754.3	27979.2	28802.8	28584.8	
29768.2	28422.1	27612.5	28543.3	28183.4	
29785.5	28411.8	27667.8	28484.4	28328.7	
29553.6	28128	27436	28214.5	27993.1	
29301	28387.5	27200.7	28159.2	27920.4	
29830.4	28498.3	27626.3	28570.9	28397.9	
29685.1	28484.4	27522.5	28543.3	28356.4	
29615.9	28494.8	27872	28699	28377.2	
29654	28564	27702.4	28591.7	28373.7	
29757.8	28560.6	27681.7	28391	28342.6	
29816.6	28442.9	27432.5	28346	28235.3	
29314.9	28321.8	27564	28356.4	28259.5	
29588.2	28162.6	27546.7	28432.5	28276.8	
29529.4	28069.2	27494.8	28245.7	28221.5	
29207.6	27948.1	27211.1	28155.7	27882.4	
29134.9	27958.5	27128	28183.4	27975.8	
29173	27699	27086.5	28083	27809.7	
28906.6	27477.5	26837.4	27622.8	27529.4	
28107.3	26827	26214.5	26830.4	26903.1	
28622.8	27238.8	26709.3	27612.5	27259.5	
29058.8	27574.4	26982.7	27716.3	27740.5	
28996.5	27712.8	26865.1	27795.8	27570.9	
28716.3	27619.4	26851.2	27750.9	27667.8	
28564	27401.4	26840.8	27346	27332.2	
28318.3	27152.2	26193.8	26941.2	26892.7	
28951.6	27491.3	26920.4	27553.6	27536.3	
28937.7	27602.1	26851.2	27512.1	27425.6	
28951.6	27702.4	26827	27678.2	27560.6	
28917	27557.1	26961.9	27584.8	27591.7	
28913.5	27325.3	26664.4	27401.4	27546.7	
28692	27446.4	26647.1	27442.9	27456.7	
28761.2	27404.8	26660.9	27567.5	27252.6	
28605.5	27211.1	26692	27467.1	27422.1	
28654	27584.8	26550.2	27162.6	27460.2	
28418.7	27017.3	26467.1	27045	26885.8	
27930.8	26615.9	26000	26664.4	26605.5	
28179.9	26657.4	26134.9	26799.3	26778.5	
28311.4	27197.2	26242.2	27186.9	26899.7	
28245.7	26979.2	26308	27086.5	27072.7	
28387.5	27121.1	26418.7	27096.9	26993.1	
28252.6	27121.1	26515.6	27183.4	27055.4	
28574.4	27349.5	26401.4	27211.1	27211.1	
28432.5	27006.9	26169.6	27072.7	27045	
28048.4	26854.7	26020.8	27103.8	26591.7	
27211.1	26121.1	25425.6	26224.9	26117.6	
28183.4	26726.6	25996.5	26903.1	26747.4	
28294.1	26934.3	26128	27211.1	27020.8	
28397.9	27197.2	26463.7	27235.3	26927.3	
28408.3	27010.4	26266.4	27249.1	27141.9	
28297.6	27010.4	26384.1	27297.6	27069.2	
28359.9	27031.1	26294.1	27051.9	27141.9	
28332.2	26941.2	26169.6	27079.6	26993.1	
28363.3	27176.5	26460.2	26858.1	26885.8	
28366.8	26882.4	26183.4	26920.4	26737	
27993.1	26733.6	26100.3	26761.2	26543.3	
27411.8	26432.5	25844.3	26453.3	26508.7	
28065.7	26712.8	26058.8	26889.3	26626.3	
28207.6	26961.9	26020.8	26910	26654	
28297.6	26733.6	26034.6	26896.2	26858.1	
27778.5	26584.8	25934.3	26650.5	26453.3	
27771.6	26557.1	25782	26449.8	26477.5	
27878.9	26920.4	26141.9	26615.9	26930.8	
28083	26820.1	26003.5	26768.2	26861.6	
28031.1	26664.4	26110.7	26792.4	26858.1	
28076.1	26795.8	26107.3	26816.6	26539.8	
27937.7	26560.6	25788.9	26508.7	26550.2	
27775.1	26470.6	25602.1	26570.9	26456.7	
27124.6	26045	25352.9	26003.5	26166.1	
27477.5	26352.9	25726.6	26463.7	26207.6	
27951.6	26716.3	25989.6	26546.7	26626.3	
27757.8	26598.6	25802.8	26619.4	26581.3	
28090	26730.1	26197.2	27013.8	26743.9	
27989.6	26650.5	25948.1	26830.4	26622.8	
28051.9	26647.1	25903.1	26678.2	26740.5	
28034.6	27107.3	26027.7	26951.6	26712.8	
28325.3	27020.8	26304.5	26951.6	26816.6	
28100.3	26730.1	26228.4	26861.6	26750.9	
28176.5	26851.2	26093.4	26764.7	26612.5	
28238.8	26937.7	26214.5	26934.3	26837.4	
28038.1	26785.5	26159.2	26937.7	26778.5	
28058.8	26685.1	26010.4	26865.1	26671.3	
28401.4	27100.3	26263	27000	26761.2	
28283.7	26903.1	25882.4	27107.3	26840.8	
28287.2	26944.6	26162.6	26716.3	26889.3	
28256.1	26775.1	26249.1	27065.7	26913.5	
28086.5	26699	26356.4	26875.4	26847.8	
27906.6	26605.5	25847.8	26692	26449.8	
27944.6	26699	26038.1	26761.2	26619.4	
28128	26768.2	26152.2	26723.2	26917	
28467.1	27193.8	26280.3	27038.1	26799.3	
28494.8	27145.3	26519	27311.4	26944.6	
28280.3	27138.4	26408.3	27086.5	27020.8	
28308	27218	26560.6	27273.4	27308	
28564	27422.1	26463.7	27439.4	27304.5	
28560.6	27259.5	26612.5	27467.1	27276.8	
28449.8	27318.3	26654	27370.2	27380.6	
28647.1	27283.7	26370.2	27100.3	27252.6	
28204.2	26872	26141.9	26958.5	26737	
28699	27259.5	26591.7	27266.4	27062.3	
28532.9	27190.3	26231.8	27269.9	27311.4	
28197.2	27263	26318.3	27280.3	27183.4	
28782	27512.1	26685.1	27339.1	27588.2	
28823.5	27456.7	26757.8	27512.1	27581.3	
28948.1	27574.4	26906.6	27660.9	27411.8	
28885.8	27730.1	26875.4	27584.8	27678.2	
28858.1	27726.6	26757.8	27664.4	27622.8	
28941.2	27605.5	26660.9	27429.1	27404.8	
28688.6	27449.8	26619.4	27460.2	27439.4	
28768.2	27422.1	26650.5	27719.7	27404.8	
29159.2	27647.1	27117.6	27771.6	27685.1	
29186.9	27917	27117.6	27965.4	27768.2	
29301	27792.4	27207.6	27955	27982.7	
29166.1	27878.9	27100.3	27681.7	27692	
29038.1	27851.2	27159.2	27806.2	27844.3	
29152.2	27667.8	27218	27709.3	27622.8	
29384.1	27872	27134.9	27802.8	27719.7	
29456.7	28062.3	27287.2	28159.2	27878.9	
29346	28252.6	27332.2	28218	28076.1	
29494.8	28006.9	27256.1	28266.4	27955	
29439.4	27923.9	27214.5	28090	27899.7	
29429.1	28197.2	27321.8	28090	28159.2	
29609	28183.4	27574.4	28373.7	28134.9	
29425.6	28276.8	27401.4	28176.5	27982.7	
29726.6	28550.2	27532.9	28498.3	28425.6	
29643.6	28636.7	27747.4	28484.4	28249.1	
29858.1	28491.3	27757.8	28487.9	28508.7	
30079.6	28761.2	27889.3	28577.9	28723.2	
30179.9	28771.6	28055.4	28878.9	28702.4	
30159.2	28636.7	27965.4	28688.6	28633.2	
30162.6	28920.4	28027.7	28712.8	28840.8	
30128	29141.9	28245.7	28975.8	29020.8	
30384.1	29256.1	28394.5	29290.7	29356.4	
30526	29294.1	28321.8	29308	29245.7	
30259.5	28868.5	28048.4	28882.4	28982.7	
30484.4	29038.1	28346	29391	29159.2	
30830.4	29647.1	28868.5	29446.4	29505.2	
30896.2	29397.9	28709.3	29404.8	29615.9	
30775.1	29522.5	28820.1	29705.9	29508.7	
31069.2	29612.5	28626.3	29802.8	29591.7	
30795.8	29173	28557.1	29290.7	29138.4	
30619.4	29128	28394.5	29297.6	29276.8	
30508.7	28955	28121.1	29062.3	28917	
30612.5	29404.8	28498.3	29415.2	29314.9	
31446.4	30017.3	29380.6	29844.3	30058.8	
31906.6	30377.2	29660.9	30647.1	30387.5	
31712.8	30477.5	29709.3	30512.1	30449.8	
32121.1	31000	29833.9	30958.5	30671.3	
32373.7	31010.4	30017.3	30875.4	30820.1	
32276.8	30878.9	30083	30861.6	30840.8	
31761.2	30477.5	29775.1	30505.2	30491.3	
32235.3	30740.5	30166.1	30889.3	30664.4	
32643.6	31114.2	30013.8	31072.7	30913.5	
32917	31536.3	30660.9	31654	31297.6	
33006.9	31314.9	30761.2	31301	31505.2	
33183.4	31730.1	30844.3	31837.4	31588.2	
32920.4	31401.4	30463.7	31422.1	31515.6	
29429.1	28169.6	27609	28218	28121.1	
23674.7	22778.5	22173	22681.7	22764.7	
24124.6	23224.9	22588.2	23214.5	23034.6	
25377.2	24214.5	23598.6	24121.1	24065.7	
26325.3	25283.7	24688.6	25176.5	25169.6	
27716.3	26481	25927.3	26681.7	26467.1	
29010.4	27917	27159.2	27650.5	27671.3	
30692	29570.9	28858.1	29487.9	29550.2	
32705.9	31169.6	30477.5	31231.8	31290.7	
34733.6	33183.4	32335.6	33100.3	33031.1	
33975.8	32564	31830.4	32813.1	32546.7	
33460.2	32079.6	30917	32006.9	32020.8	
32397.9	31183.4	30249.1	31000	31131.5	
33024.2	31896.2	31013.8	31723.2	31636.7	
32903.1	31702.4	30481	31467.1	31352.9	
33858.1	32840.8	31757.8	32577.9	32429.1	
33304.5	32034.6	31193.8	32017.3	31775.1	
34993.1	33788.9	32892.7	33882.4	33477.5	
33854.7	32719.7	31705.9	32463.7	32384.1	
36678.2	35276.8	34287.2	35200.7	35000	
35588.2	34131.5	33231.8	34283.7	34062.3	
37076.1	35771.6	34882.4	35705.9	35532.9	
38083	36605.5	35598.6	36494.8	36577.9	
36882.4	35688.6	34484.4	35629.8	35595.2	
39809.7	38159.2	37058.8	38263	38252.6	
39560.6	37961.9	36830.4	37709.3	37747.4	
39996.5	38543.3	37584.8	38505.2	38557.1	
41982.7	40391	39318.3	40553.6	40456.7	
40557.1	38768.2	38031.1	39038.1	38681.7	
41574.4	40034.6	38719.7	39910	39937.7	
43411.8	41591.7	40363.3	41474	41505.2	
42896.2	41179.9	40273.4	41363.3	41062.3	
44570.9	42927.3	41467.1	42612.5	42806.2	
46207.6	44162.6	43072.7	44176.5	43830.4	
44678.2	42820.1	41799.3	42872	42494.8	
45325.3	43207.6	42117.6	43460.2	43231.8	
47207.6	45200.7	43951.6	45467.1	45083	
47003.5	45460.2	44308	45484.4	44989.6	
46166.1	44103.8	43193.8	44256.1	44072.7	
47868.5	45955	44522.5	46010.4	45595.2	
48145.3	46474	45100.3	46449.8	46394.5	
49408.3	47498.3	46252.6	48003.5	47380.6	
51276.8	49221.5	48134.9	49179.9	49006.9	
50633.2	48401.4	47259.5	48626.3	48273.4	
49058.8	47162.6	45903.1	47321.8	47166.1	
50051.9	47833.9	46484.4	47972.3	47844.3	
51622.8	49647.1	48318.3	49799.3	49619.4	
53951.6	51892.7	50640.1	52000	51975.8	
55508.7	53245.7	51709.3	53259.5	52910	
54058.8	52013.8	50456.7	52301	51740.5	
56000	53944.6	52339.1	54058.8	53975.8	
57501.7	55581.3	53882.4	55609	55266.4	
58685.1	56882.4	54982.7	56512.1	56242.2	
59633.2	57494.8	55737	57467.1	57076.1	
58318.3	56328.7	54809.7	56574.4	55878.9	
60951.6	59062.3	57256.1	58833.9	58522.5	
61339.1	59121.1	57702.4	58944.6	58750.9	
61872	59699	58079.6	60000	59231.8	
65519	63484.4	61619.4	63411.8	62640.1	
66512.1	64148.8	62145.3	64591.7	64290.7	
68858.1	65740.5	64359.9	66349.5	65948.1	
70899.7	68131.5	66401.4	68294.1	67619.4	
71629.8	68996.5	67263	69308	68730.1	
71477.5	68771.6	66667.8	69006.9	68377.2	
72961.9	70564	68792.4	70723.2	70197.2	
74152.2	71813.1	69712.8	72065.7	71532.9	
73820.1	71321.8	69072.7	71214.5	70678.2	
72263	69636.7	67809.7	70117.6	69138.4	
73276.8	70927.3	68795.8	71176.5	70446.4	
76823.5	73806.2	71615.9	74231.8	73654	
79096.9	76121.1	74017.3	76155.7	75667.8	
80228.4	77332.2	75069.2	77640.1	77076.1	
78508.7	75591.7	73795.8	75875.4	75463.7	
78231.8	75408.3	73335.6	75553.6	75031.1	
77716.3	74896.2	73193.8	75373.7	74747.4	
81318.3	78117.6	75899.7	78000	77629.8	
82740.5	79076.1	77370.2	79754.3	79273.4	
81889.3	78730.1	76709.3	79020.8	78667.8	
86785.5	84010.4	81584.8	83896.2	83633.2	
87858.1	84152.2	82207.6	84570.9	83775.1	
83792.4	80930.8	79114.2	81276.8	80899.7	
88024.2	85058.8	82318.3	84948.1	84920.4	
90287.2	86986.2	84989.6	87245.7	86972.3	
87723.2	84411.8	82276.8	84512.1	83917	
85266.4	82173	80176.5	82218	81865.1	
90968.9	88304.5	85913.5	88238.8	87522.5	
94609	91858.1	88903.1	91695.5	90671.3	
94314.9	91155.7	88754.3	91609	90363.3	
95705.9	92408.3	90356.4	92788.9	92000	
98484.4	95072.7	92709.3	95020.8	95027.7	
94449.8	91467.1	88730.1	91449.8	90750.9	
92654	89975.8	87526	89968.9	89463.7	
100131	96712.8	94408.3	96896.2	96159.2	
102900	100062	97249.1	100173	99505.2	
103100	99993.1	97256.1	99529.4	99131.5	
99733.6	96377.2	93827	96463.7	95923.9	
103218	99667.8	97328.7	100221	99000	
101519	98263	95186.9	98339.1	97823.5	
105104	102242	99103.8	102031	101522	
111170	107356	104882	108336	107266	
114630	111235	108270	111253	110723	
116516	112599	109692	113024	111533	
115827	112270	109363	112467	111439	
115242	111298	108830	111830	110924	
112311	108280	105592	108675	108080	
113388	110311	107339	110253	109464	
120215	116163	113599	116619	115758	
123260	119782	116277	119602	119073	
124495	120152	116993	120571	119516	
125093	121484	117927	121453	120381	
126543	122159	119270	122709	121789	
126751	122156	119789	122920	121619	
124128	119917	116893	120502	120183	
124298	120336	117467	121083	119588	
129131	124702	121841	125308	124270	
130401	126128	123277	126232	125280	
131446	127713	124308	127965	126824	
133291	129159	125986	129343	127772	
134356	129979	126315	129858	129100	
136339	131803	128682	132419	131218	
137737	132799	130128	133682	132682	
137291	133242	130028	133848	132644	
138208	134003	130945	134443	133010	
140460	136426	133474	136689	135464	
143813	139803	135118	139567	138443	
144062	139772	136183	139907	139038	
146623	141896	138381	141962	140834	
147374	143093	139858	143128	142142	
147083	142654	139550	143208	142294	
146965	142934	139343	143135	142028	
151017	146723	142536	146661	145841	
152761	148159	144509	148564	147713	
151934	147419	143315	147349	146332	
152983	147588	144308	148170	147315	
154031	149412	145875	149481	149014	
154938	150308	146744	151367	150062	
156325	152017	147855	151848	150775	
159426	154571	150747	154913	154509	
160855	156097	152356	156415	155353	
161824	157024	153346	157270	156512	
163031	158232	154332	158713	157135	
164419	159599	155422	160325	159118	
165862	160374	156443	161304	159990	
167156	162526	158208	162972	161512	
169291	164249	160090	164042	163599	
171221	166069	162000	166201	165664	
170419	164965	161228	165917	164042	
172678	166844	163170	167401	166630	
173187	167567	164014	168543	167412	
172851	167972	163747	168343	166872	
175159	170339	166630	171187	169810	
177969	173035	169235	172976	171865	
180017	174907	171135	175045	174377	
179782	175045	170737	175498	174408	
181581	175602	172637	176263	175754	
181664	177163	172869	177467	176215	
181073	175958	172325	176637	174595	
187000	181363	177201	182547	180931	
189076	183481	179561	184221	182547	
187824	182111	178145	183090	181699	
186772	181633	177623	182270	180734	
184661	179751	175443	180308	178806	
188273	183298	178768	184035	181948	
192626	186606	182533	187654	186498	
195768	190581	186398	191152	189799	
196343	190651	186104	190993	189512	
198138	193474	188630	193609	192578	
199834	194311	189830	194346	193087	
199256	194021	189540	194087	192952	
201080	195339	191291	195927	194910	
201104	195934	191782	196446	194979	
198377	192993	188965	193830	192073	
194436	189138	184630	189554	188221	
199332	194135	189827	194304	192913	
202920	197412	193263	198516	196713	
209218	204017	199031	204059	202869	
210104	204322	199436	204353	203042	
209765	204180	200028	204747	203747	
209630	204581	199491	205498	203931	
211273	205069	201436	205931	205446	
212747	206938	202505	207346	206090	
207782	202363	197879	202692	201104	
194692	189581	185522	189969	189280	
191737	186204	182422	187536	186232	
183657	178882	175021	179318	177875	
188633	183737	180024	183491	183287	
184893	180301	176318	179948	179118	
173834	169692	165772	169886	168772	
177097	172478	169280	172782	172069	
181356	177190	172623	176827	176232	
166640	162619	158782	162758	161962	
192855	187865	183675	188055	186924	
193398	187958	183879	188453	187377	
187865	183599	179429	183308	182872	
184872	180526	176775	180983	180180	
165080	160107	156374	160734	159827	
151152	147256	143997	147415	147062	
191263	187388	182844	187000	185910	
201685	195979	192381	197028	195516	
172872	168661	164955	168436	167830	
171958	167706	163747	167374	166903	
187716	183073	179114	184062	181990	
195464	190367	186180	190779	190422	
191118	186547	182654	186955	186156	
188135	183903	179592	183664	182862	
173682	170391	166626	169848	169114	
198484	193671	189391	193644	192415	
193512	188218	184311	188689	188031	
192246	188363	184630	188727	187619	
214488	209246	204827	209754	208571	
226166	220055	215671	220713	219249	
239623	234758	230356	234488	234076	
254671	248585	243630	249349	246882	
260024	254280	248394	254401	253159	
250446	245093	239754	245163	244599	
249024	243706	239239	244574	243080	
256886	251107	246038	250837	249990	
265284	259931	253962	259408	258806	
262488	257215	251138	256817	256273	
248657	242834	237941	242924	242381	
263699	258138	253000	258353	257273	
253339	247730	242315	247740	246588	
259093	253069	248322	254135	252990	
269253	262689	258104	263370	261626	
245709	240374	236142	240737	239287	
217913	213166	208886	213218	212464	
204765	200332	196042	200014	199851	
232221	227083	223585	227343	226927	
260723	255498	250260	255208	254242	
236782	232035	227301	232408	231249	
235502	230640	226239	230633	230225	
241948	236630	231886	236526	235664	
236772	232180	227491	231886	230526	
247983	243003	238080	242426	242066	
262630	257073	252228	257561	255488	
267301	262349	257986	262183	261308	
261000	255516	250931	255218	255062	
221529	216585	212875	217010	216429	
237152	232152	227761	232145	231740	
276952	271370	267048	271789	271180	
266398	259799	255377	260453	260398	
276318	270066	265599	270426	269810	
275190	270304	264803	270097	268990	
266215	260931	255675	261069	260471	
264907	259768	255277	259547	259142	
241014	236111	231484	236042	235713	
280055	275145	270377	274792	274837	
299467	293156	288522	293720	292661	
290090	284232	279270	284284	283965	
299042	293997	288042	293405	292817	
274498	269343	264907	269685	268356	
277163	271924	266713	271453	270405	
240415	236478	232457	236585	235284	
238270	234567	229408	233554	233093	
282045	276488	270969	276066	275055	
297356	291595	286986	291619	291567	
300201	294415	289803	295014	293851	
320512	314131	309284	314837	314453	
326606	320152	315145	319844	319855	
295474	289792	284841	289927	289138	
284017	278633	272820	278377	277073	
260834	255083	250578	254972	254640	
267253	262706	257249	262972	262187	
285121	279654	274488	280422	278640	
298048	293329	288149	293138	292249	
329138	324388	317827	323491	323401	
338083	331803	326048	331516	330952	
319751	314190	307979	314183	312848	
319938	313844	308090	314419	313706	
287979	283163	278349	282706	281761	
299574	294384	289388	294557	293917	
332107	326100	321052	326066	325578	
331609	326502	320817	325208	325059	
306495	300782	295844	301035	300689	
311429	304744	299976	305100	304754	
322166	317149	311789	317443	316505	
343187	336851	331298	337014	336343	
338121	332910	327457	332896	331512	
322626	316844	311388	316107	316398	
323135	317201	312955	317495	317329	
352488	346381	340609	347007	345803	
371997	365654	360322	366208	365021	
374083	367446	361215	367484	366678	
373567	367557	361522	367754	367104	
360761	355561	349457	354446	353526	
374706	368564	362145	368221	367799	
380630	375931	368751	374388	374872	
378882	372564	366228	372619	371564	
369197	364464	358048	363664	362478	
375606	368969	362931	368481	368754	
389322	383830	376900	383640	383135	
406107	399374	392612	399557	397834	
410000	404609	397983	403322	403841	
410758	404481	397727	404834	403993	
411260	405533	398747	405436	404166	
393979	388131	381952	388183	387443	
403602	396862	390997	396308	396803	
408277	402457	395464	402723	401291	
395315	389242	383087	389135	388792	
392737	386730	380969	386138	385813	
404592	399692	392180	398550	397128	
405550	400211	393824	399713	398875	
407083	401028	394014	400685	400349	
401439	395564	388737	394426	393668	
411709	405664	398730	405450	405751	
412585	405747	398751	405772	405941	
404561	398363	392301	397426	397529	
407526	401626	395149	400886	400730	
409779	403803	397225	403131	403087	
418073	411356	405273	411561	410768	
425900	420433	413138	419830	418547	
415471	409010	402464	408388	408384	
427042	420900	414633	420256	419439	
434903	428640	421855	427920	428218	
439097	432844	425557	432183	431564	
442882	436443	428920	435619	435875	
443097	436945	430962	437156	436457	
444851	438163	431298	437374	438377	
452242	445453	438616	445190	444547	
443561	436920	430384	436121	436253	
432100	426038	420633	425934	425509	
438415	432792	426055	432498	432228	
435318	429803	423720	429367	429059	
434204	429121	421910	428709	427356	
428512	422062	416550	422664	421792	
434235	427561	422924	427516	427422	
444024	437301	432021	436948	437180	
446792	440204	434183	440678	440100	
451266	443827	438059	444211	443398	
451384	444581	439270	445837	444661	
462315	455806	448913	454616	453931	
457232	450893	444830	451059	451256	
462619	455612	449450	455564	455446	
472121	466080	459792	466055	465439	
470215	464142	458010	463561	463841	
467803	461301	454391	462031	461166	
471038	464221	457142	463588	463208	
456945	451685	444782	450810	450035	
457052	450626	444972	451090	449457	
476765	469536	463304	470083	469481	
470405	464349	457284	464817	463311	
462983	457301	450820	456121	457211	
477799	471201	464962	470938	471211	
479785	474685	467377	474343	473571	
483509	476415	470322	476467	477118	
471048	465519	458422	464405	464401	
466862	459574	453855	459003	460256	
478201	472121	465934	471702	471384	
488087	481474	475356	480405	482599	
493149	486284	480612	486765	486879	
494689	488744	481723	487263	487429	
492803	485903	478955	487204	486128	
497619	491291	484401	491671	490394	
500446	494533	488301	495474	494104	
500720	494913	487990	495045	494301	
504516	497232	491360	497578	497709	
505533	499218	492550	499308	498820	
497747	491976	485201	491920	491941	
500519	494706	488170	494443	493626	
503855	496343	490190	495851	496931	
493394	487107	481626	487374	488159	
495952	489920	483896	488858	489349	
504228	497232	491170	496827	497606	
509675	503772	496097	502388	502941	
512657	506031	499834	506035	507093	
516093	508713	503087	509201	508668	
516730	509668	504066	509315	509654	
517311	511682	504343	510394	510346	
518789	512107	506059	512010	511135	
518543	512567	505623	512048	512896	
516260	510540	502976	509218	509301	
503156	497664	490785	496460	496035	
511633	506343	499637	505381	505488	
520298	514073	507439	513045	513491	
522284	515481	509332	514948	514997	
524474	517038	511048	517529	516716	
525266	519540	512311	519325	518180	
524329	518637	512599	519779	518349	
522612	516253	509194	515827	515467	
522979	517377	511173	517740	516889	
522547	516017	509118	516550	515737	
525235	517872	512301	518118	517685	
527785	521664	514606	521260	521478	
527533	521509	515384	521263	522038	
525827	519609	514253	519083	519291	
530104	523595	517318	523478	523121	
533339	526979	520138	526398	525886	
533941	527547	521249	527131	526360	
534910	529121	521958	528235	529284	
532536	527249	521792	526388	526619	
525332	519481	513401	518938	518121	
528000	521599	514983	521187	521083	
511799	506439	498734	505758	504945	
516675	511062	504495	510875	510955	
527931	522028	516308	522834	521903	
530720	525266	519087	524647	523969	
534543	528467	522699	528035	527429	
537522	531585	524612	531003	530491	
537363	531917	525422	531346	531872	
534965	529107	522550	528329	528595	
530484	524837	518723	524927	523678	
535017	529266	521343	527889	528356	
529554	522239	516419	522557	522419	
512706	506370	499872	506118	506602	
529782	523540	517671	523952	523882	
535740	529239	522343	528346	529100	
537298	530983	524111	530339	530443	
542394	535329	528907	534526	535720	
543097	537197	529696	536979	536869	
542426	537488	530467	536422	536592	
535256	529993	522699	529630	529228	
532761	526820	520592	524806	525450	
531166	525516	518467	525595	524273	
538730	532647	526111	533138	532516	
542654	536740	530453	535913	536138	
542439	536332	530308	536336	536574	
531498	526280	518308	525526	524962	
539879	533048	527221	532713	532934	
545166	539263	533031	538882	539522	
548253	542540	536180	541803	542218	
549602	543692	537235	543505	543948	
551900	544754	537990	544612	544744	
549997	543377	536675	543879	544277	
550391	544972	537830	544170	542830	
551581	544869	538367	544644	545125	
550055	543744	536581	543377	544211	
544391	537754	531734	536803	537917	
545945	539478	533484	539232	540270	
550446	545145	538059	543540	544758	
551142	545564	538488	545381	543893	
551076	544689	538540	544000	545097	
547900	541280	535367	541630	541495	
537491	532190	524972	531439	530965	
544606	539308	532052	538478	538585	
545415	538332	533069	538329	539491	
544031	537803	531855	538955	538443	
548986	542201	536073	541187	541633	
548765	543734	535633	541602	542298	
549754	543664	537121	544055	544377	
548706	542997	535657	541913	542000	
543107	538163	530720	537550	537433	
537806	531841	525692	531969	531910	
545007	538875	533128	539422	538747	
545917	540689	534003	540069	540194	
537945	531284	525533	531491	532128	
544052	538602	532872	538118	538429	
548633	543910	536678	542872	542744	
550211	543478	537457	542495	543547	
549626	544069	536408	543080	543564	
549706	542720	536830	542685	542446	
542384	535716	529394	535498	535318	
535024	529626	522093	528398	529578	
524682	519685	513031	519277	519734	
532869	528651	521031	526135	527346	
537689	531682	525612	530983	532076	
538104	533834	527692	533308	532481	
527277	521142	514709	520194	521623	
434612	429882	424163	429806	429353	
303287	299080	296083	299398	299159	
232474	230505	227114	229647	230381	
200865	199059	196204	198529	198367	
160239	158934	156900	158761	158692	
126322	124747	123450	124208	124699	
104609	103855	102450	103578	104322	
91685.1	90647.1	89951.6	90505.2	91006.9	
87951.6	87117.6	86245.7	87276.8	87138.4	
88276.8	87086.5	86141.9	86778.5	87346	
98038.1	97328.7	95629.8	96906.6	97055.4	
109557	108353	106661	108183	107502	
133388	131893	130370	131287	131640	
162183	160419	158730	160322	160228	
203190	200917	198436	200363	200924	
248990	246083	243304	245505	245574	
364166	360633	355616	360083	359439	
399339	394772	390785	394803	395270	
334896	331253	327630	331273	331031	
316903	314522	310408	313083	313789	
246426	243830	240952	243997	244201	
263986	260938	257903	260488	260765	
230640	227588	224945	228246	227782	
204131	201747	199377	201886	201744	
251848	249100	245775	249059	249280	
194467	192277	189889	191723	192696	
227291	225131	222401	223792	224637	
256419	253280	250017	252706	253498	
197910	195083	193488	195176	195343	
264045	261076	257609	260450	260460	
277689	274377	270671	273349	274509	
217495	215702	212498	214758	215329	
296516	292287	289215	292900	292194	
315519	311792	308325	311661	311152	
246875	243775	241792	244010	244242	
321215	317803	313851	316810	316571	
366734	361920	357882	362228	362225	
290796	287574	283689	287235	286903	
331626	327076	322664	326533	325678	
410824	405010	401301	405000	405277	
357180	352862	348460	353197	352654	
335913	332747	327952	331761	331855	
415287	410235	405509	410664	410606	
418976	414388	409156	414090	414616	
355872	352450	348080	351785	352332	
399983	395080	390754	395093	395121	
462997	457574	453478	457806	457277	
425740	421498	416578	420837	420640	
400118	395931	390682	394837	396215	
464865	460446	455003	460024	460325	
494927	489003	483260	488779	489042	
460675	457097	450979	456270	455952	
453024	448028	442806	447824	447453	
502093	496453	490138	495952	495879	
520848	515896	509986	515644	514464	
496751	491955	485986	490910	492170	
486737	481332	475817	480571	480744	
514796	508339	503000	508893	508277	
522208	515979	510969	516280	515972	
514830	510412	504304	509955	509260	
504405	499938	493156	499433	499024	
526055	521073	514336	520273	520993	
536481	531401	524761	530962	530696	
528841	523581	518221	524675	523211	
512657	507522	501408	505806	506408	
511889	506439	500419	505924	506166	
525453	519557	514976	519360	519394	
536121	529772	522737	529567	530183	
528830	523183	516986	522388	522187	
527419	522543	515817	522125	522131	
520851	515256	508536	515415	515910	
531983	526062	519173	524979	524969	
540692	535578	530080	534526	535633	
541841	534879	529471	535073	535349	
545100	539779	533176	539692	538765	
549401	543038	537723	543471	542827	
550263	544685	539062	543467	544311	
545782	540893	534014	540727	540471	
535817	529543	523062	529754	529118	
535426	530685	524294	529215	529415	
532111	526315	520519	526433	526505	
524907	518062	513346	519367	518128	
532107	525616	519997	526554	525976	
538118	532772	526502	532228	531869	
538433	532810	526007	533007	532152	
539221	534152	527599	533775	533522	
536433	530121	524498	531087	530426	
535740	530561	524671	530436	530249	
539284	533156	527972	533180	532754	
534834	530412	524059	529803	529896	
534066	528450	521083	528159	528208	
539917	535848	528633	534637	534543	
542512	537253	532083	537062	536668	
542159	536581	529623	536170	536145	
542824	536640	531218	537830	536702	
544969	539467	534073	539983	539311	
548069	541934	536554	541803	542090	
549000	542159	536062	542934	543609	
548505	542737	537526	543346	542938	
543201	537810	530789	536706	537609	
534516	528374	522370	527280	527886	
540408	535612	527869	534567	534768	
540467	534332	528792	534339	535242	
531682	525924	520626	525208	525204	
519540	513740	509464	513851	515170	
529329	524170	518149	524131	524156	
535841	530218	523754	530187	530059	
539761	534249	527623	534145	533581	
539834	534422	528308	534481	533875	
541612	535841	529965	535260	536301	
542637	536616	530519	536377	537052	
538374	534277	527682	534000	534083	
537997	533204	527536	532149	532446	
540637	535325	529734	534969	535979	
543640	536689	531595	536907	536318	
543343	538481	533242	537242	537882	
545651	539723	533457	539820	539654	
545789	541367	535066	541304	540841	
547287	542381	535149	541311	541266	
540363	535692	530419	535955	536097	
536789	531107	525574	530215	531436	
533938	528522	522543	527990	528374	
532997	528408	521436	528405	527896	
539706	534706	528152	533851	534024	
541128	536087	529924	535540	535997	
529547	524862	518298	524654	524990	
528772	522882	517772	522225	522903	
536938	532360	524796	531346	530519	
539716	534007	529273	533581	534031	
540491	535972	528291	534824	535678	
538955	533232	527163	532346	532208	
528322	524197	518118	523917	523481	
532242	527284	521585	527266	527474	
536588	531685	525066	530848	530955	
538232	532356	526014	532035	532010	
537547	532488	526747	532318	532595	
536512	529830	523820	530869	530488	
527965	521810	516969	523035	522709	
527512	521087	514997	520869	521301	
527433	521657	517062	521952	522156	
533093	527896	521031	526934	526976	
535803	529567	524242	529862	529779	
537862	532176	526668	532394	532616	
538315	532187	526412	531806	531938	
532066	526512	520073	526990	526329	
533945	528623	522554	527997	528467	
529426	524301	518931	523512	523273	
531817	525602	519803	525429	525848	
535000	529599	523446	528706	529550	
536145	532606	525242	529349	530813	
536969	531495	525287	531737	532069	
537322	531997	524526	531208	531481	
536522	530855	525516	530913	530952	
534882	530093	522723	530017	529519	
535170	529135	523356	528948	529211	
535422	530201	523761	530609	530125	
535125	529235	522730	529938	529512	
533339	528035	522197	528429	528138	
534370	528848	522696	528606	528716	
533453	529689	523450	527875	529035	
525595	521471	515349	521170	520173	
515343	511218	504505	509806	510426	
523138	517235	512343	517038	517955	
517588	513522	507118	512730	513260	
520841	516478	510370	515429	516405	
527478	522159	516574	521668	521927	
529924	524761	518810	523730	524758	
532114	526045	520374	526197	526270	
531671	526851	520765	526145	526384	
532654	526069	520318	526052	526543	
531401	526945	519924	525941	525976	
532550	525958	520554	526138	525740	
530446	524626	518277	524740	524166	
523619	519003	512734	518941	518668	
526827	521066	515651	521170	520059	
527512	522066	516107	521554	522280	
523263	517768	512747	518426	518107	
521934	516817	511768	516287	517824	
526187	519889	513889	520280	520042	
526848	521433	515692	521630	521062	
525779	520422	515048	520090	520450	
524498	519439	513765	518595	519467	
523941	518630	511498	518125	518962	
521661	516163	510277	516035	515028	
517526	512398	507606	511896	512550	
521917	516879	511059	515983	516626	
521467	515938	510972	515865	515592	
515924	512111	506343	511370	511128	
518830	513235	507412	513280	512654	
518128	513692	507772	512516	511685	
515280	511713	506367	511924	511218	
506678	502609	494567	500948	501561	
507394	501848	495384	501958	502180	
509799	504581	499145	505526	504256	
504401	499353	493654	500630	500069	
505208	500318	494602	499187	498651	
510242	505062	499083	504156	505107	
511692	505668	500187	505339	505318	
506993	501564	496370	500564	501851	
507201	501934	495491	500640	501505	
508349	504308	498028	502979	503166	
506412	501270	495879	500744	500474	
500031	495516	489215	494270	494298	
496626	491734	486197	491294	491554	
488391	482734	477647	482862	483640	
483824	478028	473021	478287	478135	
499803	494626	488969	494291	494363	
505879	501048	494415	500128	499782	
497083	491478	485554	490910	490654	
485384	480896	475201	480540	480360	
493945	488585	482958	487889	487311	
504239	498872	494689	498969	499529	
507716	503588	498052	503325	504048	
499609	493152	487408	493550	493439	
484744	480837	475356	480664	480003	
490543	485253	480450	485042	485754	
492543	488464	482308	487391	487893	
495408	490796	485225	489564	490360	
494519	489080	483010	487810	489502	
487183	481529	476346	481540	481869	
478349	473332	467592	473384	473595	
482298	477453	471360	476997	476837	
478346	473865	468460	473747	473533	
488398	482882	478035	483308	482851	
485713	480540	474595	480073	480183	
485775	481273	475699	480360	480844	
493031	487197	482301	486754	487318	
484512	479972	473367	480183	479609	
477848	473481	466550	472612	472522	
477554	473547	468675	472813	473612	
473381	468765	463260	467727	468121	
483630	478948	472924	478090	478260	
490827	486571	480664	485304	485443	
480419	475073	469554	474522	475533	
477744	472945	466460	472118	472443	
485190	480972	475803	480772	479869	
485526	480498	474900	479464	480156	
484280	479242	473865	479612	478806	
479048	473785	468353	473367	473599	
472626	467301	462958	467640	467792	
472381	467145	464156	467737	467439	
479799	475204	469962	474910	474720	
485170	479758	474069	479941	479433	
481495	476647	470907	476253	476111	
483682	478215	472571	477931	478813	
483336	478550	473616	478260	478893	
486021	479239	475253	479751	480526	
485107	479682	474699	478633	479135	
475460	470488	465837	470284	470228	
467021	462927	457370	461474	461716	
458249	453460	447339	452464	452941	
451855	447090	443377	447035	445813	
451775	446453	441644	447768	445817	
462723	457498	451924	457644	457125	
472505	467142	462827	467021	467163	
467657	462076	457204	462128	462028	
468405	463554	457927	463834	463388	
467131	462374	457955	462453	462000	
469353	464014	459699	464055	464107	
475128	469495	463772	468889	469000	
474017	468917	463692	468747	468329	
476817	470557	466073	470457	471253	
477045	473657	466419	472280	471602	
475768	469903	465626	470087	470014	
473948	468595	463727	469571	469709	
477280	472433	467135	472083	472540	
471433	467211	461291	467215	466962	
468048	462087	456941	462810	462609	
467567	462235	456242	461616	460851	
466920	462471	457170	462128	462260	
471291	467211	461401	466107	466495	
469554	464478	460121	464554	464699	
469626	465696	459073	463637	463855	
467765	461900	456637	461941	461536	
463851	458661	453547	459374	458457	
465394	460900	455260	459938	459986	
453855	449253	443678	449917	449533	
436242	431654	426934	431626	431806	
437910	433308	427484	432664	432609	
447682	442955	438955	442097	443242	
449747	444301	439270	444381	444547	
448872	444806	439374	444087	444612	
440903	434830	430069	435619	435429	
423872	419315	413450	418945	418173	
434356	429869	424820	428827	429374	
435886	430789	426291	430796	429920	
425927	420785	415723	420713	420052	
413360	409225	403979	408187	409301	
418204	413343	407913	412855	412889	
419519	414595	410138	414612	414422	
415419	410211	405941	410640	411187	
414592	409339	404941	409734	409457	
406640	401941	396287	402727	401048	
399716	394325	389737	394654	394080	
389903	385467	381339	385924	384983	
384986	381149	376215	381232	381159	
381398	376253	372100	376886	376194	
369931	364820	360948	365298	364131	
365664	360536	356567	360138	359329	
370702	366426	362405	365924	365429	
370398	366215	361803	366453	365010	
365664	361740	356467	360924	360661	
358201	353488	349249	353865	353260	
353256	348571	344190	348457	348156	
353111	348183	344208	348637	348433	
350343	345699	341547	345107	344446	
344702	340367	335682	340460	339955	
338664	335128	330471	334595	333557	
329692	325692	322239	326176	324865	
322678	317907	314471	318128	316993	
312806	309713	305391	309055	308488	
5826.99	5823.53	5823.53	5820.07	5826.99	
5761.25	5768.17	5754.33	5757.79	5764.71	
5764.71	5743.94	5743.94	5761.25	5757.79	
5750.87	5743.94	5754.33	5740.48	5740.48	
