5674.58	5677.97	5674.58	5677.97	5674.58	
5627.12	5640.68	5627.12	5640.68	5627.12	
5623.73	5627.12	5623.73	5627.12	5623.73	
5630.51	5623.73	5630.51	5623.73	5630.51	
5630.51	5633.9	5630.51	5633.9	5630.51	
5637.29	5630.51	5637.29	5630.51	5637.29	
5633.9	5623.73	5633.9	5623.73	5633.9	
5633.9	5654.24	5633.9	5654.24	5633.9	
5644.07	5640.68	5644.07	5640.68	5644.07	
5637.29	5650.85	5637.29	5650.85	5637.29	
5647.46	5650.85	5647.46	5650.85	5647.46	
5650.85	5637.29	5650.85	5637.29	5650.85	
5640.68	5637.29	5640.68	5637.29	5640.68	
5637.29	5637.29	5637.29	5637.29	5637.29	
5654.24	5637.29	5654.24	5637.29	5654.24	
5623.73	5637.29	5623.73	5637.29	5623.73	
5637.29	5644.07	5637.29	5644.07	5637.29	
5647.46	5647.46	5647.46	5647.46	5647.46	
5637.29	5650.85	5637.29	5650.85	5637.29	
5637.29	5627.12	5637.29	5627.12	5637.29	
5647.46	5627.12	5647.46	5627.12	5647.46	
5637.29	5640.68	5637.29	5640.68	5637.29	
5630.51	5633.9	5630.51	5633.9	5630.51	
5644.07	5637.29	5644.07	5637.29	5644.07	
5640.68	5647.46	5640.68	5647.46	5640.68	
5644.07	5650.85	5644.07	5650.85	5644.07	
5640.68	5627.12	5640.68	5627.12	5640.68	
5644.07	5647.46	5644.07	5647.46	5644.07	
5647.46	5657.63	5647.46	5657.63	5647.46	
5633.9	5640.68	5633.9	5640.68	5633.9	
5647.46	5640.68	5647.46	5640.68	5647.46	
5647.46	5637.29	5647.46	5637.29	5647.46	
5647.46	5647.46	5647.46	5647.46	5647.46	
5640.68	5661.02	5640.68	5661.02	5640.68	
5661.02	5654.24	5661.02	5654.24	5661.02	
5647.46	5650.85	5647.46	5650.85	5647.46	
5630.51	5640.68	5630.51	5640.68	5630.51	
5650.85	5647.46	5650.85	5647.46	5650.85	
5650.85	5640.68	5650.85	5640.68	5650.85	
5650.85	5644.07	5650.85	5644.07	5650.85	
5650.85	5650.85	5650.85	5650.85	5650.85	
5657.63	5650.85	5657.63	5650.85	5657.63	
5644.07	5640.68	5644.07	5640.68	5644.07	
5647.46	5650.85	5647.46	5650.85	5647.46	
5644.07	5654.24	5644.07	5654.24	5644.07	
5650.85	5647.46	5650.85	5647.46	5650.85	
5647.46	5661.02	5647.46	5661.02	5647.46	
5647.46	5640.68	5647.46	5640.68	5647.46	
5647.46	5644.07	5647.46	5644.07	5647.46	
5647.46	5657.63	5647.46	5657.63	5647.46	
5654.24	5644.07	5654.24	5644.07	5654.24	
5650.85	5650.85	5650.85	5650.85	5650.85	
5637.29	5633.9	5637.29	5633.9	5637.29	
5640.68	5637.29	5640.68	5637.29	5640.68	
5647.46	5644.07	5647.46	5644.07	5647.46	
5650.85	5640.68	5650.85	5640.68	5650.85	
5650.85	5640.68	5650.85	5640.68	5650.85	
5637.29	5633.9	5637.29	5633.9	5637.29	
5623.73	5637.29	5623.73	5637.29	5623.73	
5627.12	5654.24	5627.12	5654.24	5627.12	
5650.85	5650.85	5650.85	5650.85	5650.85	
5654.24	5647.46	5654.24	5647.46	5654.24	
5657.63	5640.68	5657.63	5640.68	5657.63	
5640.68	5637.29	5640.68	5637.29	5640.68	
5640.68	5647.46	5640.68	5647.46	5640.68	
5637.29	5644.07	5637.29	5644.07	5637.29	
5640.68	5661.02	5640.68	5661.02	5640.68	
5647.46	5637.29	5647.46	5637.29	5647.46	
5637.29	5650.85	5637.29	5650.85	5637.29	
5640.68	5644.07	5640.68	5644.07	5640.68	
5644.07	5647.46	5644.07	5647.46	5644.07	
5654.24	5640.68	5654.24	5640.68	5654.24	
5650.85	5650.85	5650.85	5650.85	5650.85	
5661.02	5640.68	5661.02	5640.68	5661.02	
5640.68	5647.46	5640.68	5647.46	5640.68	
5647.46	5647.46	5647.46	5647.46	5647.46	
5657.63	5637.29	5657.63	5637.29	5657.63	
5650.85	5654.24	5650.85	5654.24	5650.85	
5650.85	5647.46	5650.85	5647.46	5650.85	
5647.46	5650.85	5647.46	5650.85	5647.46	
5633.9	5644.07	5633.9	5644.07	5633.9	
5650.85	5647.46	5650.85	5647.46	5650.85	
5637.29	5644.07	5637.29	5644.07	5637.29	
5650.85	5654.24	5650.85	5654.24	5650.85	
5647.46	5633.9	5647.46	5633.9	5647.46	
5637.29	5637.29	5637.29	5637.29	5637.29	
5654.24	5640.68	5654.24	5640.68	5654.24	
5627.12	5647.46	5627.12	5647.46	5627.12	
5640.68	5647.46	5640.68	5647.46	5640.68	
5644.07	5647.46	5644.07	5647.46	5644.07	
5644.07	5640.68	5644.07	5640.68	5644.07	
5654.24	5644.07	5654.24	5644.07	5654.24	
5654.24	5654.24	5654.24	5654.24	5654.24	
5654.24	5650.85	5654.24	5650.85	5654.24	
5661.02	5647.46	5661.02	5647.46	5661.02	
5644.07	5640.68	5644.07	5640.68	5644.07	
5633.9	5633.9	5633.9	5633.9	5633.9	
5637.29	5657.63	5637.29	5657.63	5637.29	
5640.68	5633.9	5640.68	5633.9	5640.68	
5640.68	5650.85	5640.68	5650.85	5640.68	
5640.68	5657.63	5640.68	5657.63	5640.68	
5644.07	5644.07	5644.07	5644.07	5644.07	
5644.07	5647.46	5644.07	5647.46	5644.07	
5640.68	5637.29	5640.68	5637.29	5640.68	
5650.85	5647.46	5650.85	5647.46	5650.85	
5637.29	5654.24	5637.29	5654.24	5637.29	
5650.85	5654.24	5650.85	5654.24	5650.85	
5637.29	5647.46	5637.29	5647.46	5637.29	
5647.46	5650.85	5647.46	5650.85	5647.46	
5654.24	5637.29	5654.24	5637.29	5654.24	
5647.46	5640.68	5647.46	5640.68	5647.46	
5637.29	5640.68	5637.29	5640.68	5637.29	
5633.9	5644.07	5633.9	5644.07	5633.9	
5644.07	5647.46	5644.07	5647.46	5644.07	
5633.9	5644.07	5633.9	5644.07	5633.9	
5630.51	5647.46	5630.51	5647.46	5630.51	
5647.46	5644.07	5647.46	5644.07	5647.46	
5644.07	5644.07	5644.07	5644.07	5644.07	
5637.29	5650.85	5637.29	5650.85	5637.29	
5657.63	5650.85	5657.63	5650.85	5657.63	
5650.85	5637.29	5650.85	5637.29	5650.85	
5640.68	5650.85	5640.68	5650.85	5640.68	
5647.46	5647.46	5647.46	5647.46	5647.46	
5644.07	5661.02	5644.07	5661.02	5644.07	
5640.68	5644.07	5640.68	5644.07	5640.68	
5650.85	5650.85	5650.85	5650.85	5650.85	
5633.9	5640.68	5633.9	5640.68	5633.9	
5644.07	5640.68	5644.07	5640.68	5644.07	
5650.85	5640.68	5650.85	5640.68	5650.85	
5644.07	5633.9	5644.07	5633.9	5644.07	
5647.46	5640.68	5647.46	5640.68	5647.46	
5637.29	5650.85	5637.29	5650.85	5637.29	
5654.24	5640.68	5654.24	5640.68	5654.24	
5637.29	5647.46	5637.29	5647.46	5637.29	
5647.46	5647.46	5647.46	5647.46	5647.46	
5633.9	5657.63	5633.9	5657.63	5633.9	
5664.41	5644.07	5664.41	5644.07	5664.41	
5664.41	5637.29	5664.41	5637.29	5664.41	
5650.85	5640.68	5650.85	5640.68	5650.85	
5647.46	5647.46	5647.46	5647.46	5647.46	
5640.68	5647.46	5640.68	5647.46	5640.68	
5630.51	5633.9	5630.51	5633.9	5630.51	
5640.68	5637.29	5640.68	5637.29	5640.68	
5640.68	5647.46	5640.68	5647.46	5640.68	
5654.24	5627.12	5654.24	5627.12	5654.24	
5644.07	5644.07	5644.07	5644.07	5644.07	
5644.07	5644.07	5644.07	5644.07	5644.07	
5650.85	5637.29	5650.85	5637.29	5650.85	
5654.24	5650.85	5654.24	5650.85	5654.24	
5637.29	5630.51	5637.29	5630.51	5637.29	
5650.85	5644.07	5650.85	5644.07	5650.85	
5647.46	5647.46	5647.46	5647.46	5647.46	
5640.68	5637.29	5640.68	5637.29	5640.68	
5654.24	5644.07	5654.24	5644.07	5654.24	
5647.46	5654.24	5647.46	5654.24	5647.46	
5647.46	5637.29	5647.46	5637.29	5647.46	
5640.68	5644.07	5640.68	5644.07	5640.68	
5640.68	5650.85	5640.68	5650.85	5640.68	
5637.29	5654.24	5637.29	5654.24	5637.29	
5647.46	5633.9	5647.46	5633.9	5647.46	
5633.9	5640.68	5633.9	5640.68	5633.9	
5630.51	5637.29	5630.51	5637.29	5630.51	
5633.9	5637.29	5633.9	5637.29	5633.9	
5667.8	5657.63	5667.8	5657.63	5667.8	
5650.85	5637.29	5650.85	5637.29	5650.85	
5650.85	5633.9	5650.85	5633.9	5650.85	
5650.85	5644.07	5650.85	5644.07	5650.85	
5650.85	5644.07	5650.85	5644.07	5650.85	
5644.07	5657.63	5644.07	5657.63	5644.07	
5640.68	5650.85	5640.68	5650.85	5640.68	
5647.46	5637.29	5647.46	5637.29	5647.46	
5637.29	5650.85	5637.29	5650.85	5637.29	
5650.85	5640.68	5650.85	5640.68	5650.85	
5654.24	5640.68	5654.24	5640.68	5654.24	
5654.24	5633.9	5654.24	5633.9	5654.24	
5644.07	5627.12	5644.07	5627.12	5644.07	
5650.85	5647.46	5650.85	5647.46	5650.85	
5647.46	5647.46	5647.46	5647.46	5647.46	
5637.29	5627.12	5637.29	5627.12	5637.29	
5647.46	5650.85	5647.46	5650.85	5647.46	
5633.9	5650.85	5633.9	5650.85	5633.9	
5647.46	5644.07	5647.46	5644.07	5647.46	
5650.85	5650.85	5650.85	5650.85	5650.85	
5644.07	5654.24	5644.07	5654.24	5644.07	
5640.68	5654.24	5640.68	5654.24	5640.68	
5644.07	5650.85	5644.07	5650.85	5644.07	
5640.68	5647.46	5640.68	5647.46	5640.68	
5640.68	5644.07	5640.68	5644.07	5640.68	
5647.46	5630.51	5647.46	5630.51	5647.46	
5633.9	5640.68	5633.9	5640.68	5633.9	
5650.85	5637.29	5650.85	5637.29	5650.85	
5644.07	5640.68	5644.07	5640.68	5644.07	
5647.46	5657.63	5647.46	5657.63	5647.46	
5640.68	5644.07	5640.68	5644.07	5640.68	
5647.46	5637.29	5647.46	5637.29	5647.46	
5644.07	5637.29	5644.07	5637.29	5644.07	
5661.02	5640.68	5661.02	5640.68	5661.02	
5664.41	5647.46	5664.41	5647.46	5664.41	
5627.12	5640.68	5627.12	5640.68	5627.12	
5647.46	5654.24	5647.46	5654.24	5647.46	
5654.24	5647.46	5654.24	5647.46	5654.24	
5644.07	5644.07	5644.07	5644.07	5644.07	
5633.9	5637.29	5633.9	5637.29	5633.9	
5640.68	5644.07	5640.68	5644.07	5640.68	
5650.85	5637.29	5650.85	5637.29	5650.85	
5650.85	5647.46	5650.85	5647.46	5650.85	
5640.68	5664.41	5640.68	5664.41	5640.68	
5640.68	5650.85	5640.68	5650.85	5640.68	
5640.68	5637.29	5640.68	5637.29	5640.68	
5650.85	5633.9	5650.85	5633.9	5650.85	
5630.51	5637.29	5630.51	5637.29	5630.51	
5647.46	5647.46	5647.46	5647.46	5647.46	
5637.29	5633.9	5637.29	5633.9	5637.29	
5640.68	5650.85	5640.68	5650.85	5640.68	
5637.29	5644.07	5637.29	5644.07	5637.29	
5654.24	5650.85	5654.24	5650.85	5654.24	
5644.07	5640.68	5644.07	5640.68	5644.07	
5657.63	5650.85	5657.63	5650.85	5657.63	
5647.46	5637.29	5647.46	5637.29	5647.46	
5640.68	5637.29	5640.68	5637.29	5640.68	
5640.68	5640.68	5640.68	5640.68	5640.68	
5650.85	5644.07	5650.85	5644.07	5650.85	
5637.29	5644.07	5637.29	5644.07	5637.29	
5650.85	5644.07	5650.85	5644.07	5650.85	
5640.68	5654.24	5640.68	5654.24	5640.68	
5640.68	5647.46	5640.68	5647.46	5640.68	
5633.9	5650.85	5633.9	5650.85	5633.9	
5637.29	5644.07	5637.29	5644.07	5637.29	
5650.85	5654.24	5650.85	5654.24	5650.85	
5633.9	5650.85	5633.9	5650.85	5633.9	
5637.29	5664.41	5637.29	5664.41	5637.29	
5630.51	5637.29	5630.51	5637.29	5630.51	
5644.07	5654.24	5644.07	5654.24	5644.07	
5647.46	5644.07	5647.46	5644.07	5647.46	
5630.51	5637.29	5630.51	5637.29	5630.51	
5640.68	5623.73	5640.68	5623.73	5640.68	
5630.51	5640.68	5630.51	5640.68	5630.51	
5654.24	5644.07	5654.24	5644.07	5654.24	
5637.29	5640.68	5637.29	5640.68	5637.29	
5644.07	5654.24	5644.07	5654.24	5644.07	
5637.29	5630.51	5637.29	5630.51	5637.29	
5640.68	5661.02	5640.68	5661.02	5640.68	
5637.29	5640.68	5637.29	5640.68	5637.29	
5637.29	5647.46	5637.29	5647.46	5637.29	
5654.24	5644.07	5654.24	5644.07	5654.24	
5654.24	5640.68	5654.24	5640.68	5654.24	
5644.07	5640.68	5644.07	5640.68	5644.07	
5650.85	5644.07	5650.85	5644.07	5650.85	
5640.68	5647.46	5640.68	5647.46	5640.68	
5637.29	5637.29	5637.29	5637.29	5637.29	
5644.07	5644.07	5644.07	5644.07	5644.07	
5637.29	5647.46	5637.29	5647.46	5637.29	
5647.46	5647.46	5647.46	5647.46	5647.46	
5647.46	5640.68	5647.46	5640.68	5647.46	
5637.29	5640.68	5637.29	5640.68	5637.29	
5633.9	5661.02	5633.9	5661.02	5633.9	
5657.63	5637.29	5657.63	5637.29	5657.63	
5644.07	5647.46	5644.07	5647.46	5644.07	
5650.85	5650.85	5650.85	5650.85	5650.85	
5633.9	5637.29	5633.9	5637.29	5633.9	
5650.85	5640.68	5650.85	5640.68	5650.85	
5644.07	5640.68	5644.07	5640.68	5644.07	
5654.24	5647.46	5654.24	5647.46	5654.24	
5633.9	5650.85	5633.9	5650.85	5633.9	
5627.12	5644.07	5627.12	5644.07	5627.12	
5630.51	5644.07	5630.51	5644.07	5630.51	
5627.12	5650.85	5627.12	5650.85	5627.12	
5640.68	5633.9	5640.68	5633.9	5640.68	
5633.9	5640.68	5633.9	5640.68	5633.9	
5633.9	5644.07	5633.9	5644.07	5633.9	
5647.46	5654.24	5647.46	5654.24	5647.46	
5644.07	5633.9	5644.07	5633.9	5644.07	
5640.68	5647.46	5640.68	5647.46	5640.68	
5647.46	5644.07	5647.46	5644.07	5647.46	
5654.24	5633.9	5654.24	5633.9	5654.24	
5644.07	5637.29	5644.07	5637.29	5644.07	
5633.9	5637.29	5633.9	5637.29	5633.9	
5650.85	5661.02	5650.85	5661.02	5650.85	
5637.29	5640.68	5637.29	5640.68	5637.29	
5650.85	5654.24	5650.85	5654.24	5650.85	
5647.46	5640.68	5647.46	5640.68	5647.46	
5640.68	5637.29	5640.68	5637.29	5640.68	
5661.02	5637.29	5661.02	5637.29	5661.02	
5630.51	5644.07	5630.51	5644.07	5630.51	
5657.63	5650.85	5657.63	5650.85	5657.63	
5644.07	5650.85	5644.07	5650.85	5644.07	
5633.9	5630.51	5633.9	5630.51	5633.9	
5644.07	5637.29	5644.07	5637.29	5644.07	
5657.63	5647.46	5657.63	5647.46	5657.63	
5633.9	5647.46	5633.9	5647.46	5633.9	
5647.46	5654.24	5647.46	5654.24	5647.46	
5654.24	5630.51	5654.24	5630.51	5654.24	
5647.46	5647.46	5647.46	5647.46	5647.46	
5640.68	5637.29	5640.68	5637.29	5640.68	
5644.07	5630.51	5644.07	5630.51	5644.07	
5640.68	5633.9	5640.68	5633.9	5640.68	
5637.29	5640.68	5637.29	5640.68	5637.29	
5637.29	5647.46	5637.29	5647.46	5637.29	
5647.46	5640.68	5647.46	5640.68	5647.46	
5650.85	5644.07	5650.85	5644.07	5650.85	
5637.29	5650.85	5637.29	5650.85	5637.29	
5644.07	5661.02	5644.07	5661.02	5644.07	
5633.9	5647.46	5633.9	5647.46	5633.9	
5644.07	5637.29	5644.07	5637.29	5644.07	
5647.46	5647.46	5647.46	5647.46	5647.46	
5650.85	5637.29	5650.85	5637.29	5650.85	
5647.46	5633.9	5647.46	5633.9	5647.46	
5640.68	5647.46	5640.68	5647.46	5640.68	
5644.07	5647.46	5644.07	5647.46	5644.07	
5633.9	5640.68	5633.9	5640.68	5633.9	
5640.68	5637.29	5640.68	5637.29	5640.68	
5633.9	5640.68	5633.9	5640.68	5633.9	
5633.9	5657.63	5633.9	5657.63	5633.9	
5633.9	5650.85	5633.9	5650.85	5633.9	
5637.29	5647.46	5637.29	5647.46	5637.29	
5657.63	5650.85	5657.63	5650.85	5657.63	
5650.85	5644.07	5650.85	5644.07	5650.85	
5637.29	5637.29	5637.29	5637.29	5637.29	
5644.07	5640.68	5644.07	5640.68	5644.07	
5650.85	5644.07	5650.85	5644.07	5650.85	
5640.68	5644.07	5640.68	5644.07	5640.68	
5633.9	5647.46	5633.9	5647.46	5633.9	
5637.29	5637.29	5637.29	5637.29	5637.29	
5637.29	5657.63	5637.29	5657.63	5637.29	
5650.85	5650.85	5650.85	5650.85	5650.85	
5637.29	5650.85	5637.29	5650.85	5637.29	
5647.46	5630.51	5647.46	5630.51	5647.46	
5640.68	5647.46	5640.68	5647.46	5640.68	
5640.68	5637.29	5640.68	5637.29	5640.68	
5637.29	5644.07	5637.29	5644.07	5637.29	
5647.46	5627.12	5647.46	5627.12	5647.46	
5633.9	5650.85	5633.9	5650.85	5633.9	
5661.02	5644.07	5661.02	5644.07	5661.02	
5640.68	5640.68	5640.68	5640.68	5640.68	
5640.68	5637.29	5640.68	5637.29	5640.68	
5637.29	5644.07	5637.29	5644.07	5637.29	
5647.46	5640.68	5647.46	5640.68	5647.46	
5637.29	5633.9	5637.29	5633.9	5637.29	
5633.9	5630.51	5633.9	5630.51	5633.9	
5637.29	5644.07	5637.29	5644.07	5637.29	
5633.9	5647.46	5633.9	5647.46	5633.9	
5637.29	5633.9	5637.29	5633.9	5637.29	
5637.29	5640.68	5637.29	5640.68	5637.29	
5630.51	5640.68	5630.51	5640.68	5630.51	
5647.46	5644.07	5647.46	5644.07	5647.46	
5627.12	5644.07	5627.12	5644.07	5627.12	
5647.46	5637.29	5647.46	5637.29	5647.46	
5647.46	5630.51	5647.46	5630.51	5647.46	
5647.46	5637.29	5647.46	5637.29	5647.46	
5644.07	5644.07	5644.07	5644.07	5644.07	
5644.07	5647.46	5644.07	5647.46	5644.07	
5640.68	5637.29	5640.68	5637.29	5640.68	
5640.68	5644.07	5640.68	5644.07	5640.68	
5640.68	5633.9	5640.68	5633.9	5640.68	
5637.29	5647.46	5637.29	5647.46	5637.29	
5637.29	5650.85	5637.29	5650.85	5637.29	
5637.29	5640.68	5637.29	5640.68	5637.29	
5644.07	5637.29	5644.07	5637.29	5644.07	
5654.24	5644.07	5654.24	5644.07	5654.24	
5640.68	5644.07	5640.68	5644.07	5640.68	
5644.07	5627.12	5644.07	5627.12	5644.07	
5647.46	5633.9	5647.46	5633.9	5647.46	
5650.85	5630.51	5650.85	5630.51	5650.85	
5647.46	5647.46	5647.46	5647.46	5647.46	
5640.68	5640.68	5640.68	5640.68	5640.68	
5650.85	5640.68	5650.85	5640.68	5650.85	
5640.68	5640.68	5640.68	5640.68	5640.68	
5640.68	5640.68	5640.68	5640.68	5640.68	
5637.29	5650.85	5637.29	5650.85	5637.29	
5647.46	5644.07	5647.46	5644.07	5647.46	
5657.63	5654.24	5657.63	5654.24	5657.63	
5644.07	5654.24	5644.07	5654.24	5644.07	
5647.46	5640.68	5647.46	5640.68	5647.46	
5647.46	5637.29	5647.46	5637.29	5647.46	
5640.68	5647.46	5640.68	5647.46	5640.68	
5644.07	5644.07	5644.07	5644.07	5644.07	
5654.24	5650.85	5654.24	5650.85	5654.24	
5640.68	5661.02	5640.68	5661.02	5640.68	
5637.29	5657.63	5637.29	5657.63	5637.29	
5637.29	5647.46	5637.29	5647.46	5637.29	
5647.46	5644.07	5647.46	5644.07	5647.46	
5630.51	5637.29	5630.51	5637.29	5630.51	
5637.29	5644.07	5637.29	5644.07	5637.29	
5650.85	5647.46	5650.85	5647.46	5650.85	
5644.07	5633.9	5644.07	5633.9	5644.07	
5650.85	5633.9	5650.85	5633.9	5650.85	
5644.07	5650.85	5644.07	5650.85	5644.07	
5647.46	5630.51	5647.46	5630.51	5647.46	
5644.07	5647.46	5644.07	5647.46	5644.07	
5627.12	5640.68	5627.12	5640.68	5627.12	
5640.68	5647.46	5640.68	5647.46	5640.68	
5633.9	5650.85	5633.9	5650.85	5633.9	
5633.9	5650.85	5633.9	5650.85	5633.9	
5640.68	5644.07	5640.68	5644.07	5640.68	
5627.12	5644.07	5627.12	5644.07	5627.12	
5657.63	5640.68	5657.63	5640.68	5657.63	
5640.68	5633.9	5640.68	5633.9	5640.68	
5647.46	5647.46	5647.46	5647.46	5647.46	
5640.68	5633.9	5640.68	5633.9	5640.68	
5637.29	5657.63	5637.29	5657.63	5637.29	
5630.51	5640.68	5630.51	5640.68	5630.51	
5644.07	5644.07	5644.07	5644.07	5644.07	
5644.07	5637.29	5644.07	5637.29	5644.07	
5650.85	5640.68	5650.85	5640.68	5650.85	
5640.68	5637.29	5640.68	5637.29	5640.68	
5627.12	5633.9	5627.12	5633.9	5627.12	
5647.46	5647.46	5647.46	5647.46	5647.46	
5657.63	5640.68	5657.63	5640.68	5657.63	
5633.9	5637.29	5633.9	5637.29	5633.9	
5627.12	5644.07	5627.12	5644.07	5627.12	
5657.63	5637.29	5657.63	5637.29	5657.63	
5644.07	5637.29	5644.07	5637.29	5644.07	
5640.68	5657.63	5640.68	5657.63	5640.68	
5644.07	5650.85	5644.07	5650.85	5644.07	
5644.07	5640.68	5644.07	5640.68	5644.07	
5654.24	5644.07	5654.24	5644.07	5654.24	
5647.46	5650.85	5647.46	5650.85	5647.46	
5640.68	5637.29	5640.68	5637.29	5640.68	
5637.29	5650.85	5637.29	5650.85	5637.29	
5640.68	5644.07	5640.68	5644.07	5640.68	
5644.07	5637.29	5644.07	5637.29	5644.07	
5630.51	5657.63	5630.51	5657.63	5630.51	
5644.07	5647.46	5644.07	5647.46	5644.07	
5644.07	5644.07	5644.07	5644.07	5644.07	
5640.68	5630.51	5640.68	5630.51	5640.68	
5647.46	5650.85	5647.46	5650.85	5647.46	
5647.46	5623.73	5647.46	5623.73	5647.46	
5630.51	5650.85	5630.51	5650.85	5630.51	
5627.12	5654.24	5627.12	5654.24	5627.12	
5647.46	5650.85	5647.46	5650.85	5647.46	
5640.68	5640.68	5640.68	5640.68	5640.68	
5640.68	5654.24	5640.68	5654.24	5640.68	
5644.07	5647.46	5644.07	5647.46	5644.07	
5637.29	5654.24	5637.29	5654.24	5637.29	
5647.46	5640.68	5647.46	5640.68	5647.46	
5640.68	5647.46	5640.68	5647.46	5640.68	
5633.9	5640.68	5633.9	5640.68	5633.9	
5650.85	5657.63	5650.85	5657.63	5650.85	
5637.29	5633.9	5637.29	5633.9	5637.29	
5640.68	5647.46	5640.68	5647.46	5640.68	
5637.29	5627.12	5637.29	5627.12	5637.29	
5647.46	5640.68	5647.46	5640.68	5647.46	
5644.07	5644.07	5644.07	5644.07	5644.07	
5644.07	5644.07	5644.07	5644.07	5644.07	
5640.68	5647.46	5640.68	5647.46	5640.68	
5630.51	5637.29	5630.51	5637.29	5630.51	
5627.12	5650.85	5627.12	5650.85	5627.12	
5647.46	5620.34	5647.46	5620.34	5647.46	
5650.85	5647.46	5650.85	5647.46	5650.85	
5633.9	5647.46	5633.9	5647.46	5633.9	
5647.46	5644.07	5647.46	5644.07	5647.46	
5644.07	5637.29	5644.07	5637.29	5644.07	
5650.85	5647.46	5650.85	5647.46	5650.85	
5640.68	5644.07	5640.68	5644.07	5640.68	
5644.07	5640.68	5644.07	5640.68	5644.07	
5633.9	5640.68	5633.9	5640.68	5633.9	
5637.29	5664.41	5637.29	5664.41	5637.29	
5640.68	5640.68	5640.68	5640.68	5640.68	
5640.68	5644.07	5640.68	5644.07	5640.68	
5644.07	5640.68	5644.07	5640.68	5644.07	
5647.46	5644.07	5647.46	5644.07	5647.46	
5647.46	5650.85	5647.46	5650.85	5647.46	
5647.46	5630.51	5647.46	5630.51	5647.46	
5644.07	5654.24	5644.07	5654.24	5644.07	
5671.19	5664.41	5671.19	5664.41	5671.19	
5640.68	5640.68	5640.68	5640.68	5640.68	
5647.46	5637.29	5647.46	5637.29	5647.46	
5630.51	5630.51	5630.51	5630.51	5630.51	
5640.68	5627.12	5640.68	5627.12	5640.68	
5654.24	5647.46	5654.24	5647.46	5654.24	
5647.46	5654.24	5647.46	5654.24	5647.46	
5627.12	5650.85	5627.12	5650.85	5627.12	
5633.9	5637.29	5633.9	5637.29	5633.9	
5630.51	5640.68	5630.51	5640.68	5630.51	
5657.63	5644.07	5657.63	5644.07	5657.63	
5650.85	5633.9	5650.85	5633.9	5650.85	
5644.07	5647.46	5644.07	5647.46	5644.07	
5647.46	5637.29	5647.46	5637.29	5647.46	
5650.85	5650.85	5650.85	5650.85	5650.85	
5627.12	5640.68	5627.12	5640.68	5627.12	
5654.24	5633.9	5654.24	5633.9	5654.24	
5637.29	5640.68	5637.29	5640.68	5637.29	
5644.07	5644.07	5644.07	5644.07	5644.07	
5644.07	5640.68	5644.07	5640.68	5644.07	
5637.29	5633.9	5637.29	5633.9	5637.29	
5644.07	5647.46	5644.07	5647.46	5644.07	
5650.85	5650.85	5650.85	5650.85	5650.85	
5661.02	5654.24	5661.02	5654.24	5661.02	
5630.51	5630.51	5630.51	5630.51	5630.51	
5647.46	5647.46	5647.46	5647.46	5647.46	
5640.68	5650.85	5640.68	5650.85	5640.68	
5650.85	5633.9	5650.85	5633.9	5650.85	
5640.68	5633.9	5640.68	5633.9	5640.68	
5657.63	5654.24	5657.63	5654.24	5657.63	
5633.9	5650.85	5633.9	5650.85	5633.9	
5640.68	5640.68	5640.68	5640.68	5640.68	
5647.46	5644.07	5647.46	5644.07	5647.46	
5640.68	5630.51	5640.68	5630.51	5640.68	
5647.46	5640.68	5647.46	5640.68	5647.46	
5633.9	5640.68	5633.9	5640.68	5633.9	
5640.68	5644.07	5640.68	5644.07	5640.68	
5650.85	5627.12	5650.85	5627.12	5650.85	
5623.73	5657.63	5623.73	5657.63	5623.73	
5644.07	5640.68	5644.07	5640.68	5644.07	
5640.68	5637.29	5640.68	5637.29	5640.68	
5657.63	5644.07	5657.63	5644.07	5657.63	
5640.68	5644.07	5640.68	5644.07	5640.68	
5644.07	5637.29	5644.07	5637.29	5644.07	
5647.46	5644.07	5647.46	5644.07	5647.46	
5644.07	5640.68	5644.07	5640.68	5644.07	
5640.68	5637.29	5640.68	5637.29	5640.68	
5650.85	5630.51	5650.85	5630.51	5650.85	
5637.29	5637.29	5637.29	5637.29	5637.29	
5637.29	5640.68	5637.29	5640.68	5637.29	
5650.85	5640.68	5650.85	5640.68	5650.85	
5644.07	5647.46	5644.07	5647.46	5644.07	
5650.85	5633.9	5650.85	5633.9	5650.85	
5637.29	5644.07	5637.29	5644.07	5637.29	
5637.29	5637.29	5637.29	5637.29	5637.29	
5644.07	5640.68	5644.07	5640.68	5644.07	
5633.9	5640.68	5633.9	5640.68	5633.9	
5627.12	5633.9	5627.12	5633.9	5627.12	
5633.9	5630.51	5633.9	5630.51	5633.9	
5650.85	5627.12	5650.85	5627.12	5650.85	
5627.12	5640.68	5627.12	5640.68	5627.12	
5637.29	5644.07	5637.29	5644.07	5637.29	
5637.29	5647.46	5637.29	5647.46	5637.29	
5657.63	5637.29	5657.63	5637.29	5657.63	
5644.07	5644.07	5644.07	5644.07	5644.07	
5644.07	5647.46	5644.07	5647.46	5644.07	
5640.68	5650.85	5640.68	5650.85	5640.68	
5654.24	5637.29	5654.24	5637.29	5654.24	
5644.07	5637.29	5644.07	5637.29	5644.07	
5633.9	5640.68	5633.9	5640.68	5633.9	
5647.46	5644.07	5647.46	5644.07	5647.46	
5644.07	5647.46	5644.07	5647.46	5644.07	
5644.07	5640.68	5644.07	5640.68	5644.07	
5647.46	5633.9	5647.46	5633.9	5647.46	
5640.68	5650.85	5640.68	5650.85	5640.68	
5647.46	5647.46	5647.46	5647.46	5647.46	
5637.29	5633.9	5637.29	5633.9	5637.29	
5633.9	5640.68	5633.9	5640.68	5633.9	
5650.85	5650.85	5650.85	5650.85	5650.85	
5640.68	5637.29	5640.68	5637.29	5640.68	
5647.46	5640.68	5647.46	5640.68	5647.46	
5644.07	5644.07	5644.07	5644.07	5644.07	
5640.68	5661.02	5640.68	5661.02	5640.68	
5627.12	5647.46	5627.12	5647.46	5627.12	
5633.9	5644.07	5633.9	5644.07	5633.9	
5637.29	5640.68	5637.29	5640.68	5637.29	
5637.29	5640.68	5637.29	5640.68	5637.29	
5623.73	5640.68	5623.73	5640.68	5623.73	
5644.07	5647.46	5644.07	5647.46	5644.07	
5650.85	5640.68	5650.85	5640.68	5650.85	
5647.46	5640.68	5647.46	5640.68	5647.46	
5644.07	5637.29	5644.07	5637.29	5644.07	
5633.9	5640.68	5633.9	5640.68	5633.9	
5647.46	5633.9	5647.46	5633.9	5647.46	
5627.12	5627.12	5627.12	5627.12	5627.12	
5650.85	5644.07	5650.85	5644.07	5650.85	
5640.68	5644.07	5640.68	5644.07	5640.68	
5644.07	5640.68	5644.07	5640.68	5644.07	
5647.46	5647.46	5647.46	5647.46	5647.46	
5650.85	5647.46	5650.85	5647.46	5650.85	
5644.07	5647.46	5644.07	5647.46	5644.07	
5647.46	5644.07	5647.46	5644.07	5647.46	
5657.63	5654.24	5657.63	5654.24	5657.63	
5640.68	5627.12	5640.68	5627.12	5640.68	
5657.63	5637.29	5657.63	5637.29	5657.63	
5640.68	5640.68	5640.68	5640.68	5640.68	
5650.85	5644.07	5650.85	5644.07	5650.85	
5640.68	5644.07	5640.68	5644.07	5640.68	
5637.29	5640.68	5637.29	5640.68	5637.29	
5644.07	5630.51	5644.07	5630.51	5644.07	
5654.24	5630.51	5654.24	5630.51	5654.24	
5637.29	5650.85	5637.29	5650.85	5637.29	
5644.07	5633.9	5644.07	5633.9	5644.07	
5630.51	5644.07	5630.51	5644.07	5630.51	
5647.46	5640.68	5647.46	5640.68	5647.46	
5637.29	5633.9	5637.29	5633.9	5637.29	
5637.29	5644.07	5637.29	5644.07	5637.29	
5633.9	5637.29	5633.9	5637.29	5633.9	
5650.85	5650.85	5650.85	5650.85	5650.85	
5640.68	5640.68	5640.68	5640.68	5640.68	
5630.51	5637.29	5630.51	5637.29	5630.51	
5640.68	5633.9	5640.68	5633.9	5640.68	
5630.51	5637.29	5630.51	5637.29	5630.51	
5627.12	5627.12	5627.12	5627.12	5627.12	
5644.07	5630.51	5644.07	5630.51	5644.07	
5637.29	5644.07	5637.29	5644.07	5637.29	
5630.51	5650.85	5630.51	5650.85	5630.51	
5654.24	5640.68	5654.24	5640.68	5654.24	
5661.02	5647.46	5661.02	5647.46	5661.02	
5630.51	5647.46	5630.51	5647.46	5630.51	
5640.68	5644.07	5640.68	5644.07	5640.68	
5647.46	5640.68	5647.46	5640.68	5647.46	
5637.29	5640.68	5637.29	5640.68	5637.29	
5640.68	5633.9	5640.68	5633.9	5640.68	
5657.63	5640.68	5657.63	5640.68	5657.63	
5647.46	5630.51	5647.46	5630.51	5647.46	
5640.68	5644.07	5640.68	5644.07	5640.68	
5647.46	5637.29	5647.46	5637.29	5647.46	
5647.46	5637.29	5647.46	5637.29	5647.46	
5620.34	5644.07	5620.34	5644.07	5620.34	
5650.85	5637.29	5650.85	5637.29	5650.85	
5630.51	5657.63	5630.51	5657.63	5630.51	
5633.9	5647.46	5633.9	5647.46	5633.9	
5637.29	5630.51	5637.29	5630.51	5637.29	
5644.07	5627.12	5644.07	5627.12	5644.07	
5640.68	5644.07	5640.68	5644.07	5640.68	
5627.12	5657.63	5627.12	5657.63	5627.12	
5640.68	5623.73	5640.68	5623.73	5640.68	
5650.85	5644.07	5650.85	5644.07	5650.85	
5633.9	5640.68	5633.9	5640.68	5633.9	
5647.46	5633.9	5647.46	5633.9	5647.46	
5627.12	5654.24	5627.12	5654.24	5627.12	
5637.29	5640.68	5637.29	5640.68	5637.29	
5627.12	5640.68	5627.12	5640.68	5627.12	
5654.24	5654.24	5654.24	5654.24	5654.24	
5654.24	5633.9	5654.24	5633.9	5654.24	
5637.29	5630.51	5637.29	5630.51	5637.29	
5640.68	5650.85	5640.68	5650.85	5640.68	
5640.68	5640.68	5640.68	5640.68	5640.68	
5633.9	5640.68	5633.9	5640.68	5633.9	
5640.68	5647.46	5640.68	5647.46	5640.68	
5640.68	5637.29	5640.68	5637.29	5640.68	
5647.46	5644.07	5647.46	5644.07	5647.46	
5650.85	5637.29	5650.85	5637.29	5650.85	
5644.07	5630.51	5644.07	5630.51	5644.07	
5633.9	5644.07	5633.9	5644.07	5633.9	
5654.24	5647.46	5654.24	5647.46	5654.24	
5647.46	5647.46	5647.46	5647.46	5647.46	
5640.68	5644.07	5640.68	5644.07	5640.68	
5640.68	5637.29	5640.68	5637.29	5640.68	
5630.51	5644.07	5630.51	5644.07	5630.51	
5633.9	5637.29	5633.9	5637.29	5633.9	
5654.24	5654.24	5654.24	5654.24	5654.24	
5650.85	5647.46	5650.85	5647.46	5650.85	
5644.07	5630.51	5644.07	5630.51	5644.07	
5633.9	5647.46	5633.9	5647.46	5633.9	
5654.24	5657.63	5654.24	5657.63	5654.24	
5627.12	5650.85	5627.12	5650.85	5627.12	
5640.68	5630.51	5640.68	5630.51	5640.68	
5644.07	5630.51	5644.07	5630.51	5644.07	
5647.46	5650.85	5647.46	5650.85	5647.46	
5637.29	5627.12	5637.29	5627.12	5637.29	
5633.9	5630.51	5633.9	5630.51	5633.9	
5647.46	5644.07	5647.46	5644.07	5647.46	
5640.68	5633.9	5640.68	5633.9	5640.68	
5640.68	5644.07	5640.68	5644.07	5640.68	
5637.29	5647.46	5637.29	5647.46	5637.29	
5637.29	5647.46	5637.29	5647.46	5637.29	
5647.46	5650.85	5647.46	5650.85	5647.46	
5637.29	5640.68	5637.29	5640.68	5637.29	
5637.29	5657.63	5637.29	5657.63	5637.29	
5633.9	5650.85	5633.9	5650.85	5633.9	
5633.9	5623.73	5633.9	5623.73	5633.9	
5630.51	5647.46	5630.51	5647.46	5630.51	
5644.07	5644.07	5644.07	5644.07	5644.07	
5637.29	5644.07	5637.29	5644.07	5637.29	
5644.07	5640.68	5644.07	5640.68	5644.07	
5633.9	5647.46	5633.9	5647.46	5633.9	
5650.85	5637.29	5650.85	5637.29	5650.85	
5637.29	5644.07	5637.29	5644.07	5637.29	
5633.9	5644.07	5633.9	5644.07	5633.9	
5637.29	5644.07	5637.29	5644.07	5637.29	
5640.68	5633.9	5640.68	5633.9	5640.68	
5647.46	5633.9	5647.46	5633.9	5647.46	
5647.46	5633.9	5647.46	5633.9	5647.46	
5640.68	5640.68	5640.68	5640.68	5640.68	
5650.85	5630.51	5650.85	5630.51	5650.85	
5630.51	5654.24	5630.51	5654.24	5630.51	
5644.07	5630.51	5644.07	5630.51	5644.07	
5633.9	5654.24	5633.9	5654.24	5633.9	
5633.9	5644.07	5633.9	5644.07	5633.9	
5630.51	5640.68	5630.51	5640.68	5630.51	
5644.07	5637.29	5644.07	5637.29	5644.07	
5640.68	5637.29	5640.68	5637.29	5640.68	
5633.9	5647.46	5633.9	5647.46	5633.9	
5637.29	5633.9	5637.29	5633.9	5637.29	
5654.24	5640.68	5654.24	5640.68	5654.24	
5633.9	5637.29	5633.9	5637.29	5633.9	
5647.46	5623.73	5647.46	5623.73	5647.46	
5633.9	5623.73	5633.9	5623.73	5633.9	
5637.29	5637.29	5637.29	5637.29	5637.29	
5633.9	5633.9	5633.9	5633.9	5633.9	
5637.29	5627.12	5637.29	5627.12	5637.29	
5637.29	5623.73	5637.29	5623.73	5637.29	
5644.07	5633.9	5644.07	5633.9	5644.07	
5640.68	5637.29	5640.68	5637.29	5640.68	
5647.46	5644.07	5647.46	5644.07	5647.46	
5627.12	5644.07	5627.12	5644.07	5627.12	
5644.07	5644.07	5644.07	5644.07	5644.07	
5633.9	5647.46	5633.9	5647.46	5633.9	
5644.07	5630.51	5644.07	5630.51	5644.07	
5637.29	5640.68	5637.29	5640.68	5637.29	
5640.68	5644.07	5640.68	5644.07	5640.68	
5640.68	5654.24	5640.68	5654.24	5640.68	
5644.07	5644.07	5644.07	5644.07	5644.07	
5640.68	5640.68	5640.68	5640.68	5640.68	
5657.63	5637.29	5657.63	5637.29	5657.63	
5657.63	5637.29	5657.63	5637.29	5657.63	
5650.85	5637.29	5650.85	5637.29	5650.85	
5633.9	5644.07	5633.9	5644.07	5633.9	
5644.07	5640.68	5644.07	5640.68	5644.07	
5640.68	5637.29	5640.68	5637.29	5640.68	
5630.51	5647.46	5630.51	5647.46	5630.51	
5633.9	5644.07	5633.9	5644.07	5633.9	
5644.07	5637.29	5644.07	5637.29	5644.07	
5647.46	5637.29	5647.46	5637.29	5647.46	
5637.29	5650.85	5637.29	5650.85	5637.29	
5637.29	5633.9	5637.29	5633.9	5637.29	
5647.46	5647.46	5647.46	5647.46	5647.46	
5654.24	5644.07	5654.24	5644.07	5654.24	
5630.51	5637.29	5630.51	5637.29	5630.51	
5644.07	5637.29	5644.07	5637.29	5644.07	
5644.07	5640.68	5644.07	5640.68	5644.07	
5657.63	5647.46	5657.63	5647.46	5657.63	
5654.24	5644.07	5654.24	5644.07	5654.24	
5633.9	5647.46	5633.9	5647.46	5633.9	
5630.51	5633.9	5630.51	5633.9	5630.51	
5640.68	5647.46	5640.68	5647.46	5640.68	
5647.46	5633.9	5647.46	5633.9	5647.46	
5640.68	5630.51	5640.68	5630.51	5640.68	
5644.07	5654.24	5644.07	5654.24	5644.07	
5644.07	5644.07	5644.07	5644.07	5644.07	
5647.46	5637.29	5647.46	5637.29	5647.46	
5647.46	5650.85	5647.46	5650.85	5647.46	
5644.07	5630.51	5644.07	5630.51	5644.07	
5650.85	5633.9	5650.85	5633.9	5650.85	
5644.07	5640.68	5644.07	5640.68	5644.07	
5647.46	5664.41	5647.46	5664.41	5647.46	
5650.85	5640.68	5650.85	5640.68	5650.85	
5647.46	5640.68	5647.46	5640.68	5647.46	
5640.68	5633.9	5640.68	5633.9	5640.68	
5640.68	5630.51	5640.68	5630.51	5640.68	
5644.07	5644.07	5644.07	5644.07	5644.07	
5647.46	5630.51	5647.46	5630.51	5647.46	
5630.51	5637.29	5630.51	5637.29	5630.51	
5640.68	5633.9	5640.68	5633.9	5640.68	
5623.73	5637.29	5623.73	5637.29	5623.73	
5637.29	5640.68	5637.29	5640.68	5637.29	
5630.51	5644.07	5630.51	5644.07	5630.51	
5637.29	5644.07	5637.29	5644.07	5637.29	
5637.29	5627.12	5637.29	5627.12	5637.29	
5633.9	5644.07	5633.9	5644.07	5633.9	
5637.29	5630.51	5637.29	5630.51	5637.29	
5627.12	5644.07	5627.12	5644.07	5627.12	
5633.9	5640.68	5633.9	5640.68	5633.9	
5644.07	5644.07	5644.07	5644.07	5644.07	
5688.14	5681.36	5688.14	5681.36	5688.14	
5640.68	5650.85	5640.68	5650.85	5640.68	
5630.51	5633.9	5630.51	5633.9	5630.51	
5644.07	5633.9	5644.07	5633.9	5644.07	
5650.85	5640.68	5650.85	5640.68	5650.85	
5623.73	5640.68	5623.73	5640.68	5623.73	
5633.9	5633.9	5633.9	5633.9	5633.9	
5654.24	5644.07	5654.24	5644.07	5654.24	
5647.46	5640.68	5647.46	5640.68	5647.46	
5637.29	5640.68	5637.29	5640.68	5637.29	
5637.29	5633.9	5637.29	5633.9	5637.29	
5650.85	5647.46	5650.85	5647.46	5650.85	
5640.68	5644.07	5640.68	5644.07	5640.68	
5637.29	5640.68	5637.29	5640.68	5637.29	
5644.07	5647.46	5644.07	5647.46	5644.07	
5654.24	5640.68	5654.24	5640.68	5654.24	
5637.29	5630.51	5637.29	5630.51	5637.29	
5633.9	5633.9	5633.9	5633.9	5633.9	
5637.29	5633.9	5637.29	5633.9	5637.29	
5637.29	5623.73	5637.29	5623.73	5637.29	
5654.24	5633.9	5654.24	5633.9	5654.24	
5637.29	5644.07	5637.29	5644.07	5637.29	
5633.9	5637.29	5633.9	5637.29	5633.9	
5647.46	5637.29	5647.46	5637.29	5647.46	
5654.24	5630.51	5654.24	5630.51	5654.24	
5654.24	5640.68	5654.24	5640.68	5654.24	
5630.51	5647.46	5630.51	5647.46	5630.51	
5647.46	5640.68	5647.46	5640.68	5647.46	
5647.46	5640.68	5647.46	5640.68	5647.46	
5637.29	5644.07	5637.29	5644.07	5637.29	
5637.29	5630.51	5637.29	5630.51	5637.29	
5664.41	5640.68	5664.41	5640.68	5664.41	
5657.63	5640.68	5657.63	5640.68	5657.63	
5654.24	5647.46	5654.24	5647.46	5654.24	
5644.07	5637.29	5644.07	5637.29	5644.07	
5630.51	5630.51	5630.51	5630.51	5630.51	
5637.29	5644.07	5637.29	5644.07	5637.29	
5633.9	5644.07	5633.9	5644.07	5633.9	
5637.29	5654.24	5637.29	5654.24	5637.29	
5644.07	5644.07	5644.07	5644.07	5644.07	
5637.29	5647.46	5637.29	5647.46	5637.29	
5633.9	5647.46	5633.9	5647.46	5633.9	
5640.68	5644.07	5640.68	5644.07	5640.68	
5637.29	5633.9	5637.29	5633.9	5637.29	
5637.29	5633.9	5637.29	5633.9	5637.29	
5640.68	5630.51	5640.68	5630.51	5640.68	
5640.68	5647.46	5640.68	5647.46	5640.68	
5637.29	5644.07	5637.29	5644.07	5637.29	
5630.51	5633.9	5630.51	5633.9	5630.51	
5633.9	5647.46	5633.9	5647.46	5633.9	
5633.9	5640.68	5633.9	5640.68	5633.9	
5637.29	5633.9	5637.29	5633.9	5637.29	
5640.68	5650.85	5640.68	5650.85	5640.68	
5644.07	5627.12	5644.07	5627.12	5644.07	
5640.68	5644.07	5640.68	5644.07	5640.68	
5637.29	5647.46	5637.29	5647.46	5637.29	
5657.63	5623.73	5657.63	5623.73	5657.63	
5637.29	5637.29	5637.29	5637.29	5637.29	
5640.68	5630.51	5640.68	5630.51	5640.68	
5640.68	5630.51	5640.68	5630.51	5640.68	
5647.46	5644.07	5647.46	5644.07	5647.46	
5654.24	5654.24	5654.24	5654.24	5654.24	
5644.07	5627.12	5644.07	5627.12	5644.07	
5633.9	5637.29	5633.9	5637.29	5633.9	
5627.12	5633.9	5627.12	5633.9	5627.12	
5637.29	5640.68	5637.29	5640.68	5637.29	
5647.46	5654.24	5647.46	5654.24	5647.46	
5630.51	5644.07	5630.51	5644.07	5630.51	
5627.12	5633.9	5627.12	5633.9	5627.12	
5640.68	5637.29	5640.68	5637.29	5640.68	
5644.07	5633.9	5644.07	5633.9	5644.07	
5661.02	5661.02	5661.02	5661.02	5661.02	
5637.29	5650.85	5637.29	5650.85	5637.29	
5637.29	5633.9	5637.29	5633.9	5637.29	
5633.9	5650.85	5633.9	5650.85	5633.9	
5644.07	5637.29	5644.07	5637.29	5644.07	
5654.24	5644.07	5654.24	5644.07	5654.24	
5654.24	5627.12	5654.24	5627.12	5654.24	
5637.29	5640.68	5637.29	5640.68	5637.29	
5647.46	5647.46	5647.46	5647.46	5647.46	
5633.9	5633.9	5633.9	5633.9	5633.9	
5633.9	5647.46	5633.9	5647.46	5633.9	
5644.07	5637.29	5644.07	5637.29	5644.07	
5640.68	5633.9	5640.68	5633.9	5640.68	
5637.29	5647.46	5637.29	5647.46	5637.29	
5654.24	5644.07	5654.24	5644.07	5654.24	
5644.07	5630.51	5644.07	5630.51	5644.07	
5630.51	5644.07	5630.51	5644.07	5630.51	
5633.9	5644.07	5633.9	5644.07	5633.9	
5627.12	5650.85	5627.12	5650.85	5627.12	
5647.46	5647.46	5647.46	5647.46	5647.46	
5633.9	5633.9	5633.9	5633.9	5633.9	
5640.68	5647.46	5640.68	5647.46	5640.68	
5640.68	5637.29	5640.68	5637.29	5640.68	
5644.07	5640.68	5644.07	5640.68	5644.07	
5647.46	5644.07	5647.46	5644.07	5647.46	
5644.07	5657.63	5644.07	5657.63	5644.07	
5640.68	5640.68	5640.68	5640.68	5640.68	
5657.63	5644.07	5657.63	5644.07	5657.63	
5640.68	5644.07	5640.68	5644.07	5640.68	
5640.68	5637.29	5640.68	5637.29	5640.68	
5647.46	5644.07	5647.46	5644.07	5647.46	
5630.51	5640.68	5630.51	5640.68	5630.51	
5627.12	5627.12	5627.12	5627.12	5627.12	
5640.68	5623.73	5640.68	5623.73	5640.68	
5644.07	5647.46	5644.07	5647.46	5644.07	
5640.68	5650.85	5640.68	5650.85	5640.68	
5637.29	5644.07	5637.29	5644.07	5637.29	
5637.29	5633.9	5637.29	5633.9	5637.29	
5650.85	5644.07	5650.85	5644.07	5650.85	
5633.9	5623.73	5633.9	5623.73	5633.9	
5627.12	5637.29	5627.12	5637.29	5627.12	
5640.68	5633.9	5640.68	5633.9	5640.68	
5633.9	5633.9	5633.9	5633.9	5633.9	
5647.46	5637.29	5647.46	5637.29	5647.46	
5644.07	5637.29	5644.07	5637.29	5644.07	
5637.29	5644.07	5637.29	5644.07	5637.29	
5633.9	5650.85	5633.9	5650.85	5633.9	
5637.29	5637.29	5637.29	5637.29	5637.29	
5644.07	5637.29	5644.07	5637.29	5644.07	
5647.46	5644.07	5647.46	5644.07	5647.46	
5640.68	5640.68	5640.68	5640.68	5640.68	
5647.46	5647.46	5647.46	5647.46	5647.46	
5647.46	5647.46	5647.46	5647.46	5647.46	
5630.51	5637.29	5630.51	5637.29	5630.51	
5644.07	5630.51	5644.07	5630.51	5644.07	
5654.24	5644.07	5654.24	5644.07	5654.24	
5640.68	5637.29	5640.68	5637.29	5640.68	
5644.07	5637.29	5644.07	5637.29	5644.07	
5640.68	5647.46	5640.68	5647.46	5640.68	
5633.9	5644.07	5633.9	5644.07	5633.9	
5644.07	5647.46	5644.07	5647.46	5644.07	
5650.85	5633.9	5650.85	5633.9	5650.85	
5647.46	5644.07	5647.46	5644.07	5647.46	
5647.46	5644.07	5647.46	5644.07	5647.46	
5630.51	5640.68	5630.51	5640.68	5630.51	
5644.07	5637.29	5644.07	5637.29	5644.07	
5637.29	5644.07	5637.29	5644.07	5637.29	
5637.29	5644.07	5637.29	5644.07	5637.29	
5637.29	5623.73	5637.29	5623.73	5637.29	
5633.9	5644.07	5633.9	5644.07	5633.9	
5640.68	5647.46	5640.68	5647.46	5640.68	
5640.68	5640.68	5640.68	5640.68	5640.68	
5637.29	5630.51	5637.29	5630.51	5637.29	
5654.24	5633.9	5654.24	5633.9	5654.24	
5661.02	5640.68	5661.02	5640.68	5661.02	
5644.07	5644.07	5644.07	5644.07	5644.07	
5637.29	5644.07	5637.29	5644.07	5637.29	
5640.68	5633.9	5640.68	5633.9	5640.68	
5633.9	5633.9	5633.9	5633.9	5633.9	
5644.07	5640.68	5644.07	5640.68	5644.07	
5637.29	5650.85	5637.29	5650.85	5637.29	
5633.9	5647.46	5633.9	5647.46	5633.9	
5644.07	5650.85	5644.07	5650.85	5644.07	
5637.29	5633.9	5637.29	5633.9	5637.29	
5640.68	5647.46	5640.68	5647.46	5640.68	
5647.46	5640.68	5647.46	5640.68	5647.46	
5640.68	5640.68	5640.68	5640.68	5640.68	
5630.51	5637.29	5630.51	5637.29	5630.51	
5637.29	5644.07	5637.29	5644.07	5637.29	
5637.29	5630.51	5637.29	5630.51	5637.29	
5630.51	5644.07	5630.51	5644.07	5630.51	
5640.68	5647.46	5640.68	5647.46	5640.68	
5630.51	5647.46	5630.51	5647.46	5630.51	
5630.51	5637.29	5630.51	5637.29	5630.51	
5650.85	5637.29	5650.85	5637.29	5650.85	
5640.68	5637.29	5640.68	5637.29	5640.68	
5637.29	5633.9	5637.29	5633.9	5637.29	
5640.68	5640.68	5640.68	5640.68	5640.68	
5647.46	5630.51	5647.46	5630.51	5647.46	
5637.29	5633.9	5637.29	5633.9	5637.29	
5637.29	5644.07	5637.29	5644.07	5637.29	
5657.63	5647.46	5657.63	5647.46	5657.63	
5647.46	5644.07	5647.46	5644.07	5647.46	
5633.9	5640.68	5633.9	5640.68	5633.9	
5647.46	5637.29	5647.46	5637.29	5647.46	
5637.29	5637.29	5637.29	5637.29	5637.29	
5633.9	5644.07	5633.9	5644.07	5633.9	
5640.68	5640.68	5640.68	5640.68	5640.68	
5640.68	5627.12	5640.68	5627.12	5640.68	
5633.9	5640.68	5633.9	5640.68	5633.9	
5650.85	5647.46	5650.85	5647.46	5650.85	
5644.07	5640.68	5644.07	5640.68	5644.07	
5640.68	5647.46	5640.68	5647.46	5640.68	
5640.68	5644.07	5640.68	5644.07	5640.68	
5640.68	5640.68	5640.68	5640.68	5640.68	
5644.07	5640.68	5644.07	5640.68	5644.07	
5647.46	5640.68	5647.46	5640.68	5647.46	
5627.12	5633.9	5627.12	5633.9	5627.12	
5650.85	5637.29	5650.85	5637.29	5650.85	
5637.29	5640.68	5637.29	5640.68	5637.29	
5630.51	5633.9	5630.51	5633.9	5630.51	
5637.29	5637.29	5637.29	5637.29	5637.29	
5644.07	5630.51	5644.07	5630.51	5644.07	
5647.46	5633.9	5647.46	5633.9	5647.46	
5623.73	5630.51	5623.73	5630.51	5623.73	
5640.68	5633.9	5640.68	5633.9	5640.68	
5620.34	5630.51	5620.34	5630.51	5620.34	
5630.51	5637.29	5630.51	5637.29	5630.51	
5627.12	5650.85	5627.12	5650.85	5627.12	
5637.29	5633.9	5637.29	5633.9	5637.29	
5630.51	5640.68	5630.51	5640.68	5630.51	
5623.73	5644.07	5623.73	5644.07	5623.73	
5640.68	5644.07	5640.68	5644.07	5640.68	
5644.07	5637.29	5644.07	5637.29	5644.07	
5647.46	5640.68	5647.46	5640.68	5647.46	
5633.9	5633.9	5633.9	5633.9	5633.9	
5623.73	5630.51	5623.73	5630.51	5623.73	
5633.9	5647.46	5633.9	5647.46	5633.9	
5650.85	5637.29	5650.85	5637.29	5650.85	
5637.29	5637.29	5637.29	5637.29	5637.29	
5627.12	5637.29	5627.12	5637.29	5627.12	
5644.07	5637.29	5644.07	5637.29	5644.07	
5640.68	5627.12	5640.68	5627.12	5640.68	
5640.68	5640.68	5640.68	5640.68	5640.68	
5640.68	5647.46	5640.68	5647.46	5640.68	
5637.29	5637.29	5637.29	5637.29	5637.29	
5627.12	5647.46	5627.12	5647.46	5627.12	
5640.68	5637.29	5640.68	5637.29	5640.68	
5630.51	5650.85	5630.51	5650.85	5630.51	
5627.12	5640.68	5627.12	5640.68	5627.12	
5644.07	5637.29	5644.07	5637.29	5644.07	
5633.9	5640.68	5633.9	5640.68	5633.9	
5644.07	5637.29	5644.07	5637.29	5644.07	
5640.68	5644.07	5640.68	5644.07	5640.68	
5650.85	5640.68	5650.85	5640.68	5650.85	
5630.51	5640.68	5630.51	5640.68	5630.51	
5633.9	5640.68	5633.9	5640.68	5633.9	
5647.46	5637.29	5647.46	5637.29	5647.46	
5633.9	5633.9	5633.9	5633.9	5633.9	
5640.68	5637.29	5640.68	5637.29	5640.68	
5647.46	5637.29	5647.46	5637.29	5647.46	
5647.46	5640.68	5647.46	5640.68	5647.46	
5650.85	5637.29	5650.85	5637.29	5650.85	
5630.51	5647.46	5630.51	5647.46	5630.51	
5640.68	5644.07	5640.68	5644.07	5640.68	
5640.68	5637.29	5640.68	5637.29	5640.68	
5640.68	5644.07	5640.68	5644.07	5640.68	
5640.68	5640.68	5640.68	5640.68	5640.68	
5637.29	5644.07	5637.29	5644.07	5637.29	
5644.07	5627.12	5644.07	5627.12	5644.07	
5647.46	5647.46	5647.46	5647.46	5647.46	
5647.46	5633.9	5647.46	5633.9	5647.46	
5654.24	5633.9	5654.24	5633.9	5654.24	
5633.9	5654.24	5633.9	5654.24	5633.9	
5650.85	5640.68	5650.85	5640.68	5650.85	
5640.68	5644.07	5640.68	5644.07	5640.68	
5647.46	5637.29	5647.46	5637.29	5647.46	
5633.9	5647.46	5633.9	5647.46	5633.9	
5644.07	5647.46	5644.07	5647.46	5644.07	
5633.9	5630.51	5633.9	5630.51	5633.9	
5640.68	5633.9	5640.68	5633.9	5640.68	
5640.68	5644.07	5640.68	5644.07	5640.68	
5640.68	5650.85	5640.68	5650.85	5640.68	
5633.9	5630.51	5633.9	5630.51	5633.9	
5644.07	5640.68	5644.07	5640.68	5644.07	
5644.07	5637.29	5644.07	5637.29	5644.07	
5637.29	5644.07	5637.29	5644.07	5637.29	
5650.85	5630.51	5650.85	5630.51	5650.85	
5640.68	5650.85	5640.68	5650.85	5640.68	
5640.68	5644.07	5640.68	5644.07	5640.68	
5633.9	5623.73	5633.9	5623.73	5633.9	
5623.73	5644.07	5623.73	5644.07	5623.73	
5650.85	5613.56	5650.85	5613.56	5650.85	
5647.46	5637.29	5647.46	5637.29	5647.46	
5633.9	5647.46	5633.9	5647.46	5633.9	
5650.85	5630.51	5650.85	5630.51	5650.85	
5633.9	5640.68	5633.9	5640.68	5633.9	
5633.9	5633.9	5633.9	5633.9	5633.9	
5677.97	5671.19	5677.97	5671.19	5677.97	
5654.24	5627.12	5654.24	5627.12	5654.24	
5644.07	5637.29	5644.07	5637.29	5644.07	
5647.46	5644.07	5647.46	5644.07	5647.46	
5633.9	5644.07	5633.9	5644.07	5633.9	
5630.51	5644.07	5630.51	5644.07	5630.51	
5630.51	5637.29	5630.51	5637.29	5630.51	
5637.29	5647.46	5637.29	5647.46	5637.29	
5640.68	5650.85	5640.68	5650.85	5640.68	
5644.07	5637.29	5644.07	5637.29	5644.07	
5640.68	5637.29	5640.68	5637.29	5640.68	
5654.24	5627.12	5654.24	5627.12	5654.24	
5637.29	5640.68	5637.29	5640.68	5637.29	
5644.07	5644.07	5644.07	5644.07	5644.07	
5637.29	5644.07	5637.29	5644.07	5637.29	
5644.07	5644.07	5644.07	5644.07	5644.07	
5637.29	5633.9	5637.29	5633.9	5637.29	
5633.9	5640.68	5633.9	5640.68	5633.9	
5633.9	5640.68	5633.9	5640.68	5633.9	
5630.51	5633.9	5630.51	5633.9	5630.51	
5627.12	5633.9	5627.12	5633.9	5627.12	
5620.34	5623.73	5620.34	5623.73	5620.34	
5623.73	5630.51	5623.73	5630.51	5623.73	
5616.95	5620.34	5616.95	5620.34	5616.95	
5616.95	5627.12	5616.95	5627.12	5616.95	
