3789.59	3791.86	3789.59	3791.86	3789.59	
3755.66	3760.18	3755.66	3760.18	3755.66	
3753.39	3753.39	3753.39	3753.39	3753.39	
3737.56	3751.13	3737.56	3751.13	3737.56	
3766.97	3766.97	3766.97	3766.97	3766.97	
3764.71	3766.97	3764.71	3766.97	3764.71	
3766.97	3769.23	3766.97	3769.23	3766.97	
3769.23	3771.49	3769.23	3771.49	3769.23	
3771.49	3766.97	3771.49	3766.97	3771.49	
3762.44	3769.23	3762.44	3769.23	3762.44	
3771.49	3776.02	3771.49	3776.02	3771.49	
3771.49	3780.54	3771.49	3780.54	3771.49	
3757.92	3771.49	3757.92	3771.49	3757.92	
3776.02	3776.02	3776.02	3776.02	3776.02	
3769.23	3773.76	3769.23	3773.76	3769.23	
3773.76	3755.66	3773.76	3755.66	3773.76	
3771.49	3769.23	3771.49	3769.23	3771.49	
3778.28	3776.02	3778.28	3776.02	3778.28	
3764.71	3773.76	3764.71	3773.76	3764.71	
3778.28	3769.23	3778.28	3769.23	3778.28	
3769.23	3769.23	3769.23	3769.23	3769.23	
3778.28	3778.28	3778.28	3778.28	3778.28	
3776.02	3766.97	3776.02	3766.97	3776.02	
3773.76	3773.76	3773.76	3773.76	3773.76	
3773.76	3771.49	3773.76	3771.49	3773.76	
3766.97	3773.76	3766.97	3773.76	3766.97	
3776.02	3776.02	3776.02	3776.02	3776.02	
3773.76	3776.02	3773.76	3776.02	3773.76	
3771.49	3771.49	3771.49	3771.49	3771.49	
3769.23	3771.49	3769.23	3771.49	3769.23	
3780.54	3776.02	3780.54	3776.02	3780.54	
3773.76	3766.97	3773.76	3766.97	3773.76	
3771.49	3776.02	3771.49	3776.02	3771.49	
3773.76	3766.97	3773.76	3766.97	3773.76	
3778.28	3778.28	3778.28	3778.28	3778.28	
3766.97	3771.49	3766.97	3771.49	3766.97	
3760.18	3771.49	3760.18	3771.49	3760.18	
3776.02	3782.81	3776.02	3782.81	3776.02	
3778.28	3776.02	3778.28	3776.02	3778.28	
3771.49	3787.33	3771.49	3787.33	3771.49	
3773.76	3780.54	3773.76	3780.54	3773.76	
3771.49	3776.02	3771.49	3776.02	3771.49	
3773.76	3773.76	3773.76	3773.76	3773.76	
3773.76	3766.97	3773.76	3766.97	3773.76	
3771.49	3776.02	3771.49	3776.02	3771.49	
3773.76	3776.02	3773.76	3776.02	3773.76	
3769.23	3769.23	3769.23	3769.23	3769.23	
3766.97	3773.76	3766.97	3773.76	3766.97	
3766.97	3766.97	3766.97	3766.97	3766.97	
3780.54	3782.81	3780.54	3782.81	3780.54	
3780.54	3782.81	3780.54	3782.81	3780.54	
3780.54	3773.76	3780.54	3773.76	3780.54	
3778.28	3785.07	3778.28	3785.07	3778.28	
3778.28	3780.54	3778.28	3780.54	3778.28	
3769.23	3773.76	3769.23	3773.76	3769.23	
3776.02	3778.28	3776.02	3778.28	3776.02	
3776.02	3773.76	3776.02	3773.76	3776.02	
3773.76	3778.28	3773.76	3778.28	3773.76	
3776.02	3773.76	3776.02	3773.76	3776.02	
3780.54	3766.97	3780.54	3766.97	3780.54	
3791.86	3778.28	3791.86	3778.28	3791.86	
3771.49	3785.07	3771.49	3785.07	3771.49	
3769.23	3771.49	3769.23	3771.49	3769.23	
3773.76	3773.76	3773.76	3773.76	3773.76	
3773.76	3771.49	3773.76	3771.49	3773.76	
3766.97	3776.02	3766.97	3776.02	3766.97	
3773.76	3778.28	3773.76	3778.28	3773.76	
3773.76	3773.76	3773.76	3773.76	3773.76	
3773.76	3776.02	3773.76	3776.02	3773.76	
3773.76	3780.54	3773.76	3780.54	3773.76	
3773.76	3764.71	3773.76	3764.71	3773.76	
3764.71	3776.02	3764.71	3776.02	3764.71	
3780.54	3771.49	3780.54	3771.49	3780.54	
3787.33	3778.28	3787.33	3778.28	3787.33	
3764.71	3782.81	3764.71	3782.81	3764.71	
3778.28	3776.02	3778.28	3776.02	3778.28	
3766.97	3771.49	3766.97	3771.49	3766.97	
3766.97	3776.02	3766.97	3776.02	3766.97	
3771.49	3773.76	3771.49	3773.76	3771.49	
3776.02	3785.07	3776.02	3785.07	3776.02	
3776.02	3769.23	3776.02	3769.23	3776.02	
3776.02	3780.54	3776.02	3780.54	3776.02	
3771.49	3769.23	3771.49	3769.23	3771.49	
3785.07	3789.59	3785.07	3789.59	3785.07	
3773.76	3776.02	3773.76	3776.02	3773.76	
3776.02	3776.02	3776.02	3776.02	3776.02	
3771.49	3771.49	3771.49	3771.49	3771.49	
3773.76	3778.28	3773.76	3778.28	3773.76	
3780.54	3782.81	3780.54	3782.81	3780.54	
3764.71	3769.23	3764.71	3769.23	3764.71	
3766.97	3766.97	3766.97	3766.97	3766.97	
3780.54	3771.49	3780.54	3771.49	3780.54	
3776.02	3771.49	3776.02	3771.49	3776.02	
3766.97	3773.76	3766.97	3773.76	3766.97	
3771.49	3778.28	3771.49	3778.28	3771.49	
3776.02	3771.49	3776.02	3771.49	3776.02	
3776.02	3778.28	3776.02	3778.28	3776.02	
3769.23	3773.76	3769.23	3773.76	3769.23	
3771.49	3776.02	3771.49	3776.02	3771.49	
3769.23	3771.49	3769.23	3771.49	3769.23	
3766.97	3778.28	3766.97	3778.28	3766.97	
3769.23	3773.76	3769.23	3773.76	3769.23	
3771.49	3776.02	3771.49	3776.02	3771.49	
3773.76	3778.28	3773.76	3778.28	3773.76	
3780.54	3791.86	3780.54	3791.86	3780.54	
3773.76	3776.02	3773.76	3776.02	3773.76	
3771.49	3771.49	3771.49	3771.49	3771.49	
3771.49	3773.76	3771.49	3773.76	3771.49	
3780.54	3773.76	3780.54	3773.76	3780.54	
3764.71	3780.54	3764.71	3780.54	3764.71	
3769.23	3782.81	3769.23	3782.81	3769.23	
3766.97	3769.23	3766.97	3769.23	3766.97	
3776.02	3776.02	3776.02	3776.02	3776.02	
3780.54	3769.23	3780.54	3769.23	3780.54	
3776.02	3771.49	3776.02	3771.49	3776.02	
3769.23	3776.02	3769.23	3776.02	3769.23	
3771.49	3776.02	3771.49	3776.02	3771.49	
3776.02	3769.23	3776.02	3769.23	3776.02	
3766.97	3778.28	3766.97	3778.28	3766.97	
3764.71	3776.02	3764.71	3776.02	3764.71	
3766.97	3769.23	3766.97	3769.23	3766.97	
3776.02	3780.54	3776.02	3780.54	3776.02	
3764.71	3776.02	3764.71	3776.02	3764.71	
3773.76	3771.49	3773.76	3771.49	3773.76	
3766.97	3773.76	3766.97	3773.76	3766.97	
3778.28	3789.59	3778.28	3789.59	3778.28	
3776.02	3769.23	3776.02	3769.23	3776.02	
3773.76	3776.02	3773.76	3776.02	3773.76	
3771.49	3776.02	3771.49	3776.02	3771.49	
3773.76	3773.76	3773.76	3773.76	3773.76	
3773.76	3773.76	3773.76	3773.76	3773.76	
3766.97	3778.28	3766.97	3778.28	3766.97	
3773.76	3789.59	3773.76	3789.59	3773.76	
3773.76	3778.28	3773.76	3778.28	3773.76	
3766.97	3766.97	3766.97	3766.97	3766.97	
3778.28	3771.49	3778.28	3771.49	3778.28	
3780.54	3782.81	3780.54	3782.81	3780.54	
3769.23	3771.49	3769.23	3771.49	3769.23	
3769.23	3771.49	3769.23	3771.49	3769.23	
3771.49	3778.28	3771.49	3778.28	3771.49	
3769.23	3771.49	3769.23	3771.49	3769.23	
3778.28	3773.76	3778.28	3773.76	3778.28	
3773.76	3766.97	3773.76	3766.97	3773.76	
3771.49	3785.07	3771.49	3785.07	3771.49	
3782.81	3776.02	3782.81	3776.02	3782.81	
3771.49	3771.49	3771.49	3771.49	3771.49	
3771.49	3769.23	3771.49	3769.23	3771.49	
3771.49	3778.28	3771.49	3778.28	3771.49	
3771.49	3776.02	3771.49	3776.02	3771.49	
3766.97	3766.97	3766.97	3766.97	3766.97	
3771.49	3776.02	3771.49	3776.02	3771.49	
3766.97	3776.02	3766.97	3776.02	3766.97	
3762.44	3776.02	3762.44	3776.02	3762.44	
3771.49	3771.49	3771.49	3771.49	3771.49	
3778.28	3773.76	3778.28	3773.76	3778.28	
3782.81	3773.76	3782.81	3773.76	3782.81	
3762.44	3773.76	3762.44	3773.76	3762.44	
3766.97	3755.66	3766.97	3755.66	3766.97	
3773.76	3773.76	3773.76	3773.76	3773.76	
3773.76	3769.23	3773.76	3769.23	3773.76	
3776.02	3771.49	3776.02	3771.49	3776.02	
3771.49	3776.02	3771.49	3776.02	3771.49	
3776.02	3782.81	3776.02	3782.81	3776.02	
3764.71	3773.76	3764.71	3773.76	3764.71	
3776.02	3766.97	3776.02	3766.97	3776.02	
3782.81	3769.23	3782.81	3769.23	3782.81	
3773.76	3769.23	3773.76	3769.23	3773.76	
3776.02	3780.54	3776.02	3780.54	3776.02	
3778.28	3778.28	3778.28	3778.28	3778.28	
3766.97	3769.23	3766.97	3769.23	3766.97	
3773.76	3776.02	3773.76	3776.02	3773.76	
3773.76	3766.97	3773.76	3766.97	3773.76	
3769.23	3773.76	3769.23	3773.76	3769.23	
3771.49	3780.54	3771.49	3780.54	3771.49	
3787.33	3778.28	3787.33	3778.28	3787.33	
3773.76	3778.28	3773.76	3778.28	3773.76	
3769.23	3778.28	3769.23	3778.28	3769.23	
3769.23	3766.97	3769.23	3766.97	3769.23	
3773.76	3778.28	3773.76	3778.28	3773.76	
3769.23	3766.97	3769.23	3766.97	3769.23	
3762.44	3769.23	3762.44	3769.23	3762.44	
3773.76	3773.76	3773.76	3773.76	3773.76	
3780.54	3782.81	3780.54	3782.81	3780.54	
3769.23	3769.23	3769.23	3769.23	3769.23	
3766.97	3766.97	3766.97	3766.97	3766.97	
3776.02	3785.07	3776.02	3785.07	3776.02	
3764.71	3771.49	3764.71	3771.49	3764.71	
3771.49	3771.49	3771.49	3771.49	3771.49	
3785.07	3769.23	3785.07	3769.23	3785.07	
3764.71	3773.76	3764.71	3773.76	3764.71	
3771.49	3769.23	3771.49	3769.23	3771.49	
3764.71	3773.76	3764.71	3773.76	3764.71	
3780.54	3773.76	3780.54	3773.76	3780.54	
3764.71	3778.28	3764.71	3778.28	3764.71	
3769.23	3771.49	3769.23	3771.49	3769.23	
3769.23	3771.49	3769.23	3771.49	3769.23	
3766.97	3766.97	3766.97	3766.97	3766.97	
3773.76	3769.23	3773.76	3769.23	3773.76	
3782.81	3773.76	3782.81	3773.76	3782.81	
3776.02	3771.49	3776.02	3771.49	3776.02	
3771.49	3773.76	3771.49	3773.76	3771.49	
3764.71	3776.02	3764.71	3776.02	3764.71	
3766.97	3764.71	3766.97	3764.71	3766.97	
3773.76	3766.97	3773.76	3766.97	3773.76	
3771.49	3771.49	3771.49	3771.49	3771.49	
3778.28	3764.71	3778.28	3764.71	3778.28	
3771.49	3773.76	3771.49	3773.76	3771.49	
3773.76	3773.76	3773.76	3773.76	3773.76	
3773.76	3776.02	3773.76	3776.02	3773.76	
3771.49	3771.49	3771.49	3771.49	3771.49	
3782.81	3769.23	3782.81	3769.23	3782.81	
3773.76	3769.23	3773.76	3769.23	3773.76	
3773.76	3771.49	3773.76	3771.49	3773.76	
3776.02	3778.28	3776.02	3778.28	3776.02	
3771.49	3776.02	3771.49	3776.02	3771.49	
3776.02	3780.54	3776.02	3780.54	3776.02	
3762.44	3776.02	3762.44	3776.02	3762.44	
3771.49	3776.02	3771.49	3776.02	3771.49	
3769.23	3773.76	3769.23	3773.76	3769.23	
3773.76	3776.02	3773.76	3776.02	3773.76	
3776.02	3773.76	3776.02	3773.76	3776.02	
3773.76	3771.49	3773.76	3771.49	3773.76	
3769.23	3762.44	3769.23	3762.44	3769.23	
3776.02	3773.76	3776.02	3773.76	3776.02	
3778.28	3780.54	3778.28	3780.54	3778.28	
3771.49	3771.49	3771.49	3771.49	3771.49	
3782.81	3771.49	3782.81	3771.49	3782.81	
3785.07	3766.97	3785.07	3766.97	3785.07	
3776.02	3769.23	3776.02	3769.23	3776.02	
3766.97	3778.28	3766.97	3778.28	3766.97	
3769.23	3773.76	3769.23	3773.76	3769.23	
3778.28	3780.54	3778.28	3780.54	3778.28	
3782.81	3785.07	3782.81	3785.07	3782.81	
3773.76	3773.76	3773.76	3773.76	3773.76	
3785.07	3773.76	3785.07	3773.76	3785.07	
3771.49	3778.28	3771.49	3778.28	3771.49	
3764.71	3762.44	3764.71	3762.44	3764.71	
3780.54	3762.44	3780.54	3762.44	3780.54	
3769.23	3766.97	3769.23	3766.97	3769.23	
3769.23	3769.23	3769.23	3769.23	3769.23	
3762.44	3776.02	3762.44	3776.02	3762.44	
3778.28	3791.86	3778.28	3791.86	3778.28	
3771.49	3762.44	3771.49	3762.44	3771.49	
3780.54	3773.76	3780.54	3773.76	3780.54	
3766.97	3762.44	3766.97	3762.44	3766.97	
3769.23	3771.49	3769.23	3771.49	3769.23	
3771.49	3773.76	3771.49	3773.76	3771.49	
3773.76	3780.54	3773.76	3780.54	3773.76	
3769.23	3773.76	3769.23	3773.76	3769.23	
3766.97	3776.02	3766.97	3776.02	3766.97	
3776.02	3771.49	3776.02	3771.49	3776.02	
3766.97	3780.54	3766.97	3780.54	3766.97	
3778.28	3769.23	3778.28	3769.23	3778.28	
3776.02	3776.02	3776.02	3776.02	3776.02	
3764.71	3771.49	3764.71	3771.49	3764.71	
3766.97	3771.49	3766.97	3771.49	3766.97	
3773.76	3776.02	3773.76	3776.02	3773.76	
3766.97	3776.02	3766.97	3776.02	3766.97	
3771.49	3764.71	3771.49	3764.71	3771.49	
3771.49	3766.97	3771.49	3766.97	3771.49	
3773.76	3776.02	3773.76	3776.02	3773.76	
3780.54	3773.76	3780.54	3773.76	3780.54	
3778.28	3769.23	3778.28	3769.23	3778.28	
3769.23	3773.76	3769.23	3773.76	3769.23	
3771.49	3773.76	3771.49	3773.76	3771.49	
3771.49	3773.76	3771.49	3773.76	3771.49	
3764.71	3773.76	3764.71	3773.76	3764.71	
3776.02	3785.07	3776.02	3785.07	3776.02	
3766.97	3771.49	3766.97	3771.49	3766.97	
3766.97	3776.02	3766.97	3776.02	3766.97	
3776.02	3778.28	3776.02	3778.28	3776.02	
3773.76	3769.23	3773.76	3769.23	3773.76	
3776.02	3773.76	3776.02	3773.76	3776.02	
3769.23	3766.97	3769.23	3766.97	3769.23	
3780.54	3778.28	3780.54	3778.28	3780.54	
3764.71	3771.49	3764.71	3771.49	3764.71	
3773.76	3764.71	3773.76	3764.71	3773.76	
3771.49	3769.23	3771.49	3769.23	3771.49	
3769.23	3776.02	3769.23	3776.02	3769.23	
3771.49	3773.76	3771.49	3773.76	3771.49	
3778.28	3771.49	3778.28	3771.49	3778.28	
3773.76	3771.49	3773.76	3771.49	3773.76	
3769.23	3773.76	3769.23	3773.76	3769.23	
3771.49	3766.97	3771.49	3766.97	3771.49	
3769.23	3769.23	3769.23	3769.23	3769.23	
3782.81	3776.02	3782.81	3776.02	3782.81	
3766.97	3780.54	3766.97	3780.54	3766.97	
3771.49	3778.28	3771.49	3778.28	3771.49	
3771.49	3780.54	3771.49	3780.54	3771.49	
3773.76	3773.76	3773.76	3773.76	3773.76	
3773.76	3773.76	3773.76	3773.76	3773.76	
3773.76	3766.97	3773.76	3766.97	3773.76	
3771.49	3769.23	3771.49	3769.23	3771.49	
3771.49	3766.97	3771.49	3766.97	3771.49	
3776.02	3771.49	3776.02	3771.49	3776.02	
3771.49	3771.49	3771.49	3771.49	3771.49	
3764.71	3780.54	3764.71	3780.54	3764.71	
3771.49	3778.28	3771.49	3778.28	3771.49	
3776.02	3780.54	3776.02	3780.54	3776.02	
3766.97	3771.49	3766.97	3771.49	3766.97	
3771.49	3776.02	3771.49	3776.02	3771.49	
3769.23	3776.02	3769.23	3776.02	3769.23	
3769.23	3780.54	3769.23	3780.54	3769.23	
3773.76	3785.07	3773.76	3785.07	3773.76	
3757.92	3762.44	3757.92	3762.44	3757.92	
3764.71	3771.49	3764.71	3771.49	3764.71	
3773.76	3771.49	3773.76	3771.49	3773.76	
3766.97	3780.54	3766.97	3780.54	3766.97	
3778.28	3782.81	3778.28	3782.81	3778.28	
3764.71	3769.23	3764.71	3769.23	3764.71	
3773.76	3780.54	3773.76	3780.54	3773.76	
3766.97	3766.97	3766.97	3766.97	3766.97	
3776.02	3762.44	3776.02	3762.44	3776.02	
3766.97	3776.02	3766.97	3776.02	3766.97	
3766.97	3766.97	3766.97	3766.97	3766.97	
3778.28	3766.97	3778.28	3766.97	3778.28	
3780.54	3769.23	3780.54	3769.23	3780.54	
3778.28	3773.76	3778.28	3773.76	3778.28	
3769.23	3764.71	3769.23	3764.71	3769.23	
3766.97	3776.02	3766.97	3776.02	3766.97	
3778.28	3776.02	3778.28	3776.02	3778.28	
3771.49	3764.71	3771.49	3764.71	3771.49	
3776.02	3778.28	3776.02	3778.28	3776.02	
3778.28	3780.54	3778.28	3780.54	3778.28	
3773.76	3773.76	3773.76	3773.76	3773.76	
3769.23	3762.44	3769.23	3762.44	3769.23	
3764.71	3773.76	3764.71	3773.76	3764.71	
3776.02	3771.49	3776.02	3771.49	3776.02	
3773.76	3778.28	3773.76	3778.28	3773.76	
3771.49	3778.28	3771.49	3778.28	3771.49	
3764.71	3769.23	3764.71	3769.23	3764.71	
3773.76	3778.28	3773.76	3778.28	3773.76	
3771.49	3780.54	3771.49	3780.54	3771.49	
3769.23	3766.97	3769.23	3766.97	3769.23	
3776.02	3771.49	3776.02	3771.49	3776.02	
3771.49	3771.49	3771.49	3771.49	3771.49	
3762.44	3780.54	3762.44	3780.54	3762.44	
3778.28	3769.23	3778.28	3769.23	3778.28	
3766.97	3766.97	3766.97	3766.97	3766.97	
3773.76	3769.23	3773.76	3769.23	3773.76	
3766.97	3773.76	3766.97	3773.76	3766.97	
3776.02	3771.49	3776.02	3771.49	3776.02	
3771.49	3771.49	3771.49	3771.49	3771.49	
3769.23	3769.23	3769.23	3769.23	3769.23	
3782.81	3766.97	3782.81	3766.97	3782.81	
3776.02	3769.23	3776.02	3769.23	3776.02	
3773.76	3773.76	3773.76	3773.76	3773.76	
3771.49	3776.02	3771.49	3776.02	3771.49	
3769.23	3766.97	3769.23	3766.97	3769.23	
3776.02	3771.49	3776.02	3771.49	3776.02	
3769.23	3769.23	3769.23	3769.23	3769.23	
3773.76	3769.23	3773.76	3769.23	3773.76	
3771.49	3771.49	3771.49	3771.49	3771.49	
3776.02	3762.44	3776.02	3762.44	3776.02	
3769.23	3766.97	3769.23	3766.97	3769.23	
3778.28	3778.28	3778.28	3778.28	3778.28	
3766.97	3766.97	3766.97	3766.97	3766.97	
3771.49	3766.97	3771.49	3766.97	3771.49	
3769.23	3773.76	3769.23	3773.76	3769.23	
3778.28	3769.23	3778.28	3769.23	3778.28	
3769.23	3782.81	3769.23	3782.81	3769.23	
3771.49	3771.49	3771.49	3771.49	3771.49	
3778.28	3766.97	3778.28	3766.97	3778.28	
3785.07	3773.76	3785.07	3773.76	3785.07	
3762.44	3773.76	3762.44	3773.76	3762.44	
3771.49	3773.76	3771.49	3773.76	3771.49	
3771.49	3776.02	3771.49	3776.02	3771.49	
3773.76	3766.97	3773.76	3766.97	3773.76	
3782.81	3776.02	3782.81	3776.02	3782.81	
3766.97	3776.02	3766.97	3776.02	3766.97	
3766.97	3771.49	3766.97	3771.49	3766.97	
3773.76	3778.28	3773.76	3778.28	3773.76	
3762.44	3776.02	3762.44	3776.02	3762.44	
3762.44	3766.97	3762.44	3766.97	3762.44	
3766.97	3778.28	3766.97	3778.28	3766.97	
3776.02	3778.28	3776.02	3778.28	3776.02	
3776.02	3769.23	3776.02	3769.23	3776.02	
3780.54	3780.54	3780.54	3780.54	3780.54	
3776.02	3766.97	3776.02	3766.97	3776.02	
3780.54	3778.28	3780.54	3778.28	3780.54	
3766.97	3787.33	3766.97	3787.33	3766.97	
3776.02	3776.02	3776.02	3776.02	3776.02	
3764.71	3785.07	3764.71	3785.07	3764.71	
3766.97	3771.49	3766.97	3771.49	3766.97	
3769.23	3769.23	3769.23	3769.23	3769.23	
3764.71	3773.76	3764.71	3773.76	3764.71	
3778.28	3773.76	3778.28	3773.76	3778.28	
3782.81	3773.76	3782.81	3773.76	3782.81	
3780.54	3780.54	3780.54	3780.54	3780.54	
3764.71	3771.49	3764.71	3771.49	3764.71	
3776.02	3766.97	3776.02	3766.97	3776.02	
3780.54	3773.76	3780.54	3773.76	3780.54	
3776.02	3773.76	3776.02	3773.76	3776.02	
3771.49	3769.23	3771.49	3769.23	3771.49	
3778.28	3771.49	3778.28	3771.49	3778.28	
3766.97	3771.49	3766.97	3771.49	3766.97	
3773.76	3780.54	3773.76	3780.54	3773.76	
3771.49	3769.23	3771.49	3769.23	3771.49	
3771.49	3776.02	3771.49	3776.02	3771.49	
3771.49	3780.54	3771.49	3780.54	3771.49	
3766.97	3782.81	3766.97	3782.81	3766.97	
3771.49	3773.76	3771.49	3773.76	3771.49	
3769.23	3771.49	3769.23	3771.49	3769.23	
3782.81	3780.54	3782.81	3780.54	3782.81	
3769.23	3773.76	3769.23	3773.76	3769.23	
3771.49	3771.49	3771.49	3771.49	3771.49	
3769.23	3773.76	3769.23	3773.76	3769.23	
3760.18	3762.44	3760.18	3762.44	3760.18	
3773.76	3776.02	3773.76	3776.02	3773.76	
3769.23	3773.76	3769.23	3773.76	3769.23	
3769.23	3760.18	3769.23	3760.18	3769.23	
3771.49	3764.71	3771.49	3764.71	3771.49	
3773.76	3769.23	3773.76	3769.23	3773.76	
3771.49	3773.76	3771.49	3773.76	3771.49	
3771.49	3773.76	3771.49	3773.76	3771.49	
3776.02	3766.97	3776.02	3766.97	3776.02	
3769.23	3776.02	3769.23	3776.02	3769.23	
3773.76	3766.97	3773.76	3766.97	3773.76	
3769.23	3780.54	3769.23	3780.54	3769.23	
3769.23	3780.54	3769.23	3780.54	3769.23	
3773.76	3773.76	3773.76	3773.76	3773.76	
3773.76	3776.02	3773.76	3776.02	3773.76	
3776.02	3776.02	3776.02	3776.02	3776.02	
3773.76	3778.28	3773.76	3778.28	3773.76	
3773.76	3778.28	3773.76	3778.28	3773.76	
3764.71	3769.23	3764.71	3769.23	3764.71	
3769.23	3776.02	3769.23	3776.02	3769.23	
3764.71	3771.49	3764.71	3771.49	3764.71	
3771.49	3778.28	3771.49	3778.28	3771.49	
3773.76	3771.49	3773.76	3771.49	3773.76	
3760.18	3766.97	3760.18	3766.97	3760.18	
3771.49	3773.76	3771.49	3773.76	3771.49	
3773.76	3776.02	3773.76	3776.02	3773.76	
3778.28	3771.49	3778.28	3771.49	3778.28	
3771.49	3780.54	3771.49	3780.54	3771.49	
3766.97	3776.02	3766.97	3776.02	3766.97	
3776.02	3778.28	3776.02	3778.28	3776.02	
3771.49	3769.23	3771.49	3769.23	3771.49	
3764.71	3769.23	3764.71	3769.23	3764.71	
3773.76	3769.23	3773.76	3769.23	3773.76	
3760.18	3771.49	3760.18	3771.49	3760.18	
3762.44	3778.28	3762.44	3778.28	3762.44	
3764.71	3771.49	3764.71	3771.49	3764.71	
3762.44	3764.71	3762.44	3764.71	3762.44	
3773.76	3760.18	3773.76	3760.18	3773.76	
3771.49	3771.49	3771.49	3771.49	3771.49	
3771.49	3764.71	3771.49	3764.71	3771.49	
3766.97	3766.97	3766.97	3766.97	3766.97	
3766.97	3785.07	3766.97	3785.07	3766.97	
3762.44	3776.02	3762.44	3776.02	3762.44	
3773.76	3771.49	3773.76	3771.49	3773.76	
3771.49	3778.28	3771.49	3778.28	3771.49	
3773.76	3764.71	3773.76	3764.71	3773.76	
3769.23	3766.97	3769.23	3766.97	3769.23	
3776.02	3760.18	3776.02	3760.18	3776.02	
3764.71	3764.71	3764.71	3764.71	3764.71	
3780.54	3773.76	3780.54	3773.76	3780.54	
3766.97	3766.97	3766.97	3766.97	3766.97	
3773.76	3773.76	3773.76	3773.76	3773.76	
3776.02	3771.49	3776.02	3771.49	3776.02	
3760.18	3771.49	3760.18	3771.49	3760.18	
3769.23	3773.76	3769.23	3773.76	3769.23	
3771.49	3769.23	3771.49	3769.23	3771.49	
3769.23	3762.44	3769.23	3762.44	3769.23	
3782.81	3780.54	3782.81	3780.54	3782.81	
3773.76	3773.76	3773.76	3773.76	3773.76	
3776.02	3769.23	3776.02	3769.23	3776.02	
3771.49	3776.02	3771.49	3776.02	3771.49	
3771.49	3766.97	3771.49	3766.97	3771.49	
3778.28	3771.49	3778.28	3771.49	3778.28	
3771.49	3771.49	3771.49	3771.49	3771.49	
3766.97	3776.02	3766.97	3776.02	3766.97	
3764.71	3769.23	3764.71	3769.23	3764.71	
3764.71	3778.28	3764.71	3778.28	3764.71	
3776.02	3766.97	3776.02	3766.97	3776.02	
3776.02	3773.76	3776.02	3773.76	3776.02	
3778.28	3769.23	3778.28	3769.23	3778.28	
3766.97	3760.18	3766.97	3760.18	3766.97	
3764.71	3762.44	3764.71	3762.44	3764.71	
3771.49	3762.44	3771.49	3762.44	3771.49	
3766.97	3780.54	3766.97	3780.54	3766.97	
3764.71	3762.44	3764.71	3762.44	3764.71	
3778.28	3771.49	3778.28	3771.49	3778.28	
3769.23	3769.23	3769.23	3769.23	3769.23	
3771.49	3773.76	3771.49	3773.76	3771.49	
3780.54	3766.97	3780.54	3766.97	3780.54	
3776.02	3771.49	3776.02	3771.49	3776.02	
3780.54	3776.02	3780.54	3776.02	3780.54	
3780.54	3771.49	3780.54	3771.49	3780.54	
3782.81	3771.49	3782.81	3771.49	3782.81	
3762.44	3769.23	3762.44	3769.23	3762.44	
3769.23	3778.28	3769.23	3778.28	3769.23	
3771.49	3773.76	3771.49	3773.76	3771.49	
3764.71	3769.23	3764.71	3769.23	3764.71	
3757.92	3764.71	3757.92	3764.71	3757.92	
3769.23	3771.49	3769.23	3771.49	3769.23	
3764.71	3766.97	3764.71	3766.97	3764.71	
3771.49	3776.02	3771.49	3776.02	3771.49	
3773.76	3766.97	3773.76	3766.97	3773.76	
3764.71	3762.44	3764.71	3762.44	3764.71	
3764.71	3762.44	3764.71	3762.44	3764.71	
3771.49	3766.97	3771.49	3766.97	3771.49	
3769.23	3776.02	3769.23	3776.02	3769.23	
3771.49	3771.49	3771.49	3771.49	3771.49	
3771.49	3769.23	3771.49	3769.23	3771.49	
3776.02	3773.76	3776.02	3773.76	3776.02	
3773.76	3773.76	3773.76	3773.76	3773.76	
3773.76	3776.02	3773.76	3776.02	3773.76	
3776.02	3773.76	3776.02	3773.76	3776.02	
3776.02	3771.49	3776.02	3771.49	3776.02	
3762.44	3778.28	3762.44	3778.28	3762.44	
3773.76	3771.49	3773.76	3771.49	3773.76	
3773.76	3771.49	3773.76	3771.49	3773.76	
3769.23	3773.76	3769.23	3773.76	3769.23	
3771.49	3771.49	3771.49	3771.49	3771.49	
3769.23	3773.76	3769.23	3773.76	3769.23	
3766.97	3776.02	3766.97	3776.02	3766.97	
3769.23	3780.54	3769.23	3780.54	3769.23	
3776.02	3769.23	3776.02	3769.23	3776.02	
3776.02	3785.07	3776.02	3785.07	3776.02	
3773.76	3766.97	3773.76	3766.97	3773.76	
3764.71	3771.49	3764.71	3771.49	3764.71	
3755.66	3766.97	3755.66	3766.97	3755.66	
3766.97	3782.81	3766.97	3782.81	3766.97	
3773.76	3771.49	3773.76	3771.49	3773.76	
3771.49	3764.71	3771.49	3764.71	3771.49	
3776.02	3769.23	3776.02	3769.23	3776.02	
3771.49	3766.97	3771.49	3766.97	3771.49	
3771.49	3769.23	3771.49	3769.23	3771.49	
3764.71	3776.02	3764.71	3776.02	3764.71	
3766.97	3771.49	3766.97	3771.49	3766.97	
3764.71	3773.76	3764.71	3773.76	3764.71	
3762.44	3773.76	3762.44	3773.76	3762.44	
3757.92	3769.23	3757.92	3769.23	3757.92	
3769.23	3766.97	3769.23	3766.97	3769.23	
3757.92	3762.44	3757.92	3762.44	3757.92	
3769.23	3764.71	3769.23	3764.71	3769.23	
3773.76	3766.97	3773.76	3766.97	3773.76	
3773.76	3769.23	3773.76	3769.23	3773.76	
3764.71	3773.76	3764.71	3773.76	3764.71	
3778.28	3766.97	3778.28	3766.97	3778.28	
3771.49	3769.23	3771.49	3769.23	3771.49	
3769.23	3771.49	3769.23	3771.49	3769.23	
3757.92	3769.23	3757.92	3769.23	3757.92	
3762.44	3766.97	3762.44	3766.97	3762.44	
3755.66	3766.97	3755.66	3766.97	3755.66	
3769.23	3773.76	3769.23	3773.76	3769.23	
3769.23	3771.49	3769.23	3771.49	3769.23	
3773.76	3771.49	3773.76	3771.49	3773.76	
3766.97	3773.76	3766.97	3773.76	3766.97	
3769.23	3778.28	3769.23	3778.28	3769.23	
3771.49	3773.76	3771.49	3773.76	3771.49	
3766.97	3769.23	3766.97	3769.23	3766.97	
3771.49	3760.18	3771.49	3760.18	3771.49	
3778.28	3773.76	3778.28	3773.76	3778.28	
3762.44	3764.71	3762.44	3764.71	3762.44	
3766.97	3773.76	3766.97	3773.76	3766.97	
3762.44	3776.02	3762.44	3776.02	3762.44	
3785.07	3776.02	3785.07	3776.02	3785.07	
3766.97	3764.71	3766.97	3764.71	3766.97	
3769.23	3762.44	3769.23	3762.44	3769.23	
3766.97	3771.49	3766.97	3771.49	3766.97	
3771.49	3773.76	3771.49	3773.76	3771.49	
3764.71	3773.76	3764.71	3773.76	3764.71	
3773.76	3776.02	3773.76	3776.02	3773.76	
3776.02	3760.18	3776.02	3760.18	3776.02	
3776.02	3769.23	3776.02	3769.23	3776.02	
3764.71	3766.97	3764.71	3766.97	3764.71	
3766.97	3766.97	3766.97	3766.97	3766.97	
3769.23	3769.23	3769.23	3769.23	3769.23	
3769.23	3762.44	3769.23	3762.44	3769.23	
3776.02	3771.49	3776.02	3771.49	3776.02	
3764.71	3762.44	3764.71	3762.44	3764.71	
3766.97	3778.28	3766.97	3778.28	3766.97	
3764.71	3766.97	3764.71	3766.97	3764.71	
3762.44	3773.76	3762.44	3773.76	3762.44	
3778.28	3773.76	3778.28	3773.76	3778.28	
3771.49	3764.71	3771.49	3764.71	3771.49	
3764.71	3776.02	3764.71	3776.02	3764.71	
3766.97	3757.92	3766.97	3757.92	3766.97	
3771.49	3757.92	3771.49	3757.92	3771.49	
3769.23	3773.76	3769.23	3773.76	3769.23	
3782.81	3764.71	3782.81	3764.71	3782.81	
3764.71	3771.49	3764.71	3771.49	3764.71	
3762.44	3764.71	3762.44	3764.71	3762.44	
3760.18	3773.76	3760.18	3773.76	3760.18	
3778.28	3769.23	3778.28	3769.23	3778.28	
3762.44	3762.44	3762.44	3762.44	3762.44	
3769.23	3776.02	3769.23	3776.02	3769.23	
3766.97	3780.54	3766.97	3780.54	3766.97	
3778.28	3780.54	3778.28	3780.54	3778.28	
3766.97	3778.28	3766.97	3778.28	3766.97	
3773.76	3776.02	3773.76	3776.02	3773.76	
3773.76	3778.28	3773.76	3778.28	3773.76	
3773.76	3776.02	3773.76	3776.02	3773.76	
3787.33	3769.23	3787.33	3769.23	3787.33	
3782.81	3769.23	3782.81	3769.23	3782.81	
3764.71	3766.97	3764.71	3766.97	3764.71	
3787.33	3769.23	3787.33	3769.23	3787.33	
3766.97	3764.71	3766.97	3764.71	3766.97	
3762.44	3771.49	3762.44	3771.49	3762.44	
3762.44	3762.44	3762.44	3762.44	3762.44	
3771.49	3764.71	3771.49	3764.71	3771.49	
3762.44	3769.23	3762.44	3769.23	3762.44	
3773.76	3766.97	3773.76	3766.97	3773.76	
3773.76	3778.28	3773.76	3778.28	3773.76	
3769.23	3764.71	3769.23	3764.71	3769.23	
3766.97	3776.02	3766.97	3776.02	3766.97	
3771.49	3764.71	3771.49	3764.71	3771.49	
3762.44	3771.49	3762.44	3771.49	3762.44	
3766.97	3769.23	3766.97	3769.23	3766.97	
3769.23	3771.49	3769.23	3771.49	3769.23	
3773.76	3766.97	3773.76	3766.97	3773.76	
3764.71	3769.23	3764.71	3769.23	3764.71	
3766.97	3778.28	3766.97	3778.28	3766.97	
3782.81	3778.28	3782.81	3778.28	3782.81	
3764.71	3769.23	3764.71	3769.23	3764.71	
3766.97	3764.71	3766.97	3764.71	3766.97	
3773.76	3773.76	3773.76	3773.76	3773.76	
3769.23	3776.02	3769.23	3776.02	3769.23	
3778.28	3766.97	3778.28	3766.97	3778.28	
3766.97	3766.97	3766.97	3766.97	3766.97	
3762.44	3771.49	3762.44	3771.49	3762.44	
3776.02	3764.71	3776.02	3764.71	3776.02	
3778.28	3778.28	3778.28	3778.28	3778.28	
3769.23	3764.71	3769.23	3764.71	3769.23	
3773.76	3771.49	3773.76	3771.49	3773.76	
3762.44	3766.97	3762.44	3766.97	3762.44	
3766.97	3769.23	3766.97	3769.23	3766.97	
3760.18	3769.23	3760.18	3769.23	3760.18	
3762.44	3778.28	3762.44	3778.28	3762.44	
3771.49	3771.49	3771.49	3771.49	3771.49	
3764.71	3780.54	3764.71	3780.54	3764.71	
3764.71	3773.76	3764.71	3773.76	3764.71	
3773.76	3773.76	3773.76	3773.76	3773.76	
3773.76	3764.71	3773.76	3764.71	3773.76	
3771.49	3776.02	3771.49	3776.02	3771.49	
3778.28	3762.44	3778.28	3762.44	3778.28	
3769.23	3766.97	3769.23	3766.97	3769.23	
3769.23	3769.23	3769.23	3769.23	3769.23	
3771.49	3771.49	3771.49	3771.49	3771.49	
3762.44	3773.76	3762.44	3773.76	3762.44	
3769.23	3773.76	3769.23	3773.76	3769.23	
3771.49	3762.44	3771.49	3762.44	3771.49	
3773.76	3771.49	3773.76	3771.49	3773.76	
3766.97	3766.97	3766.97	3766.97	3766.97	
3764.71	3764.71	3764.71	3764.71	3764.71	
3766.97	3766.97	3766.97	3766.97	3766.97	
3769.23	3769.23	3769.23	3769.23	3769.23	
3771.49	3764.71	3771.49	3764.71	3771.49	
3757.92	3776.02	3757.92	3776.02	3757.92	
3762.44	3771.49	3762.44	3771.49	3762.44	
3769.23	3778.28	3769.23	3778.28	3769.23	
3769.23	3764.71	3769.23	3764.71	3769.23	
3771.49	3762.44	3771.49	3762.44	3771.49	
3764.71	3776.02	3764.71	3776.02	3764.71	
3766.97	3773.76	3766.97	3773.76	3766.97	
3771.49	3773.76	3771.49	3773.76	3771.49	
3762.44	3778.28	3762.44	3778.28	3762.44	
3762.44	3776.02	3762.44	3776.02	3762.44	
3771.49	3776.02	3771.49	3776.02	3771.49	
3766.97	3771.49	3766.97	3771.49	3766.97	
3764.71	3769.23	3764.71	3769.23	3764.71	
3773.76	3762.44	3773.76	3762.44	3773.76	
3771.49	3771.49	3771.49	3771.49	3771.49	
3764.71	3776.02	3764.71	3776.02	3764.71	
3776.02	3773.76	3776.02	3773.76	3776.02	
3769.23	3773.76	3769.23	3773.76	3769.23	
3764.71	3766.97	3764.71	3766.97	3764.71	
3776.02	3776.02	3776.02	3776.02	3776.02	
3773.76	3773.76	3773.76	3773.76	3773.76	
3776.02	3766.97	3776.02	3766.97	3776.02	
3766.97	3771.49	3766.97	3771.49	3766.97	
3766.97	3769.23	3766.97	3769.23	3766.97	
3762.44	3764.71	3762.44	3764.71	3762.44	
3764.71	3769.23	3764.71	3769.23	3764.71	
3769.23	3769.23	3769.23	3769.23	3769.23	
3776.02	3771.49	3776.02	3771.49	3776.02	
3769.23	3766.97	3769.23	3766.97	3769.23	
3776.02	3764.71	3776.02	3764.71	3776.02	
3760.18	3766.97	3760.18	3766.97	3760.18	
3769.23	3787.33	3769.23	3787.33	3769.23	
3771.49	3764.71	3771.49	3764.71	3771.49	
3773.76	3771.49	3773.76	3771.49	3773.76	
3773.76	3771.49	3773.76	3771.49	3773.76	
3762.44	3778.28	3762.44	3778.28	3762.44	
3764.71	3766.97	3764.71	3766.97	3764.71	
3771.49	3766.97	3771.49	3766.97	3771.49	
3776.02	3776.02	3776.02	3776.02	3776.02	
3764.71	3771.49	3764.71	3771.49	3764.71	
3776.02	3771.49	3776.02	3771.49	3776.02	
3776.02	3773.76	3776.02	3773.76	3776.02	
3771.49	3764.71	3771.49	3764.71	3771.49	
3766.97	3773.76	3766.97	3773.76	3766.97	
3773.76	3760.18	3773.76	3760.18	3773.76	
3762.44	3766.97	3762.44	3766.97	3762.44	
3773.76	3769.23	3773.76	3769.23	3773.76	
3766.97	3769.23	3766.97	3769.23	3766.97	
3769.23	3771.49	3769.23	3771.49	3769.23	
3771.49	3773.76	3771.49	3773.76	3771.49	
3764.71	3776.02	3764.71	3776.02	3764.71	
3803.17	3794.12	3803.17	3794.12	3803.17	
3778.28	3764.71	3778.28	3764.71	3778.28	
3762.44	3762.44	3762.44	3762.44	3762.44	
3769.23	3755.66	3769.23	3755.66	3769.23	
3760.18	3778.28	3760.18	3778.28	3760.18	
3769.23	3764.71	3769.23	3764.71	3769.23	
3764.71	3760.18	3764.71	3760.18	3764.71	
3769.23	3773.76	3769.23	3773.76	3769.23	
3769.23	3762.44	3769.23	3762.44	3769.23	
3769.23	3773.76	3769.23	3773.76	3769.23	
3764.71	3757.92	3764.71	3757.92	3764.71	
3766.97	3769.23	3766.97	3769.23	3766.97	
3766.97	3766.97	3766.97	3766.97	3766.97	
3769.23	3766.97	3769.23	3766.97	3769.23	
3766.97	3764.71	3766.97	3764.71	3766.97	
3771.49	3762.44	3771.49	3762.44	3771.49	
3764.71	3769.23	3764.71	3769.23	3764.71	
3764.71	3778.28	3764.71	3778.28	3764.71	
3771.49	3773.76	3771.49	3773.76	3771.49	
3773.76	3776.02	3773.76	3776.02	3773.76	
3771.49	3769.23	3771.49	3769.23	3771.49	
3760.18	3762.44	3760.18	3762.44	3760.18	
3773.76	3771.49	3773.76	3771.49	3773.76	
3773.76	3776.02	3773.76	3776.02	3773.76	
3766.97	3762.44	3766.97	3762.44	3766.97	
3769.23	3769.23	3769.23	3769.23	3769.23	
3764.71	3769.23	3764.71	3769.23	3764.71	
3760.18	3762.44	3760.18	3762.44	3760.18	
3782.81	3773.76	3782.81	3773.76	3782.81	
3766.97	3766.97	3766.97	3766.97	3766.97	
3776.02	3766.97	3776.02	3766.97	3776.02	
3771.49	3769.23	3771.49	3769.23	3771.49	
3769.23	3780.54	3769.23	3780.54	3769.23	
3764.71	3769.23	3764.71	3769.23	3764.71	
3778.28	3764.71	3778.28	3764.71	3778.28	
3773.76	3771.49	3773.76	3771.49	3773.76	
3762.44	3762.44	3762.44	3762.44	3762.44	
3771.49	3766.97	3771.49	3766.97	3771.49	
3764.71	3762.44	3764.71	3762.44	3764.71	
3760.18	3762.44	3760.18	3762.44	3760.18	
3771.49	3771.49	3771.49	3771.49	3771.49	
3773.76	3769.23	3773.76	3769.23	3773.76	
3769.23	3762.44	3769.23	3762.44	3769.23	
3771.49	3769.23	3771.49	3769.23	3771.49	
3776.02	3766.97	3776.02	3766.97	3776.02	
3771.49	3773.76	3771.49	3773.76	3771.49	
3769.23	3764.71	3769.23	3764.71	3769.23	
3766.97	3771.49	3766.97	3771.49	3766.97	
3769.23	3776.02	3769.23	3776.02	3769.23	
3805.43	3809.95	3805.43	3809.95	3805.43	
3766.97	3773.76	3766.97	3773.76	3766.97	
3755.66	3766.97	3755.66	3766.97	3755.66	
3760.18	3766.97	3760.18	3766.97	3760.18	
3766.97	3773.76	3766.97	3773.76	3766.97	
3773.76	3764.71	3773.76	3764.71	3773.76	
3776.02	3766.97	3776.02	3766.97	3776.02	
3771.49	3769.23	3771.49	3769.23	3771.49	
3766.97	3771.49	3766.97	3771.49	3766.97	
3771.49	3771.49	3771.49	3771.49	3771.49	
3766.97	3769.23	3766.97	3769.23	3766.97	
3776.02	3782.81	3776.02	3782.81	3776.02	
3764.71	3766.97	3764.71	3766.97	3764.71	
3773.76	3769.23	3773.76	3769.23	3773.76	
3769.23	3764.71	3769.23	3764.71	3769.23	
3764.71	3760.18	3764.71	3760.18	3764.71	
3766.97	3773.76	3766.97	3773.76	3766.97	
3757.92	3773.76	3757.92	3773.76	3757.92	
3776.02	3776.02	3776.02	3776.02	3776.02	
3760.18	3769.23	3760.18	3769.23	3760.18	
3769.23	3769.23	3769.23	3769.23	3769.23	
3760.18	3769.23	3760.18	3769.23	3760.18	
3766.97	3764.71	3766.97	3764.71	3766.97	
3778.28	3773.76	3778.28	3773.76	3778.28	
3766.97	3764.71	3766.97	3764.71	3766.97	
3776.02	3760.18	3776.02	3760.18	3776.02	
3771.49	3764.71	3771.49	3764.71	3771.49	
3778.28	3769.23	3778.28	3769.23	3778.28	
3766.97	3771.49	3766.97	3771.49	3766.97	
3771.49	3771.49	3771.49	3771.49	3771.49	
3771.49	3773.76	3771.49	3773.76	3771.49	
3776.02	3773.76	3776.02	3773.76	3776.02	
3771.49	3771.49	3771.49	3771.49	3771.49	
3771.49	3769.23	3771.49	3769.23	3771.49	
3769.23	3766.97	3769.23	3766.97	3769.23	
3766.97	3769.23	3766.97	3769.23	3766.97	
3769.23	3773.76	3769.23	3773.76	3769.23	
3769.23	3780.54	3769.23	3780.54	3769.23	
3771.49	3769.23	3771.49	3769.23	3771.49	
3764.71	3787.33	3764.71	3787.33	3764.71	
3760.18	3760.18	3760.18	3760.18	3760.18	
3766.97	3773.76	3766.97	3773.76	3766.97	
3755.66	3766.97	3755.66	3766.97	3755.66	
3771.49	3769.23	3771.49	3769.23	3771.49	
3769.23	3764.71	3769.23	3764.71	3769.23	
3760.18	3760.18	3760.18	3760.18	3760.18	
3771.49	3760.18	3771.49	3760.18	3771.49	
3769.23	3773.76	3769.23	3773.76	3769.23	
3760.18	3769.23	3760.18	3769.23	3760.18	
3766.97	3773.76	3766.97	3773.76	3766.97	
3773.76	3769.23	3773.76	3769.23	3773.76	
3755.66	3766.97	3755.66	3766.97	3755.66	
3764.71	3773.76	3764.71	3773.76	3764.71	
3773.76	3771.49	3773.76	3771.49	3773.76	
3755.66	3769.23	3755.66	3769.23	3755.66	
3773.76	3771.49	3773.76	3771.49	3773.76	
3764.71	3771.49	3764.71	3771.49	3764.71	
3771.49	3773.76	3771.49	3773.76	3771.49	
3769.23	3764.71	3769.23	3764.71	3769.23	
3766.97	3766.97	3766.97	3766.97	3766.97	
3762.44	3769.23	3762.44	3769.23	3762.44	
3776.02	3780.54	3776.02	3780.54	3776.02	
3760.18	3766.97	3760.18	3766.97	3760.18	
3760.18	3760.18	3760.18	3760.18	3760.18	
3764.71	3764.71	3764.71	3764.71	3764.71	
3773.76	3757.92	3773.76	3757.92	3773.76	
3776.02	3773.76	3776.02	3773.76	3776.02	
3766.97	3776.02	3766.97	3776.02	3766.97	
3760.18	3769.23	3760.18	3769.23	3760.18	
3771.49	3776.02	3771.49	3776.02	3771.49	
3771.49	3766.97	3771.49	3766.97	3771.49	
3778.28	3762.44	3778.28	3762.44	3778.28	
3778.28	3771.49	3778.28	3771.49	3778.28	
3771.49	3766.97	3771.49	3766.97	3771.49	
3771.49	3773.76	3771.49	3773.76	3771.49	
3776.02	3776.02	3776.02	3776.02	3776.02	
3778.28	3773.76	3778.28	3773.76	3778.28	
3766.97	3773.76	3766.97	3773.76	3766.97	
3764.71	3762.44	3764.71	3762.44	3764.71	
3769.23	3771.49	3769.23	3771.49	3769.23	
3771.49	3780.54	3771.49	3780.54	3771.49	
3778.28	3776.02	3778.28	3776.02	3778.28	
3766.97	3780.54	3766.97	3780.54	3766.97	
3766.97	3764.71	3766.97	3764.71	3766.97	
3771.49	3776.02	3771.49	3776.02	3771.49	
3776.02	3764.71	3776.02	3764.71	3776.02	
3769.23	3769.23	3769.23	3769.23	3769.23	
3764.71	3764.71	3764.71	3764.71	3764.71	
3769.23	3769.23	3769.23	3769.23	3769.23	
3771.49	3773.76	3771.49	3773.76	3771.49	
3766.97	3773.76	3766.97	3773.76	3766.97	
3773.76	3773.76	3773.76	3773.76	3773.76	
3773.76	3769.23	3773.76	3769.23	3773.76	
3764.71	3773.76	3764.71	3773.76	3764.71	
3764.71	3771.49	3764.71	3771.49	3764.71	
3766.97	3766.97	3766.97	3766.97	3766.97	
3757.92	3766.97	3757.92	3766.97	3757.92	
3771.49	3776.02	3771.49	3776.02	3771.49	
3769.23	3776.02	3769.23	3776.02	3769.23	
3766.97	3769.23	3766.97	3769.23	3766.97	
3769.23	3769.23	3769.23	3769.23	3769.23	
3769.23	3771.49	3769.23	3771.49	3769.23	
3769.23	3762.44	3769.23	3762.44	3769.23	
3778.28	3764.71	3778.28	3764.71	3778.28	
3773.76	3771.49	3773.76	3771.49	3773.76	
3762.44	3776.02	3762.44	3776.02	3762.44	
3762.44	3766.97	3762.44	3766.97	3762.44	
3762.44	3766.97	3762.44	3766.97	3762.44	
3762.44	3773.76	3762.44	3773.76	3762.44	
3769.23	3769.23	3769.23	3769.23	3769.23	
3773.76	3764.71	3773.76	3764.71	3773.76	
3773.76	3766.97	3773.76	3766.97	3773.76	
3769.23	3769.23	3769.23	3769.23	3769.23	
3778.28	3762.44	3778.28	3762.44	3778.28	
3764.71	3766.97	3764.71	3766.97	3764.71	
3757.92	3769.23	3757.92	3769.23	3757.92	
3753.39	3769.23	3753.39	3769.23	3753.39	
3771.49	3769.23	3771.49	3769.23	3771.49	
3769.23	3778.28	3769.23	3778.28	3769.23	
3762.44	3766.97	3762.44	3766.97	3762.44	
3773.76	3773.76	3773.76	3773.76	3773.76	
3771.49	3773.76	3771.49	3773.76	3771.49	
3764.71	3771.49	3764.71	3771.49	3764.71	
3776.02	3778.28	3776.02	3778.28	3776.02	
3769.23	3778.28	3769.23	3778.28	3769.23	
3769.23	3773.76	3769.23	3773.76	3769.23	
3769.23	3762.44	3769.23	3762.44	3769.23	
3764.71	3771.49	3764.71	3771.49	3764.71	
3773.76	3771.49	3773.76	3771.49	3773.76	
3760.18	3771.49	3760.18	3771.49	3760.18	
3755.66	3766.97	3755.66	3766.97	3755.66	
3766.97	3769.23	3766.97	3769.23	3766.97	
3773.76	3771.49	3773.76	3771.49	3773.76	
3778.28	3776.02	3778.28	3776.02	3778.28	
3764.71	3760.18	3764.71	3760.18	3764.71	
3771.49	3769.23	3771.49	3769.23	3771.49	
3778.28	3769.23	3778.28	3769.23	3778.28	
3764.71	3773.76	3764.71	3773.76	3764.71	
3764.71	3769.23	3764.71	3769.23	3764.71	
3764.71	3762.44	3764.71	3762.44	3764.71	
3766.97	3773.76	3766.97	3773.76	3766.97	
3764.71	3773.76	3764.71	3773.76	3764.71	
3773.76	3766.97	3773.76	3766.97	3773.76	
3773.76	3766.97	3773.76	3766.97	3773.76	
3766.97	3773.76	3766.97	3773.76	3766.97	
3769.23	3773.76	3769.23	3773.76	3769.23	
3771.49	3785.07	3771.49	3785.07	3771.49	
3771.49	3766.97	3771.49	3766.97	3771.49	
3769.23	3769.23	3769.23	3769.23	3769.23	
3773.76	3776.02	3773.76	3776.02	3773.76	
3762.44	3771.49	3762.44	3771.49	3762.44	
3771.49	3773.76	3771.49	3773.76	3771.49	
3766.97	3773.76	3766.97	3773.76	3766.97	
3773.76	3764.71	3773.76	3764.71	3773.76	
3773.76	3771.49	3773.76	3771.49	3773.76	
3762.44	3760.18	3762.44	3760.18	3762.44	
3766.97	3766.97	3766.97	3766.97	3766.97	
3771.49	3762.44	3771.49	3762.44	3771.49	
3773.76	3771.49	3773.76	3771.49	3773.76	
3764.71	3773.76	3764.71	3773.76	3764.71	
3764.71	3773.76	3764.71	3773.76	3764.71	
3778.28	3771.49	3778.28	3771.49	3778.28	
3769.23	3760.18	3769.23	3760.18	3769.23	
3766.97	3760.18	3766.97	3760.18	3766.97	
3764.71	3769.23	3764.71	3769.23	3764.71	
3769.23	3764.71	3769.23	3764.71	3769.23	
3780.54	3771.49	3780.54	3771.49	3780.54	
3760.18	3769.23	3760.18	3769.23	3760.18	
3764.71	3766.97	3764.71	3766.97	3764.71	
3766.97	3771.49	3766.97	3771.49	3766.97	
3762.44	3769.23	3762.44	3769.23	3762.44	
3766.97	3766.97	3766.97	3766.97	3766.97	
3769.23	3773.76	3769.23	3773.76	3769.23	
3771.49	3771.49	3771.49	3771.49	3771.49	
3766.97	3766.97	3766.97	3766.97	3766.97	
3766.97	3773.76	3766.97	3773.76	3766.97	
3769.23	3764.71	3769.23	3764.71	3769.23	
3764.71	3773.76	3764.71	3773.76	3764.71	
3762.44	3764.71	3762.44	3764.71	3762.44	
3764.71	3762.44	3764.71	3762.44	3764.71	
3778.28	3769.23	3778.28	3769.23	3778.28	
3764.71	3771.49	3764.71	3771.49	3764.71	
3762.44	3769.23	3762.44	3769.23	3762.44	
3760.18	3769.23	3760.18	3769.23	3760.18	
3766.97	3773.76	3766.97	3773.76	3766.97	
3771.49	3762.44	3771.49	3762.44	3771.49	
3771.49	3766.97	3771.49	3766.97	3771.49	
3773.76	3764.71	3773.76	3764.71	3773.76	
3766.97	3766.97	3766.97	3766.97	3766.97	
3778.28	3773.76	3778.28	3773.76	3778.28	
3762.44	3760.18	3762.44	3760.18	3762.44	
3764.71	3766.97	3764.71	3766.97	3764.71	
3773.76	3762.44	3773.76	3762.44	3773.76	
3764.71	3773.76	3764.71	3773.76	3764.71	
3769.23	3764.71	3769.23	3764.71	3769.23	
3769.23	3773.76	3769.23	3773.76	3769.23	
3766.97	3769.23	3766.97	3769.23	3766.97	
3778.28	3769.23	3778.28	3769.23	3778.28	
3766.97	3764.71	3766.97	3764.71	3766.97	
3771.49	3762.44	3771.49	3762.44	3771.49	
3762.44	3776.02	3762.44	3776.02	3762.44	
3771.49	3771.49	3771.49	3771.49	3771.49	
3764.71	3771.49	3764.71	3771.49	3764.71	
3760.18	3773.76	3760.18	3773.76	3760.18	
3771.49	3766.97	3771.49	3766.97	3771.49	
3764.71	3766.97	3764.71	3766.97	3764.71	
3766.97	3769.23	3766.97	3769.23	3766.97	
3760.18	3760.18	3760.18	3760.18	3760.18	
3771.49	3760.18	3771.49	3760.18	3771.49	
3776.02	3764.71	3776.02	3764.71	3776.02	
3773.76	3764.71	3773.76	3764.71	3773.76	
3757.92	3776.02	3757.92	3776.02	3757.92	
3776.02	3766.97	3776.02	3766.97	3776.02	
3771.49	3780.54	3771.49	3780.54	3771.49	
3764.71	3766.97	3764.71	3766.97	3764.71	
3773.76	3771.49	3773.76	3771.49	3773.76	
3762.44	3760.18	3762.44	3760.18	3762.44	
3769.23	3778.28	3769.23	3778.28	3769.23	
3769.23	3766.97	3769.23	3766.97	3769.23	
3762.44	3776.02	3762.44	3776.02	3762.44	
3762.44	3769.23	3762.44	3769.23	3762.44	
3771.49	3769.23	3771.49	3769.23	3771.49	
3764.71	3766.97	3764.71	3766.97	3764.71	
3760.18	3773.76	3760.18	3773.76	3760.18	
3771.49	3769.23	3771.49	3769.23	3771.49	
3764.71	3773.76	3764.71	3773.76	3764.71	
3764.71	3764.71	3764.71	3764.71	3764.71	
3757.92	3773.76	3757.92	3773.76	3757.92	
3776.02	3766.97	3776.02	3766.97	3776.02	
3764.71	3762.44	3764.71	3762.44	3764.71	
3778.28	3762.44	3778.28	3762.44	3778.28	
3773.76	3778.28	3773.76	3778.28	3773.76	
3769.23	3769.23	3769.23	3769.23	3769.23	
3771.49	3769.23	3771.49	3769.23	3771.49	
3778.28	3773.76	3778.28	3773.76	3778.28	
3766.97	3769.23	3766.97	3769.23	3766.97	
3755.66	3764.71	3755.66	3764.71	3755.66	
3769.23	3771.49	3769.23	3771.49	3769.23	
3766.97	3771.49	3766.97	3771.49	3766.97	
3762.44	3762.44	3762.44	3762.44	3762.44	
3773.76	3764.71	3773.76	3764.71	3773.76	
3771.49	3771.49	3771.49	3771.49	3771.49	
3771.49	3766.97	3771.49	3766.97	3771.49	
3778.28	3764.71	3778.28	3764.71	3778.28	
3771.49	3766.97	3771.49	3766.97	3771.49	
3769.23	3762.44	3769.23	3762.44	3769.23	
3766.97	3764.71	3766.97	3764.71	3766.97	
3769.23	3762.44	3769.23	3762.44	3769.23	
3769.23	3760.18	3769.23	3760.18	3769.23	
3764.71	3764.71	3764.71	3764.71	3764.71	
3769.23	3764.71	3769.23	3764.71	3769.23	
3771.49	3764.71	3771.49	3764.71	3771.49	
3769.23	3773.76	3769.23	3773.76	3769.23	
3757.92	3766.97	3757.92	3766.97	3757.92	
3766.97	3766.97	3766.97	3766.97	3766.97	
3773.76	3769.23	3773.76	3769.23	3773.76	
3766.97	3766.97	3766.97	3766.97	3766.97	
3769.23	3766.97	3769.23	3766.97	3769.23	
3766.97	3769.23	3766.97	3769.23	3766.97	
3762.44	3766.97	3762.44	3766.97	3762.44	
3773.76	3773.76	3773.76	3773.76	3773.76	
3776.02	3764.71	3776.02	3764.71	3776.02	
3766.97	3769.23	3766.97	3769.23	3766.97	
3766.97	3762.44	3766.97	3762.44	3766.97	
3773.76	3769.23	3773.76	3769.23	3773.76	
3764.71	3764.71	3764.71	3764.71	3764.71	
3766.97	3769.23	3766.97	3769.23	3766.97	
3760.18	3776.02	3760.18	3776.02	3760.18	
3762.44	3766.97	3762.44	3766.97	3762.44	
3791.86	3805.43	3791.86	3805.43	3791.86	
3766.97	3771.49	3766.97	3771.49	3766.97	
3776.02	3766.97	3776.02	3766.97	3776.02	
3764.71	3764.71	3764.71	3764.71	3764.71	
3766.97	3764.71	3766.97	3764.71	3766.97	
3771.49	3766.97	3771.49	3766.97	3771.49	
3760.18	3769.23	3760.18	3769.23	3760.18	
3764.71	3773.76	3764.71	3773.76	3764.71	
3769.23	3762.44	3769.23	3762.44	3769.23	
3771.49	3764.71	3771.49	3764.71	3771.49	
3771.49	3771.49	3771.49	3771.49	3771.49	
3757.92	3764.71	3757.92	3764.71	3757.92	
3762.44	3760.18	3762.44	3760.18	3762.44	
3766.97	3762.44	3766.97	3762.44	3766.97	
3771.49	3766.97	3771.49	3766.97	3771.49	
3773.76	3769.23	3773.76	3769.23	3773.76	
3764.71	3757.92	3764.71	3757.92	3764.71	
3769.23	3760.18	3769.23	3760.18	3769.23	
3773.76	3760.18	3773.76	3760.18	3773.76	
3769.23	3769.23	3769.23	3769.23	3769.23	
3762.44	3766.97	3762.44	3766.97	3762.44	
3753.39	3757.92	3753.39	3757.92	3753.39	
3753.39	3748.87	3753.39	3748.87	3753.39	
3753.39	3751.13	3753.39	3751.13	3753.39	
3757.92	3751.13	3757.92	3751.13	3757.92	
