5470.59	5477.12	5470.59	5464.05	5470.59	
5431.37	5421.57	5431.37	5437.91	5431.37	
5428.1	5428.1	5424.84	5418.3	5418.3	
5418.3	5431.37	5418.3	5424.84	5421.57	
25895.4	25339.9	25137.3	24692.8	24183	
26173.2	25683	25281	24719	24362.7	
25960.8	25457.5	25153.6	24826.8	24212.4	
26431.4	25817	25709.2	25277.8	24585	
26248.4	25986.9	25637.3	25179.7	24457.5	
26620.9	25905.2	25634	25078.4	24562.1	
26333.3	25673.2	25483.7	25006.5	24346.4	
25967.3	25388.9	25045.8	24803.9	24094.8	
26313.7	26065.4	25781	25186.3	24617.6	
26790.8	26467.3	26107.8	25552.3	24862.7	
26735.3	26496.7	26134	25558.8	24993.5	
26915	26529.4	26130.7	25751.6	24928.1	
26669.9	26130.7	25653.6	25196.1	24588.2	
26444.4	25578.4	25418.3	25081.7	24202.6	
26692.8	25911.8	25892.2	25251.6	24748.4	
26817	26509.8	26045.8	25408.5	24964.1	
26575.2	26143.8	25983.7	25241.8	24735.3	
26238.6	25692.8	25294.1	24787.6	24219	
26271.2	25915	25617.6	24996.7	24339.9	
26911.8	26444.4	26395.4	25898.7	24977.1	
27284.3	26686.3	26313.7	25885.6	25049	
26882.4	26617.6	26183	25660.1	24964.1	
26787.6	26055.6	26006.5	25735.3	24784.3	
26212.4	25810.5	25444.4	24964.1	24274.5	
26088.2	25640.5	25104.6	24741.8	24035.9	
26735.3	26143.8	26009.8	25369.3	24679.7	
26454.2	25898.7	25781	25300.7	24663.4	
26186.3	25650.3	25258.2	25032.7	24333.3	
26558.8	25964.1	25823.5	25107.8	24493.5	
26732	25977.1	25800.7	25261.4	24428.1	
26009.8	25402	25372.5	24817	24032.7	
25460.8	24924.8	24575.2	24268	23516.3	
26117.6	25702.6	25359.5	24990.2	24156.9	
26451	25986.9	25790.8	25333.3	24604.6	
26330.1	25852.9	25379.1	25127.5	24274.5	
25934.6	25451	25241.8	24826.8	24071.9	
25836.6	25290.8	24970.6	24594.8	24000	
25977.1	25274.5	25022.9	24522.9	24078.4	
25683	24983.7	24820.3	24346.4	23777.8	
25676.5	25392.2	25130.7	24686.3	23869.3	
26098	25768	25290.8	24996.7	24477.1	
26009.8	25696.1	25241.8	24944.4	23986.9	
25676.5	25147.1	24977.1	24457.5	23898.7	
25669.9	25183	24911.8	24555.6	23712.4	
26049	25826.8	25535.9	24951	24356.2	
26346.4	25934.6	25598	25013.1	24490.2	
26287.6	25777.8	25679.7	25049	24486.9	
25879.1	25352.9	25045.8	24787.6	24000	
25402	24833.3	24568.6	24104.6	23258.2	
24192.8	23709.2	23604.6	23003.3	22500	
24310.5	23683	23549	23326.8	22526.1	
25326.8	25058.8	24555.6	24196.1	23568.6	
26114.4	25650.3	25294.1	24951	24258.2	
26575.2	25954.2	25797.4	25173.2	24637.3	
26781	26222.2	26081.7	25454.2	24617.6	
26970.6	26421.6	26156.9	25761.4	24951	
27032.7	26634	26529.4	25892.2	24954.2	
26924.8	26330.1	26039.2	25526.1	24859.5	
26624.2	26196.1	26006.5	25562.1	24957.5	
26830.1	26232	26120.9	25330.1	24758.2	
26343.1	26022.9	25598	25192.8	24451	
25712.4	25094.8	24839.9	24395.4	23725.5	
25150.3	24803.9	24277.8	24176.5	23186.3	
25817	24964.1	24954.2	24624.2	23643.8	
26532.7	26049	25594.8	25003.3	24630.7	
27035.9	26366	26035.9	25617.6	24810.5	
26741.8	26356.2	26039.2	25362.7	24660.1	
26807.2	26245.1	26166.7	25601.3	24719	
26719	26294.1	25869.3	25526.1	24656.9	
26947.7	26745.1	26196.1	25722.2	24983.7	
26954.2	26398.7	26212.4	25702.6	24908.5	
26516.3	25986.9	25719	25258.2	24692.8	
26581.7	25931.4	25869.3	25176.5	24503.3	
26699.3	26186.3	26013.1	25526.1	24960.8	
26771.2	26522.9	26232	25761.4	25179.7	
26980.4	26663.4	26258.2	25823.5	25120.9	
26977.1	26366	26245.1	25683	24882.4	
26470.6	26022.9	25745.1	25248.4	24565.4	
26055.6	25866	25454.2	25003.3	24098	
26065.4	25470.6	25245.1	24823.5	23820.3	
26124.2	25539.2	25241.8	24924.8	24258.2	
26460.8	26039.2	25650.3	25117.6	24516.3	
26251.6	25790.8	25539.2	24964.1	24451	
25754.9	25268	24843.1	24447.7	23764.7	
25598	25107.8	24823.5	24330.1	23676.5	
25199.3	24679.7	24437.9	23934.6	23228.8	
24594.8	24124.2	23911.8	23379.1	22813.7	
23212.4	22712.4	22562.1	22094.8	21683	
19921.6	19692.8	19421.6	19183	18565.4	
18839.9	18503.3	18205.9	18111.1	17451	
22892.2	22473.9	22183	21885.6	21271.2	
24882.4	24526.1	24271.2	23689.5	23205.9	
25147.1	24679.7	24418.3	23947.7	23228.8	
25395.4	24911.8	24575.2	24336.6	23591.5	
25647.1	25176.5	24741.8	24470.6	23683	
25500	24859.5	24784.3	24333.3	23745.1	
25784.3	25127.5	25068.6	24470.6	23902	
26598	26065.4	25689.5	25392.2	24624.2	
26666.7	26019.6	25928.1	25356.2	24660.1	
26366	25879.1	25634	25179.7	24486.9	
26451	25797.4	25656.9	24954.2	24415	
26421.6	25790.8	25519.6	25232	24585	
26268	25604.6	25362.7	24944.4	24307.2	
26241.8	25836.6	25437.9	24954.2	24277.8	
26503.3	26085	25908.5	25219	24578.4	
26415	25817	25656.9	25114.4	24594.8	
25545.8	24973.9	24683	24189.5	23542.5	
25627.5	25189.5	24921.6	24637.3	23823.5	
26356.2	25761.4	25483.7	24990.2	24349.7	
26196.1	25725.5	25513.1	25000	24307.2	
26290.8	25797.4	25588.2	25081.7	24258.2	
26611.1	26003.3	25826.8	25166.7	24431.4	
26382.4	25885.6	25627.5	25186.3	24565.4	
26297.4	25705.9	25294.1	24898.7	24219	
26483.7	25637.3	25437.9	24843.1	24179.7	
26202.6	25578.4	25336.6	24902	24078.4	
26035.9	25555.6	25150.3	24830.1	23977.1	
26402	25843.1	25558.8	25039.2	24268	
26300.7	25885.6	25578.4	24960.8	24281	
26264.7	25954.2	25594.8	25169.9	24248.4	
26349.7	25839.9	25415	25049	24542.5	
26268	25761.4	25686.3	25156.9	24248.4	
26248.4	25754.9	25558.8	24996.7	24388.9	
26179.7	25813.7	25454.2	25186.3	24160.1	
26098	25777.8	25460.8	25202.6	24313.7	
26199.3	25683	25281	24768	24032.7	
25869.3	25532.7	25130.7	24705.9	24153.6	
26049	25539.2	25343.1	24790.8	24101.3	
25856.2	25522.9	25101.3	24607.8	24055.6	
25594.8	25150.3	24954.2	24418.3	23768	
25075.2	24447.7	24199.3	23924.8	23179.7	
25470.6	24937.9	24745.1	24245.1	23634	
25758.2	25405.2	25058.8	24660.1	24111.1	
25535.9	25415	25052.3	24689.5	23885.6	
25702.6	25085	24908.5	24575.2	23833.3	
25663.4	25058.8	24748.4	24287.6	23751.6	
25006.5	24754.9	24379.1	24127.5	23434.6	
25673.2	25437.9	24882.4	24493.5	23977.1	
25787.6	25526.1	24928.1	24647.1	23810.5	
25732	25251.6	24784.3	24588.2	23790.8	
25813.7	25235.3	25006.5	24647.1	24000	
25764.7	25349.7	24882.4	24607.8	23803.9	
25732	25068.6	24611.1	24509.8	23699.3	
25712.4	25215.7	24915	24591.5	23898.7	
25555.6	25209.2	25068.6	24594.8	23712.4	
25601.3	25130.7	24722.2	24424.8	23660.1	
25388.9	24758.2	24856.2	24160.1	23634	
24885.6	24591.5	24124.2	23774.5	23049	
24986.9	24588.2	24202.6	23807.2	23186.3	
25349.7	24797.4	24669.9	24016.3	23490.2	
25284.3	24918.3	24585	24179.7	23607.8	
25552.3	24833.3	24817	24395.4	23771.2	
25493.5	25098	24895.4	24209.2	23630.7	
25352.9	24983.7	24601.3	24307.2	23647.1	
25405.2	24951	24800.7	24091.5	23745.1	
25192.8	24722.2	24437.9	23807.2	23385.6	
24686.3	24179.7	23725.5	23503.3	22787.6	
25225.5	24817	24402	24111.1	23486.9	
25506.5	25055.6	24875.8	24382.4	23598	
25637.3	24980.4	24725.5	24222.2	23562.1	
25493.5	24898.7	24735.3	24313.7	23624.2	
25509.8	25111.1	24843.1	24346.4	23643.8	
25526.1	25091.5	24751.6	24107.8	23715.7	
25571.9	25049	24722.2	24392.2	23650.3	
25526.1	25062.1	24725.5	24454.2	23555.6	
25464.1	25104.6	24869.3	24268	23637.3	
25323.5	24977.1	24402	24045.8	23346.4	
25156.9	24647.1	24336.6	23843.1	23379.1	
25333.3	24807.2	24500	24176.5	23369.3	
25375.8	24826.8	24650.3	24163.4	23539.2	
25493.5	24823.5	24709.2	24339.9	23437.9	
25196.1	24768	24395.4	23918.3	23166.7	
25169.9	24565.4	24303.9	23957.5	23320.3	
25356.2	24905.2	24663.4	24104.6	23535.9	
25451	24843.1	24771.2	24317	23669.9	
25156.9	24941.2	24545.8	24117.6	23467.3	
25215.7	24836.6	24441.2	24134	23421.6	
25098	24709.2	24359.5	23895.4	23222.2	
25104.6	24650.3	24336.6	23941.2	23189.5	
24562.1	24127.5	23964.1	23509.8	22866	
24951	24568.6	24147.1	23699.3	23094.8	
25330.1	24774.5	24614.4	23970.6	23317	
25281	24800.7	24732	24052.3	23411.8	
25447.7	24996.7	24764.7	24408.5	23470.6	
25303.9	24846.4	24611.1	24235.3	23457.5	
25402	24941.2	24614.4	24232	23519.6	
25650.3	25166.7	24702.6	24294.1	23666.7	
25379.1	24977.1	24754.9	24248.4	23637.3	
25529.4	25094.8	24882.4	24411.8	23653.6	
25666.7	25006.5	24663.4	24258.2	23598	
25663.4	25209.2	24774.5	24490.2	23594.8	
25591.5	25117.6	24575.2	24408.5	23571.9	
25647.1	25058.8	24957.5	24199.3	23686.3	
25660.1	25114.4	24856.2	24372.5	23660.1	
25634	25055.6	24741.8	24437.9	23689.5	
25607.8	25091.5	24839.9	24402	23712.4	
25673.2	25179.7	24872.5	24369.3	23741.8	
25653.6	25049	24862.7	24385.6	23663.4	
25424.8	25091.5	24852.9	24029.4	23496.7	
25473.9	24768	24702.6	24490.2	23447.7	
25539.2	25085	24820.3	24470.6	23745.1	
25699.3	25222.2	25026.1	24470.6	24045.8	
25879.1	25294.1	25091.5	24460.8	24009.8	
25823.5	25205.9	24931.4	24888.9	24091.5	
25862.7	25692.8	24882.4	24669.9	24147.1	
26055.6	25513.1	25268	24813.7	24107.8	
25970.6	25575.2	25303.9	24839.9	24189.5	
26189.5	25575.2	25078.4	24823.5	24091.5	
25895.4	25333.3	25222.2	24735.3	24062.1	
25627.5	25147.1	24781	24362.7	23741.8	
25937.9	25379.1	25068.6	24617.6	23986.9	
25794.1	25431.4	25196.1	24787.6	24042.5	
25905.2	25339.9	25163.4	24650.3	24166.7	
26225.5	25696.1	25611.1	24915	24277.8	
26173.2	25761.4	25402	24934.6	24323.5	
26424.8	25777.8	25552.3	25088.2	24405.2	
26326.8	26052.3	25585	25078.4	24428.1	
26336.6	25885.6	25660.1	25081.7	24434.6	
26101.3	25617.6	25405.2	24990.2	24101.3	
26225.5	25647.1	25395.4	24905.2	24088.2	
26075.2	25803.9	25372.5	24921.6	24261.4	
26320.3	25934.6	25460.8	25173.2	24601.3	
26594.8	26042.5	25895.4	25385.6	24568.6	
26604.6	26147.1	25836.6	25483.7	24673.2	
26375.8	25902	25663.4	25140.5	24451	
26634	26045.8	25732	25254.9	24473.9	
26509.8	26130.7	25964.1	25254.9	24689.5	
26771.2	26225.5	25928.1	25356.2	24689.5	
26712.4	26261.4	25833.3	25415	24725.5	
26882.4	26313.7	25928.1	25545.8	24872.5	
26797.4	26277.8	25951	25591.5	24774.5	
26676.5	26176.5	25862.7	25382.4	24696.1	
26705.9	26336.6	26091.5	25451	24862.7	
26777.8	26545.8	25983.7	25529.4	25009.8	
26856.2	26238.6	26026.1	25549	24990.2	
26888.9	26379.1	26284.3	25777.8	24931.4	
27140.5	26594.8	26418.3	25826.8	25156.9	
27153.6	26379.1	26222.2	25905.2	25143.8	
27160.1	26866	26424.8	26088.2	25235.3	
27333.3	26915	26611.1	26026.1	25317	
27245.1	26500	26369.3	25983.7	25349.7	
27493.5	26882.4	26562.1	25977.1	25251.6	
27728.8	27049	26656.9	26307.2	25601.3	
27571.9	26996.7	26934.6	26333.3	25509.8	
27578.4	27111.1	26951	26274.5	25535.9	
27372.5	26852.9	26500	26000	25362.7	
27588.2	27176.5	26774.5	26349.7	25669.9	
27928.1	27333.3	26866	26509.8	25830.1	
27777.8	27349.7	26970.6	26513.1	25918.3	
27947.7	27395.4	26774.5	26486.9	25777.8	
28124.2	27183	27042.5	26519.6	25758.2	
27683	27215.7	26810.5	26385.6	25624.2	
27535.9	26908.5	26637.3	26094.8	25421.6	
27294.1	26656.9	26395.4	25944.4	25297.4	
27696.1	27094.8	26660.1	26241.8	25522.9	
28323.5	27830.1	27349.7	26928.1	26192.8	
28620.9	27986.9	27843.1	27241.8	26392.2	
28692.8	28065.4	27676.5	27451	26519.6	
28807.2	28156.9	27885.6	27277.8	26571.9	
28846.4	28339.9	27951	27366	26728.8	
28937.9	28320.3	27977.1	27392.2	26732	
28470.6	27970.6	27506.5	27130.7	26457.5	
28754.9	28287.6	28094.8	27326.8	26712.4	
28967.3	28379.1	27941.2	27454.2	26771.2	
29022.9	28549	28225.5	27725.5	26970.6	
29245.1	28516.3	28480.4	27797.4	26951	
29457.5	28784.3	28535.9	27784.3	27140.5	
29065.4	28513.1	28411.8	27607.8	27009.8	
26127.5	25751.6	25271.2	24679.7	24199.3	
21156.9	20875.8	20509.8	20143.8	19637.3	
21470.6	21111.1	20859.5	20591.5	20006.5	
22451	21993.5	21928.1	21486.9	20800.7	
23362.7	22820.3	22634	22186.3	21611.1	
24428.1	24013.1	23725.5	23251.6	22620.9	
25803.9	25150.3	25078.4	24385.6	23803.9	
27346.4	26467.3	26320.3	25915	25026.1	
28686.3	28071.9	27787.6	27379.1	26356.2	
30333.3	29428.1	29117.6	28741.8	28183	
29872.5	29209.2	28800.7	28284.3	27562.1	
29281	28719	28339.9	27712.4	27022.9	
28483.7	27686.3	27434.6	26813.7	26127.5	
28954.2	28264.7	27967.3	27431.4	26679.7	
28764.7	28055.6	27620.9	27199.3	26281	
29575.2	29045.8	28653.6	28124.2	27382.4	
29062.1	28366	27986.9	27431.4	26696.1	
30542.5	29902	29676.5	28964.1	28127.5	
29268	28715.7	28522.9	28091.5	27225.5	
31516.3	31029.4	30719	30029.4	29205.9	
30761.4	30245.1	29738.6	29238.6	28624.2	
32003.3	31392.2	31058.8	30473.9	29388.9	
32924.8	31856.2	31748.4	31212.4	30179.7	
31794.1	31366	30803.9	30369.3	29408.5	
33967.3	33434.6	32951	32343.1	31313.7	
33866	32986.9	32620.9	32081.7	31062.1	
34444.4	33565.4	33163.4	32598	31575.2	
35970.6	35369.3	34732	34147.1	33212.4	
34679.7	34049	33529.4	33016.3	32035.9	
35241.8	34650.3	34398.7	33614.4	32709.2	
36820.3	36000	35777.8	34993.5	34009.8	
36640.5	35800.7	35300.7	34666.7	33637.3	
38052.3	37169.9	36663.4	35879.1	34892.2	
38934.6	38098	37529.4	36852.9	35934.6	
37993.5	36990.2	36460.8	35895.4	34807.2	
37921.6	37424.8	37166.7	36274.5	35398.7	
39575.2	38820.3	38303.9	37673.2	36611.1	
39973.9	39013.1	38418.3	37774.5	36663.4	
38902	37905.2	37869.3	37058.8	35915	
40601.3	39558.8	39143.8	38395.4	37199.3	
41140.5	39941.2	39591.5	38712.4	37683	
42003.3	40637.3	40271.2	39451	38323.5	
43120.9	42313.7	41663.4	40660.1	39777.8	
42611.1	41741.8	40980.4	40320.3	39055.6	
41558.8	40669.9	40124.2	39251.6	38264.7	
42245.1	41150.3	40859.5	39823.5	38777.8	
43506.5	42352.9	41911.8	41310.5	40124.2	
45140.5	44153.6	43624.2	43078.4	41509.8	
46369.3	45402	44529.4	43898.7	42571.9	
45428.1	44408.5	43741.8	43052.3	41601.3	
46807.2	45852.9	45529.4	44369.3	43042.5	
48153.6	47147.1	46712.4	45902	44268	
49415	47866	47624.2	46454.2	45228.8	
49650.3	48839.9	47911.8	47405.2	45516.3	
49179.7	47843.1	47169.9	46228.8	44732	
51062.1	50202.6	49212.4	48467.3	46683	
51290.8	50058.8	49732	48634	47098	
51852.9	50823.5	50235.3	49261.4	47585	
54888.9	53781	52650.3	51800.7	50271.2	
55699.3	54398.7	53555.6	52326.8	50954.2	
57359.5	55794.1	55183	54137.3	52284.3	
59101.3	57562.1	56908.5	55787.6	54232	
59928.1	58290.8	57803.9	56555.6	54797.4	
59483.7	58402	57660.1	56143.8	54415	
60931.4	59503.3	58898.7	57464.1	56039.2	
61839.9	60454.2	60042.5	58356.2	56630.7	
61075.2	60199.3	59215.7	57866	56029.4	
60444.4	59006.5	58120.9	57143.8	55473.9	
61366	59486.9	59130.7	58173.2	56359.5	
63934.6	62473.9	61745.1	60274.5	58359.5	
65692.8	64339.9	63588.2	62098	60202.6	
67052.3	65212.4	64408.5	62856.2	61192.8	
65859.5	64160.1	63290.8	62143.8	60349.7	
65225.5	63656.9	63104.6	61493.5	59728.8	
65094.8	63807.2	62526.1	61264.7	59627.5	
67725.5	66120.9	65330.1	63888.9	61843.1	
68748.4	67320.3	66418.3	64807.2	63062.1	
68388.9	66542.5	66006.5	64402	62526.1	
72486.9	70879.1	69735.3	68277.8	66183	
73124.2	71290.8	70529.4	69094.8	66699.3	
70529.4	68879.1	67539.2	66509.8	64346.4	
73715.7	71761.4	70856.2	69529.4	67692.8	
75568.6	73781	72676.5	71297.4	69117.6	
73287.6	71477.1	70490.2	68803.9	66719	
71712.4	69813.7	68983.7	67395.4	65317	
76300.7	75003.3	73771.2	71908.5	69937.9	
79219	77532.7	76300.7	75062.1	72529.4	
78915	77094.8	75973.9	74428.1	72264.7	
80055.6	78320.3	77241.8	75604.6	73232	
82549	80702.6	79833.3	77408.5	75428.1	
79173.2	77411.8	76496.7	74555.6	72542.5	
77745.1	76169.9	75189.5	73617.6	71297.4	
83990.2	82085	80895.4	79156.9	76944.4	
86486.9	84392.2	83137.3	81375.8	78944.4	
86748.4	84339.9	83431.4	81313.7	78852.9	
84189.5	81794.1	80715.7	79003.3	76571.9	
86663.4	84745.1	83542.5	81601.3	79062.1	
85483.7	83209.2	82196.1	80254.9	77843.1	
88457.5	86434.6	85676.5	83153.6	81104.6	
93408.5	91803.9	90078.4	88451	85500	
96320.3	94241.8	92741.8	90892.2	87581.7	
97392.2	95196.1	94245.1	92388.9	89555.6	
97153.6	95003.3	93640.5	91862.7	88885.6	
96705.9	94248.4	92856.2	90937.9	88431.4	
94160.1	92277.8	91176.5	88673.2	85859.5	
95653.6	93460.8	92202.6	90205.9	87444.4	
101033	99114.4	97261.4	95163.4	92248.4	
104232	101340	99892.2	97611.1	94761.4	
104951	102154	100575	98598	95402	
105510	102876	101673	99356.2	96107.8	
106386	104235	102683	100356	97085	
106614	104359	102958	100487	97460.8	
104650	102324	100814	98588.2	95719	
105124	102337	101072	98915	95702.6	
108791	106784	104712	102696	99114.4	
110000	106925	105712	103500	100320	
111490	108814	106837	104500	101170	
112327	109820	108379	105758	102408	
113255	110386	108588	106500	103147	
115203	112667	111078	108203	105395	
116732	113703	112098	109507	105990	
116379	113549	112183	109801	106667	
116961	114493	113010	110075	106958	
119412	116451	114843	111892	108493	
121333	118725	116686	114297	110601	
121918	118833	117536	114745	111477	
123967	120461	119124	116703	112958	
124925	121984	120670	117938	114193	
125046	122137	120546	117814	113775	
125052	121882	120337	117732	113771	
128232	125510	123343	120078	117124	
129755	126611	125186	122392	118441	
128536	125804	124108	121033	117180	
129706	126859	124588	122124	118258	
131317	127918	126539	123765	119467	
132163	128918	127562	124239	120291	
132690	129634	128105	125314	121536	
135549	132438	130206	127771	123529	
137255	133641	132059	128971	125065	
138176	134797	132405	129562	125523	
139065	135997	133758	130644	126288	
140258	137023	135141	132141	127928	
141327	137971	136301	132990	128778	
142605	139542	137487	134307	130686	
144575	140980	139049	135964	131827	
146052	141954	140487	136830	133157	
145369	141837	140252	136961	132794	
147023	143886	141549	138471	134261	
148261	145078	142539	139366	134683	
147964	143938	142242	139474	134366	
150546	146513	144634	141261	136922	
152183	148778	146840	143366	138941	
154137	150261	148134	145232	140650	
154144	151127	148572	145255	140899	
156141	151781	149961	146510	142072	
156778	152310	150340	146997	142824	
155023	151935	149389	146232	141755	
160846	156461	154389	150984	146248	
162500	158402	156572	152255	148095	
161366	157781	155297	151493	147304	
160918	157150	155124	151683	146791	
158663	154729	152918	149706	144925	
162572	158157	156186	152827	147987	
165928	161239	159918	155614	151033	
168925	165095	162660	158781	154029	
169647	165258	162912	158918	154307	
171382	167337	165310	161350	156157	
172003	168389	165575	162549	157275	
172559	168052	165474	161676	156784	
173853	169464	167265	163941	158324	
174196	169863	167350	163850	158895	
172144	167304	164951	161474	155725	
167922	164111	161987	158601	153297	
172683	169059	166369	162307	157556	
176098	172451	169928	166042	160320	
181578	176693	174667	170598	165059	
182252	178193	175248	171095	165513	
182471	178644	175618	171497	165578	
182820	177990	175833	172010	166562	
183984	180167	177160	173131	167598	
184912	180667	178105	173719	168337	
180817	176353	174369	169964	164111	
170294	166033	163722	159690	155016	
166830	162908	161167	156892	152539	
160775	156503	154444	151239	145886	
165013	160971	159052	155634	150288	
161977	158222	156366	152438	147389	
152552	149343	146621	143761	139366	
155735	151918	150033	146395	141533	
158899	155408	153131	149232	144356	
146853	143206	141487	138196	133389	
169467	165350	163088	159203	153846	
169676	165435	162922	159366	154180	
165216	161435	159242	155435	150422	
162222	159085	156137	152837	147853	
145033	141261	139134	136225	131598	
133601	130464	128477	125621	121493	
169402	165046	162497	158696	153124	
177402	173121	170706	166830	161281	
153069	148895	147219	143732	138559	
151729	148235	146056	142480	137637	
165670	161618	160141	155755	150559	
172595	168386	165866	162627	156415	
169954	165542	163356	159069	154255	
166644	162637	160425	156346	151471	
154892	151082	148592	145239	140984	
175739	171641	169265	165471	159111	
171425	167366	164876	160775	155686	
171052	166912	164739	160827	155611	
190173	185284	183170	179013	173056	
201013	195797	192693	188565	182088	
213232	208376	205020	200817	194330	
225895	220199	217307	212686	205507	
230745	225876	221663	217105	210167	
222588	217350	214379	209575	202856	
222088	217134	213085	208961	202029	
228592	223199	219768	214673	208007	
236291	231039	227699	222180	215229	
233742	229075	225840	219807	212824	
222059	216480	213735	208699	202108	
235686	229033	226363	221399	214141	
225980	220899	217912	212895	205712	
231683	226065	223373	218003	211314	
240062	233761	231314	225768	218686	
219477	214676	211608	206605	200320	
195438	190775	188235	183899	177565	
183621	179673	176765	172703	166912	
208735	204533	201252	196461	189778	
233987	227709	224765	220582	212876	
213092	208134	205219	199922	193964	
212216	207098	204114	199814	193199	
217278	211882	208627	204572	198039	
213340	208232	205618	200928	194310	
223016	217222	215444	210118	202699	
236801	230631	228065	223157	215082	
241585	235663	232765	227183	219938	
235908	230464	226516	221405	213954	
200807	195431	192833	188222	182062	
215725	210098	207693	202304	195938	
250438	245157	241768	236212	228291	
240644	234673	231775	226026	218471	
250147	245029	241546	235657	228114	
249150	243578	240275	234111	226490	
241922	236275	233500	227644	219941	
240794	234480	231438	226706	218373	
218788	214203	211033	206127	199078	
255627	249373	245667	240118	232196	
272186	265369	261516	256209	247944	
263784	257291	254735	248493	240056	
272601	266320	262402	256065	248271	
250637	244771	241209	235941	228036	
252379	247216	242876	237284	229944	
220373	215366	212013	207059	200366	
218307	213108	210908	205310	198239	
258000	251490	249101	242699	234170	
272605	265859	262235	255859	247814	
274905	268137	265333	259343	250510	
294392	286444	283271	276663	267637	
299255	291592	287778	281801	271729	
270817	264526	260761	254507	245856	
260425	253670	251552	245105	236536	
238843	233582	230248	224379	217131	
246399	239918	237647	231216	223310	
262539	255801	253065	246797	238471	
275095	267775	265373	258670	250183	
303922	296317	292843	286222	276484	
311480	304373	300327	292013	283373	
295033	288042	283742	277261	267814	
294425	288013	284572	277356	268261	
265516	260278	256235	250160	241614	
277683	270869	268056	260673	251951	
307232	300124	296686	288618	279425	
307199	300157	295977	288801	279529	
283810	277500	273873	266765	258598	
288458	281608	277912	271075	262327	
299435	292595	288526	282186	271863	
318369	310905	306980	299716	289095	
314781	307092	302408	295791	285709	
299627	293314	289062	281242	273101	
300944	294078	290948	283634	273350	
327382	320412	316569	309301	298680	
345925	337840	333971	325918	315484	
348131	339327	335833	327902	316837	
348271	339964	336127	328399	317333	
336578	328856	324261	316781	306356	
349716	341778	337712	329418	318324	
355513	347320	343435	334513	323882	
353157	345660	340794	333183	322232	
346023	337458	333376	325438	314608	
351173	343395	338794	330856	320052	
365163	356637	352422	343732	332781	
379376	371490	367451	359422	346775	
385065	376324	371065	363092	350990	
385474	376278	371366	363833	350895	
387304	378314	373320	364134	352049	
370029	361719	357781	348928	337033	
378709	370307	366412	357516	345516	
383850	375248	370170	361788	349614	
373203	363474	359526	350284	338412	
370840	362389	356814	349516	337000	
382294	373098	368817	360170	348271	
382709	374529	369856	360899	348859	
383056	374797	370725	361402	349154	
378359	370647	366007	357258	345291	
388895	379624	375493	366703	354412	
389657	380654	375814	367268	355523	
383376	373886	369245	360324	348033	
386003	377539	372376	363732	352235	
387781	380229	374507	365624	352778	
395644	387062	381827	372425	360641	
403856	394078	390644	380428	367487	
393948	385114	379676	370873	359007	
404667	396971	392157	382425	369167	
412856	403438	398111	388510	376346	
417085	407837	402042	393752	380487	
420448	411196	405752	396729	383431	
422487	411663	406647	397592	383784	
423056	413804	408444	398085	385310	
430127	420327	415859	405611	392696	
422245	412415	407984	398082	384876	
412310	403810	397536	388778	376134	
417680	409092	403559	394431	381415	
415127	406333	401131	391804	378314	
414676	404592	401033	391742	377784	
409389	400373	395987	385497	372621	
415471	405892	401225	390840	377866	
424755	415471	410333	400997	387010	
427879	418487	413533	403631	390536	
431464	421964	415859	406964	393644	
432474	423163	417745	408105	394690	
442033	432072	427373	416997	403431	
438533	428781	423765	413647	399997	
443690	433912	429114	418712	404735	
454438	444056	438810	428840	413569	
452670	442327	436716	427278	412784	
448356	439768	434092	424373	409954	
452539	441889	436961	427059	412771	
439327	430046	424912	414703	401245	
439529	429941	424961	414582	401869	
458817	447971	443562	432824	418108	
453490	443297	437732	427186	412752	
446644	436784	431618	420961	406690	
460948	451608	445176	434879	420647	
463637	452889	448696	438284	423601	
466163	456856	450209	439359	425444	
455193	444899	439516	429418	415085	
451412	440507	434958	426020	410863	
462569	452248	445971	436686	421490	
471696	461673	455794	444915	430637	
477183	466369	460993	450905	435046	
479196	468673	462742	452595	437618	
477003	466261	461810	450474	435582	
482915	471869	465431	455219	440330	
486013	475072	468474	458317	442931	
486157	475333	468948	458317	443931	
489317	478157	472520	461507	446980	
490382	480078	475284	463693	447775	
483529	472137	466859	457101	442382	
486644	476072	469225	458768	444618	
489850	477471	472353	462706	446046	
479987	469536	463797	453343	437644	
482101	471023	465778	455225	439964	
490520	479889	474176	462412	447337	
495761	485516	478804	467464	453016	
499157	489748	482503	471693	456229	
502771	491219	485552	474624	458330	
502693	491990	484990	474663	459363	
504618	494333	487219	477196	460131	
506105	494971	488435	477222	461892	
506458	495507	489402	477588	461938	
503634	492595	486023	475461	459127	
491673	479912	474922	463748	447755	
499935	488964	483255	472013	456605	
508428	496905	491752	479840	463448	
509654	498634	492765	481788	466160	
511284	500905	494082	482967	466719	
513608	502193	497448	485216	469082	
513745	502225	497137	484418	468680	
511373	499601	494758	482513	467415	
513180	501667	495657	484493	467794	
511928	500467	495003	483588	467817	
513582	502886	496676	485454	469092	
517507	506157	499801	488154	472075	
518523	506088	501337	488507	472732	
516088	504951	498497	487082	470663	
519614	507918	502582	490614	474474	
522422	511095	505395	494294	477624	
522997	512075	506422	493830	477866	
525500	513810	507621	495275	479448	
524023	512768	505993	494882	478467	
516222	505134	499735	487863	471513	
518402	507814	501474	489775	473755	
502748	491814	486565	475582	459402	
508167	497033	491078	479507	463706	
519278	508193	502170	490454	473503	
522706	510454	505386	493886	477386	
525748	514578	508278	497451	480510	
529928	517105	511245	499095	482984	
529712	517915	512474	500366	483405	
527363	515536	509729	498539	481637	
522438	511882	505186	494190	477513	
526833	515451	509373	497386	481859	
520209	508944	504176	492366	476405	
505216	494225	489186	477980	462118	
522797	511016	504706	493196	477088	
527101	516304	510186	498046	482039	
530036	518487	512654	500229	484631	
534369	522637	516549	504817	487987	
535928	524425	518797	505922	490536	
535889	523820	518317	506703	489817	
528176	517565	511294	500222	483124	
526477	514703	508294	497199	479781	
524977	513108	507389	495075	478020	
533340	521258	515085	502788	486739	
536768	525088	518513	507258	489755	
535611	524663	518650	506389	489794	
525039	513297	508337	495706	479961	
533000	520856	515771	503529	487036	
539127	527023	520474	509173	491768	
541993	530719	524042	512863	495971	
544036	532444	525781	514085	496516	
545425	534105	526588	514265	497317	
544137	532879	527386	514771	498150	
544709	532461	527016	514415	497850	
546448	534353	526925	515810	498281	
543562	532154	525121	513644	496765	
539229	525938	520899	509242	492235	
540709	528742	522333	510895	493918	
546235	533095	527408	514892	498637	
545507	534330	528154	516444	498869	
546092	534866	528412	515719	498699	
542680	530938	525376	513451	496078	
532987	520680	515552	503255	486291	
540196	528444	521261	510467	492399	
540333	527670	523075	510418	493386	
540196	529118	521758	510392	493088	
543575	531993	526536	513902	496454	
543987	533137	526931	514261	497049	
545395	532941	527833	515526	497990	
544670	532905	527049	514542	498121	
539539	528369	521314	509928	492516	
534029	522402	516029	504075	487095	
541605	529500	523127	511513	494271	
542173	530886	524990	512020	494742	
534725	523284	515944	504794	488549	
540990	528931	523784	511775	493837	
545458	533804	527644	515899	498078	
545392	533422	527618	515516	498026	
545363	534036	527641	515180	498448	
544905	533232	527575	515144	497160	
537765	526219	520056	507729	491261	
530876	520611	514513	502350	486046	
522284	510327	504693	492817	476892	
530176	518029	513458	501634	484915	
533611	522212	516144	504618	487693	
535474	523958	517859	506500	489356	
524056	512350	506683	494703	478467	
431889	421042	416529	406752	392542	
299886	293206	289261	282840	272712	
230925	225294	222618	216810	209141	
199033	194817	192703	187477	179961	
158284	154673	152565	149255	143314	
124467	121095	120206	117118	111856	
103614	101046	99771.2	97189.5	93343.1	
90437.9	88395.4	87137.3	85369.3	82385.6	
87068.6	85045.8	83725.5	81817	78960.8	
87428.1	85209.2	83617.6	82098	78983.7	
96921.6	94656.9	93470.6	90921.6	87807.2	
107971	105556	104275	101922	97800.7	
131703	128830	126804	123356	119206	
160775	156624	155127	150987	145379	
201310	196147	194163	188850	181520	
246840	241150	237817	232127	223748	
363180	354971	349405	341853	329497	
397333	388611	382814	373869	361075	
333605	324850	320824	313621	302382	
315193	307284	303631	296337	286046	
244340	238853	235598	230010	221291	
262000	255111	252480	245824	236768	
227650	222268	220026	214676	206814	
202899	197415	195343	190546	182791	
250304	243549	241180	234578	226291	
192225	187843	185768	180516	173918	
225644	220386	218497	212229	204190	
253866	248124	244990	238748	229598	
195346	191042	188876	183892	177507	
263144	255572	253268	246889	237977	
274931	268386	265575	258588	248330	
215853	210938	208092	202856	195490	
295418	288013	284451	278353	267183	
312366	305892	301761	295242	283837	
244886	239268	236693	230092	221886	
319788	312435	308376	300830	290023	
363654	355987	350556	342935	330624	
288503	281520	278422	271706	261663	
329500	322042	318314	309154	299578	
407791	398912	394176	385039	370418	
354526	346036	342487	333781	322395	
334137	326938	322866	315029	303810	
414124	404477	399435	389346	377431	
416611	407229	403327	392830	378837	
354565	346578	341993	333105	321984	
398392	389676	385170	375739	361876	
460667	449980	445297	434569	420212	
424088	415173	408709	399820	386078	
399209	389493	384232	375618	362575	
464252	453967	448546	437196	422592	
493013	482275	476513	465797	450363	
459853	449399	444317	433954	418814	
451817	442108	436278	427258	410631	
500003	488912	483843	472144	456778	
518621	508363	502951	490703	474817	
495297	485307	478588	467569	452042	
485441	474618	469056	457667	442405	
513399	502582	495997	485118	468072	
520624	508716	503624	491827	475546	
513922	502176	496647	485931	468497	
503294	492114	487160	474618	458395	
525069	513611	506680	496990	478601	
535003	523428	518088	505245	488614	
528438	516493	510611	499007	482611	
510337	500392	494663	482569	466186	
510644	500601	494791	482833	466141	
524268	512448	507784	495588	479059	
534317	521343	516428	504507	487788	
527033	515908	509513	498124	481794	
526448	514951	508399	496745	480716	
519846	508095	503095	491376	474252	
530288	518846	513516	501389	485297	
539752	528725	522565	510755	493101	
540784	527869	522925	510569	493196	
543212	530935	526183	513056	496654	
547069	535327	529314	517938	500631	
549049	536458	531513	518843	501441	
544938	532353	527739	515255	497758	
532654	522882	516833	504154	487614	
534016	523003	516510	505157	487428	
531363	519320	513690	501859	484830	
522386	511013	506556	494088	477915	
531814	520379	514614	501422	485157	
536542	525252	519203	507820	490193	
537536	525624	519660	507549	490186	
537974	526592	521408	508448	491199	
535464	523549	517203	505160	488258	
535422	523232	518526	505791	488526	
538935	526248	520693	508225	491902	
534569	523582	517268	505167	487513	
533399	521510	516072	504507	486408	
539686	527683	523252	510229	492660	
541016	529712	524147	512134	494696	
540461	529284	523324	512069	493206	
542765	529951	524284	512284	495363	
544850	533216	527147	515801	498288	
546399	535895	529467	516931	499850	
547382	535056	530039	517931	501239	
547644	536624	530778	517539	499569	
541497	529974	524729	513418	495235	
533020	521801	516294	504549	487454	
538621	527850	521846	510114	493229	
539683	527569	521399	510271	492441	
530513	518775	513310	501559	485278	
519752	508889	502265	490343	474539	
529771	517533	512098	500124	483474	
534333	522928	516330	505634	488278	
538225	527650	522029	509435	491843	
539203	526771	521376	508931	492418	
539971	528559	522199	510382	493402	
540974	529167	523627	510641	494324	
538693	526830	520993	508627	491899	
537176	525582	520686	507810	490853	
540542	527748	521882	509997	494075	
541366	530010	524480	512010	495686	
542817	531013	525928	513663	495212	
544170	532912	526667	515098	497359	
545693	533327	527948	516183	498634	
546794	534242	527928	516356	499314	
540507	529941	522951	511127	494582	
536464	525291	518644	506529	490163	
533072	521193	515912	503614	488239	
533180	520948	516539	503941	486680	
538814	526850	521418	509163	493069	
539984	528346	522190	511624	493131	
529807	516752	511663	500124	483317	
526993	516667	510549	498536	481712	
536209	524758	518931	506889	490252	
539824	527745	521029	510425	492804	
540225	527088	522768	510013	492709	
537395	525621	520229	508386	490755	
528219	517559	511559	499716	482448	
532160	519974	514768	502925	485657	
535379	523709	518353	506327	489523	
537987	525663	519268	507846	490794	
538333	526523	519905	508147	490565	
535464	524144	518663	506098	488444	
527078	515778	510127	498451	481340	
527108	514725	508637	496781	480670	
526993	515095	509046	497964	480229	
532641	520219	514219	502693	486046	
534775	522533	517337	506163	489598	
537163	526127	519536	507775	490964	
537301	525082	518624	507458	490784	
531915	519886	513752	502111	484951	
533739	521565	515725	504075	486549	
530386	518575	512438	500157	483415	
530755	519183	513359	501977	485062	
534167	522366	516010	504647	488275	
534788	523794	519098	506425	489471	
536899	525592	519193	507324	489673	
536938	524010	518425	506657	489967	
536180	523958	517503	506493	489026	
535941	523186	517399	505062	488248	
534742	522915	516961	505647	488003	
534797	523294	517056	504598	488775	
534114	522784	517324	504905	488343	
532712	520513	516343	503925	487288	
533850	521873	515709	504199	486804	
532788	521369	516232	504497	487585	
524742	513964	508435	496529	479049	
515036	504454	497781	486644	470219	
521650	510454	504562	492464	476333	
518425	506392	500078	489552	472435	
520533	509641	503935	492389	474925	
527007	514961	509856	497631	480722	
529941	517353	511784	499824	484088	
531105	520092	514016	502850	485281	
531592	519941	513333	502111	484882	
530556	519755	513513	502444	484902	
530902	519552	513310	501288	484497	
531974	520441	513928	502510	485683	
529343	518278	511712	501013	483095	
523275	511961	506696	494572	477480	
525275	514539	508853	497585	479516	
526408	515049	508886	497275	481056	
522797	510791	505673	493670	477294	
522199	509539	504477	492935	475565	
525258	514163	507879	496428	479458	
525742	514203	508660	496974	481075	
525582	513392	507755	496958	479062	
523807	512634	507078	495163	478340	
522958	511092	506190	494448	476817	
520373	508265	503088	491173	474402	
517118	506196	500676	488722	471386	
520699	509418	503739	491310	475529	
520771	508964	502480	491186	474915	
516281	504023	499307	487725	471444	
517549	506258	501072	489085	471458	
517520	505448	499343	489095	473327	
515160	505108	499908	486948	470771	
505235	494359	489706	477399	462415	
505683	494993	489092	478216	461533	
510484	498376	493693	481405	464578	
504219	493739	486846	475582	460016	
503660	493562	487049	476484	459363	
509216	498618	493173	481899	466013	
509938	498634	493503	482856	465046	
506000	494873	489402	478690	462069	
506036	495644	489977	478301	462098	
507578	497023	490160	478961	462618	
506317	494474	489131	477196	460755	
500650	488627	482542	471183	455709	
497412	485618	480771	468523	452575	
487036	476359	472033	460572	444252	
483572	472265	466948	456324	441013	
499379	488431	483105	472216	454781	
504716	494529	488614	477484	461503	
495569	484533	479082	467454	451621	
485327	474471	468735	457993	441552	
493601	481644	477078	465719	449627	
503846	494078	488183	476007	459546	
508533	497118	490595	479608	463101	
497846	486703	481209	470275	454739	
484944	474108	468601	458379	441915	
490660	479510	473539	463386	446755	
492451	481471	475618	465422	449513	
495556	484487	478461	467232	451487	
493618	482745	477330	465850	451114	
485209	474791	469833	458458	442003	
477346	466964	461039	450859	435507	
480908	470147	464951	454405	439650	
478529	468480	462967	450912	435467	
487245	477029	471314	460480	445232	
485353	474474	468265	457333	442118	
486056	474065	469510	458624	442748	
492134	480987	476356	464804	448441	
483863	473444	468353	456958	441242	
477340	466863	461020	451441	434987	
477915	467258	461879	451392	435922	
473252	463422	457582	447569	431585	
482493	473327	467729	456265	440412	
490196	480454	473840	462768	447069	
480461	469699	464951	452797	438533	
476183	466562	461627	450712	434794	
485212	475039	468706	458735	442154	
485095	473993	469020	458291	442206	
483562	473598	467281	456480	441418	
478222	468016	462163	451147	436598	
472098	462023	457497	446095	431359	
473154	462386	456827	445706	431451	
479755	470320	463948	452840	437859	
484003	474150	467458	457108	441977	
480722	469922	465261	453725	438928	
482794	472359	467284	456085	440722	
483634	473477	467294	456297	440971	
484824	473366	469346	458402	441827	
484559	473758	468144	457183	441549	
475333	464536	459608	448866	433814	
466379	456209	451820	440778	426082	
457974	447471	441817	432052	417042	
451781	441758	436644	426552	411889	
450716	440794	435899	424627	410111	
462961	451768	447892	436536	420863	
471869	461092	457141	444748	430444	
467565	457278	452239	441108	426255	
468699	457761	452627	441889	426817	
467389	457232	451369	441562	425879	
469663	458768	453258	443176	427183	
473908	463513	457353	447173	432121	
473575	463124	458072	446644	432621	
475487	465402	459892	449660	433500	
477735	466448	461758	450614	435673	
476085	464971	458899	448605	432843	
473190	462255	458307	446788	431784	
476944	466353	461222	450010	434905	
471912	460922	454990	444928	429444	
467147	457781	452239	441007	426212	
466121	456931	451389	440578	425507	
467000	456438	451654	441023	425428	
470261	460693	455458	445000	429471	
469033	458278	453931	442810	428333	
469533	458546	453954	443817	428173	
466382	456448	450850	440516	425634	
463667	452683	447755	437232	423101	
465098	455095	449327	438788	423899	
453984	443895	438157	429258	412824	
436477	426660	421108	411631	397850	
437889	428196	422657	412683	398363	
447954	438310	434020	422562	408212	
448605	438634	434788	423833	409056	
448408	439317	434275	424297	408977	
439977	430582	426425	415925	402108	
423804	414797	409176	400098	385739	
434392	425771	420422	409938	396895	
436578	426062	421768	411719	396817	
426141	416395	411199	400729	388059	
413683	404497	399147	390219	376180	
418804	408627	403912	394049	381033	
419928	410324	405810	396363	382729	
416379	407288	400938	391654	378663	
414458	405134	400683	391209	377670	
407252	397245	392634	383507	371029	
399350	390533	386003	377575	363735	
390967	382497	377575	367699	354657	
385837	376755	372578	364013	351317	
381650	372621	367935	359850	346984	
371291	361520	356807	348418	337020	
365948	356882	352778	344546	332827	
371052	362552	358134	348980	336964	
370520	362016	358042	349536	337255	
365608	357925	353461	345010	333039	
358190	350366	345856	336856	325837	
353572	344824	340886	332915	321810	
353516	345252	340647	332556	321484	
350546	342340	337869	330010	318873	
344850	337503	332895	325493	313853	
338552	330899	326654	319350	308386	
329042	322078	317974	310268	300183	
321922	314552	310441	302676	293069	
313343	305846	301918	295212	284908	
5486.93	5496.73	5496.73	5493.46	5483.66	
5447.71	5441.18	5447.71	5450.98	5444.44	
5431.37	5441.18	5437.91	5434.64	5418.3	
5441.18	5431.37	5428.1	5424.84	5437.91	
