3726.06	3728.29	3726.06	3728.29	3726.06	
3701.56	3701.56	3701.56	3701.56	3701.56	
3685.97	3692.65	3685.97	3692.65	3685.97	
3683.74	3694.88	3683.74	3694.88	3683.74	
3703.79	3701.56	3703.79	3701.56	3703.79	
3710.47	3706.01	3710.47	3706.01	3710.47	
3706.01	3703.79	3706.01	3703.79	3706.01	
3710.47	3712.69	3710.47	3712.69	3710.47	
3714.92	3717.15	3714.92	3717.15	3714.92	
3712.69	3710.47	3712.69	3710.47	3712.69	
3717.15	3717.15	3717.15	3717.15	3717.15	
3717.15	3710.47	3717.15	3710.47	3717.15	
3703.79	3717.15	3703.79	3717.15	3703.79	
3699.33	3703.79	3699.33	3703.79	3699.33	
3714.92	3714.92	3714.92	3714.92	3714.92	
3697.1	3714.92	3697.1	3714.92	3697.1	
3708.24	3712.69	3708.24	3712.69	3708.24	
3721.6	3721.6	3721.6	3721.6	3721.6	
3710.47	3712.69	3710.47	3712.69	3710.47	
3717.15	3706.01	3717.15	3706.01	3717.15	
3708.24	3708.24	3708.24	3708.24	3708.24	
3714.92	3712.69	3714.92	3712.69	3714.92	
3712.69	3706.01	3712.69	3706.01	3712.69	
3710.47	3710.47	3710.47	3710.47	3710.47	
3721.6	3710.47	3721.6	3710.47	3721.6	
3714.92	3721.6	3714.92	3721.6	3714.92	
3717.15	3706.01	3717.15	3706.01	3717.15	
3721.6	3719.38	3721.6	3719.38	3721.6	
3726.06	3717.15	3726.06	3717.15	3726.06	
3719.38	3719.38	3719.38	3719.38	3719.38	
3728.29	3721.6	3728.29	3721.6	3728.29	
3710.47	3710.47	3710.47	3710.47	3710.47	
3714.92	3719.38	3714.92	3719.38	3714.92	
3721.6	3708.24	3721.6	3708.24	3721.6	
3719.38	3712.69	3719.38	3712.69	3719.38	
3717.15	3726.06	3717.15	3726.06	3717.15	
3719.38	3710.47	3719.38	3710.47	3719.38	
3719.38	3712.69	3719.38	3712.69	3719.38	
3728.29	3712.69	3728.29	3712.69	3728.29	
3721.6	3728.29	3721.6	3728.29	3721.6	
3717.15	3710.47	3717.15	3710.47	3717.15	
3719.38	3710.47	3719.38	3710.47	3719.38	
3710.47	3721.6	3710.47	3721.6	3710.47	
3710.47	3712.69	3710.47	3712.69	3710.47	
3714.92	3717.15	3714.92	3717.15	3714.92	
3719.38	3712.69	3719.38	3712.69	3719.38	
3712.69	3723.83	3712.69	3723.83	3712.69	
3714.92	3717.15	3714.92	3717.15	3714.92	
3708.24	3721.6	3708.24	3721.6	3708.24	
3723.83	3723.83	3723.83	3723.83	3723.83	
3719.38	3717.15	3719.38	3717.15	3719.38	
3714.92	3721.6	3714.92	3721.6	3714.92	
3717.15	3719.38	3717.15	3719.38	3717.15	
3714.92	3721.6	3714.92	3721.6	3714.92	
3708.24	3710.47	3708.24	3710.47	3708.24	
3717.15	3710.47	3717.15	3710.47	3717.15	
3710.47	3726.06	3710.47	3726.06	3710.47	
3708.24	3708.24	3708.24	3708.24	3708.24	
3714.92	3719.38	3714.92	3719.38	3714.92	
3719.38	3714.92	3719.38	3714.92	3719.38	
3717.15	3721.6	3717.15	3721.6	3717.15	
3719.38	3721.6	3719.38	3721.6	3719.38	
3708.24	3717.15	3708.24	3717.15	3708.24	
3723.83	3710.47	3723.83	3710.47	3723.83	
3710.47	3719.38	3710.47	3719.38	3710.47	
3721.6	3730.51	3721.6	3730.51	3721.6	
3712.69	3721.6	3712.69	3721.6	3712.69	
3721.6	3719.38	3721.6	3719.38	3721.6	
3717.15	3714.92	3717.15	3714.92	3717.15	
3721.6	3714.92	3721.6	3714.92	3721.6	
3708.24	3714.92	3708.24	3714.92	3708.24	
3714.92	3723.83	3714.92	3723.83	3714.92	
3719.38	3728.29	3719.38	3728.29	3719.38	
3714.92	3717.15	3714.92	3717.15	3714.92	
3721.6	3710.47	3721.6	3710.47	3721.6	
3717.15	3717.15	3717.15	3717.15	3717.15	
3710.47	3726.06	3710.47	3726.06	3710.47	
3728.29	3717.15	3728.29	3717.15	3728.29	
3714.92	3726.06	3714.92	3726.06	3714.92	
3721.6	3728.29	3721.6	3728.29	3721.6	
3701.56	3719.38	3701.56	3719.38	3701.56	
3717.15	3717.15	3717.15	3717.15	3717.15	
3712.69	3712.69	3712.69	3712.69	3712.69	
3714.92	3721.6	3714.92	3721.6	3714.92	
3719.38	3708.24	3719.38	3708.24	3719.38	
3723.83	3712.69	3723.83	3712.69	3723.83	
3723.83	3717.15	3723.83	3717.15	3723.83	
3712.69	3712.69	3712.69	3712.69	3712.69	
3717.15	3708.24	3717.15	3708.24	3717.15	
3714.92	3714.92	3714.92	3714.92	3714.92	
3717.15	3714.92	3717.15	3714.92	3717.15	
3714.92	3717.15	3714.92	3717.15	3714.92	
3712.69	3717.15	3712.69	3717.15	3712.69	
3719.38	3723.83	3719.38	3723.83	3719.38	
3719.38	3719.38	3719.38	3719.38	3719.38	
3719.38	3714.92	3719.38	3714.92	3719.38	
3710.47	3710.47	3710.47	3710.47	3710.47	
3719.38	3717.15	3719.38	3717.15	3719.38	
3714.92	3721.6	3714.92	3721.6	3714.92	
3712.69	3714.92	3712.69	3714.92	3712.69	
3710.47	3703.79	3710.47	3703.79	3710.47	
3714.92	3719.38	3714.92	3719.38	3714.92	
3728.29	3708.24	3728.29	3708.24	3728.29	
3717.15	3706.01	3717.15	3706.01	3717.15	
3737.19	3726.06	3737.19	3726.06	3737.19	
3714.92	3717.15	3714.92	3717.15	3714.92	
3721.6	3712.69	3721.6	3712.69	3721.6	
3717.15	3712.69	3717.15	3712.69	3717.15	
3723.83	3721.6	3723.83	3721.6	3723.83	
3717.15	3717.15	3717.15	3717.15	3717.15	
3714.92	3728.29	3714.92	3728.29	3714.92	
3712.69	3714.92	3712.69	3714.92	3712.69	
3708.24	3717.15	3708.24	3717.15	3708.24	
3712.69	3723.83	3712.69	3723.83	3712.69	
3708.24	3721.6	3708.24	3721.6	3708.24	
3717.15	3719.38	3717.15	3719.38	3717.15	
3706.01	3717.15	3706.01	3717.15	3706.01	
3714.92	3714.92	3714.92	3714.92	3714.92	
3719.38	3717.15	3719.38	3717.15	3719.38	
3726.06	3723.83	3726.06	3723.83	3726.06	
3699.33	3710.47	3699.33	3710.47	3699.33	
3710.47	3708.24	3710.47	3708.24	3710.47	
3708.24	3710.47	3708.24	3710.47	3708.24	
3717.15	3728.29	3717.15	3728.29	3717.15	
3712.69	3717.15	3712.69	3717.15	3712.69	
3714.92	3719.38	3714.92	3719.38	3714.92	
3703.79	3714.92	3703.79	3714.92	3703.79	
3706.01	3712.69	3706.01	3712.69	3706.01	
3714.92	3710.47	3714.92	3710.47	3714.92	
3717.15	3706.01	3717.15	3706.01	3717.15	
3714.92	3719.38	3714.92	3719.38	3714.92	
3710.47	3714.92	3710.47	3714.92	3710.47	
3719.38	3719.38	3719.38	3719.38	3719.38	
3712.69	3717.15	3712.69	3717.15	3712.69	
3726.06	3717.15	3726.06	3717.15	3726.06	
3712.69	3717.15	3712.69	3717.15	3712.69	
3708.24	3721.6	3708.24	3721.6	3708.24	
3719.38	3712.69	3719.38	3712.69	3719.38	
3721.6	3708.24	3721.6	3708.24	3721.6	
3717.15	3714.92	3717.15	3714.92	3717.15	
3719.38	3717.15	3719.38	3717.15	3719.38	
3710.47	3708.24	3710.47	3708.24	3710.47	
3706.01	3719.38	3706.01	3719.38	3706.01	
3719.38	3706.01	3719.38	3706.01	3719.38	
3723.83	3714.92	3723.83	3714.92	3723.83	
3714.92	3712.69	3714.92	3712.69	3714.92	
3723.83	3710.47	3723.83	3710.47	3723.83	
3717.15	3714.92	3717.15	3714.92	3717.15	
3706.01	3723.83	3706.01	3723.83	3706.01	
3710.47	3717.15	3710.47	3717.15	3710.47	
3717.15	3721.6	3717.15	3721.6	3717.15	
3717.15	3719.38	3717.15	3719.38	3717.15	
3714.92	3721.6	3714.92	3721.6	3714.92	
3721.6	3708.24	3721.6	3708.24	3721.6	
3710.47	3710.47	3710.47	3710.47	3710.47	
3723.83	3726.06	3723.83	3726.06	3723.83	
3712.69	3717.15	3712.69	3717.15	3712.69	
3708.24	3708.24	3708.24	3708.24	3708.24	
3719.38	3708.24	3719.38	3708.24	3719.38	
3708.24	3708.24	3708.24	3708.24	3708.24	
3714.92	3717.15	3714.92	3717.15	3714.92	
3719.38	3719.38	3719.38	3719.38	3719.38	
3710.47	3721.6	3710.47	3721.6	3710.47	
3710.47	3719.38	3710.47	3719.38	3710.47	
3723.83	3719.38	3723.83	3719.38	3723.83	
3717.15	3708.24	3717.15	3708.24	3717.15	
3714.92	3717.15	3714.92	3717.15	3714.92	
3710.47	3712.69	3710.47	3712.69	3710.47	
3717.15	3712.69	3717.15	3712.69	3717.15	
3714.92	3714.92	3714.92	3714.92	3714.92	
3710.47	3721.6	3710.47	3721.6	3710.47	
3719.38	3714.92	3719.38	3714.92	3719.38	
3717.15	3710.47	3717.15	3710.47	3717.15	
3710.47	3712.69	3710.47	3712.69	3710.47	
3717.15	3712.69	3717.15	3712.69	3717.15	
3712.69	3721.6	3712.69	3721.6	3712.69	
3708.24	3712.69	3708.24	3712.69	3708.24	
3726.06	3712.69	3726.06	3712.69	3726.06	
3717.15	3706.01	3717.15	3706.01	3717.15	
3703.79	3706.01	3703.79	3706.01	3703.79	
3721.6	3714.92	3721.6	3714.92	3721.6	
3717.15	3719.38	3717.15	3719.38	3717.15	
3719.38	3708.24	3719.38	3708.24	3719.38	
3714.92	3706.01	3714.92	3706.01	3714.92	
3708.24	3712.69	3708.24	3712.69	3708.24	
3719.38	3719.38	3719.38	3719.38	3719.38	
3703.79	3721.6	3703.79	3721.6	3703.79	
3721.6	3710.47	3721.6	3710.47	3721.6	
3712.69	3717.15	3712.69	3717.15	3712.69	
3706.01	3717.15	3706.01	3717.15	3706.01	
3712.69	3719.38	3712.69	3719.38	3712.69	
3714.92	3719.38	3714.92	3719.38	3714.92	
3717.15	3719.38	3717.15	3719.38	3717.15	
3714.92	3710.47	3714.92	3710.47	3714.92	
3706.01	3714.92	3706.01	3714.92	3706.01	
3708.24	3701.56	3708.24	3701.56	3708.24	
3719.38	3712.69	3719.38	3712.69	3719.38	
3706.01	3714.92	3706.01	3714.92	3706.01	
3726.06	3708.24	3726.06	3708.24	3726.06	
3701.56	3710.47	3701.56	3710.47	3701.56	
3719.38	3714.92	3719.38	3714.92	3719.38	
3708.24	3714.92	3708.24	3714.92	3708.24	
3710.47	3717.15	3710.47	3717.15	3710.47	
3730.51	3723.83	3730.51	3723.83	3730.51	
3714.92	3714.92	3714.92	3714.92	3714.92	
3712.69	3710.47	3712.69	3710.47	3712.69	
3714.92	3712.69	3714.92	3712.69	3714.92	
3714.92	3714.92	3714.92	3714.92	3714.92	
3719.38	3719.38	3719.38	3719.38	3719.38	
3710.47	3712.69	3710.47	3712.69	3710.47	
3714.92	3714.92	3714.92	3714.92	3714.92	
3719.38	3719.38	3719.38	3719.38	3719.38	
3728.29	3721.6	3728.29	3721.6	3728.29	
3719.38	3719.38	3719.38	3719.38	3719.38	
3712.69	3717.15	3712.69	3717.15	3712.69	
3719.38	3712.69	3719.38	3712.69	3719.38	
3712.69	3710.47	3712.69	3710.47	3712.69	
3714.92	3712.69	3714.92	3712.69	3714.92	
3714.92	3699.33	3714.92	3699.33	3714.92	
3714.92	3714.92	3714.92	3714.92	3714.92	
3717.15	3710.47	3717.15	3710.47	3717.15	
3710.47	3708.24	3710.47	3708.24	3710.47	
3717.15	3710.47	3717.15	3710.47	3717.15	
3717.15	3714.92	3717.15	3714.92	3717.15	
3710.47	3721.6	3710.47	3721.6	3710.47	
3723.83	3721.6	3723.83	3721.6	3723.83	
3714.92	3723.83	3714.92	3723.83	3714.92	
3714.92	3721.6	3714.92	3721.6	3714.92	
3714.92	3712.69	3714.92	3712.69	3714.92	
3710.47	3717.15	3710.47	3717.15	3710.47	
3721.6	3712.69	3721.6	3712.69	3721.6	
3710.47	3717.15	3710.47	3717.15	3710.47	
3723.83	3721.6	3723.83	3721.6	3723.83	
3710.47	3712.69	3710.47	3712.69	3710.47	
3701.56	3721.6	3701.56	3721.6	3701.56	
3714.92	3714.92	3714.92	3714.92	3714.92	
3708.24	3721.6	3708.24	3721.6	3708.24	
3714.92	3712.69	3714.92	3712.69	3714.92	
3708.24	3712.69	3708.24	3712.69	3708.24	
3708.24	3719.38	3708.24	3719.38	3708.24	
3708.24	3710.47	3708.24	3710.47	3708.24	
3723.83	3710.47	3723.83	3710.47	3723.83	
3706.01	3708.24	3706.01	3708.24	3706.01	
3706.01	3721.6	3706.01	3721.6	3706.01	
3708.24	3714.92	3708.24	3714.92	3708.24	
3714.92	3710.47	3714.92	3710.47	3714.92	
3721.6	3721.6	3721.6	3721.6	3721.6	
3721.6	3717.15	3721.6	3717.15	3721.6	
3708.24	3728.29	3708.24	3728.29	3708.24	
3708.24	3723.83	3708.24	3723.83	3708.24	
3708.24	3719.38	3708.24	3719.38	3708.24	
3706.01	3712.69	3706.01	3712.69	3706.01	
3714.92	3719.38	3714.92	3719.38	3714.92	
3714.92	3719.38	3714.92	3719.38	3714.92	
3708.24	3717.15	3708.24	3717.15	3708.24	
3706.01	3717.15	3706.01	3717.15	3706.01	
3719.38	3708.24	3719.38	3708.24	3719.38	
3719.38	3719.38	3719.38	3719.38	3719.38	
3710.47	3710.47	3710.47	3710.47	3710.47	
3714.92	3708.24	3714.92	3708.24	3714.92	
3717.15	3712.69	3717.15	3712.69	3717.15	
3710.47	3723.83	3710.47	3723.83	3710.47	
3712.69	3721.6	3712.69	3721.6	3712.69	
3712.69	3710.47	3712.69	3710.47	3712.69	
3712.69	3721.6	3712.69	3721.6	3712.69	
3708.24	3721.6	3708.24	3721.6	3708.24	
3723.83	3717.15	3723.83	3717.15	3723.83	
3712.69	3710.47	3712.69	3710.47	3712.69	
3719.38	3717.15	3719.38	3717.15	3719.38	
3714.92	3719.38	3714.92	3719.38	3714.92	
3714.92	3712.69	3714.92	3712.69	3714.92	
3717.15	3708.24	3717.15	3708.24	3717.15	
3712.69	3723.83	3712.69	3723.83	3712.69	
3708.24	3710.47	3708.24	3710.47	3708.24	
3721.6	3719.38	3721.6	3719.38	3721.6	
3710.47	3719.38	3710.47	3719.38	3710.47	
3717.15	3703.79	3717.15	3703.79	3717.15	
3706.01	3703.79	3706.01	3703.79	3706.01	
3701.56	3717.15	3701.56	3717.15	3701.56	
3721.6	3726.06	3721.6	3726.06	3721.6	
3701.56	3714.92	3701.56	3714.92	3701.56	
3714.92	3721.6	3714.92	3721.6	3714.92	
3717.15	3712.69	3717.15	3712.69	3717.15	
3706.01	3714.92	3706.01	3714.92	3706.01	
3708.24	3721.6	3708.24	3721.6	3708.24	
3706.01	3714.92	3706.01	3714.92	3706.01	
3701.56	3701.56	3701.56	3701.56	3701.56	
3708.24	3701.56	3708.24	3701.56	3708.24	
3723.83	3726.06	3723.83	3726.06	3723.83	
3721.6	3710.47	3721.6	3710.47	3721.6	
3712.69	3712.69	3712.69	3712.69	3712.69	
3717.15	3721.6	3717.15	3721.6	3717.15	
3710.47	3710.47	3710.47	3710.47	3710.47	
3714.92	3710.47	3714.92	3710.47	3714.92	
3708.24	3712.69	3708.24	3712.69	3708.24	
3712.69	3701.56	3712.69	3701.56	3712.69	
3710.47	3710.47	3710.47	3710.47	3710.47	
3708.24	3728.29	3708.24	3728.29	3708.24	
3714.92	3730.51	3714.92	3730.51	3714.92	
3717.15	3712.69	3717.15	3712.69	3717.15	
3701.56	3723.83	3701.56	3723.83	3701.56	
3710.47	3717.15	3710.47	3717.15	3710.47	
3712.69	3712.69	3712.69	3712.69	3712.69	
3714.92	3712.69	3714.92	3712.69	3714.92	
3714.92	3710.47	3714.92	3710.47	3714.92	
3710.47	3712.69	3710.47	3712.69	3710.47	
3697.1	3714.92	3697.1	3714.92	3697.1	
3714.92	3712.69	3714.92	3712.69	3714.92	
3723.83	3714.92	3723.83	3714.92	3723.83	
3719.38	3712.69	3719.38	3712.69	3719.38	
3717.15	3717.15	3717.15	3717.15	3717.15	
3708.24	3712.69	3708.24	3712.69	3708.24	
3710.47	3710.47	3710.47	3710.47	3710.47	
3719.38	3714.92	3719.38	3714.92	3719.38	
3708.24	3710.47	3708.24	3710.47	3708.24	
3721.6	3714.92	3721.6	3714.92	3721.6	
3714.92	3708.24	3714.92	3708.24	3714.92	
3714.92	3710.47	3714.92	3710.47	3714.92	
3712.69	3717.15	3712.69	3717.15	3712.69	
3712.69	3721.6	3712.69	3721.6	3712.69	
3708.24	3726.06	3708.24	3726.06	3708.24	
3710.47	3717.15	3710.47	3717.15	3710.47	
3708.24	3708.24	3708.24	3708.24	3708.24	
3717.15	3717.15	3717.15	3717.15	3717.15	
3708.24	3721.6	3708.24	3721.6	3708.24	
3710.47	3712.69	3710.47	3712.69	3710.47	
3712.69	3714.92	3712.69	3714.92	3712.69	
3706.01	3708.24	3706.01	3708.24	3706.01	
3714.92	3719.38	3714.92	3719.38	3714.92	
3719.38	3723.83	3719.38	3723.83	3719.38	
3714.92	3710.47	3714.92	3710.47	3714.92	
3717.15	3721.6	3717.15	3721.6	3717.15	
3710.47	3710.47	3710.47	3710.47	3710.47	
3714.92	3714.92	3714.92	3714.92	3714.92	
3714.92	3706.01	3714.92	3706.01	3714.92	
3706.01	3710.47	3706.01	3710.47	3706.01	
3721.6	3719.38	3721.6	3719.38	3721.6	
3721.6	3714.92	3721.6	3714.92	3721.6	
3708.24	3706.01	3708.24	3706.01	3708.24	
3712.69	3706.01	3712.69	3706.01	3712.69	
3712.69	3701.56	3712.69	3701.56	3712.69	
3712.69	3710.47	3712.69	3710.47	3712.69	
3712.69	3714.92	3712.69	3714.92	3712.69	
3708.24	3712.69	3708.24	3712.69	3708.24	
3726.06	3710.47	3726.06	3710.47	3726.06	
3717.15	3710.47	3717.15	3710.47	3717.15	
3706.01	3712.69	3706.01	3712.69	3706.01	
3712.69	3717.15	3712.69	3717.15	3712.69	
3710.47	3708.24	3710.47	3708.24	3710.47	
3706.01	3710.47	3706.01	3710.47	3706.01	
3710.47	3710.47	3710.47	3710.47	3710.47	
3708.24	3710.47	3708.24	3710.47	3708.24	
3712.69	3712.69	3712.69	3712.69	3712.69	
3717.15	3717.15	3717.15	3717.15	3717.15	
3710.47	3714.92	3710.47	3714.92	3710.47	
3719.38	3717.15	3719.38	3717.15	3719.38	
3712.69	3717.15	3712.69	3717.15	3712.69	
3719.38	3708.24	3719.38	3708.24	3719.38	
3708.24	3714.92	3708.24	3714.92	3708.24	
3710.47	3710.47	3710.47	3710.47	3710.47	
3714.92	3714.92	3714.92	3714.92	3714.92	
3712.69	3714.92	3712.69	3714.92	3712.69	
3706.01	3717.15	3706.01	3717.15	3706.01	
3714.92	3714.92	3714.92	3714.92	3714.92	
3719.38	3710.47	3719.38	3710.47	3719.38	
3703.79	3721.6	3703.79	3721.6	3703.79	
3708.24	3714.92	3708.24	3714.92	3708.24	
3719.38	3717.15	3719.38	3717.15	3719.38	
3719.38	3717.15	3719.38	3717.15	3719.38	
3714.92	3721.6	3714.92	3721.6	3714.92	
3710.47	3701.56	3710.47	3701.56	3710.47	
3712.69	3728.29	3712.69	3728.29	3712.69	
3712.69	3712.69	3712.69	3712.69	3712.69	
3714.92	3706.01	3714.92	3706.01	3714.92	
3712.69	3712.69	3712.69	3712.69	3712.69	
3719.38	3712.69	3719.38	3712.69	3719.38	
3708.24	3712.69	3708.24	3712.69	3708.24	
3717.15	3721.6	3717.15	3721.6	3717.15	
3710.47	3706.01	3710.47	3706.01	3710.47	
3726.06	3717.15	3726.06	3717.15	3726.06	
3723.83	3712.69	3723.83	3712.69	3723.83	
3712.69	3714.92	3712.69	3714.92	3712.69	
3699.33	3719.38	3699.33	3719.38	3699.33	
3706.01	3712.69	3706.01	3712.69	3706.01	
3712.69	3717.15	3712.69	3717.15	3712.69	
3714.92	3703.79	3714.92	3703.79	3714.92	
3714.92	3714.92	3714.92	3714.92	3714.92	
3710.47	3719.38	3710.47	3719.38	3710.47	
3714.92	3710.47	3714.92	3710.47	3714.92	
3726.06	3719.38	3726.06	3719.38	3726.06	
3699.33	3714.92	3699.33	3714.92	3699.33	
3717.15	3712.69	3717.15	3712.69	3717.15	
3712.69	3701.56	3712.69	3701.56	3712.69	
3712.69	3717.15	3712.69	3717.15	3712.69	
3708.24	3723.83	3708.24	3723.83	3708.24	
3712.69	3721.6	3712.69	3721.6	3712.69	
3699.33	3721.6	3699.33	3721.6	3699.33	
3719.38	3719.38	3719.38	3719.38	3719.38	
3712.69	3717.15	3712.69	3717.15	3712.69	
3717.15	3714.92	3717.15	3714.92	3717.15	
3714.92	3706.01	3714.92	3706.01	3714.92	
3712.69	3710.47	3712.69	3710.47	3712.69	
3710.47	3708.24	3710.47	3708.24	3710.47	
3726.06	3714.92	3726.06	3714.92	3726.06	
3708.24	3723.83	3708.24	3723.83	3708.24	
3714.92	3710.47	3714.92	3710.47	3714.92	
3717.15	3717.15	3717.15	3717.15	3717.15	
3710.47	3710.47	3710.47	3710.47	3710.47	
3719.38	3717.15	3719.38	3717.15	3719.38	
3708.24	3710.47	3708.24	3710.47	3708.24	
3714.92	3712.69	3714.92	3712.69	3714.92	
3717.15	3710.47	3717.15	3710.47	3717.15	
3712.69	3701.56	3712.69	3701.56	3712.69	
3712.69	3712.69	3712.69	3712.69	3712.69	
3714.92	3723.83	3714.92	3723.83	3714.92	
3719.38	3717.15	3719.38	3717.15	3719.38	
3719.38	3708.24	3719.38	3708.24	3719.38	
3710.47	3712.69	3710.47	3712.69	3710.47	
3719.38	3728.29	3719.38	3728.29	3719.38	
3712.69	3714.92	3712.69	3714.92	3712.69	
3712.69	3719.38	3712.69	3719.38	3712.69	
3714.92	3712.69	3714.92	3712.69	3714.92	
3712.69	3710.47	3712.69	3710.47	3712.69	
3719.38	3719.38	3719.38	3719.38	3719.38	
3719.38	3714.92	3719.38	3714.92	3719.38	
3719.38	3714.92	3719.38	3714.92	3719.38	
3710.47	3710.47	3710.47	3710.47	3710.47	
3712.69	3708.24	3712.69	3708.24	3712.69	
3719.38	3714.92	3719.38	3714.92	3719.38	
3721.6	3714.92	3721.6	3714.92	3721.6	
3708.24	3717.15	3708.24	3717.15	3708.24	
3714.92	3714.92	3714.92	3714.92	3714.92	
3721.6	3710.47	3721.6	3710.47	3721.6	
3721.6	3712.69	3721.6	3712.69	3721.6	
3717.15	3697.1	3717.15	3697.1	3717.15	
3712.69	3712.69	3712.69	3712.69	3712.69	
3717.15	3719.38	3717.15	3719.38	3717.15	
3706.01	3717.15	3706.01	3717.15	3706.01	
3710.47	3717.15	3710.47	3717.15	3710.47	
3710.47	3719.38	3710.47	3719.38	3710.47	
3717.15	3712.69	3717.15	3712.69	3717.15	
3712.69	3721.6	3712.69	3721.6	3712.69	
3710.47	3710.47	3710.47	3710.47	3710.47	
3708.24	3712.69	3708.24	3712.69	3708.24	
3712.69	3717.15	3712.69	3717.15	3712.69	
3721.6	3710.47	3721.6	3710.47	3721.6	
3712.69	3714.92	3712.69	3714.92	3712.69	
3717.15	3714.92	3717.15	3714.92	3717.15	
3714.92	3726.06	3714.92	3726.06	3714.92	
3714.92	3717.15	3714.92	3717.15	3714.92	
3708.24	3703.79	3708.24	3703.79	3708.24	
3703.79	3719.38	3703.79	3719.38	3703.79	
3717.15	3719.38	3717.15	3719.38	3717.15	
3710.47	3706.01	3710.47	3706.01	3710.47	
3710.47	3719.38	3710.47	3719.38	3710.47	
3701.56	3701.56	3701.56	3701.56	3701.56	
3730.51	3719.38	3730.51	3719.38	3730.51	
3719.38	3708.24	3719.38	3708.24	3719.38	
3710.47	3730.51	3710.47	3730.51	3710.47	
3714.92	3721.6	3714.92	3721.6	3714.92	
3714.92	3708.24	3714.92	3708.24	3714.92	
3712.69	3710.47	3712.69	3710.47	3712.69	
3714.92	3714.92	3714.92	3714.92	3714.92	
3710.47	3719.38	3710.47	3719.38	3710.47	
3730.51	3734.97	3730.51	3734.97	3730.51	
3708.24	3703.79	3708.24	3703.79	3708.24	
3706.01	3712.69	3706.01	3712.69	3706.01	
3708.24	3712.69	3708.24	3712.69	3708.24	
3717.15	3719.38	3717.15	3719.38	3717.15	
3714.92	3721.6	3714.92	3721.6	3714.92	
3717.15	3712.69	3717.15	3712.69	3717.15	
3706.01	3703.79	3706.01	3703.79	3706.01	
3708.24	3706.01	3708.24	3706.01	3708.24	
3706.01	3712.69	3706.01	3712.69	3706.01	
3714.92	3706.01	3714.92	3706.01	3714.92	
3708.24	3717.15	3708.24	3717.15	3708.24	
3706.01	3714.92	3706.01	3714.92	3706.01	
3717.15	3706.01	3717.15	3706.01	3717.15	
3706.01	3712.69	3706.01	3712.69	3706.01	
3712.69	3703.79	3712.69	3703.79	3712.69	
3719.38	3712.69	3719.38	3712.69	3719.38	
3710.47	3714.92	3710.47	3714.92	3710.47	
3712.69	3721.6	3712.69	3721.6	3712.69	
3717.15	3712.69	3717.15	3712.69	3717.15	
3714.92	3710.47	3714.92	3710.47	3714.92	
3708.24	3721.6	3708.24	3721.6	3708.24	
3717.15	3721.6	3717.15	3721.6	3717.15	
3726.06	3714.92	3726.06	3714.92	3726.06	
3710.47	3714.92	3710.47	3714.92	3710.47	
3712.69	3714.92	3712.69	3714.92	3712.69	
3714.92	3708.24	3714.92	3708.24	3714.92	
3719.38	3717.15	3719.38	3717.15	3719.38	
3706.01	3723.83	3706.01	3723.83	3706.01	
3701.56	3703.79	3701.56	3703.79	3701.56	
3701.56	3708.24	3701.56	3708.24	3701.56	
3710.47	3717.15	3710.47	3717.15	3710.47	
3712.69	3714.92	3712.69	3714.92	3712.69	
3714.92	3708.24	3714.92	3708.24	3714.92	
3701.56	3719.38	3701.56	3719.38	3701.56	
3717.15	3728.29	3717.15	3728.29	3717.15	
3712.69	3710.47	3712.69	3710.47	3712.69	
3701.56	3723.83	3701.56	3723.83	3701.56	
3710.47	3717.15	3710.47	3717.15	3710.47	
3706.01	3714.92	3706.01	3714.92	3706.01	
3703.79	3714.92	3703.79	3714.92	3703.79	
3717.15	3723.83	3717.15	3723.83	3717.15	
3717.15	3721.6	3717.15	3721.6	3717.15	
3714.92	3723.83	3714.92	3723.83	3714.92	
3723.83	3723.83	3723.83	3723.83	3723.83	
3710.47	3717.15	3710.47	3717.15	3710.47	
3717.15	3712.69	3717.15	3712.69	3717.15	
3714.92	3710.47	3714.92	3710.47	3714.92	
3714.92	3714.92	3714.92	3714.92	3714.92	
3710.47	3708.24	3710.47	3708.24	3710.47	
3712.69	3699.33	3712.69	3699.33	3712.69	
3717.15	3706.01	3717.15	3706.01	3717.15	
3706.01	3712.69	3706.01	3712.69	3706.01	
3712.69	3712.69	3712.69	3712.69	3712.69	
3708.24	3719.38	3708.24	3719.38	3708.24	
3699.33	3703.79	3699.33	3703.79	3699.33	
3717.15	3710.47	3717.15	3710.47	3717.15	
3703.79	3712.69	3703.79	3712.69	3703.79	
3703.79	3721.6	3703.79	3721.6	3703.79	
3719.38	3708.24	3719.38	3708.24	3719.38	
3710.47	3710.47	3710.47	3710.47	3710.47	
3714.92	3719.38	3714.92	3719.38	3714.92	
3706.01	3717.15	3706.01	3717.15	3706.01	
3712.69	3714.92	3712.69	3714.92	3712.69	
3717.15	3710.47	3717.15	3710.47	3717.15	
3703.79	3710.47	3703.79	3710.47	3703.79	
3714.92	3703.79	3714.92	3703.79	3714.92	
3712.69	3721.6	3712.69	3721.6	3712.69	
3710.47	3706.01	3710.47	3706.01	3710.47	
3712.69	3714.92	3712.69	3714.92	3712.69	
3710.47	3714.92	3710.47	3714.92	3710.47	
3708.24	3721.6	3708.24	3721.6	3708.24	
3703.79	3714.92	3703.79	3714.92	3703.79	
3710.47	3717.15	3710.47	3717.15	3710.47	
3706.01	3710.47	3706.01	3710.47	3706.01	
3708.24	3708.24	3708.24	3708.24	3708.24	
3714.92	3719.38	3714.92	3719.38	3714.92	
3710.47	3721.6	3710.47	3721.6	3710.47	
3708.24	3712.69	3708.24	3712.69	3708.24	
3710.47	3703.79	3710.47	3703.79	3710.47	
3712.69	3714.92	3712.69	3714.92	3712.69	
3714.92	3706.01	3714.92	3706.01	3714.92	
3717.15	3708.24	3717.15	3708.24	3717.15	
3721.6	3714.92	3721.6	3714.92	3721.6	
3712.69	3712.69	3712.69	3712.69	3712.69	
3714.92	3703.79	3714.92	3703.79	3714.92	
3712.69	3712.69	3712.69	3712.69	3712.69	
3708.24	3714.92	3708.24	3714.92	3708.24	
3703.79	3708.24	3703.79	3708.24	3703.79	
3717.15	3730.51	3717.15	3730.51	3717.15	
3712.69	3721.6	3712.69	3721.6	3712.69	
3712.69	3699.33	3712.69	3699.33	3712.69	
3708.24	3714.92	3708.24	3714.92	3708.24	
3714.92	3708.24	3714.92	3708.24	3714.92	
3723.83	3710.47	3723.83	3710.47	3723.83	
3723.83	3708.24	3723.83	3708.24	3723.83	
3714.92	3703.79	3714.92	3703.79	3714.92	
3717.15	3708.24	3717.15	3708.24	3717.15	
3717.15	3701.56	3717.15	3701.56	3717.15	
3703.79	3717.15	3703.79	3717.15	3703.79	
3712.69	3712.69	3712.69	3712.69	3712.69	
3719.38	3714.92	3719.38	3714.92	3719.38	
3706.01	3714.92	3706.01	3714.92	3706.01	
3712.69	3717.15	3712.69	3717.15	3712.69	
3706.01	3717.15	3706.01	3717.15	3706.01	
3717.15	3717.15	3717.15	3717.15	3717.15	
3714.92	3714.92	3714.92	3714.92	3714.92	
3717.15	3717.15	3717.15	3717.15	3717.15	
3710.47	3712.69	3710.47	3712.69	3710.47	
3712.69	3719.38	3712.69	3719.38	3712.69	
3708.24	3714.92	3708.24	3714.92	3708.24	
3708.24	3717.15	3708.24	3717.15	3708.24	
3710.47	3710.47	3710.47	3710.47	3710.47	
3706.01	3719.38	3706.01	3719.38	3706.01	
3714.92	3708.24	3714.92	3708.24	3714.92	
3714.92	3706.01	3714.92	3706.01	3714.92	
3717.15	3717.15	3717.15	3717.15	3717.15	
3708.24	3717.15	3708.24	3717.15	3708.24	
3717.15	3710.47	3717.15	3710.47	3717.15	
3712.69	3692.65	3712.69	3692.65	3712.69	
3719.38	3717.15	3719.38	3717.15	3719.38	
3703.79	3712.69	3703.79	3712.69	3703.79	
3710.47	3708.24	3710.47	3708.24	3710.47	
3706.01	3708.24	3706.01	3708.24	3706.01	
3712.69	3719.38	3712.69	3719.38	3712.69	
3717.15	3706.01	3717.15	3706.01	3717.15	
3717.15	3710.47	3717.15	3710.47	3717.15	
3706.01	3714.92	3706.01	3714.92	3706.01	
3710.47	3712.69	3710.47	3712.69	3710.47	
3710.47	3703.79	3710.47	3703.79	3710.47	
3703.79	3719.38	3703.79	3719.38	3703.79	
3708.24	3721.6	3708.24	3721.6	3708.24	
3710.47	3712.69	3710.47	3712.69	3710.47	
3708.24	3719.38	3708.24	3719.38	3708.24	
3719.38	3726.06	3719.38	3726.06	3719.38	
3708.24	3714.92	3708.24	3714.92	3708.24	
3706.01	3710.47	3706.01	3710.47	3706.01	
3717.15	3712.69	3717.15	3712.69	3717.15	
3712.69	3706.01	3712.69	3706.01	3712.69	
3714.92	3710.47	3714.92	3710.47	3714.92	
3721.6	3708.24	3721.6	3708.24	3721.6	
3717.15	3717.15	3717.15	3717.15	3717.15	
3708.24	3697.1	3708.24	3697.1	3708.24	
3708.24	3714.92	3708.24	3714.92	3708.24	
3708.24	3710.47	3708.24	3710.47	3708.24	
3710.47	3708.24	3710.47	3708.24	3710.47	
3706.01	3703.79	3706.01	3703.79	3706.01	
3710.47	3710.47	3710.47	3710.47	3710.47	
3717.15	3717.15	3717.15	3717.15	3717.15	
3721.6	3714.92	3721.6	3714.92	3721.6	
3719.38	3712.69	3719.38	3712.69	3719.38	
3714.92	3717.15	3714.92	3717.15	3714.92	
3712.69	3708.24	3712.69	3708.24	3712.69	
3712.69	3721.6	3712.69	3721.6	3712.69	
3714.92	3714.92	3714.92	3714.92	3714.92	
3710.47	3710.47	3710.47	3710.47	3710.47	
3717.15	3714.92	3717.15	3714.92	3717.15	
3708.24	3703.79	3708.24	3703.79	3708.24	
3708.24	3706.01	3708.24	3706.01	3708.24	
3714.92	3712.69	3714.92	3712.69	3714.92	
3712.69	3719.38	3712.69	3719.38	3712.69	
3708.24	3721.6	3708.24	3721.6	3708.24	
3708.24	3714.92	3708.24	3714.92	3708.24	
3708.24	3708.24	3708.24	3708.24	3708.24	
3714.92	3708.24	3714.92	3708.24	3714.92	
3712.69	3719.38	3712.69	3719.38	3712.69	
3712.69	3708.24	3712.69	3708.24	3712.69	
3710.47	3710.47	3710.47	3710.47	3710.47	
3712.69	3708.24	3712.69	3708.24	3712.69	
3717.15	3719.38	3717.15	3719.38	3717.15	
3708.24	3710.47	3708.24	3710.47	3708.24	
3703.79	3714.92	3703.79	3714.92	3703.79	
3717.15	3714.92	3717.15	3714.92	3717.15	
3723.83	3710.47	3723.83	3710.47	3723.83	
3710.47	3706.01	3710.47	3706.01	3710.47	
3710.47	3710.47	3710.47	3710.47	3710.47	
3712.69	3712.69	3712.69	3712.69	3712.69	
3712.69	3708.24	3712.69	3708.24	3712.69	
3714.92	3723.83	3714.92	3723.83	3714.92	
3703.79	3714.92	3703.79	3714.92	3703.79	
3703.79	3717.15	3703.79	3717.15	3703.79	
3717.15	3710.47	3717.15	3710.47	3717.15	
3706.01	3712.69	3706.01	3712.69	3706.01	
3717.15	3714.92	3717.15	3714.92	3717.15	
3708.24	3710.47	3708.24	3710.47	3708.24	
3706.01	3719.38	3706.01	3719.38	3706.01	
3708.24	3708.24	3708.24	3708.24	3708.24	
3701.56	3708.24	3701.56	3708.24	3701.56	
3710.47	3721.6	3710.47	3721.6	3710.47	
3699.33	3706.01	3699.33	3706.01	3699.33	
3708.24	3710.47	3708.24	3710.47	3708.24	
3706.01	3710.47	3706.01	3710.47	3706.01	
3714.92	3717.15	3714.92	3717.15	3714.92	
3708.24	3708.24	3708.24	3708.24	3708.24	
3706.01	3712.69	3706.01	3712.69	3706.01	
3714.92	3708.24	3714.92	3708.24	3714.92	
3714.92	3719.38	3714.92	3719.38	3714.92	
3706.01	3712.69	3706.01	3712.69	3706.01	
3717.15	3712.69	3717.15	3712.69	3717.15	
3717.15	3712.69	3717.15	3712.69	3717.15	
3706.01	3710.47	3706.01	3710.47	3706.01	
3708.24	3723.83	3708.24	3723.83	3708.24	
3719.38	3712.69	3719.38	3712.69	3719.38	
3708.24	3708.24	3708.24	3708.24	3708.24	
3708.24	3710.47	3708.24	3710.47	3708.24	
3708.24	3719.38	3708.24	3719.38	3708.24	
3706.01	3710.47	3706.01	3710.47	3706.01	
3710.47	3714.92	3710.47	3714.92	3710.47	
3701.56	3714.92	3701.56	3714.92	3701.56	
3706.01	3706.01	3706.01	3706.01	3706.01	
3719.38	3710.47	3719.38	3710.47	3719.38	
3708.24	3712.69	3708.24	3712.69	3708.24	
3714.92	3710.47	3714.92	3710.47	3714.92	
3717.15	3717.15	3717.15	3717.15	3717.15	
3701.56	3706.01	3701.56	3706.01	3701.56	
3714.92	3708.24	3714.92	3708.24	3714.92	
3708.24	3708.24	3708.24	3708.24	3708.24	
3706.01	3710.47	3706.01	3710.47	3706.01	
3701.56	3710.47	3701.56	3710.47	3701.56	
3714.92	3719.38	3714.92	3719.38	3714.92	
3706.01	3719.38	3706.01	3719.38	3706.01	
3706.01	3714.92	3706.01	3714.92	3706.01	
3712.69	3714.92	3712.69	3714.92	3712.69	
3712.69	3712.69	3712.69	3712.69	3712.69	
3706.01	3717.15	3706.01	3717.15	3706.01	
3701.56	3699.33	3701.56	3699.33	3701.56	
3701.56	3710.47	3701.56	3710.47	3701.56	
3712.69	3714.92	3712.69	3714.92	3712.69	
3712.69	3710.47	3712.69	3710.47	3712.69	
3706.01	3710.47	3706.01	3710.47	3706.01	
3714.92	3714.92	3714.92	3714.92	3714.92	
3710.47	3712.69	3710.47	3712.69	3710.47	
3721.6	3708.24	3721.6	3708.24	3721.6	
3719.38	3712.69	3719.38	3712.69	3719.38	
3712.69	3712.69	3712.69	3712.69	3712.69	
3714.92	3717.15	3714.92	3717.15	3714.92	
3703.79	3710.47	3703.79	3710.47	3703.79	
3739.42	3746.1	3739.42	3746.1	3739.42	
3712.69	3708.24	3712.69	3708.24	3712.69	
3703.79	3712.69	3703.79	3712.69	3703.79	
3710.47	3721.6	3710.47	3721.6	3710.47	
3706.01	3706.01	3706.01	3706.01	3706.01	
3706.01	3717.15	3706.01	3717.15	3706.01	
3717.15	3710.47	3717.15	3710.47	3717.15	
3717.15	3717.15	3717.15	3717.15	3717.15	
3701.56	3712.69	3701.56	3712.69	3701.56	
3721.6	3714.92	3721.6	3714.92	3721.6	
3714.92	3706.01	3714.92	3706.01	3714.92	
3712.69	3712.69	3712.69	3712.69	3712.69	
3710.47	3714.92	3710.47	3714.92	3710.47	
3710.47	3714.92	3710.47	3714.92	3710.47	
3721.6	3712.69	3721.6	3712.69	3721.6	
3706.01	3721.6	3706.01	3721.6	3706.01	
3712.69	3710.47	3712.69	3710.47	3712.69	
3708.24	3721.6	3708.24	3721.6	3708.24	
3712.69	3714.92	3712.69	3714.92	3712.69	
3714.92	3712.69	3714.92	3712.69	3714.92	
3703.79	3717.15	3703.79	3717.15	3703.79	
3717.15	3710.47	3717.15	3710.47	3717.15	
3710.47	3717.15	3710.47	3717.15	3710.47	
3703.79	3719.38	3703.79	3719.38	3703.79	
3708.24	3721.6	3708.24	3721.6	3708.24	
3703.79	3712.69	3703.79	3712.69	3703.79	
3703.79	3708.24	3703.79	3708.24	3703.79	
3706.01	3712.69	3706.01	3712.69	3706.01	
3714.92	3719.38	3714.92	3719.38	3714.92	
3706.01	3717.15	3706.01	3717.15	3706.01	
3710.47	3703.79	3710.47	3703.79	3710.47	
3714.92	3717.15	3714.92	3717.15	3714.92	
3708.24	3721.6	3708.24	3721.6	3708.24	
3708.24	3710.47	3708.24	3710.47	3708.24	
3714.92	3708.24	3714.92	3708.24	3714.92	
3712.69	3712.69	3712.69	3712.69	3712.69	
3708.24	3721.6	3708.24	3721.6	3708.24	
3703.79	3710.47	3703.79	3710.47	3703.79	
3701.56	3706.01	3701.56	3706.01	3701.56	
3710.47	3717.15	3710.47	3717.15	3710.47	
3710.47	3712.69	3710.47	3712.69	3710.47	
3712.69	3710.47	3712.69	3710.47	3712.69	
3701.56	3706.01	3701.56	3706.01	3701.56	
3710.47	3712.69	3710.47	3712.69	3710.47	
3719.38	3706.01	3719.38	3706.01	3719.38	
3710.47	3706.01	3710.47	3706.01	3710.47	
3703.79	3714.92	3703.79	3714.92	3703.79	
3714.92	3717.15	3714.92	3717.15	3714.92	
3703.79	3706.01	3703.79	3706.01	3703.79	
3763.92	3750.56	3763.92	3750.56	3763.92	
3706.01	3710.47	3706.01	3710.47	3706.01	
3708.24	3717.15	3708.24	3717.15	3708.24	
3710.47	3708.24	3710.47	3708.24	3710.47	
3699.33	3710.47	3699.33	3710.47	3699.33	
3717.15	3717.15	3717.15	3717.15	3717.15	
3714.92	3717.15	3714.92	3717.15	3714.92	
3717.15	3714.92	3717.15	3714.92	3717.15	
3714.92	3703.79	3714.92	3703.79	3714.92	
3706.01	3708.24	3706.01	3708.24	3706.01	
3717.15	3714.92	3717.15	3714.92	3717.15	
3710.47	3712.69	3710.47	3712.69	3710.47	
3712.69	3710.47	3712.69	3710.47	3712.69	
3712.69	3710.47	3712.69	3710.47	3712.69	
3706.01	3714.92	3706.01	3714.92	3706.01	
3714.92	3708.24	3714.92	3708.24	3714.92	
3701.56	3714.92	3701.56	3714.92	3701.56	
3714.92	3712.69	3714.92	3712.69	3714.92	
3708.24	3712.69	3708.24	3712.69	3708.24	
3712.69	3721.6	3712.69	3721.6	3712.69	
3714.92	3706.01	3714.92	3706.01	3714.92	
3708.24	3708.24	3708.24	3708.24	3708.24	
3706.01	3712.69	3706.01	3712.69	3706.01	
3714.92	3717.15	3714.92	3717.15	3714.92	
3708.24	3708.24	3708.24	3708.24	3708.24	
3714.92	3714.92	3714.92	3714.92	3714.92	
3708.24	3708.24	3708.24	3708.24	3708.24	
3721.6	3719.38	3721.6	3719.38	3721.6	
3714.92	3706.01	3714.92	3706.01	3714.92	
3706.01	3714.92	3706.01	3714.92	3706.01	
3706.01	3708.24	3706.01	3708.24	3706.01	
3712.69	3721.6	3712.69	3721.6	3712.69	
3703.79	3714.92	3703.79	3714.92	3703.79	
3717.15	3701.56	3717.15	3701.56	3717.15	
3710.47	3712.69	3710.47	3712.69	3710.47	
3701.56	3719.38	3701.56	3719.38	3701.56	
3719.38	3714.92	3719.38	3714.92	3719.38	
3714.92	3706.01	3714.92	3706.01	3714.92	
3708.24	3714.92	3708.24	3714.92	3708.24	
3712.69	3710.47	3712.69	3710.47	3712.69	
3712.69	3719.38	3712.69	3719.38	3712.69	
3710.47	3712.69	3710.47	3712.69	3710.47	
3717.15	3719.38	3717.15	3719.38	3717.15	
3714.92	3712.69	3714.92	3712.69	3714.92	
3714.92	3719.38	3714.92	3719.38	3714.92	
3712.69	3703.79	3712.69	3703.79	3712.69	
3710.47	3717.15	3710.47	3717.15	3710.47	
3708.24	3719.38	3708.24	3719.38	3708.24	
3714.92	3710.47	3714.92	3710.47	3714.92	
3714.92	3712.69	3714.92	3712.69	3714.92	
3712.69	3719.38	3712.69	3719.38	3712.69	
3714.92	3708.24	3714.92	3708.24	3714.92	
3706.01	3712.69	3706.01	3712.69	3706.01	
3712.69	3701.56	3712.69	3701.56	3712.69	
3703.79	3712.69	3703.79	3712.69	3703.79	
3714.92	3710.47	3714.92	3710.47	3714.92	
3703.79	3712.69	3703.79	3712.69	3703.79	
3710.47	3712.69	3710.47	3712.69	3710.47	
3708.24	3717.15	3708.24	3717.15	3708.24	
3708.24	3710.47	3708.24	3710.47	3708.24	
3712.69	3719.38	3712.69	3719.38	3712.69	
3701.56	3714.92	3701.56	3714.92	3701.56	
3706.01	3708.24	3706.01	3708.24	3706.01	
3712.69	3712.69	3712.69	3712.69	3712.69	
3710.47	3706.01	3710.47	3706.01	3710.47	
3712.69	3706.01	3712.69	3706.01	3712.69	
3703.79	3710.47	3703.79	3710.47	3703.79	
3714.92	3701.56	3714.92	3701.56	3714.92	
3712.69	3714.92	3712.69	3714.92	3712.69	
3719.38	3708.24	3719.38	3708.24	3719.38	
3714.92	3712.69	3714.92	3712.69	3714.92	
3723.83	3708.24	3723.83	3708.24	3723.83	
3708.24	3710.47	3708.24	3710.47	3708.24	
3710.47	3712.69	3710.47	3712.69	3710.47	
3706.01	3712.69	3706.01	3712.69	3706.01	
3708.24	3712.69	3708.24	3712.69	3708.24	
3710.47	3710.47	3710.47	3710.47	3710.47	
3710.47	3710.47	3710.47	3710.47	3710.47	
3719.38	3706.01	3719.38	3706.01	3719.38	
3712.69	3717.15	3712.69	3717.15	3712.69	
3710.47	3717.15	3710.47	3717.15	3710.47	
3712.69	3708.24	3712.69	3708.24	3712.69	
3714.92	3708.24	3714.92	3708.24	3714.92	
3710.47	3703.79	3710.47	3703.79	3710.47	
3710.47	3714.92	3710.47	3714.92	3710.47	
3708.24	3706.01	3708.24	3706.01	3708.24	
3714.92	3712.69	3714.92	3712.69	3714.92	
3701.56	3708.24	3701.56	3708.24	3701.56	
3712.69	3717.15	3712.69	3717.15	3712.69	
3710.47	3708.24	3710.47	3708.24	3710.47	
3710.47	3712.69	3710.47	3712.69	3710.47	
3710.47	3710.47	3710.47	3710.47	3710.47	
3708.24	3710.47	3708.24	3710.47	3708.24	
3708.24	3706.01	3708.24	3706.01	3708.24	
3712.69	3712.69	3712.69	3712.69	3712.69	
3714.92	3706.01	3714.92	3706.01	3714.92	
3714.92	3712.69	3714.92	3712.69	3714.92	
3712.69	3706.01	3712.69	3706.01	3712.69	
3717.15	3712.69	3717.15	3712.69	3717.15	
3708.24	3708.24	3708.24	3708.24	3708.24	
3712.69	3708.24	3712.69	3708.24	3712.69	
3714.92	3712.69	3714.92	3712.69	3714.92	
3710.47	3703.79	3710.47	3703.79	3710.47	
3706.01	3710.47	3706.01	3710.47	3706.01	
3717.15	3703.79	3717.15	3703.79	3717.15	
3708.24	3703.79	3708.24	3703.79	3708.24	
3703.79	3714.92	3703.79	3714.92	3703.79	
3706.01	3710.47	3706.01	3710.47	3706.01	
3703.79	3708.24	3703.79	3708.24	3703.79	
3706.01	3712.69	3706.01	3712.69	3706.01	
3706.01	3710.47	3706.01	3710.47	3706.01	
3719.38	3717.15	3719.38	3717.15	3719.38	
3712.69	3708.24	3712.69	3708.24	3712.69	
3701.56	3710.47	3701.56	3710.47	3701.56	
3712.69	3708.24	3712.69	3708.24	3712.69	
3706.01	3706.01	3706.01	3706.01	3706.01	
3708.24	3708.24	3708.24	3708.24	3708.24	
3708.24	3717.15	3708.24	3717.15	3708.24	
3708.24	3712.69	3708.24	3712.69	3708.24	
3712.69	3706.01	3712.69	3706.01	3712.69	
3714.92	3712.69	3714.92	3712.69	3714.92	
3714.92	3699.33	3714.92	3699.33	3714.92	
3710.47	3717.15	3710.47	3717.15	3710.47	
3717.15	3714.92	3717.15	3714.92	3717.15	
3706.01	3708.24	3706.01	3708.24	3706.01	
3706.01	3708.24	3706.01	3708.24	3706.01	
3712.69	3710.47	3712.69	3710.47	3712.69	
3710.47	3710.47	3710.47	3710.47	3710.47	
3712.69	3721.6	3712.69	3721.6	3712.69	
3712.69	3710.47	3712.69	3710.47	3712.69	
3710.47	3714.92	3710.47	3714.92	3710.47	
3712.69	3706.01	3712.69	3706.01	3712.69	
3714.92	3721.6	3714.92	3721.6	3714.92	
3721.6	3708.24	3721.6	3708.24	3721.6	
3710.47	3717.15	3710.47	3717.15	3710.47	
3714.92	3710.47	3714.92	3710.47	3714.92	
3708.24	3708.24	3708.24	3708.24	3708.24	
3721.6	3717.15	3721.6	3717.15	3721.6	
3708.24	3717.15	3708.24	3717.15	3708.24	
3703.79	3712.69	3703.79	3712.69	3703.79	
3714.92	3717.15	3714.92	3717.15	3714.92	
3712.69	3710.47	3712.69	3710.47	3712.69	
3710.47	3706.01	3710.47	3706.01	3710.47	
3714.92	3708.24	3714.92	3708.24	3714.92	
3712.69	3714.92	3712.69	3714.92	3712.69	
3710.47	3706.01	3710.47	3706.01	3710.47	
3706.01	3710.47	3706.01	3710.47	3706.01	
3710.47	3710.47	3710.47	3710.47	3710.47	
3714.92	3717.15	3714.92	3717.15	3714.92	
3719.38	3710.47	3719.38	3710.47	3719.38	
3706.01	3710.47	3706.01	3710.47	3706.01	
3708.24	3712.69	3708.24	3712.69	3708.24	
3710.47	3719.38	3710.47	3719.38	3710.47	
3708.24	3710.47	3708.24	3710.47	3708.24	
3710.47	3703.79	3710.47	3703.79	3710.47	
3706.01	3719.38	3706.01	3719.38	3706.01	
3706.01	3721.6	3706.01	3721.6	3706.01	
3723.83	3712.69	3723.83	3712.69	3723.83	
3712.69	3710.47	3712.69	3710.47	3712.69	
3712.69	3719.38	3712.69	3719.38	3712.69	
3714.92	3717.15	3714.92	3717.15	3714.92	
3708.24	3717.15	3708.24	3717.15	3708.24	
3708.24	3708.24	3708.24	3708.24	3708.24	
3710.47	3701.56	3710.47	3701.56	3710.47	
3703.79	3714.92	3703.79	3714.92	3703.79	
3714.92	3710.47	3714.92	3710.47	3714.92	
3706.01	3712.69	3706.01	3712.69	3706.01	
3717.15	3708.24	3717.15	3708.24	3717.15	
3710.47	3708.24	3710.47	3708.24	3710.47	
3714.92	3723.83	3714.92	3723.83	3714.92	
3710.47	3708.24	3710.47	3708.24	3710.47	
3708.24	3708.24	3708.24	3708.24	3708.24	
3712.69	3708.24	3712.69	3708.24	3712.69	
3703.79	3701.56	3703.79	3701.56	3703.79	
3703.79	3710.47	3703.79	3710.47	3703.79	
3706.01	3708.24	3706.01	3708.24	3706.01	
3714.92	3714.92	3714.92	3714.92	3714.92	
3717.15	3710.47	3717.15	3710.47	3717.15	
3712.69	3717.15	3712.69	3717.15	3712.69	
3714.92	3708.24	3714.92	3708.24	3714.92	
3714.92	3721.6	3714.92	3721.6	3714.92	
3710.47	3714.92	3710.47	3714.92	3710.47	
3708.24	3714.92	3708.24	3714.92	3708.24	
3712.69	3717.15	3712.69	3717.15	3712.69	
3719.38	3708.24	3719.38	3708.24	3719.38	
3714.92	3717.15	3714.92	3717.15	3714.92	
3708.24	3712.69	3708.24	3712.69	3708.24	
3708.24	3710.47	3708.24	3710.47	3708.24	
3706.01	3714.92	3706.01	3714.92	3706.01	
3712.69	3710.47	3712.69	3710.47	3712.69	
3710.47	3708.24	3710.47	3708.24	3710.47	
3710.47	3717.15	3710.47	3717.15	3710.47	
3712.69	3710.47	3712.69	3710.47	3712.69	
3710.47	3708.24	3710.47	3708.24	3710.47	
3699.33	3714.92	3699.33	3714.92	3699.33	
3699.33	3703.79	3699.33	3703.79	3699.33	
3712.69	3712.69	3712.69	3712.69	3712.69	
3714.92	3717.15	3714.92	3717.15	3714.92	
3712.69	3714.92	3712.69	3714.92	3712.69	
3712.69	3706.01	3712.69	3706.01	3712.69	
3714.92	3708.24	3714.92	3708.24	3714.92	
3706.01	3712.69	3706.01	3712.69	3706.01	
3703.79	3701.56	3703.79	3701.56	3703.79	
3708.24	3694.88	3708.24	3694.88	3708.24	
3706.01	3710.47	3706.01	3710.47	3706.01	
3721.6	3717.15	3721.6	3717.15	3721.6	
3701.56	3710.47	3701.56	3710.47	3701.56	
3706.01	3706.01	3706.01	3706.01	3706.01	
3706.01	3714.92	3706.01	3714.92	3706.01	
3728.29	3714.92	3728.29	3714.92	3728.29	
3708.24	3706.01	3708.24	3706.01	3708.24	
3710.47	3708.24	3710.47	3708.24	3710.47	
3710.47	3721.6	3710.47	3721.6	3710.47	
3710.47	3708.24	3710.47	3708.24	3710.47	
3712.69	3706.01	3712.69	3706.01	3712.69	
3721.6	3721.6	3721.6	3721.6	3721.6	
3708.24	3719.38	3708.24	3719.38	3708.24	
3706.01	3714.92	3706.01	3714.92	3706.01	
3710.47	3703.79	3710.47	3703.79	3710.47	
3726.06	3708.24	3726.06	3708.24	3726.06	
3708.24	3710.47	3708.24	3710.47	3708.24	
3708.24	3717.15	3708.24	3717.15	3708.24	
3710.47	3717.15	3710.47	3717.15	3710.47	
3717.15	3710.47	3717.15	3710.47	3717.15	
3710.47	3710.47	3710.47	3710.47	3710.47	
3710.47	3710.47	3710.47	3710.47	3710.47	
3719.38	3712.69	3719.38	3712.69	3719.38	
3710.47	3719.38	3710.47	3719.38	3710.47	
3703.79	3710.47	3703.79	3710.47	3703.79	
3703.79	3710.47	3703.79	3710.47	3703.79	
3708.24	3717.15	3708.24	3717.15	3708.24	
3708.24	3712.69	3708.24	3712.69	3708.24	
3714.92	3697.1	3714.92	3697.1	3714.92	
3726.06	3728.29	3726.06	3728.29	3726.06	
3712.69	3721.6	3712.69	3721.6	3712.69	
3706.01	3706.01	3706.01	3706.01	3706.01	
3714.92	3710.47	3714.92	3710.47	3714.92	
3708.24	3712.69	3708.24	3712.69	3708.24	
3710.47	3710.47	3710.47	3710.47	3710.47	
3717.15	3710.47	3717.15	3710.47	3717.15	
3701.56	3717.15	3701.56	3717.15	3701.56	
3708.24	3703.79	3708.24	3703.79	3708.24	
3712.69	3710.47	3712.69	3710.47	3712.69	
3710.47	3719.38	3710.47	3719.38	3710.47	
3714.92	3712.69	3714.92	3712.69	3714.92	
3703.79	3714.92	3703.79	3714.92	3703.79	
3717.15	3710.47	3717.15	3710.47	3717.15	
3714.92	3712.69	3714.92	3712.69	3714.92	
3710.47	3712.69	3710.47	3712.69	3710.47	
3708.24	3719.38	3708.24	3719.38	3708.24	
3708.24	3717.15	3708.24	3717.15	3708.24	
3712.69	3703.79	3712.69	3703.79	3712.69	
3712.69	3712.69	3712.69	3712.69	3712.69	
3726.06	3708.24	3726.06	3708.24	3726.06	
3706.01	3710.47	3706.01	3710.47	3706.01	
3703.79	3710.47	3703.79	3710.47	3703.79	
3714.92	3708.24	3714.92	3708.24	3714.92	
3703.79	3710.47	3703.79	3710.47	3703.79	
3714.92	3708.24	3714.92	3708.24	3714.92	
3708.24	3708.24	3708.24	3708.24	3708.24	
3703.79	3703.79	3703.79	3703.79	3703.79	
3706.01	3712.69	3706.01	3712.69	3706.01	
3714.92	3717.15	3714.92	3717.15	3714.92	
3701.56	3714.92	3701.56	3714.92	3701.56	
3710.47	3708.24	3710.47	3708.24	3710.47	
3710.47	3708.24	3710.47	3708.24	3710.47	
3712.69	3706.01	3712.69	3706.01	3712.69	
3712.69	3708.24	3712.69	3708.24	3712.69	
3712.69	3708.24	3712.69	3708.24	3712.69	
3746.1	3739.42	3746.1	3739.42	3746.1	
3710.47	3712.69	3710.47	3712.69	3710.47	
3712.69	3710.47	3712.69	3710.47	3712.69	
3701.56	3714.92	3701.56	3714.92	3701.56	
3712.69	3708.24	3712.69	3708.24	3712.69	
3710.47	3712.69	3710.47	3712.69	3710.47	
3706.01	3712.69	3706.01	3712.69	3706.01	
3717.15	3719.38	3717.15	3719.38	3717.15	
3706.01	3710.47	3706.01	3710.47	3706.01	
3706.01	3708.24	3706.01	3708.24	3706.01	
3710.47	3708.24	3710.47	3708.24	3710.47	
3708.24	3712.69	3708.24	3712.69	3708.24	
3703.79	3703.79	3703.79	3703.79	3703.79	
3712.69	3712.69	3712.69	3712.69	3712.69	
3706.01	3706.01	3706.01	3706.01	3706.01	
3708.24	3712.69	3708.24	3712.69	3708.24	
3714.92	3710.47	3714.92	3710.47	3714.92	
3701.56	3706.01	3701.56	3706.01	3701.56	
3703.79	3714.92	3703.79	3714.92	3703.79	
3708.24	3706.01	3708.24	3706.01	3708.24	
3706.01	3712.69	3706.01	3712.69	3706.01	
3694.88	3694.88	3694.88	3694.88	3694.88	
3699.33	3692.65	3699.33	3692.65	3699.33	
3688.2	3694.88	3688.2	3694.88	3688.2	
3690.42	3692.65	3690.42	3692.65	3690.42	
