3584.58	3595.29	3595.29	3597.43	3597.43	
3567.45	3565.31	3567.45	3556.75	3567.45	
3554.6	3556.75	3558.89	3561.03	3569.59	
3554.6	3552.46	3552.46	3554.6	3563.17	
205533	207400	207889	208403	209734	
208970	210368	210465	211608	212116	
208773	209199	210011	210593	211493	
213064	214268	214846	215113	216692	
213657	214325	215368	215919	217043	
214366	215585	216717	217171	218180	
212857	214034	214334	215240	216094	
211015	212109	212764	213263	214752	
217302	218405	219227	220054	221300	
222236	223501	223683	225084	225803	
223385	224724	225199	225869	227058	
223441	224480	224966	226242	227283	
220242	221242	222058	222872	223959	
217630	218394	218908	219762	220707	
221961	223544	223844	224452	225872	
226116	226968	227533	228561	229570	
224501	225743	226343	226657	228764	
219210	220158	220762	221542	223143	
221180	222493	222946	224255	224696	
229212	230422	231073	232396	232801	
230895	232225	232638	233216	234501	
231471	232223	232533	233531	234413	
229268	230745	231077	231921	232991	
223285	224632	225298	226433	226591	
222983	224073	224998	225865	226842	
231131	232036	232615	233328	234302	
229469	230582	231191	232099	233191	
226345	227593	227912	229113	229790	
229784	231092	231535	232407	233255	
231698	233454	233525	234717	236011	
227233	227867	228863	229974	231244	
221683	222276	223111	223700	225287	
229730	231814	232510	233392	234531	
234388	235634	236415	237137	238004	
232726	233739	234240	234889	236148	
229501	231212	231565	231976	233428	
229979	230775	231415	231876	233396	
229732	231229	231306	232193	233585	
227869	228503	228865	229739	231137	
230923	232188	232362	233552	234600	
235951	237546	237747	238887	240096	
233764	234707	235323	236240	238206	
230940	232169	231934	233548	234619	
230285	231657	232430	233570	234722	
238051	238996	240064	240709	241368	
241291	241949	243287	243518	244283	
240251	241987	242728	243420	244852	
235844	236730	237550	238398	239827	
228561	229899	230642	231173	232122	
217505	218842	219060	220000	221069	
217940	219503	219700	220458	221214	
231199	232135	233126	233467	234713	
239343	240968	241210	241852	243745	
245103	246364	247124	248201	249233	
248655	249379	249777	250929	252510	
250632	251961	252240	253182	254949	
252707	253407	254645	255017	256212	
251473	252919	253610	254041	255191	
251433	253317	253141	254747	256069	
251394	252775	253118	253919	255439	
247966	248942	249473	250692	251300	
238653	239739	240619	241377	242865	
232942	234961	234863	235443	237064	
240113	241099	241606	241936	243484	
249405	250283	251208	252126	253141	
253565	254574	255812	256216	257726	
252518	253591	254418	254563	256548	
253934	255334	256086	257272	257895	
253233	254345	254612	255681	257261	
256743	257617	258317	259206	260430	
256308	257672	257914	259398	260216	
252171	253507	254218	254668	256655	
251499	253195	254054	254981	256210	
256803	258469	258777	259741	261009	
258585	260103	260760	261880	263094	
260017	261570	262310	263270	264178	
258919	260276	260887	262054	263199	
254542	256242	256657	257398	258580	
251118	252463	252704	253972	255244	
248302	249465	250024	251396	252281	
250105	251240	251578	253094	253968	
254128	254940	255533	257248	258184	
252850	254771	254994	255861	257278	
247619	248555	249306	249777	251216	
244304	245469	246353	247332	248184	
240021	241895	242090	243178	244589	
235131	236255	236638	237645	239047	
217788	218398	219214	220261	221392	
177619	177985	178593	179173	180056	
163647	164171	164161	164627	165653	
215531	216585	217066	217690	218923	
240212	241471	241745	243077	243901	
244428	245437	245662	247032	248289	
247910	249443	250582	251373	252647	
251428	252767	253094	254418	255608	
251824	252966	253103	254388	255672	
254469	255546	255867	257045	258764	
264756	265966	266274	267681	268640	
266647	267353	268255	269495	270767	
264090	265604	266463	267281	268019	
265268	266227	266899	267867	269105	
265874	267452	267148	269009	269636	
263347	264878	265148	266403	267773	
265287	266197	266904	267972	269563	
269480	271253	271717	273435	274465	
267754	269266	269936	270660	272696	
256824	257854	258409	259415	260831	
260231	261722	262287	263278	264171	
270026	271272	271730	272698	274422	
268535	269743	270293	271197	272396	
271433	272156	272627	274036	275002	
274764	275756	277015	277540	278747	
274328	276024	276362	277818	278683	
272283	273546	274283	275910	276535	
272936	274803	275403	276514	277328	
270887	272317	272758	273983	275101	
271561	271839	272865	273764	274726	
276347	278270	278077	279612	280469	
276563	277895	279319	279405	280976	
278430	279465	280717	281148	282473	
279308	280045	280702	282375	283118	
278957	280527	281368	282473	284161	
280604	281704	282021	283478	285032	
281017	281799	282310	283719	285405	
280227	281912	282118	283801	285229	
279957	281030	281578	282906	284422	
280015	280576	281405	282360	284171	
279822	281353	281685	282827	284381	
280692	281223	282111	283422	284617	
276638	277730	278463	279315	280587	
268373	269664	269921	271184	272358	
274934	276734	277889	278690	279812	
281600	283433	284400	284546	286017	
281094	282619	283118	283974	286036	
280580	281949	283148	283931	285253	
278914	280642	281544	282161	283835	
274683	276722	277833	277994	280608	
282949	284281	284857	286150	287296	
284199	285430	286210	286901	289056	
286073	287563	287931	288949	290246	
286079	287670	288493	289557	290754	
285362	286880	287287	288756	289732	
285308	286638	287758	288548	290411	
286034	287287	288433	289242	290713	
286512	287764	287987	289921	290786	
286233	287437	288433	288880	290478	
283126	284520	285263	286544	287777	
277480	278675	279154	279914	281263	
279771	280976	281525	282274	284075	
283916	285600	286867	287409	289377	
284602	286606	287094	287850	289420	
286946	287814	289090	290079	291058	
287146	288469	289233	290580	291760	
287604	289373	290045	291345	293086	
288548	289617	290315	290979	292638	
284844	286208	286769	287563	289377	
275632	276525	277418	278625	279711	
285812	287124	287690	288501	289944	
289636	291411	291651	292822	294137	
290173	291807	292704	294034	294623	
290953	292454	293835	294413	296109	
291537	292612	293285	294475	295884	
290957	292310	293484	294595	295940	
291767	293422	293495	295017	296385	
291347	293270	293981	295355	297126	
291398	293195	293901	294876	295846	
288850	290882	291015	292167	293580	
286390	288304	288081	289439	291111	
289002	290869	291557	292364	293572	
291520	293606	293722	294874	296563	
291576	293488	293946	294865	296683	
287366	289852	290173	291139	292540	
288015	289600	289490	290760	292135	
291578	293208	293801	295803	296567	
292480	294045	294784	295482	297632	
291874	293490	294321	295287	296645	
290274	292056	293591	293850	295263	
287998	289028	289771	291366	292084	
286968	288805	289366	290525	290949	
280764	282422	283662	284240	285495	
286113	287150	287777	289186	290681	
290131	292128	292683	293989	295373	
290084	291745	292298	292771	295336	
294452	295698	296349	297415	298636	
292049	293034	293861	294925	296672	
292246	293105	293938	295246	296313	
294844	296574	297231	298636	299570	
295647	297388	298430	299092	300165	
294066	295809	297071	298009	298983	
294645	295794	295640	297231	298831	
295103	296670	297630	298859	300201	
293964	294861	295827	297058	298940	
292936	294099	295537	296165	297878	
294585	295874	296946	298013	299214	
294060	295011	295343	296388	298092	
294687	295747	296602	297852	299176	
295218	296698	297315	298651	300692	
295062	295794	296486	297514	299561	
291077	292467	292874	294942	295328	
292060	292934	294019	295084	296724	
293936	295662	296278	296882	299118	
296595	298066	299036	299921	301647	
296283	298358	298602	299835	301876	
297403	298445	299670	300480	302529	
298572	300490	300946	302094	303927	
299291	301340	301690	302651	303983	
299580	301385	301630	302533	304261	
298874	300469	301019	302167	303647	
296976	298450	299075	300158	301756	
292024	293966	294156	295199	296587	
297199	298974	299512	300630	302330	
296666	297664	298137	299574	301103	
296463	297443	298805	299113	301345	
300154	302604	302996	303715	305463	
301400	302857	303807	304805	306109	
301400	303351	303405	305103	305974	
301961	303375	303979	305719	306904	
301184	302325	302794	304396	305493	
297970	299355	300439	301561	302244	
297231	298949	299223	300499	302394	
298289	299308	300242	301782	302724	
300882	302392	303550	304527	305615	
302976	304486	304959	306152	307041	
302696	304146	304807	306116	307176	
300433	302180	302874	303989	305167	
299692	301214	301942	302767	304407	
299347	300737	301510	302274	304615	
300413	302535	303146	304445	305809	
301510	302610	303531	304773	306285	
302405	304013	304210	305773	307124	
301340	302906	303199	304272	306591	
300272	301782	302221	303572	304717	
300173	301966	302011	303734	304901	
302343	303276	303672	305154	306488	
299084	300448	301739	302642	304405	
301974	303332	303953	304833	306874	
302225	303709	304617	305636	307161	
301929	303604	304630	305486	307467	
304490	305876	306600	307096	309073	
304045	305403	306276	307794	308987	
300075	302036	302711	303760	305214	
302248	304221	305478	306362	307582	
305223	306844	306968	307957	309906	
304655	306486	307090	308060	309891	
303415	305015	305458	307390	309058	
298244	299655	300690	301458	303060	
301938	303938	304278	305488	307373	
304617	306321	306955	308266	309707	
304173	304861	306124	307835	309330	
304167	305749	306240	307904	309336	
302555	303987	304621	305739	306968	
298259	299231	299501	301368	303240	
294156	295518	296041	297931	299394	
289522	290803	291345	292358	293931	
292193	293379	294206	295334	296642	
301325	302347	303505	304559	305837	
304178	305773	306899	307623	308788	
303176	304878	305422	306315	308191	
304191	306086	306458	307448	309411	
304857	306604	307015	308253	309548	
303368	304640	305488	306238	307893	
294839	296411	297015	297767	299488	
297782	299165	299694	301608	302914	
298041	299908	300156	301632	302522	
300889	303047	303831	304670	306597	
299178	300141	301298	301559	303201	
301255	302019	302737	303916	305171	
295651	297475	297938	299206	301604	
252743	254221	254060	255101	256469	
180163	180752	181285	182128	182640	
186606	187283	187743	188792	189467	
196328	197694	197668	198878	199749	
208218	209454	209985	209955	211443	
220379	221520	222437	223135	224330	
234281	235548	236045	237073	238135	
252533	252760	253916	254809	256379	
268167	269803	270824	271887	273415	
286653	288889	289593	290092	291927	
277848	278582	280535	280726	281925	
269139	269942	270974	271833	272936	
254610	256084	256891	257319	258574	
260173	261328	262379	263343	264319	
251846	254218	253833	255394	256345	
263122	264670	264996	266488	267916	
251143	252857	253257	254638	255679	
268263	269675	270266	271088	272717	
251101	252122	252955	253544	255180	
275717	276715	277929	278340	279942	
261400	262979	263321	264505	265942	
272062	273510	274268	275430	276675	
278754	279970	280259	281647	282908	
263208	263981	264651	265657	266850	
285330	286702	288308	288797	290375	
277734	279026	279060	280604	282066	
278994	279563	281236	281634	283593	
293306	294478	295330	296514	297638	
275323	276400	278002	278296	280313	
278882	279822	280561	281420	283253	
289786	290976	291837	292957	293771	
280985	282126	282979	284355	285653	
291133	292672	293662	294567	296195	
298216	299820	300366	301463	302679	
282433	283983	284600	285916	286713	
282186	283353	284383	285141	286722	
292340	293687	294415	295518	297345	
288814	290128	290394	291525	293069	
275983	277221	278227	279101	280623	
285360	286537	287300	287991	290225	
283709	284621	285752	286777	288227	
286240	287764	288221	289968	290914	
293522	295000	295707	296700	298084	
283700	285801	285897	287056	288767	
271747	273355	273966	274711	276887	
271730	272794	273904	274880	275931	
278197	279585	279749	281370	282555	
286636	288259	288649	290141	291600	
290233	291775	292221	293923	294593	
278606	279732	280088	281520	282861	
286407	287567	287692	289632	290713	
290036	290919	292000	293771	294942	
292238	293240	294225	295197	296582	
291351	293041	293985	294961	296612	
280835	282407	282801	283790	285848	
291499	293047	293169	294248	296358	
288056	289662	290116	291041	292730	
286056	288707	288630	290026	290818	
300878	301972	303054	303621	305475	
300510	302632	302771	304353	305842	
305696	306615	308184	308619	310242	
310754	312268	312867	314347	316171	
310163	311495	312019	313463	314672	
304287	305467	305642	307694	309285	
307893	309186	309752	311233	312906	
308227	309696	309685	311546	312938	
300178	301246	301835	302822	304655	
289857	291336	291675	292959	294722	
290593	291623	293435	293767	295469	
300300	301242	302630	303634	305223	
306270	308460	308934	309163	311351	
306623	309141	308914	310548	312006	
296544	297394	299158	299522	301191	
290589	291859	292760	293901	295649	
284884	286283	287771	288328	289829	
293223	295336	295874	296949	298724	
295383	296989	297428	298645	300263	
288075	289876	290251	290966	293169	
302645	305199	304728	305792	307672	
301505	302623	302901	304895	305812	
284775	286343	287223	288158	289501	
295030	295925	296368	297882	299291	
299732	300835	301649	302572	304028	
284970	286728	286557	287899	289687	
273934	275642	276199	277212	278666	
290940	292510	293388	294128	295296	
299253	300465	301334	302465	303955	
294773	296574	297210	297966	299405	
294876	296777	297807	298242	299439	
300550	301507	303077	303991	305118	
283617	285340	286287	287381	288670	
274619	276439	276904	278049	279426	
295017	296467	297510	298278	299345	
301043	301976	302700	303794	305552	
296347	298296	299353	300030	301493	
283077	284199	284585	285921	287510	
290360	291516	292454	293433	295199	
282775	283308	284450	285385	287092	
290060	291512	292514	293069	294964	
303745	304979	305779	307426	308422	
309041	310910	311816	312375	314767	
310647	312148	312895	314073	315788	
305576	307435	308047	309283	310394	
301392	302463	303139	304722	306863	
290473	291741	292298	293366	295203	
292565	293627	294525	295161	296998	
305987	308101	308340	309559	310792	
311049	312456	313418	313979	316002	
310043	311298	312214	313308	314698	
309627	311867	311563	313630	315051	
310428	311537	312749	313259	315334	
308336	309227	310495	311887	313090	
299193	300831	302552	302837	304094	
296589	297949	299321	299807	301373	
304420	306617	306420	307861	309169	
304632	305293	306261	307966	309497	
304767	306197	307593	308567	309959	
305895	307229	307715	309096	310274	
304525	306248	307197	307531	309448	
307512	309347	309784	310893	312662	
308124	309505	310105	311321	312683	
305974	307191	308210	309503	310662	
305281	306186	306728	308054	309756	
306966	308317	308711	310075	312208	
310722	312343	313332	314171	315612	
308640	311182	311983	313218	313638	
311398	313334	313792	315146	316615	
312507	313692	314056	315321	317370	
309655	310831	311390	313161	314747	
306195	307812	308630	309687	311360	
311392	312942	313666	314595	316310	
312163	314178	314229	316238	317675	
306865	308259	309405	310317	311711	
306015	307662	308024	309246	310582	
308328	309587	309931	311537	312904	
307745	309131	310148	311657	312636	
306874	308381	309343	310345	311809	
310846	311946	312771	314156	316360	
311794	312981	314049	314754	316036	
311161	312415	313019	314381	315559	
310717	312533	313799	314803	316009	
311824	313775	313863	315283	316585	
311675	314086	314555	315338	316970	
312670	314570	314548	315882	317784	
314107	315368	315979	317445	318537	
314565	316471	316848	318049	319704	
311135	313272	314221	315171	316278	
312208	313779	314726	316375	317863	
311771	313456	314463	315651	317047	
308767	310683	310679	312520	313702	
311293	312786	313561	314912	315617	
313118	314390	314946	316589	318118	
314188	315640	316940	317901	319475	
312636	313961	314503	315608	316970	
312328	313619	314225	315758	317146	
311148	312914	313118	314351	315895	
306758	307916	309071	310122	311360	
314499	315904	317135	318591	320191	
315867	318332	318760	319458	321546	
311837	313281	314178	315546	316991	
309368	310910	311338	312578	313970	
303002	304767	304867	306884	307460	
306893	308805	309529	310854	312415	
311396	312964	313929	315758	316647	
315623	316927	317604	318887	320664	
312797	315137	316216	317084	318255	
314919	316576	317681	318471	320158	
314426	315904	316882	317786	319433	
311315	313328	313572	314850	316863	
312734	313788	314480	314782	317122	
310642	312276	312820	313585	315743	
303972	305897	306505	308116	309184	
295775	296959	297525	299109	300317	
301488	303587	303737	305099	307150	
305467	306861	308096	309418	310953	
312754	313606	314908	316096	317572	
311666	312827	313814	314998	316632	
309403	310651	311790	312775	314353	
308150	309758	310621	310788	312435	
307392	309385	309734	311148	312355	
307308	308859	309227	310437	312197	
298338	299949	300976	301677	302642	
277752	279394	280013	281212	281966	
272358	274128	273681	275490	276463	
259567	260938	261820	262741	263692	
265745	266852	267835	268493	269895	
258426	259942	259976	261409	262769	
241561	243017	243441	244146	245773	
243642	245420	245897	246724	248426	
248829	249610	249833	251116	252330	
225687	226955	227263	227972	229863	
260276	261522	261743	262621	264240	
259165	260062	260822	261364	262773	
248998	250154	251193	252013	252983	
245445	246353	246801	247178	248587	
215009	216949	217700	217985	219493	
194942	196722	197176	197443	198368	
248370	249839	250338	251210	252679	
260880	261957	262493	263435	264439	
220687	221698	222936	223094	224522	
217105	218694	218317	219852	221165	
237544	238467	238857	240319	241702	
245771	247323	248000	248366	250131	
239499	241407	241471	242180	243687	
234255	234964	235662	236597	237929	
214137	214989	215779	216366	217400	
243544	244580	245550	246293	248285	
235253	236537	237512	238364	238919	
233268	234587	235019	236146	237253	
257263	258317	259188	260293	261859	
269889	271385	272266	273469	274535	
286013	287289	288049	288668	290375	
300171	302039	302726	303779	305448	
304490	305878	306704	307863	309827	
292169	294047	294270	295195	296340	
288762	290011	291345	292081	293443	
294670	296985	297319	298450	299589	
302319	304580	305103	306223	307469	
298024	299034	300124	301396	302865	
279642	281176	281957	283336	284985	
295636	297150	297797	298835	300135	
282563	284227	284381	285998	287084	
287717	289319	289745	290328	291904	
296490	298101	299004	300039	301319	
270822	272261	272557	273600	274863	
238355	239296	240328	241210	241520	
222030	222844	223692	224426	225426	
251985	252882	253728	254595	255998	
280724	282345	283385	284559	285880	
254148	255824	256529	256794	258645	
249482	250773	251201	252679	253959	
255143	256045	256861	257362	258752	
249028	249677	250610	251660	252488	
258677	260300	260790	261544	263304	
272848	274336	274803	275773	277017	
276700	278353	278857	279711	280833	
268458	268786	269420	270253	272394	
225957	226186	227368	228535	229276	
239914	241062	241756	241914	243430	
279336	280696	281319	282375	283212	
267032	268381	268805	270212	270921	
275679	277049	277818	277756	280218	
272884	274936	275291	276550	278619	
262872	264527	265139	265606	267019	
260625	261831	262475	263597	264458	
234833	235938	236600	237223	238812	
271764	273197	274255	275113	276261	
288627	290171	291045	291940	293527	
279081	280979	281493	282713	283630	
286180	287167	288452	289814	290846	
260574	262036	262711	263861	265028	
262627	263670	264456	265302	266572	
227683	229019	229426	230084	231381	
223443	225555	225642	226255	227848	
263221	264156	264839	266340	267632	
277146	278141	278585	279964	281343	
277086	278683	278869	279743	281411	
293336	294957	295638	296668	298807	
296786	298158	298940	300051	301158	
267546	268863	269681	270595	271612	
255255	256268	257852	258454	259533	
233184	235375	234906	235895	237208	
239788	240914	241238	242032	243169	
254253	255623	255749	256996	258418	
265418	266430	267340	267972	269321	
290809	292493	292878	294478	295405	
296054	297482	297839	299353	300846	
278861	280392	281251	282186	283563	
278206	278968	279940	280638	282467	
249161	250094	250587	251578	253156	
258064	259146	259574	260794	262687	
284099	285116	286143	286398	287983	
282180	283482	283869	285527	286865	
259606	261103	261332	262949	264013	
262435	263679	264437	264848	266634	
271111	272537	273056	274011	275317	
286531	287484	288353	289831	291212	
281612	283486	283640	285143	285827	
267522	268946	269827	270794	271991	
266597	267820	268443	269024	271036	
289015	290507	291188	292257	293482	
303495	304848	305454	306375	308424	
303527	305081	305343	306827	307972	
302325	303347	303769	305467	306403	
290407	290887	292681	293334	294565	
300542	301021	302467	303011	304418	
303619	304645	305797	306931	308645	
300167	301953	302180	303623	304968	
292236	294176	294308	295647	296927	
295340	296606	297002	298469	299803	
305692	307221	307711	309026	310555	
316411	317985	318364	319882	321734	
318355	320325	320649	322347	323565	
317191	318968	319775	321141	323116	
317154	317908	319131	320306	322600	
302987	304223	305077	306193	307647	
308032	309752	310726	311690	313651	
311246	313058	313124	314857	316426	
301910	302747	303565	304546	306103	
298182	299964	300240	301353	303236	
305880	306589	308229	309520	310045	
305458	306942	308296	309473	310415	
304786	306066	306726	307951	309767	
299452	300814	301914	302831	304261	
305454	306552	307895	308816	310931	
304854	306473	307131	308692	310289	
298186	299895	300557	302107	303325	
299570	301347	301949	302276	304015	
299803	301355	301700	302809	304473	
304762	305906	306839	308000	309323	
308645	310306	311460	312482	313957	
300270	302128	301955	303700	305268	
307137	309325	309490	311051	312358	
311313	313370	314338	315139	316518	
313379	314929	315576	316602	318191	
313809	315478	316595	317321	319364	
313576	315655	316788	317818	319118	
314606	315632	316570	317809	319615	
318478	320313	320951	321910	323520	
312310	313349	314180	315784	317298	
304124	305645	306546	307441	308514	
307032	308426	309278	310535	312227	
303488	305081	305664	306749	309041	
301690	302985	303664	304537	306711	
296467	297968	298696	299593	301272	
300287	302381	302777	303996	305105	
307041	308180	308570	310445	311561	
307276	309270	309212	309816	312208	
309400	310861	311968	313422	314610	
309088	310206	311574	312690	314182	
314394	315910	317287	318000	319293	
309792	311972	312364	313426	315041	
311782	313985	315266	315617	317071	
318893	319953	320647	321889	323698	
315745	317782	317983	318861	320786	
313000	314088	314797	315974	317884	
313542	315021	315503	316683	318128	
302987	304771	305495	306330	307647	
302310	303623	303493	305111	307060	
314441	315441	316248	318021	319113	
309499	311225	311345	312983	314004	
304002	305428	305899	307150	309169	
312927	315051	315711	316878	318383	
314775	316319	317379	318218	319878	
315784	317574	318552	319660	321368	
308107	309745	310199	311096	313135	
304225	305876	306707	307878	309373	
312548	313195	314317	315381	316615	
318107	319919	320872	321255	323482	
320229	322377	323820	323929	325060	
320816	322302	323368	324128	326233	
318814	319424	320760	321854	323857	
320623	321734	322820	324244	326004	
322146	323024	324381	325730	326544	
320625	322291	323161	324109	325638	
321092	323473	323570	324844	326576	
321268	322593	324045	325131	326407	
315842	316979	317762	318480	320445	
316041	317552	319021	319255	320944	
317028	318385	319096	320448	321923	
309919	311666	312244	313330	314818	
310034	312537	313244	313859	315516	
315373	316248	317467	318604	320482	
318940	319657	320692	322116	323959	
320957	322510	323281	323951	326026	
322124	324424	324655	325970	327362	
322435	324071	324687	325970	327670	
323315	325225	325360	326857	328548	
323415	325257	325970	326946	328649	
323094	324807	325422	326570	328642	
320225	321645	322591	323081	325193	
310976	312109	313152	314062	315779	
315385	316936	317953	319366	320998	
320471	321799	322373	323460	325475	
321101	322158	323255	323895	325957	
321191	323002	323754	325039	326345	
321961	323413	324465	325734	326972	
321728	323137	324075	325107	326927	
319634	320884	321681	323000	324488	
319561	321171	321749	322666	324974	
318522	319970	321015	322612	323961	
319400	320450	321968	322621	324497	
320604	322437	323161	324158	325867	
320480	322066	323011	323531	325355	
318901	319610	320760	321882	323493	
320522	321824	322955	323651	325681	
321923	323122	324064	325086	326606	
321762	323604	324163	325028	326919	
322161	323719	324724	325385	327208	
320764	322803	323465	324373	326323	
315775	317336	317972	319009	320615	
316931	318094	319058	319867	321516	
306381	307561	307679	309732	310889	
309276	310405	311435	312251	314490	
315820	317439	318478	319103	320805	
317512	318636	319064	320895	322465	
319488	320400	321672	322683	324411	
320345	321961	323512	324150	325655	
320418	322248	323203	323844	325621	
318565	320480	320728	322415	323863	
314681	316034	317480	318627	320458	
316824	318317	319343	320180	322111	
312634	314246	315101	316443	317872	
303398	304285	304208	305916	307501	
313013	314486	315625	316792	318077	
315670	316919	318364	319315	320580	
316985	318285	319512	320392	322047	
319133	320758	320989	322574	324664	
319666	321197	321850	323176	324707	
318912	320319	321938	323206	324197	
314529	316383	316653	318045	319422	
312595	314321	314544	315741	317430	
312017	313368	314165	315739	316657	
316304	317743	318865	319835	321743	
317555	319985	320865	321734	323557	
317910	319655	320118	320769	323289	
309816	311405	312589	313358	315113	
314692	316709	317745	318347	320028	
317805	319340	320415	320767	322884	
318887	320794	321769	322694	323859	
319469	321081	321788	322576	324702	
319801	321191	321687	323722	324672	
318463	319704	320227	321518	323124	
317912	319296	320550	321133	323173	
317904	320021	320525	321405	323430	
315878	317717	318512	320210	321522	
313381	315351	315302	316480	318630	
314208	315741	316790	317400	319559	
316548	317837	319400	320683	322229	
316578	318769	319670	320799	322559	
316833	318636	319323	320154	322512	
315289	316505	317769	318214	320422	
309051	310105	311625	312655	314482	
313379	315043	315719	317122	318741	
313655	314880	315908	317777	318906	
314000	315009	316176	316319	318574	
315991	317154	317923	319308	320722	
315418	317161	318240	319261	321385	
316390	317931	318842	320364	321589	
315531	317469	318345	319184	320390	
312090	313340	314173	315291	317313	
308471	310045	311355	312450	313591	
313261	314473	315531	316857	318178	
313113	314743	315206	316120	318368	
307726	309570	310747	311704	312580	
311991	313030	313439	315306	316246	
314118	315704	316090	317891	318912	
313238	314942	315994	317304	318767	
313540	315116	315989	316645	318221	
312760	314627	315600	316094	317884	
308542	310572	310846	311381	312912	
303974	305816	306362	308218	309499	
298021	300469	300405	301503	303767	
303015	304572	305570	307109	308310	
305428	306315	307754	308362	309961	
306321	307739	308407	309647	310786	
299146	300769	301717	302415	304051	
245884	247156	247623	248520	249677	
170994	171782	172612	173122	173730	
131156	132024	132079	132927	133771	
113188	113544	114276	114332	114981	
89522.5	89800.9	90006.4	90374.7	91207.7	
69680.9	70040.7	70055.7	70385.4	70863	
57349	57721.6	58017.1	58012.8	58447.5	
49747.3	50107.1	50149.9	50569.6	50565.3	
47841.5	48222.7	48265.5	48376.9	48591	
48220.6	48456.1	48543.9	48980.7	49169.2	
54271.9	54460.4	55000	54747.3	55319.1	
61220.6	61573.9	61706.6	61957.2	62366.2	
75072.8	75601.7	75781.6	76406.9	76439	
92402.6	93096.4	93413.3	93516.1	94184.2	
116445	116557	116908	117664	117837	
142418	143351	143497	144131	145000	
208246	209388	209754	210550	211585	
227606	228259	229270	230330	231435	
190715	191961	192373	192970	193966	
181186	181876	182951	183512	184351	
139908	141223	141298	141837	142696	
150700	151550	151991	152572	153328	
130604	131679	131790	132287	133039	
116782	117109	117328	117991	118495	
144024	144657	144737	145585	146362	
110169	110777	110976	111317	111904	
130488	130953	131548	131507	132550	
146242	147210	147062	147486	148445	
112420	113238	113597	113887	114368	
151820	152797	153002	153426	154266	
158161	158630	159351	159949	160752	
124051	124728	125300	125743	126075	
170591	171544	171951	172690	173135	
179726	180884	181236	181946	182640	
140955	141490	142296	142732	143698	
184567	185450	185507	186719	187668	
207713	209822	209880	210636	211683	
165368	166124	166182	166848	167497	
189334	189876	190334	191448	192507	
232302	234120	234107	234542	235773	
201036	202379	202961	203946	204379	
191041	191901	192409	193028	194405	
234981	236469	236906	237349	238816	
236036	236514	237829	238054	239582	
201092	202075	202582	203415	204662	
226696	227548	228439	228861	230719	
261028	262537	263195	263433	265173	
239587	240788	241717	242606	243872	
226876	228283	228392	229364	230925	
263422	265006	265223	266323	267906	
278544	279668	280732	281456	282758	
259790	261073	261604	262516	264180	
255968	256713	257582	258681	259929	
282657	283203	284041	284657	286861	
292203	293985	294458	295392	297111	
279126	280024	280281	281893	283257	
273113	274655	275482	276552	278064	
288379	290069	290715	291970	293351	
292876	293655	295186	296111	297124	
289099	290116	291257	292767	293872	
283552	285283	286024	286891	288625	
296111	296901	297347	298585	300435	
300619	302287	302535	303854	305732	
296816	297923	298308	299685	301377	
287193	288722	289413	290415	292218	
285597	287360	288176	289615	290904	
293212	294717	296026	296934	297908	
298666	299976	300154	301827	303178	
294865	296321	296634	298739	300096	
293754	295634	296084	297430	299064	
289422	291227	292302	293169	294653	
295582	297223	297801	299398	300869	
301075	302833	303542	304381	306163	
300955	302946	303713	304730	306323	
303867	304762	305623	306392	307852	
306411	307627	308544	308852	310752	
306501	308400	309069	309934	311293	
305088	306291	306812	307929	309409	
298015	299647	300531	301460	302927	
298420	299467	300567	302000	303111	
296302	298126	299336	300225	301709	
292143	293961	294306	295694	296897	
297349	298567	299409	300662	302257	
300842	301974	302563	303724	304850	
300884	301910	302422	304171	305302	
301803	302959	303786	304443	306231	
299964	300882	301991	302799	304242	
299276	301101	301612	303058	304347	
301355	302178	303270	304244	306101	
299062	299754	300809	302021	303846	
297910	299285	300006	301531	302921	
301383	303163	303786	304728	306206	
302285	303398	304582	305261	306951	
301497	302747	303809	304887	306024	
301666	303308	304141	304824	306604	
303167	304623	305036	306645	307304	
304420	305899	306672	306777	308396	
304392	305814	306683	307099	308666	
304131	306137	305876	307887	308912	
299946	301784	302854	304069	305315	
295707	297574	297649	298897	300578	
298786	300623	301317	302544	304111	
299730	300668	301056	302452	304139	
294283	295859	296246	297176	299480	
288591	290510	291013	291707	292867	
294176	294912	296441	296940	298874	
297597	298784	299441	300675	302287	
299790	301456	302484	303469	304989	
300240	302077	302623	303454	305165	
301238	302334	302976	303991	306156	
301413	302931	303550	304653	306383	
300079	301400	302313	303004	304600	
298985	300792	301317	302908	304214	
300715	302064	302906	303756	305403	
301362	302473	303208	303964	306443	
301152	303084	303606	304124	306188	
302184	303572	304343	305366	307000	
302268	303959	304242	305458	306899	
302139	303891	304887	305529	306784	
299090	300370	301285	302525	303854	
296610	298171	298381	299653	300878	
294593	296103	296991	297413	299191	
294531	295970	296773	298578	299362	
298103	299488	300349	301180	303081	
299036	300019	301544	301904	304054	
292760	293989	294582	295974	297015	
291891	293692	294666	295004	297141	
297343	298520	298704	300683	302109	
299011	300865	301191	302957	304009	
299268	300816	301355	302351	304218	
298940	300096	300998	301867	303546	
293544	295107	295610	296756	298355	
295756	297101	297976	298901	300743	
297970	299636	300242	301737	302846	
298587	300424	300792	302595	303405	
299131	300769	301407	302218	303437	
297730	298794	299550	301131	301859	
292505	294475	294936	296336	297405	
291842	293681	293863	295859	296869	
292171	293604	294021	294848	296512	
295077	295927	296619	298133	299694	
295925	297146	297852	299186	300304	
296527	298345	299105	300522	301124	
296433	297878	298872	299904	300848	
292454	294486	295223	296597	297615	
293696	295302	296002	297368	298675	
291325	292959	293317	294542	295867	
292375	294212	294679	296135	296961	
294602	296540	297212	298454	299390	
296028	297634	298612	299822	301454	
297251	298285	299439	299642	301203	
297304	298685	299143	301045	301099	
297330	298974	299420	301017	302099	
296865	298323	299021	300435	301621	
297353	298441	299152	300516	301756	
297707	298051	299595	300296	302336	
295600	297968	298405	299627	301711	
295289	297422	297934	298771	300054	
295621	296857	297998	299073	300300	
295058	297306	297218	298336	299769	
289970	291315	291996	292679	294908	
283889	285580	287069	287319	288807	
287251	289274	289865	290820	292030	
285411	287148	287259	288773	290011	
286893	289009	289437	290158	292107	
290193	291428	292171	293850	295336	
291597	293019	293334	294445	296501	
292899	294443	294812	295976	297109	
292336	293362	294694	295687	297520	
292334	293807	293852	294520	296724	
291919	293529	293961	295304	296974	
293358	293925	295028	295719	297071	
291724	292771	293790	294790	296666	
288480	289991	290797	292056	293086	
290308	292218	292368	293332	295073	
291493	292587	293713	294396	295889	
289418	291021	291184	292394	294021	
288737	290368	290814	291979	293212	
290392	291779	292420	293865	294683	
290719	292268	293289	294154	295625	
289679	291173	292927	293670	295124	
289668	290505	291469	292833	293651	
288771	290229	290666	291777	293469	
286859	288797	289000	290510	292084	
285694	287276	287495	288672	289914	
288368	288625	289450	290610	292576	
287186	288724	289193	290223	291760	
285278	286829	288002	288120	289777	
285938	287792	288351	289315	290944	
286328	287617	288188	289394	290801	
285737	287792	287640	288822	290488	
280679	282034	282782	283880	285567	
280771	282193	283625	284379	285488	
282822	284024	284961	285818	286854	
279717	280972	281876	283015	283820	
279921	281503	282518	283343	285099	
282709	283895	284989	285385	286634	
283062	283955	285009	286180	287458	
280503	282332	282728	283565	285567	
279901	281773	281816	283276	284463	
280591	281773	282882	284069	284994	
279782	280719	281152	282103	283435	
275842	277133	277510	279313	280133	
273550	275456	275773	276649	278054	
268936	270261	270944	272338	273882	
266884	268011	268792	269617	271989	
275308	276210	276812	277621	279319	
278118	279606	280039	280865	281854	
272728	274188	275086	276319	277887	
267936	269422	269687	270949	272424	
272188	274148	274552	275407	276675	
277171	278991	279302	281066	282137	
278887	280248	281677	282512	283777	
273557	275328	275972	276370	277927	
267548	268884	269214	270347	271923	
269884	271469	271784	272670	274454	
270820	271923	272191	273627	275099	
271940	273895	274197	275178	276949	
272034	273229	273949	274929	276520	
268893	270330	270520	271319	273587	
264323	265704	266732	267221	268542	
266388	268156	268424	269786	270919	
265582	267310	267206	268349	269959	
270015	271486	271887	272824	274520	
268261	269775	269734	270876	272373	
267869	269595	270032	270927	271878	
270507	271972	272418	273576	275388	
265105	266578	267580	268510	269441	
261829	262878	264148	264634	266180	
261572	262660	262951	264285	265587	
259146	259805	261075	261842	263030	
265011	265634	266739	267471	268734	
269298	270653	270878	272047	273518	
264263	265600	265687	266827	268330	
263034	264563	265576	266169	267503	
267632	269704	270088	270315	272233	
267520	269015	269929	270991	272173	
266323	268358	268576	269368	270424	
262625	263420	264647	264824	266771	
258221	259685	260591	261919	262675	
259026	259961	261026	261724	262998	
263606	264559	265024	266600	267437	
266741	267857	268443	269608	270540	
265199	266672	267452	268261	269253	
266670	267317	268225	269632	270574	
267107	267615	268411	269054	270709	
266664	268233	269047	268951	270745	
265814	267373	267998	269383	270713	
261987	262501	263996	264191	265105	
257565	258833	259343	260773	261752	
253880	255026	255415	257069	257405	
250253	251201	252480	253225	254606	
249964	251443	251775	252546	254475	
255597	256916	257552	258328	259848	
260407	261897	261919	263636	264627	
258058	259475	260088	261293	262105	
258340	259951	260788	261790	262638	
258238	259570	260079	261169	262308	
259880	260188	262004	262752	263754	
261758	262961	263597	264771	266300	
261465	262790	263910	264572	265555	
262122	263884	264559	264889	266762	
262814	263777	264623	265111	267422	
261715	263073	263225	264687	265400	
260308	261910	262263	263165	264782	
261681	263484	263867	264304	265949	
259180	260799	261017	262345	263143	
257313	259024	259664	260368	261182	
257073	258362	259094	260019	261139	
257403	258842	259208	260379	261409	
259944	261272	261762	262850	263578	
258358	260330	260878	261522	262912	
258221	259619	260602	260760	262261	
256548	257981	258278	259349	260332	
254334	256291	256559	257141	258741	
255218	256854	257283	258542	259433	
248692	249803	250030	251625	252762	
239351	240664	241296	242028	243156	
240525	241574	242420	243006	244340	
245047	247268	247908	248069	250169	
246079	247360	247407	248756	249555	
245788	246839	247752	248591	249456	
241090	241946	242872	243302	244645	
232478	233433	233338	234439	236156	
237096	239116	239310	240743	241201	
237754	238745	239229	240268	241507	
231927	233298	233756	234690	235835	
225638	227281	227640	228557	229719	
228308	229285	229824	230627	231929	
229004	229767	230510	231550	232407	
227146	227923	228668	229486	230293	
225912	227512	227355	228355	229961	
221904	223131	223298	224375	225315	
217794	219240	219839	220612	221561	
213169	214210	214827	215797	216739	
210850	212017	212739	213308	214385	
207899	209321	209640	210233	211805	
201694	202122	202702	203679	205058	
199666	200066	200899	202036	202370	
201632	202974	203193	203745	204777	
201214	202409	202373	203610	204255	
198176	198370	199413	200233	201178	
193308	194180	194734	195908	196702	
190704	191996	192169	192979	193604	
191137	191587	191679	192882	193687	
188961	190021	190857	191109	192814	
186901	188388	188263	189272	190066	
183897	184786	185270	185979	187304	
178827	179782	180084	180737	181983	
174291	175340	175236	176328	176842	
168103	168790	169242	169867	170719	
3608.14	3606	3591.01	3606	3599.57	
3576.02	3576.02	3576.02	3571.73	3567.45	
3554.6	3565.31	3578.16	3571.73	3569.59	
3565.31	3563.17	3565.31	3565.31	3565.31	
