3852.87	3850.57	3852.87	3850.57	3852.87	
3825.29	3825.29	3825.29	3825.29	3825.29	
3813.79	3811.49	3813.79	3811.49	3813.79	
3809.2	3818.39	3809.2	3818.39	3809.2	
3818.39	3820.69	3818.39	3820.69	3818.39	
3825.29	3822.99	3825.29	3822.99	3825.29	
3816.09	3820.69	3816.09	3820.69	3816.09	
3834.48	3834.48	3834.48	3834.48	3834.48	
3818.39	3822.99	3818.39	3822.99	3818.39	
3839.08	3836.78	3839.08	3836.78	3839.08	
3829.89	3843.68	3829.89	3843.68	3829.89	
3841.38	3834.48	3841.38	3834.48	3841.38	
3834.48	3832.18	3834.48	3832.18	3834.48	
3832.18	3839.08	3832.18	3839.08	3832.18	
3836.78	3836.78	3836.78	3836.78	3836.78	
3822.99	3825.29	3822.99	3825.29	3822.99	
3820.69	3827.59	3820.69	3827.59	3820.69	
3845.98	3836.78	3845.98	3836.78	3845.98	
3836.78	3836.78	3836.78	3836.78	3836.78	
3834.48	3836.78	3834.48	3836.78	3834.48	
3848.28	3827.59	3848.28	3827.59	3848.28	
3825.29	3827.59	3825.29	3827.59	3825.29	
3827.59	3834.48	3827.59	3834.48	3827.59	
3834.48	3832.18	3834.48	3832.18	3834.48	
3836.78	3834.48	3836.78	3834.48	3836.78	
3827.59	3839.08	3827.59	3839.08	3827.59	
3834.48	3829.89	3834.48	3829.89	3834.48	
3832.18	3829.89	3832.18	3829.89	3832.18	
3832.18	3836.78	3832.18	3836.78	3832.18	
3822.99	3836.78	3822.99	3836.78	3822.99	
3836.78	3834.48	3836.78	3834.48	3836.78	
3834.48	3834.48	3834.48	3834.48	3834.48	
3839.08	3839.08	3839.08	3839.08	3839.08	
3822.99	3836.78	3822.99	3836.78	3822.99	
3829.89	3843.68	3829.89	3843.68	3829.89	
3832.18	3825.29	3832.18	3825.29	3832.18	
3836.78	3832.18	3836.78	3832.18	3836.78	
3829.89	3827.59	3829.89	3827.59	3829.89	
3850.57	3845.98	3850.57	3845.98	3850.57	
3834.48	3836.78	3834.48	3836.78	3834.48	
3834.48	3836.78	3834.48	3836.78	3834.48	
3834.48	3834.48	3834.48	3834.48	3834.48	
3834.48	3841.38	3834.48	3841.38	3834.48	
3836.78	3832.18	3836.78	3832.18	3836.78	
3834.48	3841.38	3834.48	3841.38	3834.48	
3839.08	3845.98	3839.08	3845.98	3839.08	
3843.68	3843.68	3843.68	3843.68	3843.68	
3832.18	3836.78	3832.18	3836.78	3832.18	
3829.89	3834.48	3829.89	3834.48	3829.89	
3836.78	3841.38	3836.78	3841.38	3836.78	
3845.98	3832.18	3845.98	3832.18	3845.98	
3832.18	3845.98	3832.18	3845.98	3832.18	
3841.38	3832.18	3841.38	3832.18	3841.38	
3841.38	3829.89	3841.38	3829.89	3841.38	
3825.29	3829.89	3825.29	3829.89	3825.29	
3839.08	3829.89	3839.08	3829.89	3839.08	
3829.89	3841.38	3829.89	3841.38	3829.89	
3832.18	3832.18	3832.18	3832.18	3832.18	
3836.78	3836.78	3836.78	3836.78	3836.78	
3834.48	3834.48	3834.48	3834.48	3834.48	
3841.38	3839.08	3841.38	3839.08	3841.38	
3836.78	3841.38	3836.78	3841.38	3836.78	
3839.08	3832.18	3839.08	3832.18	3839.08	
3845.98	3834.48	3845.98	3834.48	3845.98	
3839.08	3839.08	3839.08	3839.08	3839.08	
3850.57	3839.08	3850.57	3839.08	3850.57	
3829.89	3834.48	3829.89	3834.48	3829.89	
3834.48	3834.48	3834.48	3834.48	3834.48	
3843.68	3834.48	3843.68	3834.48	3843.68	
3839.08	3829.89	3839.08	3829.89	3839.08	
3832.18	3836.78	3832.18	3836.78	3832.18	
3832.18	3829.89	3832.18	3829.89	3832.18	
3839.08	3841.38	3839.08	3841.38	3839.08	
3839.08	3841.38	3839.08	3841.38	3839.08	
3834.48	3841.38	3834.48	3841.38	3834.48	
3839.08	3839.08	3839.08	3839.08	3839.08	
3825.29	3836.78	3825.29	3836.78	3825.29	
3841.38	3834.48	3841.38	3834.48	3841.38	
3834.48	3839.08	3834.48	3839.08	3834.48	
3836.78	3836.78	3836.78	3836.78	3836.78	
3834.48	3834.48	3834.48	3834.48	3834.48	
3832.18	3836.78	3832.18	3836.78	3832.18	
3822.99	3829.89	3822.99	3829.89	3822.99	
3855.17	3834.48	3855.17	3834.48	3855.17	
3836.78	3829.89	3836.78	3829.89	3836.78	
3839.08	3832.18	3839.08	3832.18	3839.08	
3836.78	3839.08	3836.78	3839.08	3836.78	
3829.89	3829.89	3829.89	3829.89	3829.89	
3836.78	3839.08	3836.78	3839.08	3836.78	
3841.38	3832.18	3841.38	3832.18	3841.38	
3825.29	3832.18	3825.29	3832.18	3825.29	
3839.08	3827.59	3839.08	3827.59	3839.08	
3843.68	3832.18	3843.68	3832.18	3843.68	
3829.89	3832.18	3829.89	3832.18	3829.89	
3834.48	3834.48	3834.48	3834.48	3834.48	
3825.29	3839.08	3825.29	3839.08	3825.29	
3848.28	3836.78	3848.28	3836.78	3848.28	
3845.98	3832.18	3845.98	3832.18	3845.98	
3836.78	3836.78	3836.78	3836.78	3836.78	
3834.48	3834.48	3834.48	3834.48	3834.48	
3829.89	3839.08	3829.89	3839.08	3829.89	
3834.48	3829.89	3834.48	3829.89	3834.48	
3829.89	3841.38	3829.89	3841.38	3829.89	
3820.69	3839.08	3820.69	3839.08	3820.69	
3832.18	3848.28	3832.18	3848.28	3832.18	
3827.59	3829.89	3827.59	3829.89	3827.59	
3832.18	3834.48	3832.18	3834.48	3832.18	
3839.08	3836.78	3839.08	3836.78	3839.08	
3829.89	3843.68	3829.89	3843.68	3829.89	
3829.89	3843.68	3829.89	3843.68	3829.89	
3834.48	3839.08	3834.48	3839.08	3834.48	
3832.18	3829.89	3832.18	3829.89	3832.18	
3834.48	3827.59	3834.48	3827.59	3834.48	
3825.29	3822.99	3825.29	3822.99	3825.29	
3834.48	3834.48	3834.48	3834.48	3834.48	
3836.78	3841.38	3836.78	3841.38	3836.78	
3827.59	3836.78	3827.59	3836.78	3827.59	
3834.48	3839.08	3834.48	3839.08	3834.48	
3829.89	3841.38	3829.89	3841.38	3829.89	
3834.48	3843.68	3834.48	3843.68	3834.48	
3834.48	3841.38	3834.48	3841.38	3834.48	
3834.48	3829.89	3834.48	3829.89	3834.48	
3839.08	3839.08	3839.08	3839.08	3839.08	
3843.68	3841.38	3843.68	3841.38	3843.68	
3841.38	3836.78	3841.38	3836.78	3841.38	
3841.38	3832.18	3841.38	3832.18	3841.38	
3827.59	3829.89	3827.59	3829.89	3827.59	
3834.48	3834.48	3834.48	3834.48	3834.48	
3834.48	3832.18	3834.48	3832.18	3834.48	
3832.18	3832.18	3832.18	3832.18	3832.18	
3839.08	3832.18	3839.08	3832.18	3839.08	
3822.99	3834.48	3822.99	3834.48	3822.99	
3843.68	3841.38	3843.68	3841.38	3843.68	
3839.08	3836.78	3839.08	3836.78	3839.08	
3832.18	3832.18	3832.18	3832.18	3832.18	
3841.38	3836.78	3841.38	3836.78	3841.38	
3839.08	3841.38	3839.08	3841.38	3839.08	
3832.18	3841.38	3832.18	3841.38	3832.18	
3827.59	3836.78	3827.59	3836.78	3827.59	
3839.08	3836.78	3839.08	3836.78	3839.08	
3829.89	3827.59	3829.89	3827.59	3829.89	
3836.78	3829.89	3836.78	3829.89	3836.78	
3836.78	3839.08	3836.78	3839.08	3836.78	
3827.59	3839.08	3827.59	3839.08	3827.59	
3832.18	3850.57	3832.18	3850.57	3832.18	
3832.18	3839.08	3832.18	3839.08	3832.18	
3829.89	3827.59	3829.89	3827.59	3829.89	
3841.38	3839.08	3841.38	3839.08	3841.38	
3829.89	3836.78	3829.89	3836.78	3829.89	
3839.08	3839.08	3839.08	3839.08	3839.08	
3834.48	3843.68	3834.48	3843.68	3834.48	
3836.78	3829.89	3836.78	3829.89	3836.78	
3834.48	3832.18	3834.48	3832.18	3834.48	
3832.18	3827.59	3832.18	3827.59	3832.18	
3832.18	3829.89	3832.18	3829.89	3832.18	
3839.08	3841.38	3839.08	3841.38	3839.08	
3825.29	3829.89	3825.29	3829.89	3825.29	
3843.68	3827.59	3843.68	3827.59	3843.68	
3834.48	3836.78	3834.48	3836.78	3834.48	
3836.78	3841.38	3836.78	3841.38	3836.78	
3834.48	3843.68	3834.48	3843.68	3834.48	
3832.18	3827.59	3832.18	3827.59	3832.18	
3839.08	3843.68	3839.08	3843.68	3839.08	
3841.38	3841.38	3841.38	3841.38	3841.38	
3843.68	3839.08	3843.68	3839.08	3843.68	
3832.18	3832.18	3832.18	3832.18	3832.18	
3839.08	3834.48	3839.08	3834.48	3839.08	
3843.68	3832.18	3843.68	3832.18	3843.68	
3825.29	3832.18	3825.29	3832.18	3825.29	
3841.38	3834.48	3841.38	3834.48	3841.38	
3834.48	3829.89	3834.48	3829.89	3834.48	
3839.08	3829.89	3839.08	3829.89	3839.08	
3829.89	3829.89	3829.89	3829.89	3829.89	
3843.68	3841.38	3843.68	3841.38	3843.68	
3832.18	3832.18	3832.18	3832.18	3832.18	
3836.78	3832.18	3836.78	3832.18	3836.78	
3832.18	3832.18	3832.18	3832.18	3832.18	
3836.78	3834.48	3836.78	3834.48	3836.78	
3834.48	3829.89	3834.48	3829.89	3834.48	
3829.89	3836.78	3829.89	3836.78	3829.89	
3825.29	3836.78	3825.29	3836.78	3825.29	
3832.18	3839.08	3832.18	3839.08	3832.18	
3836.78	3834.48	3836.78	3834.48	3836.78	
3836.78	3829.89	3836.78	3829.89	3836.78	
3829.89	3825.29	3829.89	3825.29	3829.89	
3836.78	3843.68	3836.78	3843.68	3836.78	
3841.38	3832.18	3841.38	3832.18	3841.38	
3832.18	3836.78	3832.18	3836.78	3832.18	
3834.48	3843.68	3834.48	3843.68	3834.48	
3836.78	3825.29	3836.78	3825.29	3836.78	
3839.08	3841.38	3839.08	3841.38	3839.08	
3834.48	3825.29	3834.48	3825.29	3834.48	
3834.48	3832.18	3834.48	3832.18	3834.48	
3839.08	3827.59	3839.08	3827.59	3839.08	
3827.59	3836.78	3827.59	3836.78	3827.59	
3829.89	3827.59	3829.89	3827.59	3829.89	
3832.18	3841.38	3832.18	3841.38	3832.18	
3834.48	3841.38	3834.48	3841.38	3834.48	
3832.18	3834.48	3832.18	3834.48	3832.18	
3829.89	3832.18	3829.89	3832.18	3829.89	
3832.18	3829.89	3832.18	3829.89	3832.18	
3827.59	3834.48	3827.59	3834.48	3827.59	
3822.99	3839.08	3822.99	3839.08	3822.99	
3832.18	3841.38	3832.18	3841.38	3832.18	
3841.38	3836.78	3841.38	3836.78	3841.38	
3829.89	3834.48	3829.89	3834.48	3829.89	
3825.29	3834.48	3825.29	3834.48	3825.29	
3832.18	3843.68	3832.18	3843.68	3832.18	
3839.08	3834.48	3839.08	3834.48	3839.08	
3834.48	3825.29	3834.48	3825.29	3834.48	
3829.89	3832.18	3829.89	3832.18	3829.89	
3841.38	3836.78	3841.38	3836.78	3841.38	
3832.18	3834.48	3832.18	3834.48	3832.18	
3832.18	3834.48	3832.18	3834.48	3832.18	
3841.38	3829.89	3841.38	3829.89	3841.38	
3832.18	3829.89	3832.18	3829.89	3832.18	
3827.59	3834.48	3827.59	3834.48	3827.59	
3836.78	3841.38	3836.78	3841.38	3836.78	
3839.08	3841.38	3839.08	3841.38	3839.08	
3829.89	3841.38	3829.89	3841.38	3829.89	
3829.89	3825.29	3829.89	3825.29	3829.89	
3829.89	3841.38	3829.89	3841.38	3829.89	
3820.69	3829.89	3820.69	3829.89	3820.69	
3839.08	3839.08	3839.08	3839.08	3839.08	
3839.08	3827.59	3839.08	3827.59	3839.08	
3829.89	3834.48	3829.89	3834.48	3829.89	
3834.48	3836.78	3834.48	3836.78	3834.48	
3832.18	3832.18	3832.18	3832.18	3832.18	
3829.89	3829.89	3829.89	3829.89	3829.89	
3836.78	3836.78	3836.78	3836.78	3836.78	
3836.78	3834.48	3836.78	3834.48	3836.78	
3836.78	3827.59	3836.78	3827.59	3836.78	
3836.78	3836.78	3836.78	3836.78	3836.78	
3832.18	3839.08	3832.18	3839.08	3832.18	
3829.89	3836.78	3829.89	3836.78	3829.89	
3839.08	3832.18	3839.08	3832.18	3839.08	
3822.99	3836.78	3822.99	3836.78	3822.99	
3836.78	3843.68	3836.78	3843.68	3836.78	
3829.89	3836.78	3829.89	3836.78	3829.89	
3822.99	3839.08	3822.99	3839.08	3822.99	
3832.18	3834.48	3832.18	3834.48	3832.18	
3827.59	3841.38	3827.59	3841.38	3827.59	
3825.29	3834.48	3825.29	3834.48	3825.29	
3845.98	3843.68	3845.98	3843.68	3845.98	
3829.89	3825.29	3829.89	3825.29	3829.89	
3836.78	3836.78	3836.78	3836.78	3836.78	
3834.48	3827.59	3834.48	3827.59	3834.48	
3839.08	3834.48	3839.08	3834.48	3839.08	
3829.89	3832.18	3829.89	3832.18	3829.89	
3834.48	3825.29	3834.48	3825.29	3834.48	
3829.89	3829.89	3829.89	3829.89	3829.89	
3829.89	3825.29	3829.89	3825.29	3829.89	
3832.18	3843.68	3832.18	3843.68	3832.18	
3822.99	3832.18	3822.99	3832.18	3822.99	
3839.08	3836.78	3839.08	3836.78	3839.08	
3832.18	3836.78	3832.18	3836.78	3832.18	
3832.18	3822.99	3832.18	3822.99	3832.18	
3832.18	3832.18	3832.18	3832.18	3832.18	
3832.18	3836.78	3832.18	3836.78	3832.18	
3832.18	3834.48	3832.18	3834.48	3832.18	
3836.78	3834.48	3836.78	3834.48	3836.78	
3836.78	3843.68	3836.78	3843.68	3836.78	
3832.18	3843.68	3832.18	3843.68	3832.18	
3836.78	3827.59	3836.78	3827.59	3836.78	
3834.48	3839.08	3834.48	3839.08	3834.48	
3827.59	3841.38	3827.59	3841.38	3827.59	
3832.18	3834.48	3832.18	3834.48	3832.18	
3836.78	3841.38	3836.78	3841.38	3836.78	
3829.89	3827.59	3829.89	3827.59	3829.89	
3839.08	3839.08	3839.08	3839.08	3839.08	
3834.48	3839.08	3834.48	3839.08	3834.48	
3836.78	3827.59	3836.78	3827.59	3836.78	
3834.48	3832.18	3834.48	3832.18	3834.48	
3829.89	3834.48	3829.89	3834.48	3829.89	
3839.08	3832.18	3839.08	3832.18	3839.08	
3836.78	3834.48	3836.78	3834.48	3836.78	
3827.59	3822.99	3827.59	3822.99	3827.59	
3825.29	3832.18	3825.29	3832.18	3825.29	
3827.59	3825.29	3827.59	3825.29	3827.59	
3832.18	3825.29	3832.18	3825.29	3832.18	
3836.78	3825.29	3836.78	3825.29	3836.78	
3832.18	3836.78	3832.18	3836.78	3832.18	
3834.48	3832.18	3834.48	3832.18	3834.48	
3829.89	3834.48	3829.89	3834.48	3829.89	
3836.78	3834.48	3836.78	3834.48	3836.78	
3832.18	3845.98	3832.18	3845.98	3832.18	
3829.89	3841.38	3829.89	3841.38	3829.89	
3834.48	3820.69	3834.48	3820.69	3834.48	
3836.78	3834.48	3836.78	3834.48	3836.78	
3827.59	3839.08	3827.59	3839.08	3827.59	
3827.59	3825.29	3827.59	3825.29	3827.59	
3843.68	3836.78	3843.68	3836.78	3843.68	
3829.89	3839.08	3829.89	3839.08	3829.89	
3834.48	3841.38	3834.48	3841.38	3834.48	
3834.48	3834.48	3834.48	3834.48	3834.48	
3822.99	3834.48	3822.99	3834.48	3822.99	
3834.48	3836.78	3834.48	3836.78	3834.48	
3836.78	3836.78	3836.78	3836.78	3836.78	
3832.18	3832.18	3832.18	3832.18	3832.18	
3839.08	3839.08	3839.08	3839.08	3839.08	
3829.89	3827.59	3829.89	3827.59	3829.89	
3829.89	3827.59	3829.89	3827.59	3829.89	
3832.18	3839.08	3832.18	3839.08	3832.18	
3836.78	3841.38	3836.78	3841.38	3836.78	
3836.78	3832.18	3836.78	3832.18	3836.78	
3836.78	3836.78	3836.78	3836.78	3836.78	
3836.78	3825.29	3836.78	3825.29	3836.78	
3832.18	3841.38	3832.18	3841.38	3832.18	
3829.89	3832.18	3829.89	3832.18	3829.89	
3832.18	3829.89	3832.18	3829.89	3832.18	
3827.59	3829.89	3827.59	3829.89	3827.59	
3822.99	3836.78	3822.99	3836.78	3822.99	
3829.89	3834.48	3829.89	3834.48	3829.89	
3829.89	3832.18	3829.89	3832.18	3829.89	
3832.18	3829.89	3832.18	3829.89	3832.18	
3836.78	3841.38	3836.78	3841.38	3836.78	
3834.48	3843.68	3834.48	3843.68	3834.48	
3839.08	3834.48	3839.08	3834.48	3839.08	
3829.89	3822.99	3829.89	3822.99	3829.89	
3832.18	3832.18	3832.18	3832.18	3832.18	
3836.78	3834.48	3836.78	3834.48	3836.78	
3832.18	3836.78	3832.18	3836.78	3832.18	
3834.48	3827.59	3834.48	3827.59	3834.48	
3839.08	3839.08	3839.08	3839.08	3839.08	
3834.48	3836.78	3834.48	3836.78	3834.48	
3829.89	3836.78	3829.89	3836.78	3829.89	
3827.59	3832.18	3827.59	3832.18	3827.59	
3836.78	3836.78	3836.78	3836.78	3836.78	
3829.89	3827.59	3829.89	3827.59	3829.89	
3832.18	3839.08	3832.18	3839.08	3832.18	
3827.59	3836.78	3827.59	3836.78	3827.59	
3832.18	3827.59	3832.18	3827.59	3832.18	
3832.18	3834.48	3832.18	3834.48	3832.18	
3829.89	3825.29	3829.89	3825.29	3829.89	
3836.78	3834.48	3836.78	3834.48	3836.78	
3827.59	3839.08	3827.59	3839.08	3827.59	
3836.78	3839.08	3836.78	3839.08	3836.78	
3829.89	3836.78	3829.89	3836.78	3829.89	
3822.99	3827.59	3822.99	3827.59	3822.99	
3829.89	3834.48	3829.89	3834.48	3829.89	
3832.18	3832.18	3832.18	3832.18	3832.18	
3836.78	3825.29	3836.78	3825.29	3836.78	
3820.69	3832.18	3820.69	3832.18	3820.69	
3834.48	3825.29	3834.48	3825.29	3834.48	
3825.29	3829.89	3825.29	3829.89	3825.29	
3829.89	3827.59	3829.89	3827.59	3829.89	
3825.29	3829.89	3825.29	3829.89	3825.29	
3836.78	3832.18	3836.78	3832.18	3836.78	
3832.18	3827.59	3832.18	3827.59	3832.18	
3836.78	3839.08	3836.78	3839.08	3836.78	
3832.18	3836.78	3832.18	3836.78	3832.18	
3836.78	3825.29	3836.78	3825.29	3836.78	
3827.59	3834.48	3827.59	3834.48	3827.59	
3825.29	3822.99	3825.29	3822.99	3825.29	
3832.18	3829.89	3832.18	3829.89	3832.18	
3834.48	3839.08	3834.48	3839.08	3834.48	
3827.59	3839.08	3827.59	3839.08	3827.59	
3834.48	3832.18	3834.48	3832.18	3834.48	
3827.59	3836.78	3827.59	3836.78	3827.59	
3836.78	3836.78	3836.78	3836.78	3836.78	
3822.99	3829.89	3822.99	3829.89	3822.99	
3825.29	3825.29	3825.29	3825.29	3825.29	
3839.08	3832.18	3839.08	3832.18	3839.08	
3827.59	3839.08	3827.59	3839.08	3827.59	
3827.59	3834.48	3827.59	3834.48	3827.59	
3836.78	3841.38	3836.78	3841.38	3836.78	
3834.48	3832.18	3834.48	3832.18	3834.48	
3841.38	3834.48	3841.38	3834.48	3841.38	
3841.38	3834.48	3841.38	3834.48	3841.38	
3827.59	3832.18	3827.59	3832.18	3827.59	
3836.78	3827.59	3836.78	3827.59	3836.78	
3834.48	3839.08	3834.48	3839.08	3834.48	
3829.89	3816.09	3829.89	3816.09	3829.89	
3829.89	3822.99	3829.89	3822.99	3829.89	
3836.78	3827.59	3836.78	3827.59	3836.78	
3827.59	3839.08	3827.59	3839.08	3827.59	
3841.38	3834.48	3841.38	3834.48	3841.38	
3836.78	3843.68	3836.78	3843.68	3836.78	
3827.59	3839.08	3827.59	3839.08	3827.59	
3845.98	3836.78	3845.98	3836.78	3845.98	
3843.68	3848.28	3843.68	3848.28	3843.68	
3825.29	3822.99	3825.29	3822.99	3825.29	
3839.08	3834.48	3839.08	3834.48	3839.08	
3829.89	3843.68	3829.89	3843.68	3829.89	
3825.29	3834.48	3825.29	3834.48	3825.29	
3827.59	3827.59	3827.59	3827.59	3827.59	
3836.78	3836.78	3836.78	3836.78	3836.78	
3836.78	3839.08	3836.78	3839.08	3836.78	
3827.59	3825.29	3827.59	3825.29	3827.59	
3822.99	3829.89	3822.99	3829.89	3822.99	
3832.18	3834.48	3832.18	3834.48	3832.18	
3841.38	3839.08	3841.38	3839.08	3841.38	
3834.48	3836.78	3834.48	3836.78	3834.48	
3834.48	3836.78	3834.48	3836.78	3834.48	
3841.38	3834.48	3841.38	3834.48	3841.38	
3832.18	3829.89	3832.18	3829.89	3832.18	
3832.18	3839.08	3832.18	3839.08	3832.18	
3829.89	3839.08	3829.89	3839.08	3829.89	
3836.78	3832.18	3836.78	3832.18	3836.78	
3836.78	3839.08	3836.78	3839.08	3836.78	
3832.18	3841.38	3832.18	3841.38	3832.18	
3834.48	3836.78	3834.48	3836.78	3834.48	
3827.59	3825.29	3827.59	3825.29	3827.59	
3836.78	3834.48	3836.78	3834.48	3836.78	
3825.29	3841.38	3825.29	3841.38	3825.29	
3829.89	3834.48	3829.89	3834.48	3829.89	
3834.48	3841.38	3834.48	3841.38	3834.48	
3839.08	3836.78	3839.08	3836.78	3839.08	
3829.89	3832.18	3829.89	3832.18	3829.89	
3827.59	3843.68	3827.59	3843.68	3827.59	
3829.89	3839.08	3829.89	3839.08	3829.89	
3834.48	3829.89	3834.48	3829.89	3834.48	
3832.18	3834.48	3832.18	3834.48	3832.18	
3836.78	3822.99	3836.78	3822.99	3836.78	
3839.08	3841.38	3839.08	3841.38	3839.08	
3832.18	3843.68	3832.18	3843.68	3832.18	
3832.18	3832.18	3832.18	3832.18	3832.18	
3829.89	3836.78	3829.89	3836.78	3829.89	
3836.78	3834.48	3836.78	3834.48	3836.78	
3825.29	3834.48	3825.29	3834.48	3825.29	
3829.89	3829.89	3829.89	3829.89	3829.89	
3832.18	3845.98	3832.18	3845.98	3832.18	
3832.18	3834.48	3832.18	3834.48	3832.18	
3839.08	3839.08	3839.08	3839.08	3839.08	
3834.48	3843.68	3834.48	3843.68	3834.48	
3825.29	3839.08	3825.29	3839.08	3825.29	
3829.89	3834.48	3829.89	3834.48	3829.89	
3822.99	3825.29	3822.99	3825.29	3822.99	
3839.08	3829.89	3839.08	3829.89	3839.08	
3832.18	3834.48	3832.18	3834.48	3832.18	
3822.99	3825.29	3822.99	3825.29	3822.99	
3829.89	3832.18	3829.89	3832.18	3829.89	
3825.29	3827.59	3825.29	3827.59	3825.29	
3843.68	3834.48	3843.68	3834.48	3843.68	
3845.98	3845.98	3845.98	3845.98	3845.98	
3827.59	3834.48	3827.59	3834.48	3827.59	
3825.29	3818.39	3825.29	3818.39	3825.29	
3834.48	3834.48	3834.48	3834.48	3834.48	
3825.29	3839.08	3825.29	3839.08	3825.29	
3836.78	3836.78	3836.78	3836.78	3836.78	
3836.78	3829.89	3836.78	3829.89	3836.78	
3829.89	3839.08	3829.89	3839.08	3829.89	
3841.38	3834.48	3841.38	3834.48	3841.38	
3843.68	3829.89	3843.68	3829.89	3843.68	
3843.68	3829.89	3843.68	3829.89	3843.68	
3827.59	3834.48	3827.59	3834.48	3827.59	
3834.48	3829.89	3834.48	3829.89	3834.48	
3834.48	3825.29	3834.48	3825.29	3834.48	
3841.38	3841.38	3841.38	3841.38	3841.38	
3832.18	3839.08	3832.18	3839.08	3832.18	
3832.18	3829.89	3832.18	3829.89	3832.18	
3841.38	3839.08	3841.38	3839.08	3841.38	
3827.59	3841.38	3827.59	3841.38	3827.59	
3829.89	3829.89	3829.89	3829.89	3829.89	
3832.18	3841.38	3832.18	3841.38	3832.18	
3827.59	3832.18	3827.59	3832.18	3827.59	
3836.78	3834.48	3836.78	3834.48	3836.78	
3827.59	3825.29	3827.59	3825.29	3827.59	
3829.89	3834.48	3829.89	3834.48	3829.89	
3839.08	3839.08	3839.08	3839.08	3839.08	
3829.89	3834.48	3829.89	3834.48	3829.89	
3827.59	3829.89	3827.59	3829.89	3827.59	
3834.48	3829.89	3834.48	3829.89	3834.48	
3834.48	3836.78	3834.48	3836.78	3834.48	
3832.18	3839.08	3832.18	3839.08	3832.18	
3825.29	3836.78	3825.29	3836.78	3825.29	
3841.38	3836.78	3841.38	3836.78	3841.38	
3827.59	3836.78	3827.59	3836.78	3827.59	
3832.18	3834.48	3832.18	3834.48	3832.18	
3841.38	3834.48	3841.38	3834.48	3841.38	
3825.29	3829.89	3825.29	3829.89	3825.29	
3832.18	3832.18	3832.18	3832.18	3832.18	
3832.18	3827.59	3832.18	3827.59	3832.18	
3827.59	3829.89	3827.59	3829.89	3827.59	
3832.18	3829.89	3832.18	3829.89	3832.18	
3825.29	3834.48	3825.29	3834.48	3825.29	
3829.89	3827.59	3829.89	3827.59	3829.89	
3825.29	3829.89	3825.29	3829.89	3825.29	
3832.18	3834.48	3832.18	3834.48	3832.18	
3818.39	3834.48	3818.39	3834.48	3818.39	
3825.29	3827.59	3825.29	3827.59	3825.29	
3832.18	3832.18	3832.18	3832.18	3832.18	
3832.18	3843.68	3832.18	3843.68	3832.18	
3841.38	3839.08	3841.38	3839.08	3841.38	
3834.48	3836.78	3834.48	3836.78	3834.48	
3839.08	3829.89	3839.08	3829.89	3839.08	
3836.78	3841.38	3836.78	3841.38	3836.78	
3829.89	3836.78	3829.89	3836.78	3829.89	
3836.78	3832.18	3836.78	3832.18	3836.78	
3834.48	3834.48	3834.48	3834.48	3834.48	
3832.18	3827.59	3832.18	3827.59	3832.18	
3841.38	3836.78	3841.38	3836.78	3841.38	
3832.18	3839.08	3832.18	3839.08	3832.18	
3832.18	3836.78	3832.18	3836.78	3832.18	
3839.08	3834.48	3839.08	3834.48	3839.08	
3829.89	3832.18	3829.89	3832.18	3829.89	
3834.48	3829.89	3834.48	3829.89	3834.48	
3827.59	3829.89	3827.59	3829.89	3827.59	
3839.08	3836.78	3839.08	3836.78	3839.08	
3832.18	3827.59	3832.18	3827.59	3832.18	
3825.29	3829.89	3825.29	3829.89	3825.29	
3834.48	3825.29	3834.48	3825.29	3834.48	
3829.89	3827.59	3829.89	3827.59	3829.89	
3832.18	3829.89	3832.18	3829.89	3832.18	
3836.78	3843.68	3836.78	3843.68	3836.78	
3829.89	3834.48	3829.89	3834.48	3829.89	
3820.69	3827.59	3820.69	3827.59	3820.69	
3829.89	3829.89	3829.89	3829.89	3829.89	
3832.18	3832.18	3832.18	3832.18	3832.18	
3834.48	3832.18	3834.48	3832.18	3834.48	
3834.48	3825.29	3834.48	3825.29	3834.48	
3839.08	3834.48	3839.08	3834.48	3839.08	
3829.89	3829.89	3829.89	3829.89	3829.89	
3834.48	3834.48	3834.48	3834.48	3834.48	
3820.69	3829.89	3820.69	3829.89	3820.69	
3836.78	3841.38	3836.78	3841.38	3836.78	
3827.59	3818.39	3827.59	3818.39	3827.59	
3836.78	3834.48	3836.78	3834.48	3836.78	
3820.69	3834.48	3820.69	3834.48	3820.69	
3816.09	3827.59	3816.09	3827.59	3816.09	
3827.59	3827.59	3827.59	3827.59	3827.59	
3827.59	3827.59	3827.59	3827.59	3827.59	
3832.18	3832.18	3832.18	3832.18	3832.18	
3834.48	3839.08	3834.48	3839.08	3834.48	
3825.29	3832.18	3825.29	3832.18	3825.29	
3820.69	3836.78	3820.69	3836.78	3820.69	
3839.08	3834.48	3839.08	3834.48	3839.08	
3822.99	3832.18	3822.99	3832.18	3822.99	
3843.68	3832.18	3843.68	3832.18	3843.68	
3843.68	3836.78	3843.68	3836.78	3843.68	
3825.29	3839.08	3825.29	3839.08	3825.29	
3827.59	3829.89	3827.59	3829.89	3827.59	
3839.08	3843.68	3839.08	3843.68	3839.08	
3829.89	3825.29	3829.89	3825.29	3829.89	
3832.18	3832.18	3832.18	3832.18	3832.18	
3829.89	3836.78	3829.89	3836.78	3829.89	
3839.08	3827.59	3839.08	3827.59	3839.08	
3832.18	3834.48	3832.18	3834.48	3832.18	
3827.59	3822.99	3827.59	3822.99	3827.59	
3825.29	3827.59	3825.29	3827.59	3825.29	
3834.48	3832.18	3834.48	3832.18	3834.48	
3832.18	3832.18	3832.18	3832.18	3832.18	
3836.78	3825.29	3836.78	3825.29	3836.78	
3834.48	3829.89	3834.48	3829.89	3834.48	
3834.48	3829.89	3834.48	3829.89	3834.48	
3829.89	3836.78	3829.89	3836.78	3829.89	
3841.38	3839.08	3841.38	3839.08	3841.38	
3829.89	3825.29	3829.89	3825.29	3829.89	
3836.78	3836.78	3836.78	3836.78	3836.78	
3825.29	3829.89	3825.29	3829.89	3825.29	
3829.89	3825.29	3829.89	3825.29	3829.89	
3839.08	3836.78	3839.08	3836.78	3839.08	
3822.99	3832.18	3822.99	3832.18	3822.99	
3834.48	3836.78	3834.48	3836.78	3834.48	
3841.38	3832.18	3841.38	3832.18	3841.38	
3825.29	3839.08	3825.29	3839.08	3825.29	
3834.48	3836.78	3834.48	3836.78	3834.48	
3836.78	3834.48	3836.78	3834.48	3836.78	
3829.89	3829.89	3829.89	3829.89	3829.89	
3836.78	3829.89	3836.78	3829.89	3836.78	
3834.48	3829.89	3834.48	3829.89	3834.48	
3836.78	3836.78	3836.78	3836.78	3836.78	
3839.08	3829.89	3839.08	3829.89	3839.08	
3827.59	3829.89	3827.59	3829.89	3827.59	
3834.48	3832.18	3834.48	3832.18	3834.48	
3841.38	3841.38	3841.38	3841.38	3841.38	
3820.69	3829.89	3820.69	3829.89	3820.69	
3827.59	3834.48	3827.59	3834.48	3827.59	
3832.18	3841.38	3832.18	3841.38	3832.18	
3832.18	3836.78	3832.18	3836.78	3832.18	
3834.48	3829.89	3834.48	3829.89	3834.48	
3825.29	3829.89	3825.29	3829.89	3825.29	
3839.08	3834.48	3839.08	3834.48	3839.08	
3834.48	3827.59	3834.48	3827.59	3834.48	
3829.89	3834.48	3829.89	3834.48	3829.89	
3834.48	3829.89	3834.48	3829.89	3834.48	
3829.89	3839.08	3829.89	3839.08	3829.89	
3825.29	3827.59	3825.29	3827.59	3825.29	
3839.08	3829.89	3839.08	3829.89	3839.08	
3829.89	3832.18	3829.89	3832.18	3829.89	
3832.18	3834.48	3832.18	3834.48	3832.18	
3827.59	3841.38	3827.59	3841.38	3827.59	
3832.18	3841.38	3832.18	3841.38	3832.18	
3820.69	3825.29	3820.69	3825.29	3820.69	
3825.29	3827.59	3825.29	3827.59	3825.29	
3832.18	3827.59	3832.18	3827.59	3832.18	
3822.99	3836.78	3822.99	3836.78	3822.99	
3829.89	3832.18	3829.89	3832.18	3829.89	
3829.89	3836.78	3829.89	3836.78	3829.89	
3839.08	3829.89	3839.08	3829.89	3839.08	
3832.18	3832.18	3832.18	3832.18	3832.18	
3825.29	3841.38	3825.29	3841.38	3825.29	
3822.99	3834.48	3822.99	3834.48	3822.99	
3832.18	3825.29	3832.18	3825.29	3832.18	
3832.18	3839.08	3832.18	3839.08	3832.18	
3829.89	3839.08	3829.89	3839.08	3829.89	
3834.48	3829.89	3834.48	3829.89	3834.48	
3836.78	3832.18	3836.78	3832.18	3836.78	
3834.48	3836.78	3834.48	3836.78	3834.48	
3834.48	3825.29	3834.48	3825.29	3834.48	
3834.48	3829.89	3834.48	3829.89	3834.48	
3834.48	3827.59	3834.48	3827.59	3834.48	
3822.99	3822.99	3822.99	3822.99	3822.99	
3825.29	3839.08	3825.29	3839.08	3825.29	
3832.18	3825.29	3832.18	3825.29	3832.18	
3827.59	3827.59	3827.59	3827.59	3827.59	
3820.69	3836.78	3820.69	3836.78	3820.69	
3832.18	3834.48	3832.18	3834.48	3832.18	
3820.69	3832.18	3820.69	3832.18	3820.69	
3836.78	3832.18	3836.78	3832.18	3836.78	
3822.99	3839.08	3822.99	3839.08	3822.99	
3829.89	3827.59	3829.89	3827.59	3829.89	
3827.59	3832.18	3827.59	3832.18	3827.59	
3827.59	3829.89	3827.59	3829.89	3827.59	
3834.48	3836.78	3834.48	3836.78	3834.48	
3834.48	3829.89	3834.48	3829.89	3834.48	
3841.38	3829.89	3841.38	3829.89	3841.38	
3827.59	3836.78	3827.59	3836.78	3827.59	
3834.48	3834.48	3834.48	3834.48	3834.48	
3822.99	3825.29	3822.99	3825.29	3822.99	
3836.78	3836.78	3836.78	3836.78	3836.78	
3834.48	3829.89	3834.48	3829.89	3834.48	
3822.99	3825.29	3822.99	3825.29	3822.99	
3834.48	3836.78	3834.48	3836.78	3834.48	
3834.48	3843.68	3834.48	3843.68	3834.48	
3829.89	3825.29	3829.89	3825.29	3829.89	
3834.48	3827.59	3834.48	3827.59	3834.48	
3827.59	3832.18	3827.59	3832.18	3827.59	
3820.69	3841.38	3820.69	3841.38	3820.69	
3827.59	3836.78	3827.59	3836.78	3827.59	
3829.89	3839.08	3829.89	3839.08	3829.89	
3829.89	3829.89	3829.89	3829.89	3829.89	
3832.18	3832.18	3832.18	3832.18	3832.18	
3829.89	3827.59	3829.89	3827.59	3829.89	
3832.18	3829.89	3832.18	3829.89	3832.18	
3825.29	3827.59	3825.29	3827.59	3825.29	
3832.18	3834.48	3832.18	3834.48	3832.18	
3834.48	3834.48	3834.48	3834.48	3834.48	
3829.89	3822.99	3829.89	3822.99	3829.89	
3832.18	3839.08	3832.18	3839.08	3832.18	
3829.89	3836.78	3829.89	3836.78	3829.89	
3829.89	3829.89	3829.89	3829.89	3829.89	
3825.29	3843.68	3825.29	3843.68	3825.29	
3825.29	3832.18	3825.29	3832.18	3825.29	
3832.18	3832.18	3832.18	3832.18	3832.18	
3825.29	3843.68	3825.29	3843.68	3825.29	
3834.48	3832.18	3834.48	3832.18	3834.48	
3827.59	3829.89	3827.59	3829.89	3827.59	
3829.89	3829.89	3829.89	3829.89	3829.89	
3832.18	3832.18	3832.18	3832.18	3832.18	
3832.18	3832.18	3832.18	3832.18	3832.18	
3825.29	3827.59	3825.29	3827.59	3825.29	
3839.08	3832.18	3839.08	3832.18	3839.08	
3825.29	3827.59	3825.29	3827.59	3825.29	
3836.78	3825.29	3836.78	3825.29	3836.78	
3827.59	3834.48	3827.59	3834.48	3827.59	
3822.99	3832.18	3822.99	3832.18	3822.99	
3832.18	3825.29	3832.18	3825.29	3832.18	
3816.09	3829.89	3816.09	3829.89	3816.09	
3836.78	3832.18	3836.78	3832.18	3836.78	
3834.48	3827.59	3834.48	3827.59	3834.48	
3822.99	3834.48	3822.99	3834.48	3822.99	
3827.59	3832.18	3827.59	3832.18	3827.59	
3827.59	3836.78	3827.59	3836.78	3827.59	
3827.59	3832.18	3827.59	3832.18	3827.59	
3825.29	3839.08	3825.29	3839.08	3825.29	
3832.18	3834.48	3832.18	3834.48	3832.18	
3827.59	3841.38	3827.59	3841.38	3827.59	
3836.78	3820.69	3836.78	3820.69	3836.78	
3834.48	3834.48	3834.48	3834.48	3834.48	
3825.29	3829.89	3825.29	3829.89	3825.29	
3822.99	3832.18	3822.99	3832.18	3822.99	
3829.89	3829.89	3829.89	3829.89	3829.89	
3832.18	3829.89	3832.18	3829.89	3832.18	
3836.78	3825.29	3836.78	3825.29	3836.78	
3822.99	3825.29	3822.99	3825.29	3822.99	
3829.89	3825.29	3829.89	3825.29	3829.89	
3825.29	3834.48	3825.29	3834.48	3825.29	
3832.18	3836.78	3832.18	3836.78	3832.18	
3825.29	3827.59	3825.29	3827.59	3825.29	
3839.08	3832.18	3839.08	3832.18	3839.08	
3829.89	3836.78	3829.89	3836.78	3829.89	
3825.29	3834.48	3825.29	3834.48	3825.29	
3836.78	3827.59	3836.78	3827.59	3836.78	
3834.48	3834.48	3834.48	3834.48	3834.48	
3822.99	3829.89	3822.99	3829.89	3822.99	
3827.59	3825.29	3827.59	3825.29	3827.59	
3825.29	3829.89	3825.29	3829.89	3825.29	
3825.29	3825.29	3825.29	3825.29	3825.29	
3834.48	3834.48	3834.48	3834.48	3834.48	
3836.78	3836.78	3836.78	3836.78	3836.78	
3836.78	3834.48	3836.78	3834.48	3836.78	
3834.48	3834.48	3834.48	3834.48	3834.48	
3836.78	3818.39	3836.78	3818.39	3836.78	
3820.69	3822.99	3820.69	3822.99	3820.69	
3834.48	3818.39	3834.48	3818.39	3834.48	
3825.29	3820.69	3825.29	3820.69	3825.29	
3829.89	3836.78	3829.89	3836.78	3829.89	
3832.18	3829.89	3832.18	3829.89	3832.18	
3822.99	3834.48	3822.99	3834.48	3822.99	
3827.59	3836.78	3827.59	3836.78	3827.59	
3862.07	3880.46	3862.07	3880.46	3862.07	
3839.08	3825.29	3839.08	3825.29	3839.08	
3829.89	3836.78	3829.89	3836.78	3829.89	
3834.48	3841.38	3834.48	3841.38	3834.48	
3829.89	3825.29	3829.89	3825.29	3829.89	
3832.18	3827.59	3832.18	3827.59	3832.18	
3834.48	3827.59	3834.48	3827.59	3834.48	
3825.29	3825.29	3825.29	3825.29	3825.29	
3827.59	3829.89	3827.59	3829.89	3827.59	
3827.59	3832.18	3827.59	3832.18	3827.59	
3829.89	3827.59	3829.89	3827.59	3829.89	
3829.89	3820.69	3829.89	3820.69	3829.89	
3832.18	3832.18	3832.18	3832.18	3832.18	
3820.69	3839.08	3820.69	3839.08	3820.69	
3832.18	3829.89	3832.18	3829.89	3832.18	
3836.78	3825.29	3836.78	3825.29	3836.78	
3827.59	3834.48	3827.59	3834.48	3827.59	
3829.89	3836.78	3829.89	3836.78	3829.89	
3834.48	3836.78	3834.48	3836.78	3834.48	
3822.99	3839.08	3822.99	3839.08	3822.99	
3825.29	3827.59	3825.29	3827.59	3825.29	
3829.89	3829.89	3829.89	3829.89	3829.89	
3832.18	3829.89	3832.18	3829.89	3832.18	
3822.99	3834.48	3822.99	3834.48	3822.99	
3827.59	3832.18	3827.59	3832.18	3827.59	
3832.18	3832.18	3832.18	3832.18	3832.18	
3820.69	3827.59	3820.69	3827.59	3820.69	
3829.89	3829.89	3829.89	3829.89	3829.89	
3827.59	3834.48	3827.59	3834.48	3827.59	
3834.48	3827.59	3834.48	3827.59	3834.48	
3836.78	3839.08	3836.78	3839.08	3836.78	
3822.99	3827.59	3822.99	3827.59	3822.99	
3834.48	3829.89	3834.48	3829.89	3834.48	
3836.78	3829.89	3836.78	3829.89	3836.78	
3825.29	3836.78	3825.29	3836.78	3825.29	
3827.59	3825.29	3827.59	3825.29	3827.59	
3827.59	3827.59	3827.59	3827.59	3827.59	
3832.18	3836.78	3832.18	3836.78	3832.18	
3832.18	3832.18	3832.18	3832.18	3832.18	
3820.69	3829.89	3820.69	3829.89	3820.69	
3829.89	3822.99	3829.89	3822.99	3829.89	
3836.78	3822.99	3836.78	3822.99	3836.78	
3836.78	3822.99	3836.78	3822.99	3836.78	
3832.18	3832.18	3832.18	3832.18	3832.18	
3832.18	3825.29	3832.18	3825.29	3832.18	
3825.29	3827.59	3825.29	3827.59	3825.29	
3832.18	3829.89	3832.18	3829.89	3832.18	
3829.89	3836.78	3829.89	3836.78	3829.89	
3822.99	3820.69	3822.99	3820.69	3822.99	
3864.37	3875.86	3864.37	3875.86	3864.37	
3834.48	3834.48	3834.48	3834.48	3834.48	
3839.08	3834.48	3839.08	3834.48	3839.08	
3832.18	3827.59	3832.18	3827.59	3832.18	
3827.59	3836.78	3827.59	3836.78	3827.59	
3825.29	3834.48	3825.29	3834.48	3825.29	
3829.89	3829.89	3829.89	3829.89	3829.89	
3827.59	3834.48	3827.59	3834.48	3827.59	
3839.08	3836.78	3839.08	3836.78	3839.08	
3834.48	3832.18	3834.48	3832.18	3834.48	
3829.89	3832.18	3829.89	3832.18	3829.89	
3836.78	3829.89	3836.78	3829.89	3836.78	
3822.99	3829.89	3822.99	3829.89	3822.99	
3832.18	3822.99	3832.18	3822.99	3832.18	
3820.69	3827.59	3820.69	3827.59	3820.69	
3825.29	3836.78	3825.29	3836.78	3825.29	
3822.99	3822.99	3822.99	3822.99	3822.99	
3825.29	3827.59	3825.29	3827.59	3825.29	
3827.59	3836.78	3827.59	3836.78	3827.59	
3834.48	3832.18	3834.48	3832.18	3834.48	
3818.39	3829.89	3818.39	3829.89	3818.39	
3827.59	3825.29	3827.59	3825.29	3827.59	
3825.29	3825.29	3825.29	3825.29	3825.29	
3829.89	3832.18	3829.89	3832.18	3829.89	
3822.99	3827.59	3822.99	3827.59	3822.99	
3825.29	3834.48	3825.29	3834.48	3825.29	
3829.89	3843.68	3829.89	3843.68	3829.89	
3834.48	3845.98	3834.48	3845.98	3834.48	
3825.29	3829.89	3825.29	3829.89	3825.29	
3827.59	3829.89	3827.59	3829.89	3827.59	
3827.59	3843.68	3827.59	3843.68	3827.59	
3825.29	3829.89	3825.29	3829.89	3825.29	
3832.18	3832.18	3832.18	3832.18	3832.18	
3827.59	3836.78	3827.59	3836.78	3827.59	
3834.48	3825.29	3834.48	3825.29	3834.48	
3827.59	3829.89	3827.59	3829.89	3827.59	
3825.29	3834.48	3825.29	3834.48	3825.29	
3839.08	3834.48	3839.08	3834.48	3839.08	
3825.29	3827.59	3825.29	3827.59	3825.29	
3822.99	3836.78	3822.99	3836.78	3822.99	
3825.29	3827.59	3825.29	3827.59	3825.29	
3834.48	3832.18	3834.48	3832.18	3834.48	
3834.48	3827.59	3834.48	3827.59	3834.48	
3827.59	3839.08	3827.59	3839.08	3827.59	
3829.89	3834.48	3829.89	3834.48	3829.89	
3825.29	3825.29	3825.29	3825.29	3825.29	
3827.59	3836.78	3827.59	3836.78	3827.59	
3832.18	3836.78	3832.18	3836.78	3832.18	
3832.18	3829.89	3832.18	3829.89	3832.18	
3836.78	3827.59	3836.78	3827.59	3836.78	
3836.78	3836.78	3836.78	3836.78	3836.78	
3818.39	3827.59	3818.39	3827.59	3818.39	
3832.18	3822.99	3832.18	3822.99	3832.18	
3820.69	3822.99	3820.69	3822.99	3820.69	
3825.29	3829.89	3825.29	3829.89	3825.29	
3825.29	3825.29	3825.29	3825.29	3825.29	
3841.38	3834.48	3841.38	3834.48	3841.38	
3832.18	3829.89	3832.18	3829.89	3832.18	
3834.48	3820.69	3834.48	3820.69	3834.48	
3829.89	3836.78	3829.89	3836.78	3829.89	
3836.78	3827.59	3836.78	3827.59	3836.78	
3834.48	3839.08	3834.48	3839.08	3834.48	
3827.59	3827.59	3827.59	3827.59	3827.59	
3841.38	3827.59	3841.38	3827.59	3841.38	
3841.38	3827.59	3841.38	3827.59	3841.38	
3829.89	3832.18	3829.89	3832.18	3829.89	
3839.08	3832.18	3839.08	3832.18	3839.08	
3825.29	3832.18	3825.29	3832.18	3825.29	
3827.59	3822.99	3827.59	3822.99	3827.59	
3827.59	3822.99	3827.59	3822.99	3827.59	
3827.59	3829.89	3827.59	3829.89	3827.59	
3834.48	3841.38	3834.48	3841.38	3834.48	
3834.48	3822.99	3834.48	3822.99	3834.48	
3822.99	3832.18	3822.99	3832.18	3822.99	
3834.48	3827.59	3834.48	3827.59	3834.48	
3829.89	3829.89	3829.89	3829.89	3829.89	
3829.89	3832.18	3829.89	3832.18	3829.89	
3834.48	3829.89	3834.48	3829.89	3834.48	
3827.59	3839.08	3827.59	3839.08	3827.59	
3834.48	3834.48	3834.48	3834.48	3834.48	
3825.29	3836.78	3825.29	3836.78	3825.29	
3825.29	3827.59	3825.29	3827.59	3825.29	
3825.29	3829.89	3825.29	3829.89	3825.29	
3832.18	3829.89	3832.18	3829.89	3832.18	
3839.08	3829.89	3839.08	3829.89	3839.08	
3832.18	3822.99	3832.18	3822.99	3832.18	
3829.89	3818.39	3829.89	3818.39	3829.89	
3832.18	3825.29	3832.18	3825.29	3832.18	
3829.89	3836.78	3829.89	3836.78	3829.89	
3820.69	3832.18	3820.69	3832.18	3820.69	
3827.59	3818.39	3827.59	3818.39	3827.59	
3829.89	3822.99	3829.89	3822.99	3829.89	
3825.29	3829.89	3825.29	3829.89	3825.29	
3825.29	3834.48	3825.29	3834.48	3825.29	
3825.29	3843.68	3825.29	3843.68	3825.29	
3832.18	3822.99	3832.18	3822.99	3832.18	
3825.29	3832.18	3825.29	3832.18	3825.29	
3827.59	3836.78	3827.59	3836.78	3827.59	
3827.59	3827.59	3827.59	3827.59	3827.59	
3818.39	3834.48	3818.39	3834.48	3818.39	
3832.18	3822.99	3832.18	3822.99	3832.18	
3829.89	3825.29	3829.89	3825.29	3829.89	
3827.59	3827.59	3827.59	3827.59	3827.59	
3825.29	3827.59	3825.29	3827.59	3825.29	
3834.48	3825.29	3834.48	3825.29	3834.48	
3834.48	3825.29	3834.48	3825.29	3834.48	
3818.39	3834.48	3818.39	3834.48	3818.39	
3822.99	3832.18	3822.99	3832.18	3822.99	
3827.59	3829.89	3827.59	3829.89	3827.59	
3825.29	3822.99	3825.29	3822.99	3825.29	
3832.18	3829.89	3832.18	3829.89	3832.18	
3832.18	3822.99	3832.18	3822.99	3832.18	
3813.79	3820.69	3813.79	3820.69	3813.79	
3822.99	3836.78	3822.99	3836.78	3822.99	
3825.29	3825.29	3825.29	3825.29	3825.29	
3827.59	3827.59	3827.59	3827.59	3827.59	
3829.89	3825.29	3829.89	3825.29	3829.89	
3836.78	3829.89	3836.78	3829.89	3836.78	
3829.89	3829.89	3829.89	3829.89	3829.89	
3827.59	3834.48	3827.59	3834.48	3827.59	
3825.29	3822.99	3825.29	3822.99	3825.29	
3832.18	3836.78	3832.18	3836.78	3832.18	
3827.59	3832.18	3827.59	3832.18	3827.59	
3836.78	3843.68	3836.78	3843.68	3836.78	
3832.18	3839.08	3832.18	3839.08	3832.18	
3829.89	3834.48	3829.89	3834.48	3829.89	
3825.29	3834.48	3825.29	3834.48	3825.29	
3836.78	3832.18	3836.78	3832.18	3836.78	
3820.69	3836.78	3820.69	3836.78	3820.69	
3827.59	3822.99	3827.59	3822.99	3827.59	
3827.59	3832.18	3827.59	3832.18	3827.59	
3832.18	3832.18	3832.18	3832.18	3832.18	
3829.89	3825.29	3829.89	3825.29	3829.89	
3829.89	3829.89	3829.89	3829.89	3829.89	
3818.39	3829.89	3818.39	3829.89	3818.39	
3827.59	3832.18	3827.59	3832.18	3827.59	
3839.08	3829.89	3839.08	3829.89	3839.08	
3829.89	3839.08	3829.89	3839.08	3829.89	
3832.18	3836.78	3832.18	3836.78	3832.18	
3829.89	3832.18	3829.89	3832.18	3829.89	
3822.99	3834.48	3822.99	3834.48	3822.99	
3825.29	3827.59	3825.29	3827.59	3825.29	
3827.59	3839.08	3827.59	3839.08	3827.59	
3836.78	3827.59	3836.78	3827.59	3836.78	
3834.48	3827.59	3834.48	3827.59	3834.48	
3829.89	3829.89	3829.89	3829.89	3829.89	
3832.18	3829.89	3832.18	3829.89	3832.18	
3832.18	3827.59	3832.18	3827.59	3832.18	
3832.18	3827.59	3832.18	3827.59	3832.18	
3825.29	3827.59	3825.29	3827.59	3825.29	
3827.59	3825.29	3827.59	3825.29	3827.59	
3834.48	3832.18	3834.48	3832.18	3834.48	
3825.29	3827.59	3825.29	3827.59	3825.29	
3829.89	3825.29	3829.89	3825.29	3829.89	
3834.48	3829.89	3834.48	3829.89	3834.48	
3825.29	3832.18	3825.29	3832.18	3825.29	
3832.18	3829.89	3832.18	3829.89	3832.18	
3839.08	3820.69	3839.08	3820.69	3839.08	
3822.99	3834.48	3822.99	3834.48	3822.99	
3820.69	3839.08	3820.69	3839.08	3820.69	
3827.59	3811.49	3827.59	3811.49	3827.59	
3827.59	3825.29	3827.59	3825.29	3827.59	
3820.69	3834.48	3820.69	3834.48	3820.69	
3827.59	3829.89	3827.59	3829.89	3827.59	
3829.89	3829.89	3829.89	3829.89	3829.89	
3829.89	3839.08	3829.89	3839.08	3829.89	
3825.29	3832.18	3825.29	3832.18	3825.29	
3829.89	3834.48	3829.89	3834.48	3829.89	
3827.59	3820.69	3827.59	3820.69	3827.59	
3825.29	3820.69	3825.29	3820.69	3825.29	
3818.39	3825.29	3818.39	3825.29	3818.39	
3829.89	3829.89	3829.89	3829.89	3829.89	
3832.18	3825.29	3832.18	3825.29	3832.18	
3825.29	3825.29	3825.29	3825.29	3825.29	
3818.39	3834.48	3818.39	3834.48	3818.39	
3829.89	3829.89	3829.89	3829.89	3829.89	
3827.59	3827.59	3827.59	3827.59	3827.59	
3836.78	3827.59	3836.78	3827.59	3836.78	
3813.79	3822.99	3813.79	3822.99	3813.79	
3827.59	3829.89	3827.59	3829.89	3827.59	
3832.18	3832.18	3832.18	3832.18	3832.18	
3825.29	3836.78	3825.29	3836.78	3825.29	
3829.89	3832.18	3829.89	3832.18	3829.89	
3825.29	3827.59	3825.29	3827.59	3825.29	
3832.18	3832.18	3832.18	3832.18	3832.18	
3829.89	3832.18	3829.89	3832.18	3829.89	
3836.78	3822.99	3836.78	3822.99	3836.78	
3825.29	3829.89	3825.29	3829.89	3825.29	
3834.48	3829.89	3834.48	3829.89	3834.48	
3829.89	3827.59	3829.89	3827.59	3829.89	
3829.89	3825.29	3829.89	3825.29	3829.89	
3832.18	3832.18	3832.18	3832.18	3832.18	
3832.18	3827.59	3832.18	3827.59	3832.18	
3829.89	3834.48	3829.89	3834.48	3829.89	
3839.08	3832.18	3839.08	3832.18	3839.08	
3822.99	3832.18	3822.99	3832.18	3822.99	
3825.29	3827.59	3825.29	3827.59	3825.29	
3818.39	3829.89	3818.39	3829.89	3818.39	
3822.99	3829.89	3822.99	3829.89	3822.99	
3820.69	3825.29	3820.69	3825.29	3820.69	
3825.29	3839.08	3825.29	3839.08	3825.29	
3832.18	3829.89	3832.18	3829.89	3832.18	
3836.78	3818.39	3836.78	3818.39	3836.78	
3825.29	3827.59	3825.29	3827.59	3825.29	
3845.98	3825.29	3845.98	3825.29	3845.98	
3825.29	3834.48	3825.29	3834.48	3825.29	
3820.69	3829.89	3820.69	3829.89	3820.69	
3832.18	3832.18	3832.18	3832.18	3832.18	
3827.59	3839.08	3827.59	3839.08	3827.59	
3832.18	3848.28	3832.18	3848.28	3832.18	
3827.59	3827.59	3827.59	3827.59	3827.59	
3836.78	3839.08	3836.78	3839.08	3836.78	
3829.89	3827.59	3829.89	3827.59	3829.89	
3834.48	3836.78	3834.48	3836.78	3834.48	
3820.69	3825.29	3820.69	3825.29	3820.69	
3834.48	3827.59	3834.48	3827.59	3834.48	
3829.89	3832.18	3829.89	3832.18	3829.89	
3820.69	3822.99	3820.69	3822.99	3820.69	
3834.48	3839.08	3834.48	3839.08	3834.48	
3832.18	3839.08	3832.18	3839.08	3832.18	
3827.59	3829.89	3827.59	3829.89	3827.59	
3827.59	3829.89	3827.59	3829.89	3827.59	
3825.29	3827.59	3825.29	3827.59	3825.29	
3836.78	3836.78	3836.78	3836.78	3836.78	
3829.89	3825.29	3829.89	3825.29	3829.89	
3825.29	3827.59	3825.29	3827.59	3825.29	
3829.89	3827.59	3829.89	3827.59	3829.89	
3822.99	3843.68	3822.99	3843.68	3822.99	
3832.18	3832.18	3832.18	3832.18	3832.18	
3822.99	3829.89	3822.99	3829.89	3822.99	
3825.29	3829.89	3825.29	3829.89	3825.29	
3836.78	3822.99	3836.78	3822.99	3836.78	
3825.29	3825.29	3825.29	3825.29	3825.29	
3825.29	3834.48	3825.29	3834.48	3825.29	
3822.99	3834.48	3822.99	3834.48	3822.99	
3832.18	3822.99	3832.18	3822.99	3832.18	
3845.98	3839.08	3845.98	3839.08	3845.98	
3829.89	3827.59	3829.89	3827.59	3829.89	
3827.59	3832.18	3827.59	3832.18	3827.59	
3825.29	3834.48	3825.29	3834.48	3825.29	
3834.48	3832.18	3834.48	3832.18	3834.48	
3827.59	3822.99	3827.59	3822.99	3827.59	
3818.39	3820.69	3818.39	3820.69	3818.39	
3829.89	3832.18	3829.89	3832.18	3829.89	
3834.48	3825.29	3834.48	3825.29	3834.48	
3827.59	3834.48	3827.59	3834.48	3827.59	
3822.99	3825.29	3822.99	3825.29	3822.99	
3822.99	3832.18	3822.99	3832.18	3822.99	
3822.99	3825.29	3822.99	3825.29	3822.99	
3832.18	3827.59	3832.18	3827.59	3832.18	
3825.29	3827.59	3825.29	3827.59	3825.29	
3825.29	3818.39	3825.29	3818.39	3825.29	
3822.99	3832.18	3822.99	3832.18	3822.99	
3827.59	3839.08	3827.59	3839.08	3827.59	
3829.89	3834.48	3829.89	3834.48	3829.89	
3827.59	3836.78	3827.59	3836.78	3827.59	
3822.99	3829.89	3822.99	3829.89	3822.99	
3834.48	3832.18	3834.48	3832.18	3834.48	
3832.18	3834.48	3832.18	3834.48	3832.18	
3827.59	3827.59	3827.59	3827.59	3827.59	
3827.59	3836.78	3827.59	3836.78	3827.59	
3832.18	3829.89	3832.18	3829.89	3832.18	
3834.48	3836.78	3834.48	3836.78	3834.48	
3839.08	3829.89	3839.08	3829.89	3839.08	
3822.99	3832.18	3822.99	3832.18	3822.99	
3825.29	3825.29	3825.29	3825.29	3825.29	
3829.89	3832.18	3829.89	3832.18	3829.89	
3836.78	3827.59	3836.78	3827.59	3836.78	
3829.89	3825.29	3829.89	3825.29	3829.89	
3866.67	3866.67	3866.67	3866.67	3866.67	
3820.69	3825.29	3820.69	3825.29	3820.69	
3827.59	3827.59	3827.59	3827.59	3827.59	
3829.89	3843.68	3829.89	3843.68	3829.89	
3834.48	3820.69	3834.48	3820.69	3834.48	
3825.29	3829.89	3825.29	3829.89	3825.29	
3834.48	3829.89	3834.48	3829.89	3834.48	
3822.99	3836.78	3822.99	3836.78	3822.99	
3822.99	3825.29	3822.99	3825.29	3822.99	
3832.18	3818.39	3832.18	3818.39	3832.18	
3832.18	3816.09	3832.18	3816.09	3832.18	
3827.59	3832.18	3827.59	3832.18	3827.59	
3822.99	3829.89	3822.99	3829.89	3822.99	
3822.99	3836.78	3822.99	3836.78	3822.99	
3822.99	3841.38	3822.99	3841.38	3822.99	
3834.48	3825.29	3834.48	3825.29	3834.48	
3834.48	3832.18	3834.48	3832.18	3834.48	
3818.39	3827.59	3818.39	3827.59	3818.39	
3836.78	3825.29	3836.78	3825.29	3836.78	
3832.18	3827.59	3832.18	3827.59	3832.18	
3822.99	3829.89	3822.99	3829.89	3822.99	
3818.39	3813.79	3818.39	3813.79	3818.39	
3811.49	3806.9	3811.49	3806.9	3811.49	
3804.6	3822.99	3804.6	3822.99	3804.6	
3813.79	3811.49	3813.79	3811.49	3813.79	
