3075.09	3069.6	3069.6	3069.6	3075.09	
3051.28	3049.45	3045.79	3049.45	3047.62	
3045.79	3042.12	3049.45	3042.12	3045.79	
3040.29	3040.29	3043.96	3040.29	3042.12	
185211	185057	184495	184496	184835	
187683	187509	187141	187374	187623	
187361	187242	187015	186837	186881	
191595	191302	191057	190540	190707	
191747	191795	191306	191555	191418	
192996	192284	192731	192332	192205	
190853	190837	190709	190636	190879	
189899	189231	189339	189110	189342	
195592	195681	195035	195244	195310	
199921	199126	198826	199167	199480	
200940	200201	200255	199870	200167	
200663	200553	199954	200286	200280	
197410	197388	197500	197364	197200	
195495	194808	195258	194658	194958	
199321	199333	198894	199117	198995	
203005	202271	202795	202870	202419	
201394	201852	201619	201555	201137	
197031	196648	196502	196652	196322	
199209	198874	198505	198637	198117	
206205	205828	205987	205749	205625	
207804	206971	206782	207282	206758	
207619	207011	207588	207211	207000	
205903	205656	205454	205372	205289	
200584	200830	200121	200313	200306	
200722	200284	200033	200277	199786	
207505	206815	206842	206892	206401	
205984	205599	205625	205443	205383	
203158	202540	202727	202864	202819	
206280	205418	206027	205984	205766	
208321	207399	207418	207645	207396	
203399	203201	203390	203518	202967	
198533	197987	198000	198117	197830	
206299	206289	206181	206476	206101	
210097	209853	209498	209445	209322	
208249	207747	207363	207773	207502	
205751	205326	205452	205434	205042	
205617	205284	205253	205293	204888	
205610	204897	205154	205223	204421	
202963	202864	202308	202346	202289	
206582	205929	206407	206084	205956	
211504	211244	211397	210960	210731	
209027	208319	208690	208751	208397	
206293	206526	205385	205952	205804	
206242	205769	205828	206079	205467	
212817	212262	212355	212789	212476	
216066	215571	215451	215438	215308	
215811	215266	215322	215145	215057	
211386	210766	210722	210394	210405	
204412	204156	204619	204048	204158	
195046	194203	194412	194595	194139	
195218	194789	194795	195306	194665	
207148	206628	206679	206773	206692	
214612	214729	214207	214397	214484	
220639	219833	220099	219929	219663	
222487	222995	222441	222289	222703	
224912	224645	224601	224822	224302	
226679	226192	226077	226694	226447	
225295	224777	224908	224923	224886	
226220	225912	225637	225821	225458	
225625	224978	225273	224736	225082	
221418	221577	221487	221203	220864	
213154	212311	212590	212830	212647	
207804	207375	207621	207842	207648	
214223	213991	214269	214181	213850	
223363	223286	223009	223207	222731	
227507	227231	227081	227097	226678	
225921	225883	225760	225802	225758	
227976	227971	227985	227375	227386	
227277	227282	226910	226949	226892	
230205	229758	229923	230416	229639	
230136	229813	229645	229927	229363	
225899	225610	225582	225593	225643	
225952	225495	225363	225877	225509	
230368	230458	230029	230040	229802	
232535	232013	231897	231767	231848	
233780	233443	233740	233348	233260	
232505	232260	231797	232255	231639	
227969	227386	227267	227524	227667	
225081	224811	224960	224245	224647	
222745	222529	222352	222932	222055	
223918	223438	223502	223478	223282	
227355	227207	227015	227407	227066	
227394	226720	227198	226493	226676	
221196	221015	220901	220784	221148	
219687	219282	218786	218846	218628	
215989	215379	215538	215231	215048	
211009	210601	210256	210310	210278	
194925	194875	194910	194705	194498	
159108	158826	158962	158813	158429	
146513	145952	145901	146273	145764	
193092	193130	192819	193068	193064	
216031	215044	215368	215500	215480	
219553	219101	219300	218645	218877	
222974	222650	222833	222859	222676	
225727	225332	225161	225093	225134	
225588	225134	225388	225914	225136	
228060	227557	227240	227628	227615	
237802	237205	237570	237097	237249	
239119	238810	238804	238738	238626	
236681	236729	237037	236755	236474	
238258	237568	237504	237551	237247	
238478	238060	237864	237984	237597	
236355	235965	235936	236407	236031	
237936	237399	237297	237573	236908	
243015	242443	241954	242267	241630	
240577	239962	240015	240088	239866	
230507	230577	230020	229984	229548	
234295	233440	233557	233201	233077	
242546	242070	241722	242233	241936	
240962	240626	241005	240495	240485	
243668	242832	242910	242527	242381	
247214	246467	246148	246038	246271	
246233	245861	245952	246055	245987	
245031	244496	244350	244573	244071	
245326	244636	245253	244698	244557	
243518	243291	242905	243053	242908	
243511	243432	243121	243042	243097	
248659	247727	248311	247533	247440	
248548	248416	248471	248035	247696	
250234	250333	250011	249687	249476	
251066	250238	250482	250339	249419	
250531	250802	250766	250284	250496	
252156	251810	251432	251599	251593	
252321	251628	251560	251747	251220	
252148	251791	251278	251438	251326	
251454	251280	251187	250830	250601	
251284	250886	250756	250493	250181	
251581	251185	251467	251075	251016	
252223	251606	250951	252020	251383	
248595	247723	247846	248159	247762	
241696	240720	240630	240394	240535	
247813	247449	247051	247088	247548	
253266	252731	252370	252429	252353	
252850	252339	252223	252126	252266	
252753	252004	252024	251841	251441	
251068	251137	250544	250773	250357	
248099	246894	247775	247053	247126	
254672	254103	253434	253978	253718	
255434	255665	255262	255258	254766	
256291	256505	256143	255679	256480	
257168	256850	256927	256520	256738	
256575	256079	256183	256258	255985	
256322	255841	255679	256304	256057	
257478	256870	257038	256848	256511	
257758	256894	256689	257134	256835	
257527	257088	256476	256247	256516	
254586	254643	254002	254172	254385	
249289	248943	248478	248672	248632	
251471	251137	250949	251077	250720	
255623	255584	255696	255152	254855	
256407	255707	255996	255740	255324	
257645	257496	257434	257220	257200	
258071	257742	257947	257810	257722	
258980	258269	258344	258518	258227	
259123	258747	258683	258625	258661	
256189	255482	254857	255108	255484	
247973	247802	246987	247505	247335	
257165	256418	256456	256018	256236	
260330	259934	259652	259480	259527	
261244	261015	260571	260377	260582	
262016	261531	261526	261522	261211	
262293	261538	261679	261641	261471	
262046	261747	260985	261509	261029	
262478	262077	261932	261734	261707	
262529	261996	261700	262306	261940	
262332	261936	262271	261811	261377	
259641	259183	259855	259520	259405	
257694	257009	256711	257053	256899	
260390	259275	259414	259720	258802	
262958	261777	262198	262145	262190	
262593	261998	262004	262079	261390	
259049	258079	258943	258408	258612	
258842	258762	258755	258720	258165	
262277	262357	261934	262106	262004	
263401	262894	262705	262960	262117	
263170	262234	262209	262121	262293	
261650	260853	261015	261172	260971	
259357	258454	258647	258592	258368	
258405	258136	257892	257749	257399	
253165	252403	252306	252795	252295	
257463	256346	256852	257200	256145	
261495	260927	260762	260885	260828	
261368	260414	260654	260767	260385	
264328	264015	263606	264059	263940	
262333	261742	261678	261839	261701	
262414	261811	262139	262216	262258	
265335	264890	264705	265308	264777	
266476	265835	264980	265590	265319	
264813	264158	264282	264707	263991	
264659	264427	264595	264223	264150	
266101	265537	265256	265273	265148	
264516	263722	263551	263381	263425	
263185	263390	263396	262952	263172	
264967	264941	264868	264764	264181	
264123	263375	263852	263582	263813	
265101	264606	264837	264414	264511	
265963	265564	265692	265223	265538	
265145	264388	264310	264533	264385	
261947	261901	261661	261767	261332	
262630	261925	261870	262203	262139	
264802	264139	263861	264079	264126	
267214	266526	266372	266368	266044	
266888	266394	266771	266804	266220	
267652	267097	266484	267099	266463	
268839	268520	268128	268181	267945	
269062	268630	268941	268811	268764	
269738	268973	268839	268897	268962	
269060	268839	268364	268441	268172	
267377	266987	266789	266214	266520	
262429	262372	262326	262372	262073	
267410	267000	267214	267198	266910	
266734	265998	266185	266212	265601	
266879	266134	266619	266496	265877	
270892	269963	270128	270020	269910	
271038	270628	270918	270703	270804	
271324	270656	270738	270755	270731	
272097	271756	271701	271502	270998	
270918	270628	270011	270093	270260	
268438	267593	267758	267313	267623	
267564	267269	266960	267179	266685	
268238	268163	267410	267703	267189	
271015	271130	270355	270273	270286	
272267	272167	271773	272103	271434	
272126	271888	271700	272249	271650	
270718	270436	270027	269947	269789	
270123	269612	268694	268766	269370	
268894	268775	268524	269256	268663	
270581	270147	270214	270211	269866	
271013	270903	270524	270192	270344	
272557	271361	271262	271839	270764	
271414	270568	270711	270357	270403	
270332	269608	269542	270095	268668	
270057	269267	270132	269513	269652	
271452	271661	271152	271136	270493	
269403	268875	269227	269462	268804	
271678	271132	271152	271350	270777	
272465	271766	271663	271795	271315	
271727	271516	271057	271449	271478	
274037	273141	272777	273733	272729	
273260	273031	273084	272786	272687	
271004	269866	270663	270491	269919	
272308	272048	272317	272106	271903	
274328	274081	273555	273026	273491	
274485	273370	273736	273769	273440	
273535	272636	272284	273033	272476	
268214	267890	267791	267628	267736	
271899	272104	271995	271813	271452	
274229	273551	274062	273912	273326	
274161	273458	272974	272753	273075	
273791	273183	273192	273526	273363	
272046	272267	271775	271634	271007	
267661	267667	267478	267562	266916	
264859	264619	264064	264117	264004	
260628	259987	259870	259766	259529	
263097	262599	262628	262866	262159	
271595	271229	270429	270923	270104	
274288	272954	273467	273158	272855	
272960	272190	272148	272280	272125	
273626	273566	273363	273753	273044	
274632	273885	274117	273923	273991	
273104	271930	272062	272209	271764	
265266	265489	264826	264621	264788	
267806	268011	267388	267401	267185	
268339	268383	267850	267806	267722	
271158	270789	270694	270952	270456	
269255	268625	268540	268430	268687	
270271	270046	269842	269777	269767	
266112	265991	265225	265147	265095	
225555	225117	225148	224885	224848	
159220	158729	158321	158299	158864	
164537	164233	164040	163967	163886	
174031	173538	173683	173441	173522	
184386	184150	184031	184134	184174	
196038	195989	195625	195658	195819	
209403	208330	208491	208260	208339	
225557	224857	224731	224976	224703	
240745	240335	240291	239989	240106	
258134	257603	257685	257555	257368	
249319	248868	248458	249015	248694	
241322	240690	240361	240647	239892	
227877	227176	227112	227504	226949	
232403	232247	232031	232322	231425	
225522	224850	224756	225319	224777	
235429	235106	234980	235321	234676	
224604	224681	224196	224443	223973	
240018	239769	239582	240117	239793	
224352	223864	223465	224088	224024	
247009	246872	246515	246628	246445	
234134	233804	233482	233841	233463	
243899	243429	243518	243375	243383	
249253	249071	249141	248952	248701	
235581	234766	235038	234698	234209	
256220	255676	255941	255940	255355	
248799	247855	247810	247837	247465	
250526	249546	249436	249273	249670	
263299	262363	262407	262546	262460	
246949	246559	246168	246399	246628	
250046	249333	249342	249819	249156	
259736	260004	259654	259352	259555	
252227	251630	251370	251205	251137	
261460	261216	260841	261053	260908	
267947	266930	266921	266630	266540	
252723	252128	252158	252271	251734	
253090	252705	252233	252425	252049	
261901	262071	261451	261718	261321	
257850	257967	257573	257744	257473	
246410	245819	245289	245795	245198	
254764	254244	254394	254429	253844	
253154	253434	253005	252637	252692	
256421	255969	255438	255844	255522	
262892	262661	262615	262159	262407	
253299	253115	252984	253502	252879	
241764	241408	241544	241209	240760	
241531	241238	241044	240712	240987	
248255	248092	247815	247885	247467	
257218	256359	256408	256527	256145	
260555	260106	260038	260617	259668	
248916	248639	248108	248004	247892	
255407	255223	254974	255211	255037	
260311	259855	259416	259570	259181	
261502	260733	261568	261333	260960	
261313	260879	260780	260623	260555	
250881	250350	250299	250799	250176	
261196	260458	260665	260201	260352	
257769	257513	257443	257897	257511	
256828	256269	255533	256223	255978	
269866	269485	269114	269168	269223	
270178	269467	269346	269568	269278	
275178	274214	274425	273685	274350	
280260	279317	279738	279562	279509	
279185	278581	278896	278397	278103	
273313	272839	272727	272641	272229	
276958	276894	276672	276460	276059	
277441	276375	276588	276590	276359	
269967	269355	269247	269020	269207	
260916	260231	260136	260308	259804	
261236	261328	261264	260808	260919	
269910	268949	269518	269886	269412	
275775	274634	275093	275275	274745	
275584	275709	274960	275434	275128	
265899	265804	265773	265163	265487	
259967	259888	259467	259553	259513	
255288	254229	254383	254949	254136	
262685	262282	262214	262227	262418	
264363	264526	264661	264319	264071	
257183	257355	257212	257060	257207	
272225	272145	271440	271923	271418	
270258	269515	269800	269641	269018	
254573	254242	254443	254289	254266	
264753	264370	263749	264489	263804	
269247	268584	268103	268729	268299	
254907	254740	254758	255009	254322	
244531	244238	243802	244438	243723	
261145	260610	260344	260557	260203	
268789	267934	267658	267896	267566	
264234	263766	263606	263200	262868	
264819	264529	264370	264040	264037	
269828	269317	269634	269416	269364	
253821	253714	253593	253852	253744	
246154	245518	245885	245747	245445	
265245	264833	264921	264423	264319	
270075	270110	269615	270011	269551	
266828	265886	265771	266093	265698	
253625	253066	253148	253262	252932	
261128	260163	260313	260568	259938	
252035	251436	251863	251958	252000	
259615	259908	259308	259668	259579	
273707	273190	273022	272956	272549	
279027	278632	278383	278159	278156	
280786	280273	279621	279740	280026	
275771	275282	275093	275533	274886	
271185	270445	270885	270720	270469	
260304	260220	259861	259603	259960	
262152	261386	261222	261573	261147	
275720	274861	274947	274910	274546	
280377	279641	279582	280071	279401	
279577	279027	278879	279108	278641	
279218	278392	278385	278537	278255	
279136	279035	279234	278962	278916	
277269	276897	276674	276771	275995	
268945	268086	268178	267811	267747	
266445	266026	265571	265734	265612	
274324	274156	273764	274165	273707	
274002	273830	273513	273353	273419	
274339	274324	273996	273954	273544	
275375	274244	274321	274546	274612	
274434	274165	273881	273551	273658	
276828	276683	276247	276553	276513	
277549	277110	276255	276692	276505	
275200	275170	274841	274548	274549	
274780	273852	274092	274255	273811	
277037	277027	276509	276524	276260	
280927	279553	279687	280348	279590	
279201	278542	278145	278606	278295	
280804	280271	280604	280251	280440	
281456	280749	280405	280648	280262	
278813	277740	278086	277991	277984	
275529	275059	274679	274967	274782	
280643	280172	279603	279815	279423	
281929	281207	281440	281165	280632	
277467	276645	276991	276544	276419	
276123	275527	275764	275667	275311	
277945	277260	277220	277524	276841	
277306	277454	276971	276817	276971	
277134	276293	276205	276659	276333	
280756	280092	280476	280158	279456	
281101	280925	280936	280707	280518	
280720	280601	279918	280560	279938	
281278	280538	280575	280705	280139	
281582	280984	281141	280720	281031	
281919	280859	281337	280733	280251	
282853	282339	282108	281927	281930	
283505	283002	282784	282844	282784	
283956	283370	283143	283123	283007	
281064	280778	280610	280341	280289	
281896	282002	281049	282218	281286	
281822	280951	281027	281581	280956	
278667	278310	277756	277927	278284	
280815	280841	280837	280643	280300	
282844	282868	282167	282524	281945	
283958	283848	283932	283500	283031	
282172	281535	281661	281392	281163	
282040	281709	281416	281672	281353	
281051	280806	280590	280687	280469	
277650	276592	276647	276408	276297	
284262	284062	284438	283745	283786	
285729	286145	285203	285319	284918	
282176	281648	281681	281165	281337	
279559	278971	278405	278502	278370	
273685	273159	273495	273141	272694	
277892	277603	277672	277694	277401	
281734	280879	281474	281106	280963	
285048	284940	284758	284742	284584	
283648	282026	282447	282738	282126	
284729	284099	284700	284313	283769	
283881	283355	283158	283227	283302	
281407	281136	281011	280806	280493	
282401	282002	281562	281196	280665	
280945	280802	279758	279875	279712	
274139	274423	273744	273894	273282	
266868	265936	266324	265962	266044	
272205	271579	271962	271617	271238	
276255	275295	275526	274866	274795	
282372	281502	281637	281659	281150	
281846	281353	280711	280738	280300	
279037	278879	278795	278601	278526	
277846	277826	277500	277181	276870	
277692	276665	277194	276982	276773	
277007	276328	276383	276370	275663	
268436	267916	267844	267734	267485	
249498	249156	249077	249352	248559	
243601	243282	243377	242663	242881	
231084	230513	230692	230773	230244	
236240	236145	235956	235993	235736	
229696	229201	229139	228965	228515	
213244	213286	213128	213383	213057	
216119	216139	216106	215734	215991	
220405	220137	220112	219663	219617	
199425	198725	198984	199134	198577	
231947	231244	231377	231788	231421	
231209	230465	230716	230383	230524	
222853	222658	222689	221927	222117	
218531	217817	217676	217694	217584	
191051	190137	190000	189815	189559	
172359	172161	171780	171570	172112	
221995	221705	221399	221447	221676	
233005	232584	232639	232606	232429	
195392	194963	195214	195216	194857	
192762	191969	191495	191995	191570	
210744	210212	210185	209974	209817	
218626	218125	217800	217888	217824	
212145	211908	212040	211636	212190	
207185	207009	206592	206731	206621	
189247	188681	188679	188929	188654	
216786	216458	216313	216233	215984	
209172	208767	208769	208077	208106	
207256	207405	206394	206725	206692	
230938	230187	230493	230328	230361	
242190	242090	241518	241575	241474	
256815	256733	256321	256626	255793	
270749	270405	270152	270348	269963	
274982	274487	274337	274841	274181	
263055	262458	262370	262423	261930	
259696	259410	259258	259451	259104	
266560	265925	265592	265767	265269	
274333	273337	273319	273676	273000	
269033	268529	268643	268375	268310	
251841	251734	251161	251093	251231	
267086	266416	265925	266363	266013	
254212	253485	253159	253879	253057	
259353	258313	258584	258518	258423	
267379	267046	267266	267033	266864	
241892	241392	241544	241117	241326	
211560	211408	210912	211055	210808	
196586	196002	196088	196414	195930	
224723	224647	224189	224469	224269	
252015	251712	251960	251432	251341	
226725	226438	226165	226709	226121	
223612	223029	222952	223042	222826	
227934	227357	227562	227601	227460	
222126	221888	221621	221648	221306	
231709	230745	230850	230462	230040	
244383	243223	243667	243725	243603	
247714	247734	247368	247055	247368	
239729	239496	239379	239198	238938	
199546	199190	199097	199178	199002	
213473	213601	213352	213123	213374	
251408	251059	250799	250405	250579	
238168	237842	237782	237751	237535	
246962	246498	246002	246353	245720	
244152	244218	244073	243996	244280	
235187	234727	234549	234121	234844	
232484	231560	232112	231736	231588	
208837	208377	208136	207855	207892	
245161	243912	244143	244401	244026	
260412	259707	259608	259588	259425	
251005	249874	250222	249846	249484	
257533	256965	257020	256711	256496	
234082	233013	233370	233310	232656	
234938	234637	234377	234086	233929	
201145	200658	200604	200317	200262	
197375	197038	197280	197288	197154	
235233	234463	234835	234593	234850	
248408	247604	247828	247495	247410	
249352	249311	248670	248623	248443	
265734	265288	264850	265046	264529	
268758	268352	268333	267993	268423	
240397	239853	239786	239984	239516	
229489	228971	228716	228971	228449	
207690	207548	206872	207073	207106	
213573	212557	212555	212892	212716	
226963	226476	226504	226326	226218	
237190	236745	236597	236397	236553	
262484	261280	261394	261751	261441	
267267	266760	266458	266128	266247	
250789	249963	249919	249842	249183	
249295	248745	248077	248231	248330	
221559	221372	221095	221082	220918	
230463	230502	230055	230394	230073	
256022	255623	255231	255648	255168	
254114	253822	253727	253566	253643	
232383	232104	231877	231804	231383	
234643	234337	233963	234145	233892	
243216	242258	242152	242496	242509	
258033	257410	257452	257527	257385	
253223	252266	252700	252707	252447	
239641	239126	239137	238731	238947	
238912	238641	238962	238537	238260	
260945	260223	260495	260196	260299	
275059	274760	274201	274286	274438	
275302	274185	274963	274357	274526	
273659	273218	273606	273350	272934	
262478	262211	261742	261870	261857	
271842	271282	270707	271048	271002	
275573	274951	274663	274260	274363	
272570	271608	271484	272128	271220	
264233	263617	263791	263392	263451	
267134	266361	266405	266313	266557	
276828	276647	276150	276832	276086	
288214	287535	286826	287148	286837	
289993	289225	289597	289410	289553	
288806	288557	287894	288033	288233	
288929	288158	288147	288004	287485	
274701	274000	273936	273789	273659	
280625	280062	279976	280033	279174	
283361	282339	282319	282196	282099	
272945	272154	272192	271914	271729	
270458	269791	269548	270011	269995	
278189	277659	277493	277207	277035	
277690	276696	276658	277031	276548	
277090	275899	276332	276529	276016	
271674	271002	271128	271112	270923	
278183	277009	277482	277473	277262	
276821	276476	276016	275960	276024	
270007	269599	269659	269696	269559	
271813	271350	270982	271582	271194	
272159	271101	271064	271643	271086	
276306	275762	275608	275582	275788	
280608	280438	280128	280031	280187	
272344	271577	271458	271991	271579	
279240	278663	278850	278980	279088	
283194	283095	283027	282930	282522	
284960	284941	284295	284656	283421	
287015	286452	285934	286013	286011	
286777	285548	285493	285606	285538	
286410	286053	285927	285604	285707	
289958	289527	289819	289751	289304	
283952	283665	283516	284018	283403	
275868	275441	275636	275729	274947	
279861	279099	279167	278929	278978	
276965	276712	276218	276793	276170	
275736	274921	274853	274916	274645	
270548	270275	269842	270158	269582	
273555	272813	273038	272756	272383	
279934	278960	278943	278877	278614	
280487	279777	279897	279767	279537	
281962	281478	281537	281229	281198	
281610	280949	281073	281352	280995	
287163	286447	286408	286668	285945	
283617	282927	283147	282848	282359	
285366	284969	284659	285000	284989	
291060	290397	290639	289938	289857	
288886	288075	287923	288372	287800	
285896	285474	285163	285137	285672	
286454	285612	285742	285179	285705	
276908	276659	276203	276302	276070	
275960	275766	275364	275780	275101	
287266	286780	286271	286855	286473	
283136	282817	282495	282529	282386	
278581	277571	277342	277353	276921	
286916	286172	286068	286134	286114	
288066	287780	287703	287716	288090	
289255	288969	288440	288974	288234	
281899	281647	281288	281013	281419	
278960	278086	278408	277778	278038	
285397	284656	285324	285042	284590	
291355	290125	290753	290174	290767	
293722	293070	292665	292910	293267	
293676	293154	293425	292821	292533	
291592	291342	291178	290566	290656	
294220	293595	293159	293513	292760	
295271	294342	293511	294167	294509	
293758	293394	293418	293051	293330	
294236	293571	293403	294231	293374	
294473	294037	293716	293621	293480	
289070	288158	288421	288535	288302	
289681	288852	289269	288692	288566	
290445	289661	289971	289987	289348	
284190	283872	283853	284057	283692	
284670	284339	284005	284332	284575	
289062	288799	288716	289115	288231	
292242	291667	291335	292009	291370	
294374	293388	293676	293857	293471	
295154	295104	294341	294740	294780	
295654	295150	294974	294815	294832	
296625	296348	295857	295855	295324	
296639	296321	296059	295700	295273	
296266	296092	295498	295925	295808	
293621	292767	292544	292471	292324	
285123	284548	284515	284176	284207	
289476	289383	288841	289236	288766	
293333	292996	292905	292819	292394	
294214	293676	293408	293456	293214	
295022	294253	294187	293751	294348	
295198	294634	294683	294524	294877	
294775	294489	294604	294535	293927	
293141	292256	292678	292908	292353	
293201	292806	292511	292908	292328	
292592	291408	291183	291286	291597	
292844	292370	292322	292273	292251	
294242	293736	293747	293828	293896	
294293	293491	292980	293271	293262	
292093	291603	291432	291753	291603	
294029	293634	293645	293269	293535	
295053	294454	294582	294614	294090	
295383	294960	294727	294434	294040	
295989	295110	294577	294795	294582	
294685	293777	294081	293582	293852	
290033	289872	289667	289132	288716	
290324	289925	289762	289773	289247	
281086	280445	280198	280311	280299	
283824	283013	282960	283051	282707	
290018	289066	289930	289500	288960	
291022	290734	290295	290941	290454	
292958	292570	292370	292480	292299	
294359	293903	293976	293758	293734	
293755	293573	293121	293099	293038	
292396	292194	291916	291584	291484	
289170	288370	288870	288791	288372	
291203	290707	290163	290352	290368	
287042	286462	286621	287037	286341	
278004	277700	277342	277350	277551	
287315	286707	286658	287062	286342	
290033	289474	289643	289079	289031	
291068	290310	290374	290432	290300	
293092	292236	292004	292332	291879	
293549	293220	292969	293405	292634	
293429	293136	292407	292844	292212	
289073	288026	288181	288366	287663	
287132	286498	286225	286271	286260	
286201	285877	285253	285808	285793	
290403	289890	290156	290136	289951	
292623	291588	291985	291504	291350	
292110	291304	291062	291126	290471	
284874	284540	284293	284381	284306	
289386	288872	288863	288495	287896	
292172	291513	291154	291678	290811	
293342	292930	292914	292822	292507	
293766	292821	292562	292958	292416	
293148	293026	292993	292852	292952	
292458	291709	291634	291760	291700	
292198	291443	291284	291156	291441	
292524	292209	291637	291670	291062	
290777	290522	290066	290222	290289	
287370	287134	287967	287245	286916	
288861	288302	287784	287764	288251	
291152	290842	290441	290842	290421	
291064	290670	290879	290771	290410	
291002	290914	290372	290738	290344	
289319	289214	288837	288777	288293	
283518	283802	283172	284158	282958	
288451	287848	287498	287687	287051	
288267	287729	287603	287647	287449	
288037	287416	287370	286984	287236	
290187	289694	289694	289441	288967	
289951	289419	289478	289485	289245	
290610	290489	290132	289573	290227	
289542	289370	289357	289269	288641	
287577	286269	286258	285903	285839	
283630	283350	282985	283643	283051	
287864	287016	286676	287046	286778	
288033	287271	286806	287418	287038	
283143	282493	282267	282668	281875	
286093	285886	285346	285546	285117	
288328	288159	288449	288073	288260	
288000	287745	287178	287861	287549	
288542	287606	287929	287925	288060	
287603	286198	286674	286570	286245	
283504	283355	282668	282526	282592	
279311	279269	279059	278974	278861	
274009	273247	273306	273473	273407	
278740	278537	278134	277855	277414	
280321	280033	279793	279495	279918	
281592	280755	280626	280240	280267	
274588	273430	273767	273892	273092	
223625	222821	222976	223020	223046	
153159	153266	152925	152742	152883	
116368	116310	116207	116397	116233	
99441.4	99238.1	99212.5	99168.5	98961.5	
77635.5	77668.5	77655.7	77655.7	77366.3	
60087.9	59655.7	59952.4	59862.6	59849.8	
49054.9	48990.8	49034.8	49075.1	49208.8	
42529.3	42285.7	42536.6	42238.1	42185	
40582.4	40472.5	40472.5	40399.3	40375.5	
40910.3	40807.7	40749.1	40721.6	40582.4	
45970.7	45899.3	45919.4	45990.8	45857.1	
52368.1	52415.8	52250.9	52329.7	52434.1	
64544	64609.9	64430.4	64545.8	64241.8	
80696	80408.4	80404.8	80549.5	80388.3	
101542	101333	101502	101557	101452	
127286	126967	126597	126625	126610	
188498	188211	188333	188225	187723	
206126	205476	205374	205897	205092	
171756	171458	171156	171167	171282	
161907	161817	161568	161683	161777	
124275	124134	124038	124172	123923	
133672	133731	133562	133526	133438	
115249	115128	115029	114842	114582	
102681	102392	102341	102636	102487	
127082	126912	126894	126476	126608	
96412.1	96316.8	96109.9	96065.9	96267.4	
115322	115244	115027	114778	114982	
129101	128707	128789	128647	128236	
98804	98820.5	98608.1	98675.8	98267.4	
135434	134650	134793	134778	134559	
140313	140284	139745	139679	139712	
109647	109024	109209	109352	109031	
152835	152436	152304	152218	151744	
160086	160201	160093	159947	159842	
125419	124927	124755	125071	124542	
165916	165667	164951	165139	165223	
186952	187148	186498	186857	186592	
147168	146767	146888	147158	146769	
170416	169639	169654	169634	169577	
210509	209985	210026	209824	209621	
180958	181117	180430	180799	180372	
171930	172070	171485	172027	171603	
212703	213007	213168	213174	212687	
213747	213712	213566	213896	213456	
181793	180984	181456	180817	181214	
206150	205599	205654	205830	205332	
238593	237621	238057	237819	237462	
218205	217802	217714	217830	217766	
206200	206136	205313	205925	205837	
240641	240026	240269	240383	240269	
254861	254335	254040	254269	254110	
236604	236592	236788	236090	236412	
233359	233216	232892	233310	232487	
258311	257947	258084	257879	257163	
267872	267826	267311	267445	267211	
254912	254302	254773	254070	254042	
249866	249839	249626	249361	249586	
264956	264130	264498	264421	263914	
268692	268163	268313	268608	267978	
265478	264403	264524	264317	264423	
259916	259403	259476	259308	259013	
271093	270936	271172	270808	270419	
276368	275771	276007	275751	275520	
272156	271822	271837	271621	271852	
263471	263148	263604	263136	262546	
262502	262368	262436	262311	262044	
269985	269679	269240	269300	269392	
274650	274223	273733	274209	273947	
270870	270451	270610	270456	269929	
270473	269723	269872	270125	269515	
266603	266057	266015	265984	266068	
272192	271407	271747	272026	271363	
277106	276791	276612	276707	276101	
277266	276408	276557	276174	276564	
278899	278392	278311	278544	278370	
281432	280745	280619	281179	280952	
282176	282192	281879	281518	281473	
280293	279758	279974	280297	279048	
274864	273993	274020	273625	273923	
274773	274143	273918	273916	273663	
272993	272601	272615	272654	272397	
269211	268542	268465	268524	267929	
273667	273154	272745	272355	273167	
276020	275839	275734	275808	275967	
277016	276015	276368	275886	275771	
277619	276982	276822	276372	276945	
275705	275401	274440	275474	274976	
275714	275342	275317	275397	275209	
276842	276703	276718	276941	276744	
275368	274216	274280	274451	274266	
274128	273634	273701	273447	273381	
277637	276744	277128	276956	276505	
278256	277709	277628	277614	277348	
277683	276722	277071	277110	276775	
277689	277264	277112	276973	276722	
279046	278658	278610	278599	278352	
279943	279383	279209	279081	278919	
280322	279647	279434	279496	279154	
280401	279689	278866	279590	279353	
276505	275978	276200	276467	276002	
272438	271667	271725	271810	271280	
275533	275293	274868	274619	274416	
275436	275313	275005	275110	275064	
270874	270416	270747	270753	269952	
266037	265696	265524	265495	264863	
270870	270286	270718	270324	269918	
274377	273571	273397	273203	272995	
276529	275729	275579	275527	275306	
276573	275925	276258	276277	275467	
277280	276582	276720	276527	276438	
277443	277121	277225	276685	276830	
276266	275597	275551	275322	275363	
275817	275381	275046	275040	275134	
276984	276359	275861	276086	276145	
277606	276593	277150	277126	276289	
277341	276647	277029	276716	276659	
278143	277881	277502	277212	277328	
278245	277742	277566	277505	277482	
278103	278388	277857	278026	277711	
275630	274855	275049	274870	274451	
272698	272066	272288	272330	272326	
271231	270744	270403	270685	270872	
271449	270991	270659	270916	270973	
274619	273853	273830	273952	273485	
275117	274718	274733	274337	274487	
269614	268555	268764	268905	268648	
269062	268535	268934	269220	268192	
273707	273797	273110	273667	273222	
275641	275269	275218	274965	274971	
275947	275256	275531	275652	274973	
275297	274496	274130	274313	274253	
270278	269866	269788	269319	269615	
272469	271771	271385	271802	272007	
274319	273883	274108	274009	273604	
275187	274905	274533	274432	274280	
274973	274817	274357	274973	274321	
273656	273661	273423	273366	272718	
269445	269262	268612	268791	268628	
268874	268559	268678	268425	267844	
269158	268538	268317	268423	268018	
271148	270993	270476	270658	270474	
272308	271914	271489	271711	271500	
273321	272773	272921	272795	272397	
273053	272266	272504	272593	272456	
269771	269130	269249	269473	269394	
270875	270081	270011	270141	270205	
268500	267888	267886	268141	267592	
269929	268811	268819	269170	268683	
271930	271198	271458	271434	270899	
273223	272330	272396	272418	272628	
273544	272848	273082	272883	272401	
273641	273454	273211	272703	272753	
273910	273560	273350	273375	273009	
273557	273114	273130	273216	273366	
274079	273167	272899	272753	272681	
273222	272952	272874	273031	272804	
272987	273002	272720	272579	272923	
272592	272275	272161	271518	271692	
272436	271973	271797	271791	271445	
272308	271614	271727	271348	271018	
267099	266463	266846	266095	266471	
261566	260989	261612	261797	260987	
265330	264914	264912	265013	264520	
263211	262480	262487	262403	262313	
264690	264057	263844	263908	263973	
267447	267187	266912	266714	266674	
268760	268150	268137	268515	267516	
269216	268936	268679	269397	268396	
269509	268441	268912	269277	268262	
269502	269165	268916	268592	268626	
269185	268507	268579	268051	268048	
269722	269178	269196	268925	268830	
268868	268355	268125	268366	268033	
265123	265778	265353	265542	264943	
267370	266727	266731	266982	266251	
267848	267908	267625	267881	267590	
266692	266108	265582	265427	265582	
265868	265592	265529	265392	264634	
267725	267495	266401	267092	266348	
267974	267441	267443	267533	267024	
267194	266632	266264	266749	266469	
266815	266134	265903	266119	266040	
265407	265322	265154	264886	264513	
263668	263965	263156	263286	263223	
262143	261469	261672	261815	261498	
264445	263910	263723	263736	263427	
263824	263097	263478	263810	263533	
262101	261881	261872	261240	261291	
263015	262716	262637	262813	262220	
262998	262679	262359	262553	262152	
262749	262145	261788	262095	261573	
257187	257419	257299	256936	256608	
258108	257872	257476	257934	257375	
259714	259579	259570	259002	258603	
256960	256480	256540	256476	256427	
257430	256778	256802	256925	256531	
260152	259762	259311	259350	259949	
259700	259496	259401	259789	258951	
257705	257115	256295	256799	256551	
257212	256419	256973	256711	256269	
257407	256998	257117	256881	256619	
255923	255386	255333	255636	255115	
252335	252090	252068	251973	252139	
250310	250168	250062	250119	250038	
246357	245500	245764	245676	245130	
243778	243432	243665	243168	243478	
251690	251593	251912	252134	251637	
254621	254462	254883	254579	254403	
250205	249665	249482	249716	249181	
244837	244425	244516	244313	244319	
249634	249368	249084	248993	248654	
255044	254742	254747	254518	254308	
256709	256397	256256	256429	256222	
250777	251038	250828	250527	250315	
244718	244262	244480	244242	243773	
247396	246711	246637	246672	245855	
248414	248342	247678	247738	247685	
250502	249965	249764	249273	249692	
249751	249245	249269	249447	248890	
246342	245896	246038	246013	245668	
242379	242385	242374	241811	241777	
244943	244452	244240	244385	243927	
242973	242830	242546	242615	241912	
247885	247592	247390	247293	247430	
246209	245489	245407	245588	245302	
246280	245690	245321	245538	245258	
248974	248278	248262	248282	248044	
243152	242632	243057	242987	242663	
240033	239073	239271	239075	239421	
239317	239251	239647	239209	239130	
237859	237233	237042	237114	236687	
243264	242690	242910	242405	242667	
248366	247293	247495	247430	247209	
243161	242407	242694	242557	242148	
242555	242690	241945	242379	242060	
247048	246372	246656	246601	246579	
246330	246271	245877	246156	245984	
245778	244826	244484	244529	244491	
241954	241148	241154	241643	240614	
238280	237886	237392	237505	237427	
238366	238086	237899	238053	237910	
242216	241700	242147	242038	241577	
245672	244610	244786	245137	244793	
243502	243190	243346	243584	243174	
244952	244731	244593	244430	244269	
244921	244306	244449	244236	244269	
245168	244216	244183	244731	244925	
244641	244306	243941	243907	244002	
239722	239487	238993	239410	239317	
236035	235060	235542	235326	235379	
231650	231513	230619	231154	231253	
228260	227984	227894	228288	227888	
228119	227778	227687	227709	227799	
234535	233071	233817	233377	233104	
238984	238557	238271	238200	238086	
236385	236295	235617	235454	235489	
236916	236874	236890	236599	236897	
236943	236385	236471	236143	236244	
238711	237908	237553	237775	237476	
240923	239630	240084	240051	239826	
240051	239736	239780	239295	239339	
241060	240604	240476	240396	240234	
241705	240778	241119	240923	240912	
240062	240299	239685	239788	239370	
239244	239136	239081	239282	238403	
240159	240397	240462	240462	240031	
238196	237485	237791	237099	237095	
236179	235782	235368	235418	234813	
235916	235423	235727	235678	235288	
236227	236407	235918	236405	235951	
238551	238471	238264	238390	237764	
237647	236938	237313	237394	236685	
237284	236813	236943	237090	236910	
235766	235185	235443	234864	235280	
234330	233767	233841	233577	233421	
234991	234403	234016	234388	233716	
228194	227945	227974	227868	227905	
219359	218804	218388	219026	218841	
220639	219712	219505	220110	219487	
225372	225396	224941	224934	225106	
225782	225544	225555	225277	225070	
225364	225419	225038	225264	225154	
220817	220482	220452	220423	220004	
212696	211777	212141	212293	211679	
218062	217760	217687	217802	217740	
218797	217901	217881	217773	217848	
212462	212275	212458	212183	212300	
206575	206419	206225	206104	206289	
209278	208722	209018	208901	208949	
210619	209976	210027	209485	209484	
208414	208159	207932	207842	207690	
207892	207454	207342	207077	207121	
203837	203529	203300	203643	203201	
200170	200148	200103	199432	199511	
195469	195654	194859	195033	194658	
193542	193311	193678	193342	192700	
190877	190559	191090	190386	190758	
184636	184234	184694	184692	183641	
182969	182555	182280	182581	182104	
185223	185297	184962	185364	184852	
185381	184690	184599	184577	184451	
181857	181628	181654	181661	181531	
177747	177460	177579	177284	177093	
175377	175348	174877	174570	174505	
175520	175291	174927	174679	175009	
173723	173780	173874	173903	173566	
171910	171460	171630	171833	171573	
168866	168929	169092	169088	168733	
164185	163954	164026	164048	163636	
159905	160249	159535	159714	159264	
154621	154088	154522	154355	153747	
3084.25	3084.25	3080.59	3082.42	3082.42	
3051.28	3053.11	3051.28	3058.61	3053.11	
3049.45	3045.79	3054.95	3045.79	3042.12	
3045.79	3054.95	3051.28	3049.45	3049.45	
