3772.52	3779.28	3772.52	3779.28	3772.52	
3738.74	3745.5	3738.74	3745.5	3738.74	
3727.48	3734.23	3727.48	3734.23	3727.48	
3740.99	3734.23	3740.99	3734.23	3740.99	
3743.24	3747.75	3743.24	3747.75	3743.24	
3740.99	3747.75	3740.99	3747.75	3740.99	
3750	3743.24	3750	3743.24	3750	
3747.75	3745.5	3747.75	3745.5	3747.75	
3754.5	3756.76	3754.5	3756.76	3754.5	
3752.25	3745.5	3752.25	3745.5	3752.25	
3763.51	3750	3763.51	3750	3763.51	
3754.5	3745.5	3754.5	3745.5	3754.5	
3754.5	3750	3754.5	3750	3754.5	
3761.26	3754.5	3761.26	3754.5	3761.26	
3752.25	3756.76	3752.25	3756.76	3752.25	
3754.5	3750	3754.5	3750	3754.5	
3752.25	3752.25	3752.25	3752.25	3752.25	
3761.26	3754.5	3761.26	3754.5	3761.26	
3759.01	3752.25	3759.01	3752.25	3759.01	
3756.76	3759.01	3756.76	3759.01	3756.76	
3754.5	3754.5	3754.5	3754.5	3754.5	
3768.02	3756.76	3768.02	3756.76	3768.02	
3750	3754.5	3750	3754.5	3750	
3756.76	3759.01	3756.76	3759.01	3756.76	
3754.5	3761.26	3754.5	3761.26	3754.5	
3745.5	3756.76	3745.5	3756.76	3745.5	
3752.25	3759.01	3752.25	3759.01	3752.25	
3761.26	3754.5	3761.26	3754.5	3761.26	
3765.77	3754.5	3765.77	3754.5	3765.77	
3759.01	3752.25	3759.01	3752.25	3759.01	
3756.76	3761.26	3756.76	3761.26	3756.76	
3754.5	3750	3754.5	3750	3754.5	
3747.75	3754.5	3747.75	3754.5	3747.75	
3763.51	3754.5	3763.51	3754.5	3763.51	
3752.25	3763.51	3752.25	3763.51	3752.25	
3761.26	3752.25	3761.26	3752.25	3761.26	
3754.5	3759.01	3754.5	3759.01	3754.5	
3754.5	3754.5	3754.5	3754.5	3754.5	
3756.76	3759.01	3756.76	3759.01	3756.76	
3756.76	3763.51	3756.76	3763.51	3756.76	
3763.51	3752.25	3763.51	3752.25	3763.51	
3750	3759.01	3750	3759.01	3750	
3761.26	3759.01	3761.26	3759.01	3761.26	
3756.76	3759.01	3756.76	3759.01	3756.76	
3763.51	3750	3763.51	3750	3763.51	
3750	3761.26	3750	3761.26	3750	
3752.25	3752.25	3752.25	3752.25	3752.25	
3759.01	3759.01	3759.01	3759.01	3759.01	
3754.5	3759.01	3754.5	3759.01	3754.5	
3763.51	3763.51	3763.51	3763.51	3763.51	
3770.27	3761.26	3770.27	3761.26	3770.27	
3761.26	3774.77	3761.26	3774.77	3761.26	
3761.26	3754.5	3761.26	3754.5	3761.26	
3754.5	3759.01	3754.5	3759.01	3754.5	
3747.75	3756.76	3747.75	3756.76	3747.75	
3752.25	3765.77	3752.25	3765.77	3752.25	
3765.77	3759.01	3765.77	3759.01	3765.77	
3759.01	3761.26	3759.01	3761.26	3759.01	
3752.25	3756.76	3752.25	3756.76	3752.25	
3745.5	3761.26	3745.5	3761.26	3745.5	
3768.02	3768.02	3768.02	3768.02	3768.02	
3747.75	3761.26	3747.75	3761.26	3747.75	
3756.76	3761.26	3756.76	3761.26	3756.76	
3756.76	3756.76	3756.76	3756.76	3756.76	
3763.51	3763.51	3763.51	3763.51	3763.51	
3765.77	3759.01	3765.77	3759.01	3765.77	
3752.25	3765.77	3752.25	3765.77	3752.25	
3759.01	3759.01	3759.01	3759.01	3759.01	
3752.25	3763.51	3752.25	3763.51	3752.25	
3759.01	3765.77	3759.01	3765.77	3759.01	
3750	3745.5	3750	3745.5	3750	
3752.25	3761.26	3752.25	3761.26	3752.25	
3759.01	3761.26	3759.01	3761.26	3759.01	
3765.77	3763.51	3765.77	3763.51	3765.77	
3763.51	3759.01	3763.51	3759.01	3763.51	
3754.5	3743.24	3754.5	3743.24	3754.5	
3756.76	3759.01	3756.76	3759.01	3756.76	
3763.51	3759.01	3763.51	3759.01	3763.51	
3765.77	3761.26	3765.77	3761.26	3765.77	
3754.5	3763.51	3754.5	3763.51	3754.5	
3761.26	3770.27	3761.26	3770.27	3761.26	
3752.25	3752.25	3752.25	3752.25	3752.25	
3752.25	3750	3752.25	3750	3752.25	
3763.51	3763.51	3763.51	3763.51	3763.51	
3756.76	3761.26	3756.76	3761.26	3756.76	
3765.77	3754.5	3765.77	3754.5	3765.77	
3752.25	3756.76	3752.25	3756.76	3752.25	
3754.5	3754.5	3754.5	3754.5	3754.5	
3754.5	3754.5	3754.5	3754.5	3754.5	
3759.01	3756.76	3759.01	3756.76	3759.01	
3761.26	3747.75	3761.26	3747.75	3761.26	
3761.26	3763.51	3761.26	3763.51	3761.26	
3754.5	3765.77	3754.5	3765.77	3754.5	
3761.26	3763.51	3761.26	3763.51	3761.26	
3756.76	3763.51	3756.76	3763.51	3756.76	
3759.01	3761.26	3759.01	3761.26	3759.01	
3754.5	3756.76	3754.5	3756.76	3754.5	
3763.51	3754.5	3763.51	3754.5	3763.51	
3759.01	3759.01	3759.01	3759.01	3759.01	
3752.25	3761.26	3752.25	3761.26	3752.25	
3759.01	3761.26	3759.01	3761.26	3759.01	
3752.25	3752.25	3752.25	3752.25	3752.25	
3756.76	3761.26	3756.76	3761.26	3756.76	
3752.25	3763.51	3752.25	3763.51	3752.25	
3777.03	3772.52	3777.03	3772.52	3777.03	
3759.01	3752.25	3759.01	3752.25	3759.01	
3754.5	3752.25	3754.5	3752.25	3754.5	
3754.5	3756.76	3754.5	3756.76	3754.5	
3768.02	3763.51	3768.02	3763.51	3768.02	
3752.25	3765.77	3752.25	3765.77	3752.25	
3750	3752.25	3750	3752.25	3750	
3754.5	3763.51	3754.5	3763.51	3754.5	
3759.01	3759.01	3759.01	3759.01	3759.01	
3752.25	3763.51	3752.25	3763.51	3752.25	
3759.01	3752.25	3759.01	3752.25	3759.01	
3750	3761.26	3750	3761.26	3750	
3761.26	3756.76	3761.26	3756.76	3761.26	
3759.01	3772.52	3759.01	3772.52	3759.01	
3763.51	3761.26	3763.51	3761.26	3763.51	
3750	3759.01	3750	3759.01	3750	
3752.25	3752.25	3752.25	3752.25	3752.25	
3770.27	3759.01	3770.27	3759.01	3770.27	
3768.02	3759.01	3768.02	3759.01	3768.02	
3761.26	3768.02	3761.26	3768.02	3761.26	
3759.01	3765.77	3759.01	3765.77	3759.01	
3756.76	3763.51	3756.76	3763.51	3756.76	
3747.75	3747.75	3747.75	3747.75	3747.75	
3754.5	3763.51	3754.5	3763.51	3754.5	
3752.25	3756.76	3752.25	3756.76	3752.25	
3752.25	3761.26	3752.25	3761.26	3752.25	
3752.25	3759.01	3752.25	3759.01	3752.25	
3759.01	3756.76	3759.01	3756.76	3759.01	
3750	3761.26	3750	3761.26	3750	
3750	3756.76	3750	3756.76	3750	
3759.01	3756.76	3759.01	3756.76	3759.01	
3754.5	3756.76	3754.5	3756.76	3754.5	
3761.26	3759.01	3761.26	3759.01	3761.26	
3750	3759.01	3750	3759.01	3750	
3754.5	3756.76	3754.5	3756.76	3754.5	
3759.01	3763.51	3759.01	3763.51	3759.01	
3752.25	3761.26	3752.25	3761.26	3752.25	
3756.76	3759.01	3756.76	3759.01	3756.76	
3763.51	3747.75	3763.51	3747.75	3763.51	
3756.76	3754.5	3756.76	3754.5	3756.76	
3752.25	3752.25	3752.25	3752.25	3752.25	
3765.77	3754.5	3765.77	3754.5	3765.77	
3765.77	3763.51	3765.77	3763.51	3765.77	
3763.51	3759.01	3763.51	3759.01	3763.51	
3765.77	3759.01	3765.77	3759.01	3765.77	
3750	3747.75	3750	3747.75	3750	
3763.51	3752.25	3763.51	3752.25	3763.51	
3759.01	3763.51	3759.01	3763.51	3759.01	
3754.5	3759.01	3754.5	3759.01	3754.5	
3754.5	3768.02	3754.5	3768.02	3754.5	
3754.5	3756.76	3754.5	3756.76	3754.5	
3756.76	3765.77	3756.76	3765.77	3756.76	
3747.75	3750	3747.75	3750	3747.75	
3738.74	3763.51	3738.74	3763.51	3738.74	
3747.75	3754.5	3747.75	3754.5	3747.75	
3756.76	3763.51	3756.76	3763.51	3756.76	
3750	3754.5	3750	3754.5	3750	
3761.26	3754.5	3761.26	3754.5	3761.26	
3754.5	3750	3754.5	3750	3754.5	
3750	3756.76	3750	3756.76	3750	
3763.51	3765.77	3763.51	3765.77	3763.51	
3756.76	3754.5	3756.76	3754.5	3756.76	
3754.5	3754.5	3754.5	3754.5	3754.5	
3761.26	3754.5	3761.26	3754.5	3761.26	
3754.5	3761.26	3754.5	3761.26	3754.5	
3745.5	3756.76	3745.5	3756.76	3745.5	
3761.26	3768.02	3761.26	3768.02	3761.26	
3756.76	3756.76	3756.76	3756.76	3756.76	
3756.76	3754.5	3756.76	3754.5	3756.76	
3763.51	3759.01	3763.51	3759.01	3763.51	
3754.5	3750	3754.5	3750	3754.5	
3759.01	3761.26	3759.01	3761.26	3759.01	
3747.75	3761.26	3747.75	3761.26	3747.75	
3763.51	3754.5	3763.51	3754.5	3763.51	
3752.25	3752.25	3752.25	3752.25	3752.25	
3752.25	3756.76	3752.25	3756.76	3752.25	
3759.01	3743.24	3759.01	3743.24	3759.01	
3761.26	3752.25	3761.26	3752.25	3761.26	
3745.5	3752.25	3745.5	3752.25	3745.5	
3759.01	3761.26	3759.01	3761.26	3759.01	
3754.5	3750	3754.5	3750	3754.5	
3763.51	3759.01	3763.51	3759.01	3763.51	
3756.76	3750	3756.76	3750	3756.76	
3752.25	3761.26	3752.25	3761.26	3752.25	
3756.76	3752.25	3756.76	3752.25	3756.76	
3752.25	3752.25	3752.25	3752.25	3752.25	
3752.25	3754.5	3752.25	3754.5	3752.25	
3750	3752.25	3750	3752.25	3750	
3759.01	3759.01	3759.01	3759.01	3759.01	
3740.99	3759.01	3740.99	3759.01	3740.99	
3750	3754.5	3750	3754.5	3750	
3765.77	3756.76	3765.77	3756.76	3765.77	
3750	3759.01	3750	3759.01	3750	
3761.26	3756.76	3761.26	3756.76	3761.26	
3763.51	3765.77	3763.51	3765.77	3763.51	
3752.25	3754.5	3752.25	3754.5	3752.25	
3752.25	3756.76	3752.25	3756.76	3752.25	
3754.5	3752.25	3754.5	3752.25	3754.5	
3756.76	3752.25	3756.76	3752.25	3756.76	
3765.77	3752.25	3765.77	3752.25	3765.77	
3763.51	3752.25	3763.51	3752.25	3763.51	
3752.25	3756.76	3752.25	3756.76	3752.25	
3754.5	3745.5	3754.5	3745.5	3754.5	
3752.25	3756.76	3752.25	3756.76	3752.25	
3752.25	3761.26	3752.25	3761.26	3752.25	
3754.5	3754.5	3754.5	3754.5	3754.5	
3759.01	3752.25	3759.01	3752.25	3759.01	
3750	3756.76	3750	3756.76	3750	
3754.5	3759.01	3754.5	3759.01	3754.5	
3763.51	3756.76	3763.51	3756.76	3763.51	
3756.76	3752.25	3756.76	3752.25	3756.76	
3759.01	3752.25	3759.01	3752.25	3759.01	
3752.25	3754.5	3752.25	3754.5	3752.25	
3756.76	3750	3756.76	3750	3756.76	
3756.76	3743.24	3756.76	3743.24	3756.76	
3750	3756.76	3750	3756.76	3750	
3754.5	3754.5	3754.5	3754.5	3754.5	
3759.01	3752.25	3759.01	3752.25	3759.01	
3761.26	3754.5	3761.26	3754.5	3761.26	
3747.75	3761.26	3747.75	3761.26	3747.75	
3754.5	3763.51	3754.5	3763.51	3754.5	
3754.5	3756.76	3754.5	3756.76	3754.5	
3765.77	3759.01	3765.77	3759.01	3765.77	
3761.26	3754.5	3761.26	3754.5	3761.26	
3745.5	3756.76	3745.5	3756.76	3745.5	
3747.75	3754.5	3747.75	3754.5	3747.75	
3750	3763.51	3750	3763.51	3750	
3747.75	3754.5	3747.75	3754.5	3747.75	
3756.76	3772.52	3756.76	3772.52	3756.76	
3761.26	3754.5	3761.26	3754.5	3761.26	
3763.51	3759.01	3763.51	3759.01	3763.51	
3747.75	3754.5	3747.75	3754.5	3747.75	
3759.01	3750	3759.01	3750	3759.01	
3759.01	3759.01	3759.01	3759.01	3759.01	
3750	3747.75	3750	3747.75	3750	
3752.25	3765.77	3752.25	3765.77	3752.25	
3754.5	3754.5	3754.5	3754.5	3754.5	
3761.26	3752.25	3761.26	3752.25	3761.26	
3765.77	3763.51	3765.77	3763.51	3765.77	
3761.26	3754.5	3761.26	3754.5	3761.26	
3754.5	3747.75	3754.5	3747.75	3754.5	
3754.5	3759.01	3754.5	3759.01	3754.5	
3756.76	3763.51	3756.76	3763.51	3756.76	
3759.01	3750	3759.01	3750	3759.01	
3745.5	3761.26	3745.5	3761.26	3745.5	
3750	3759.01	3750	3759.01	3750	
3754.5	3750	3754.5	3750	3754.5	
3754.5	3752.25	3754.5	3752.25	3754.5	
3765.77	3761.26	3765.77	3761.26	3765.77	
3756.76	3756.76	3756.76	3756.76	3756.76	
3750	3750	3750	3750	3750	
3750	3761.26	3750	3761.26	3750	
3750	3754.5	3750	3754.5	3750	
3745.5	3759.01	3745.5	3759.01	3745.5	
3756.76	3761.26	3756.76	3761.26	3756.76	
3747.75	3754.5	3747.75	3754.5	3747.75	
3754.5	3761.26	3754.5	3761.26	3754.5	
3750	3759.01	3750	3759.01	3750	
3763.51	3756.76	3763.51	3756.76	3763.51	
3754.5	3752.25	3754.5	3752.25	3754.5	
3759.01	3756.76	3759.01	3756.76	3759.01	
3754.5	3765.77	3754.5	3765.77	3754.5	
3752.25	3754.5	3752.25	3754.5	3752.25	
3756.76	3754.5	3756.76	3754.5	3756.76	
3756.76	3750	3756.76	3750	3756.76	
3740.99	3761.26	3740.99	3761.26	3740.99	
3756.76	3761.26	3756.76	3761.26	3756.76	
3756.76	3759.01	3756.76	3759.01	3756.76	
3756.76	3765.77	3756.76	3765.77	3756.76	
3761.26	3747.75	3761.26	3747.75	3761.26	
3763.51	3754.5	3763.51	3754.5	3763.51	
3750	3752.25	3750	3752.25	3750	
3750	3750	3750	3750	3750	
3756.76	3752.25	3756.76	3752.25	3756.76	
3759.01	3759.01	3759.01	3759.01	3759.01	
3750	3763.51	3750	3763.51	3750	
3754.5	3752.25	3754.5	3752.25	3754.5	
3756.76	3754.5	3756.76	3754.5	3756.76	
3759.01	3750	3759.01	3750	3759.01	
3754.5	3752.25	3754.5	3752.25	3754.5	
3761.26	3759.01	3761.26	3759.01	3761.26	
3759.01	3761.26	3759.01	3761.26	3759.01	
3752.25	3747.75	3752.25	3747.75	3752.25	
3756.76	3752.25	3756.76	3752.25	3756.76	
3752.25	3759.01	3752.25	3759.01	3752.25	
3747.75	3759.01	3747.75	3759.01	3747.75	
3750	3750	3750	3750	3750	
3756.76	3761.26	3756.76	3761.26	3756.76	
3750	3754.5	3750	3754.5	3750	
3754.5	3754.5	3754.5	3754.5	3754.5	
3759.01	3754.5	3759.01	3754.5	3759.01	
3754.5	3745.5	3754.5	3745.5	3754.5	
3752.25	3754.5	3752.25	3754.5	3752.25	
3756.76	3752.25	3756.76	3752.25	3756.76	
3756.76	3759.01	3756.76	3759.01	3756.76	
3756.76	3754.5	3756.76	3754.5	3756.76	
3754.5	3763.51	3754.5	3763.51	3754.5	
3759.01	3752.25	3759.01	3752.25	3759.01	
3759.01	3756.76	3759.01	3756.76	3759.01	
3765.77	3752.25	3765.77	3752.25	3765.77	
3763.51	3754.5	3763.51	3754.5	3763.51	
3752.25	3759.01	3752.25	3759.01	3752.25	
3761.26	3754.5	3761.26	3754.5	3761.26	
3756.76	3756.76	3756.76	3756.76	3756.76	
3761.26	3761.26	3761.26	3761.26	3761.26	
3750	3752.25	3750	3752.25	3750	
3759.01	3759.01	3759.01	3759.01	3759.01	
3752.25	3759.01	3752.25	3759.01	3752.25	
3756.76	3754.5	3756.76	3754.5	3756.76	
3754.5	3756.76	3754.5	3756.76	3754.5	
3754.5	3759.01	3754.5	3759.01	3754.5	
3754.5	3756.76	3754.5	3756.76	3754.5	
3752.25	3756.76	3752.25	3756.76	3752.25	
3750	3752.25	3750	3752.25	3750	
3752.25	3759.01	3752.25	3759.01	3752.25	
3750	3756.76	3750	3756.76	3750	
3745.5	3756.76	3745.5	3756.76	3745.5	
3752.25	3756.76	3752.25	3756.76	3752.25	
3756.76	3745.5	3756.76	3745.5	3756.76	
3756.76	3763.51	3756.76	3763.51	3756.76	
3756.76	3768.02	3756.76	3768.02	3756.76	
3759.01	3754.5	3759.01	3754.5	3759.01	
3752.25	3754.5	3752.25	3754.5	3752.25	
3752.25	3750	3752.25	3750	3752.25	
3750	3756.76	3750	3756.76	3750	
3754.5	3759.01	3754.5	3759.01	3754.5	
3756.76	3750	3756.76	3750	3756.76	
3761.26	3756.76	3761.26	3756.76	3761.26	
3759.01	3754.5	3759.01	3754.5	3759.01	
3754.5	3752.25	3754.5	3752.25	3754.5	
3747.75	3756.76	3747.75	3756.76	3747.75	
3743.24	3765.77	3743.24	3765.77	3743.24	
3752.25	3752.25	3752.25	3752.25	3752.25	
3750	3756.76	3750	3756.76	3750	
3754.5	3756.76	3754.5	3756.76	3754.5	
3754.5	3759.01	3754.5	3759.01	3754.5	
3747.75	3756.76	3747.75	3756.76	3747.75	
3754.5	3756.76	3754.5	3756.76	3754.5	
3761.26	3761.26	3761.26	3761.26	3761.26	
3754.5	3759.01	3754.5	3759.01	3754.5	
3750	3756.76	3750	3756.76	3750	
3752.25	3752.25	3752.25	3752.25	3752.25	
3743.24	3750	3743.24	3750	3743.24	
3745.5	3763.51	3745.5	3763.51	3745.5	
3750	3750	3750	3750	3750	
3756.76	3756.76	3756.76	3756.76	3756.76	
3761.26	3754.5	3761.26	3754.5	3761.26	
3750	3754.5	3750	3754.5	3750	
3754.5	3754.5	3754.5	3754.5	3754.5	
3754.5	3756.76	3754.5	3756.76	3754.5	
3754.5	3754.5	3754.5	3754.5	3754.5	
3754.5	3756.76	3754.5	3756.76	3754.5	
3756.76	3759.01	3756.76	3759.01	3756.76	
3752.25	3756.76	3752.25	3756.76	3752.25	
3754.5	3756.76	3754.5	3756.76	3754.5	
3752.25	3752.25	3752.25	3752.25	3752.25	
3747.75	3750	3747.75	3750	3747.75	
3754.5	3756.76	3754.5	3756.76	3754.5	
3754.5	3761.26	3754.5	3761.26	3754.5	
3756.76	3752.25	3756.76	3752.25	3756.76	
3759.01	3743.24	3759.01	3743.24	3759.01	
3756.76	3756.76	3756.76	3756.76	3756.76	
3754.5	3754.5	3754.5	3754.5	3754.5	
3761.26	3756.76	3761.26	3756.76	3761.26	
3754.5	3759.01	3754.5	3759.01	3754.5	
3756.76	3754.5	3756.76	3754.5	3756.76	
3750	3752.25	3750	3752.25	3750	
3754.5	3759.01	3754.5	3759.01	3754.5	
3756.76	3750	3756.76	3750	3756.76	
3759.01	3747.75	3759.01	3747.75	3759.01	
3761.26	3761.26	3761.26	3761.26	3761.26	
3754.5	3759.01	3754.5	3759.01	3754.5	
3754.5	3756.76	3754.5	3756.76	3754.5	
3759.01	3756.76	3759.01	3756.76	3759.01	
3747.75	3761.26	3747.75	3761.26	3747.75	
3747.75	3765.77	3747.75	3765.77	3747.75	
3759.01	3756.76	3759.01	3756.76	3759.01	
3761.26	3759.01	3761.26	3759.01	3761.26	
3743.24	3761.26	3743.24	3761.26	3743.24	
3759.01	3752.25	3759.01	3752.25	3759.01	
3752.25	3747.75	3752.25	3747.75	3752.25	
3750	3763.51	3750	3763.51	3750	
3747.75	3752.25	3747.75	3752.25	3747.75	
3756.76	3754.5	3756.76	3754.5	3756.76	
3752.25	3750	3752.25	3750	3752.25	
3752.25	3763.51	3752.25	3763.51	3752.25	
3750	3759.01	3750	3759.01	3750	
3752.25	3761.26	3752.25	3761.26	3752.25	
3759.01	3747.75	3759.01	3747.75	3759.01	
3754.5	3761.26	3754.5	3761.26	3754.5	
3756.76	3750	3756.76	3750	3756.76	
3747.75	3763.51	3747.75	3763.51	3747.75	
3759.01	3752.25	3759.01	3752.25	3759.01	
3750	3754.5	3750	3754.5	3750	
3768.02	3756.76	3768.02	3756.76	3768.02	
3765.77	3756.76	3765.77	3756.76	3765.77	
3761.26	3754.5	3761.26	3754.5	3761.26	
3752.25	3759.01	3752.25	3759.01	3752.25	
3756.76	3752.25	3756.76	3752.25	3756.76	
3761.26	3759.01	3761.26	3759.01	3761.26	
3759.01	3747.75	3759.01	3747.75	3759.01	
3747.75	3754.5	3747.75	3754.5	3747.75	
3754.5	3761.26	3754.5	3761.26	3754.5	
3761.26	3761.26	3761.26	3761.26	3761.26	
3750	3754.5	3750	3754.5	3750	
3754.5	3756.76	3754.5	3756.76	3754.5	
3756.76	3759.01	3756.76	3759.01	3756.76	
3756.76	3754.5	3756.76	3754.5	3756.76	
3752.25	3761.26	3752.25	3761.26	3752.25	
3759.01	3756.76	3759.01	3756.76	3759.01	
3756.76	3754.5	3756.76	3754.5	3756.76	
3752.25	3759.01	3752.25	3759.01	3752.25	
3763.51	3763.51	3763.51	3763.51	3763.51	
3759.01	3759.01	3759.01	3759.01	3759.01	
3754.5	3754.5	3754.5	3754.5	3754.5	
3759.01	3761.26	3759.01	3761.26	3759.01	
3754.5	3750	3754.5	3750	3754.5	
3756.76	3763.51	3756.76	3763.51	3756.76	
3752.25	3765.77	3752.25	3765.77	3752.25	
3765.77	3763.51	3765.77	3763.51	3765.77	
3752.25	3761.26	3752.25	3761.26	3752.25	
3754.5	3750	3754.5	3750	3754.5	
3750	3750	3750	3750	3750	
3754.5	3756.76	3754.5	3756.76	3754.5	
3747.75	3763.51	3747.75	3763.51	3747.75	
3754.5	3768.02	3754.5	3768.02	3754.5	
3754.5	3747.75	3754.5	3747.75	3754.5	
3759.01	3759.01	3759.01	3759.01	3759.01	
3756.76	3765.77	3756.76	3765.77	3756.76	
3761.26	3759.01	3761.26	3759.01	3761.26	
3754.5	3765.77	3754.5	3765.77	3754.5	
3752.25	3754.5	3752.25	3754.5	3752.25	
3747.75	3759.01	3747.75	3759.01	3747.75	
3756.76	3754.5	3756.76	3754.5	3756.76	
3745.5	3756.76	3745.5	3756.76	3745.5	
3754.5	3759.01	3754.5	3759.01	3754.5	
3756.76	3759.01	3756.76	3759.01	3756.76	
3752.25	3763.51	3752.25	3763.51	3752.25	
3750	3750	3750	3750	3750	
3754.5	3754.5	3754.5	3754.5	3754.5	
3761.26	3763.51	3761.26	3763.51	3761.26	
3747.75	3756.76	3747.75	3756.76	3747.75	
3750	3743.24	3750	3743.24	3750	
3761.26	3759.01	3761.26	3759.01	3761.26	
3750	3761.26	3750	3761.26	3750	
3747.75	3754.5	3747.75	3754.5	3747.75	
3754.5	3743.24	3754.5	3743.24	3754.5	
3756.76	3765.77	3756.76	3765.77	3756.76	
3768.02	3754.5	3768.02	3754.5	3768.02	
3752.25	3750	3752.25	3750	3752.25	
3750	3761.26	3750	3761.26	3750	
3752.25	3765.77	3752.25	3765.77	3752.25	
3763.51	3772.52	3763.51	3772.52	3763.51	
3759.01	3754.5	3759.01	3754.5	3759.01	
3756.76	3752.25	3756.76	3752.25	3756.76	
3756.76	3752.25	3756.76	3752.25	3756.76	
3752.25	3750	3752.25	3750	3752.25	
3759.01	3750	3759.01	3750	3759.01	
3752.25	3763.51	3752.25	3763.51	3752.25	
3761.26	3754.5	3761.26	3754.5	3761.26	
3774.77	3765.77	3774.77	3765.77	3774.77	
3750	3756.76	3750	3756.76	3750	
3768.02	3754.5	3768.02	3754.5	3768.02	
3745.5	3759.01	3745.5	3759.01	3745.5	
3750	3754.5	3750	3754.5	3750	
3756.76	3756.76	3756.76	3756.76	3756.76	
3756.76	3756.76	3756.76	3756.76	3756.76	
3756.76	3752.25	3756.76	3752.25	3756.76	
3756.76	3752.25	3756.76	3752.25	3756.76	
3763.51	3761.26	3763.51	3761.26	3763.51	
3759.01	3754.5	3759.01	3754.5	3759.01	
3754.5	3754.5	3754.5	3754.5	3754.5	
3745.5	3759.01	3745.5	3759.01	3745.5	
3759.01	3761.26	3759.01	3761.26	3759.01	
3756.76	3754.5	3756.76	3754.5	3756.76	
3743.24	3747.75	3743.24	3747.75	3743.24	
3745.5	3754.5	3745.5	3754.5	3745.5	
3752.25	3743.24	3752.25	3743.24	3752.25	
3754.5	3752.25	3754.5	3752.25	3754.5	
3756.76	3756.76	3756.76	3756.76	3756.76	
3754.5	3752.25	3754.5	3752.25	3754.5	
3754.5	3754.5	3754.5	3754.5	3754.5	
3761.26	3765.77	3761.26	3765.77	3761.26	
3759.01	3756.76	3759.01	3756.76	3759.01	
3750	3754.5	3750	3754.5	3750	
3756.76	3754.5	3756.76	3754.5	3756.76	
3747.75	3750	3747.75	3750	3747.75	
3759.01	3763.51	3759.01	3763.51	3759.01	
3752.25	3763.51	3752.25	3763.51	3752.25	
3750	3759.01	3750	3759.01	3750	
3750	3763.51	3750	3763.51	3750	
3759.01	3768.02	3759.01	3768.02	3759.01	
3750	3747.75	3750	3747.75	3750	
3763.51	3752.25	3763.51	3752.25	3763.51	
3750	3759.01	3750	3759.01	3750	
3750	3754.5	3750	3754.5	3750	
3754.5	3752.25	3754.5	3752.25	3754.5	
3761.26	3752.25	3761.26	3752.25	3761.26	
3754.5	3750	3754.5	3750	3754.5	
3752.25	3759.01	3752.25	3759.01	3752.25	
3756.76	3752.25	3756.76	3752.25	3756.76	
3745.5	3750	3745.5	3750	3745.5	
3750	3752.25	3750	3752.25	3750	
3747.75	3756.76	3747.75	3756.76	3747.75	
3752.25	3754.5	3752.25	3754.5	3752.25	
3750	3765.77	3750	3765.77	3750	
3747.75	3759.01	3747.75	3759.01	3747.75	
3747.75	3756.76	3747.75	3756.76	3747.75	
3756.76	3761.26	3756.76	3761.26	3756.76	
3754.5	3747.75	3754.5	3747.75	3754.5	
3759.01	3756.76	3759.01	3756.76	3759.01	
3754.5	3750	3754.5	3750	3754.5	
3736.49	3756.76	3736.49	3756.76	3736.49	
3745.5	3761.26	3745.5	3761.26	3745.5	
3750	3759.01	3750	3759.01	3750	
3754.5	3754.5	3754.5	3754.5	3754.5	
3759.01	3750	3759.01	3750	3759.01	
3750	3756.76	3750	3756.76	3750	
3754.5	3750	3754.5	3750	3754.5	
3754.5	3756.76	3754.5	3756.76	3754.5	
3750	3750	3750	3750	3750	
3752.25	3750	3752.25	3750	3752.25	
3754.5	3759.01	3754.5	3759.01	3754.5	
3756.76	3754.5	3756.76	3754.5	3756.76	
3747.75	3761.26	3747.75	3761.26	3747.75	
3754.5	3754.5	3754.5	3754.5	3754.5	
3754.5	3754.5	3754.5	3754.5	3754.5	
3756.76	3756.76	3756.76	3756.76	3756.76	
3747.75	3752.25	3747.75	3752.25	3747.75	
3754.5	3763.51	3754.5	3763.51	3754.5	
3756.76	3759.01	3756.76	3759.01	3756.76	
3752.25	3750	3752.25	3750	3752.25	
3754.5	3754.5	3754.5	3754.5	3754.5	
3752.25	3756.76	3752.25	3756.76	3752.25	
3752.25	3750	3752.25	3750	3752.25	
3743.24	3747.75	3743.24	3747.75	3743.24	
3759.01	3759.01	3759.01	3759.01	3759.01	
3756.76	3761.26	3756.76	3761.26	3756.76	
3759.01	3752.25	3759.01	3752.25	3759.01	
3745.5	3747.75	3745.5	3747.75	3745.5	
3754.5	3752.25	3754.5	3752.25	3754.5	
3752.25	3754.5	3752.25	3754.5	3752.25	
3763.51	3768.02	3763.51	3768.02	3763.51	
3752.25	3756.76	3752.25	3756.76	3752.25	
3759.01	3763.51	3759.01	3763.51	3759.01	
3747.75	3752.25	3747.75	3752.25	3747.75	
3756.76	3750	3756.76	3750	3756.76	
3754.5	3763.51	3754.5	3763.51	3754.5	
3754.5	3745.5	3754.5	3745.5	3754.5	
3765.77	3756.76	3765.77	3756.76	3765.77	
3745.5	3765.77	3745.5	3765.77	3745.5	
3761.26	3752.25	3761.26	3752.25	3761.26	
3756.76	3756.76	3756.76	3756.76	3756.76	
3759.01	3756.76	3759.01	3756.76	3759.01	
3761.26	3747.75	3761.26	3747.75	3761.26	
3752.25	3765.77	3752.25	3765.77	3752.25	
3754.5	3756.76	3754.5	3756.76	3754.5	
3750	3750	3750	3750	3750	
3754.5	3756.76	3754.5	3756.76	3754.5	
3763.51	3763.51	3763.51	3763.51	3763.51	
3763.51	3756.76	3763.51	3756.76	3763.51	
3752.25	3759.01	3752.25	3759.01	3752.25	
3754.5	3763.51	3754.5	3763.51	3754.5	
3747.75	3745.5	3747.75	3745.5	3747.75	
3768.02	3756.76	3768.02	3756.76	3768.02	
3759.01	3761.26	3759.01	3761.26	3759.01	
3759.01	3750	3759.01	3750	3759.01	
3754.5	3752.25	3754.5	3752.25	3754.5	
3754.5	3759.01	3754.5	3759.01	3754.5	
3750	3754.5	3750	3754.5	3750	
3754.5	3759.01	3754.5	3759.01	3754.5	
3752.25	3750	3752.25	3750	3752.25	
3752.25	3756.76	3752.25	3756.76	3752.25	
3754.5	3759.01	3754.5	3759.01	3754.5	
3759.01	3754.5	3759.01	3754.5	3759.01	
3754.5	3754.5	3754.5	3754.5	3754.5	
3754.5	3756.76	3754.5	3756.76	3754.5	
3752.25	3750	3752.25	3750	3752.25	
3752.25	3750	3752.25	3750	3752.25	
3750	3756.76	3750	3756.76	3750	
3743.24	3752.25	3743.24	3752.25	3743.24	
3756.76	3761.26	3756.76	3761.26	3756.76	
3750	3750	3750	3750	3750	
3750	3752.25	3750	3752.25	3750	
3743.24	3752.25	3743.24	3752.25	3743.24	
3752.25	3754.5	3752.25	3754.5	3752.25	
3763.51	3750	3763.51	3750	3763.51	
3752.25	3738.74	3752.25	3738.74	3752.25	
3759.01	3759.01	3759.01	3759.01	3759.01	
3745.5	3752.25	3745.5	3752.25	3745.5	
3754.5	3750	3754.5	3750	3754.5	
3761.26	3761.26	3761.26	3761.26	3761.26	
3750	3756.76	3750	3756.76	3750	
3743.24	3765.77	3743.24	3765.77	3743.24	
3759.01	3774.77	3759.01	3774.77	3759.01	
3754.5	3765.77	3754.5	3765.77	3754.5	
3754.5	3754.5	3754.5	3754.5	3754.5	
3754.5	3754.5	3754.5	3754.5	3754.5	
3750	3743.24	3750	3743.24	3750	
3752.25	3745.5	3752.25	3745.5	3752.25	
3747.75	3759.01	3747.75	3759.01	3747.75	
3754.5	3754.5	3754.5	3754.5	3754.5	
3752.25	3750	3752.25	3750	3752.25	
3756.76	3743.24	3756.76	3743.24	3756.76	
3752.25	3740.99	3752.25	3740.99	3752.25	
3750	3756.76	3750	3756.76	3750	
3754.5	3750	3754.5	3750	3754.5	
3754.5	3759.01	3754.5	3759.01	3754.5	
3752.25	3754.5	3752.25	3754.5	3752.25	
3750	3759.01	3750	3759.01	3750	
3750	3765.77	3750	3765.77	3750	
3759.01	3754.5	3759.01	3754.5	3759.01	
3747.75	3745.5	3747.75	3745.5	3747.75	
3745.5	3754.5	3745.5	3754.5	3745.5	
3756.76	3750	3756.76	3750	3756.76	
3752.25	3752.25	3752.25	3752.25	3752.25	
3752.25	3763.51	3752.25	3763.51	3752.25	
3747.75	3759.01	3747.75	3759.01	3747.75	
3750	3747.75	3750	3747.75	3750	
3752.25	3752.25	3752.25	3752.25	3752.25	
3761.26	3759.01	3761.26	3759.01	3761.26	
3747.75	3752.25	3747.75	3752.25	3747.75	
3759.01	3752.25	3759.01	3752.25	3759.01	
3752.25	3759.01	3752.25	3759.01	3752.25	
3763.51	3745.5	3763.51	3745.5	3763.51	
3747.75	3747.75	3747.75	3747.75	3747.75	
3747.75	3754.5	3747.75	3754.5	3747.75	
3754.5	3756.76	3754.5	3756.76	3754.5	
3747.75	3752.25	3747.75	3752.25	3747.75	
3747.75	3750	3747.75	3750	3747.75	
3743.24	3752.25	3743.24	3752.25	3743.24	
3752.25	3754.5	3752.25	3754.5	3752.25	
3754.5	3761.26	3754.5	3761.26	3754.5	
3747.75	3763.51	3747.75	3763.51	3747.75	
3754.5	3752.25	3754.5	3752.25	3754.5	
3761.26	3756.76	3761.26	3756.76	3761.26	
3747.75	3750	3747.75	3750	3747.75	
3747.75	3750	3747.75	3750	3747.75	
3759.01	3761.26	3759.01	3761.26	3759.01	
3763.51	3759.01	3763.51	3759.01	3763.51	
3761.26	3763.51	3761.26	3763.51	3761.26	
3759.01	3754.5	3759.01	3754.5	3759.01	
3754.5	3750	3754.5	3750	3754.5	
3754.5	3759.01	3754.5	3759.01	3754.5	
3743.24	3754.5	3743.24	3754.5	3743.24	
3761.26	3754.5	3761.26	3754.5	3761.26	
3754.5	3752.25	3754.5	3752.25	3754.5	
3745.5	3752.25	3745.5	3752.25	3745.5	
3756.76	3759.01	3756.76	3759.01	3756.76	
3750	3756.76	3750	3756.76	3750	
3756.76	3750	3756.76	3750	3756.76	
3754.5	3754.5	3754.5	3754.5	3754.5	
3750	3752.25	3750	3752.25	3750	
3754.5	3750	3754.5	3750	3754.5	
3750	3745.5	3750	3745.5	3750	
3754.5	3745.5	3754.5	3745.5	3754.5	
3747.75	3750	3747.75	3750	3747.75	
3754.5	3754.5	3754.5	3754.5	3754.5	
3759.01	3750	3759.01	3750	3759.01	
3754.5	3759.01	3754.5	3759.01	3754.5	
3745.5	3752.25	3745.5	3752.25	3745.5	
3754.5	3752.25	3754.5	3752.25	3754.5	
3756.76	3768.02	3756.76	3768.02	3756.76	
3763.51	3759.01	3763.51	3759.01	3763.51	
3745.5	3756.76	3745.5	3756.76	3745.5	
3754.5	3765.77	3754.5	3765.77	3754.5	
3745.5	3763.51	3745.5	3763.51	3745.5	
3740.99	3756.76	3740.99	3756.76	3740.99	
3752.25	3752.25	3752.25	3752.25	3752.25	
3752.25	3750	3752.25	3750	3752.25	
3747.75	3752.25	3747.75	3752.25	3747.75	
3752.25	3756.76	3752.25	3756.76	3752.25	
3745.5	3754.5	3745.5	3754.5	3745.5	
3752.25	3756.76	3752.25	3756.76	3752.25	
3754.5	3752.25	3754.5	3752.25	3754.5	
3759.01	3752.25	3759.01	3752.25	3759.01	
3756.76	3763.51	3756.76	3763.51	3756.76	
3761.26	3763.51	3761.26	3763.51	3761.26	
3750	3754.5	3750	3754.5	3750	
3752.25	3756.76	3752.25	3756.76	3752.25	
3756.76	3761.26	3756.76	3761.26	3756.76	
3750	3756.76	3750	3756.76	3750	
3747.75	3756.76	3747.75	3756.76	3747.75	
3754.5	3752.25	3754.5	3752.25	3754.5	
3754.5	3759.01	3754.5	3759.01	3754.5	
3756.76	3747.75	3756.76	3747.75	3756.76	
3754.5	3759.01	3754.5	3759.01	3754.5	
3759.01	3750	3759.01	3750	3759.01	
3747.75	3750	3747.75	3750	3747.75	
3754.5	3759.01	3754.5	3759.01	3754.5	
3754.5	3761.26	3754.5	3761.26	3754.5	
3747.75	3759.01	3747.75	3759.01	3747.75	
3754.5	3756.76	3754.5	3756.76	3754.5	
3745.5	3759.01	3745.5	3759.01	3745.5	
3754.5	3752.25	3754.5	3752.25	3754.5	
3756.76	3747.75	3756.76	3747.75	3756.76	
3752.25	3747.75	3752.25	3747.75	3752.25	
3761.26	3788.29	3761.26	3788.29	3761.26	
3754.5	3759.01	3754.5	3759.01	3754.5	
3756.76	3747.75	3756.76	3747.75	3756.76	
3750	3752.25	3750	3752.25	3750	
3747.75	3752.25	3747.75	3752.25	3747.75	
3754.5	3761.26	3754.5	3761.26	3754.5	
3756.76	3756.76	3756.76	3756.76	3756.76	
3747.75	3754.5	3747.75	3754.5	3747.75	
3747.75	3756.76	3747.75	3756.76	3747.75	
3759.01	3759.01	3759.01	3759.01	3759.01	
3761.26	3750	3761.26	3750	3761.26	
3747.75	3754.5	3747.75	3754.5	3747.75	
3754.5	3752.25	3754.5	3752.25	3754.5	
3745.5	3754.5	3745.5	3754.5	3745.5	
3759.01	3754.5	3759.01	3754.5	3759.01	
3747.75	3754.5	3747.75	3754.5	3747.75	
3750	3761.26	3750	3761.26	3750	
3750	3765.77	3750	3765.77	3750	
3750	3756.76	3750	3756.76	3750	
3752.25	3763.51	3752.25	3763.51	3752.25	
3747.75	3752.25	3747.75	3752.25	3747.75	
3743.24	3745.5	3743.24	3745.5	3743.24	
3750	3747.75	3750	3747.75	3750	
3759.01	3756.76	3759.01	3756.76	3759.01	
3740.99	3745.5	3740.99	3745.5	3740.99	
3756.76	3754.5	3756.76	3754.5	3756.76	
3743.24	3747.75	3743.24	3747.75	3743.24	
3754.5	3756.76	3754.5	3756.76	3754.5	
3754.5	3756.76	3754.5	3756.76	3754.5	
3752.25	3756.76	3752.25	3756.76	3752.25	
3745.5	3752.25	3745.5	3752.25	3745.5	
3750	3754.5	3750	3754.5	3750	
3747.75	3745.5	3747.75	3745.5	3747.75	
3747.75	3756.76	3747.75	3756.76	3747.75	
3752.25	3750	3752.25	3750	3752.25	
3756.76	3750	3756.76	3750	3756.76	
3750	3752.25	3750	3752.25	3750	
3745.5	3745.5	3745.5	3745.5	3745.5	
3747.75	3754.5	3747.75	3754.5	3747.75	
3747.75	3754.5	3747.75	3754.5	3747.75	
3759.01	3754.5	3759.01	3754.5	3759.01	
3754.5	3754.5	3754.5	3754.5	3754.5	
3747.75	3752.25	3747.75	3752.25	3747.75	
3752.25	3754.5	3752.25	3754.5	3752.25	
3756.76	3750	3756.76	3750	3756.76	
3740.99	3756.76	3740.99	3756.76	3740.99	
3747.75	3745.5	3747.75	3745.5	3747.75	
3743.24	3756.76	3743.24	3756.76	3743.24	
3752.25	3765.77	3752.25	3765.77	3752.25	
3792.79	3797.3	3792.79	3797.3	3792.79	
3740.99	3747.75	3740.99	3747.75	3740.99	
3756.76	3754.5	3756.76	3754.5	3756.76	
3759.01	3750	3759.01	3750	3759.01	
3752.25	3759.01	3752.25	3759.01	3752.25	
3752.25	3756.76	3752.25	3756.76	3752.25	
3756.76	3750	3756.76	3750	3756.76	
3761.26	3756.76	3761.26	3756.76	3761.26	
3747.75	3745.5	3747.75	3745.5	3747.75	
3756.76	3754.5	3756.76	3754.5	3756.76	
3740.99	3756.76	3740.99	3756.76	3740.99	
3754.5	3752.25	3754.5	3752.25	3754.5	
3754.5	3759.01	3754.5	3759.01	3754.5	
3747.75	3759.01	3747.75	3759.01	3747.75	
3743.24	3752.25	3743.24	3752.25	3743.24	
3752.25	3756.76	3752.25	3756.76	3752.25	
3743.24	3761.26	3743.24	3761.26	3743.24	
3745.5	3759.01	3745.5	3759.01	3745.5	
3756.76	3754.5	3756.76	3754.5	3756.76	
3759.01	3761.26	3759.01	3761.26	3759.01	
3754.5	3745.5	3754.5	3745.5	3754.5	
3754.5	3750	3754.5	3750	3754.5	
3750	3754.5	3750	3754.5	3750	
3750	3759.01	3750	3759.01	3750	
3754.5	3752.25	3754.5	3752.25	3754.5	
3761.26	3754.5	3761.26	3754.5	3761.26	
3759.01	3761.26	3759.01	3761.26	3759.01	
3761.26	3759.01	3761.26	3759.01	3761.26	
3756.76	3747.75	3756.76	3747.75	3756.76	
3745.5	3759.01	3745.5	3759.01	3745.5	
3754.5	3761.26	3754.5	3761.26	3754.5	
3747.75	3761.26	3747.75	3761.26	3747.75	
3756.76	3756.76	3756.76	3756.76	3756.76	
3752.25	3754.5	3752.25	3754.5	3752.25	
3754.5	3752.25	3754.5	3752.25	3754.5	
3750	3747.75	3750	3747.75	3750	
3752.25	3754.5	3752.25	3754.5	3752.25	
3754.5	3759.01	3754.5	3759.01	3754.5	
3756.76	3752.25	3756.76	3752.25	3756.76	
3752.25	3756.76	3752.25	3756.76	3752.25	
3752.25	3754.5	3752.25	3754.5	3752.25	
3752.25	3768.02	3752.25	3768.02	3752.25	
3763.51	3761.26	3763.51	3761.26	3763.51	
3754.5	3756.76	3754.5	3756.76	3754.5	
3745.5	3754.5	3745.5	3754.5	3745.5	
3747.75	3747.75	3747.75	3747.75	3747.75	
3747.75	3752.25	3747.75	3752.25	3747.75	
3754.5	3761.26	3754.5	3761.26	3754.5	
3745.5	3747.75	3745.5	3747.75	3745.5	
3752.25	3754.5	3752.25	3754.5	3752.25	
3763.51	3756.76	3763.51	3756.76	3763.51	
3754.5	3763.51	3754.5	3763.51	3754.5	
3743.24	3752.25	3743.24	3752.25	3743.24	
3747.75	3763.51	3747.75	3763.51	3747.75	
3740.99	3752.25	3740.99	3752.25	3740.99	
3765.77	3756.76	3765.77	3756.76	3765.77	
3752.25	3761.26	3752.25	3761.26	3752.25	
3747.75	3754.5	3747.75	3754.5	3747.75	
3752.25	3750	3752.25	3750	3752.25	
3754.5	3756.76	3754.5	3756.76	3754.5	
3747.75	3752.25	3747.75	3752.25	3747.75	
3750	3754.5	3750	3754.5	3750	
3747.75	3756.76	3747.75	3756.76	3747.75	
3747.75	3752.25	3747.75	3752.25	3747.75	
3752.25	3754.5	3752.25	3754.5	3752.25	
3747.75	3754.5	3747.75	3754.5	3747.75	
3765.77	3768.02	3765.77	3768.02	3765.77	
3752.25	3754.5	3752.25	3754.5	3752.25	
3759.01	3754.5	3759.01	3754.5	3759.01	
3756.76	3756.76	3756.76	3756.76	3756.76	
3756.76	3743.24	3756.76	3743.24	3756.76	
3759.01	3750	3759.01	3750	3759.01	
3756.76	3752.25	3756.76	3752.25	3756.76	
3763.51	3763.51	3763.51	3763.51	3763.51	
3754.5	3752.25	3754.5	3752.25	3754.5	
3754.5	3756.76	3754.5	3756.76	3754.5	
3743.24	3759.01	3743.24	3759.01	3743.24	
3752.25	3752.25	3752.25	3752.25	3752.25	
3754.5	3759.01	3754.5	3759.01	3754.5	
3745.5	3743.24	3745.5	3743.24	3745.5	
3750	3750	3750	3750	3750	
3752.25	3736.49	3752.25	3736.49	3752.25	
3756.76	3743.24	3756.76	3743.24	3756.76	
3745.5	3736.49	3745.5	3736.49	3745.5	
3754.5	3750	3754.5	3750	3754.5	
3750	3761.26	3750	3761.26	3750	
3752.25	3750	3752.25	3750	3752.25	
3747.75	3761.26	3747.75	3761.26	3747.75	
3754.5	3756.76	3754.5	3756.76	3754.5	
3763.51	3754.5	3763.51	3754.5	3763.51	
3750	3761.26	3750	3761.26	3750	
3759.01	3756.76	3759.01	3756.76	3759.01	
3754.5	3759.01	3754.5	3759.01	3754.5	
3756.76	3752.25	3756.76	3752.25	3756.76	
3743.24	3752.25	3743.24	3752.25	3743.24	
3750	3752.25	3750	3752.25	3750	
3750	3743.24	3750	3743.24	3750	
3754.5	3752.25	3754.5	3752.25	3754.5	
3747.75	3756.76	3747.75	3756.76	3747.75	
3747.75	3754.5	3747.75	3754.5	3747.75	
3763.51	3754.5	3763.51	3754.5	3763.51	
3756.76	3752.25	3756.76	3752.25	3756.76	
3754.5	3747.75	3754.5	3747.75	3754.5	
3756.76	3763.51	3756.76	3763.51	3756.76	
3759.01	3756.76	3759.01	3756.76	3759.01	
3745.5	3747.75	3745.5	3747.75	3745.5	
3750	3752.25	3750	3752.25	3750	
3738.74	3759.01	3738.74	3759.01	3738.74	
3745.5	3752.25	3745.5	3752.25	3745.5	
3750	3752.25	3750	3752.25	3750	
3752.25	3745.5	3752.25	3745.5	3752.25	
3754.5	3761.26	3754.5	3761.26	3754.5	
3756.76	3747.75	3756.76	3747.75	3756.76	
3761.26	3747.75	3761.26	3747.75	3761.26	
3752.25	3747.75	3752.25	3747.75	3752.25	
3752.25	3763.51	3752.25	3763.51	3752.25	
3747.75	3747.75	3747.75	3747.75	3747.75	
3747.75	3754.5	3747.75	3754.5	3747.75	
3754.5	3754.5	3754.5	3754.5	3754.5	
3743.24	3747.75	3743.24	3747.75	3743.24	
3747.75	3754.5	3747.75	3754.5	3747.75	
3759.01	3750	3759.01	3750	3759.01	
3738.74	3756.76	3738.74	3756.76	3738.74	
3759.01	3774.77	3759.01	3774.77	3759.01	
3740.99	3756.76	3740.99	3756.76	3740.99	
3743.24	3747.75	3743.24	3747.75	3743.24	
3752.25	3759.01	3752.25	3759.01	3752.25	
3747.75	3747.75	3747.75	3747.75	3747.75	
3745.5	3754.5	3745.5	3754.5	3745.5	
3754.5	3747.75	3754.5	3747.75	3754.5	
3750	3750	3750	3750	3750	
3752.25	3754.5	3752.25	3754.5	3752.25	
3747.75	3747.75	3747.75	3747.75	3747.75	
3747.75	3768.02	3747.75	3768.02	3747.75	
3754.5	3750	3754.5	3750	3754.5	
3752.25	3747.75	3752.25	3747.75	3752.25	
3763.51	3747.75	3763.51	3747.75	3763.51	
3754.5	3750	3754.5	3750	3754.5	
3750	3754.5	3750	3754.5	3750	
3750	3754.5	3750	3754.5	3750	
3756.76	3750	3756.76	3750	3756.76	
3750	3754.5	3750	3754.5	3750	
3752.25	3750	3752.25	3750	3752.25	
3740.99	3750	3740.99	3750	3740.99	
3756.76	3759.01	3756.76	3759.01	3756.76	
3756.76	3750	3756.76	3750	3756.76	
3750	3756.76	3750	3756.76	3750	
3750	3750	3750	3750	3750	
3759.01	3750	3759.01	3750	3759.01	
3761.26	3756.76	3761.26	3756.76	3761.26	
3761.26	3759.01	3761.26	3759.01	3761.26	
3747.75	3743.24	3747.75	3743.24	3747.75	
3756.76	3752.25	3756.76	3752.25	3756.76	
3752.25	3761.26	3752.25	3761.26	3752.25	
3754.5	3745.5	3754.5	3745.5	3754.5	
3747.75	3752.25	3747.75	3752.25	3747.75	
3743.24	3747.75	3743.24	3747.75	3743.24	
3740.99	3745.5	3740.99	3745.5	3740.99	
3756.76	3756.76	3756.76	3756.76	3756.76	
3754.5	3750	3754.5	3750	3754.5	
3747.75	3756.76	3747.75	3756.76	3747.75	
3754.5	3752.25	3754.5	3752.25	3754.5	
3756.76	3750	3756.76	3750	3756.76	
3736.49	3761.26	3736.49	3761.26	3736.49	
3752.25	3754.5	3752.25	3754.5	3752.25	
3759.01	3750	3759.01	3750	3759.01	
3752.25	3759.01	3752.25	3759.01	3752.25	
3752.25	3759.01	3752.25	3759.01	3752.25	
3750	3759.01	3750	3759.01	3750	
3747.75	3752.25	3747.75	3752.25	3747.75	
3752.25	3754.5	3752.25	3754.5	3752.25	
3756.76	3750	3756.76	3750	3756.76	
3750	3756.76	3750	3756.76	3750	
3754.5	3750	3754.5	3750	3754.5	
3752.25	3756.76	3752.25	3756.76	3752.25	
3754.5	3752.25	3754.5	3752.25	3754.5	
3747.75	3754.5	3747.75	3754.5	3747.75	
3750	3745.5	3750	3745.5	3750	
3747.75	3754.5	3747.75	3754.5	3747.75	
3743.24	3747.75	3743.24	3747.75	3743.24	
3754.5	3756.76	3754.5	3756.76	3754.5	
3747.75	3745.5	3747.75	3745.5	3747.75	
3747.75	3747.75	3747.75	3747.75	3747.75	
3752.25	3763.51	3752.25	3763.51	3752.25	
3750	3754.5	3750	3754.5	3750	
3756.76	3763.51	3756.76	3763.51	3756.76	
3750	3750	3750	3750	3750	
3759.01	3759.01	3759.01	3759.01	3759.01	
3745.5	3747.75	3745.5	3747.75	3745.5	
3759.01	3750	3759.01	3750	3759.01	
3750	3747.75	3750	3747.75	3750	
3745.5	3754.5	3745.5	3754.5	3745.5	
3756.76	3759.01	3756.76	3759.01	3756.76	
3754.5	3754.5	3754.5	3754.5	3754.5	
3750	3750	3750	3750	3750	
3743.24	3747.75	3743.24	3747.75	3743.24	
3752.25	3752.25	3752.25	3752.25	3752.25	
3745.5	3747.75	3745.5	3747.75	3745.5	
3750	3759.01	3750	3759.01	3750	
3745.5	3759.01	3745.5	3759.01	3745.5	
3745.5	3754.5	3745.5	3754.5	3745.5	
3759.01	3756.76	3759.01	3756.76	3759.01	
3759.01	3747.75	3759.01	3747.75	3759.01	
3745.5	3752.25	3745.5	3752.25	3745.5	
3752.25	3754.5	3752.25	3754.5	3752.25	
3759.01	3747.75	3759.01	3747.75	3759.01	
3750	3752.25	3750	3752.25	3750	
3743.24	3752.25	3743.24	3752.25	3743.24	
3752.25	3745.5	3752.25	3745.5	3752.25	
3752.25	3761.26	3752.25	3761.26	3752.25	
3743.24	3759.01	3743.24	3759.01	3743.24	
3745.5	3752.25	3745.5	3752.25	3745.5	
3747.75	3756.76	3747.75	3756.76	3747.75	
3752.25	3752.25	3752.25	3752.25	3752.25	
3754.5	3745.5	3754.5	3745.5	3754.5	
3736.49	3759.01	3736.49	3759.01	3736.49	
3759.01	3752.25	3759.01	3752.25	3759.01	
3752.25	3743.24	3752.25	3743.24	3752.25	
3747.75	3761.26	3747.75	3761.26	3747.75	
3750	3761.26	3750	3761.26	3750	
3752.25	3752.25	3752.25	3752.25	3752.25	
3747.75	3754.5	3747.75	3754.5	3747.75	
3743.24	3747.75	3743.24	3747.75	3743.24	
3754.5	3754.5	3754.5	3754.5	3754.5	
3754.5	3759.01	3754.5	3759.01	3754.5	
3747.75	3752.25	3747.75	3752.25	3747.75	
3754.5	3752.25	3754.5	3752.25	3754.5	
3756.76	3743.24	3756.76	3743.24	3756.76	
3750	3754.5	3750	3754.5	3750	
3752.25	3750	3752.25	3750	3752.25	
3754.5	3747.75	3754.5	3747.75	3754.5	
3756.76	3761.26	3756.76	3761.26	3756.76	
3754.5	3752.25	3754.5	3752.25	3754.5	
3759.01	3740.99	3759.01	3740.99	3759.01	
3747.75	3750	3747.75	3750	3747.75	
3759.01	3750	3759.01	3750	3759.01	
3752.25	3761.26	3752.25	3761.26	3752.25	
3752.25	3752.25	3752.25	3752.25	3752.25	
3754.5	3752.25	3754.5	3752.25	3754.5	
3745.5	3750	3745.5	3750	3745.5	
3759.01	3750	3759.01	3750	3759.01	
3745.5	3761.26	3745.5	3761.26	3745.5	
3752.25	3747.75	3752.25	3747.75	3752.25	
3752.25	3761.26	3752.25	3761.26	3752.25	
3750	3756.76	3750	3756.76	3750	
3745.5	3750	3745.5	3750	3745.5	
3750	3750	3750	3750	3750	
3754.5	3759.01	3754.5	3759.01	3754.5	
3747.75	3750	3747.75	3750	3747.75	
3754.5	3761.26	3754.5	3761.26	3754.5	
3752.25	3759.01	3752.25	3759.01	3752.25	
3750	3759.01	3750	3759.01	3750	
3756.76	3756.76	3756.76	3756.76	3756.76	
3756.76	3763.51	3756.76	3763.51	3756.76	
3752.25	3754.5	3752.25	3754.5	3752.25	
3763.51	3759.01	3763.51	3759.01	3763.51	
3759.01	3761.26	3759.01	3761.26	3759.01	
3754.5	3761.26	3754.5	3761.26	3754.5	
3747.75	3745.5	3747.75	3745.5	3747.75	
3763.51	3756.76	3763.51	3756.76	3763.51	
3745.5	3750	3745.5	3750	3745.5	
3752.25	3761.26	3752.25	3761.26	3752.25	
3743.24	3756.76	3743.24	3756.76	3743.24	
3750	3754.5	3750	3754.5	3750	
3750	3750	3750	3750	3750	
3743.24	3747.75	3743.24	3747.75	3743.24	
3754.5	3756.76	3754.5	3756.76	3754.5	
3756.76	3745.5	3756.76	3745.5	3756.76	
3750	3759.01	3750	3759.01	3750	
3788.29	3779.28	3788.29	3779.28	3788.29	
3754.5	3754.5	3754.5	3754.5	3754.5	
3754.5	3752.25	3754.5	3752.25	3754.5	
3750	3747.75	3750	3747.75	3750	
3750	3754.5	3750	3754.5	3750	
3747.75	3754.5	3747.75	3754.5	3747.75	
3747.75	3745.5	3747.75	3745.5	3747.75	
3759.01	3756.76	3759.01	3756.76	3759.01	
3752.25	3752.25	3752.25	3752.25	3752.25	
3754.5	3752.25	3754.5	3752.25	3754.5	
3752.25	3752.25	3752.25	3752.25	3752.25	
3750	3745.5	3750	3745.5	3750	
3763.51	3743.24	3763.51	3743.24	3763.51	
3759.01	3754.5	3759.01	3754.5	3759.01	
3750	3759.01	3750	3759.01	3750	
3752.25	3750	3752.25	3750	3752.25	
3743.24	3756.76	3743.24	3756.76	3743.24	
3743.24	3750	3743.24	3750	3743.24	
3752.25	3752.25	3752.25	3752.25	3752.25	
3738.74	3756.76	3738.74	3756.76	3738.74	
3750	3745.5	3750	3745.5	3750	
3738.74	3736.49	3738.74	3736.49	3738.74	
3738.74	3740.99	3738.74	3740.99	3738.74	
3736.49	3731.98	3736.49	3731.98	3736.49	
3743.24	3734.23	3743.24	3734.23	3743.24	
