3600	3597.85	3600	3597.85	3600	
3578.49	3574.19	3578.49	3574.19	3578.49	
3565.59	3578.49	3565.59	3578.49	3565.59	
3572.04	3559.14	3572.04	3559.14	3572.04	
3580.65	3578.49	3580.65	3578.49	3580.65	
3578.49	3574.19	3578.49	3574.19	3578.49	
3574.19	3587.1	3574.19	3587.1	3574.19	
3584.95	3587.1	3584.95	3587.1	3584.95	
3587.1	3587.1	3587.1	3587.1	3587.1	
3582.8	3589.25	3582.8	3589.25	3582.8	
3587.1	3584.95	3587.1	3584.95	3587.1	
3587.1	3576.34	3587.1	3576.34	3587.1	
3576.34	3587.1	3576.34	3587.1	3576.34	
3574.19	3595.7	3574.19	3595.7	3574.19	
3574.19	3578.49	3574.19	3578.49	3574.19	
3593.55	3574.19	3593.55	3574.19	3593.55	
3578.49	3578.49	3578.49	3578.49	3578.49	
3584.95	3587.1	3584.95	3587.1	3584.95	
3591.4	3587.1	3591.4	3587.1	3591.4	
3595.7	3589.25	3595.7	3589.25	3595.7	
3591.4	3580.65	3591.4	3580.65	3591.4	
3597.85	3584.95	3597.85	3584.95	3597.85	
3582.8	3591.4	3582.8	3591.4	3582.8	
3576.34	3591.4	3576.34	3591.4	3576.34	
3582.8	3589.25	3582.8	3589.25	3582.8	
3593.55	3582.8	3593.55	3582.8	3593.55	
3578.49	3589.25	3578.49	3589.25	3578.49	
3587.1	3584.95	3587.1	3584.95	3587.1	
3593.55	3593.55	3593.55	3593.55	3593.55	
3582.8	3589.25	3582.8	3589.25	3582.8	
3595.7	3587.1	3595.7	3587.1	3595.7	
3584.95	3604.3	3584.95	3604.3	3584.95	
3606.45	3584.95	3606.45	3584.95	3606.45	
3587.1	3589.25	3587.1	3589.25	3587.1	
3584.95	3591.4	3584.95	3591.4	3584.95	
3582.8	3587.1	3582.8	3587.1	3582.8	
3587.1	3584.95	3587.1	3584.95	3587.1	
3578.49	3582.8	3578.49	3582.8	3578.49	
3584.95	3595.7	3584.95	3595.7	3584.95	
3582.8	3580.65	3582.8	3580.65	3582.8	
3597.85	3582.8	3597.85	3582.8	3597.85	
3582.8	3587.1	3582.8	3587.1	3582.8	
3587.1	3591.4	3587.1	3591.4	3587.1	
3582.8	3591.4	3582.8	3591.4	3582.8	
3587.1	3591.4	3587.1	3591.4	3587.1	
3589.25	3587.1	3589.25	3587.1	3589.25	
3580.65	3587.1	3580.65	3587.1	3580.65	
3589.25	3584.95	3589.25	3584.95	3589.25	
3584.95	3582.8	3584.95	3582.8	3584.95	
3595.7	3582.8	3595.7	3582.8	3595.7	
3595.7	3597.85	3595.7	3597.85	3595.7	
3597.85	3595.7	3597.85	3595.7	3597.85	
3584.95	3589.25	3584.95	3589.25	3584.95	
3582.8	3587.1	3582.8	3587.1	3582.8	
3584.95	3595.7	3584.95	3595.7	3584.95	
3582.8	3591.4	3582.8	3591.4	3582.8	
3593.55	3589.25	3593.55	3589.25	3593.55	
3593.55	3593.55	3593.55	3593.55	3593.55	
3595.7	3593.55	3595.7	3593.55	3595.7	
3578.49	3591.4	3578.49	3591.4	3578.49	
3589.25	3582.8	3589.25	3582.8	3589.25	
3591.4	3587.1	3591.4	3587.1	3591.4	
3587.1	3589.25	3587.1	3589.25	3587.1	
3587.1	3595.7	3587.1	3595.7	3587.1	
3597.85	3595.7	3597.85	3595.7	3597.85	
3591.4	3591.4	3591.4	3591.4	3591.4	
3584.95	3593.55	3584.95	3593.55	3584.95	
3582.8	3597.85	3582.8	3597.85	3582.8	
3591.4	3593.55	3591.4	3593.55	3591.4	
3593.55	3593.55	3593.55	3593.55	3593.55	
3576.34	3580.65	3576.34	3580.65	3576.34	
3591.4	3580.65	3591.4	3580.65	3591.4	
3584.95	3582.8	3584.95	3582.8	3584.95	
3595.7	3597.85	3595.7	3597.85	3595.7	
3589.25	3593.55	3589.25	3593.55	3589.25	
3593.55	3582.8	3593.55	3582.8	3593.55	
3582.8	3589.25	3582.8	3589.25	3582.8	
3587.1	3597.85	3587.1	3597.85	3587.1	
3587.1	3591.4	3587.1	3591.4	3587.1	
3587.1	3593.55	3587.1	3593.55	3587.1	
3587.1	3591.4	3587.1	3591.4	3587.1	
3582.8	3584.95	3582.8	3584.95	3582.8	
3582.8	3589.25	3582.8	3589.25	3582.8	
3597.85	3597.85	3597.85	3597.85	3597.85	
3587.1	3593.55	3587.1	3593.55	3587.1	
3593.55	3591.4	3593.55	3591.4	3593.55	
3591.4	3587.1	3591.4	3587.1	3591.4	
3582.8	3587.1	3582.8	3587.1	3582.8	
3589.25	3584.95	3589.25	3584.95	3589.25	
3578.49	3589.25	3578.49	3589.25	3578.49	
3584.95	3589.25	3584.95	3589.25	3584.95	
3587.1	3584.95	3587.1	3584.95	3587.1	
3587.1	3593.55	3587.1	3593.55	3587.1	
3580.65	3595.7	3580.65	3595.7	3580.65	
3589.25	3589.25	3589.25	3589.25	3589.25	
3582.8	3582.8	3582.8	3582.8	3582.8	
3580.65	3597.85	3580.65	3597.85	3580.65	
3589.25	3589.25	3589.25	3589.25	3589.25	
3589.25	3578.49	3589.25	3578.49	3589.25	
3582.8	3582.8	3582.8	3582.8	3582.8	
3576.34	3584.95	3576.34	3584.95	3576.34	
3584.95	3578.49	3584.95	3578.49	3584.95	
3580.65	3587.1	3580.65	3587.1	3580.65	
3578.49	3591.4	3578.49	3591.4	3578.49	
3591.4	3597.85	3591.4	3597.85	3591.4	
3589.25	3582.8	3589.25	3582.8	3589.25	
3584.95	3584.95	3584.95	3584.95	3584.95	
3578.49	3574.19	3578.49	3574.19	3578.49	
3589.25	3587.1	3589.25	3587.1	3589.25	
3587.1	3587.1	3587.1	3587.1	3587.1	
3580.65	3584.95	3580.65	3584.95	3580.65	
3591.4	3591.4	3591.4	3591.4	3591.4	
3593.55	3578.49	3593.55	3578.49	3593.55	
3582.8	3578.49	3582.8	3578.49	3582.8	
3587.1	3587.1	3587.1	3587.1	3587.1	
3589.25	3589.25	3589.25	3589.25	3589.25	
3587.1	3589.25	3587.1	3589.25	3587.1	
3591.4	3593.55	3591.4	3593.55	3591.4	
3589.25	3584.95	3589.25	3584.95	3589.25	
3589.25	3591.4	3589.25	3591.4	3589.25	
3582.8	3587.1	3582.8	3587.1	3582.8	
3584.95	3584.95	3584.95	3584.95	3584.95	
3587.1	3591.4	3587.1	3591.4	3587.1	
3587.1	3591.4	3587.1	3591.4	3587.1	
3595.7	3589.25	3595.7	3589.25	3595.7	
3589.25	3589.25	3589.25	3589.25	3589.25	
3582.8	3580.65	3582.8	3580.65	3582.8	
3593.55	3584.95	3593.55	3584.95	3593.55	
3589.25	3591.4	3589.25	3591.4	3589.25	
3589.25	3580.65	3589.25	3580.65	3589.25	
3589.25	3593.55	3589.25	3593.55	3589.25	
3580.65	3587.1	3580.65	3587.1	3580.65	
3580.65	3597.85	3580.65	3597.85	3580.65	
3587.1	3580.65	3587.1	3580.65	3587.1	
3587.1	3582.8	3587.1	3582.8	3587.1	
3589.25	3580.65	3589.25	3580.65	3589.25	
3591.4	3600	3591.4	3600	3591.4	
3578.49	3593.55	3578.49	3593.55	3578.49	
3580.65	3587.1	3580.65	3587.1	3580.65	
3580.65	3591.4	3580.65	3591.4	3580.65	
3589.25	3580.65	3589.25	3580.65	3589.25	
3587.1	3587.1	3587.1	3587.1	3587.1	
3587.1	3587.1	3587.1	3587.1	3587.1	
3580.65	3582.8	3580.65	3582.8	3580.65	
3587.1	3593.55	3587.1	3593.55	3587.1	
3595.7	3593.55	3595.7	3593.55	3595.7	
3578.49	3580.65	3578.49	3580.65	3578.49	
3591.4	3591.4	3591.4	3591.4	3591.4	
3591.4	3582.8	3591.4	3582.8	3591.4	
3587.1	3587.1	3587.1	3587.1	3587.1	
3589.25	3595.7	3589.25	3595.7	3589.25	
3587.1	3591.4	3587.1	3591.4	3587.1	
3587.1	3587.1	3587.1	3587.1	3587.1	
3584.95	3600	3584.95	3600	3584.95	
3584.95	3591.4	3584.95	3591.4	3584.95	
3591.4	3602.15	3591.4	3602.15	3591.4	
3580.65	3589.25	3580.65	3589.25	3580.65	
3574.19	3587.1	3574.19	3587.1	3574.19	
3591.4	3576.34	3591.4	3576.34	3591.4	
3593.55	3584.95	3593.55	3584.95	3593.55	
3587.1	3580.65	3587.1	3580.65	3587.1	
3587.1	3589.25	3587.1	3589.25	3587.1	
3595.7	3589.25	3595.7	3589.25	3595.7	
3591.4	3591.4	3591.4	3591.4	3591.4	
3591.4	3591.4	3591.4	3591.4	3591.4	
3580.65	3589.25	3580.65	3589.25	3580.65	
3589.25	3578.49	3589.25	3578.49	3589.25	
3582.8	3582.8	3582.8	3582.8	3582.8	
3591.4	3580.65	3591.4	3580.65	3591.4	
3589.25	3582.8	3589.25	3582.8	3589.25	
3589.25	3584.95	3589.25	3584.95	3589.25	
3580.65	3595.7	3580.65	3595.7	3580.65	
3587.1	3584.95	3587.1	3584.95	3587.1	
3584.95	3591.4	3584.95	3591.4	3584.95	
3580.65	3600	3580.65	3600	3580.65	
3589.25	3580.65	3589.25	3580.65	3589.25	
3584.95	3593.55	3584.95	3593.55	3584.95	
3587.1	3589.25	3587.1	3589.25	3587.1	
3589.25	3584.95	3589.25	3584.95	3589.25	
3574.19	3580.65	3574.19	3580.65	3574.19	
3593.55	3589.25	3593.55	3589.25	3593.55	
3595.7	3587.1	3595.7	3587.1	3595.7	
3593.55	3584.95	3593.55	3584.95	3593.55	
3578.49	3584.95	3578.49	3584.95	3578.49	
3589.25	3580.65	3589.25	3580.65	3589.25	
3587.1	3595.7	3587.1	3595.7	3587.1	
3584.95	3584.95	3584.95	3584.95	3584.95	
3589.25	3584.95	3589.25	3584.95	3589.25	
3584.95	3595.7	3584.95	3595.7	3584.95	
3584.95	3582.8	3584.95	3582.8	3584.95	
3587.1	3584.95	3587.1	3584.95	3587.1	
3587.1	3591.4	3587.1	3591.4	3587.1	
3595.7	3580.65	3595.7	3580.65	3595.7	
3587.1	3587.1	3587.1	3587.1	3587.1	
3582.8	3589.25	3582.8	3589.25	3582.8	
3587.1	3584.95	3587.1	3584.95	3587.1	
3578.49	3584.95	3578.49	3584.95	3578.49	
3589.25	3587.1	3589.25	3587.1	3589.25	
3587.1	3595.7	3587.1	3595.7	3587.1	
3582.8	3595.7	3582.8	3595.7	3582.8	
3576.34	3587.1	3576.34	3587.1	3576.34	
3587.1	3584.95	3587.1	3584.95	3587.1	
3578.49	3584.95	3578.49	3584.95	3578.49	
3582.8	3593.55	3582.8	3593.55	3582.8	
3591.4	3582.8	3591.4	3582.8	3591.4	
3580.65	3582.8	3580.65	3582.8	3580.65	
3591.4	3593.55	3591.4	3593.55	3591.4	
3580.65	3584.95	3580.65	3584.95	3580.65	
3584.95	3593.55	3584.95	3593.55	3584.95	
3584.95	3574.19	3584.95	3574.19	3584.95	
3593.55	3587.1	3593.55	3587.1	3593.55	
3589.25	3597.85	3589.25	3597.85	3589.25	
3584.95	3584.95	3584.95	3584.95	3584.95	
3591.4	3582.8	3591.4	3582.8	3591.4	
3587.1	3587.1	3587.1	3587.1	3587.1	
3587.1	3584.95	3587.1	3584.95	3587.1	
3584.95	3582.8	3584.95	3582.8	3584.95	
3584.95	3578.49	3584.95	3578.49	3584.95	
3589.25	3591.4	3589.25	3591.4	3589.25	
3580.65	3589.25	3580.65	3589.25	3580.65	
3580.65	3580.65	3580.65	3580.65	3580.65	
3584.95	3589.25	3584.95	3589.25	3584.95	
3584.95	3589.25	3584.95	3589.25	3584.95	
3587.1	3589.25	3587.1	3589.25	3587.1	
3587.1	3589.25	3587.1	3589.25	3587.1	
3578.49	3593.55	3578.49	3593.55	3578.49	
3593.55	3593.55	3593.55	3593.55	3593.55	
3589.25	3597.85	3589.25	3597.85	3589.25	
3587.1	3591.4	3587.1	3591.4	3587.1	
3582.8	3582.8	3582.8	3582.8	3582.8	
3584.95	3591.4	3584.95	3591.4	3584.95	
3582.8	3584.95	3582.8	3584.95	3582.8	
3600	3587.1	3600	3587.1	3600	
3604.3	3587.1	3604.3	3587.1	3604.3	
3589.25	3591.4	3589.25	3591.4	3589.25	
3582.8	3576.34	3582.8	3576.34	3582.8	
3580.65	3587.1	3580.65	3587.1	3580.65	
3589.25	3589.25	3589.25	3589.25	3589.25	
3587.1	3591.4	3587.1	3591.4	3587.1	
3582.8	3591.4	3582.8	3591.4	3582.8	
3578.49	3591.4	3578.49	3591.4	3578.49	
3587.1	3602.15	3587.1	3602.15	3587.1	
3580.65	3589.25	3580.65	3589.25	3580.65	
3589.25	3589.25	3589.25	3589.25	3589.25	
3584.95	3587.1	3584.95	3587.1	3584.95	
3584.95	3584.95	3584.95	3584.95	3584.95	
3589.25	3587.1	3589.25	3587.1	3589.25	
3587.1	3582.8	3587.1	3582.8	3587.1	
3580.65	3584.95	3580.65	3584.95	3580.65	
3587.1	3587.1	3587.1	3587.1	3587.1	
3580.65	3584.95	3580.65	3584.95	3580.65	
3580.65	3584.95	3580.65	3584.95	3580.65	
3582.8	3580.65	3582.8	3580.65	3582.8	
3593.55	3591.4	3593.55	3591.4	3593.55	
3582.8	3582.8	3582.8	3582.8	3582.8	
3589.25	3584.95	3589.25	3584.95	3589.25	
3587.1	3587.1	3587.1	3587.1	3587.1	
3587.1	3591.4	3587.1	3591.4	3587.1	
3587.1	3584.95	3587.1	3584.95	3587.1	
3578.49	3574.19	3578.49	3574.19	3578.49	
3591.4	3587.1	3591.4	3587.1	3591.4	
3582.8	3600	3582.8	3600	3582.8	
3591.4	3595.7	3591.4	3595.7	3591.4	
3584.95	3578.49	3584.95	3578.49	3584.95	
3582.8	3589.25	3582.8	3589.25	3582.8	
3580.65	3578.49	3580.65	3578.49	3580.65	
3589.25	3587.1	3589.25	3587.1	3589.25	
3591.4	3593.55	3591.4	3593.55	3591.4	
3589.25	3580.65	3589.25	3580.65	3589.25	
3589.25	3584.95	3589.25	3584.95	3589.25	
3584.95	3591.4	3584.95	3591.4	3584.95	
3584.95	3584.95	3584.95	3584.95	3584.95	
3589.25	3582.8	3589.25	3582.8	3589.25	
3591.4	3584.95	3591.4	3584.95	3591.4	
3593.55	3591.4	3593.55	3591.4	3593.55	
3584.95	3580.65	3584.95	3580.65	3584.95	
3587.1	3580.65	3587.1	3580.65	3587.1	
3576.34	3587.1	3576.34	3587.1	3576.34	
3582.8	3597.85	3582.8	3597.85	3582.8	
3587.1	3589.25	3587.1	3589.25	3587.1	
3587.1	3587.1	3587.1	3587.1	3587.1	
3587.1	3587.1	3587.1	3587.1	3587.1	
3587.1	3584.95	3587.1	3584.95	3587.1	
3589.25	3584.95	3589.25	3584.95	3589.25	
3591.4	3578.49	3591.4	3578.49	3591.4	
3587.1	3576.34	3587.1	3576.34	3587.1	
3580.65	3578.49	3580.65	3578.49	3580.65	
3591.4	3578.49	3591.4	3578.49	3591.4	
3589.25	3597.85	3589.25	3597.85	3589.25	
3587.1	3587.1	3587.1	3587.1	3587.1	
3578.49	3587.1	3578.49	3587.1	3578.49	
3589.25	3593.55	3589.25	3593.55	3589.25	
3584.95	3582.8	3584.95	3582.8	3584.95	
3587.1	3582.8	3587.1	3582.8	3587.1	
3582.8	3580.65	3582.8	3580.65	3582.8	
3580.65	3589.25	3580.65	3589.25	3580.65	
3584.95	3584.95	3584.95	3584.95	3584.95	
3582.8	3582.8	3582.8	3582.8	3582.8	
3589.25	3589.25	3589.25	3589.25	3589.25	
3582.8	3584.95	3582.8	3584.95	3582.8	
3584.95	3587.1	3584.95	3587.1	3584.95	
3578.49	3587.1	3578.49	3587.1	3578.49	
3572.04	3591.4	3572.04	3591.4	3572.04	
3600	3578.49	3600	3578.49	3600	
3587.1	3591.4	3587.1	3591.4	3587.1	
3578.49	3593.55	3578.49	3593.55	3578.49	
3584.95	3584.95	3584.95	3584.95	3584.95	
3587.1	3576.34	3587.1	3576.34	3587.1	
3587.1	3591.4	3587.1	3591.4	3587.1	
3595.7	3597.85	3595.7	3597.85	3595.7	
3593.55	3591.4	3593.55	3591.4	3593.55	
3587.1	3580.65	3587.1	3580.65	3587.1	
3580.65	3582.8	3580.65	3582.8	3580.65	
3589.25	3591.4	3589.25	3591.4	3589.25	
3587.1	3582.8	3587.1	3582.8	3587.1	
3582.8	3587.1	3582.8	3587.1	3582.8	
3591.4	3584.95	3591.4	3584.95	3591.4	
3582.8	3578.49	3582.8	3578.49	3582.8	
3587.1	3589.25	3587.1	3589.25	3587.1	
3584.95	3582.8	3584.95	3582.8	3584.95	
3589.25	3593.55	3589.25	3593.55	3589.25	
3578.49	3580.65	3578.49	3580.65	3578.49	
3587.1	3587.1	3587.1	3587.1	3587.1	
3587.1	3591.4	3587.1	3591.4	3587.1	
3580.65	3584.95	3580.65	3584.95	3580.65	
3582.8	3587.1	3582.8	3587.1	3582.8	
3584.95	3582.8	3584.95	3582.8	3584.95	
3584.95	3582.8	3584.95	3582.8	3584.95	
3584.95	3589.25	3584.95	3589.25	3584.95	
3584.95	3587.1	3584.95	3587.1	3584.95	
3580.65	3591.4	3580.65	3591.4	3580.65	
3582.8	3595.7	3582.8	3595.7	3582.8	
3593.55	3589.25	3593.55	3589.25	3593.55	
3587.1	3584.95	3587.1	3584.95	3587.1	
3589.25	3591.4	3589.25	3591.4	3589.25	
3589.25	3595.7	3589.25	3595.7	3589.25	
3589.25	3582.8	3589.25	3582.8	3589.25	
3574.19	3584.95	3574.19	3584.95	3574.19	
3580.65	3578.49	3580.65	3578.49	3580.65	
3584.95	3576.34	3584.95	3576.34	3584.95	
3584.95	3584.95	3584.95	3584.95	3584.95	
3582.8	3580.65	3582.8	3580.65	3582.8	
3593.55	3584.95	3593.55	3584.95	3593.55	
3593.55	3582.8	3593.55	3582.8	3593.55	
3582.8	3582.8	3582.8	3582.8	3582.8	
3584.95	3593.55	3584.95	3593.55	3584.95	
3584.95	3578.49	3584.95	3578.49	3584.95	
3589.25	3576.34	3589.25	3576.34	3589.25	
3584.95	3576.34	3584.95	3576.34	3584.95	
3576.34	3591.4	3576.34	3591.4	3576.34	
3578.49	3593.55	3578.49	3593.55	3578.49	
3597.85	3578.49	3597.85	3578.49	3597.85	
3591.4	3591.4	3591.4	3591.4	3591.4	
3587.1	3587.1	3587.1	3587.1	3587.1	
3576.34	3589.25	3576.34	3589.25	3576.34	
3580.65	3582.8	3580.65	3582.8	3580.65	
3587.1	3576.34	3587.1	3576.34	3587.1	
3582.8	3584.95	3582.8	3584.95	3582.8	
3582.8	3591.4	3582.8	3591.4	3582.8	
3589.25	3587.1	3589.25	3587.1	3589.25	
3582.8	3584.95	3582.8	3584.95	3582.8	
3578.49	3593.55	3578.49	3593.55	3578.49	
3578.49	3589.25	3578.49	3589.25	3578.49	
3587.1	3597.85	3587.1	3597.85	3587.1	
3580.65	3574.19	3580.65	3574.19	3580.65	
3587.1	3584.95	3587.1	3584.95	3587.1	
3582.8	3580.65	3582.8	3580.65	3582.8	
3587.1	3582.8	3587.1	3582.8	3587.1	
3582.8	3595.7	3582.8	3595.7	3582.8	
3580.65	3591.4	3580.65	3591.4	3580.65	
3593.55	3589.25	3593.55	3589.25	3593.55	
3587.1	3584.95	3587.1	3584.95	3587.1	
3580.65	3584.95	3580.65	3584.95	3580.65	
3576.34	3582.8	3576.34	3582.8	3576.34	
3587.1	3587.1	3587.1	3587.1	3587.1	
3587.1	3580.65	3587.1	3580.65	3587.1	
3582.8	3591.4	3582.8	3591.4	3582.8	
3584.95	3600	3584.95	3600	3584.95	
3595.7	3576.34	3595.7	3576.34	3595.7	
3589.25	3593.55	3589.25	3593.55	3589.25	
3589.25	3602.15	3589.25	3602.15	3589.25	
3589.25	3587.1	3589.25	3587.1	3589.25	
3580.65	3584.95	3580.65	3584.95	3580.65	
3587.1	3582.8	3587.1	3582.8	3587.1	
3576.34	3587.1	3576.34	3587.1	3576.34	
3580.65	3593.55	3580.65	3593.55	3580.65	
3587.1	3582.8	3587.1	3582.8	3587.1	
3587.1	3580.65	3587.1	3580.65	3587.1	
3587.1	3587.1	3587.1	3587.1	3587.1	
3589.25	3589.25	3589.25	3589.25	3589.25	
3589.25	3576.34	3589.25	3576.34	3589.25	
3597.85	3589.25	3597.85	3589.25	3597.85	
3584.95	3580.65	3584.95	3580.65	3584.95	
3589.25	3582.8	3589.25	3582.8	3589.25	
3587.1	3589.25	3587.1	3589.25	3587.1	
3584.95	3584.95	3584.95	3584.95	3584.95	
3589.25	3587.1	3589.25	3587.1	3589.25	
3584.95	3595.7	3584.95	3595.7	3584.95	
3582.8	3597.85	3582.8	3597.85	3582.8	
3604.3	3591.4	3604.3	3591.4	3604.3	
3589.25	3595.7	3589.25	3595.7	3589.25	
3582.8	3593.55	3582.8	3593.55	3582.8	
3580.65	3584.95	3580.65	3584.95	3580.65	
3593.55	3591.4	3593.55	3591.4	3593.55	
3584.95	3597.85	3584.95	3597.85	3584.95	
3584.95	3580.65	3584.95	3580.65	3584.95	
3589.25	3582.8	3589.25	3582.8	3589.25	
3578.49	3582.8	3578.49	3582.8	3578.49	
3582.8	3589.25	3582.8	3589.25	3582.8	
3584.95	3584.95	3584.95	3584.95	3584.95	
3582.8	3584.95	3582.8	3584.95	3582.8	
3578.49	3582.8	3578.49	3582.8	3578.49	
3584.95	3578.49	3584.95	3578.49	3584.95	
3587.1	3589.25	3587.1	3589.25	3587.1	
3589.25	3593.55	3589.25	3593.55	3589.25	
3589.25	3600	3589.25	3600	3589.25	
3584.95	3589.25	3584.95	3589.25	3584.95	
3582.8	3584.95	3582.8	3584.95	3582.8	
3584.95	3595.7	3584.95	3595.7	3584.95	
3593.55	3589.25	3593.55	3589.25	3593.55	
3582.8	3587.1	3582.8	3587.1	3582.8	
3589.25	3584.95	3589.25	3584.95	3589.25	
3584.95	3591.4	3584.95	3591.4	3584.95	
3593.55	3593.55	3593.55	3593.55	3593.55	
3584.95	3584.95	3584.95	3584.95	3584.95	
3582.8	3584.95	3582.8	3584.95	3582.8	
3587.1	3582.8	3587.1	3582.8	3587.1	
3584.95	3580.65	3584.95	3580.65	3584.95	
3582.8	3591.4	3582.8	3591.4	3582.8	
3591.4	3584.95	3591.4	3584.95	3591.4	
3584.95	3591.4	3584.95	3591.4	3584.95	
3580.65	3584.95	3580.65	3584.95	3580.65	
3587.1	3591.4	3587.1	3591.4	3587.1	
3580.65	3580.65	3580.65	3580.65	3580.65	
3597.85	3591.4	3597.85	3591.4	3597.85	
3587.1	3584.95	3587.1	3584.95	3587.1	
3589.25	3591.4	3589.25	3591.4	3589.25	
3587.1	3582.8	3587.1	3582.8	3587.1	
3584.95	3578.49	3584.95	3578.49	3584.95	
3589.25	3587.1	3589.25	3587.1	3589.25	
3584.95	3589.25	3584.95	3589.25	3584.95	
3591.4	3593.55	3591.4	3593.55	3591.4	
3574.19	3591.4	3574.19	3591.4	3574.19	
3580.65	3584.95	3580.65	3584.95	3580.65	
3584.95	3584.95	3584.95	3584.95	3584.95	
3580.65	3582.8	3580.65	3582.8	3580.65	
3587.1	3591.4	3587.1	3591.4	3587.1	
3584.95	3582.8	3584.95	3582.8	3584.95	
3582.8	3582.8	3582.8	3582.8	3582.8	
3584.95	3595.7	3584.95	3595.7	3584.95	
3572.04	3582.8	3572.04	3582.8	3572.04	
3584.95	3584.95	3584.95	3584.95	3584.95	
3595.7	3589.25	3595.7	3589.25	3595.7	
3584.95	3580.65	3584.95	3580.65	3584.95	
3580.65	3587.1	3580.65	3587.1	3580.65	
3587.1	3589.25	3587.1	3589.25	3587.1	
3595.7	3595.7	3595.7	3595.7	3595.7	
3580.65	3589.25	3580.65	3589.25	3580.65	
3572.04	3582.8	3572.04	3582.8	3572.04	
3589.25	3582.8	3589.25	3582.8	3589.25	
3582.8	3591.4	3582.8	3591.4	3582.8	
3576.34	3587.1	3576.34	3587.1	3576.34	
3582.8	3587.1	3582.8	3587.1	3582.8	
3591.4	3584.95	3591.4	3584.95	3591.4	
3606.45	3591.4	3606.45	3591.4	3606.45	
3578.49	3593.55	3578.49	3593.55	3578.49	
3578.49	3580.65	3578.49	3580.65	3578.49	
3584.95	3584.95	3584.95	3584.95	3584.95	
3587.1	3587.1	3587.1	3587.1	3587.1	
3589.25	3584.95	3589.25	3584.95	3589.25	
3589.25	3587.1	3589.25	3587.1	3589.25	
3591.4	3582.8	3591.4	3582.8	3591.4	
3584.95	3593.55	3584.95	3593.55	3584.95	
3589.25	3582.8	3589.25	3582.8	3589.25	
3587.1	3584.95	3587.1	3584.95	3587.1	
3584.95	3587.1	3584.95	3587.1	3584.95	
3587.1	3580.65	3587.1	3580.65	3587.1	
3580.65	3589.25	3580.65	3589.25	3580.65	
3582.8	3582.8	3582.8	3582.8	3582.8	
3578.49	3589.25	3578.49	3589.25	3578.49	
3589.25	3587.1	3589.25	3587.1	3589.25	
3589.25	3576.34	3589.25	3576.34	3589.25	
3591.4	3589.25	3591.4	3589.25	3591.4	
3595.7	3582.8	3595.7	3582.8	3595.7	
3587.1	3589.25	3587.1	3589.25	3587.1	
3584.95	3593.55	3584.95	3593.55	3584.95	
3584.95	3597.85	3584.95	3597.85	3584.95	
3593.55	3591.4	3593.55	3591.4	3593.55	
3584.95	3589.25	3584.95	3589.25	3584.95	
3589.25	3591.4	3589.25	3591.4	3589.25	
3587.1	3584.95	3587.1	3584.95	3587.1	
3591.4	3593.55	3591.4	3593.55	3591.4	
3582.8	3587.1	3582.8	3587.1	3582.8	
3589.25	3584.95	3589.25	3584.95	3589.25	
3576.34	3576.34	3576.34	3576.34	3576.34	
3587.1	3587.1	3587.1	3587.1	3587.1	
3580.65	3589.25	3580.65	3589.25	3580.65	
3584.95	3582.8	3584.95	3582.8	3584.95	
3584.95	3580.65	3584.95	3580.65	3584.95	
3589.25	3591.4	3589.25	3591.4	3589.25	
3580.65	3582.8	3580.65	3582.8	3580.65	
3569.89	3589.25	3569.89	3589.25	3569.89	
3580.65	3584.95	3580.65	3584.95	3580.65	
3593.55	3584.95	3593.55	3584.95	3593.55	
3580.65	3578.49	3580.65	3578.49	3580.65	
3576.34	3602.15	3576.34	3602.15	3576.34	
3584.95	3584.95	3584.95	3584.95	3584.95	
3587.1	3578.49	3587.1	3578.49	3587.1	
3582.8	3591.4	3582.8	3591.4	3582.8	
3591.4	3582.8	3591.4	3582.8	3591.4	
3582.8	3589.25	3582.8	3589.25	3582.8	
3582.8	3584.95	3582.8	3584.95	3582.8	
3580.65	3582.8	3580.65	3582.8	3580.65	
3582.8	3591.4	3582.8	3591.4	3582.8	
3587.1	3584.95	3587.1	3584.95	3587.1	
3584.95	3591.4	3584.95	3591.4	3584.95	
3587.1	3587.1	3587.1	3587.1	3587.1	
3587.1	3589.25	3587.1	3589.25	3587.1	
3589.25	3582.8	3589.25	3582.8	3589.25	
3572.04	3582.8	3572.04	3582.8	3572.04	
3580.65	3587.1	3580.65	3587.1	3580.65	
3576.34	3584.95	3576.34	3584.95	3576.34	
3589.25	3580.65	3589.25	3580.65	3589.25	
3584.95	3591.4	3584.95	3591.4	3584.95	
3587.1	3582.8	3587.1	3582.8	3587.1	
3589.25	3595.7	3589.25	3595.7	3589.25	
3593.55	3591.4	3593.55	3591.4	3593.55	
3589.25	3593.55	3589.25	3593.55	3589.25	
3578.49	3587.1	3578.49	3587.1	3578.49	
3591.4	3589.25	3591.4	3589.25	3591.4	
3580.65	3584.95	3580.65	3584.95	3580.65	
3589.25	3589.25	3589.25	3589.25	3589.25	
3578.49	3582.8	3578.49	3582.8	3578.49	
3578.49	3593.55	3578.49	3593.55	3578.49	
3584.95	3587.1	3584.95	3587.1	3584.95	
3584.95	3584.95	3584.95	3584.95	3584.95	
3589.25	3584.95	3589.25	3584.95	3589.25	
3593.55	3580.65	3593.55	3580.65	3593.55	
3580.65	3587.1	3580.65	3587.1	3580.65	
3580.65	3589.25	3580.65	3589.25	3580.65	
3584.95	3591.4	3584.95	3591.4	3584.95	
3584.95	3574.19	3584.95	3574.19	3584.95	
3587.1	3589.25	3587.1	3589.25	3587.1	
3589.25	3589.25	3589.25	3589.25	3589.25	
3584.95	3578.49	3584.95	3578.49	3584.95	
3591.4	3582.8	3591.4	3582.8	3591.4	
3595.7	3582.8	3595.7	3582.8	3595.7	
3587.1	3582.8	3587.1	3582.8	3587.1	
3582.8	3584.95	3582.8	3584.95	3582.8	
3587.1	3578.49	3587.1	3578.49	3587.1	
3584.95	3587.1	3584.95	3587.1	3584.95	
3587.1	3582.8	3587.1	3582.8	3587.1	
3576.34	3584.95	3576.34	3584.95	3576.34	
3578.49	3584.95	3578.49	3584.95	3578.49	
3593.55	3584.95	3593.55	3584.95	3593.55	
3591.4	3587.1	3591.4	3587.1	3591.4	
3595.7	3584.95	3595.7	3584.95	3595.7	
3582.8	3582.8	3582.8	3582.8	3582.8	
3584.95	3574.19	3584.95	3574.19	3584.95	
3591.4	3584.95	3591.4	3584.95	3591.4	
3582.8	3578.49	3582.8	3578.49	3582.8	
3584.95	3595.7	3584.95	3595.7	3584.95	
3584.95	3587.1	3584.95	3587.1	3584.95	
3582.8	3580.65	3582.8	3580.65	3582.8	
3584.95	3582.8	3584.95	3582.8	3584.95	
3584.95	3591.4	3584.95	3591.4	3584.95	
3580.65	3589.25	3580.65	3589.25	3580.65	
3591.4	3591.4	3591.4	3591.4	3591.4	
3582.8	3584.95	3582.8	3584.95	3582.8	
3589.25	3589.25	3589.25	3589.25	3589.25	
3589.25	3580.65	3589.25	3580.65	3589.25	
3587.1	3589.25	3587.1	3589.25	3587.1	
3578.49	3582.8	3578.49	3582.8	3578.49	
3591.4	3587.1	3591.4	3587.1	3591.4	
3574.19	3584.95	3574.19	3584.95	3574.19	
3582.8	3589.25	3582.8	3589.25	3582.8	
3584.95	3587.1	3584.95	3587.1	3584.95	
3582.8	3576.34	3582.8	3576.34	3582.8	
3580.65	3589.25	3580.65	3589.25	3580.65	
3582.8	3582.8	3582.8	3582.8	3582.8	
3587.1	3591.4	3587.1	3591.4	3587.1	
3584.95	3582.8	3584.95	3582.8	3584.95	
3587.1	3589.25	3587.1	3589.25	3587.1	
3576.34	3574.19	3576.34	3574.19	3576.34	
3582.8	3587.1	3582.8	3587.1	3582.8	
3587.1	3582.8	3587.1	3582.8	3587.1	
3582.8	3595.7	3582.8	3595.7	3582.8	
3584.95	3584.95	3584.95	3584.95	3584.95	
3587.1	3582.8	3587.1	3582.8	3587.1	
3574.19	3584.95	3574.19	3584.95	3574.19	
3580.65	3591.4	3580.65	3591.4	3580.65	
3582.8	3589.25	3582.8	3589.25	3582.8	
3584.95	3591.4	3584.95	3591.4	3584.95	
3582.8	3589.25	3582.8	3589.25	3582.8	
3580.65	3589.25	3580.65	3589.25	3580.65	
3584.95	3587.1	3584.95	3587.1	3584.95	
3582.8	3593.55	3582.8	3593.55	3582.8	
3584.95	3600	3584.95	3600	3584.95	
3597.85	3604.3	3597.85	3604.3	3597.85	
3591.4	3580.65	3591.4	3580.65	3591.4	
3587.1	3582.8	3587.1	3582.8	3587.1	
3582.8	3587.1	3582.8	3587.1	3582.8	
3580.65	3569.89	3580.65	3569.89	3580.65	
3584.95	3589.25	3584.95	3589.25	3584.95	
3587.1	3584.95	3587.1	3584.95	3587.1	
3574.19	3587.1	3574.19	3587.1	3574.19	
3580.65	3578.49	3580.65	3578.49	3580.65	
3580.65	3587.1	3580.65	3587.1	3580.65	
3584.95	3587.1	3584.95	3587.1	3584.95	
3587.1	3589.25	3587.1	3589.25	3587.1	
3587.1	3582.8	3587.1	3582.8	3587.1	
3591.4	3580.65	3591.4	3580.65	3591.4	
3589.25	3580.65	3589.25	3580.65	3589.25	
3582.8	3582.8	3582.8	3582.8	3582.8	
3600	3595.7	3600	3595.7	3600	
3582.8	3593.55	3582.8	3593.55	3582.8	
3584.95	3582.8	3584.95	3582.8	3584.95	
3580.65	3576.34	3580.65	3576.34	3580.65	
3580.65	3582.8	3580.65	3582.8	3580.65	
3578.49	3572.04	3578.49	3572.04	3578.49	
3587.1	3591.4	3587.1	3591.4	3587.1	
3589.25	3576.34	3589.25	3576.34	3589.25	
3584.95	3580.65	3584.95	3580.65	3584.95	
3580.65	3587.1	3580.65	3587.1	3580.65	
3587.1	3580.65	3587.1	3580.65	3587.1	
3589.25	3576.34	3589.25	3576.34	3589.25	
3591.4	3587.1	3591.4	3587.1	3591.4	
3576.34	3591.4	3576.34	3591.4	3576.34	
3580.65	3584.95	3580.65	3584.95	3580.65	
3578.49	3578.49	3578.49	3578.49	3578.49	
3580.65	3578.49	3580.65	3578.49	3580.65	
3587.1	3582.8	3587.1	3582.8	3587.1	
3584.95	3587.1	3584.95	3587.1	3584.95	
3578.49	3584.95	3578.49	3584.95	3578.49	
3582.8	3591.4	3582.8	3591.4	3582.8	
3587.1	3580.65	3587.1	3580.65	3587.1	
3582.8	3587.1	3582.8	3587.1	3582.8	
3576.34	3591.4	3576.34	3591.4	3576.34	
3580.65	3589.25	3580.65	3589.25	3580.65	
3591.4	3595.7	3591.4	3595.7	3591.4	
3578.49	3591.4	3578.49	3591.4	3578.49	
3576.34	3584.95	3576.34	3584.95	3576.34	
3589.25	3582.8	3589.25	3582.8	3589.25	
3582.8	3578.49	3582.8	3578.49	3582.8	
3580.65	3584.95	3580.65	3584.95	3580.65	
3580.65	3578.49	3580.65	3578.49	3580.65	
3580.65	3576.34	3580.65	3576.34	3580.65	
3584.95	3589.25	3584.95	3589.25	3584.95	
3589.25	3580.65	3589.25	3580.65	3589.25	
3587.1	3578.49	3587.1	3578.49	3587.1	
3589.25	3582.8	3589.25	3582.8	3589.25	
3576.34	3584.95	3576.34	3584.95	3576.34	
3580.65	3591.4	3580.65	3591.4	3580.65	
3576.34	3593.55	3576.34	3593.55	3576.34	
3584.95	3578.49	3584.95	3578.49	3584.95	
3582.8	3584.95	3582.8	3584.95	3582.8	
3574.19	3580.65	3574.19	3580.65	3574.19	
3587.1	3587.1	3587.1	3587.1	3587.1	
3578.49	3582.8	3578.49	3582.8	3578.49	
3587.1	3582.8	3587.1	3582.8	3587.1	
3580.65	3595.7	3580.65	3595.7	3580.65	
3587.1	3580.65	3587.1	3580.65	3587.1	
3580.65	3576.34	3580.65	3576.34	3580.65	
3582.8	3589.25	3582.8	3589.25	3582.8	
3593.55	3589.25	3593.55	3589.25	3593.55	
3589.25	3580.65	3589.25	3580.65	3589.25	
3587.1	3587.1	3587.1	3587.1	3587.1	
3587.1	3591.4	3587.1	3591.4	3587.1	
3580.65	3593.55	3580.65	3593.55	3580.65	
3576.34	3589.25	3576.34	3589.25	3576.34	
3591.4	3582.8	3591.4	3582.8	3591.4	
3578.49	3582.8	3578.49	3582.8	3578.49	
3587.1	3582.8	3587.1	3582.8	3587.1	
3582.8	3584.95	3582.8	3584.95	3582.8	
3587.1	3580.65	3587.1	3580.65	3587.1	
3576.34	3578.49	3576.34	3578.49	3576.34	
3578.49	3584.95	3578.49	3584.95	3578.49	
3580.65	3576.34	3580.65	3576.34	3580.65	
3582.8	3589.25	3582.8	3589.25	3582.8	
3587.1	3582.8	3587.1	3582.8	3587.1	
3589.25	3584.95	3589.25	3584.95	3589.25	
3578.49	3589.25	3578.49	3589.25	3578.49	
3587.1	3580.65	3587.1	3580.65	3587.1	
3582.8	3593.55	3582.8	3593.55	3582.8	
3584.95	3589.25	3584.95	3589.25	3584.95	
3582.8	3591.4	3582.8	3591.4	3582.8	
3582.8	3580.65	3582.8	3580.65	3582.8	
3578.49	3589.25	3578.49	3589.25	3578.49	
3582.8	3582.8	3582.8	3582.8	3582.8	
3593.55	3578.49	3593.55	3578.49	3593.55	
3587.1	3580.65	3587.1	3580.65	3587.1	
3584.95	3589.25	3584.95	3589.25	3584.95	
3593.55	3574.19	3593.55	3574.19	3593.55	
3591.4	3576.34	3591.4	3576.34	3591.4	
3582.8	3591.4	3582.8	3591.4	3582.8	
3587.1	3580.65	3587.1	3580.65	3587.1	
3580.65	3589.25	3580.65	3589.25	3580.65	
3587.1	3582.8	3587.1	3582.8	3587.1	
3582.8	3578.49	3582.8	3578.49	3582.8	
3580.65	3587.1	3580.65	3587.1	3580.65	
3578.49	3582.8	3578.49	3582.8	3578.49	
3615.05	3623.66	3615.05	3623.66	3615.05	
3587.1	3582.8	3587.1	3582.8	3587.1	
3582.8	3587.1	3582.8	3587.1	3582.8	
3578.49	3578.49	3578.49	3578.49	3578.49	
3584.95	3582.8	3584.95	3582.8	3584.95	
3578.49	3574.19	3578.49	3574.19	3578.49	
3587.1	3580.65	3587.1	3580.65	3587.1	
3582.8	3584.95	3582.8	3584.95	3582.8	
3589.25	3572.04	3589.25	3572.04	3589.25	
3584.95	3578.49	3584.95	3578.49	3584.95	
3576.34	3591.4	3576.34	3591.4	3576.34	
3587.1	3587.1	3587.1	3587.1	3587.1	
3580.65	3589.25	3580.65	3589.25	3580.65	
3589.25	3591.4	3589.25	3591.4	3589.25	
3589.25	3587.1	3589.25	3587.1	3589.25	
3580.65	3589.25	3580.65	3589.25	3580.65	
3587.1	3582.8	3587.1	3582.8	3587.1	
3584.95	3582.8	3584.95	3582.8	3584.95	
3582.8	3593.55	3582.8	3593.55	3582.8	
3591.4	3589.25	3591.4	3589.25	3591.4	
3572.04	3587.1	3572.04	3587.1	3572.04	
3584.95	3580.65	3584.95	3580.65	3584.95	
3578.49	3584.95	3578.49	3584.95	3578.49	
3587.1	3597.85	3587.1	3597.85	3587.1	
3584.95	3591.4	3584.95	3591.4	3584.95	
3589.25	3584.95	3589.25	3584.95	3589.25	
3578.49	3582.8	3578.49	3582.8	3578.49	
3584.95	3580.65	3584.95	3580.65	3584.95	
3584.95	3582.8	3584.95	3582.8	3584.95	
3587.1	3582.8	3587.1	3582.8	3587.1	
3587.1	3587.1	3587.1	3587.1	3587.1	
3578.49	3591.4	3578.49	3591.4	3578.49	
3580.65	3591.4	3580.65	3591.4	3580.65	
3578.49	3587.1	3578.49	3587.1	3578.49	
3582.8	3580.65	3582.8	3580.65	3582.8	
3580.65	3584.95	3580.65	3584.95	3580.65	
3580.65	3576.34	3580.65	3576.34	3580.65	
3584.95	3589.25	3584.95	3589.25	3584.95	
3589.25	3584.95	3589.25	3584.95	3589.25	
3578.49	3576.34	3578.49	3576.34	3578.49	
3589.25	3580.65	3589.25	3580.65	3589.25	
3580.65	3582.8	3580.65	3582.8	3580.65	
3584.95	3591.4	3584.95	3591.4	3584.95	
3584.95	3582.8	3584.95	3582.8	3584.95	
3578.49	3582.8	3578.49	3582.8	3578.49	
3580.65	3584.95	3580.65	3584.95	3580.65	
3582.8	3578.49	3582.8	3578.49	3582.8	
3587.1	3572.04	3587.1	3572.04	3587.1	
3582.8	3576.34	3582.8	3576.34	3582.8	
3623.66	3623.66	3623.66	3623.66	3623.66	
3576.34	3580.65	3576.34	3580.65	3576.34	
3584.95	3580.65	3584.95	3580.65	3584.95	
3578.49	3589.25	3578.49	3589.25	3578.49	
3584.95	3574.19	3584.95	3574.19	3584.95	
3582.8	3582.8	3582.8	3582.8	3582.8	
3582.8	3584.95	3582.8	3584.95	3582.8	
3593.55	3582.8	3593.55	3582.8	3593.55	
3574.19	3582.8	3574.19	3582.8	3574.19	
3580.65	3580.65	3580.65	3580.65	3580.65	
3576.34	3578.49	3576.34	3578.49	3576.34	
3582.8	3584.95	3582.8	3584.95	3582.8	
3582.8	3578.49	3582.8	3578.49	3582.8	
3576.34	3584.95	3576.34	3584.95	3576.34	
3587.1	3582.8	3587.1	3582.8	3587.1	
3584.95	3584.95	3584.95	3584.95	3584.95	
3582.8	3584.95	3582.8	3584.95	3582.8	
3574.19	3584.95	3574.19	3584.95	3574.19	
3587.1	3576.34	3587.1	3576.34	3587.1	
3572.04	3576.34	3572.04	3576.34	3572.04	
3578.49	3591.4	3578.49	3591.4	3578.49	
3578.49	3572.04	3578.49	3572.04	3578.49	
3587.1	3580.65	3587.1	3580.65	3587.1	
3587.1	3584.95	3587.1	3584.95	3587.1	
3580.65	3574.19	3580.65	3574.19	3580.65	
3580.65	3584.95	3580.65	3584.95	3580.65	
3572.04	3580.65	3572.04	3580.65	3572.04	
3591.4	3591.4	3591.4	3591.4	3591.4	
3584.95	3589.25	3584.95	3589.25	3584.95	
3589.25	3587.1	3589.25	3587.1	3589.25	
3580.65	3584.95	3580.65	3584.95	3580.65	
3584.95	3582.8	3584.95	3582.8	3584.95	
3584.95	3587.1	3584.95	3587.1	3584.95	
3580.65	3584.95	3580.65	3584.95	3580.65	
3582.8	3591.4	3582.8	3591.4	3582.8	
3587.1	3593.55	3587.1	3593.55	3587.1	
3589.25	3584.95	3589.25	3584.95	3589.25	
3580.65	3580.65	3580.65	3580.65	3580.65	
3584.95	3578.49	3584.95	3578.49	3584.95	
3587.1	3584.95	3587.1	3584.95	3587.1	
3587.1	3589.25	3587.1	3589.25	3587.1	
3584.95	3589.25	3584.95	3589.25	3584.95	
3574.19	3580.65	3574.19	3580.65	3574.19	
3587.1	3591.4	3587.1	3591.4	3587.1	
3584.95	3582.8	3584.95	3582.8	3584.95	
3565.59	3578.49	3565.59	3578.49	3565.59	
3578.49	3582.8	3578.49	3582.8	3578.49	
3587.1	3582.8	3587.1	3582.8	3587.1	
3584.95	3578.49	3584.95	3578.49	3584.95	
3578.49	3584.95	3578.49	3584.95	3578.49	
3584.95	3593.55	3584.95	3593.55	3584.95	
3582.8	3584.95	3582.8	3584.95	3582.8	
3582.8	3584.95	3582.8	3584.95	3582.8	
3587.1	3578.49	3587.1	3578.49	3587.1	
3574.19	3582.8	3574.19	3582.8	3574.19	
3576.34	3580.65	3576.34	3580.65	3576.34	
3589.25	3593.55	3589.25	3593.55	3589.25	
3576.34	3587.1	3576.34	3587.1	3576.34	
3576.34	3574.19	3576.34	3574.19	3576.34	
3580.65	3589.25	3580.65	3589.25	3580.65	
3582.8	3580.65	3582.8	3580.65	3582.8	
3587.1	3591.4	3587.1	3591.4	3587.1	
3574.19	3578.49	3574.19	3578.49	3574.19	
3578.49	3582.8	3578.49	3582.8	3578.49	
3593.55	3582.8	3593.55	3582.8	3593.55	
3580.65	3584.95	3580.65	3584.95	3580.65	
3580.65	3582.8	3580.65	3582.8	3580.65	
3593.55	3578.49	3593.55	3578.49	3593.55	
3580.65	3582.8	3580.65	3582.8	3580.65	
3582.8	3580.65	3582.8	3580.65	3582.8	
3574.19	3589.25	3574.19	3589.25	3574.19	
3587.1	3589.25	3587.1	3589.25	3587.1	
3580.65	3589.25	3580.65	3589.25	3580.65	
3591.4	3582.8	3591.4	3582.8	3591.4	
3587.1	3587.1	3587.1	3587.1	3587.1	
3589.25	3587.1	3589.25	3587.1	3589.25	
3584.95	3587.1	3584.95	3587.1	3584.95	
3578.49	3584.95	3578.49	3584.95	3578.49	
3589.25	3582.8	3589.25	3582.8	3589.25	
3574.19	3580.65	3574.19	3580.65	3574.19	
3584.95	3576.34	3584.95	3576.34	3584.95	
3576.34	3580.65	3576.34	3580.65	3576.34	
3589.25	3582.8	3589.25	3582.8	3589.25	
3582.8	3576.34	3582.8	3576.34	3582.8	
3580.65	3582.8	3580.65	3582.8	3580.65	
3580.65	3584.95	3580.65	3584.95	3580.65	
3580.65	3578.49	3580.65	3578.49	3580.65	
3576.34	3587.1	3576.34	3587.1	3576.34	
3576.34	3576.34	3576.34	3576.34	3576.34	
3584.95	3591.4	3584.95	3591.4	3584.95	
3582.8	3580.65	3582.8	3580.65	3582.8	
3578.49	3580.65	3578.49	3580.65	3578.49	
3587.1	3584.95	3587.1	3584.95	3587.1	
3584.95	3587.1	3584.95	3587.1	3584.95	
3574.19	3587.1	3574.19	3587.1	3574.19	
3589.25	3587.1	3589.25	3587.1	3589.25	
3584.95	3582.8	3584.95	3582.8	3584.95	
3584.95	3587.1	3584.95	3587.1	3584.95	
3578.49	3580.65	3578.49	3580.65	3578.49	
3580.65	3569.89	3580.65	3569.89	3580.65	
3576.34	3576.34	3576.34	3576.34	3576.34	
3589.25	3584.95	3589.25	3584.95	3589.25	
3580.65	3582.8	3580.65	3582.8	3580.65	
3587.1	3584.95	3587.1	3584.95	3587.1	
3578.49	3584.95	3578.49	3584.95	3578.49	
3587.1	3584.95	3587.1	3584.95	3587.1	
3584.95	3591.4	3584.95	3591.4	3584.95	
3580.65	3580.65	3580.65	3580.65	3580.65	
3582.8	3574.19	3582.8	3574.19	3582.8	
3582.8	3580.65	3582.8	3580.65	3582.8	
3582.8	3584.95	3582.8	3584.95	3582.8	
3584.95	3574.19	3584.95	3574.19	3584.95	
3576.34	3580.65	3576.34	3580.65	3576.34	
3584.95	3584.95	3584.95	3584.95	3584.95	
3578.49	3589.25	3578.49	3589.25	3578.49	
3582.8	3578.49	3582.8	3578.49	3582.8	
3582.8	3578.49	3582.8	3578.49	3582.8	
3578.49	3580.65	3578.49	3580.65	3578.49	
3580.65	3584.95	3580.65	3584.95	3580.65	
3582.8	3587.1	3582.8	3587.1	3582.8	
3578.49	3584.95	3578.49	3584.95	3578.49	
3587.1	3587.1	3587.1	3587.1	3587.1	
3578.49	3584.95	3578.49	3584.95	3578.49	
3584.95	3597.85	3584.95	3597.85	3584.95	
3587.1	3589.25	3587.1	3589.25	3587.1	
3576.34	3587.1	3576.34	3587.1	3576.34	
3578.49	3578.49	3578.49	3578.49	3578.49	
3584.95	3584.95	3584.95	3584.95	3584.95	
3589.25	3582.8	3589.25	3582.8	3589.25	
3578.49	3572.04	3578.49	3572.04	3578.49	
3584.95	3578.49	3584.95	3578.49	3584.95	
3582.8	3580.65	3582.8	3580.65	3582.8	
3576.34	3589.25	3576.34	3589.25	3576.34	
3584.95	3595.7	3584.95	3595.7	3584.95	
3582.8	3578.49	3582.8	3578.49	3582.8	
3582.8	3578.49	3582.8	3578.49	3582.8	
3587.1	3576.34	3587.1	3576.34	3587.1	
3580.65	3574.19	3580.65	3574.19	3580.65	
3582.8	3584.95	3582.8	3584.95	3582.8	
3582.8	3587.1	3582.8	3587.1	3582.8	
3578.49	3587.1	3578.49	3587.1	3578.49	
3587.1	3584.95	3587.1	3584.95	3587.1	
3580.65	3584.95	3580.65	3584.95	3580.65	
3578.49	3576.34	3578.49	3576.34	3578.49	
3589.25	3587.1	3589.25	3587.1	3589.25	
3582.8	3576.34	3582.8	3576.34	3582.8	
3582.8	3593.55	3582.8	3593.55	3582.8	
3580.65	3587.1	3580.65	3587.1	3580.65	
3584.95	3576.34	3584.95	3576.34	3584.95	
3582.8	3587.1	3582.8	3587.1	3582.8	
3576.34	3582.8	3576.34	3582.8	3576.34	
3580.65	3584.95	3580.65	3584.95	3580.65	
3582.8	3576.34	3582.8	3576.34	3582.8	
3580.65	3580.65	3580.65	3580.65	3580.65	
3584.95	3593.55	3584.95	3593.55	3584.95	
3584.95	3587.1	3584.95	3587.1	3584.95	
3582.8	3591.4	3582.8	3591.4	3582.8	
3591.4	3584.95	3591.4	3584.95	3591.4	
3584.95	3582.8	3584.95	3582.8	3584.95	
3589.25	3580.65	3589.25	3580.65	3589.25	
3578.49	3584.95	3578.49	3584.95	3578.49	
3578.49	3582.8	3578.49	3582.8	3578.49	
3587.1	3587.1	3587.1	3587.1	3587.1	
3580.65	3589.25	3580.65	3589.25	3580.65	
3582.8	3580.65	3582.8	3580.65	3582.8	
3576.34	3595.7	3576.34	3595.7	3576.34	
3582.8	3582.8	3582.8	3582.8	3582.8	
3580.65	3574.19	3580.65	3574.19	3580.65	
3582.8	3587.1	3582.8	3587.1	3582.8	
3587.1	3591.4	3587.1	3591.4	3587.1	
3576.34	3580.65	3576.34	3580.65	3576.34	
3584.95	3584.95	3584.95	3584.95	3584.95	
3591.4	3587.1	3591.4	3587.1	3591.4	
3580.65	3572.04	3580.65	3572.04	3580.65	
3582.8	3587.1	3582.8	3587.1	3582.8	
3578.49	3576.34	3578.49	3576.34	3578.49	
3584.95	3584.95	3584.95	3584.95	3584.95	
3576.34	3591.4	3576.34	3591.4	3576.34	
3578.49	3580.65	3578.49	3580.65	3578.49	
3580.65	3587.1	3580.65	3587.1	3580.65	
3589.25	3580.65	3589.25	3580.65	3589.25	
3584.95	3584.95	3584.95	3584.95	3584.95	
3587.1	3584.95	3587.1	3584.95	3587.1	
3584.95	3584.95	3584.95	3584.95	3584.95	
3589.25	3589.25	3589.25	3589.25	3589.25	
3584.95	3584.95	3584.95	3584.95	3584.95	
3587.1	3580.65	3587.1	3580.65	3587.1	
3582.8	3582.8	3582.8	3582.8	3582.8	
3584.95	3578.49	3584.95	3578.49	3584.95	
3582.8	3580.65	3582.8	3580.65	3582.8	
3578.49	3591.4	3578.49	3591.4	3578.49	
3576.34	3582.8	3576.34	3582.8	3576.34	
3576.34	3584.95	3576.34	3584.95	3576.34	
3582.8	3582.8	3582.8	3582.8	3582.8	
3578.49	3582.8	3578.49	3582.8	3578.49	
3582.8	3584.95	3582.8	3584.95	3582.8	
3584.95	3580.65	3584.95	3580.65	3584.95	
3574.19	3580.65	3574.19	3580.65	3574.19	
3584.95	3587.1	3584.95	3587.1	3584.95	
3589.25	3589.25	3589.25	3589.25	3589.25	
3578.49	3584.95	3578.49	3584.95	3578.49	
3591.4	3582.8	3591.4	3582.8	3591.4	
3574.19	3576.34	3574.19	3576.34	3574.19	
3587.1	3584.95	3587.1	3584.95	3587.1	
3576.34	3587.1	3576.34	3587.1	3576.34	
3567.74	3580.65	3567.74	3580.65	3567.74	
3587.1	3584.95	3587.1	3584.95	3587.1	
3587.1	3584.95	3587.1	3584.95	3587.1	
3582.8	3580.65	3582.8	3580.65	3582.8	
3591.4	3597.85	3591.4	3597.85	3591.4	
3580.65	3582.8	3580.65	3582.8	3580.65	
3574.19	3589.25	3574.19	3589.25	3574.19	
3582.8	3582.8	3582.8	3582.8	3582.8	
3582.8	3580.65	3582.8	3580.65	3582.8	
3584.95	3582.8	3584.95	3582.8	3584.95	
3580.65	3589.25	3580.65	3589.25	3580.65	
3580.65	3580.65	3580.65	3580.65	3580.65	
3576.34	3582.8	3576.34	3582.8	3576.34	
3589.25	3578.49	3589.25	3578.49	3589.25	
3580.65	3580.65	3580.65	3580.65	3580.65	
3587.1	3589.25	3587.1	3589.25	3587.1	
3589.25	3584.95	3589.25	3584.95	3589.25	
3574.19	3576.34	3574.19	3576.34	3574.19	
3580.65	3595.7	3580.65	3595.7	3580.65	
3584.95	3574.19	3584.95	3574.19	3584.95	
3582.8	3580.65	3582.8	3580.65	3582.8	
3576.34	3576.34	3576.34	3576.34	3576.34	
3593.55	3584.95	3593.55	3584.95	3593.55	
3582.8	3582.8	3582.8	3582.8	3582.8	
3580.65	3578.49	3580.65	3578.49	3580.65	
3584.95	3593.55	3584.95	3593.55	3584.95	
3595.7	3587.1	3595.7	3587.1	3595.7	
3582.8	3587.1	3582.8	3587.1	3582.8	
3578.49	3584.95	3578.49	3584.95	3578.49	
3584.95	3582.8	3584.95	3582.8	3584.95	
3587.1	3576.34	3587.1	3576.34	3587.1	
3580.65	3589.25	3580.65	3589.25	3580.65	
3582.8	3580.65	3582.8	3580.65	3582.8	
3574.19	3578.49	3574.19	3578.49	3574.19	
3584.95	3574.19	3584.95	3574.19	3584.95	
3587.1	3584.95	3587.1	3584.95	3587.1	
3587.1	3578.49	3587.1	3578.49	3587.1	
3576.34	3580.65	3576.34	3580.65	3576.34	
3587.1	3580.65	3587.1	3580.65	3587.1	
3574.19	3582.8	3574.19	3582.8	3574.19	
3591.4	3578.49	3591.4	3578.49	3591.4	
3587.1	3580.65	3587.1	3580.65	3587.1	
3587.1	3582.8	3587.1	3582.8	3587.1	
3587.1	3572.04	3587.1	3572.04	3587.1	
3580.65	3595.7	3580.65	3595.7	3580.65	
3587.1	3578.49	3587.1	3578.49	3587.1	
3587.1	3578.49	3587.1	3578.49	3587.1	
3584.95	3580.65	3584.95	3580.65	3584.95	
3587.1	3580.65	3587.1	3580.65	3587.1	
3587.1	3591.4	3587.1	3591.4	3587.1	
3580.65	3589.25	3580.65	3589.25	3580.65	
3582.8	3582.8	3582.8	3582.8	3582.8	
3584.95	3582.8	3584.95	3582.8	3584.95	
3569.89	3580.65	3569.89	3580.65	3569.89	
3582.8	3591.4	3582.8	3591.4	3582.8	
3574.19	3584.95	3574.19	3584.95	3574.19	
3584.95	3584.95	3584.95	3584.95	3584.95	
3576.34	3589.25	3576.34	3589.25	3576.34	
3584.95	3584.95	3584.95	3584.95	3584.95	
3582.8	3578.49	3582.8	3578.49	3582.8	
3582.8	3578.49	3582.8	3578.49	3582.8	
3587.1	3576.34	3587.1	3576.34	3587.1	
3593.55	3576.34	3593.55	3576.34	3593.55	
3580.65	3587.1	3580.65	3587.1	3580.65	
3617.2	3619.35	3617.2	3619.35	3617.2	
3584.95	3582.8	3584.95	3582.8	3584.95	
3587.1	3593.55	3587.1	3593.55	3587.1	
3576.34	3591.4	3576.34	3591.4	3576.34	
3582.8	3582.8	3582.8	3582.8	3582.8	
3578.49	3589.25	3578.49	3589.25	3578.49	
3591.4	3582.8	3591.4	3582.8	3591.4	
3576.34	3580.65	3576.34	3580.65	3576.34	
3574.19	3580.65	3574.19	3580.65	3574.19	
3587.1	3569.89	3587.1	3569.89	3587.1	
3589.25	3569.89	3589.25	3569.89	3589.25	
3580.65	3580.65	3580.65	3580.65	3580.65	
3580.65	3589.25	3580.65	3589.25	3580.65	
3574.19	3582.8	3574.19	3582.8	3574.19	
3576.34	3576.34	3576.34	3576.34	3576.34	
3584.95	3595.7	3584.95	3595.7	3584.95	
3572.04	3587.1	3572.04	3587.1	3572.04	
3584.95	3576.34	3584.95	3576.34	3584.95	
3589.25	3582.8	3589.25	3582.8	3589.25	
3578.49	3578.49	3578.49	3578.49	3578.49	
3580.65	3580.65	3580.65	3580.65	3580.65	
3565.59	3567.74	3565.59	3567.74	3565.59	
3576.34	3561.29	3576.34	3561.29	3576.34	
3563.44	3563.44	3563.44	3563.44	3563.44	
3561.29	3565.59	3561.29	3565.59	3561.29	
