3703.54	3701.33	3703.54	3701.33	3703.54	
3672.57	3683.63	3672.57	3683.63	3672.57	
3676.99	3670.35	3676.99	3670.35	3676.99	
3659.29	3670.35	3659.29	3670.35	3659.29	
3685.84	3676.99	3685.84	3676.99	3685.84	
3681.42	3674.78	3681.42	3674.78	3681.42	
3672.57	3683.63	3672.57	3683.63	3672.57	
3690.27	3692.48	3690.27	3692.48	3690.27	
3690.27	3688.05	3690.27	3688.05	3690.27	
3688.05	3685.84	3688.05	3685.84	3688.05	
3681.42	3688.05	3681.42	3688.05	3681.42	
3690.27	3688.05	3690.27	3688.05	3690.27	
3679.2	3683.63	3679.2	3683.63	3679.2	
3685.84	3685.84	3685.84	3685.84	3685.84	
3690.27	3685.84	3690.27	3685.84	3690.27	
3688.05	3685.84	3688.05	3685.84	3688.05	
3692.48	3681.42	3692.48	3681.42	3692.48	
3692.48	3692.48	3692.48	3692.48	3692.48	
3694.69	3699.12	3694.69	3699.12	3694.69	
3685.84	3694.69	3685.84	3694.69	3685.84	
3692.48	3692.48	3692.48	3692.48	3692.48	
3681.42	3694.69	3681.42	3694.69	3681.42	
3685.84	3688.05	3685.84	3688.05	3685.84	
3685.84	3690.27	3685.84	3690.27	3685.84	
3694.69	3685.84	3694.69	3685.84	3694.69	
3685.84	3688.05	3685.84	3688.05	3685.84	
3694.69	3690.27	3694.69	3690.27	3694.69	
3696.9	3699.12	3696.9	3699.12	3696.9	
3694.69	3688.05	3694.69	3688.05	3694.69	
3685.84	3694.69	3685.84	3694.69	3685.84	
3699.12	3701.33	3699.12	3701.33	3699.12	
3683.63	3692.48	3683.63	3692.48	3683.63	
3692.48	3681.42	3692.48	3681.42	3692.48	
3692.48	3696.9	3692.48	3696.9	3692.48	
3692.48	3688.05	3692.48	3688.05	3692.48	
3688.05	3688.05	3688.05	3688.05	3688.05	
3692.48	3694.69	3692.48	3694.69	3692.48	
3699.12	3688.05	3699.12	3688.05	3699.12	
3688.05	3685.84	3688.05	3685.84	3688.05	
3688.05	3696.9	3688.05	3696.9	3688.05	
3692.48	3696.9	3692.48	3696.9	3692.48	
3688.05	3690.27	3688.05	3690.27	3688.05	
3692.48	3688.05	3692.48	3688.05	3692.48	
3685.84	3688.05	3685.84	3688.05	3685.84	
3690.27	3694.69	3690.27	3694.69	3690.27	
3692.48	3696.9	3692.48	3696.9	3692.48	
3681.42	3688.05	3681.42	3688.05	3681.42	
3681.42	3696.9	3681.42	3696.9	3681.42	
3688.05	3688.05	3688.05	3688.05	3688.05	
3699.12	3688.05	3699.12	3688.05	3699.12	
3696.9	3703.54	3696.9	3703.54	3696.9	
3696.9	3699.12	3696.9	3699.12	3696.9	
3699.12	3690.27	3699.12	3690.27	3699.12	
3683.63	3685.84	3683.63	3685.84	3683.63	
3690.27	3690.27	3690.27	3690.27	3690.27	
3694.69	3692.48	3694.69	3692.48	3694.69	
3692.48	3701.33	3692.48	3701.33	3692.48	
3685.84	3683.63	3685.84	3683.63	3685.84	
3688.05	3692.48	3688.05	3692.48	3688.05	
3694.69	3690.27	3694.69	3690.27	3694.69	
3696.9	3696.9	3696.9	3696.9	3696.9	
3694.69	3690.27	3694.69	3690.27	3694.69	
3688.05	3685.84	3688.05	3685.84	3688.05	
3701.33	3685.84	3701.33	3685.84	3701.33	
3685.84	3683.63	3685.84	3683.63	3685.84	
3688.05	3696.9	3688.05	3696.9	3688.05	
3685.84	3690.27	3685.84	3690.27	3685.84	
3692.48	3694.69	3692.48	3694.69	3692.48	
3688.05	3688.05	3688.05	3688.05	3688.05	
3683.63	3696.9	3683.63	3696.9	3683.63	
3688.05	3688.05	3688.05	3688.05	3688.05	
3690.27	3688.05	3690.27	3688.05	3690.27	
3699.12	3694.69	3699.12	3694.69	3699.12	
3696.9	3694.69	3696.9	3694.69	3696.9	
3688.05	3681.42	3688.05	3681.42	3688.05	
3690.27	3692.48	3690.27	3692.48	3690.27	
3692.48	3694.69	3692.48	3694.69	3692.48	
3688.05	3688.05	3688.05	3688.05	3688.05	
3696.9	3701.33	3696.9	3701.33	3696.9	
3685.84	3690.27	3685.84	3690.27	3685.84	
3690.27	3692.48	3690.27	3692.48	3690.27	
3679.2	3696.9	3679.2	3696.9	3679.2	
3688.05	3688.05	3688.05	3688.05	3688.05	
3701.33	3701.33	3701.33	3701.33	3701.33	
3692.48	3692.48	3692.48	3692.48	3692.48	
3692.48	3696.9	3692.48	3696.9	3692.48	
3688.05	3696.9	3688.05	3696.9	3688.05	
3674.78	3690.27	3674.78	3690.27	3674.78	
3690.27	3692.48	3690.27	3692.48	3690.27	
3688.05	3692.48	3688.05	3692.48	3688.05	
3694.69	3696.9	3694.69	3696.9	3694.69	
3692.48	3692.48	3692.48	3692.48	3692.48	
3696.9	3692.48	3696.9	3692.48	3696.9	
3688.05	3701.33	3688.05	3701.33	3688.05	
3692.48	3696.9	3692.48	3696.9	3692.48	
3692.48	3694.69	3692.48	3694.69	3692.48	
3688.05	3688.05	3688.05	3688.05	3688.05	
3694.69	3681.42	3694.69	3681.42	3694.69	
3690.27	3699.12	3690.27	3699.12	3690.27	
3694.69	3683.63	3694.69	3683.63	3694.69	
3692.48	3683.63	3692.48	3683.63	3692.48	
3688.05	3688.05	3688.05	3688.05	3688.05	
3690.27	3692.48	3690.27	3692.48	3690.27	
3685.84	3690.27	3685.84	3690.27	3685.84	
3699.12	3699.12	3699.12	3699.12	3699.12	
3688.05	3683.63	3688.05	3683.63	3688.05	
3690.27	3696.9	3690.27	3696.9	3690.27	
3690.27	3681.42	3690.27	3681.42	3690.27	
3694.69	3690.27	3694.69	3690.27	3694.69	
3694.69	3692.48	3694.69	3692.48	3694.69	
3692.48	3683.63	3692.48	3683.63	3692.48	
3685.84	3683.63	3685.84	3683.63	3685.84	
3707.96	3690.27	3707.96	3690.27	3707.96	
3681.42	3690.27	3681.42	3690.27	3681.42	
3692.48	3676.99	3692.48	3676.99	3692.48	
3688.05	3694.69	3688.05	3694.69	3688.05	
3694.69	3703.54	3694.69	3703.54	3694.69	
3688.05	3692.48	3688.05	3692.48	3688.05	
3692.48	3690.27	3692.48	3690.27	3692.48	
3692.48	3690.27	3692.48	3690.27	3692.48	
3685.84	3690.27	3685.84	3690.27	3685.84	
3692.48	3679.2	3692.48	3679.2	3692.48	
3685.84	3696.9	3685.84	3696.9	3685.84	
3683.63	3690.27	3683.63	3690.27	3683.63	
3690.27	3690.27	3690.27	3690.27	3690.27	
3690.27	3696.9	3690.27	3696.9	3690.27	
3688.05	3692.48	3688.05	3692.48	3688.05	
3681.42	3692.48	3681.42	3692.48	3681.42	
3681.42	3696.9	3681.42	3696.9	3681.42	
3685.84	3685.84	3685.84	3685.84	3685.84	
3683.63	3688.05	3683.63	3688.05	3683.63	
3699.12	3685.84	3699.12	3685.84	3699.12	
3692.48	3692.48	3692.48	3692.48	3692.48	
3694.69	3690.27	3694.69	3690.27	3694.69	
3683.63	3681.42	3683.63	3681.42	3683.63	
3692.48	3688.05	3692.48	3688.05	3692.48	
3703.54	3694.69	3703.54	3694.69	3703.54	
3694.69	3699.12	3694.69	3699.12	3694.69	
3685.84	3692.48	3685.84	3692.48	3685.84	
3696.9	3692.48	3696.9	3692.48	3696.9	
3690.27	3688.05	3690.27	3688.05	3690.27	
3694.69	3690.27	3694.69	3690.27	3694.69	
3696.9	3692.48	3696.9	3692.48	3696.9	
3688.05	3690.27	3688.05	3690.27	3688.05	
3694.69	3694.69	3694.69	3694.69	3694.69	
3692.48	3694.69	3692.48	3694.69	3692.48	
3688.05	3688.05	3688.05	3688.05	3688.05	
3688.05	3692.48	3688.05	3692.48	3688.05	
3699.12	3688.05	3699.12	3688.05	3699.12	
3696.9	3692.48	3696.9	3692.48	3696.9	
3696.9	3694.69	3696.9	3694.69	3696.9	
3692.48	3683.63	3692.48	3683.63	3692.48	
3685.84	3692.48	3685.84	3692.48	3685.84	
3692.48	3690.27	3692.48	3690.27	3692.48	
3692.48	3694.69	3692.48	3694.69	3692.48	
3694.69	3699.12	3694.69	3699.12	3694.69	
3690.27	3696.9	3690.27	3696.9	3690.27	
3690.27	3694.69	3690.27	3694.69	3690.27	
3690.27	3688.05	3690.27	3688.05	3690.27	
3683.63	3699.12	3683.63	3699.12	3683.63	
3688.05	3690.27	3688.05	3690.27	3688.05	
3692.48	3685.84	3692.48	3685.84	3692.48	
3694.69	3690.27	3694.69	3690.27	3694.69	
3690.27	3685.84	3690.27	3685.84	3690.27	
3699.12	3694.69	3699.12	3694.69	3699.12	
3692.48	3692.48	3692.48	3692.48	3692.48	
3683.63	3688.05	3683.63	3688.05	3683.63	
3685.84	3690.27	3685.84	3690.27	3685.84	
3685.84	3683.63	3685.84	3683.63	3685.84	
3690.27	3701.33	3690.27	3701.33	3690.27	
3694.69	3696.9	3694.69	3696.9	3694.69	
3681.42	3690.27	3681.42	3690.27	3681.42	
3685.84	3683.63	3685.84	3683.63	3685.84	
3683.63	3699.12	3683.63	3699.12	3683.63	
3692.48	3692.48	3692.48	3692.48	3692.48	
3696.9	3696.9	3696.9	3696.9	3696.9	
3688.05	3688.05	3688.05	3688.05	3688.05	
3694.69	3694.69	3694.69	3694.69	3694.69	
3688.05	3692.48	3688.05	3692.48	3688.05	
3692.48	3685.84	3692.48	3685.84	3692.48	
3681.42	3690.27	3681.42	3690.27	3681.42	
3685.84	3701.33	3685.84	3701.33	3685.84	
3690.27	3690.27	3690.27	3690.27	3690.27	
3701.33	3690.27	3701.33	3690.27	3701.33	
3688.05	3692.48	3688.05	3692.48	3688.05	
3688.05	3685.84	3688.05	3685.84	3688.05	
3688.05	3705.75	3688.05	3705.75	3688.05	
3692.48	3688.05	3692.48	3688.05	3692.48	
3690.27	3690.27	3690.27	3690.27	3690.27	
3690.27	3688.05	3690.27	3688.05	3690.27	
3688.05	3683.63	3688.05	3683.63	3688.05	
3692.48	3688.05	3692.48	3688.05	3692.48	
3696.9	3688.05	3696.9	3688.05	3696.9	
3690.27	3692.48	3690.27	3692.48	3690.27	
3688.05	3694.69	3688.05	3694.69	3688.05	
3694.69	3685.84	3694.69	3685.84	3694.69	
3685.84	3690.27	3685.84	3690.27	3685.84	
3683.63	3683.63	3683.63	3683.63	3683.63	
3690.27	3692.48	3690.27	3692.48	3690.27	
3683.63	3688.05	3683.63	3688.05	3683.63	
3690.27	3688.05	3690.27	3688.05	3690.27	
3694.69	3688.05	3694.69	3688.05	3694.69	
3679.2	3690.27	3679.2	3690.27	3679.2	
3690.27	3696.9	3690.27	3696.9	3690.27	
3681.42	3681.42	3681.42	3681.42	3681.42	
3683.63	3683.63	3683.63	3683.63	3683.63	
3685.84	3690.27	3685.84	3690.27	3685.84	
3683.63	3692.48	3683.63	3692.48	3683.63	
3688.05	3688.05	3688.05	3688.05	3688.05	
3688.05	3694.69	3688.05	3694.69	3688.05	
3696.9	3690.27	3696.9	3690.27	3696.9	
3681.42	3685.84	3681.42	3685.84	3681.42	
3690.27	3701.33	3690.27	3701.33	3690.27	
3688.05	3685.84	3688.05	3685.84	3688.05	
3694.69	3688.05	3694.69	3688.05	3694.69	
3696.9	3688.05	3696.9	3688.05	3696.9	
3685.84	3688.05	3685.84	3688.05	3685.84	
3685.84	3688.05	3685.84	3688.05	3685.84	
3701.33	3681.42	3701.33	3681.42	3701.33	
3683.63	3688.05	3683.63	3688.05	3683.63	
3688.05	3692.48	3688.05	3692.48	3688.05	
3688.05	3692.48	3688.05	3692.48	3688.05	
3692.48	3683.63	3692.48	3683.63	3692.48	
3690.27	3688.05	3690.27	3688.05	3690.27	
3694.69	3683.63	3694.69	3683.63	3694.69	
3685.84	3694.69	3685.84	3694.69	3685.84	
3696.9	3688.05	3696.9	3688.05	3696.9	
3683.63	3692.48	3683.63	3692.48	3683.63	
3681.42	3685.84	3681.42	3685.84	3681.42	
3692.48	3688.05	3692.48	3688.05	3692.48	
3685.84	3701.33	3685.84	3701.33	3685.84	
3694.69	3694.69	3694.69	3694.69	3694.69	
3696.9	3694.69	3696.9	3694.69	3696.9	
3683.63	3694.69	3683.63	3694.69	3683.63	
3683.63	3690.27	3683.63	3690.27	3683.63	
3679.2	3681.42	3679.2	3681.42	3679.2	
3683.63	3690.27	3683.63	3690.27	3683.63	
3683.63	3681.42	3683.63	3681.42	3683.63	
3676.99	3694.69	3676.99	3694.69	3676.99	
3688.05	3696.9	3688.05	3696.9	3688.05	
3696.9	3683.63	3696.9	3683.63	3696.9	
3699.12	3685.84	3699.12	3685.84	3699.12	
3690.27	3685.84	3690.27	3685.84	3690.27	
3690.27	3688.05	3690.27	3688.05	3690.27	
3688.05	3685.84	3688.05	3685.84	3688.05	
3679.2	3685.84	3679.2	3685.84	3679.2	
3692.48	3688.05	3692.48	3688.05	3692.48	
3683.63	3703.54	3683.63	3703.54	3683.63	
3688.05	3685.84	3688.05	3685.84	3688.05	
3690.27	3681.42	3690.27	3681.42	3690.27	
3692.48	3681.42	3692.48	3681.42	3692.48	
3688.05	3696.9	3688.05	3696.9	3688.05	
3690.27	3692.48	3690.27	3692.48	3690.27	
3696.9	3694.69	3696.9	3694.69	3696.9	
3690.27	3694.69	3690.27	3694.69	3690.27	
3688.05	3688.05	3688.05	3688.05	3688.05	
3688.05	3694.69	3688.05	3694.69	3688.05	
3692.48	3696.9	3692.48	3696.9	3692.48	
3696.9	3696.9	3696.9	3696.9	3696.9	
3681.42	3685.84	3681.42	3685.84	3681.42	
3690.27	3685.84	3690.27	3685.84	3690.27	
3701.33	3690.27	3701.33	3690.27	3701.33	
3699.12	3692.48	3699.12	3692.48	3699.12	
3688.05	3685.84	3688.05	3685.84	3688.05	
3679.2	3688.05	3679.2	3688.05	3679.2	
3685.84	3690.27	3685.84	3690.27	3685.84	
3672.57	3690.27	3672.57	3690.27	3672.57	
3688.05	3694.69	3688.05	3694.69	3688.05	
3692.48	3688.05	3692.48	3688.05	3692.48	
3688.05	3694.69	3688.05	3694.69	3688.05	
3692.48	3692.48	3692.48	3692.48	3692.48	
3685.84	3683.63	3685.84	3683.63	3685.84	
3701.33	3688.05	3701.33	3688.05	3701.33	
3685.84	3685.84	3685.84	3685.84	3685.84	
3699.12	3694.69	3699.12	3694.69	3699.12	
3679.2	3692.48	3679.2	3692.48	3679.2	
3683.63	3683.63	3683.63	3683.63	3683.63	
3685.84	3688.05	3685.84	3688.05	3685.84	
3683.63	3692.48	3683.63	3692.48	3683.63	
3696.9	3696.9	3696.9	3696.9	3696.9	
3692.48	3703.54	3692.48	3703.54	3692.48	
3685.84	3685.84	3685.84	3685.84	3685.84	
3696.9	3692.48	3696.9	3692.48	3696.9	
3685.84	3692.48	3685.84	3692.48	3685.84	
3692.48	3690.27	3692.48	3690.27	3692.48	
3685.84	3694.69	3685.84	3694.69	3685.84	
3688.05	3690.27	3688.05	3690.27	3688.05	
3676.99	3683.63	3676.99	3683.63	3676.99	
3692.48	3690.27	3692.48	3690.27	3692.48	
3696.9	3692.48	3696.9	3692.48	3696.9	
3676.99	3685.84	3676.99	3685.84	3676.99	
3688.05	3690.27	3688.05	3690.27	3688.05	
3690.27	3679.2	3690.27	3679.2	3690.27	
3694.69	3692.48	3694.69	3692.48	3694.69	
3690.27	3688.05	3690.27	3688.05	3690.27	
3681.42	3692.48	3681.42	3692.48	3681.42	
3681.42	3681.42	3681.42	3681.42	3681.42	
3690.27	3692.48	3690.27	3692.48	3690.27	
3692.48	3696.9	3692.48	3696.9	3692.48	
3679.2	3692.48	3679.2	3692.48	3679.2	
3688.05	3683.63	3688.05	3683.63	3688.05	
3690.27	3688.05	3690.27	3688.05	3690.27	
3696.9	3692.48	3696.9	3692.48	3696.9	
3692.48	3690.27	3692.48	3690.27	3692.48	
3688.05	3685.84	3688.05	3685.84	3688.05	
3692.48	3701.33	3692.48	3701.33	3692.48	
3685.84	3685.84	3685.84	3685.84	3685.84	
3681.42	3690.27	3681.42	3690.27	3681.42	
3692.48	3694.69	3692.48	3694.69	3692.48	
3685.84	3690.27	3685.84	3690.27	3685.84	
3696.9	3683.63	3696.9	3683.63	3696.9	
3681.42	3683.63	3681.42	3683.63	3681.42	
3679.2	3690.27	3679.2	3690.27	3679.2	
3690.27	3690.27	3690.27	3690.27	3690.27	
3683.63	3690.27	3683.63	3690.27	3683.63	
3692.48	3696.9	3692.48	3696.9	3692.48	
3683.63	3685.84	3683.63	3685.84	3683.63	
3683.63	3683.63	3683.63	3683.63	3683.63	
3676.99	3694.69	3676.99	3694.69	3676.99	
3685.84	3688.05	3685.84	3688.05	3685.84	
3681.42	3688.05	3681.42	3688.05	3681.42	
3690.27	3692.48	3690.27	3692.48	3690.27	
3694.69	3690.27	3694.69	3690.27	3694.69	
3690.27	3681.42	3690.27	3681.42	3690.27	
3692.48	3692.48	3692.48	3692.48	3692.48	
3690.27	3688.05	3690.27	3688.05	3690.27	
3679.2	3694.69	3679.2	3694.69	3679.2	
3685.84	3683.63	3685.84	3683.63	3685.84	
3688.05	3685.84	3688.05	3685.84	3688.05	
3699.12	3688.05	3699.12	3688.05	3699.12	
3681.42	3685.84	3681.42	3685.84	3681.42	
3685.84	3685.84	3685.84	3685.84	3685.84	
3688.05	3688.05	3688.05	3688.05	3688.05	
3681.42	3688.05	3681.42	3688.05	3681.42	
3683.63	3688.05	3683.63	3688.05	3683.63	
3692.48	3694.69	3692.48	3694.69	3692.48	
3690.27	3694.69	3690.27	3694.69	3690.27	
3703.54	3688.05	3703.54	3688.05	3703.54	
3679.2	3690.27	3679.2	3690.27	3679.2	
3688.05	3690.27	3688.05	3690.27	3688.05	
3694.69	3688.05	3694.69	3688.05	3694.69	
3681.42	3688.05	3681.42	3688.05	3681.42	
3681.42	3690.27	3681.42	3690.27	3681.42	
3685.84	3683.63	3685.84	3683.63	3685.84	
3694.69	3685.84	3694.69	3685.84	3694.69	
3683.63	3683.63	3683.63	3683.63	3683.63	
3694.69	3681.42	3694.69	3681.42	3694.69	
3690.27	3674.78	3690.27	3674.78	3690.27	
3694.69	3681.42	3694.69	3681.42	3694.69	
3683.63	3688.05	3683.63	3688.05	3683.63	
3692.48	3701.33	3692.48	3701.33	3692.48	
3692.48	3683.63	3692.48	3683.63	3692.48	
3692.48	3690.27	3692.48	3690.27	3692.48	
3694.69	3690.27	3694.69	3690.27	3694.69	
3692.48	3692.48	3692.48	3692.48	3692.48	
3696.9	3694.69	3696.9	3694.69	3696.9	
3688.05	3692.48	3688.05	3692.48	3688.05	
3696.9	3679.2	3696.9	3679.2	3696.9	
3679.2	3688.05	3679.2	3688.05	3679.2	
3683.63	3685.84	3683.63	3685.84	3683.63	
3685.84	3683.63	3685.84	3683.63	3685.84	
3683.63	3690.27	3683.63	3690.27	3683.63	
3690.27	3696.9	3690.27	3696.9	3690.27	
3685.84	3685.84	3685.84	3685.84	3685.84	
3692.48	3681.42	3692.48	3681.42	3692.48	
3683.63	3694.69	3683.63	3694.69	3683.63	
3683.63	3685.84	3683.63	3685.84	3683.63	
3690.27	3688.05	3690.27	3688.05	3690.27	
3699.12	3694.69	3699.12	3694.69	3699.12	
3685.84	3692.48	3685.84	3692.48	3685.84	
3685.84	3690.27	3685.84	3690.27	3685.84	
3690.27	3692.48	3690.27	3692.48	3690.27	
3688.05	3690.27	3688.05	3690.27	3688.05	
3688.05	3679.2	3688.05	3679.2	3688.05	
3690.27	3683.63	3690.27	3683.63	3690.27	
3692.48	3688.05	3692.48	3688.05	3692.48	
3685.84	3701.33	3685.84	3701.33	3685.84	
3694.69	3690.27	3694.69	3690.27	3694.69	
3696.9	3696.9	3696.9	3696.9	3696.9	
3685.84	3701.33	3685.84	3701.33	3685.84	
3694.69	3692.48	3694.69	3692.48	3694.69	
3690.27	3694.69	3690.27	3694.69	3690.27	
3696.9	3685.84	3696.9	3685.84	3696.9	
3696.9	3690.27	3696.9	3690.27	3696.9	
3688.05	3688.05	3688.05	3688.05	3688.05	
3683.63	3688.05	3683.63	3688.05	3683.63	
3681.42	3683.63	3681.42	3683.63	3681.42	
3681.42	3699.12	3681.42	3699.12	3681.42	
3685.84	3683.63	3685.84	3683.63	3685.84	
3685.84	3688.05	3685.84	3688.05	3685.84	
3681.42	3683.63	3681.42	3683.63	3681.42	
3692.48	3694.69	3692.48	3694.69	3692.48	
3699.12	3679.2	3699.12	3679.2	3699.12	
3683.63	3690.27	3683.63	3690.27	3683.63	
3694.69	3690.27	3694.69	3690.27	3694.69	
3685.84	3688.05	3685.84	3688.05	3685.84	
3694.69	3690.27	3694.69	3690.27	3694.69	
3692.48	3696.9	3692.48	3696.9	3692.48	
3692.48	3692.48	3692.48	3692.48	3692.48	
3690.27	3692.48	3690.27	3692.48	3690.27	
3701.33	3690.27	3701.33	3690.27	3701.33	
3679.2	3690.27	3679.2	3690.27	3679.2	
3681.42	3688.05	3681.42	3688.05	3681.42	
3688.05	3692.48	3688.05	3692.48	3688.05	
3692.48	3696.9	3692.48	3696.9	3692.48	
3685.84	3688.05	3685.84	3688.05	3685.84	
3681.42	3690.27	3681.42	3690.27	3681.42	
3690.27	3685.84	3690.27	3685.84	3690.27	
3681.42	3685.84	3681.42	3685.84	3681.42	
3690.27	3692.48	3690.27	3692.48	3690.27	
3681.42	3683.63	3681.42	3683.63	3681.42	
3690.27	3688.05	3690.27	3688.05	3690.27	
3681.42	3694.69	3681.42	3694.69	3681.42	
3688.05	3688.05	3688.05	3688.05	3688.05	
3690.27	3688.05	3690.27	3688.05	3690.27	
3683.63	3685.84	3683.63	3685.84	3683.63	
3681.42	3685.84	3681.42	3685.84	3681.42	
3703.54	3692.48	3703.54	3692.48	3703.54	
3690.27	3690.27	3690.27	3690.27	3690.27	
3688.05	3692.48	3688.05	3692.48	3688.05	
3690.27	3683.63	3690.27	3683.63	3690.27	
3696.9	3692.48	3696.9	3692.48	3696.9	
3694.69	3685.84	3694.69	3685.84	3694.69	
3694.69	3707.96	3694.69	3707.96	3694.69	
3690.27	3683.63	3690.27	3683.63	3690.27	
3683.63	3690.27	3683.63	3690.27	3683.63	
3690.27	3694.69	3690.27	3694.69	3690.27	
3681.42	3688.05	3681.42	3688.05	3681.42	
3699.12	3690.27	3699.12	3690.27	3699.12	
3694.69	3692.48	3694.69	3692.48	3694.69	
3688.05	3690.27	3688.05	3690.27	3688.05	
3692.48	3692.48	3692.48	3692.48	3692.48	
3694.69	3676.99	3694.69	3676.99	3694.69	
3683.63	3688.05	3683.63	3688.05	3683.63	
3690.27	3694.69	3690.27	3694.69	3690.27	
3688.05	3688.05	3688.05	3688.05	3688.05	
3683.63	3690.27	3683.63	3690.27	3683.63	
3701.33	3692.48	3701.33	3692.48	3701.33	
3681.42	3683.63	3681.42	3683.63	3681.42	
3703.54	3685.84	3703.54	3685.84	3703.54	
3692.48	3694.69	3692.48	3694.69	3692.48	
3685.84	3701.33	3685.84	3701.33	3685.84	
3683.63	3690.27	3683.63	3690.27	3683.63	
3679.2	3694.69	3679.2	3694.69	3679.2	
3683.63	3685.84	3683.63	3685.84	3683.63	
3694.69	3688.05	3694.69	3688.05	3694.69	
3681.42	3690.27	3681.42	3690.27	3681.42	
3696.9	3696.9	3696.9	3696.9	3696.9	
3690.27	3692.48	3690.27	3692.48	3690.27	
3692.48	3685.84	3692.48	3685.84	3692.48	
3679.2	3683.63	3679.2	3683.63	3679.2	
3688.05	3694.69	3688.05	3694.69	3688.05	
3696.9	3696.9	3696.9	3696.9	3696.9	
3688.05	3690.27	3688.05	3690.27	3688.05	
3688.05	3694.69	3688.05	3694.69	3688.05	
3681.42	3679.2	3681.42	3679.2	3681.42	
3694.69	3701.33	3694.69	3701.33	3694.69	
3690.27	3685.84	3690.27	3685.84	3690.27	
3679.2	3681.42	3679.2	3681.42	3679.2	
3683.63	3692.48	3683.63	3692.48	3683.63	
3688.05	3685.84	3688.05	3685.84	3688.05	
3690.27	3683.63	3690.27	3683.63	3690.27	
3692.48	3690.27	3692.48	3690.27	3692.48	
3685.84	3694.69	3685.84	3694.69	3685.84	
3692.48	3707.96	3692.48	3707.96	3692.48	
3692.48	3683.63	3692.48	3683.63	3692.48	
3688.05	3685.84	3688.05	3685.84	3688.05	
3688.05	3690.27	3688.05	3690.27	3688.05	
3683.63	3692.48	3683.63	3692.48	3683.63	
3690.27	3694.69	3690.27	3694.69	3690.27	
3688.05	3692.48	3688.05	3692.48	3688.05	
3696.9	3683.63	3696.9	3683.63	3696.9	
3683.63	3683.63	3683.63	3683.63	3683.63	
3690.27	3688.05	3690.27	3688.05	3690.27	
3685.84	3694.69	3685.84	3694.69	3685.84	
3688.05	3690.27	3688.05	3690.27	3688.05	
3685.84	3694.69	3685.84	3694.69	3685.84	
3685.84	3690.27	3685.84	3690.27	3685.84	
3685.84	3681.42	3685.84	3681.42	3685.84	
3690.27	3690.27	3690.27	3690.27	3690.27	
3681.42	3690.27	3681.42	3690.27	3681.42	
3690.27	3683.63	3690.27	3683.63	3690.27	
3681.42	3685.84	3681.42	3685.84	3681.42	
3692.48	3692.48	3692.48	3692.48	3692.48	
3685.84	3683.63	3685.84	3683.63	3685.84	
3681.42	3694.69	3681.42	3694.69	3681.42	
3696.9	3688.05	3696.9	3688.05	3696.9	
3694.69	3696.9	3694.69	3696.9	3694.69	
3692.48	3688.05	3692.48	3688.05	3692.48	
3683.63	3688.05	3683.63	3688.05	3683.63	
3692.48	3679.2	3692.48	3679.2	3692.48	
3692.48	3694.69	3692.48	3694.69	3692.48	
3685.84	3690.27	3685.84	3690.27	3685.84	
3683.63	3685.84	3683.63	3685.84	3683.63	
3681.42	3685.84	3681.42	3685.84	3681.42	
3692.48	3701.33	3692.48	3701.33	3692.48	
3683.63	3692.48	3683.63	3692.48	3683.63	
3692.48	3681.42	3692.48	3681.42	3692.48	
3685.84	3690.27	3685.84	3690.27	3685.84	
3688.05	3685.84	3688.05	3685.84	3688.05	
3679.2	3685.84	3679.2	3685.84	3679.2	
3685.84	3683.63	3685.84	3683.63	3685.84	
3690.27	3692.48	3690.27	3692.48	3690.27	
3681.42	3694.69	3681.42	3694.69	3681.42	
3681.42	3685.84	3681.42	3685.84	3681.42	
3696.9	3694.69	3696.9	3694.69	3696.9	
3694.69	3692.48	3694.69	3692.48	3694.69	
3692.48	3696.9	3692.48	3696.9	3692.48	
3685.84	3676.99	3685.84	3676.99	3685.84	
3674.78	3690.27	3674.78	3690.27	3674.78	
3688.05	3685.84	3688.05	3685.84	3688.05	
3692.48	3692.48	3692.48	3692.48	3692.48	
3692.48	3688.05	3692.48	3688.05	3692.48	
3690.27	3676.99	3690.27	3676.99	3690.27	
3685.84	3683.63	3685.84	3683.63	3685.84	
3685.84	3688.05	3685.84	3688.05	3685.84	
3683.63	3690.27	3683.63	3690.27	3683.63	
3692.48	3692.48	3692.48	3692.48	3692.48	
3688.05	3694.69	3688.05	3694.69	3688.05	
3694.69	3696.9	3694.69	3696.9	3694.69	
3690.27	3690.27	3690.27	3690.27	3690.27	
3685.84	3679.2	3685.84	3679.2	3685.84	
3690.27	3681.42	3690.27	3681.42	3690.27	
3696.9	3681.42	3696.9	3681.42	3696.9	
3690.27	3685.84	3690.27	3685.84	3690.27	
3690.27	3683.63	3690.27	3683.63	3690.27	
3688.05	3688.05	3688.05	3688.05	3688.05	
3690.27	3688.05	3690.27	3688.05	3690.27	
3685.84	3690.27	3685.84	3690.27	3685.84	
3690.27	3688.05	3690.27	3688.05	3690.27	
3679.2	3685.84	3679.2	3685.84	3679.2	
3694.69	3694.69	3694.69	3694.69	3694.69	
3683.63	3685.84	3683.63	3685.84	3683.63	
3690.27	3688.05	3690.27	3688.05	3690.27	
3685.84	3701.33	3685.84	3701.33	3685.84	
3688.05	3683.63	3688.05	3683.63	3688.05	
3694.69	3696.9	3694.69	3696.9	3694.69	
3683.63	3692.48	3683.63	3692.48	3683.63	
3683.63	3681.42	3683.63	3681.42	3683.63	
3679.2	3681.42	3679.2	3681.42	3679.2	
3685.84	3681.42	3685.84	3681.42	3685.84	
3681.42	3688.05	3681.42	3688.05	3681.42	
3690.27	3696.9	3690.27	3696.9	3690.27	
3692.48	3683.63	3692.48	3683.63	3692.48	
3696.9	3674.78	3696.9	3674.78	3696.9	
3679.2	3688.05	3679.2	3688.05	3679.2	
3692.48	3690.27	3692.48	3690.27	3692.48	
3692.48	3685.84	3692.48	3685.84	3692.48	
3690.27	3692.48	3690.27	3692.48	3690.27	
3690.27	3694.69	3690.27	3694.69	3690.27	
3681.42	3694.69	3681.42	3694.69	3681.42	
3694.69	3685.84	3694.69	3685.84	3694.69	
3685.84	3690.27	3685.84	3690.27	3685.84	
3683.63	3688.05	3683.63	3688.05	3683.63	
3692.48	3690.27	3692.48	3690.27	3692.48	
3681.42	3694.69	3681.42	3694.69	3681.42	
3690.27	3690.27	3690.27	3690.27	3690.27	
3681.42	3694.69	3681.42	3694.69	3681.42	
3685.84	3676.99	3685.84	3676.99	3685.84	
3703.54	3683.63	3703.54	3683.63	3703.54	
3683.63	3676.99	3683.63	3676.99	3683.63	
3688.05	3690.27	3688.05	3690.27	3688.05	
3690.27	3685.84	3690.27	3685.84	3690.27	
3683.63	3688.05	3683.63	3688.05	3683.63	
3692.48	3696.9	3692.48	3696.9	3692.48	
3688.05	3690.27	3688.05	3690.27	3688.05	
3694.69	3690.27	3694.69	3690.27	3694.69	
3688.05	3694.69	3688.05	3694.69	3688.05	
3692.48	3688.05	3692.48	3688.05	3692.48	
3692.48	3692.48	3692.48	3692.48	3692.48	
3690.27	3688.05	3690.27	3688.05	3690.27	
3688.05	3692.48	3688.05	3692.48	3688.05	
3685.84	3681.42	3685.84	3681.42	3685.84	
3690.27	3676.99	3690.27	3676.99	3690.27	
3690.27	3692.48	3690.27	3692.48	3690.27	
3699.12	3688.05	3699.12	3688.05	3699.12	
3690.27	3690.27	3690.27	3690.27	3690.27	
3688.05	3694.69	3688.05	3694.69	3688.05	
3679.2	3696.9	3679.2	3696.9	3679.2	
3690.27	3685.84	3690.27	3685.84	3690.27	
3692.48	3694.69	3692.48	3694.69	3692.48	
3685.84	3685.84	3685.84	3685.84	3685.84	
3692.48	3694.69	3692.48	3694.69	3692.48	
3681.42	3681.42	3681.42	3681.42	3681.42	
3690.27	3688.05	3690.27	3688.05	3690.27	
3688.05	3685.84	3688.05	3685.84	3688.05	
3681.42	3683.63	3681.42	3683.63	3681.42	
3683.63	3694.69	3683.63	3694.69	3683.63	
3683.63	3692.48	3683.63	3692.48	3683.63	
3688.05	3688.05	3688.05	3688.05	3688.05	
3701.33	3688.05	3701.33	3688.05	3701.33	
3679.2	3692.48	3679.2	3692.48	3679.2	
3690.27	3676.99	3690.27	3676.99	3690.27	
3681.42	3685.84	3681.42	3685.84	3681.42	
3685.84	3690.27	3685.84	3690.27	3685.84	
3694.69	3683.63	3694.69	3683.63	3694.69	
3683.63	3685.84	3683.63	3685.84	3683.63	
3681.42	3696.9	3681.42	3696.9	3681.42	
3692.48	3699.12	3692.48	3699.12	3692.48	
3681.42	3694.69	3681.42	3694.69	3681.42	
3681.42	3683.63	3681.42	3683.63	3681.42	
3688.05	3685.84	3688.05	3685.84	3688.05	
3681.42	3685.84	3681.42	3685.84	3681.42	
3688.05	3685.84	3688.05	3685.84	3688.05	
3681.42	3681.42	3681.42	3681.42	3681.42	
3676.99	3688.05	3676.99	3688.05	3676.99	
3681.42	3688.05	3681.42	3688.05	3681.42	
3685.84	3679.2	3685.84	3679.2	3685.84	
3683.63	3699.12	3683.63	3699.12	3683.63	
3692.48	3679.2	3692.48	3679.2	3692.48	
3688.05	3683.63	3688.05	3683.63	3688.05	
3692.48	3688.05	3692.48	3688.05	3692.48	
3688.05	3685.84	3688.05	3685.84	3688.05	
3690.27	3690.27	3690.27	3690.27	3690.27	
3694.69	3674.78	3694.69	3674.78	3694.69	
3688.05	3690.27	3688.05	3690.27	3688.05	
3690.27	3692.48	3690.27	3692.48	3690.27	
3679.2	3692.48	3679.2	3692.48	3679.2	
3683.63	3688.05	3683.63	3688.05	3683.63	
3685.84	3685.84	3685.84	3685.84	3685.84	
3694.69	3696.9	3694.69	3696.9	3694.69	
3694.69	3692.48	3694.69	3692.48	3694.69	
3690.27	3688.05	3690.27	3688.05	3690.27	
3690.27	3685.84	3690.27	3685.84	3690.27	
3696.9	3699.12	3696.9	3699.12	3696.9	
3679.2	3681.42	3679.2	3681.42	3679.2	
3690.27	3681.42	3690.27	3681.42	3690.27	
3679.2	3699.12	3679.2	3699.12	3679.2	
3681.42	3679.2	3681.42	3679.2	3681.42	
3690.27	3688.05	3690.27	3688.05	3690.27	
3688.05	3694.69	3688.05	3694.69	3688.05	
3701.33	3688.05	3701.33	3688.05	3701.33	
3690.27	3688.05	3690.27	3688.05	3690.27	
3679.2	3685.84	3679.2	3685.84	3679.2	
3685.84	3690.27	3685.84	3690.27	3685.84	
3681.42	3690.27	3681.42	3690.27	3681.42	
3694.69	3681.42	3694.69	3681.42	3694.69	
3692.48	3694.69	3692.48	3694.69	3692.48	
3683.63	3672.57	3683.63	3672.57	3683.63	
3685.84	3690.27	3685.84	3690.27	3685.84	
3685.84	3692.48	3685.84	3692.48	3685.84	
3679.2	3683.63	3679.2	3683.63	3679.2	
3694.69	3692.48	3694.69	3692.48	3694.69	
3679.2	3696.9	3679.2	3696.9	3679.2	
3683.63	3685.84	3683.63	3685.84	3683.63	
3688.05	3688.05	3688.05	3688.05	3688.05	
3683.63	3685.84	3683.63	3685.84	3683.63	
3690.27	3694.69	3690.27	3694.69	3690.27	
3683.63	3688.05	3683.63	3688.05	3683.63	
3696.9	3690.27	3696.9	3690.27	3696.9	
3676.99	3683.63	3676.99	3683.63	3676.99	
3688.05	3692.48	3688.05	3692.48	3688.05	
3690.27	3692.48	3690.27	3692.48	3690.27	
3681.42	3688.05	3681.42	3688.05	3681.42	
3679.2	3688.05	3679.2	3688.05	3679.2	
3692.48	3688.05	3692.48	3688.05	3692.48	
3681.42	3692.48	3681.42	3692.48	3681.42	
3683.63	3692.48	3683.63	3692.48	3683.63	
3681.42	3692.48	3681.42	3692.48	3681.42	
3683.63	3688.05	3683.63	3688.05	3683.63	
3681.42	3679.2	3681.42	3679.2	3681.42	
3699.12	3692.48	3699.12	3692.48	3699.12	
3683.63	3681.42	3683.63	3681.42	3683.63	
3679.2	3681.42	3679.2	3681.42	3679.2	
3683.63	3681.42	3683.63	3681.42	3683.63	
3681.42	3681.42	3681.42	3681.42	3681.42	
3685.84	3692.48	3685.84	3692.48	3685.84	
3699.12	3690.27	3699.12	3690.27	3699.12	
3688.05	3685.84	3688.05	3685.84	3688.05	
3696.9	3679.2	3696.9	3679.2	3696.9	
3685.84	3694.69	3685.84	3694.69	3685.84	
3688.05	3690.27	3688.05	3690.27	3688.05	
3683.63	3688.05	3683.63	3688.05	3683.63	
3681.42	3699.12	3681.42	3699.12	3681.42	
3699.12	3690.27	3699.12	3690.27	3699.12	
3694.69	3694.69	3694.69	3694.69	3694.69	
3681.42	3699.12	3681.42	3699.12	3681.42	
3681.42	3679.2	3681.42	3679.2	3681.42	
3685.84	3681.42	3685.84	3681.42	3685.84	
3683.63	3683.63	3683.63	3683.63	3683.63	
3685.84	3688.05	3685.84	3688.05	3685.84	
3694.69	3683.63	3694.69	3683.63	3694.69	
3685.84	3694.69	3685.84	3694.69	3685.84	
3688.05	3683.63	3688.05	3683.63	3688.05	
3688.05	3696.9	3688.05	3696.9	3688.05	
3679.2	3690.27	3679.2	3690.27	3679.2	
3679.2	3690.27	3679.2	3690.27	3679.2	
3690.27	3696.9	3690.27	3696.9	3690.27	
3692.48	3692.48	3692.48	3692.48	3692.48	
3694.69	3676.99	3694.69	3676.99	3694.69	
3681.42	3690.27	3681.42	3690.27	3681.42	
3692.48	3692.48	3692.48	3692.48	3692.48	
3679.2	3683.63	3679.2	3683.63	3679.2	
3679.2	3688.05	3679.2	3688.05	3679.2	
3683.63	3688.05	3683.63	3688.05	3683.63	
3676.99	3681.42	3676.99	3681.42	3676.99	
3688.05	3681.42	3688.05	3681.42	3688.05	
3685.84	3690.27	3685.84	3690.27	3685.84	
3688.05	3692.48	3688.05	3692.48	3688.05	
3688.05	3688.05	3688.05	3688.05	3688.05	
3683.63	3692.48	3683.63	3692.48	3683.63	
3714.6	3710.18	3714.6	3710.18	3714.6	
3685.84	3688.05	3685.84	3688.05	3685.84	
3685.84	3683.63	3685.84	3683.63	3685.84	
3690.27	3681.42	3690.27	3681.42	3690.27	
3690.27	3685.84	3690.27	3685.84	3690.27	
3683.63	3685.84	3683.63	3685.84	3683.63	
3699.12	3683.63	3699.12	3683.63	3699.12	
3685.84	3685.84	3685.84	3685.84	3685.84	
3676.99	3690.27	3676.99	3690.27	3676.99	
3685.84	3699.12	3685.84	3699.12	3685.84	
3681.42	3685.84	3681.42	3685.84	3681.42	
3683.63	3688.05	3683.63	3688.05	3683.63	
3690.27	3683.63	3690.27	3683.63	3690.27	
3683.63	3685.84	3683.63	3685.84	3683.63	
3685.84	3696.9	3685.84	3696.9	3685.84	
3683.63	3690.27	3683.63	3690.27	3683.63	
3688.05	3690.27	3688.05	3690.27	3688.05	
3692.48	3688.05	3692.48	3688.05	3692.48	
3685.84	3685.84	3685.84	3685.84	3685.84	
3685.84	3690.27	3685.84	3690.27	3685.84	
3681.42	3683.63	3681.42	3683.63	3681.42	
3688.05	3690.27	3688.05	3690.27	3688.05	
3692.48	3692.48	3692.48	3692.48	3692.48	
3692.48	3692.48	3692.48	3692.48	3692.48	
3688.05	3690.27	3688.05	3690.27	3688.05	
3699.12	3699.12	3699.12	3699.12	3699.12	
3688.05	3683.63	3688.05	3683.63	3688.05	
3685.84	3688.05	3685.84	3688.05	3685.84	
3683.63	3688.05	3683.63	3688.05	3683.63	
3688.05	3688.05	3688.05	3688.05	3688.05	
3694.69	3694.69	3694.69	3694.69	3694.69	
3685.84	3683.63	3685.84	3683.63	3685.84	
3696.9	3676.99	3696.9	3676.99	3696.9	
3690.27	3690.27	3690.27	3690.27	3690.27	
3690.27	3683.63	3690.27	3683.63	3690.27	
3690.27	3688.05	3690.27	3688.05	3690.27	
3685.84	3683.63	3685.84	3683.63	3685.84	
3688.05	3688.05	3688.05	3688.05	3688.05	
3685.84	3681.42	3685.84	3681.42	3685.84	
3685.84	3679.2	3685.84	3679.2	3685.84	
3690.27	3688.05	3690.27	3688.05	3690.27	
3688.05	3683.63	3688.05	3683.63	3688.05	
3690.27	3688.05	3690.27	3688.05	3690.27	
3696.9	3681.42	3696.9	3681.42	3696.9	
3674.78	3681.42	3674.78	3681.42	3674.78	
3681.42	3683.63	3681.42	3683.63	3681.42	
3681.42	3688.05	3681.42	3688.05	3681.42	
3688.05	3676.99	3688.05	3676.99	3688.05	
3685.84	3674.78	3685.84	3674.78	3685.84	
3723.45	3734.51	3723.45	3734.51	3723.45	
3694.69	3683.63	3694.69	3683.63	3694.69	
3681.42	3696.9	3681.42	3696.9	3681.42	
3692.48	3692.48	3692.48	3692.48	3692.48	
3690.27	3705.75	3690.27	3705.75	3690.27	
3681.42	3696.9	3681.42	3696.9	3681.42	
3692.48	3690.27	3692.48	3690.27	3692.48	
3685.84	3688.05	3685.84	3688.05	3685.84	
3681.42	3685.84	3681.42	3685.84	3681.42	
3683.63	3696.9	3683.63	3696.9	3683.63	
3672.57	3696.9	3672.57	3696.9	3672.57	
3685.84	3692.48	3685.84	3692.48	3685.84	
3683.63	3690.27	3683.63	3690.27	3683.63	
3681.42	3685.84	3681.42	3685.84	3681.42	
3685.84	3683.63	3685.84	3683.63	3685.84	
3688.05	3699.12	3688.05	3699.12	3688.05	
3688.05	3685.84	3688.05	3685.84	3688.05	
3685.84	3681.42	3685.84	3681.42	3685.84	
3683.63	3690.27	3683.63	3690.27	3683.63	
3692.48	3688.05	3692.48	3688.05	3692.48	
3685.84	3688.05	3685.84	3688.05	3685.84	
3694.69	3674.78	3694.69	3674.78	3694.69	
3685.84	3683.63	3685.84	3683.63	3685.84	
3685.84	3692.48	3685.84	3692.48	3685.84	
3694.69	3688.05	3694.69	3688.05	3694.69	
3690.27	3688.05	3690.27	3688.05	3690.27	
3683.63	3688.05	3683.63	3688.05	3683.63	
3692.48	3688.05	3692.48	3688.05	3692.48	
3688.05	3699.12	3688.05	3699.12	3688.05	
3683.63	3681.42	3683.63	3681.42	3683.63	
3679.2	3681.42	3679.2	3681.42	3679.2	
3690.27	3692.48	3690.27	3692.48	3690.27	
3688.05	3692.48	3688.05	3692.48	3688.05	
3685.84	3685.84	3685.84	3685.84	3685.84	
3685.84	3681.42	3685.84	3681.42	3685.84	
3688.05	3683.63	3688.05	3683.63	3688.05	
3688.05	3696.9	3688.05	3696.9	3688.05	
3679.2	3681.42	3679.2	3681.42	3679.2	
3685.84	3681.42	3685.84	3681.42	3685.84	
3685.84	3690.27	3685.84	3690.27	3685.84	
3685.84	3685.84	3685.84	3685.84	3685.84	
3688.05	3699.12	3688.05	3699.12	3688.05	
3688.05	3696.9	3688.05	3696.9	3688.05	
3699.12	3674.78	3699.12	3674.78	3699.12	
3683.63	3694.69	3683.63	3694.69	3683.63	
3692.48	3683.63	3692.48	3683.63	3692.48	
3694.69	3681.42	3694.69	3681.42	3694.69	
3685.84	3690.27	3685.84	3690.27	3685.84	
3685.84	3690.27	3685.84	3690.27	3685.84	
3690.27	3685.84	3690.27	3685.84	3690.27	
3685.84	3696.9	3685.84	3696.9	3685.84	
3679.2	3681.42	3679.2	3681.42	3679.2	
3688.05	3683.63	3688.05	3683.63	3688.05	
3690.27	3676.99	3690.27	3676.99	3690.27	
3688.05	3683.63	3688.05	3683.63	3688.05	
3688.05	3681.42	3688.05	3681.42	3688.05	
3692.48	3685.84	3692.48	3685.84	3692.48	
3688.05	3690.27	3688.05	3690.27	3688.05	
3681.42	3679.2	3681.42	3679.2	3681.42	
3690.27	3685.84	3690.27	3685.84	3690.27	
3696.9	3685.84	3696.9	3685.84	3696.9	
3696.9	3688.05	3696.9	3688.05	3696.9	
3679.2	3690.27	3679.2	3690.27	3679.2	
3679.2	3688.05	3679.2	3688.05	3679.2	
3685.84	3690.27	3685.84	3690.27	3685.84	
3688.05	3685.84	3688.05	3685.84	3688.05	
3694.69	3685.84	3694.69	3685.84	3694.69	
3692.48	3688.05	3692.48	3688.05	3692.48	
3688.05	3685.84	3688.05	3685.84	3688.05	
3688.05	3679.2	3688.05	3679.2	3688.05	
3681.42	3690.27	3681.42	3690.27	3681.42	
3692.48	3692.48	3692.48	3692.48	3692.48	
3681.42	3683.63	3681.42	3683.63	3681.42	
3685.84	3683.63	3685.84	3683.63	3685.84	
3676.99	3690.27	3676.99	3690.27	3676.99	
3696.9	3690.27	3696.9	3690.27	3696.9	
3688.05	3694.69	3688.05	3694.69	3688.05	
3679.2	3688.05	3679.2	3688.05	3679.2	
3679.2	3690.27	3679.2	3690.27	3679.2	
3679.2	3679.2	3679.2	3679.2	3679.2	
3685.84	3692.48	3685.84	3692.48	3685.84	
3679.2	3679.2	3679.2	3679.2	3679.2	
3683.63	3683.63	3683.63	3683.63	3683.63	
3681.42	3692.48	3681.42	3692.48	3681.42	
3685.84	3705.75	3685.84	3705.75	3685.84	
3688.05	3685.84	3688.05	3685.84	3688.05	
3681.42	3688.05	3681.42	3688.05	3681.42	
3685.84	3692.48	3685.84	3692.48	3685.84	
3694.69	3685.84	3694.69	3685.84	3694.69	
3690.27	3683.63	3690.27	3683.63	3690.27	
3685.84	3685.84	3685.84	3685.84	3685.84	
3688.05	3685.84	3688.05	3685.84	3688.05	
3692.48	3690.27	3692.48	3690.27	3692.48	
3681.42	3692.48	3681.42	3692.48	3681.42	
3676.99	3683.63	3676.99	3683.63	3676.99	
3681.42	3681.42	3681.42	3681.42	3681.42	
3681.42	3694.69	3681.42	3694.69	3681.42	
3683.63	3690.27	3683.63	3690.27	3683.63	
3681.42	3688.05	3681.42	3688.05	3681.42	
3685.84	3683.63	3685.84	3683.63	3685.84	
3683.63	3696.9	3683.63	3696.9	3683.63	
3676.99	3685.84	3676.99	3685.84	3676.99	
3683.63	3685.84	3683.63	3685.84	3683.63	
3679.2	3688.05	3679.2	3688.05	3679.2	
3685.84	3685.84	3685.84	3685.84	3685.84	
3692.48	3694.69	3692.48	3694.69	3692.48	
3685.84	3683.63	3685.84	3683.63	3685.84	
3679.2	3688.05	3679.2	3688.05	3679.2	
3681.42	3679.2	3681.42	3679.2	3681.42	
3676.99	3676.99	3676.99	3676.99	3676.99	
3679.2	3688.05	3679.2	3688.05	3679.2	
3696.9	3692.48	3696.9	3692.48	3696.9	
3679.2	3688.05	3679.2	3688.05	3679.2	
3681.42	3683.63	3681.42	3683.63	3681.42	
3679.2	3681.42	3679.2	3681.42	3679.2	
3681.42	3676.99	3681.42	3676.99	3681.42	
3683.63	3685.84	3683.63	3685.84	3683.63	
3685.84	3683.63	3685.84	3683.63	3685.84	
3688.05	3692.48	3688.05	3692.48	3688.05	
3688.05	3692.48	3688.05	3692.48	3688.05	
3681.42	3692.48	3681.42	3692.48	3681.42	
3692.48	3676.99	3692.48	3676.99	3692.48	
3696.9	3692.48	3696.9	3692.48	3696.9	
3696.9	3694.69	3696.9	3694.69	3696.9	
3679.2	3692.48	3679.2	3692.48	3679.2	
3692.48	3685.84	3692.48	3685.84	3692.48	
3685.84	3679.2	3685.84	3679.2	3685.84	
3681.42	3699.12	3681.42	3699.12	3681.42	
3685.84	3685.84	3685.84	3685.84	3685.84	
3681.42	3699.12	3681.42	3699.12	3681.42	
3681.42	3685.84	3681.42	3685.84	3681.42	
3701.33	3685.84	3701.33	3685.84	3701.33	
3688.05	3688.05	3688.05	3688.05	3688.05	
3681.42	3696.9	3681.42	3696.9	3681.42	
3683.63	3685.84	3683.63	3685.84	3683.63	
3685.84	3688.05	3685.84	3688.05	3685.84	
3692.48	3692.48	3692.48	3692.48	3692.48	
3681.42	3683.63	3681.42	3683.63	3681.42	
3681.42	3688.05	3681.42	3688.05	3681.42	
3696.9	3694.69	3696.9	3694.69	3696.9	
3685.84	3683.63	3685.84	3683.63	3685.84	
3681.42	3692.48	3681.42	3692.48	3681.42	
3683.63	3688.05	3683.63	3688.05	3683.63	
3685.84	3692.48	3685.84	3692.48	3685.84	
3688.05	3681.42	3688.05	3681.42	3688.05	
3685.84	3683.63	3685.84	3683.63	3685.84	
3683.63	3683.63	3683.63	3683.63	3683.63	
3679.2	3685.84	3679.2	3685.84	3679.2	
3701.33	3683.63	3701.33	3683.63	3701.33	
3679.2	3692.48	3679.2	3692.48	3679.2	
3690.27	3685.84	3690.27	3685.84	3690.27	
3685.84	3688.05	3685.84	3688.05	3685.84	
3688.05	3681.42	3688.05	3681.42	3688.05	
3685.84	3692.48	3685.84	3692.48	3685.84	
3692.48	3683.63	3692.48	3683.63	3692.48	
3683.63	3688.05	3683.63	3688.05	3683.63	
3688.05	3683.63	3688.05	3683.63	3688.05	
3685.84	3681.42	3685.84	3681.42	3685.84	
3688.05	3690.27	3688.05	3690.27	3688.05	
3694.69	3679.2	3694.69	3679.2	3694.69	
3685.84	3685.84	3685.84	3685.84	3685.84	
3683.63	3683.63	3683.63	3683.63	3683.63	
3690.27	3681.42	3690.27	3681.42	3690.27	
3683.63	3681.42	3683.63	3681.42	3683.63	
3683.63	3688.05	3683.63	3688.05	3683.63	
3685.84	3685.84	3685.84	3685.84	3685.84	
3683.63	3681.42	3683.63	3681.42	3683.63	
3681.42	3685.84	3681.42	3685.84	3681.42	
3670.35	3685.84	3670.35	3685.84	3670.35	
3679.2	3683.63	3679.2	3683.63	3679.2	
3685.84	3688.05	3685.84	3688.05	3685.84	
3688.05	3685.84	3688.05	3685.84	3688.05	
3690.27	3683.63	3690.27	3683.63	3690.27	
3685.84	3676.99	3685.84	3676.99	3685.84	
3681.42	3688.05	3681.42	3688.05	3681.42	
3683.63	3688.05	3683.63	3688.05	3683.63	
3683.63	3681.42	3683.63	3681.42	3683.63	
3685.84	3688.05	3685.84	3688.05	3685.84	
3690.27	3690.27	3690.27	3690.27	3690.27	
3681.42	3681.42	3681.42	3681.42	3681.42	
3692.48	3688.05	3692.48	3688.05	3692.48	
3696.9	3690.27	3696.9	3690.27	3696.9	
3683.63	3676.99	3683.63	3676.99	3683.63	
3685.84	3683.63	3685.84	3683.63	3685.84	
3690.27	3685.84	3690.27	3685.84	3690.27	
3681.42	3679.2	3681.42	3679.2	3681.42	
3683.63	3681.42	3683.63	3681.42	3683.63	
3683.63	3681.42	3683.63	3681.42	3683.63	
3685.84	3683.63	3685.84	3683.63	3685.84	
3685.84	3688.05	3685.84	3688.05	3685.84	
3690.27	3681.42	3690.27	3681.42	3690.27	
3688.05	3690.27	3688.05	3690.27	3688.05	
3692.48	3676.99	3692.48	3676.99	3692.48	
3688.05	3688.05	3688.05	3688.05	3688.05	
3692.48	3688.05	3692.48	3688.05	3692.48	
3688.05	3685.84	3688.05	3685.84	3688.05	
3685.84	3688.05	3685.84	3688.05	3685.84	
3672.57	3690.27	3672.57	3690.27	3672.57	
3688.05	3694.69	3688.05	3694.69	3688.05	
3688.05	3692.48	3688.05	3692.48	3688.05	
3683.63	3688.05	3683.63	3688.05	3683.63	
3683.63	3685.84	3683.63	3685.84	3683.63	
3685.84	3683.63	3685.84	3683.63	3685.84	
3688.05	3688.05	3688.05	3688.05	3688.05	
3685.84	3690.27	3685.84	3690.27	3685.84	
3688.05	3681.42	3688.05	3681.42	3688.05	
3688.05	3685.84	3688.05	3685.84	3688.05	
3683.63	3683.63	3683.63	3683.63	3683.63	
3688.05	3690.27	3688.05	3690.27	3688.05	
3692.48	3690.27	3692.48	3690.27	3692.48	
3696.9	3679.2	3696.9	3679.2	3696.9	
3681.42	3685.84	3681.42	3685.84	3681.42	
3685.84	3681.42	3685.84	3681.42	3685.84	
3672.57	3688.05	3672.57	3688.05	3672.57	
3685.84	3688.05	3685.84	3688.05	3685.84	
3685.84	3694.69	3685.84	3694.69	3685.84	
3681.42	3685.84	3681.42	3685.84	3681.42	
3685.84	3681.42	3685.84	3681.42	3685.84	
3685.84	3679.2	3685.84	3679.2	3685.84	
3681.42	3696.9	3681.42	3696.9	3681.42	
3683.63	3690.27	3683.63	3690.27	3683.63	
3694.69	3688.05	3694.69	3688.05	3694.69	
3679.2	3679.2	3679.2	3679.2	3679.2	
3683.63	3690.27	3683.63	3690.27	3683.63	
3688.05	3685.84	3688.05	3685.84	3688.05	
3692.48	3685.84	3692.48	3685.84	3692.48	
3683.63	3683.63	3683.63	3683.63	3683.63	
3688.05	3692.48	3688.05	3692.48	3688.05	
3688.05	3688.05	3688.05	3688.05	3688.05	
3688.05	3692.48	3688.05	3692.48	3688.05	
3685.84	3679.2	3685.84	3679.2	3685.84	
3690.27	3690.27	3690.27	3690.27	3690.27	
3681.42	3694.69	3681.42	3694.69	3681.42	
3683.63	3694.69	3683.63	3694.69	3683.63	
3696.9	3685.84	3696.9	3685.84	3696.9	
3685.84	3696.9	3685.84	3696.9	3685.84	
3681.42	3681.42	3681.42	3681.42	3681.42	
3690.27	3688.05	3690.27	3688.05	3690.27	
3683.63	3692.48	3683.63	3692.48	3683.63	
3696.9	3690.27	3696.9	3690.27	3696.9	
3681.42	3685.84	3681.42	3685.84	3681.42	
3683.63	3676.99	3683.63	3676.99	3683.63	
3692.48	3676.99	3692.48	3676.99	3692.48	
3690.27	3681.42	3690.27	3681.42	3690.27	
3688.05	3688.05	3688.05	3688.05	3688.05	
3685.84	3692.48	3685.84	3692.48	3685.84	
3683.63	3688.05	3683.63	3688.05	3683.63	
3685.84	3692.48	3685.84	3692.48	3685.84	
3679.2	3679.2	3679.2	3679.2	3679.2	
3679.2	3683.63	3679.2	3683.63	3679.2	
3690.27	3688.05	3690.27	3688.05	3690.27	
3681.42	3679.2	3681.42	3679.2	3681.42	
3681.42	3688.05	3681.42	3688.05	3681.42	
3692.48	3683.63	3692.48	3683.63	3692.48	
3685.84	3688.05	3685.84	3688.05	3685.84	
3692.48	3685.84	3692.48	3685.84	3692.48	
3690.27	3685.84	3690.27	3685.84	3690.27	
3683.63	3694.69	3683.63	3694.69	3683.63	
3683.63	3688.05	3683.63	3688.05	3683.63	
3685.84	3683.63	3685.84	3683.63	3685.84	
3681.42	3681.42	3681.42	3681.42	3681.42	
3685.84	3694.69	3685.84	3694.69	3685.84	
3681.42	3688.05	3681.42	3688.05	3681.42	
3690.27	3690.27	3690.27	3690.27	3690.27	
3685.84	3685.84	3685.84	3685.84	3685.84	
3692.48	3690.27	3692.48	3690.27	3692.48	
3690.27	3694.69	3690.27	3694.69	3690.27	
3683.63	3688.05	3683.63	3688.05	3683.63	
3681.42	3688.05	3681.42	3688.05	3681.42	
3719.03	3725.66	3719.03	3725.66	3719.03	
3690.27	3685.84	3690.27	3685.84	3690.27	
3681.42	3679.2	3681.42	3679.2	3681.42	
3690.27	3683.63	3690.27	3683.63	3690.27	
3676.99	3681.42	3676.99	3681.42	3676.99	
3681.42	3688.05	3681.42	3688.05	3681.42	
3685.84	3685.84	3685.84	3685.84	3685.84	
3683.63	3683.63	3683.63	3683.63	3683.63	
3681.42	3685.84	3681.42	3685.84	3681.42	
3681.42	3681.42	3681.42	3681.42	3681.42	
3690.27	3692.48	3690.27	3692.48	3690.27	
3694.69	3681.42	3694.69	3681.42	3694.69	
3683.63	3683.63	3683.63	3683.63	3683.63	
3692.48	3683.63	3692.48	3683.63	3692.48	
3685.84	3685.84	3685.84	3685.84	3685.84	
3694.69	3681.42	3694.69	3681.42	3694.69	
3683.63	3688.05	3683.63	3688.05	3683.63	
3683.63	3690.27	3683.63	3690.27	3683.63	
3674.78	3690.27	3674.78	3690.27	3674.78	
3688.05	3681.42	3688.05	3681.42	3688.05	
3674.78	3681.42	3674.78	3681.42	3674.78	
3674.78	3663.72	3674.78	3663.72	3674.78	
3663.72	3672.57	3663.72	3672.57	3663.72	
3661.5	3661.5	3661.5	3661.5	3661.5	
3663.72	3676.99	3663.72	3676.99	3663.72	
