3675.44	3675.44	3686.4	3675.44	3675.44	
3646.93	3651.32	3649.12	3651.32	3651.32	
3646.93	3644.74	3649.12	3653.51	3644.74	
3640.35	3651.32	3646.93	3633.77	3642.54	
224724	223230	221265	220232	219901	
227465	226230	224237	223162	223246	
227079	225789	224035	222461	222529	
231864	230996	229151	227737	227526	
232673	231112	228660	227974	228132	
233684	232664	230730	228761	229364	
231763	230193	228814	227594	227796	
230143	228366	226840	225805	225796	
237088	235669	233469	232441	232684	
242169	240882	238285	237171	236877	
242890	241789	239890	238417	238261	
243342	242200	239877	238421	238662	
239765	238550	236092	234579	235193	
236568	235123	233553	231522	232283	
241811	240855	238320	237024	237204	
246248	243746	242831	241445	241338	
244138	243007	240934	239796	239557	
238211	237191	235171	233743	234164	
241217	239890	237954	236362	236318	
249695	248680	246487	244708	244230	
251250	250259	248274	246515	246362	
250831	250213	248577	246539	247125	
249974	248607	246004	244910	245237	
243344	241862	239654	238934	238667	
242743	241605	239809	237921	238439	
251232	249818	247660	246316	246217	
250252	248443	246743	245208	245254	
246511	245009	242961	241500	241728	
250195	248899	246917	245544	245110	
252730	251511	249450	247445	247544	
247110	245776	243732	242090	242243	
241557	239947	237461	236357	235919	
250789	249794	247259	245636	245840	
254603	253737	251518	250268	250441	
253327	251816	249561	247899	247930	
249763	248366	246338	245382	244827	
249816	248768	246770	245175	245127	
250730	249013	247046	245844	245822	
247515	246320	244248	243039	242912	
251239	250044	248125	245836	246132	
256590	255476	253300	252105	252596	
254811	252950	251088	249215	249318	
251031	249700	247803	246485	246513	
251664	249537	247173	245963	246147	
258730	257336	255542	253320	253581	
262379	261175	258895	256704	256890	
262132	260743	258686	256693	257221	
256364	255283	253066	251412	251680	
249046	246958	245748	243752	244129	
236601	235355	233029	231822	231724	
237195	235833	234226	232680	232432	
251268	249625	247596	245914	246037	
260719	259263	256496	255612	255686	
267002	266007	263357	262044	262009	
270042	269077	266629	264476	265364	
272882	271342	268875	267272	267656	
274910	273943	271500	269033	269588	
274018	272171	269809	268336	268272	
274202	272351	270423	268737	268917	
273182	272680	269704	268581	268531	
269533	268649	265921	263853	263831	
259417	258344	256320	254759	254309	
254096	252919	250121	248932	248991	
260888	260386	257206	255546	256259	
271377	270537	267476	266250	266127	
276208	274537	272629	270559	270700	
274493	273322	271057	268904	269156	
276325	275401	272618	270877	271206	
275748	274042	271789	269693	269974	
278901	278162	275151	273237	273414	
278899	277373	275243	273702	273816	
274557	272934	270557	268919	268871	
274285	273224	270651	269586	269059	
279596	278542	275487	274349	274456	
282072	280831	278408	276265	276757	
283162	282158	279513	278314	277730	
281781	280465	278399	276614	276388	
276875	275362	273156	271336	271822	
273191	272007	268636	267329	268057	
270243	269059	266702	265158	265404	
272022	270730	268303	266781	266752	
276781	274932	272943	271123	271123	
275498	274371	271864	269952	270296	
269007	267355	265200	263662	263941	
266417	264412	262184	260895	261221	
261697	260866	258189	256515	256700	
255936	255125	252261	251011	250811	
237059	236110	234211	232941	232572	
192871	192009	190154	189393	189599	
177700	176404	175033	173846	174164	
234461	233489	231329	229987	229761	
261601	259952	258393	256476	255998	
266018	264807	262662	261099	261086	
270193	269235	266855	265452	264638	
273923	272127	270132	268671	268772	
274215	272616	270743	268805	268923	
276419	275393	273186	270533	271531	
288202	286717	283958	282189	282586	
290509	288226	286048	284259	284263	
287702	286320	283704	282364	281868	
288458	287239	284669	282825	282807	
288985	287627	284855	283094	283011	
287237	284890	283011	281572	281265	
288566	287123	284364	282485	282667	
293627	291838	289349	288180	288110	
291237	289678	287923	284908	285987	
279504	278024	275594	273636	274029	
283208	281950	279182	277572	277634	
293846	292039	289862	287200	288419	
292445	290443	287811	286134	286314	
295320	293816	290844	289333	289605	
298768	297607	294789	293213	293088	
298770	297272	294638	292697	293107	
296441	294445	292443	290344	290353	
296568	295349	293259	291132	291458	
294627	293708	290947	289316	289050	
294774	293787	291059	288770	289458	
301654	299537	296855	294868	294706	
301524	299577	297178	295068	295189	
303121	301579	298838	296871	297419	
303559	302160	299833	297820	297978	
304307	302849	299860	298077	297754	
305375	304169	300925	299423	298945	
305621	303452	301404	299204	299739	
305360	303156	301094	299331	298825	
304228	302539	300485	298757	298697	
304064	303230	299783	298193	298033	
304888	303039	300669	297954	298623	
304809	303662	301208	299184	298989	
300875	299007	296414	295404	294971	
291925	290649	288263	286296	286656	
299671	298816	295853	293982	294645	
306971	305088	302388	300693	300614	
306246	304173	301748	299947	300103	
305623	304362	301678	299945	299899	
304127	302559	299954	297877	298175	
300382	298412	296055	294485	294388	
308318	306502	303338	301320	301932	
309419	307991	305009	303303	303265	
311226	309489	306807	304664	304333	
311292	309333	306627	305129	305226	
311226	309134	306941	304706	304943	
311099	309458	306285	304340	304919	
311311	310154	307235	304904	305197	
311947	310143	307822	306175	305914	
311042	309614	307197	304871	305322	
307950	307070	304138	302331	302134	
301803	300761	298167	295746	295693	
304601	302855	300173	298169	298599	
309645	307829	305417	303921	303379	
310011	309101	306094	303561	304474	
312077	310928	307715	306399	306053	
312621	312213	308570	306849	307371	
313024	311529	308783	307496	307493	
313954	311750	309846	307261	308000	
310406	308564	305579	303965	304300	
299772	298143	295868	293643	294366	
310572	309333	305759	304836	304754	
314833	313831	310590	308787	309311	
316513	314711	311252	310355	310031	
316684	314982	312336	310261	311292	
317202	315934	312441	310770	311090	
317309	315357	313059	311099	310849	
317947	316151	312932	311831	311322	
317814	315904	313789	311768	311978	
317452	316154	313482	311237	311386	
314961	312783	310138	307781	308531	
312110	310200	307140	305871	305820	
315007	313213	310401	308322	308658	
318215	315765	313662	311289	311671	
318180	316061	313489	311425	311759	
313064	312004	309055	307583	307252	
313094	311684	308386	307436	307081	
318138	316173	313546	311493	311338	
318669	316974	314077	312327	312268	
317750	316333	313908	310884	311623	
316616	314711	311754	310079	309901	
313121	311395	309007	307039	307458	
312640	311265	309011	306691	306329	
306386	304678	301941	300274	300504	
310936	309480	306864	305645	305467	
316436	314480	312493	310544	310154	
316296	314568	311594	310059	310024	
320272	318656	315730	314007	313537	
317257	315814	313239	311261	311254	
317599	315904	313768	311746	311899	
320936	319706	316864	314868	314735	
321816	320500	317101	315520	315614	
320055	318557	315974	314265	314154	
320432	319061	315807	314487	313614	
321450	320434	316708	315765	315636	
320189	318235	315735	313088	313371	
319289	317706	314474	313197	312993	
320627	319200	316809	313906	314596	
319974	318410	315480	313465	313428	
321081	319509	316336	314531	314675	
321581	320237	316998	315342	315985	
320866	319066	315941	314279	314344	
316754	315044	312855	310708	311022	
318320	316053	313215	311636	311950	
320364	319320	316116	313695	314099	
322840	321103	318719	316939	317081	
323537	321368	318765	316454	316814	
323763	322193	319145	317713	317414	
325564	323349	320989	318522	319079	
326215	324300	321257	319671	318917	
325888	324355	321482	319478	319941	
325368	323662	321068	319202	319090	
323342	321232	318542	317252	317575	
317969	316697	313629	311825	312044	
323632	321888	319002	317447	317452	
322208	320794	317882	316134	315759	
322436	321224	318500	316371	316787	
327649	325928	322796	320507	320993	
328346	326132	323923	321958	321686	
328548	326292	323860	321779	321746	
328906	327879	324513	322888	322919	
327618	325776	323336	321224	321384	
324807	323353	320018	317989	318079	
323746	321976	319250	317636	317138	
324246	322700	319853	318342	318419	
327618	325842	323586	321368	321596	
329239	328105	325243	322851	323507	
330215	327965	325660	323307	323325	
327978	325693	322943	321037	321103	
326531	324456	321963	320296	320553	
326579	324149	321338	319765	319656	
327930	325884	323173	321504	321182	
328425	326436	323866	321338	321794	
328638	327318	325307	323164	323136	
328140	326875	323695	321561	321524	
326732	325423	322217	320048	320586	
326520	325423	322241	320105	320739	
328487	327351	324366	322618	322037	
326024	324035	321704	319575	319868	
328037	326943	324441	321987	321656	
329355	327978	324590	322998	322954	
328855	327706	324303	322634	322599	
331417	329511	326318	325009	324950	
330436	329537	326616	324355	324636	
327478	325750	322976	320704	321614	
329445	327923	325193	323298	323452	
331728	330294	327612	324798	325357	
331787	329697	327632	325572	325816	
330478	328770	325774	323513	324307	
324998	323322	320522	318300	318454	
329162	327607	324388	322143	322621	
331895	329932	327439	326004	325471	
331035	330053	326945	324783	324781	
331230	329509	327480	325669	324956	
329077	327952	324849	322914	323182	
324601	322640	320158	317947	318154	
320730	318601	316314	313838	314279	
315618	313160	311044	308447	309390	
317917	316445	312882	312193	312217	
328476	326156	323498	320842	321820	
331393	329414	326728	325458	324980	
330474	328787	325557	324404	323557	
331171	330428	326919	325215	325311	
332419	330570	327605	325489	325678	
329610	328548	325588	323419	323614	
321096	318866	316355	314193	314616	
324294	322480	320033	317816	317614	
324318	322719	320748	318298	318410	
328064	326982	324103	321618	321732	
325625	324075	321094	319037	318936	
327270	325555	322952	320991	320936	
322296	320965	317768	316064	316184	
274952	273524	270901	269467	269721	
195860	194629	193026	191662	191649	
202344	201259	199730	198289	198197	
213724	212868	210809	209450	209588	
226406	224925	223116	221408	221526	
240197	238596	237099	234849	235500	
255590	253596	251842	249879	250261	
274039	273243	270651	268811	269471	
292640	291158	288175	286956	286588	
312682	311219	308811	307048	307046	
302333	301015	298375	296827	296583	
292950	291408	288781	286820	287373	
277241	275634	273520	271377	271612	
283893	282110	279406	277680	277809	
274985	273178	270228	269031	269294	
287221	285248	283182	280908	281496	
274042	272419	270667	268042	268397	
291695	290759	287914	286197	286353	
273430	271739	269471	267809	267575	
300445	298509	295814	294671	294592	
284932	283164	281064	279914	279246	
296243	294423	292048	290559	290697	
303325	301825	299007	297200	297105	
286336	284954	282673	280616	280588	
311654	309774	306557	304776	305296	
302037	300478	297680	295798	295877	
303941	302496	299110	297338	297197	
319114	317535	314947	312785	312660	
300730	298175	295945	294164	294737	
303224	302371	299303	296989	297546	
315397	314154	311197	309029	308923	
306544	304548	302906	300524	300524	
317226	315849	312636	310533	310945	
324482	323053	320178	318125	318000	
307186	305877	302458	301851	301202	
307050	305311	303116	301349	301013	
318480	316976	314377	312167	312083	
314055	313037	309454	308649	308270	
300044	298461	296219	294443	294721	
310590	308846	306178	303963	304456	
308989	307487	304353	302539	302941	
311851	310697	308039	305739	305855	
319765	318678	315557	313708	313079	
309088	308055	305018	302873	303129	
296575	295107	291998	290191	289890	
295726	294384	291419	289311	289599	
302664	301070	298893	296982	297118	
313186	311066	308395	306180	306579	
316406	314215	312195	309943	310336	
303279	301623	299136	297787	297239	
312035	309732	307765	305564	305436	
316463	314656	311509	309961	309616	
318553	316735	313862	311849	312221	
318048	316579	313934	310664	311702	
306046	304309	301963	299287	300018	
317147	315265	313513	311461	310956	
314145	312572	309412	307759	308066	
313200	311296	307941	306002	306261	
327329	325849	323039	321167	321057	
327943	326164	323520	321469	320941	
332254	330754	327579	325908	326026	
338950	337465	334094	332393	332162	
337866	336048	332950	330923	331039	
330487	329680	326789	325114	324428	
336075	333851	331224	328590	329331	
335368	333884	330450	328360	328923	
326623	325362	322068	320162	320316	
315939	314524	311965	309879	310123	
317053	314906	312320	310364	310336	
327232	325862	322489	320311	320978	
333658	331691	329649	326772	327344	
334307	333064	329664	327857	327923	
323382	321945	319123	316507	316943	
316820	315206	312616	310871	310377	
311092	309134	306548	304588	304616	
320044	318454	315461	313434	313610	
321432	320246	317162	315243	315208	
314232	313268	310046	308349	308691	
330149	328215	325664	324090	323739	
327695	326588	323305	321522	321673	
310561	308612	305616	304333	304298	
321362	319417	316243	314583	314634	
326377	324066	321235	319340	319800	
310640	309487	306702	304215	304331	
298250	297329	294020	292553	292338	
317086	315425	313265	310947	310958	
326243	323919	321871	320015	319732	
321112	319149	316976	314789	315088	
321643	319757	317239	315634	315531	
327118	325910	323149	321250	321022	
309158	308075	304921	303386	303945	
299844	297904	295439	293728	293794	
321539	319800	316680	315478	315160	
327860	326651	323294	321732	321697	
323550	321329	319287	317423	317149	
308651	306570	303840	302496	302322	
316419	314636	312651	310601	310140	
308020	306399	303377	301844	301232	
316564	314287	311406	309787	309741	
330844	329081	327156	324746	325173	
336982	335844	332899	330667	330265	
338629	336904	333993	332344	332309	
333493	331750	328496	326489	326798	
328592	326509	323695	322114	322129	
316254	315180	312164	309925	310410	
319379	316980	314583	312257	312254	
333893	332621	329042	327515	327463	
339375	337432	334546	332274	332404	
338634	336610	333239	331647	331818	
338123	336129	333026	330895	331112	
338160	336042	333537	331667	331796	
336414	333895	331252	329037	329452	
326055	324265	322248	319921	320140	
323388	321730	318807	317357	317068	
331961	331004	327809	325557	325700	
331568	329586	327175	324533	325743	
332246	330967	328235	326421	326246	
333175	331550	328443	326450	326586	
332792	330897	328024	325866	325667	
335105	333518	331029	328640	328748	
335629	334217	331164	329382	329476	
334614	332107	329039	326844	327425	
332629	330548	327991	325246	325752	
334746	332952	330118	328226	327917	
338879	337081	334537	332548	333079	
337274	334925	332583	330693	330537	
340219	338215	335425	333557	332485	
339921	338357	335368	333675	333583	
337346	335568	333164	330533	330934	
333811	331715	329349	327292	326976	
338868	337167	334254	332923	333105	
340779	339691	335783	334526	334717	
334783	332945	330476	328724	328338	
333800	332434	329336	327140	327524	
336204	334588	331654	329000	329743	
336031	333825	330890	329132	329182	
334816	332906	330868	328145	328507	
338890	337143	334241	332509	332498	
340601	338072	335458	333531	333963	
339763	337140	334735	332121	332612	
339461	338206	334272	332726	332925	
340026	338726	335660	333682	333899	
340522	338621	335651	333382	333498	
341208	339546	336921	334592	334728	
342384	340840	337441	335814	336099	
342811	341048	337910	335533	336461	
339967	338261	334930	333344	333300	
340478	339419	335919	334057	334458	
339763	338800	335917	333432	334103	
336967	334678	331875	330200	330711	
339776	338140	334746	333026	333186	
341662	339906	337798	335390	335219	
342901	340871	338055	336167	336404	
340862	338831	336167	333993	334149	
340382	338785	335882	333954	333974	
339029	337432	335009	332811	332752	
334978	333498	329575	328121	328125	
343039	341263	338827	336590	336783	
344947	343680	340112	338173	338298	
340351	339311	335978	334024	334215	
337855	336009	333384	331193	331599	
331145	329522	326099	324331	324272	
335454	333774	330958	328932	328520	
340353	337906	334928	333588	333373	
344031	341616	339557	337421	337976	
341726	341094	337717	335110	335454	
343228	341743	339134	337340	337173	
342936	341248	338048	336259	336272	
339919	338193	335932	333384	333458	
340693	338743	336031	334107	334581	
339386	337022	334390	332557	333055	
332318	330364	327419	326009	325969	
322498	320458	318029	316009	316351	
329024	327798	324776	322822	322993	
332610	332059	329296	326956	327143	
341406	338893	336493	334390	334357	
339884	337719	334866	332868	333294	
337980	335421	333276	331004	330805	
336057	334550	332081	329667	329379	
336035	334083	331195	329180	329292	
335300	333855	331081	328961	328759	
325542	323721	321171	318912	319309	
303491	301741	298811	297450	297921	
297211	295452	292954	291070	291340	
283230	281991	279590	277583	277445	
290121	288840	285919	283976	284215	
282011	280428	277754	276178	276417	
263561	262693	260046	258261	258658	
266456	264397	262586	260535	260439	
271147	269452	267873	265814	265542	
245934	245007	242618	241182	241318	
283862	282092	279651	278090	278397	
282281	280800	278336	276932	276660	
272195	271127	268428	266713	266980	
267684	266373	264009	262208	262568	
235546	234022	231849	230469	230616	
213401	212362	210287	209002	209125	
271616	270643	268013	265884	265803	
284068	283039	280658	279414	279145	
240840	240252	237667	236805	236706	
236899	235877	233993	231956	232866	
259206	258075	255904	254204	253950	
268200	266849	264614	263042	262958	
261173	260230	257805	255980	256357	
255200	254566	251741	250443	250129	
234088	232329	230213	228627	228629	
266064	264827	262458	260535	260866	
256763	255651	253721	252147	252364	
254976	253581	251191	249772	249397	
281346	279428	277625	274875	275822	
295388	293888	290980	289182	289298	
312428	310382	307895	305629	305961	
327910	325921	323454	321803	321261	
332491	331121	327686	325895	325866	
319184	317671	314586	312458	312774	
315408	313787	310697	309037	309309	
321971	320851	318116	316268	316132	
331480	329158	325833	324379	324645	
325033	323461	320667	318906	318930	
305928	304616	301741	299711	300024	
323281	321164	318338	316445	316542	
308482	307022	304307	302162	302763	
314081	312561	309671	308241	307833	
323638	322303	320094	317800	317496	
295695	293888	291342	289515	289241	
260395	258526	256333	254623	254827	
242478	241134	238978	237368	237257	
275086	273768	270989	269583	269963	
307096	305158	302770	301110	301154	
277640	276399	273697	272018	272355	
273079	271695	268908	267467	267471	
279042	277305	274331	272831	273257	
271649	269662	268101	266375	266575	
282963	281789	278579	277215	276967	
298618	296079	293763	291711	292059	
302200	300803	297974	296675	296588	
292726	290248	287978	286364	286430	
246083	245327	243186	241923	241322	
262066	260855	258507	256956	256838	
304656	303412	301101	298993	298947	
291314	289750	287333	285993	285373	
301257	299228	297388	294800	295272	
298215	296825	294566	292783	292498	
287276	285520	283570	281384	281811	
284682	282761	280395	278441	278958	
256467	255281	253204	251772	251487	
297618	295783	293127	290882	291544	
315739	314583	311399	309752	310219	
305535	303292	300605	298800	299342	
312638	311303	308476	306629	306529	
285353	283825	280965	279478	279406	
286645	285195	282353	280629	281129	
249011	247151	245002	243621	243375	
244322	243059	241140	239134	239715	
287621	286039	283658	281217	281732	
302504	300693	297967	296623	296147	
302546	301829	298673	296857	296647	
320770	319853	316671	314529	314774	
324322	322730	320037	318112	318522	
292814	290785	288682	286667	286914	
279504	278061	275325	273570	273294	
254906	253614	251917	249105	249693	
261772	260382	258250	256037	256800	
277743	276000	273730	272020	272816	
289645	288768	285566	283803	284471	
318226	316013	313509	311691	311746	
323320	321831	318980	316739	317430	
304493	302945	300814	298737	298956	
303818	301803	298886	297079	296991	
271814	270719	268035	266542	266193	
282105	280502	278393	276206	276274	
310257	308971	306243	304208	304787	
308726	306803	304627	302015	302476	
283928	282224	279877	278254	278114	
286588	285303	282373	280928	281004	
296349	294811	292548	290502	290627	
313386	311281	308752	307099	307697	
308461	306432	303866	302463	302125	
292274	291035	288458	286844	286954	
291629	290169	287610	285783	285849	
315945	314502	311945	309989	309596	
331982	330616	327018	325781	325371	
332724	329853	327272	325502	325651	
330535	328531	326546	323932	324013	
317465	315930	313715	311478	311213	
328401	326950	323621	321618	321743	
332112	329989	327717	325443	325550	
328596	326794	324208	321636	322239	
320259	319026	315513	313566	313651	
323075	320978	318704	316711	317096	
334553	332702	330441	327662	327785	
346134	344151	340928	338921	339121	
349143	346945	343818	341897	342314	
346930	345353	342627	340443	341281	
346634	345013	341908	339743	340724	
331307	329456	327178	324632	324546	
337434	336390	333140	330728	331296	
340285	339375	335719	333925	333993	
329443	328081	325318	322792	322270	
326719	324414	322154	320338	319726	
334195	332610	330026	327618	328064	
334759	332702	329822	328094	327586	
333454	331770	329226	327136	327311	
327904	325833	323320	320993	321368	
334160	332921	330184	328237	328550	
334068	332145	328461	326961	327134	
326739	325232	322406	320283	320204	
327976	325842	323096	320814	321197	
327822	326129	323197	321594	321943	
332862	331428	328588	326123	326697	
338792	336287	333947	331768	331844	
328592	327263	324393	321901	322217	
336651	335015	332202	329825	330428	
340208	339388	336680	334239	334664	
342807	341533	337737	336118	336178	
344202	342836	339463	337254	337693	
344114	342136	339638	337522	337579	
345173	343033	339930	337893	338691	
348601	346263	344066	341465	342346	
342136	340132	336912	334752	335116	
332419	330776	328634	325969	326533	
335829	334761	331382	329868	329625	
332219	331151	328204	325897	326439	
330489	328309	325377	323594	323980	
324632	322982	320577	318928	318877	
329232	327408	325112	323033	322877	
335711	334020	331561	329386	329941	
336586	334443	332123	329800	330342	
338904	336632	334270	332309	332728	
338743	337200	334145	332189	332724	
344590	343281	339866	337226	337952	
339717	338331	335651	333298	333107	
342116	340855	337064	335401	335158	
348588	346730	343776	342213	342454	
345654	344485	341388	339445	339625	
342522	340800	338373	335713	336114	
343158	341976	338368	336379	336651	
332121	330156	328007	326296	325836	
331090	329171	326941	324596	324599	
343200	342114	339289	336998	337658	
339178	337857	334393	333044	332671	
333357	331371	328518	327221	326965	
342873	341757	338461	336912	337164	
344594	343522	340531	338607	337901	
346956	345529	342408	339805	339914	
337386	335877	332285	331605	331550	
333651	332175	329140	326974	326901	
342441	340838	337081	335987	335818	
348489	346772	343489	341673	342184	
351873	349362	346478	344675	344397	
351614	350430	346982	345112	345059	
348456	347507	344346	341846	342884	
351570	349588	346539	345044	345002	
352200	350614	347697	344978	345811	
351697	349818	346941	344379	344864	
352857	350658	347548	344833	345785	
352186	350182	347807	345522	345217	
345906	343649	340982	339064	338781	
346160	344908	341618	339281	339772	
347138	345715	342849	340346	341340	
340099	337680	335476	333094	333235	
340857	338704	336500	333868	334013	
345640	344548	341768	338978	339107	
349031	347897	344344	343140	343004	
351395	350610	347697	345305	345886	
353533	351803	348333	346704	346572	
353579	351638	348408	347292	346982	
354118	352871	350136	347180	347726	
354998	353276	349965	347662	347923	
354697	353070	349024	347682	347708	
350721	349156	345678	344213	344248	
340803	339557	336557	334156	334504	
346246	344803	341849	340033	340099	
351059	349200	346204	344191	344156	
351636	350101	346921	344768	344965	
353015	350743	347831	345776	345963	
352796	350844	348706	346180	346588	
353230	350921	347605	345763	345899	
349879	348393	345397	343618	343164	
350689	349138	345846	343610	343980	
349044	347382	344647	342627	342678	
350050	348439	345338	342785	343498	
351726	349708	346732	345430	345355	
351173	349397	346588	344932	344704	
349559	347425	345096	342351	342607	
351673	349627	346704	344515	344776	
352612	350864	348195	345985	346029	
353226	351366	348344	346022	346175	
353726	351548	348798	346428	346338	
351656	349974	347428	345055	345781	
346461	344890	341906	339809	339967	
347355	345735	342664	340673	340544	
335833	334471	331640	328976	329498	
339309	337423	334333	332548	332943	
346596	344787	342221	339702	339772	
347750	346961	343601	341520	341779	
349640	348110	345364	342761	343123	
351818	349329	347241	344658	345303	
351461	349436	346417	344406	344623	
349822	347377	344739	342535	343053	
345844	343754	340814	339197	338759	
347844	345871	342833	340373	340803	
342656	341599	338522	336039	336070	
332083	330421	327669	325728	325943	
343829	341732	338625	337022	337250	
346998	344072	341822	339640	340118	
347298	346042	343375	340928	341138	
349849	348662	345846	343761	342840	
350840	349090	346298	343768	343947	
350482	348509	346046	343037	343895	
345055	343743	341000	338693	338590	
343143	341408	338211	336443	336539	
342371	340509	337535	335254	335287	
347428	345384	342498	340529	340465	
349329	347382	344167	342553	342779	
348336	346298	344081	341640	341800	
340213	338750	336002	333717	333678	
345544	343750	340586	339259	338996	
348978	346862	343976	341888	341691	
350461	348428	345529	343346	343993	
349991	348559	345713	343138	343208	
350754	348741	345658	343875	343603	
349035	347893	344452	342331	343138	
349178	346956	344425	341943	342086	
349132	346735	344425	342250	342489	
347601	345750	342550	340943	340893	
343561	341906	339276	337024	337105	
345075	343377	340761	338002	339145	
347592	346086	342873	340803	340976	
347463	346305	343325	341178	341316	
347921	345627	342779	340950	341191	
345320	344204	341287	339309	339362	
339447	337693	335147	333068	332761	
344246	342476	339088	337430	337559	
344206	342287	339531	337259	337724	
343662	342314	339509	337432	337465	
346184	344048	341596	339682	339208	
346686	344425	341917	339259	339458	
347353	345026	342592	340844	341167	
346270	344743	341945	339798	339888	
342732	340976	338283	336167	336138	
339103	336961	334682	331908	332436	
343651	341754	338735	337169	336820	
343849	341864	339000	337169	337377	
337809	335917	333529	331375	331340	
341583	339700	337180	335289	335333	
344770	342704	340230	338346	338110	
344399	342535	339675	337976	337857	
344592	342500	339954	337717	337857	
343421	341425	338583	336316	336570	
338397	336621	333732	331715	331651	
333643	332331	329761	327390	327259	
327875	326149	323526	321162	321667	
333059	331616	328375	326739	326904	
334820	333136	330502	328888	328816	
336296	334423	331833	329259	330013	
328020	326592	323235	321675	321607	
269320	268094	265866	263886	263789	
186623	185976	184588	183243	182836	
143143	142689	140873	140404	140268	
123070	122417	121583	120671	120954	
97076.8	96557	95524.1	95094.3	95078.9	
75631.6	75063.6	74460.5	74026.3	74094.3	
62026.3	61907.9	61278.5	60835.5	60868.4	
54059.2	53500	53131.6	52910.1	52927.6	
51859.6	51561.4	50975.9	50717.1	50719.3	
52219.3	51877.2	51403.5	51232.5	51092.1	
58684.2	58326.8	57835.5	57574.6	57548.2	
66508.8	66030.7	65146.9	64826.8	64815.8	
81366.2	81140.4	80245.6	79664.5	79960.5	
100570	100221	99092.1	98668.9	98802.6	
126346	125529	124112	123570	123546	
155743	154921	153353	152522	152399	
227531	226958	224570	223809	223524	
249127	247414	245596	243513	244121	
208818	207401	205491	204230	204993	
197873	197390	195221	193577	194075	
153149	152013	150526	149575	149724	
164268	163349	162112	161066	161300	
142419	141614	140283	139276	139546	
126873	126221	125048	123978	124311	
156691	155691	154441	153570	153605	
119954	119029	117956	117588	117546	
142184	141395	139882	139033	139230	
159246	158243	156862	156046	155996	
122671	121965	120487	120064	119886	
165721	164544	163158	162116	162410	
172445	171296	169651	168851	168770	
135320	134561	133116	132410	132147	
186033	185320	183327	182285	182360	
196292	195331	193487	191779	192583	
153739	153331	151575	150625	150621	
201684	200502	198625	197318	197022	
227971	225914	224197	222805	223154	
180270	179349	177842	176320	176206	
206539	205645	203702	202509	202684	
255033	253564	251445	249336	249239	
220371	219079	217265	215904	215833	
208724	207686	206382	204809	204331	
257404	255689	253590	252377	252307	
258230	257039	254544	252695	253121	
220191	219026	216550	216042	215974	
248695	247393	244958	243226	243281	
286173	284807	282583	280697	280614	
262796	261765	259625	257550	257487	
249057	247504	245077	243919	243757	
288629	287577	284651	282836	283252	
305618	303281	301373	299487	299750	
285099	283294	280794	279103	279355	
280197	278346	275965	275211	274428	
309033	308476	305020	303502	303800	
320414	319202	316689	314800	314537	
306002	304362	302055	299833	300015	
300384	298465	295618	294037	293991	
316660	314533	312195	309961	310555	
321114	319616	317009	314888	314779	
316833	315329	313029	310897	311241	
311241	309713	307498	305296	305491	
324250	323204	319570	317774	317849	
329811	328627	325781	323643	323342	
325750	323750	321706	319055	318908	
315649	313518	310557	308588	308897	
314568	312765	310057	308092	308553	
322186	320717	317873	315796	316493	
327726	326064	323998	321792	321996	
323594	321980	319443	318401	317414	
322487	321743	318980	317121	316662	
318533	316803	314294	312349	312491	
324761	323127	320399	318289	318314	
331287	330050	326461	324377	324586	
330127	329596	326228	324857	324421	
333011	331594	329116	326651	327050	
335853	334596	330895	329818	329732	
337035	335732	332783	330384	330105	
334912	333241	330042	328373	328664	
327397	325985	323162	321564	321151	
327743	326053	323901	321715	321529	
326059	324182	320956	319550	319947	
321250	319206	317224	314719	314596	
326193	324471	322257	319794	320393	
329829	328215	325401	323132	323469	
330037	328836	325289	324127	323912	
330882	329307	326375	324546	324921	
328991	327096	324754	322555	322500	
329513	327647	325298	322660	322765	
331417	329252	326675	324831	324932	
327818	326096	323678	322092	321664	
327366	325303	323151	321079	321096	
330684	329478	326226	324816	324873	
332096	330482	327658	325596	325730	
331151	329338	326296	325250	324899	
331783	329388	326178	324849	324647	
332934	331107	328454	326934	326406	
334191	331906	329103	327478	327180	
333956	332406	329125	328300	327809	
334311	332077	329893	327695	328154	
329936	328739	325614	324184	323526	
325439	323044	320761	318601	318844	
328537	327430	324129	321833	322090	
328647	326529	324809	322925	322239	
322989	321408	319178	316846	316976	
316912	315921	312583	311279	310700	
322730	320544	318798	316906	316680	
327296	324868	322638	320664	320610	
329735	328118	324818	323250	323447	
330064	328417	325443	323184	323833	
330678	329364	326344	324050	324706	
331397	329432	326943	325079	324713	
329724	328186	325154	323441	323675	
329086	327702	324518	322535	322206	
330382	328583	325963	324140	324230	
330691	329281	326171	324548	324943	
331088	329647	327013	324939	325217	
331480	330129	327061	325445	325656	
332230	330594	327904	325518	325601	
331993	330382	327678	325346	325818	
328518	326397	324311	322136	322673	
325283	323706	321270	318785	319461	
323215	321511	319465	317270	317226	
323783	321857	319805	317399	317379	
327759	326246	322412	320726	321057	
328557	326566	324252	322037	322691	
321243	319864	316715	315702	315625	
320680	319154	316379	314910	315230	
326099	324660	321594	320029	320542	
329257	326607	324002	322511	322629	
328754	327368	324884	322480	322717	
327873	326169	324022	322158	321866	
322625	320904	318399	316621	316226	
325202	323333	320357	318754	318818	
327351	325539	322759	320787	321009	
328395	326346	324167	321871	321914	
328577	325939	323914	321842	321555	
327147	324737	322671	319974	320803	
321557	320088	317331	315272	315759	
320386	319101	316971	314798	314618	
320746	318469	316434	314009	314138	
323388	321221	319761	317189	317390	
325401	323544	320498	318673	319292	
325605	323969	321129	320083	320138	
325086	323976	321263	319257	319077	
321805	320055	317480	315362	316037	
322750	320901	318296	316647	316592	
319963	318281	316417	313739	314542	
321294	319825	317362	315081	315509	
324050	322711	319963	318362	317886	
325936	324020	321566	318862	319866	
326855	324919	321662	319908	319680	
326732	324542	321982	320724	320239	
326496	325340	322686	319932	320877	
326531	324822	321961	319853	320289	
327138	324645	321548	320138	320368	
326596	324375	321539	320371	319807	
325471	324360	321559	319544	319669	
324958	323480	320605	318362	319020	
324693	323072	320572	318476	318871	
324178	322469	319912	318029	317877	
318989	317167	314092	312914	312129	
312526	310757	308250	306300	306428	
316357	314901	312066	309781	310621	
314112	312107	309522	307329	307640	
315458	313776	310961	309412	309754	
318480	317575	314752	312476	313553	
320226	319322	316239	314355	314509	
321921	319643	317035	314765	315382	
321423	319340	317068	315649	314836	
320930	319353	316934	314588	315004	
321066	319342	316651	315294	314928	
322075	319985	317136	315533	315439	
320463	319208	316469	314279	314090	
317195	315803	312838	311147	310987	
319257	317279	314851	312673	313189	
320226	318603	315219	313568	313724	
317526	316588	314197	311851	312224	
317292	316270	312520	310796	311193	
318842	317237	314614	313175	313191	
319684	317787	315537	313610	313671	
318807	317303	314344	312559	312998	
318368	316125	314079	311366	312730	
316864	315535	312610	311224	310855	
315406	313868	311022	308809	309805	
313526	312246	309818	307305	307548	
316232	314511	311689	310309	310379	
315708	313664	311796	309246	309923	
313485	311465	309298	307379	307039	
314732	312974	309669	308259	308882	
314833	312684	309820	308228	308579	
313890	312110	309919	307825	308011	
308857	307050	304009	301836	302750	
309042	307754	304544	302945	303114	
310544	309079	306504	304496	304829	
307116	306013	303390	301344	301344	
308121	305634	302890	301404	301899	
311178	308958	306654	305127	304640	
310776	308886	306875	304660	304809	
308489	307066	304241	302281	302048	
307719	306035	303542	301539	301746	
308614	306822	303533	301737	302664	
306776	305011	302498	300162	300811	
303311	301154	298941	296963	296713	
300366	298066	296110	294555	294200	
295154	293684	291410	289568	290105	
293303	291987	288820	287261	287070	
301789	300432	297498	295996	295803	
305355	303678	301175	299450	299395	
300254	297998	295717	294173	293583	
294296	292890	290000	288320	288586	
299184	298064	294871	292895	293601	
304691	303147	300169	298910	298976	
306680	305208	302816	300732	301143	
301123	299434	296502	295031	294877	
293518	292083	289691	287945	288268	
296432	295044	292386	290072	290638	
297239	295884	293064	291700	291708	
299211	297586	294805	293206	293270	
299050	297382	294783	292671	293314	
295226	293566	291086	289318	289579	
290664	289208	286961	284857	285136	
293309	291504	289254	286917	287366	
291575	289846	287502	285465	285862	
296978	295029	293121	290897	291274	
294607	293331	290798	289274	289059	
293855	292739	290879	288950	289382	
297406	296018	293592	291700	291651	
291596	290583	287838	286417	285965	
287719	286184	283888	281583	281827	
286914	285254	282899	281689	281399	
284726	282638	280728	278969	278454	
291105	289164	286693	284985	285279	
296110	294759	291976	290156	290068	
290211	288739	286265	284566	284362	
289566	288283	285143	283651	283708	
294366	292471	290570	289081	289007	
294289	292776	290443	288327	288779	
293101	291419	289436	287066	286555	
288243	286877	284509	282868	282743	
284393	282621	280779	278638	278704	
284577	282936	280596	279467	278877	
289726	288024	285101	283432	283816	
292936	291371	288770	287478	287386	
291833	290408	287618	285895	285581	
292465	291592	289042	287217	287726	
292524	291079	288746	287039	287728	
293042	291820	288798	287162	287491	
292283	291493	287976	286443	286945	
287259	285820	282919	281537	281899	
282493	281564	279042	277154	277243	
278465	276811	274509	273164	272809	
275075	274088	271088	269776	270123	
274489	273246	271307	269366	269721	
280515	279693	277406	275735	274917	
286314	284627	281936	280770	280621	
283397	281726	279379	278219	277711	
284548	282967	280564	278263	278866	
283590	282621	279713	278081	278204	
285149	283969	281362	279735	279368	
287809	286447	283526	282246	281982	
287673	286226	283349	282029	281985	
288285	287414	284875	282956	282827	
289092	287686	284950	283121	283121	
287680	285636	283550	282086	281838	
286408	285107	282746	280792	280987	
288094	286447	284022	282215	282276	
284548	282897	280697	278895	279430	
282292	281160	278956	276239	277447	
282515	281149	278884	277289	276932	
282930	281634	279340	277259	276822	
285487	284346	282167	280518	280035	
283906	283035	280138	278627	278857	
283614	282877	280252	278362	278412	
282138	280877	277991	276579	276588	
280261	278798	276186	274779	274660	
280526	279208	276875	275046	275088	
273763	272294	269535	268004	268351	
263055	261303	258930	257224	258009	
264149	262836	260504	259083	259305	
269961	268421	265993	264612	265039	
270450	269064	266465	265252	265232	
269893	268493	266761	264844	265000	
265002	263092	261200	259246	259373	
255068	253857	251757	250000	250206	
261121	259776	257877	255901	256075	
262145	259783	257906	256465	256272	
255202	253423	251827	249851	250645	
247967	246971	244759	243732	243217	
250950	249713	247910	245570	245592	
251917	250366	248075	246568	246515	
249629	248406	246357	243588	244377	
248478	247143	244660	242849	243923	
243526	242645	240458	239213	239268	
239945	238368	236504	235037	235292	
234485	233325	231443	229616	230026	
232287	230570	228373	227476	227586	
228787	227553	225656	224732	224697	
221397	220507	218656	216829	217004	
218947	218101	215932	214713	214741	
221932	220524	218430	217395	217357	
221072	220140	217941	217031	216884	
217647	216559	214825	213004	213193	
212566	211191	209559	208206	208474	
209259	208684	206930	206018	206149	
209662	208590	206954	205443	205504	
207980	206783	204713	204053	203502	
205629	204487	202941	201340	201741	
202355	201496	199432	198353	198213	
196721	195599	193895	192785	193011	
191072	190662	188599	187645	187649	
184386	183800	182200	181081	181149	
3697.37	3697.37	3682.02	3699.56	3690.79	
3664.47	3664.47	3662.28	3666.67	3657.89	
3649.12	3649.12	3657.89	3653.51	3657.89	
3649.12	3655.7	3651.32	3649.12	3657.89	
