5684.75	5681.36	5674.58	5691.53	5681.36	
5637.29	5633.9	5627.12	5633.9	5650.85	
5627.12	5616.95	5630.51	5623.73	5616.95	
5620.34	5616.95	5630.51	5620.34	5616.95	
24678	24732.2	24579.7	24800	24745.8	
24939	25006.8	24983.1	24891.5	24935.6	
24915.3	24905.1	24708.5	24793.2	24823.7	
25128.8	25267.8	25094.9	25345.8	25223.7	
25383.1	25355.9	25074.6	25176.3	25200	
25332.2	25227.1	25101.7	25294.9	25325.4	
25189.8	25122	25054.2	24972.9	25118.6	
24847.5	24928.8	24566.1	24969.5	24884.7	
25511.9	25386.4	25305.1	25579.7	25291.5	
25766.1	25840.7	25616.9	25867.8	25755.9	
25684.7	25867.8	25779.7	25881.4	25918.6	
25755.9	25888.1	25810.2	25755.9	25806.8	
25230.5	25566.1	25311.9	25572.9	25437.3	
25088.1	25162.7	25105.1	25098.3	25169.5	
25555.9	25755.9	25450.8	25511.9	25430.5	
25779.7	25752.5	25864.4	25711.9	25813.6	
25654.2	25630.5	25433.9	25566.1	25698.3	
25145.8	25118.6	24942.4	24928.8	25142.4	
25288.1	25447.5	25033.9	25186.4	25328.8	
26013.6	25857.6	25674.6	25688.1	25847.5	
26074.6	26139	25861	25959.3	25867.8	
26013.6	25962.7	25810.2	25894.9	26033.9	
25816.9	25664.4	25484.7	25671.2	25833.9	
25091.5	25247.5	25074.6	25027.1	24996.6	
25074.6	25125.4	24955.9	25020.3	24976.3	
25654.2	25623.7	25596.6	25667.8	25644.1	
25603.4	25627.1	25420.3	25532.2	25518.6	
25271.2	25189.8	25071.2	25074.6	25094.9	
25484.7	25318.6	25301.7	25508.5	25478	
25623.7	25467.8	25352.5	25440.7	25511.9	
25023.7	25278	25067.8	25213.6	24979.7	
24464.4	24589.8	24383.1	24674.6	24701.7	
25322	25233.9	24989.8	25237.3	25355.9	
25606.8	25603.4	25461	25698.3	25579.7	
25288.1	25362.7	25220.3	25298.3	25294.9	
25176.3	25074.6	24962.7	24922	25267.8	
24983.1	24918.6	24786.4	25159.3	25054.2	
25040.7	24976.3	24881.4	25016.9	25084.7	
24555.9	24745.8	24657.6	24735.6	24810.2	
25091.5	24881.4	24701.7	25003.4	24942.4	
25494.9	25111.9	24972.9	25298.3	25322	
25230.5	25155.9	25033.9	24959.3	25067.8	
24735.6	24898.3	24769.5	24725.4	24766.1	
24783.1	24762.7	24735.6	24786.4	24518.6	
25433.9	25284.7	25278	25406.8	25291.5	
25616.9	25555.9	25467.8	25488.1	25535.6	
25393.2	25416.9	25071.2	25389.8	25583.1	
25257.6	25084.7	24857.6	25105.1	25040.7	
24508.5	24328.8	24271.2	24291.5	24430.5	
23498.3	23505.1	23342.4	23454.2	23528.8	
23705.1	23494.9	23328.8	23481.4	23440.7	
24555.9	24491.5	24278	24501.7	24674.6	
25176.3	24989.8	25142.4	25166.1	25088.1	
25711.9	25678	25620.3	25684.7	25644.1	
25945.8	25613.6	25806.8	25742.4	25922	
25969.5	26152.5	25955.9	26023.7	26061	
26010.2	26084.7	25908.5	25983.1	26091.5	
26081.4	25945.8	25871.2	25884.7	25979.7	
25972.9	26006.8	25867.8	26020.3	25810.2	
25844.1	25871.2	25698.3	25772.9	26006.8	
25715.3	25623.7	25261	25491.5	25525.4	
24905.1	24891.5	24847.5	24820.3	24850.8	
24505.1	24359.3	24264.4	24366.1	24396.6	
24850.8	24854.2	24766.1	24932.2	24833.9	
25661	25376.3	25603.4	25606.8	25576.3	
25976.3	25922	25630.5	25932.2	26020.3	
25732.2	25806.8	25718.6	25735.6	25837.3	
25772.9	25939	25864.4	25796.6	25969.5	
25820.3	25871.2	25555.9	25701.7	25674.6	
26179.7	26037.3	25772.9	26172.9	25959.3	
26132.2	26016.9	25867.8	25844.1	26003.4	
25810.2	25576.3	25498.3	25616.9	25505.1	
25678	25606.8	25420.3	25484.7	25539	
25986.4	26037.3	25901.7	25847.5	25983.1	
26111.9	26030.5	26071.2	26057.6	26237.3	
26128.8	26122	26145.8	26220.3	26054.2	
26135.6	25945.8	25911.9	26078	26118.6	
25637.3	25633.9	25610.2	25508.5	25657.6	
25494.9	25467.8	25291.5	25339	25410.2	
25233.9	25183.1	24891.5	25050.8	25149.2	
25091.5	25339	25044.1	25186.4	25301.7	
25454.2	25376.3	25447.5	25596.6	25549.2	
25413.6	25416.9	25101.7	25271.2	25583.1	
24789.8	24884.7	24813.6	24793.2	24874.6	
24664.4	24725.4	24481.4	24528.8	24640.7	
24352.5	24305.1	24115.3	24071.2	24325.4	
23891.5	23891.5	23606.8	23793.2	23661	
22400	22498.3	22322	22403.4	22291.5	
19437.3	19342.4	19193.2	19400	19264.4	
18328.8	18230.5	18155.9	18257.6	18264.4	
22111.9	22274.6	21867.8	22074.6	22176.3	
24067.8	23949.2	24027.1	24172.9	23881.4	
24355.9	24298.3	24247.5	24261	24257.6	
24776.3	24610.2	24403.4	24661	24671.2	
24627.1	24701.7	24583.1	24647.5	24650.8	
24715.3	24694.9	24545.8	24783.1	24644.1	
24779.7	24857.6	24691.5	24711.9	24789.8	
25701.7	25569.5	25450.8	25494.9	25559.3	
25688.1	25623.7	25501.7	25661	25688.1	
25505.1	25386.4	25291.5	25349.2	25288.1	
25501.7	25274.6	25257.6	25247.5	25383.1	
25471.2	25444.1	25288.1	25488.1	25467.8	
25332.2	25244.1	25247.5	25128.8	25223.7	
25396.6	25247.5	25332.2	25352.5	25237.3	
25952.5	25684.7	25383.1	25562.7	25539	
25311.9	25288.1	25240.7	25362.7	25484.7	
24647.5	24616.9	24467.8	24522	24722	
24816.9	24732.2	24596.6	24959.3	24718.6	
25525.4	25430.5	25267.8	25264.4	25532.2	
25352.5	25264.4	25135.6	25196.6	25196.6	
25325.4	25345.8	25223.7	25383.1	25389.8	
25884.7	25494.9	25342.4	25508.5	25542.4	
25542.4	25335.6	25328.8	25427.1	25464.4	
25291.5	25362.7	24979.7	25366.1	25254.2	
25261	25196.6	25183.1	25105.1	25322	
24932.2	25142.4	25013.6	25213.6	25067.8	
25064.4	25023.7	24820.3	25081.4	24888.1	
25393.2	25454.2	25501.7	25267.8	25474.6	
25410.2	25200	25027.1	25264.4	25152.5	
25328.8	25505.1	25183.1	25440.7	25386.4	
25454.2	25264.4	25132.2	25444.1	25400	
25261	25281.4	25169.5	25271.2	25433.9	
25372.9	25328.8	25264.4	25393.2	25430.5	
25301.7	25016.9	24928.8	25301.7	25335.6	
25223.7	24989.8	25132.2	25196.6	25145.8	
25257.6	24972.9	24840.7	25054.2	25169.5	
24996.6	24989.8	24772.9	24983.1	25166.1	
24955.9	25013.6	24711.9	24911.9	24925.4	
25044.1	24983.1	24739	24820.3	25176.3	
24759.3	24810.2	24576.3	24498.3	24701.7	
24176.3	24125.4	23745.8	24132.2	24044.1	
24362.7	24474.6	24440.7	24678	24522	
25006.8	24908.5	24779.7	24918.6	24847.5	
24901.7	24935.6	24627.1	24884.7	24874.6	
24833.9	24657.6	24664.4	24803.4	24816.9	
24749.2	24545.8	24461	24755.9	24498.3	
24603.4	24183.1	24179.7	24291.5	24281.4	
24633.9	24718.6	24559.3	24654.2	24667.8	
24752.5	24633.9	24678	24878	24772.9	
24847.5	24894.9	24518.6	24823.7	24844.1	
24844.1	24878	24691.5	24969.5	24833.9	
24908.5	24810.2	24772.9	24776.3	24766.1	
24708.5	24722	24440.7	24501.7	24572.9	
24789.8	24627.1	24416.9	24735.6	24779.7	
24630.5	24620.3	24661	24620.3	24766.1	
24684.7	24616.9	24549.2	24728.8	24688.1	
24413.6	24342.4	24278	24461	24481.4	
24023.7	24040.7	23874.6	24091.5	24067.8	
24149.2	24111.9	24152.5	24132.2	24057.6	
24362.7	24366.1	24230.5	24559.3	24400	
24427.1	24233.9	24203.4	24457.6	24427.1	
24444.1	24511.9	24352.5	24484.7	24549.2	
24335.6	24450.8	24471.2	24647.5	24430.5	
24667.8	24454.2	24403.4	24396.6	24406.8	
24494.9	24328.8	24288.1	24569.5	24342.4	
24155.9	24125.4	24016.9	24179.7	24237.3	
23667.8	23603.4	23416.9	23844.1	23742.4	
24274.6	24183.1	24111.9	24050.8	24210.2	
24627.1	24369.5	24491.5	24518.6	24532.2	
24481.4	24359.3	24430.5	24562.7	24450.8	
24569.5	24701.7	24552.5	24637.3	24691.5	
24657.6	24555.9	24430.5	24491.5	24335.6	
24352.5	24454.2	24250.8	24471.2	24542.4	
24654.2	24613.6	24298.3	24532.2	24457.6	
24457.6	24535.6	24274.6	24515.3	24583.1	
24501.7	24596.6	24325.4	24535.6	24450.8	
24237.3	24216.9	24111.9	24145.8	24393.2	
24023.7	24040.7	23983.1	23955.9	23881.4	
24122	24355.9	24027.1	24101.7	24267.8	
24457.6	24478	24145.8	24583.1	24305.1	
24542.4	24186.4	24376.3	24498.3	24369.5	
24166.1	24010.2	24223.7	24152.5	24115.3	
24057.6	24261	23911.9	24149.2	23996.6	
24430.5	24383.1	24213.6	24230.5	24305.1	
24410.2	24396.6	24264.4	24454.2	24484.7	
24416.9	24254.2	24328.8	24342.4	24335.6	
24301.7	24220.3	23983.1	24294.9	24342.4	
24115.3	23979.7	24016.9	24105.1	24040.7	
24213.6	23945.8	23942.4	24047.5	23945.8	
23691.5	23820.3	23406.8	23749.2	23735.6	
23966.1	23827.1	23827.1	24122	23922	
24271.2	24318.6	24088.1	24220.3	24196.6	
24206.8	24169.5	23972.9	24284.7	24257.6	
24335.6	24572.9	24196.6	24518.6	24308.5	
24342.4	24308.5	24132.2	24244.1	24210.2	
24366.1	24366.1	24223.7	24471.2	24315.3	
24474.6	24318.6	24372.9	24555.9	24359.3	
24589.8	24440.7	24166.1	24644.1	24471.2	
24457.6	24383.1	24440.7	24508.5	24406.8	
24583.1	24484.7	24386.4	24383.1	24508.5	
24457.6	24447.5	24339	24572.9	24430.5	
24610.2	24406.8	24294.9	24559.3	24244.1	
24474.6	24294.9	24213.6	24301.7	24471.2	
24661	24583.1	24488.1	24620.3	24505.1	
24623.7	24437.3	24322	24505.1	24389.8	
24627.1	24508.5	24254.2	24593.2	24406.8	
24572.9	24586.4	24430.5	24549.2	24467.8	
24518.6	24508.5	24193.2	24474.6	24433.9	
24366.1	24308.5	24125.4	24369.5	24372.9	
24447.5	24362.7	24108.5	24345.8	24355.9	
24593.2	24423.7	24498.3	24593.2	24637.3	
24620.3	24545.8	24528.8	24691.5	24698.3	
24786.4	24715.3	24488.1	24569.5	24630.5	
24711.9	24749.2	24633.9	24796.6	24816.9	
24881.4	24654.2	24735.6	24745.8	24783.1	
24969.5	24779.7	24725.4	24884.7	24827.1	
24996.6	24806.8	24803.4	24905.1	24945.8	
24932.2	24955.9	24742.4	24772.9	24874.6	
25020.3	24739	24742.4	24725.4	24688.1	
24518.6	24450.8	24427.1	24494.9	24576.3	
24786.4	24715.3	24698.3	24793.2	24739	
24650.8	24918.6	24691.5	24861	24715.3	
24755.9	24881.4	24603.4	24935.6	24715.3	
25125.4	25020.3	24966.1	25023.7	24898.3	
25227.1	25000	24847.5	25227.1	25081.4	
25132.2	25044.1	24969.5	25155.9	25305.1	
25291.5	25193.2	25040.7	25061	25132.2	
24966.1	25047.5	24945.8	25000	25033.9	
25057.6	24932.2	24833.9	25091.5	24915.3	
24800	25037.3	24922	24959.3	25091.5	
25047.5	24888.1	24772.9	25006.8	25054.2	
25230.5	25016.9	25040.7	25186.4	25328.8	
25267.8	25125.4	25091.5	25162.7	25345.8	
25318.6	25301.7	25094.9	25423.7	25386.4	
25264.4	25152.5	25135.6	25464.4	25322	
25057.6	25349.2	25094.9	25291.5	25247.5	
25278	25281.4	25040.7	25271.2	25369.5	
25332.2	25305.1	25274.6	25386.4	25271.2	
25444.1	25555.9	25230.5	25488.1	25481.4	
25671.2	25416.9	25450.8	25501.7	25525.4	
25488.1	25501.7	25257.6	25667.8	25461	
25522	25332.2	25376.3	25559.3	25267.8	
25606.8	25518.6	25359.3	25464.4	25552.5	
25478	25576.3	25349.2	25684.7	25705.1	
25464.4	25552.5	25478	25400	25627.1	
25749.2	25694.9	25416.9	25867.8	25742.4	
25661	25616.9	25572.9	25932.2	25813.6	
25905.1	25800	25664.4	25803.4	25983.1	
25952.5	25922	25878	26118.6	26033.9	
26074.6	26084.7	25854.2	25945.8	26023.7	
25986.4	25806.8	25711.9	25949.2	25966.1	
25928.8	26037.3	25888.1	26044.1	26040.7	
26128.8	26010.2	25871.2	26220.3	26444.1	
26376.3	26254.2	26189.8	26322	26254.2	
26433.9	26216.9	25969.5	26254.2	26135.6	
26027.1	26064.4	25918.6	26091.5	26027.1	
26427.1	26196.6	25928.8	26362.7	26267.8	
26383.1	26508.5	26437.3	26576.3	26600	
26610.2	26400	26379.7	26450.8	26511.9	
26755.9	26691.5	26379.7	26637.3	26613.6	
26583.1	26450.8	26471.2	26423.7	26440.7	
26400	26301.7	26108.5	26488.1	26308.5	
25942.4	25979.7	25891.5	26081.4	26200	
26054.2	26016.9	25861	25986.4	25806.8	
26240.7	26176.3	26196.6	26328.8	26213.6	
26939	26806.8	26684.7	26864.4	26752.5	
27288.1	27023.7	26966.1	27308.5	27210.2	
27325.4	27288.1	27016.9	27264.4	27271.2	
27488.1	27369.5	27233.9	27278	27562.7	
27616.9	27501.7	27450.8	27589.8	27650.8	
27525.4	27345.8	27342.4	27596.6	27515.3	
27094.9	26915.3	26915.3	27200	26996.6	
27264.4	27328.8	27311.9	27298.3	27400	
27450.8	27359.3	27539	27389.8	27691.5	
27728.8	27613.6	27572.9	27837.3	27976.3	
27891.5	27718.6	27603.4	27911.9	27694.9	
27864.4	27949.2	27810.2	27993.2	28203.4	
27776.3	27732.2	27823.7	27888.1	27840.7	
25149.2	25189.8	24722	24945.8	24915.3	
20359.3	20379.7	20233.9	20467.8	20498.3	
20749.2	20739	20454.2	20576.3	20810.2	
21535.6	21528.8	21450.8	21684.7	21576.3	
22416.9	22376.3	22366.1	22213.6	22376.3	
23427.1	23328.8	23244.1	23403.4	23389.8	
24410.2	24444.1	24355.9	24522	24535.6	
25918.6	25867.8	25871.2	25888.1	25918.6	
27349.2	27142.4	27047.5	27403.4	27311.9	
28840.7	28718.6	28715.3	28905.1	28705.1	
28318.6	28284.7	28223.7	28101.7	28281.4	
27925.4	27949.2	27688.1	27945.8	27901.7	
27003.4	26976.3	26800	27037.3	27155.9	
27511.9	27481.4	27301.7	27552.5	27596.6	
27328.8	27237.3	27067.8	27010.2	27311.9	
28084.7	28284.7	28010.2	28101.7	28155.9	
27766.1	27833.9	27562.7	27664.4	27600	
29189.8	28959.3	28718.6	28949.2	29162.7	
28111.9	28033.9	27844.1	28050.8	28101.7	
29830.5	29864.4	29932.2	29776.3	30196.6	
29349.2	29196.6	29091.5	29342.4	29305.1	
30149.2	30315.3	30250.8	30291.5	30403.4	
31081.4	30993.2	30955.9	31139	31044.1	
30118.6	30139	29854.2	29983.1	30427.1	
32447.5	32294.9	32362.7	32349.2	32342.4	
31908.5	31976.3	31867.8	31945.8	31983.1	
32467.8	32586.4	32284.7	32315.3	32478	
34094.9	34003.4	33874.6	34074.6	34050.8	
32844.1	32667.8	32501.7	32986.4	32955.9	
33501.7	33603.4	33189.8	33349.2	33328.8	
34630.5	34806.8	34627.1	34803.4	34789.8	
34383.1	34169.5	34200	34305.1	34525.4	
35752.5	35583.1	35637.3	35623.7	35905.1	
36698.3	36776.3	36467.8	36633.9	36783.1	
35742.4	35647.5	35457.6	35555.9	35830.5	
36081.4	35962.7	35739	36040.7	35789.8	
37627.1	37498.3	37220.3	37478	37701.7	
37488.1	37542.4	37311.9	37359.3	37586.4	
36932.2	36623.7	36501.7	36715.3	36661	
38094.9	38108.5	37657.6	38084.7	37833.9	
38440.7	38237.3	37945.8	38332.2	38569.5	
39081.4	39179.7	38783.1	39003.4	39372.9	
40471.2	40247.5	40098.3	40305.1	40328.8	
40016.9	39820.3	39559.3	39806.8	39898.3	
39027.1	39183.1	38688.1	39074.6	39000	
39464.4	39376.3	39294.9	39379.7	39583.1	
40823.7	40647.5	40379.7	40610.2	40711.9	
42389.8	42261	42111.9	41911.9	42308.5	
43094.9	43057.6	43105.1	43047.5	43213.6	
42393.2	42227.1	42023.7	42308.5	42549.2	
43633.9	43837.3	43355.9	43939	43728.8	
44901.7	44915.3	44620.3	44905.1	45037.3	
45664.4	45627.1	45325.4	45681.4	45647.5	
45939	46423.7	46128.8	46020.3	46247.5	
45854.2	45630.5	45325.4	45322	45281.4	
47505.1	47227.1	46966.1	47583.1	47518.6	
47711.9	47711.9	47383.1	47372.9	47739	
48152.5	47915.3	47789.8	48098.3	48440.7	
50542.4	50474.6	50545.8	50474.6	50644.1	
51186.4	51440.7	51091.5	51267.8	51342.4	
52461	52532.2	52793.2	52508.5	52640.7	
54450.8	54413.6	54210.2	54169.5	54572.9	
55389.8	55040.7	54718.6	54705.1	54942.4	
54925.4	54891.5	54579.7	54962.7	54779.7	
56278	55654.2	55745.8	56108.5	56162.7	
56935.6	56837.3	56542.4	56627.1	56613.6	
56135.6	56376.3	56027.1	56176.3	56200	
55386.4	55369.5	54908.5	55383.1	55339	
56461	55986.4	55925.4	56305.1	56098.3	
58410.2	58345.8	57922	58376.3	58667.8	
60444.1	60440.7	60267.8	60291.5	60288.1	
61139	61240.7	60705.1	61033.9	61244.1	
60142.4	60061	59735.6	60061	60125.4	
60091.5	59728.8	59623.7	59810.2	60013.6	
59867.8	59494.9	59420.3	59589.8	59705.1	
62064.4	61786.4	61223.7	62132.2	61922	
63122	63023.7	62552.5	62979.7	62725.4	
62759.3	62654.2	62213.6	62423.7	62691.5	
66233.9	65945.8	65630.5	65850.8	66030.5	
66457.6	66715.3	66047.5	66101.7	66247.5	
63979.7	64454.2	64166.1	64088.1	64200	
66955.9	66793.2	66532.2	66945.8	66891.5	
68755.9	68650.8	68389.8	68674.6	68630.5	
66545.8	66423.7	66142.4	66555.9	66416.9	
65264.4	65325.4	64623.7	65016.9	65352.5	
69464.4	69623.7	69000	69162.7	69806.8	
71661	71820.3	71416.9	71583.1	71881.4	
72128.8	71823.7	71600	71494.9	71874.6	
72800	72915.3	72054.2	72583.1	73016.9	
74894.9	74386.4	74386.4	74684.7	74589.8	
71976.3	71494.9	71932.2	71772.9	71694.9	
70739	70600	70762.7	70606.8	70789.8	
75783.1	75739	75352.5	76071.2	76264.4	
78294.9	78172.9	78142.4	78186.4	78118.6	
77884.7	77793.2	78000	78033.9	78101.7	
75661	75925.4	75328.8	75755.9	75779.7	
78186.4	78094.9	77576.3	78132.2	78423.7	
77311.9	76918.6	76762.7	77033.9	77166.1	
80366.1	79867.8	79433.9	79989.8	80067.8	
84471.2	84210.2	83701.7	84128.8	84274.6	
86650.8	86620.3	85810.2	86525.4	86600	
87800	87786.4	86766.1	87606.8	87423.7	
87355.9	87000	86857.6	86908.5	87362.7	
86881.4	86820.3	86152.5	86898.3	86772.9	
85247.5	85155.9	84454.2	84891.5	84803.4	
86040.7	86301.7	85966.1	85979.7	86122	
90579.7	90867.8	90169.5	90823.7	90854.2	
92891.5	92878	92572.9	92898.3	93111.9	
93555.9	93735.6	93125.4	93244.1	93559.3	
94840.7	94545.8	93972.9	94264.4	94196.6	
95437.3	95650.8	94444.1	95369.5	95206.8	
95945.8	95718.6	95023.7	95298.3	95725.4	
93878	93806.8	93284.7	93844.1	94142.4	
94416.9	94196.6	93796.6	93996.6	93901.7	
97616.9	97355.9	96383.1	97183.1	97203.4	
97962.7	98494.9	97803.4	98081.4	98372.9	
99505.1	99010.2	99091.5	99135.6	99366.1	
100647	100454	100061	100064	100292	
101071	100692	100671	100647	101075	
102258	102675	101800	102756	102719	
103773	103834	103153	103427	103769	
104339	103946	103356	103515	103939	
104536	104166	103871	104661	104231	
106295	106349	105563	105583	106624	
108305	108193	107753	108092	107854	
108834	108614	107742	108549	108373	
110119	110227	109217	110217	110481	
111569	111078	110641	111064	111519	
111508	111210	110759	111183	111153	
111258	111468	110275	111329	111037	
113986	113902	113176	113692	113698	
115102	115190	114271	114881	114746	
114288	113749	113431	114081	114231	
114464	114617	114054	115058	114597	
116434	116414	115773	115929	116271	
116732	116990	116824	117454	117061	
118322	117597	117020	117729	117776	
119868	120014	120017	120176	120061	
121136	121169	120620	121271	121258	
122203	122258	121376	121949	121942	
122563	122722	122390	123169	122800	
124095	123678	123698	124180	124159	
125153	125000	124210	124868	125390	
125949	126159	125725	126224	126054	
127864	127115	126888	127190	127085	
128712	128742	127831	128753	128647	
128315	127756	127990	128590	128976	
130193	129783	129217	129756	129661	
130536	130163	130275	130325	130766	
130647	130841	129973	130461	130047	
132573	132485	131722	132414	132342	
134227	134146	133444	134627	134376	
136078	135539	135264	136081	135769	
136312	136281	135041	135624	136305	
137153	137051	136325	137132	137041	
137407	137481	136990	137464	137271	
136993	136997	136115	136776	136502	
140369	141027	140627	141163	141075	
142553	143115	141847	142553	142393	
141868	141776	141234	142010	141966	
141871	141607	140129	141705	141631	
139773	139427	138576	139610	139858	
142329	142251	141627	142329	142108	
145369	145539	144492	145522	145244	
148295	148715	147671	148268	148292	
148319	148447	147129	147925	148441	
149973	150386	149298	150064	150197	
151068	150956	150573	151380	151000	
150786	151146	149936	150986	150692	
152129	152203	151647	152271	152366	
152437	152827	151417	152871	152451	
150790	150353	150244	150888	150308	
147780	147414	146776	147380	147407	
151695	151553	150397	151495	151803	
154556	154397	153512	154000	154275	
158827	158793	157986	158759	158759	
159376	159308	158549	159702	158929	
159353	160020	158363	159366	159671	
160051	159803	159010	160088	159793	
160763	160244	160027	161200	160556	
161454	161569	160441	161783	161610	
158007	158434	157464	158281	158020	
148861	149068	148247	149227	148969	
146769	147268	146068	147047	147010	
141461	141542	140573	142163	141173	
145529	145427	144508	145427	145207	
143271	142739	142190	143369	142986	
134749	135214	134105	134905	135749	
137569	137488	136725	137488	137508	
140227	140536	139217	140298	140292	
129624	129529	129102	129607	129614	
148631	148708	147790	148756	149088	
148322	148485	147732	149329	148336	
145461	145058	144532	145020	145451	
143031	143034	142268	142912	143078	
128010	128132	127705	128007	127875	
118288	118369	117681	118546	118322	
148007	148329	147481	148454	147864	
155292	154902	154478	155746	155275	
134546	134797	134251	135349	135014	
133837	133908	133139	133566	134047	
145803	145566	145237	146014	145929	
151546	151614	150725	151620	151698	
149108	149203	148295	148888	149431	
146546	146549	145729	146617	146247	
136146	136576	135366	136881	136549	
154020	154149	153688	154698	154417	
150586	150342	149841	150993	149983	
149976	149749	149502	150746	150264	
165844	166210	164959	166451	165614	
174315	174675	174132	174546	174915	
185369	185542	184902	185342	185668	
195359	195586	195014	195885	196369	
199966	199766	198251	200454	200071	
192905	192824	192498	194105	194071	
192458	193281	192112	193136	192942	
197881	197983	197868	198780	197749	
205132	204237	203302	205207	204173	
202373	202393	201641	202763	202668	
192708	192271	191092	192542	192349	
203380	203451	202258	204217	203251	
195614	196119	194966	196475	196492	
201129	201078	199573	201678	201492	
207820	208305	206966	208661	207939	
191288	191142	190098	191708	191342	
171441	171217	170102	171271	171258	
161573	161373	160749	161214	161325	
181468	182254	181237	181912	182234	
202878	202353	201620	203261	203105	
185736	185695	184732	186217	185837	
184895	184512	183614	185102	184546	
188244	188573	187969	189231	188417	
186136	185746	184454	185878	185569	
193973	194285	193092	194885	194264	
205417	206129	204742	205461	205054	
208912	209634	208431	210169	209505	
204980	204769	203753	204651	203773	
175275	175325	174376	175807	175193	
187166	187583	186780	187332	187031	
216695	217129	215834	217807	217180	
208176	208634	207725	209475	208681	
217092	217078	216346	217576	217119	
216647	216793	215112	216702	216234	
209698	209339	208651	210200	210000	
208844	208949	208197	209210	209458	
190814	190990	190298	191563	190925	
220186	220892	219712	221471	220705	
234651	235047	233397	235475	234776	
228725	228454	227034	229024	228346	
234481	234542	233986	235946	233949	
216122	216366	215736	217298	216898	
218420	218624	217210	219583	218759	
192383	192380	191193	192908	192559	
190397	190773	189800	191454	191054	
223173	223437	221827	223905	223156	
234353	235319	233749	235203	235393	
236681	236953	235603	237654	236281	
251949	251915	251105	252359	252163	
256447	256227	254736	257522	256597	
233607	233800	231698	233705	233163	
224193	225054	223529	224908	224217	
207424	207512	206312	207549	207024	
213366	213359	211993	213912	213244	
226719	226495	225498	228258	226983	
236593	237664	235864	238288	238044	
260736	261234	259522	261505	260444	
267281	266807	265620	267607	267227	
253824	254261	252942	254651	254380	
254302	253959	253108	254776	254447	
230637	230200	228800	231227	230447	
239193	239766	238200	240369	239136	
263668	264095	262644	263729	263569	
263092	262936	261736	264617	263475	
244498	245285	243054	244831	245268	
248251	248241	247237	248753	248390	
257420	257492	256881	258424	257776	
273397	273403	271692	273675	273112	
269990	270342	268386	270285	270437	
257953	258647	257024	258675	258231	
258695	259183	258159	259576	258793	
280119	280814	279176	280827	280139	
295237	295803	293854	296112	295539	
296495	297173	295976	297780	297505	
297224	297241	296125	298251	296556	
287732	287712	286112	288308	287254	
298231	298434	296993	299359	298763	
302631	303468	301454	303881	303308	
301078	302034	299556	302115	301529	
295108	295658	293956	296251	294790	
299641	299508	297122	300373	299169	
311536	311108	309671	311698	311098	
323539	323386	321054	323685	322929	
326271	326976	325064	327258	326746	
327295	327549	325664	328159	327627	
328542	328403	326641	329024	327841	
314898	315146	313820	315841	314546	
322627	322142	320681	322651	321980	
326037	326302	325129	326993	326061	
316986	317214	315658	317898	316369	
314773	315580	314447	316607	315088	
323400	323719	322373	324698	323986	
324919	325132	324061	326217	325088	
325288	325756	323844	326668	325753	
321600	322458	320261	323424	321292	
330424	330393	328942	331132	329939	
330400	331051	329400	332427	331017	
324837	325427	323675	326003	324583	
328353	327373	325495	328580	328085	
329769	329349	328041	330902	330014	
336142	336349	334288	336881	335492	
342214	342593	341410	343576	342085	
334546	334678	333376	336102	334417	
344115	344485	342393	345017	343858	
349746	350041	348478	350841	350153	
352302	353051	350461	353624	353000	
355705	355536	354597	357407	356051	
356034	356492	355258	357095	356227	
357671	358336	357322	359454	357505	
363142	363756	362081	364722	362919	
358125	357193	356132	358769	357966	
348990	349159	347098	350678	349807	
354064	354180	352014	355366	353831	
351471	351325	349027	352837	350997	
349254	350647	349298	351634	349454	
346451	346007	344475	346620	345288	
351278	350797	349956	352556	351183	
359237	358854	357031	360227	359288	
360254	361227	358624	362149	360661	
363942	364183	362868	365393	363976	
365356	365898	364037	366732	365549	
373058	372631	371661	375024	373508	
368793	370139	368627	371156	369559	
374068	374169	372969	375932	373576	
382922	382281	380973	383410	382559	
380214	381241	378766	381685	380729	
378800	378644	376997	379759	378902	
380925	380912	378556	382458	380664	
370580	370190	368698	372051	369902	
371166	370390	368766	372075	370407	
386420	385705	384214	387329	386546	
381617	381753	380071	382614	382108	
375546	375756	373702	376305	375525	
387369	387898	385719	389136	387546	
389875	390220	388146	391532	389942	
392983	392481	390464	393207	391949	
382685	383403	381569	383990	381817	
379000	379010	378169	380593	378719	
389827	388478	387729	390407	388837	
396844	396847	394522	398051	397166	
400502	401112	398834	401651	401285	
401675	402519	400803	403064	402475	
400885	401197	399464	402058	400563	
404454	405363	402868	406464	405129	
407573	407729	405688	409034	408092	
408180	408285	406827	409780	408424	
410681	411071	409244	412668	410956	
412034	413197	409908	413414	411122	
406020	406210	404095	407264	406502	
407502	408193	406902	409369	408054	
410346	410956	408620	412092	410359	
403102	403997	401559	403892	402627	
404305	405549	403041	405505	404685	
410929	411925	408258	412244	411159	
415797	416431	414261	418224	415956	
418885	419647	416847	420871	419539	
420993	421492	419383	422220	421437	
421847	422112	420725	422736	421871	
423820	422963	421386	424142	423261	
424749	424234	422488	426142	424576	
425125	425461	423325	426902	424797	
421658	422980	420041	423549	421237	
412281	411539	409725	413363	411488	
419047	419251	417369	421197	419580	
425702	426281	423603	427763	425769	
427708	427739	426285	428692	426949	
428803	429597	427468	431312	429112	
430047	430925	429102	432308	430790	
430515	430834	428898	432136	430702	
427847	427807	427068	429461	427929	
429831	429990	426800	431136	429173	
428671	429383	427363	430139	428597	
430017	431468	429278	431817	430383	
432634	433244	432217	434597	433122	
433092	433559	431759	434820	433919	
431597	431715	430719	433478	431647	
435729	435278	433000	437020	435098	
438539	438475	435447	438302	437380	
438614	438746	436092	440061	438186	
439841	439746	438634	441322	439610	
438831	438234	437366	440495	437854	
432403	432342	430746	433488	431912	
433776	434339	432658	435224	433312	
421068	420763	418163	421390	420356	
424997	424834	423715	426763	425566	
434878	435434	432925	436553	434478	
437664	437820	435736	438753	436610	
439942	440729	439217	442508	439769	
442851	442549	441251	445302	443180	
443075	443607	440153	444756	443244	
440254	441688	439508	442573	441532	
437634	438058	435637	438919	437349	
440502	441410	438217	442098	440495	
435373	436247	432993	438092	436508	
422410	422729	421851	423895	422661	
437322	437664	435458	438973	436905	
441125	440929	439854	443553	440912	
442861	443488	441397	445234	443163	
446159	446553	445329	448447	446736	
447902	449231	446942	450085	448180	
447732	447729	446875	450671	448912	
442369	442488	440244	443851	442031	
439936	440478	437342	441369	439786	
438397	439566	437536	440258	439085	
444959	444871	443993	446542	445980	
449183	448698	446190	449868	448292	
448654	447183	446268	449969	447797	
437973	438529	436580	440339	438681	
445875	445990	443776	448119	445234	
450817	451186	448888	453047	450444	
453156	454108	451963	455431	453725	
454664	455295	453431	457332	454966	
455634	455393	454064	457356	456414	
455024	454847	454051	457759	455878	
454980	455617	454247	456505	455366	
456292	456139	454403	457919	456112	
454400	455261	453610	456573	454773	
450359	450441	448925	451898	449997	
452254	452376	450607	453427	452468	
455722	456427	453590	458739	455634	
455695	456186	455149	458397	456532	
455881	456502	454769	457885	456359	
453044	454092	452336	455169	453617	
445308	445336	443912	446868	444820	
450702	451003	449688	452346	450980	
451451	451502	449305	453336	451424	
451468	451458	449573	453024	450922	
454468	454034	452508	456071	454475	
454597	455068	452681	456071	454854	
455790	455522	455654	457810	455356	
454319	454502	453546	456285	454698	
450580	451051	449047	452532	451098	
446058	446288	443854	447431	446197	
451776	453149	450956	454603	452478	
453495	453597	451136	455332	453502	
445729	446149	443986	447688	445786	
451203	452034	448753	453536	451729	
456088	456085	453746	456881	456271	
455946	456627	454376	457495	456471	
455756	456861	454315	457766	456414	
455719	455878	454431	456956	455227	
448854	449969	448207	451234	449597	
443580	444102	442637	445339	443993	
436464	435980	434224	437088	435942	
443505	443325	440763	444488	443671	
446007	446200	444902	448847	445441	
447437	447776	446512	450441	448434	
437732	437980	437224	440342	438478	
363254	362668	361698	365169	363166	
256383	256580	255685	256488	256169	
198495	198607	198590	199756	199719	
172654	172536	172142	173949	173207	
139037	139156	138227	139281	138993	
109702	110332	109624	110007	110129	
92305.1	91898.3	91633.9	92481.4	92332.2	
81176.3	81240.7	80427.1	81522	81267.8	
78216.9	78203.4	77637.3	78047.5	78166.1	
78237.3	78118.6	77857.6	78867.8	78074.6	
86542.4	86566.1	86491.5	87274.6	86671.2	
96237.3	96311.9	96166.1	96637.3	96437.3	
116424	116573	116007	116912	116929	
140732	140549	140485	141705	140847	
175247	175566	174458	176193	175946	
212675	212295	211834	213424	212807	
306939	306827	306264	307220	306783	
335102	335946	334302	335847	336010	
282861	283197	282308	284356	283414	
269546	269597	268373	269797	269414	
210359	210997	209973	211702	210949	
225149	225685	224305	226407	225736	
197925	197854	197590	198431	198027	
175654	176383	175085	176495	176044	
215746	215661	215129	217637	216217	
167661	168007	166617	168159	168078	
195251	195166	193983	196092	195173	
219292	219939	218692	220305	219715	
170278	170698	169678	171366	170692	
224932	225641	224288	226820	225515	
236278	236563	236068	237820	236553	
186864	186834	186380	187546	187403	
252481	252468	251180	253871	252895	
268668	267969	267020	269078	268647	
212020	211264	210688	212569	211810	
272166	272342	271386	272566	272329	
309268	309905	308383	310390	310376	
247624	247617	246549	248681	248146	
280346	279888	279756	281298	280254	
344237	345268	344312	346563	345475	
300858	301624	300380	303424	301824	
284264	284495	283268	285125	284610	
348475	349054	348098	350027	349203	
352369	352556	350305	352922	351685	
301153	300644	299464	302386	301112	
335180	335898	334031	337234	335278	
386908	387298	384973	388932	387542	
357020	356681	355376	358349	357261	
336061	335749	335349	337647	336746	
390254	389607	387512	390353	389251	
413139	414220	411302	413875	412966	
386475	386573	385912	387620	386875	
380190	380166	378681	381708	379563	
419308	419414	417556	421003	419715	
434464	435407	433173	436481	435295	
415237	415142	414264	417180	416322	
407753	407227	404986	408715	407556	
429251	429061	427492	430644	429834	
435542	435366	433773	437315	435539	
429471	429712	428949	432332	430532	
421553	422197	420353	424292	421902	
439098	439922	437051	441644	439264	
447163	447854	445298	448881	447024	
441153	442051	439837	442871	441786	
428007	427888	426580	429332	428739	
426753	427075	424363	429142	427200	
438400	437861	436498	439281	437664	
445475	446247	444312	448729	446556	
440705	441586	439820	443017	441271	
440759	440234	438824	441610	440112	
434031	434763	432736	435864	434688	
442346	442878	441142	444095	442871	
450231	450434	449508	453363	451366	
450888	451519	449319	452210	451969	
454563	454451	452281	455234	454817	
456956	457969	455997	459386	457932	
458332	458919	457488	460824	458244	
455580	454976	453736	457254	455912	
446061	446637	443763	447593	445973	
446631	447014	444156	447410	446112	
442800	443332	442159	444736	443424	
435861	436566	435166	437688	436658	
443166	443692	441661	445783	443122	
448563	448071	446573	450536	447993	
448542	448586	447149	450573	448115	
449573	450146	447898	451814	449193	
446492	446749	444390	448007	446986	
447308	445705	445610	448963	446773	
448675	449441	448214	451044	449464	
445936	446685	443766	447027	445658	
444390	445661	443014	446210	444207	
450756	450651	448515	452366	451325	
451444	452637	450759	453634	452600	
451824	451925	450851	453647	451868	
452661	453403	450668	454468	452685	
454712	456132	453349	456285	454678	
456041	456336	454478	458508	456312	
457631	457329	455258	458800	456912	
457508	457363	455827	459847	457444	
453092	453210	450841	454681	452658	
444719	444739	443614	447268	445163	
449681	450417	447892	451973	450468	
449658	451034	448254	452085	450058	
442759	443637	441251	444254	442515	
433732	433485	431634	435790	433478	
441044	441725	439844	443122	441614	
445705	446359	444875	447098	445847	
449064	450356	448512	451210	449508	
448753	449824	449020	452027	449908	
450298	450980	449539	453885	450844	
451546	451610	450624	453780	452610	
448925	449736	447142	450746	449603	
448210	449000	446898	450858	448956	
450119	451061	449322	452169	451275	
452390	452085	451119	454732	452664	
453200	453600	451841	455488	452641	
453854	455112	452837	456610	454912	
455217	455881	453542	457149	455166	
455532	455708	453685	458231	456695	
450661	452488	450105	453776	450759	
447020	446786	446034	449529	447231	
444719	445692	443461	447271	445047	
445322	445586	442936	446349	445146	
449536	450308	448336	451329	449736	
450963	451376	448668	452173	451868	
441912	441990	440522	443827	442254	
440275	440027	438153	440993	440051	
446708	447895	445641	449227	447759	
449125	449708	448292	451244	450946	
450471	450529	448803	452566	450800	
448041	448508	446193	449814	448536	
442034	441359	438793	442719	441139	
443685	445112	442492	445525	444088	
447410	447610	446678	449939	447603	
448081	448136	447675	450786	449064	
448803	448305	447664	450634	449027	
447766	447010	445176	448139	446729	
439895	439932	438963	441454	440397	
438458	438759	437234	440868	439332	
438532	439485	437786	440675	439854	
442820	444380	441668	445519	444203	
446858	446627	445508	448644	446722	
448288	448532	447180	450254	449047	
447180	448054	446478	450231	448834	
443034	444051	441871	445234	443146	
444275	445400	443932	446712	444983	
441542	441969	439495	444339	442336	
441919	442939	441169	445383	443132	
445576	445844	444590	447400	445590	
446783	447441	446034	449820	446885	
447610	448125	446322	450146	447471	
447495	448227	446098	449688	447458	
447285	447031	446142	448969	447766	
446325	446739	444647	448132	445569	
446329	446573	444302	447156	445888	
446271	446437	444546	447441	446542	
445498	446641	444915	447051	446200	
444597	445637	443322	445997	445868	
445058	445844	443671	446790	446407	
444712	445210	443905	447773	445553	
438420	438905	436973	441397	439159	
429837	430492	427549	430925	429780	
435220	435112	434169	437044	435251	
431305	432424	430078	434210	432214	
433888	433925	432732	436278	434820	
440200	439556	438214	441627	439807	
441576	442417	441264	444329	441566	
443610	443932	442481	445369	443783	
443732	443729	441668	445319	443888	
443119	443905	441817	444349	443817	
443556	443651	441631	446176	442668	
444173	443834	442583	445451	443753	
441308	443237	440437	444051	441644	
435980	436546	435173	438098	436956	
438336	439420	437007	440519	439722	
438688	439742	437603	441573	440139	
436814	436990	435512	438834	437847	
435447	435756	434369	437275	436031	
438092	438732	436431	440153	439146	
438858	439573	438014	440522	439478	
438536	438871	436447	440563	439122	
437580	437980	434976	439878	438224	
437383	437939	435373	437793	437051	
435176	435990	432966	436763	435007	
432353	433915	431244	434105	432705	
435986	435753	434468	437088	435858	
434156	434925	432736	436878	436027	
431881	431654	430492	433580	430664	
431847	432986	431576	434607	433183	
432441	431942	430651	434919	433234	
431020	431946	429878	432966	431563	
424027	424037	422759	424990	424342	
423444	424336	421586	425485	423383	
426068	426451	425319	427790	426264	
421220	421892	420810	423447	422356	
422224	422014	420529	423953	422027	
426037	426383	424478	427481	426349	
426634	427312	425051	428319	426939	
424064	423681	422088	425671	423729	
423519	424203	422312	425366	424231	
424542	425115	423278	427536	425190	
423614	423915	421786	424481	423888	
418515	419058	417729	421264	418817	
415688	416275	413359	417532	416536	
408929	409231	407651	410715	409536	
405593	405858	404525	407451	405224	
417719	417542	415898	419346	418146	
422583	422214	421197	423712	422488	
415363	416007	413969	415993	415719	
406444	407102	405075	408519	407332	
413763	413919	411908	414997	413844	
421003	422498	419922	423142	421441	
424722	425258	423434	425936	424871	
415936	416973	416119	418929	417759	
405898	407275	405522	408102	406692	
410088	411095	408993	412125	410563	
411759	412166	411214	413315	412773	
413810	414112	412281	415353	413919	
412505	412525	411400	413820	413302	
407054	406915	405790	408522	407359	
399576	400122	398417	401305	399878	
402000	402969	400583	403990	402675	
399417	400573	398905	402197	401041	
407614	407234	405898	409373	407651	
405563	405566	404803	407403	406037	
405553	406431	404902	408444	406502	
410156	411583	409647	412383	410688	
405946	405000	403227	406634	405953	
399508	400119	398607	401671	399766	
399569	400546	399336	401142	399580	
395617	396142	394458	396692	395356	
402220	403834	401732	404251	403207	
408241	409105	408386	411153	408902	
400420	400292	398939	402153	401576	
397478	398136	396447	400356	397824	
404607	404776	403136	405346	404786	
404159	404817	402895	405163	404715	
404071	403627	402180	406386	403488	
398400	398708	396875	400647	399488	
393837	394071	392807	395644	393858	
393590	394488	393688	395983	394627	
400532	401353	399356	402380	400058	
403671	404864	402427	406268	405054	
402003	402298	400671	403315	401390	
402692	403820	401715	406264	403580	
403105	403742	402115	405925	404556	
403814	405122	402939	406610	405559	
403949	404824	402973	406017	404475	
397417	397414	396454	399292	397739	
390963	391488	389251	392481	390251	
382719	384278	382407	385132	384247	
378929	379749	378166	381098	380088	
377763	378712	376546	379471	378539	
387251	387888	386102	389064	387078	
394369	394919	393071	396464	395397	
390671	391512	389936	393620	392319	
391573	392088	390573	393261	392000	
389532	390617	389064	392427	390105	
391919	392824	390647	393332	391895	
395031	396325	394498	396783	396258	
395325	395922	394251	396275	396163	
397122	397644	395708	399051	397088	
397841	398220	396285	399359	398692	
396488	396522	395946	398590	396410	
395532	395478	393637	397600	395407	
397542	398410	396644	399471	398366	
392722	394468	392776	395346	393451	
390512	390573	387932	391756	390207	
389800	390661	389003	392288	389715	
389810	390763	388569	392102	390698	
393861	393780	392007	395278	393719	
392132	391566	390014	393353	392312	
391617	391631	390458	392959	391783	
388797	390427	388458	391698	389681	
386539	387827	384986	387454	387776	
387905	388417	386353	389488	387973	
379159	379861	378376	381061	379719	
364325	365414	363956	366003	364929	
365780	365749	363807	367915	366831	
374183	374519	372688	376915	374905	
374315	375275	373414	377129	375098	
373664	375034	373519	376637	374644	
367732	368044	367200	369264	367237	
354173	354119	352895	355847	354637	
362437	363203	361186	364447	362400	
362651	363441	361393	363759	363814	
355637	355908	353800	355569	356064	
345051	345041	344220	347444	346081	
348183	349417	347885	350610	349020	
349244	350146	348983	351502	350071	
345966	346034	345481	348251	347278	
344583	344536	343654	346481	345512	
338481	338969	337376	340247	339264	
332769	333085	332149	334203	332892	
325461	326620	324186	327525	325797	
321397	322119	320258	322790	321651	
317573	317719	316627	318736	317868	
308620	308468	307020	309373	308607	
303942	304786	303539	306614	304868	
309203	309173	307841	309997	308614	
308369	308929	307861	309868	308651	
304183	305583	302732	306105	304712	
297414	297688	297237	299563	298319	
293942	293898	292437	295783	293583	
293759	293902	293085	295125	293502	
289980	290939	290075	292142	291000	
286515	287017	285159	287803	286475	
281522	281817	280420	282841	281844	
273603	273986	273420	276383	274288	
267800	268156	268017	269508	268525	
260759	261054	259949	261339	261105	
5681.36	5691.53	5684.75	5691.53	5688.14	
5647.46	5640.68	5644.07	5644.07	5630.51	
5630.51	5640.68	5633.9	5640.68	5633.9	
5627.12	5637.29	5630.51	5627.12	5623.73	
