3580.3	3586.72	3580.3	3586.72	3580.3	
3563.17	3556.75	3563.17	3556.75	3563.17	
3552.46	3552.46	3552.46	3552.46	3552.46	
3550.32	3539.61	3550.32	3539.61	3550.32	
3561.03	3565.31	3561.03	3565.31	3561.03	
3556.75	3561.03	3556.75	3561.03	3556.75	
3569.59	3561.03	3569.59	3561.03	3569.59	
3554.6	3563.17	3554.6	3563.17	3554.6	
3567.45	3567.45	3567.45	3567.45	3567.45	
3576.02	3580.3	3576.02	3580.3	3576.02	
3573.88	3563.17	3573.88	3563.17	3573.88	
3567.45	3573.88	3567.45	3573.88	3567.45	
3567.45	3565.31	3567.45	3565.31	3567.45	
3563.17	3571.73	3563.17	3571.73	3563.17	
3576.02	3569.59	3576.02	3569.59	3576.02	
3571.73	3565.31	3571.73	3565.31	3571.73	
3573.88	3565.31	3573.88	3565.31	3573.88	
3578.16	3580.3	3578.16	3580.3	3578.16	
3578.16	3576.02	3578.16	3576.02	3578.16	
3565.31	3576.02	3565.31	3576.02	3565.31	
3571.73	3571.73	3571.73	3571.73	3571.73	
3571.73	3576.02	3571.73	3576.02	3571.73	
3571.73	3576.02	3571.73	3576.02	3571.73	
3563.17	3571.73	3563.17	3571.73	3563.17	
3567.45	3567.45	3567.45	3567.45	3567.45	
3576.02	3576.02	3576.02	3576.02	3576.02	
3567.45	3573.88	3567.45	3573.88	3567.45	
3580.3	3569.59	3580.3	3569.59	3580.3	
3582.44	3571.73	3582.44	3571.73	3582.44	
3582.44	3569.59	3582.44	3569.59	3582.44	
3571.73	3571.73	3571.73	3571.73	3571.73	
3567.45	3571.73	3567.45	3571.73	3567.45	
3567.45	3573.88	3567.45	3573.88	3567.45	
3573.88	3576.02	3573.88	3576.02	3573.88	
3573.88	3582.44	3573.88	3582.44	3573.88	
3567.45	3567.45	3567.45	3567.45	3567.45	
3571.73	3573.88	3571.73	3573.88	3571.73	
3573.88	3569.59	3573.88	3569.59	3573.88	
3571.73	3584.58	3571.73	3584.58	3571.73	
3573.88	3567.45	3573.88	3567.45	3573.88	
3576.02	3571.73	3576.02	3571.73	3576.02	
3567.45	3565.31	3567.45	3565.31	3567.45	
3576.02	3573.88	3576.02	3573.88	3576.02	
3576.02	3580.3	3576.02	3580.3	3576.02	
3576.02	3573.88	3576.02	3573.88	3576.02	
3580.3	3573.88	3580.3	3573.88	3580.3	
3567.45	3576.02	3567.45	3576.02	3567.45	
3578.16	3565.31	3578.16	3565.31	3578.16	
3569.59	3565.31	3569.59	3565.31	3569.59	
3578.16	3576.02	3578.16	3576.02	3578.16	
3576.02	3571.73	3576.02	3571.73	3576.02	
3569.59	3576.02	3569.59	3576.02	3569.59	
3580.3	3571.73	3580.3	3571.73	3580.3	
3573.88	3565.31	3573.88	3565.31	3573.88	
3573.88	3578.16	3573.88	3578.16	3573.88	
3576.02	3567.45	3576.02	3567.45	3576.02	
3571.73	3576.02	3571.73	3576.02	3571.73	
3580.3	3573.88	3580.3	3573.88	3580.3	
3569.59	3576.02	3569.59	3576.02	3569.59	
3576.02	3569.59	3576.02	3569.59	3576.02	
3582.44	3582.44	3582.44	3582.44	3582.44	
3576.02	3571.73	3576.02	3571.73	3576.02	
3561.03	3576.02	3561.03	3576.02	3561.03	
3586.72	3571.73	3586.72	3571.73	3586.72	
3578.16	3576.02	3578.16	3576.02	3578.16	
3573.88	3576.02	3573.88	3576.02	3573.88	
3573.88	3576.02	3573.88	3576.02	3573.88	
3571.73	3569.59	3571.73	3569.59	3571.73	
3563.17	3571.73	3563.17	3571.73	3563.17	
3578.16	3571.73	3578.16	3571.73	3578.16	
3569.59	3578.16	3569.59	3578.16	3569.59	
3576.02	3576.02	3576.02	3576.02	3576.02	
3569.59	3578.16	3569.59	3578.16	3569.59	
3591.01	3576.02	3591.01	3576.02	3591.01	
3576.02	3576.02	3576.02	3576.02	3576.02	
3576.02	3573.88	3576.02	3573.88	3576.02	
3569.59	3573.88	3569.59	3573.88	3569.59	
3571.73	3580.3	3571.73	3580.3	3571.73	
3576.02	3578.16	3576.02	3578.16	3576.02	
3567.45	3571.73	3567.45	3571.73	3567.45	
3578.16	3569.59	3578.16	3569.59	3578.16	
3576.02	3571.73	3576.02	3571.73	3576.02	
3578.16	3576.02	3578.16	3576.02	3578.16	
3588.87	3586.72	3588.87	3586.72	3588.87	
3571.73	3580.3	3571.73	3580.3	3571.73	
3578.16	3567.45	3578.16	3567.45	3578.16	
3573.88	3582.44	3573.88	3582.44	3573.88	
3576.02	3573.88	3576.02	3573.88	3576.02	
3582.44	3576.02	3582.44	3576.02	3582.44	
3582.44	3580.3	3582.44	3580.3	3582.44	
3565.31	3565.31	3565.31	3565.31	3565.31	
3576.02	3582.44	3576.02	3582.44	3576.02	
3576.02	3573.88	3576.02	3573.88	3576.02	
3573.88	3565.31	3573.88	3565.31	3573.88	
3573.88	3580.3	3573.88	3580.3	3573.88	
3567.45	3580.3	3567.45	3580.3	3567.45	
3573.88	3578.16	3573.88	3578.16	3573.88	
3565.31	3578.16	3565.31	3578.16	3565.31	
3563.17	3571.73	3563.17	3571.73	3563.17	
3569.59	3573.88	3569.59	3573.88	3569.59	
3586.72	3573.88	3586.72	3573.88	3586.72	
3571.73	3571.73	3571.73	3571.73	3571.73	
3576.02	3576.02	3576.02	3576.02	3576.02	
3567.45	3578.16	3567.45	3578.16	3567.45	
3576.02	3582.44	3576.02	3582.44	3576.02	
3558.89	3569.59	3558.89	3569.59	3558.89	
3578.16	3573.88	3578.16	3573.88	3578.16	
3576.02	3576.02	3576.02	3576.02	3576.02	
3571.73	3573.88	3571.73	3573.88	3571.73	
3565.31	3563.17	3565.31	3563.17	3565.31	
3569.59	3580.3	3569.59	3580.3	3569.59	
3569.59	3573.88	3569.59	3573.88	3569.59	
3576.02	3576.02	3576.02	3576.02	3576.02	
3565.31	3571.73	3565.31	3571.73	3565.31	
3580.3	3576.02	3580.3	3576.02	3580.3	
3576.02	3571.73	3576.02	3571.73	3576.02	
3563.17	3573.88	3563.17	3573.88	3563.17	
3571.73	3578.16	3571.73	3578.16	3571.73	
3569.59	3573.88	3569.59	3573.88	3569.59	
3578.16	3584.58	3578.16	3584.58	3578.16	
3565.31	3567.45	3565.31	3567.45	3565.31	
3578.16	3578.16	3578.16	3578.16	3578.16	
3569.59	3571.73	3569.59	3571.73	3569.59	
3569.59	3573.88	3569.59	3573.88	3569.59	
3571.73	3573.88	3571.73	3573.88	3571.73	
3576.02	3576.02	3576.02	3576.02	3576.02	
3567.45	3569.59	3567.45	3569.59	3567.45	
3578.16	3578.16	3578.16	3578.16	3578.16	
3582.44	3573.88	3582.44	3573.88	3582.44	
3578.16	3582.44	3578.16	3582.44	3578.16	
3569.59	3571.73	3569.59	3571.73	3569.59	
3569.59	3573.88	3569.59	3573.88	3569.59	
3569.59	3582.44	3569.59	3582.44	3569.59	
3576.02	3582.44	3576.02	3582.44	3576.02	
3571.73	3578.16	3571.73	3578.16	3571.73	
3576.02	3578.16	3576.02	3578.16	3576.02	
3580.3	3569.59	3580.3	3569.59	3580.3	
3567.45	3567.45	3567.45	3567.45	3567.45	
3567.45	3569.59	3567.45	3569.59	3567.45	
3561.03	3565.31	3561.03	3565.31	3561.03	
3569.59	3578.16	3569.59	3578.16	3569.59	
3567.45	3567.45	3567.45	3567.45	3567.45	
3569.59	3569.59	3569.59	3569.59	3569.59	
3576.02	3573.88	3576.02	3573.88	3576.02	
3565.31	3578.16	3565.31	3578.16	3565.31	
3580.3	3573.88	3580.3	3573.88	3580.3	
3576.02	3569.59	3576.02	3569.59	3576.02	
3582.44	3576.02	3582.44	3576.02	3582.44	
3573.88	3571.73	3573.88	3571.73	3573.88	
3573.88	3569.59	3573.88	3569.59	3573.88	
3580.3	3565.31	3580.3	3565.31	3580.3	
3567.45	3578.16	3567.45	3578.16	3567.45	
3573.88	3582.44	3573.88	3582.44	3573.88	
3576.02	3582.44	3576.02	3582.44	3576.02	
3567.45	3576.02	3567.45	3576.02	3567.45	
3582.44	3580.3	3582.44	3580.3	3582.44	
3569.59	3569.59	3569.59	3569.59	3569.59	
3563.17	3569.59	3563.17	3569.59	3563.17	
3580.3	3571.73	3580.3	3571.73	3580.3	
3580.3	3576.02	3580.3	3576.02	3580.3	
3573.88	3576.02	3573.88	3576.02	3573.88	
3569.59	3558.89	3569.59	3558.89	3569.59	
3573.88	3576.02	3573.88	3576.02	3573.88	
3558.89	3576.02	3558.89	3576.02	3558.89	
3569.59	3578.16	3569.59	3578.16	3569.59	
3569.59	3576.02	3569.59	3576.02	3569.59	
3567.45	3561.03	3567.45	3561.03	3567.45	
3578.16	3571.73	3578.16	3571.73	3578.16	
3576.02	3565.31	3576.02	3565.31	3576.02	
3578.16	3571.73	3578.16	3571.73	3578.16	
3567.45	3580.3	3567.45	3580.3	3567.45	
3563.17	3578.16	3563.17	3578.16	3563.17	
3563.17	3567.45	3563.17	3567.45	3563.17	
3573.88	3573.88	3573.88	3573.88	3573.88	
3580.3	3571.73	3580.3	3571.73	3580.3	
3569.59	3569.59	3569.59	3569.59	3569.59	
3576.02	3565.31	3576.02	3565.31	3576.02	
3567.45	3569.59	3567.45	3569.59	3567.45	
3573.88	3567.45	3573.88	3567.45	3573.88	
3576.02	3573.88	3576.02	3573.88	3576.02	
3576.02	3567.45	3576.02	3567.45	3576.02	
3565.31	3580.3	3565.31	3580.3	3565.31	
3569.59	3569.59	3569.59	3569.59	3569.59	
3573.88	3573.88	3573.88	3573.88	3573.88	
3573.88	3571.73	3573.88	3571.73	3573.88	
3571.73	3573.88	3571.73	3573.88	3571.73	
3584.58	3580.3	3584.58	3580.3	3584.58	
3569.59	3571.73	3569.59	3571.73	3569.59	
3573.88	3565.31	3573.88	3565.31	3573.88	
3573.88	3571.73	3573.88	3571.73	3573.88	
3565.31	3569.59	3565.31	3569.59	3565.31	
3565.31	3571.73	3565.31	3571.73	3565.31	
3576.02	3565.31	3576.02	3565.31	3576.02	
3565.31	3567.45	3565.31	3567.45	3565.31	
3565.31	3569.59	3565.31	3569.59	3565.31	
3576.02	3580.3	3576.02	3580.3	3576.02	
3569.59	3567.45	3569.59	3567.45	3569.59	
3573.88	3573.88	3573.88	3573.88	3573.88	
3573.88	3571.73	3573.88	3571.73	3573.88	
3567.45	3569.59	3567.45	3569.59	3567.45	
3573.88	3578.16	3573.88	3578.16	3573.88	
3567.45	3567.45	3567.45	3567.45	3567.45	
3563.17	3567.45	3563.17	3567.45	3563.17	
3573.88	3580.3	3573.88	3580.3	3573.88	
3578.16	3586.72	3578.16	3586.72	3578.16	
3571.73	3567.45	3571.73	3567.45	3571.73	
3569.59	3571.73	3569.59	3571.73	3569.59	
3569.59	3567.45	3569.59	3567.45	3569.59	
3571.73	3561.03	3571.73	3561.03	3571.73	
3569.59	3578.16	3569.59	3578.16	3569.59	
3569.59	3573.88	3569.59	3573.88	3569.59	
3573.88	3569.59	3573.88	3569.59	3573.88	
3569.59	3571.73	3569.59	3571.73	3569.59	
3569.59	3576.02	3569.59	3576.02	3569.59	
3567.45	3573.88	3567.45	3573.88	3567.45	
3558.89	3573.88	3558.89	3573.88	3558.89	
3565.31	3576.02	3565.31	3576.02	3565.31	
3573.88	3576.02	3573.88	3576.02	3573.88	
3576.02	3573.88	3576.02	3573.88	3576.02	
3563.17	3569.59	3563.17	3569.59	3563.17	
3578.16	3578.16	3578.16	3578.16	3578.16	
3569.59	3578.16	3569.59	3578.16	3569.59	
3569.59	3576.02	3569.59	3576.02	3569.59	
3576.02	3576.02	3576.02	3576.02	3576.02	
3571.73	3578.16	3571.73	3578.16	3571.73	
3567.45	3571.73	3567.45	3571.73	3567.45	
3571.73	3580.3	3571.73	3580.3	3571.73	
3571.73	3582.44	3571.73	3582.44	3571.73	
3573.88	3563.17	3573.88	3563.17	3573.88	
3563.17	3580.3	3563.17	3580.3	3563.17	
3580.3	3573.88	3580.3	3573.88	3580.3	
3569.59	3571.73	3569.59	3571.73	3569.59	
3576.02	3576.02	3576.02	3576.02	3576.02	
3580.3	3567.45	3580.3	3567.45	3580.3	
3578.16	3576.02	3578.16	3576.02	3578.16	
3565.31	3567.45	3565.31	3567.45	3565.31	
3571.73	3569.59	3571.73	3569.59	3571.73	
3578.16	3569.59	3578.16	3569.59	3578.16	
3573.88	3573.88	3573.88	3573.88	3573.88	
3571.73	3565.31	3571.73	3565.31	3571.73	
3565.31	3565.31	3565.31	3565.31	3565.31	
3571.73	3573.88	3571.73	3573.88	3571.73	
3565.31	3567.45	3565.31	3567.45	3565.31	
3576.02	3584.58	3576.02	3584.58	3576.02	
3571.73	3580.3	3571.73	3580.3	3571.73	
3571.73	3578.16	3571.73	3578.16	3571.73	
3578.16	3567.45	3578.16	3567.45	3578.16	
3567.45	3571.73	3567.45	3571.73	3567.45	
3571.73	3569.59	3571.73	3569.59	3571.73	
3561.03	3578.16	3561.03	3578.16	3561.03	
3567.45	3569.59	3567.45	3569.59	3567.45	
3578.16	3573.88	3578.16	3573.88	3578.16	
3578.16	3571.73	3578.16	3571.73	3578.16	
3571.73	3576.02	3571.73	3576.02	3571.73	
3576.02	3571.73	3576.02	3571.73	3576.02	
3573.88	3571.73	3573.88	3571.73	3573.88	
3565.31	3584.58	3565.31	3584.58	3565.31	
3576.02	3569.59	3576.02	3569.59	3576.02	
3567.45	3578.16	3567.45	3578.16	3567.45	
3558.89	3569.59	3558.89	3569.59	3558.89	
3569.59	3571.73	3569.59	3571.73	3569.59	
3565.31	3573.88	3565.31	3573.88	3565.31	
3573.88	3571.73	3573.88	3571.73	3573.88	
3580.3	3565.31	3580.3	3565.31	3580.3	
3569.59	3563.17	3569.59	3563.17	3569.59	
3573.88	3567.45	3573.88	3567.45	3573.88	
3578.16	3578.16	3578.16	3578.16	3578.16	
3580.3	3567.45	3580.3	3567.45	3580.3	
3563.17	3567.45	3563.17	3567.45	3563.17	
3569.59	3569.59	3569.59	3569.59	3569.59	
3567.45	3567.45	3567.45	3567.45	3567.45	
3565.31	3567.45	3565.31	3567.45	3565.31	
3576.02	3567.45	3576.02	3567.45	3576.02	
3571.73	3569.59	3571.73	3569.59	3571.73	
3578.16	3576.02	3578.16	3576.02	3578.16	
3571.73	3569.59	3571.73	3569.59	3571.73	
3580.3	3558.89	3580.3	3558.89	3580.3	
3563.17	3578.16	3563.17	3578.16	3563.17	
3580.3	3576.02	3580.3	3576.02	3580.3	
3576.02	3576.02	3576.02	3576.02	3576.02	
3569.59	3571.73	3569.59	3571.73	3569.59	
3571.73	3578.16	3571.73	3578.16	3571.73	
3565.31	3567.45	3565.31	3567.45	3565.31	
3565.31	3580.3	3565.31	3580.3	3565.31	
3573.88	3573.88	3573.88	3573.88	3573.88	
3576.02	3567.45	3576.02	3567.45	3576.02	
3571.73	3573.88	3571.73	3573.88	3571.73	
3571.73	3573.88	3571.73	3573.88	3571.73	
3580.3	3576.02	3580.3	3576.02	3580.3	
3565.31	3569.59	3565.31	3569.59	3565.31	
3569.59	3565.31	3569.59	3565.31	3569.59	
3573.88	3571.73	3573.88	3571.73	3573.88	
3576.02	3561.03	3576.02	3561.03	3576.02	
3578.16	3565.31	3578.16	3565.31	3578.16	
3576.02	3571.73	3576.02	3571.73	3576.02	
3569.59	3565.31	3569.59	3565.31	3569.59	
3569.59	3578.16	3569.59	3578.16	3569.59	
3563.17	3578.16	3563.17	3578.16	3563.17	
3571.73	3573.88	3571.73	3573.88	3571.73	
3573.88	3569.59	3573.88	3569.59	3573.88	
3571.73	3569.59	3571.73	3569.59	3571.73	
3580.3	3558.89	3580.3	3558.89	3580.3	
3571.73	3565.31	3571.73	3565.31	3571.73	
3569.59	3569.59	3569.59	3569.59	3569.59	
3569.59	3573.88	3569.59	3573.88	3569.59	
3569.59	3576.02	3569.59	3576.02	3569.59	
3567.45	3567.45	3567.45	3567.45	3567.45	
3571.73	3573.88	3571.73	3573.88	3571.73	
3573.88	3565.31	3573.88	3565.31	3573.88	
3567.45	3571.73	3567.45	3571.73	3567.45	
3569.59	3584.58	3569.59	3584.58	3569.59	
3573.88	3567.45	3573.88	3567.45	3573.88	
3576.02	3573.88	3576.02	3573.88	3576.02	
3584.58	3582.44	3584.58	3582.44	3584.58	
3558.89	3571.73	3558.89	3571.73	3558.89	
3576.02	3580.3	3576.02	3580.3	3576.02	
3576.02	3576.02	3576.02	3576.02	3576.02	
3569.59	3569.59	3569.59	3569.59	3569.59	
3565.31	3573.88	3565.31	3573.88	3565.31	
3571.73	3573.88	3571.73	3573.88	3571.73	
3569.59	3576.02	3569.59	3576.02	3569.59	
3571.73	3567.45	3571.73	3567.45	3571.73	
3582.44	3571.73	3582.44	3571.73	3582.44	
3582.44	3582.44	3582.44	3582.44	3582.44	
3565.31	3576.02	3565.31	3576.02	3565.31	
3584.58	3576.02	3584.58	3576.02	3584.58	
3563.17	3567.45	3563.17	3567.45	3563.17	
3573.88	3569.59	3573.88	3569.59	3573.88	
3569.59	3571.73	3569.59	3571.73	3569.59	
3565.31	3567.45	3565.31	3567.45	3565.31	
3569.59	3569.59	3569.59	3569.59	3569.59	
3567.45	3573.88	3567.45	3573.88	3567.45	
3571.73	3571.73	3571.73	3571.73	3571.73	
3573.88	3561.03	3573.88	3561.03	3573.88	
3571.73	3578.16	3571.73	3578.16	3571.73	
3569.59	3576.02	3569.59	3576.02	3569.59	
3569.59	3576.02	3569.59	3576.02	3569.59	
3571.73	3573.88	3571.73	3573.88	3571.73	
3565.31	3571.73	3565.31	3571.73	3565.31	
3573.88	3569.59	3573.88	3569.59	3573.88	
3569.59	3571.73	3569.59	3571.73	3569.59	
3567.45	3578.16	3567.45	3578.16	3567.45	
3565.31	3569.59	3565.31	3569.59	3565.31	
3569.59	3573.88	3569.59	3573.88	3569.59	
3567.45	3569.59	3567.45	3569.59	3567.45	
3569.59	3569.59	3569.59	3569.59	3569.59	
3561.03	3573.88	3561.03	3573.88	3561.03	
3563.17	3576.02	3563.17	3576.02	3563.17	
3567.45	3573.88	3567.45	3573.88	3567.45	
3576.02	3571.73	3576.02	3571.73	3576.02	
3580.3	3561.03	3580.3	3561.03	3580.3	
3569.59	3578.16	3569.59	3578.16	3569.59	
3569.59	3573.88	3569.59	3573.88	3569.59	
3576.02	3578.16	3576.02	3578.16	3576.02	
3569.59	3567.45	3569.59	3567.45	3569.59	
3569.59	3578.16	3569.59	3578.16	3569.59	
3573.88	3567.45	3573.88	3567.45	3573.88	
3576.02	3565.31	3576.02	3565.31	3576.02	
3571.73	3569.59	3571.73	3569.59	3571.73	
3573.88	3567.45	3573.88	3567.45	3573.88	
3576.02	3569.59	3576.02	3569.59	3576.02	
3571.73	3571.73	3571.73	3571.73	3571.73	
3563.17	3571.73	3563.17	3571.73	3563.17	
3569.59	3576.02	3569.59	3576.02	3569.59	
3569.59	3567.45	3569.59	3567.45	3569.59	
3571.73	3576.02	3571.73	3576.02	3571.73	
3578.16	3563.17	3578.16	3563.17	3578.16	
3576.02	3578.16	3576.02	3578.16	3576.02	
3580.3	3571.73	3580.3	3571.73	3580.3	
3576.02	3569.59	3576.02	3569.59	3576.02	
3571.73	3578.16	3571.73	3578.16	3571.73	
3565.31	3571.73	3565.31	3571.73	3565.31	
3573.88	3571.73	3573.88	3571.73	3573.88	
3573.88	3573.88	3573.88	3573.88	3573.88	
3565.31	3569.59	3565.31	3569.59	3565.31	
3571.73	3580.3	3571.73	3580.3	3571.73	
3571.73	3569.59	3571.73	3569.59	3571.73	
3576.02	3586.72	3576.02	3586.72	3576.02	
3567.45	3565.31	3567.45	3565.31	3567.45	
3573.88	3569.59	3573.88	3569.59	3573.88	
3573.88	3578.16	3573.88	3578.16	3573.88	
3571.73	3578.16	3571.73	3578.16	3571.73	
3558.89	3582.44	3558.89	3582.44	3558.89	
3569.59	3567.45	3569.59	3567.45	3569.59	
3573.88	3561.03	3573.88	3561.03	3573.88	
3573.88	3573.88	3573.88	3573.88	3573.88	
3569.59	3567.45	3569.59	3567.45	3569.59	
3571.73	3569.59	3571.73	3569.59	3571.73	
3561.03	3582.44	3561.03	3582.44	3561.03	
3571.73	3573.88	3571.73	3573.88	3571.73	
3563.17	3573.88	3563.17	3573.88	3563.17	
3582.44	3571.73	3582.44	3571.73	3582.44	
3571.73	3569.59	3571.73	3569.59	3571.73	
3571.73	3567.45	3571.73	3567.45	3571.73	
3569.59	3578.16	3569.59	3578.16	3569.59	
3569.59	3573.88	3569.59	3573.88	3569.59	
3580.3	3584.58	3580.3	3584.58	3580.3	
3569.59	3586.72	3569.59	3586.72	3569.59	
3573.88	3582.44	3573.88	3582.44	3573.88	
3588.87	3582.44	3588.87	3582.44	3588.87	
3573.88	3565.31	3573.88	3565.31	3573.88	
3565.31	3576.02	3565.31	3576.02	3565.31	
3578.16	3573.88	3578.16	3573.88	3578.16	
3573.88	3573.88	3573.88	3573.88	3573.88	
3578.16	3573.88	3578.16	3573.88	3578.16	
3563.17	3573.88	3563.17	3573.88	3563.17	
3573.88	3569.59	3573.88	3569.59	3573.88	
3571.73	3573.88	3571.73	3573.88	3571.73	
3571.73	3573.88	3571.73	3573.88	3571.73	
3573.88	3573.88	3573.88	3573.88	3573.88	
3567.45	3584.58	3567.45	3584.58	3567.45	
3569.59	3576.02	3569.59	3576.02	3569.59	
3571.73	3576.02	3571.73	3576.02	3571.73	
3565.31	3578.16	3565.31	3578.16	3565.31	
3578.16	3576.02	3578.16	3576.02	3578.16	
3578.16	3573.88	3578.16	3573.88	3578.16	
3563.17	3569.59	3563.17	3569.59	3563.17	
3565.31	3578.16	3565.31	3578.16	3565.31	
3573.88	3561.03	3573.88	3561.03	3573.88	
3578.16	3573.88	3578.16	3573.88	3578.16	
3567.45	3569.59	3567.45	3569.59	3567.45	
3580.3	3578.16	3580.3	3578.16	3580.3	
3573.88	3573.88	3573.88	3573.88	3573.88	
3578.16	3586.72	3578.16	3586.72	3578.16	
3569.59	3571.73	3569.59	3571.73	3569.59	
3573.88	3578.16	3573.88	3578.16	3573.88	
3571.73	3569.59	3571.73	3569.59	3571.73	
3573.88	3569.59	3573.88	3569.59	3573.88	
3569.59	3573.88	3569.59	3573.88	3569.59	
3573.88	3576.02	3573.88	3576.02	3573.88	
3571.73	3573.88	3571.73	3573.88	3571.73	
3565.31	3580.3	3565.31	3580.3	3565.31	
3569.59	3571.73	3569.59	3571.73	3569.59	
3569.59	3567.45	3569.59	3567.45	3569.59	
3573.88	3578.16	3573.88	3578.16	3573.88	
3565.31	3569.59	3565.31	3569.59	3565.31	
3567.45	3569.59	3567.45	3569.59	3567.45	
3573.88	3563.17	3573.88	3563.17	3573.88	
3576.02	3573.88	3576.02	3573.88	3576.02	
3573.88	3573.88	3573.88	3573.88	3573.88	
3569.59	3573.88	3569.59	3573.88	3569.59	
3576.02	3582.44	3576.02	3582.44	3576.02	
3567.45	3569.59	3567.45	3569.59	3567.45	
3567.45	3573.88	3567.45	3573.88	3567.45	
3569.59	3567.45	3569.59	3567.45	3569.59	
3571.73	3571.73	3571.73	3571.73	3571.73	
3578.16	3563.17	3578.16	3563.17	3578.16	
3561.03	3571.73	3561.03	3571.73	3561.03	
3571.73	3573.88	3571.73	3573.88	3571.73	
3567.45	3563.17	3567.45	3563.17	3567.45	
3571.73	3569.59	3571.73	3569.59	3571.73	
3580.3	3567.45	3580.3	3567.45	3580.3	
3567.45	3580.3	3567.45	3580.3	3567.45	
3563.17	3573.88	3563.17	3573.88	3563.17	
3561.03	3573.88	3561.03	3573.88	3561.03	
3567.45	3563.17	3567.45	3563.17	3567.45	
3578.16	3580.3	3578.16	3580.3	3578.16	
3573.88	3573.88	3573.88	3573.88	3573.88	
3565.31	3565.31	3565.31	3565.31	3565.31	
3571.73	3569.59	3571.73	3569.59	3571.73	
3573.88	3565.31	3573.88	3565.31	3573.88	
3567.45	3569.59	3567.45	3569.59	3567.45	
3578.16	3576.02	3578.16	3576.02	3578.16	
3582.44	3576.02	3582.44	3576.02	3582.44	
3576.02	3576.02	3576.02	3576.02	3576.02	
3567.45	3567.45	3567.45	3567.45	3567.45	
3571.73	3563.17	3571.73	3563.17	3571.73	
3565.31	3576.02	3565.31	3576.02	3565.31	
3569.59	3576.02	3569.59	3576.02	3569.59	
3580.3	3578.16	3580.3	3578.16	3580.3	
3569.59	3567.45	3569.59	3567.45	3569.59	
3571.73	3571.73	3571.73	3571.73	3571.73	
3573.88	3573.88	3573.88	3573.88	3573.88	
3569.59	3571.73	3569.59	3571.73	3569.59	
3576.02	3569.59	3576.02	3569.59	3576.02	
3563.17	3571.73	3563.17	3571.73	3563.17	
3580.3	3571.73	3580.3	3571.73	3580.3	
3573.88	3571.73	3573.88	3571.73	3573.88	
3567.45	3573.88	3567.45	3573.88	3567.45	
3565.31	3569.59	3565.31	3569.59	3565.31	
3567.45	3567.45	3567.45	3567.45	3567.45	
3571.73	3569.59	3571.73	3569.59	3571.73	
3573.88	3573.88	3573.88	3573.88	3573.88	
3571.73	3573.88	3571.73	3573.88	3571.73	
3573.88	3565.31	3573.88	3565.31	3573.88	
3569.59	3567.45	3569.59	3567.45	3569.59	
3569.59	3573.88	3569.59	3573.88	3569.59	
3569.59	3571.73	3569.59	3571.73	3569.59	
3567.45	3573.88	3567.45	3573.88	3567.45	
3578.16	3573.88	3578.16	3573.88	3578.16	
3565.31	3565.31	3565.31	3565.31	3565.31	
3580.3	3582.44	3580.3	3582.44	3580.3	
3571.73	3576.02	3571.73	3576.02	3571.73	
3571.73	3569.59	3571.73	3569.59	3571.73	
3567.45	3558.89	3567.45	3558.89	3567.45	
3571.73	3573.88	3571.73	3573.88	3571.73	
3569.59	3569.59	3569.59	3569.59	3569.59	
3569.59	3569.59	3569.59	3569.59	3569.59	
3565.31	3569.59	3565.31	3569.59	3565.31	
3567.45	3569.59	3567.45	3569.59	3567.45	
3576.02	3571.73	3576.02	3571.73	3576.02	
3573.88	3571.73	3573.88	3571.73	3573.88	
3565.31	3565.31	3565.31	3565.31	3565.31	
3567.45	3573.88	3567.45	3573.88	3567.45	
3567.45	3567.45	3567.45	3567.45	3567.45	
3578.16	3567.45	3578.16	3567.45	3578.16	
3569.59	3576.02	3569.59	3576.02	3569.59	
3576.02	3569.59	3576.02	3569.59	3576.02	
3584.58	3578.16	3584.58	3578.16	3584.58	
3578.16	3573.88	3578.16	3573.88	3578.16	
3571.73	3576.02	3571.73	3576.02	3571.73	
3569.59	3569.59	3569.59	3569.59	3569.59	
3578.16	3573.88	3578.16	3573.88	3578.16	
3578.16	3567.45	3578.16	3567.45	3578.16	
3567.45	3567.45	3567.45	3567.45	3567.45	
3563.17	3578.16	3563.17	3578.16	3563.17	
3571.73	3573.88	3571.73	3573.88	3571.73	
3565.31	3571.73	3565.31	3571.73	3565.31	
3569.59	3573.88	3569.59	3573.88	3569.59	
3567.45	3571.73	3567.45	3571.73	3567.45	
3567.45	3569.59	3567.45	3569.59	3567.45	
3571.73	3561.03	3571.73	3561.03	3571.73	
3569.59	3567.45	3569.59	3567.45	3569.59	
3571.73	3580.3	3571.73	3580.3	3571.73	
3569.59	3569.59	3569.59	3569.59	3569.59	
3567.45	3578.16	3567.45	3578.16	3567.45	
3563.17	3576.02	3563.17	3576.02	3563.17	
3571.73	3573.88	3571.73	3573.88	3571.73	
3573.88	3578.16	3573.88	3578.16	3573.88	
3571.73	3578.16	3571.73	3578.16	3571.73	
3569.59	3573.88	3569.59	3573.88	3569.59	
3576.02	3576.02	3576.02	3576.02	3576.02	
3571.73	3567.45	3571.73	3567.45	3571.73	
3573.88	3565.31	3573.88	3565.31	3573.88	
3571.73	3567.45	3571.73	3567.45	3571.73	
3578.16	3578.16	3578.16	3578.16	3578.16	
3578.16	3576.02	3578.16	3576.02	3578.16	
3571.73	3567.45	3571.73	3567.45	3571.73	
3573.88	3573.88	3573.88	3573.88	3573.88	
3563.17	3578.16	3563.17	3578.16	3563.17	
3569.59	3582.44	3569.59	3582.44	3569.59	
3565.31	3582.44	3565.31	3582.44	3565.31	
3569.59	3571.73	3569.59	3571.73	3569.59	
3571.73	3578.16	3571.73	3578.16	3571.73	
3569.59	3569.59	3569.59	3569.59	3569.59	
3571.73	3563.17	3571.73	3563.17	3571.73	
3580.3	3573.88	3580.3	3573.88	3580.3	
3571.73	3567.45	3571.73	3567.45	3571.73	
3573.88	3576.02	3573.88	3576.02	3573.88	
3569.59	3569.59	3569.59	3569.59	3569.59	
3571.73	3576.02	3571.73	3576.02	3571.73	
3561.03	3563.17	3561.03	3563.17	3561.03	
3567.45	3567.45	3567.45	3567.45	3567.45	
3565.31	3576.02	3565.31	3576.02	3565.31	
3576.02	3580.3	3576.02	3580.3	3576.02	
3565.31	3571.73	3565.31	3571.73	3565.31	
3569.59	3567.45	3569.59	3567.45	3569.59	
3573.88	3573.88	3573.88	3573.88	3573.88	
3565.31	3569.59	3565.31	3569.59	3565.31	
3578.16	3567.45	3578.16	3567.45	3578.16	
3567.45	3582.44	3567.45	3582.44	3567.45	
3576.02	3571.73	3576.02	3571.73	3576.02	
3576.02	3567.45	3576.02	3567.45	3576.02	
3569.59	3569.59	3569.59	3569.59	3569.59	
3567.45	3567.45	3567.45	3567.45	3567.45	
3573.88	3563.17	3573.88	3563.17	3573.88	
3567.45	3578.16	3567.45	3578.16	3567.45	
3569.59	3565.31	3569.59	3565.31	3569.59	
3576.02	3578.16	3576.02	3578.16	3576.02	
3580.3	3576.02	3580.3	3576.02	3580.3	
3573.88	3567.45	3573.88	3567.45	3573.88	
3567.45	3563.17	3567.45	3563.17	3567.45	
3569.59	3567.45	3569.59	3567.45	3569.59	
3569.59	3573.88	3569.59	3573.88	3569.59	
3569.59	3571.73	3569.59	3571.73	3569.59	
3578.16	3569.59	3578.16	3569.59	3578.16	
3576.02	3576.02	3576.02	3576.02	3576.02	
3576.02	3569.59	3576.02	3569.59	3576.02	
3565.31	3576.02	3565.31	3576.02	3565.31	
3573.88	3567.45	3573.88	3567.45	3573.88	
3569.59	3582.44	3569.59	3582.44	3569.59	
3567.45	3565.31	3567.45	3565.31	3567.45	
3573.88	3563.17	3573.88	3563.17	3573.88	
3567.45	3571.73	3567.45	3571.73	3567.45	
3578.16	3567.45	3578.16	3567.45	3578.16	
3567.45	3576.02	3567.45	3576.02	3567.45	
3565.31	3571.73	3565.31	3571.73	3565.31	
3569.59	3563.17	3569.59	3563.17	3569.59	
3569.59	3563.17	3569.59	3563.17	3569.59	
3567.45	3573.88	3567.45	3573.88	3567.45	
3569.59	3567.45	3569.59	3567.45	3569.59	
3567.45	3569.59	3567.45	3569.59	3567.45	
3569.59	3567.45	3569.59	3567.45	3569.59	
3569.59	3561.03	3569.59	3561.03	3569.59	
3565.31	3561.03	3565.31	3561.03	3565.31	
3580.3	3569.59	3580.3	3569.59	3580.3	
3576.02	3573.88	3576.02	3573.88	3576.02	
3563.17	3576.02	3563.17	3576.02	3563.17	
3580.3	3586.72	3580.3	3586.72	3580.3	
3569.59	3578.16	3569.59	3578.16	3569.59	
3569.59	3571.73	3569.59	3571.73	3569.59	
3569.59	3567.45	3569.59	3567.45	3569.59	
3563.17	3573.88	3563.17	3573.88	3563.17	
3567.45	3567.45	3567.45	3567.45	3567.45	
3565.31	3569.59	3565.31	3569.59	3565.31	
3569.59	3571.73	3569.59	3571.73	3569.59	
3565.31	3571.73	3565.31	3571.73	3565.31	
3567.45	3573.88	3567.45	3573.88	3567.45	
3565.31	3569.59	3565.31	3569.59	3565.31	
3571.73	3571.73	3571.73	3571.73	3571.73	
3571.73	3561.03	3571.73	3561.03	3571.73	
3573.88	3573.88	3573.88	3573.88	3573.88	
3565.31	3578.16	3565.31	3578.16	3565.31	
3565.31	3576.02	3565.31	3576.02	3565.31	
3578.16	3576.02	3578.16	3576.02	3578.16	
3576.02	3569.59	3576.02	3569.59	3576.02	
3567.45	3573.88	3567.45	3573.88	3567.45	
3567.45	3567.45	3567.45	3567.45	3567.45	
3558.89	3569.59	3558.89	3569.59	3558.89	
3563.17	3573.88	3563.17	3573.88	3563.17	
3569.59	3578.16	3569.59	3578.16	3569.59	
3569.59	3569.59	3569.59	3569.59	3569.59	
3578.16	3571.73	3578.16	3571.73	3578.16	
3569.59	3565.31	3569.59	3565.31	3569.59	
3586.72	3569.59	3586.72	3569.59	3586.72	
3571.73	3563.17	3571.73	3563.17	3571.73	
3561.03	3571.73	3561.03	3571.73	3561.03	
3569.59	3580.3	3569.59	3580.3	3569.59	
3563.17	3563.17	3563.17	3563.17	3563.17	
3565.31	3571.73	3565.31	3571.73	3565.31	
3563.17	3571.73	3563.17	3571.73	3563.17	
3567.45	3576.02	3567.45	3576.02	3567.45	
3567.45	3569.59	3567.45	3569.59	3567.45	
3567.45	3571.73	3567.45	3571.73	3567.45	
3567.45	3571.73	3567.45	3571.73	3567.45	
3565.31	3571.73	3565.31	3571.73	3565.31	
3565.31	3569.59	3565.31	3569.59	3565.31	
3571.73	3567.45	3571.73	3567.45	3571.73	
3571.73	3563.17	3571.73	3563.17	3571.73	
3565.31	3573.88	3565.31	3573.88	3565.31	
3567.45	3573.88	3567.45	3573.88	3567.45	
3567.45	3563.17	3567.45	3563.17	3567.45	
3571.73	3580.3	3571.73	3580.3	3571.73	
3558.89	3576.02	3558.89	3576.02	3558.89	
3569.59	3567.45	3569.59	3567.45	3569.59	
3573.88	3571.73	3573.88	3571.73	3573.88	
3565.31	3561.03	3565.31	3561.03	3565.31	
3567.45	3567.45	3567.45	3567.45	3567.45	
3567.45	3571.73	3567.45	3571.73	3567.45	
3565.31	3571.73	3565.31	3571.73	3565.31	
3567.45	3580.3	3567.45	3580.3	3567.45	
3563.17	3573.88	3563.17	3573.88	3563.17	
3578.16	3571.73	3578.16	3571.73	3578.16	
3565.31	3569.59	3565.31	3569.59	3565.31	
3565.31	3567.45	3565.31	3567.45	3565.31	
3561.03	3578.16	3561.03	3578.16	3561.03	
3567.45	3569.59	3567.45	3569.59	3567.45	
3578.16	3569.59	3578.16	3569.59	3578.16	
3561.03	3567.45	3561.03	3567.45	3561.03	
3565.31	3567.45	3565.31	3567.45	3565.31	
3567.45	3569.59	3567.45	3569.59	3567.45	
3569.59	3571.73	3569.59	3571.73	3569.59	
3571.73	3569.59	3571.73	3569.59	3571.73	
3571.73	3567.45	3571.73	3567.45	3571.73	
3567.45	3576.02	3567.45	3576.02	3567.45	
3569.59	3563.17	3569.59	3563.17	3569.59	
3571.73	3567.45	3571.73	3567.45	3571.73	
3569.59	3576.02	3569.59	3576.02	3569.59	
3571.73	3580.3	3571.73	3580.3	3571.73	
3571.73	3573.88	3571.73	3573.88	3571.73	
3571.73	3567.45	3571.73	3567.45	3571.73	
3565.31	3563.17	3565.31	3563.17	3565.31	
3567.45	3571.73	3567.45	3571.73	3567.45	
3571.73	3569.59	3571.73	3569.59	3571.73	
3576.02	3554.6	3576.02	3554.6	3576.02	
3561.03	3569.59	3561.03	3569.59	3561.03	
3556.75	3578.16	3556.75	3578.16	3556.75	
3567.45	3571.73	3567.45	3571.73	3567.45	
3571.73	3565.31	3571.73	3565.31	3571.73	
3565.31	3576.02	3565.31	3576.02	3565.31	
3571.73	3573.88	3571.73	3573.88	3571.73	
3578.16	3569.59	3578.16	3569.59	3578.16	
3567.45	3561.03	3567.45	3561.03	3567.45	
3571.73	3571.73	3571.73	3571.73	3571.73	
3571.73	3569.59	3571.73	3569.59	3571.73	
3578.16	3563.17	3578.16	3563.17	3578.16	
3561.03	3580.3	3561.03	3580.3	3561.03	
3563.17	3573.88	3563.17	3573.88	3563.17	
3571.73	3571.73	3571.73	3571.73	3571.73	
3561.03	3567.45	3561.03	3567.45	3561.03	
3563.17	3573.88	3563.17	3573.88	3563.17	
3576.02	3569.59	3576.02	3569.59	3576.02	
3569.59	3563.17	3569.59	3563.17	3569.59	
3565.31	3565.31	3565.31	3565.31	3565.31	
3573.88	3565.31	3573.88	3565.31	3573.88	
3558.89	3563.17	3558.89	3563.17	3558.89	
3576.02	3571.73	3576.02	3571.73	3576.02	
3567.45	3569.59	3567.45	3569.59	3567.45	
3569.59	3573.88	3569.59	3573.88	3569.59	
3558.89	3569.59	3558.89	3569.59	3558.89	
3565.31	3569.59	3565.31	3569.59	3565.31	
3593.15	3601.71	3593.15	3601.71	3593.15	
3565.31	3567.45	3565.31	3567.45	3565.31	
3556.75	3563.17	3556.75	3563.17	3556.75	
3563.17	3565.31	3563.17	3565.31	3563.17	
3556.75	3565.31	3556.75	3565.31	3556.75	
3558.89	3569.59	3558.89	3569.59	3558.89	
3571.73	3569.59	3571.73	3569.59	3571.73	
3573.88	3563.17	3573.88	3563.17	3573.88	
3569.59	3573.88	3569.59	3573.88	3569.59	
3565.31	3573.88	3565.31	3573.88	3565.31	
3567.45	3569.59	3567.45	3569.59	3567.45	
3567.45	3567.45	3567.45	3567.45	3567.45	
3565.31	3576.02	3565.31	3576.02	3565.31	
3578.16	3573.88	3578.16	3573.88	3578.16	
3567.45	3565.31	3567.45	3565.31	3567.45	
3569.59	3561.03	3569.59	3561.03	3569.59	
3571.73	3573.88	3571.73	3573.88	3571.73	
3571.73	3563.17	3571.73	3563.17	3571.73	
3571.73	3571.73	3571.73	3571.73	3571.73	
3576.02	3573.88	3576.02	3573.88	3576.02	
3573.88	3578.16	3573.88	3578.16	3573.88	
3567.45	3571.73	3567.45	3571.73	3567.45	
3573.88	3563.17	3573.88	3563.17	3573.88	
3573.88	3573.88	3573.88	3573.88	3573.88	
3578.16	3573.88	3578.16	3573.88	3578.16	
3567.45	3576.02	3567.45	3576.02	3567.45	
3565.31	3573.88	3565.31	3573.88	3565.31	
3563.17	3573.88	3563.17	3573.88	3563.17	
3569.59	3561.03	3569.59	3561.03	3569.59	
3563.17	3571.73	3563.17	3571.73	3563.17	
3571.73	3578.16	3571.73	3578.16	3571.73	
3571.73	3576.02	3571.73	3576.02	3571.73	
3578.16	3573.88	3578.16	3573.88	3578.16	
3567.45	3567.45	3567.45	3567.45	3567.45	
3569.59	3576.02	3569.59	3576.02	3569.59	
3571.73	3573.88	3571.73	3573.88	3571.73	
3561.03	3567.45	3561.03	3567.45	3561.03	
3565.31	3569.59	3565.31	3569.59	3565.31	
3582.44	3563.17	3582.44	3563.17	3582.44	
3552.46	3567.45	3552.46	3567.45	3552.46	
3569.59	3558.89	3569.59	3558.89	3569.59	
3569.59	3571.73	3569.59	3571.73	3569.59	
3569.59	3573.88	3569.59	3573.88	3569.59	
3569.59	3571.73	3569.59	3571.73	3569.59	
3569.59	3573.88	3569.59	3573.88	3569.59	
3563.17	3567.45	3563.17	3567.45	3563.17	
3569.59	3561.03	3569.59	3561.03	3569.59	
3569.59	3569.59	3569.59	3569.59	3569.59	
3565.31	3565.31	3565.31	3565.31	3565.31	
3612.42	3616.7	3612.42	3616.7	3612.42	
3567.45	3569.59	3567.45	3569.59	3567.45	
3578.16	3565.31	3578.16	3565.31	3578.16	
3576.02	3580.3	3576.02	3580.3	3576.02	
3561.03	3567.45	3561.03	3567.45	3561.03	
3569.59	3565.31	3569.59	3565.31	3569.59	
3569.59	3569.59	3569.59	3569.59	3569.59	
3569.59	3565.31	3569.59	3565.31	3569.59	
3565.31	3569.59	3565.31	3569.59	3565.31	
3569.59	3567.45	3569.59	3567.45	3569.59	
3571.73	3565.31	3571.73	3565.31	3571.73	
3582.44	3565.31	3582.44	3565.31	3582.44	
3571.73	3573.88	3571.73	3573.88	3571.73	
3571.73	3571.73	3571.73	3571.73	3571.73	
3569.59	3580.3	3569.59	3580.3	3569.59	
3576.02	3578.16	3576.02	3578.16	3576.02	
3565.31	3569.59	3565.31	3569.59	3565.31	
3563.17	3565.31	3563.17	3565.31	3563.17	
3571.73	3573.88	3571.73	3573.88	3571.73	
3567.45	3569.59	3567.45	3569.59	3567.45	
3573.88	3576.02	3573.88	3576.02	3573.88	
3554.6	3563.17	3554.6	3563.17	3554.6	
3563.17	3565.31	3563.17	3565.31	3563.17	
3571.73	3571.73	3571.73	3571.73	3571.73	
3565.31	3565.31	3565.31	3565.31	3565.31	
3567.45	3573.88	3567.45	3573.88	3567.45	
3580.3	3558.89	3580.3	3558.89	3580.3	
3580.3	3567.45	3580.3	3567.45	3580.3	
3567.45	3573.88	3567.45	3573.88	3567.45	
3561.03	3573.88	3561.03	3573.88	3561.03	
3561.03	3573.88	3561.03	3573.88	3561.03	
3571.73	3576.02	3571.73	3576.02	3571.73	
3565.31	3580.3	3565.31	3580.3	3565.31	
3561.03	3569.59	3561.03	3569.59	3561.03	
3576.02	3578.16	3576.02	3578.16	3576.02	
3578.16	3571.73	3578.16	3571.73	3578.16	
3576.02	3578.16	3576.02	3578.16	3576.02	
3558.89	3567.45	3558.89	3567.45	3558.89	
3567.45	3569.59	3567.45	3569.59	3567.45	
3565.31	3576.02	3565.31	3576.02	3565.31	
3573.88	3567.45	3573.88	3567.45	3573.88	
3578.16	3569.59	3578.16	3569.59	3578.16	
3571.73	3576.02	3571.73	3576.02	3571.73	
3565.31	3571.73	3565.31	3571.73	3565.31	
3571.73	3573.88	3571.73	3573.88	3571.73	
3571.73	3571.73	3571.73	3571.73	3571.73	
3563.17	3582.44	3563.17	3582.44	3563.17	
3565.31	3565.31	3565.31	3565.31	3565.31	
3567.45	3567.45	3567.45	3567.45	3567.45	
3569.59	3556.75	3569.59	3556.75	3569.59	
3573.88	3569.59	3573.88	3569.59	3573.88	
3567.45	3558.89	3567.45	3558.89	3567.45	
3563.17	3576.02	3563.17	3576.02	3563.17	
3576.02	3571.73	3576.02	3571.73	3576.02	
3567.45	3567.45	3567.45	3567.45	3567.45	
3573.88	3578.16	3573.88	3578.16	3573.88	
3576.02	3571.73	3576.02	3571.73	3576.02	
3567.45	3561.03	3567.45	3561.03	3567.45	
3558.89	3571.73	3558.89	3571.73	3558.89	
3569.59	3571.73	3569.59	3571.73	3569.59	
3561.03	3561.03	3561.03	3561.03	3561.03	
3567.45	3569.59	3567.45	3569.59	3567.45	
3567.45	3569.59	3567.45	3569.59	3567.45	
3580.3	3571.73	3580.3	3571.73	3580.3	
3576.02	3569.59	3576.02	3569.59	3576.02	
3569.59	3563.17	3569.59	3563.17	3569.59	
3576.02	3576.02	3576.02	3576.02	3576.02	
3573.88	3565.31	3573.88	3565.31	3573.88	
3571.73	3567.45	3571.73	3567.45	3571.73	
3565.31	3567.45	3565.31	3567.45	3565.31	
3567.45	3558.89	3567.45	3558.89	3567.45	
3573.88	3571.73	3573.88	3571.73	3573.88	
3573.88	3573.88	3573.88	3573.88	3573.88	
3576.02	3573.88	3576.02	3573.88	3576.02	
3567.45	3563.17	3567.45	3563.17	3567.45	
3569.59	3571.73	3569.59	3571.73	3569.59	
3567.45	3578.16	3567.45	3578.16	3567.45	
3569.59	3571.73	3569.59	3571.73	3569.59	
3565.31	3580.3	3565.31	3580.3	3565.31	
3576.02	3567.45	3576.02	3567.45	3576.02	
3573.88	3567.45	3573.88	3567.45	3573.88	
3573.88	3571.73	3573.88	3571.73	3573.88	
3567.45	3567.45	3567.45	3567.45	3567.45	
3576.02	3578.16	3576.02	3578.16	3576.02	
3563.17	3569.59	3563.17	3569.59	3563.17	
3569.59	3569.59	3569.59	3569.59	3569.59	
3563.17	3565.31	3563.17	3565.31	3563.17	
3567.45	3569.59	3567.45	3569.59	3567.45	
3580.3	3563.17	3580.3	3563.17	3580.3	
3571.73	3571.73	3571.73	3571.73	3571.73	
3573.88	3571.73	3573.88	3571.73	3573.88	
3565.31	3569.59	3565.31	3569.59	3565.31	
3561.03	3563.17	3561.03	3563.17	3561.03	
3563.17	3561.03	3563.17	3561.03	3563.17	
3565.31	3571.73	3565.31	3571.73	3565.31	
3569.59	3573.88	3569.59	3573.88	3569.59	
3567.45	3569.59	3567.45	3569.59	3567.45	
3567.45	3567.45	3567.45	3567.45	3567.45	
3565.31	3571.73	3565.31	3571.73	3565.31	
3569.59	3569.59	3569.59	3569.59	3569.59	
3567.45	3567.45	3567.45	3567.45	3567.45	
3573.88	3569.59	3573.88	3569.59	3573.88	
3569.59	3573.88	3569.59	3573.88	3569.59	
3567.45	3573.88	3567.45	3573.88	3567.45	
3580.3	3571.73	3580.3	3571.73	3580.3	
3567.45	3567.45	3567.45	3567.45	3567.45	
3563.17	3571.73	3563.17	3571.73	3563.17	
3571.73	3563.17	3571.73	3563.17	3571.73	
3565.31	3558.89	3565.31	3558.89	3565.31	
3563.17	3569.59	3563.17	3569.59	3563.17	
3569.59	3567.45	3569.59	3567.45	3569.59	
3563.17	3565.31	3563.17	3565.31	3563.17	
3561.03	3561.03	3561.03	3561.03	3561.03	
3565.31	3573.88	3565.31	3573.88	3565.31	
3563.17	3565.31	3563.17	3565.31	3563.17	
3571.73	3573.88	3571.73	3573.88	3571.73	
3569.59	3571.73	3569.59	3571.73	3569.59	
3576.02	3569.59	3576.02	3569.59	3576.02	
3565.31	3571.73	3565.31	3571.73	3565.31	
3563.17	3561.03	3563.17	3561.03	3563.17	
3563.17	3565.31	3563.17	3565.31	3563.17	
3571.73	3573.88	3571.73	3573.88	3571.73	
3565.31	3567.45	3565.31	3567.45	3565.31	
3578.16	3582.44	3578.16	3582.44	3578.16	
3582.44	3563.17	3582.44	3563.17	3582.44	
3556.75	3571.73	3556.75	3571.73	3556.75	
3573.88	3571.73	3573.88	3571.73	3573.88	
3567.45	3561.03	3567.45	3561.03	3567.45	
3569.59	3563.17	3569.59	3563.17	3569.59	
3565.31	3569.59	3565.31	3569.59	3565.31	
3569.59	3567.45	3569.59	3567.45	3569.59	
3558.89	3567.45	3558.89	3567.45	3558.89	
3565.31	3573.88	3565.31	3573.88	3565.31	
3573.88	3576.02	3573.88	3576.02	3573.88	
3573.88	3571.73	3573.88	3571.73	3573.88	
3571.73	3567.45	3571.73	3567.45	3571.73	
3565.31	3573.88	3565.31	3573.88	3565.31	
3573.88	3571.73	3573.88	3571.73	3573.88	
3576.02	3569.59	3576.02	3569.59	3576.02	
3567.45	3571.73	3567.45	3571.73	3567.45	
3565.31	3565.31	3565.31	3565.31	3565.31	
3571.73	3576.02	3571.73	3576.02	3571.73	
3569.59	3569.59	3569.59	3569.59	3569.59	
3569.59	3569.59	3569.59	3569.59	3569.59	
3573.88	3571.73	3573.88	3571.73	3573.88	
3567.45	3565.31	3567.45	3565.31	3567.45	
3561.03	3561.03	3561.03	3561.03	3561.03	
3567.45	3565.31	3567.45	3565.31	3567.45	
3565.31	3571.73	3565.31	3571.73	3565.31	
3569.59	3573.88	3569.59	3573.88	3569.59	
3565.31	3567.45	3565.31	3567.45	3565.31	
3563.17	3576.02	3563.17	3576.02	3563.17	
3561.03	3565.31	3561.03	3565.31	3561.03	
3569.59	3569.59	3569.59	3569.59	3569.59	
3565.31	3571.73	3565.31	3571.73	3565.31	
3554.6	3571.73	3554.6	3571.73	3554.6	
3576.02	3576.02	3576.02	3576.02	3576.02	
3576.02	3571.73	3576.02	3571.73	3576.02	
3567.45	3573.88	3567.45	3573.88	3567.45	
3561.03	3563.17	3561.03	3563.17	3561.03	
3567.45	3573.88	3567.45	3573.88	3567.45	
3569.59	3578.16	3569.59	3578.16	3569.59	
3563.17	3567.45	3563.17	3567.45	3563.17	
3578.16	3569.59	3578.16	3569.59	3578.16	
3567.45	3567.45	3567.45	3567.45	3567.45	
3573.88	3580.3	3573.88	3580.3	3573.88	
3571.73	3569.59	3571.73	3569.59	3571.73	
3567.45	3565.31	3567.45	3565.31	3567.45	
3576.02	3565.31	3576.02	3565.31	3576.02	
3569.59	3567.45	3569.59	3567.45	3569.59	
3565.31	3567.45	3565.31	3567.45	3565.31	
3567.45	3567.45	3567.45	3567.45	3567.45	
3567.45	3580.3	3567.45	3580.3	3567.45	
3565.31	3571.73	3565.31	3571.73	3565.31	
3567.45	3565.31	3567.45	3565.31	3567.45	
3561.03	3571.73	3561.03	3571.73	3561.03	
3569.59	3565.31	3569.59	3565.31	3569.59	
3561.03	3563.17	3561.03	3563.17	3561.03	
3561.03	3556.75	3561.03	3556.75	3561.03	
3580.3	3556.75	3580.3	3556.75	3580.3	
3573.88	3576.02	3573.88	3576.02	3573.88	
3573.88	3567.45	3573.88	3567.45	3573.88	
3567.45	3561.03	3567.45	3561.03	3567.45	
3563.17	3567.45	3563.17	3567.45	3563.17	
3569.59	3569.59	3569.59	3569.59	3569.59	
3565.31	3567.45	3565.31	3567.45	3565.31	
3565.31	3573.88	3565.31	3573.88	3565.31	
3571.73	3567.45	3571.73	3567.45	3571.73	
3563.17	3565.31	3563.17	3565.31	3563.17	
3578.16	3567.45	3578.16	3567.45	3578.16	
3567.45	3558.89	3567.45	3558.89	3567.45	
3558.89	3563.17	3558.89	3563.17	3558.89	
3565.31	3565.31	3565.31	3565.31	3565.31	
3576.02	3561.03	3576.02	3561.03	3576.02	
3558.89	3569.59	3558.89	3569.59	3558.89	
3556.75	3563.17	3556.75	3563.17	3556.75	
3565.31	3571.73	3565.31	3571.73	3565.31	
3571.73	3567.45	3571.73	3567.45	3571.73	
3569.59	3576.02	3569.59	3576.02	3569.59	
3556.75	3573.88	3556.75	3573.88	3556.75	
3567.45	3567.45	3567.45	3567.45	3567.45	
3571.73	3567.45	3571.73	3567.45	3571.73	
3567.45	3569.59	3567.45	3569.59	3567.45	
3561.03	3561.03	3561.03	3561.03	3561.03	
3573.88	3561.03	3573.88	3561.03	3573.88	
3561.03	3571.73	3561.03	3571.73	3561.03	
3567.45	3561.03	3567.45	3561.03	3567.45	
3571.73	3576.02	3571.73	3576.02	3571.73	
3563.17	3569.59	3563.17	3569.59	3563.17	
3576.02	3573.88	3576.02	3573.88	3576.02	
3573.88	3565.31	3573.88	3565.31	3573.88	
3565.31	3569.59	3565.31	3569.59	3565.31	
3578.16	3565.31	3578.16	3565.31	3578.16	
3569.59	3567.45	3569.59	3567.45	3569.59	
3558.89	3567.45	3558.89	3567.45	3558.89	
3569.59	3567.45	3569.59	3567.45	3569.59	
3565.31	3571.73	3565.31	3571.73	3565.31	
3561.03	3569.59	3561.03	3569.59	3561.03	
3573.88	3563.17	3573.88	3563.17	3573.88	
3578.16	3571.73	3578.16	3571.73	3578.16	
3565.31	3571.73	3565.31	3571.73	3565.31	
3556.75	3567.45	3556.75	3567.45	3556.75	
3565.31	3569.59	3565.31	3569.59	3565.31	
3567.45	3569.59	3567.45	3569.59	3567.45	
3571.73	3571.73	3571.73	3571.73	3571.73	
3576.02	3563.17	3576.02	3563.17	3576.02	
3565.31	3563.17	3565.31	3563.17	3565.31	
3571.73	3567.45	3571.73	3567.45	3571.73	
3567.45	3573.88	3567.45	3573.88	3567.45	
3563.17	3563.17	3563.17	3563.17	3563.17	
3571.73	3576.02	3571.73	3576.02	3571.73	
3567.45	3569.59	3567.45	3569.59	3567.45	
3580.3	3576.02	3580.3	3576.02	3580.3	
3576.02	3573.88	3576.02	3573.88	3576.02	
3576.02	3571.73	3576.02	3571.73	3576.02	
3569.59	3569.59	3569.59	3569.59	3569.59	
3571.73	3571.73	3571.73	3571.73	3571.73	
3571.73	3567.45	3571.73	3567.45	3571.73	
3571.73	3573.88	3571.73	3573.88	3571.73	
3569.59	3576.02	3569.59	3576.02	3569.59	
3569.59	3573.88	3569.59	3573.88	3569.59	
3565.31	3561.03	3565.31	3561.03	3565.31	
3569.59	3569.59	3569.59	3569.59	3569.59	
3573.88	3567.45	3573.88	3567.45	3573.88	
3567.45	3578.16	3567.45	3578.16	3567.45	
3565.31	3569.59	3565.31	3569.59	3565.31	
3569.59	3567.45	3569.59	3567.45	3569.59	
3573.88	3569.59	3573.88	3569.59	3573.88	
3573.88	3567.45	3573.88	3567.45	3573.88	
3573.88	3573.88	3573.88	3573.88	3573.88	
3571.73	3569.59	3571.73	3569.59	3571.73	
3563.17	3567.45	3563.17	3567.45	3563.17	
3569.59	3571.73	3569.59	3571.73	3569.59	
3569.59	3567.45	3569.59	3567.45	3569.59	
3569.59	3561.03	3569.59	3561.03	3569.59	
3571.73	3563.17	3571.73	3563.17	3571.73	
3567.45	3578.16	3567.45	3578.16	3567.45	
3569.59	3569.59	3569.59	3569.59	3569.59	
3567.45	3569.59	3567.45	3569.59	3567.45	
3580.3	3556.75	3580.3	3556.75	3580.3	
3561.03	3556.75	3561.03	3556.75	3561.03	
3567.45	3569.59	3567.45	3569.59	3567.45	
3573.88	3576.02	3573.88	3576.02	3573.88	
3565.31	3573.88	3565.31	3573.88	3565.31	
3567.45	3554.6	3567.45	3554.6	3567.45	
3571.73	3578.16	3571.73	3578.16	3571.73	
3571.73	3571.73	3571.73	3571.73	3571.73	
3567.45	3569.59	3567.45	3569.59	3567.45	
3571.73	3561.03	3571.73	3561.03	3571.73	
3606	3606	3606	3606	3606	
3567.45	3565.31	3567.45	3565.31	3567.45	
3558.89	3576.02	3558.89	3576.02	3558.89	
3565.31	3567.45	3565.31	3567.45	3565.31	
3563.17	3576.02	3563.17	3576.02	3563.17	
3561.03	3567.45	3561.03	3567.45	3561.03	
3573.88	3558.89	3573.88	3558.89	3573.88	
3567.45	3569.59	3567.45	3569.59	3567.45	
3565.31	3569.59	3565.31	3569.59	3565.31	
3573.88	3563.17	3573.88	3563.17	3573.88	
3558.89	3565.31	3558.89	3565.31	3558.89	
3565.31	3565.31	3565.31	3565.31	3565.31	
3563.17	3567.45	3563.17	3567.45	3563.17	
3565.31	3571.73	3565.31	3571.73	3565.31	
3565.31	3571.73	3565.31	3571.73	3565.31	
3569.59	3569.59	3569.59	3569.59	3569.59	
3571.73	3571.73	3571.73	3571.73	3571.73	
3565.31	3569.59	3565.31	3569.59	3565.31	
3569.59	3573.88	3569.59	3573.88	3569.59	
3569.59	3567.45	3569.59	3567.45	3569.59	
3563.17	3565.31	3563.17	3565.31	3563.17	
3543.9	3550.32	3543.9	3550.32	3543.9	
3548.18	3548.18	3548.18	3548.18	3548.18	
3552.46	3546.04	3552.46	3546.04	3552.46	
3550.32	3548.18	3550.32	3548.18	3550.32	
