3883.99	3893.27	3883.99	3893.27	3883.99	
3853.83	3858.47	3853.83	3858.47	3853.83	
3846.87	3853.83	3846.87	3853.83	3846.87	
3846.87	3849.19	3846.87	3849.19	3846.87	
3856.15	3874.71	3856.15	3874.71	3856.15	
3858.47	3860.79	3858.47	3860.79	3858.47	
3851.51	3860.79	3851.51	3860.79	3851.51	
3860.79	3865.43	3860.79	3865.43	3860.79	
3867.75	3865.43	3867.75	3865.43	3867.75	
3874.71	3867.75	3874.71	3867.75	3874.71	
3867.75	3872.39	3867.75	3872.39	3867.75	
3867.75	3870.07	3867.75	3870.07	3867.75	
3860.79	3867.75	3860.79	3867.75	3860.79	
3865.43	3867.75	3865.43	3867.75	3865.43	
3867.75	3863.11	3867.75	3863.11	3867.75	
3867.75	3865.43	3867.75	3865.43	3867.75	
3853.83	3863.11	3853.83	3863.11	3853.83	
3879.35	3872.39	3879.35	3872.39	3879.35	
3877.03	3877.03	3877.03	3877.03	3877.03	
3867.75	3870.07	3867.75	3870.07	3867.75	
3863.11	3872.39	3863.11	3872.39	3863.11	
3874.71	3867.75	3874.71	3867.75	3874.71	
3858.47	3863.11	3858.47	3863.11	3858.47	
3870.07	3865.43	3870.07	3865.43	3870.07	
3872.39	3870.07	3872.39	3870.07	3872.39	
3881.67	3858.47	3881.67	3858.47	3881.67	
3867.75	3870.07	3867.75	3870.07	3867.75	
3874.71	3870.07	3874.71	3870.07	3874.71	
3879.35	3879.35	3879.35	3879.35	3879.35	
3872.39	3879.35	3872.39	3879.35	3872.39	
3865.43	3874.71	3865.43	3874.71	3865.43	
3870.07	3872.39	3870.07	3872.39	3870.07	
3870.07	3865.43	3870.07	3865.43	3870.07	
3865.43	3870.07	3865.43	3870.07	3865.43	
3872.39	3877.03	3872.39	3877.03	3872.39	
3872.39	3879.35	3872.39	3879.35	3872.39	
3870.07	3870.07	3870.07	3870.07	3870.07	
3867.75	3865.43	3867.75	3865.43	3867.75	
3867.75	3874.71	3867.75	3874.71	3867.75	
3874.71	3881.67	3874.71	3881.67	3874.71	
3865.43	3872.39	3865.43	3872.39	3865.43	
3870.07	3872.39	3870.07	3872.39	3870.07	
3870.07	3872.39	3870.07	3872.39	3870.07	
3863.11	3870.07	3863.11	3870.07	3863.11	
3879.35	3874.71	3879.35	3874.71	3879.35	
3874.71	3874.71	3874.71	3874.71	3874.71	
3863.11	3865.43	3863.11	3865.43	3863.11	
3865.43	3865.43	3865.43	3865.43	3865.43	
3865.43	3870.07	3865.43	3870.07	3865.43	
3872.39	3877.03	3872.39	3877.03	3872.39	
3874.71	3877.03	3874.71	3877.03	3874.71	
3874.71	3883.99	3874.71	3883.99	3874.71	
3870.07	3867.75	3870.07	3867.75	3870.07	
3870.07	3879.35	3870.07	3879.35	3870.07	
3870.07	3870.07	3870.07	3870.07	3870.07	
3872.39	3877.03	3872.39	3877.03	3872.39	
3872.39	3879.35	3872.39	3879.35	3872.39	
3872.39	3881.67	3872.39	3881.67	3872.39	
3863.11	3865.43	3863.11	3865.43	3863.11	
3870.07	3870.07	3870.07	3870.07	3870.07	
3865.43	3883.99	3865.43	3883.99	3865.43	
3879.35	3867.75	3879.35	3867.75	3879.35	
3874.71	3867.75	3874.71	3867.75	3874.71	
3872.39	3874.71	3872.39	3874.71	3872.39	
3872.39	3870.07	3872.39	3870.07	3872.39	
3867.75	3865.43	3867.75	3865.43	3867.75	
3867.75	3877.03	3867.75	3877.03	3867.75	
3870.07	3881.67	3870.07	3881.67	3870.07	
3867.75	3867.75	3867.75	3867.75	3867.75	
3877.03	3863.11	3877.03	3863.11	3877.03	
3870.07	3877.03	3870.07	3877.03	3870.07	
3881.67	3877.03	3881.67	3877.03	3881.67	
3879.35	3865.43	3879.35	3865.43	3879.35	
3872.39	3870.07	3872.39	3870.07	3872.39	
3872.39	3858.47	3872.39	3858.47	3872.39	
3872.39	3879.35	3872.39	3879.35	3872.39	
3870.07	3860.79	3870.07	3860.79	3870.07	
3874.71	3870.07	3874.71	3870.07	3874.71	
3874.71	3888.63	3874.71	3888.63	3874.71	
3870.07	3881.67	3870.07	3881.67	3870.07	
3877.03	3877.03	3877.03	3877.03	3877.03	
3874.71	3870.07	3874.71	3870.07	3874.71	
3865.43	3879.35	3865.43	3879.35	3865.43	
3879.35	3881.67	3879.35	3881.67	3879.35	
3860.79	3874.71	3860.79	3874.71	3860.79	
3872.39	3874.71	3872.39	3874.71	3872.39	
3867.75	3860.79	3867.75	3860.79	3867.75	
3867.75	3881.67	3867.75	3881.67	3867.75	
3874.71	3870.07	3874.71	3870.07	3874.71	
3867.75	3877.03	3867.75	3877.03	3867.75	
3867.75	3872.39	3867.75	3872.39	3867.75	
3870.07	3877.03	3870.07	3877.03	3870.07	
3867.75	3877.03	3867.75	3877.03	3867.75	
3856.15	3870.07	3856.15	3870.07	3856.15	
3874.71	3881.67	3874.71	3881.67	3874.71	
3877.03	3874.71	3877.03	3874.71	3877.03	
3867.75	3867.75	3867.75	3867.75	3867.75	
3867.75	3881.67	3867.75	3881.67	3867.75	
3870.07	3860.79	3870.07	3860.79	3870.07	
3863.11	3877.03	3863.11	3877.03	3863.11	
3867.75	3867.75	3867.75	3867.75	3867.75	
3879.35	3865.43	3879.35	3865.43	3879.35	
3867.75	3874.71	3867.75	3874.71	3867.75	
3870.07	3867.75	3870.07	3867.75	3870.07	
3877.03	3879.35	3877.03	3879.35	3877.03	
3877.03	3874.71	3877.03	3874.71	3877.03	
3860.79	3867.75	3860.79	3867.75	3860.79	
3867.75	3872.39	3867.75	3872.39	3867.75	
3867.75	3877.03	3867.75	3877.03	3867.75	
3874.71	3872.39	3874.71	3872.39	3874.71	
3867.75	3879.35	3867.75	3879.35	3867.75	
3863.11	3870.07	3863.11	3870.07	3863.11	
3865.43	3863.11	3865.43	3863.11	3865.43	
3874.71	3856.15	3874.71	3856.15	3874.71	
3872.39	3877.03	3872.39	3877.03	3872.39	
3870.07	3872.39	3870.07	3872.39	3870.07	
3856.15	3874.71	3856.15	3874.71	3856.15	
3870.07	3872.39	3870.07	3872.39	3870.07	
3867.75	3872.39	3867.75	3872.39	3867.75	
3860.79	3872.39	3860.79	3872.39	3860.79	
3867.75	3870.07	3867.75	3870.07	3867.75	
3870.07	3874.71	3870.07	3874.71	3870.07	
3877.03	3867.75	3877.03	3867.75	3877.03	
3879.35	3872.39	3879.35	3872.39	3879.35	
3874.71	3872.39	3874.71	3872.39	3874.71	
3872.39	3877.03	3872.39	3877.03	3872.39	
3856.15	3870.07	3856.15	3870.07	3856.15	
3867.75	3863.11	3867.75	3863.11	3867.75	
3860.79	3867.75	3860.79	3867.75	3860.79	
3867.75	3872.39	3867.75	3872.39	3867.75	
3874.71	3870.07	3874.71	3870.07	3874.71	
3863.11	3867.75	3863.11	3867.75	3863.11	
3870.07	3881.67	3870.07	3881.67	3870.07	
3860.79	3874.71	3860.79	3874.71	3860.79	
3877.03	3879.35	3877.03	3879.35	3877.03	
3865.43	3867.75	3865.43	3867.75	3865.43	
3874.71	3883.99	3874.71	3883.99	3874.71	
3870.07	3870.07	3870.07	3870.07	3870.07	
3877.03	3870.07	3877.03	3870.07	3877.03	
3872.39	3870.07	3872.39	3870.07	3872.39	
3877.03	3879.35	3877.03	3879.35	3877.03	
3872.39	3870.07	3872.39	3870.07	3872.39	
3879.35	3870.07	3879.35	3870.07	3879.35	
3872.39	3874.71	3872.39	3874.71	3872.39	
3870.07	3870.07	3870.07	3870.07	3870.07	
3872.39	3865.43	3872.39	3865.43	3872.39	
3879.35	3877.03	3879.35	3877.03	3879.35	
3872.39	3877.03	3872.39	3877.03	3872.39	
3860.79	3867.75	3860.79	3867.75	3860.79	
3870.07	3877.03	3870.07	3877.03	3870.07	
3872.39	3874.71	3872.39	3874.71	3872.39	
3872.39	3867.75	3872.39	3867.75	3872.39	
3863.11	3874.71	3863.11	3874.71	3863.11	
3872.39	3872.39	3872.39	3872.39	3872.39	
3881.67	3870.07	3881.67	3870.07	3881.67	
3872.39	3886.31	3872.39	3886.31	3872.39	
3858.47	3874.71	3858.47	3874.71	3858.47	
3863.11	3865.43	3863.11	3865.43	3863.11	
3860.79	3870.07	3860.79	3870.07	3860.79	
3856.15	3874.71	3856.15	3874.71	3856.15	
3858.47	3856.15	3858.47	3856.15	3858.47	
3867.75	3865.43	3867.75	3865.43	3867.75	
3867.75	3883.99	3867.75	3883.99	3867.75	
3877.03	3886.31	3877.03	3886.31	3877.03	
3874.71	3867.75	3874.71	3867.75	3874.71	
3872.39	3874.71	3872.39	3874.71	3872.39	
3877.03	3863.11	3877.03	3863.11	3877.03	
3865.43	3872.39	3865.43	3872.39	3865.43	
3877.03	3865.43	3877.03	3865.43	3877.03	
3863.11	3865.43	3863.11	3865.43	3863.11	
3872.39	3870.07	3872.39	3870.07	3872.39	
3867.75	3870.07	3867.75	3870.07	3867.75	
3867.75	3872.39	3867.75	3872.39	3867.75	
3867.75	3870.07	3867.75	3870.07	3867.75	
3870.07	3872.39	3870.07	3872.39	3870.07	
3874.71	3870.07	3874.71	3870.07	3874.71	
3865.43	3867.75	3865.43	3867.75	3865.43	
3867.75	3870.07	3867.75	3870.07	3867.75	
3867.75	3865.43	3867.75	3865.43	3867.75	
3872.39	3865.43	3872.39	3865.43	3872.39	
3863.11	3865.43	3863.11	3865.43	3863.11	
3863.11	3867.75	3863.11	3867.75	3863.11	
3865.43	3872.39	3865.43	3872.39	3865.43	
3883.99	3865.43	3883.99	3865.43	3883.99	
3863.11	3863.11	3863.11	3863.11	3863.11	
3863.11	3877.03	3863.11	3877.03	3863.11	
3863.11	3863.11	3863.11	3863.11	3863.11	
3865.43	3870.07	3865.43	3870.07	3865.43	
3870.07	3863.11	3870.07	3863.11	3870.07	
3856.15	3865.43	3856.15	3865.43	3856.15	
3870.07	3867.75	3870.07	3867.75	3870.07	
3870.07	3870.07	3870.07	3870.07	3870.07	
3872.39	3874.71	3872.39	3874.71	3872.39	
3865.43	3870.07	3865.43	3870.07	3865.43	
3867.75	3867.75	3867.75	3867.75	3867.75	
3874.71	3860.79	3874.71	3860.79	3874.71	
3863.11	3865.43	3863.11	3865.43	3863.11	
3865.43	3872.39	3865.43	3872.39	3865.43	
3858.47	3867.75	3858.47	3867.75	3858.47	
3860.79	3860.79	3860.79	3860.79	3860.79	
3867.75	3867.75	3867.75	3867.75	3867.75	
3867.75	3867.75	3867.75	3867.75	3867.75	
3874.71	3872.39	3874.71	3872.39	3874.71	
3872.39	3881.67	3872.39	3881.67	3872.39	
3872.39	3874.71	3872.39	3874.71	3872.39	
3858.47	3867.75	3858.47	3867.75	3858.47	
3865.43	3865.43	3865.43	3865.43	3865.43	
3863.11	3881.67	3863.11	3881.67	3863.11	
3870.07	3874.71	3870.07	3874.71	3870.07	
3867.75	3865.43	3867.75	3865.43	3867.75	
3879.35	3872.39	3879.35	3872.39	3879.35	
3865.43	3874.71	3865.43	3874.71	3865.43	
3870.07	3870.07	3870.07	3870.07	3870.07	
3874.71	3874.71	3874.71	3874.71	3874.71	
3863.11	3881.67	3863.11	3881.67	3863.11	
3867.75	3879.35	3867.75	3879.35	3867.75	
3860.79	3881.67	3860.79	3881.67	3860.79	
3867.75	3860.79	3867.75	3860.79	3867.75	
3865.43	3879.35	3865.43	3879.35	3865.43	
3865.43	3872.39	3865.43	3872.39	3865.43	
3858.47	3863.11	3858.47	3863.11	3858.47	
3877.03	3870.07	3877.03	3870.07	3877.03	
3853.83	3867.75	3853.83	3867.75	3853.83	
3867.75	3874.71	3867.75	3874.71	3867.75	
3872.39	3867.75	3872.39	3867.75	3872.39	
3872.39	3870.07	3872.39	3870.07	3872.39	
3870.07	3870.07	3870.07	3870.07	3870.07	
3867.75	3883.99	3867.75	3883.99	3867.75	
3865.43	3870.07	3865.43	3870.07	3865.43	
3863.11	3860.79	3863.11	3860.79	3863.11	
3870.07	3865.43	3870.07	3865.43	3870.07	
3860.79	3877.03	3860.79	3877.03	3860.79	
3881.67	3877.03	3881.67	3877.03	3881.67	
3872.39	3865.43	3872.39	3865.43	3872.39	
3870.07	3872.39	3870.07	3872.39	3870.07	
3867.75	3865.43	3867.75	3865.43	3867.75	
3863.11	3867.75	3863.11	3867.75	3863.11	
3867.75	3865.43	3867.75	3865.43	3867.75	
3877.03	3879.35	3877.03	3879.35	3877.03	
3863.11	3867.75	3863.11	3867.75	3863.11	
3863.11	3865.43	3863.11	3865.43	3863.11	
3870.07	3879.35	3870.07	3879.35	3870.07	
3870.07	3872.39	3870.07	3872.39	3870.07	
3883.99	3874.71	3883.99	3874.71	3883.99	
3858.47	3863.11	3858.47	3863.11	3858.47	
3874.71	3865.43	3874.71	3865.43	3874.71	
3877.03	3867.75	3877.03	3867.75	3877.03	
3870.07	3867.75	3870.07	3867.75	3870.07	
3865.43	3865.43	3865.43	3865.43	3865.43	
3865.43	3867.75	3865.43	3867.75	3865.43	
3863.11	3867.75	3863.11	3867.75	3863.11	
3867.75	3867.75	3867.75	3867.75	3867.75	
3865.43	3874.71	3865.43	3874.71	3865.43	
3865.43	3877.03	3865.43	3877.03	3865.43	
3865.43	3867.75	3865.43	3867.75	3865.43	
3870.07	3877.03	3870.07	3877.03	3870.07	
3870.07	3870.07	3870.07	3870.07	3870.07	
3867.75	3870.07	3867.75	3870.07	3867.75	
3872.39	3874.71	3872.39	3874.71	3872.39	
3867.75	3867.75	3867.75	3867.75	3867.75	
3872.39	3865.43	3872.39	3865.43	3872.39	
3860.79	3872.39	3860.79	3872.39	3860.79	
3863.11	3867.75	3863.11	3867.75	3863.11	
3872.39	3867.75	3872.39	3867.75	3872.39	
3874.71	3867.75	3874.71	3867.75	3874.71	
3879.35	3870.07	3879.35	3870.07	3879.35	
3870.07	3851.51	3870.07	3851.51	3870.07	
3872.39	3870.07	3872.39	3870.07	3872.39	
3865.43	3870.07	3865.43	3870.07	3865.43	
3872.39	3872.39	3872.39	3872.39	3872.39	
3867.75	3865.43	3867.75	3865.43	3867.75	
3863.11	3867.75	3863.11	3867.75	3863.11	
3874.71	3877.03	3874.71	3877.03	3874.71	
3867.75	3867.75	3867.75	3867.75	3867.75	
3865.43	3870.07	3865.43	3870.07	3865.43	
3867.75	3867.75	3867.75	3867.75	3867.75	
3853.83	3865.43	3853.83	3865.43	3853.83	
3865.43	3874.71	3865.43	3874.71	3865.43	
3874.71	3867.75	3874.71	3867.75	3874.71	
3870.07	3865.43	3870.07	3865.43	3870.07	
3870.07	3872.39	3870.07	3872.39	3870.07	
3865.43	3870.07	3865.43	3870.07	3865.43	
3870.07	3877.03	3870.07	3877.03	3870.07	
3870.07	3872.39	3870.07	3872.39	3870.07	
3860.79	3870.07	3860.79	3870.07	3860.79	
3877.03	3865.43	3877.03	3865.43	3877.03	
3863.11	3867.75	3863.11	3867.75	3863.11	
3870.07	3870.07	3870.07	3870.07	3870.07	
3865.43	3874.71	3865.43	3874.71	3865.43	
3860.79	3865.43	3860.79	3865.43	3860.79	
3872.39	3860.79	3872.39	3860.79	3872.39	
3863.11	3877.03	3863.11	3877.03	3863.11	
3886.31	3870.07	3886.31	3870.07	3886.31	
3870.07	3870.07	3870.07	3870.07	3870.07	
3865.43	3870.07	3865.43	3870.07	3865.43	
3870.07	3860.79	3870.07	3860.79	3870.07	
3867.75	3865.43	3867.75	3865.43	3867.75	
3870.07	3867.75	3870.07	3867.75	3870.07	
3867.75	3879.35	3867.75	3879.35	3867.75	
3867.75	3867.75	3867.75	3867.75	3867.75	
3863.11	3865.43	3863.11	3865.43	3863.11	
3865.43	3870.07	3865.43	3870.07	3865.43	
3865.43	3860.79	3865.43	3860.79	3865.43	
3872.39	3870.07	3872.39	3870.07	3872.39	
3867.75	3867.75	3867.75	3867.75	3867.75	
3863.11	3867.75	3863.11	3867.75	3863.11	
3870.07	3874.71	3870.07	3874.71	3870.07	
3870.07	3870.07	3870.07	3870.07	3870.07	
3874.71	3872.39	3874.71	3872.39	3874.71	
3860.79	3853.83	3860.79	3853.83	3860.79	
3858.47	3874.71	3858.47	3874.71	3858.47	
3856.15	3872.39	3856.15	3872.39	3856.15	
3867.75	3863.11	3867.75	3863.11	3867.75	
3860.79	3865.43	3860.79	3865.43	3860.79	
3851.51	3863.11	3851.51	3863.11	3851.51	
3865.43	3872.39	3865.43	3872.39	3865.43	
3870.07	3879.35	3870.07	3879.35	3870.07	
3865.43	3867.75	3865.43	3867.75	3865.43	
3863.11	3867.75	3863.11	3867.75	3863.11	
3867.75	3867.75	3867.75	3867.75	3867.75	
3870.07	3865.43	3870.07	3865.43	3870.07	
3872.39	3870.07	3872.39	3870.07	3872.39	
3870.07	3867.75	3870.07	3867.75	3870.07	
3870.07	3870.07	3870.07	3870.07	3870.07	
3870.07	3870.07	3870.07	3870.07	3870.07	
3872.39	3865.43	3872.39	3865.43	3872.39	
3860.79	3879.35	3860.79	3879.35	3860.79	
3870.07	3877.03	3870.07	3877.03	3870.07	
3858.47	3867.75	3858.47	3867.75	3858.47	
3872.39	3870.07	3872.39	3870.07	3872.39	
3860.79	3872.39	3860.79	3872.39	3860.79	
3870.07	3870.07	3870.07	3870.07	3870.07	
3872.39	3883.99	3872.39	3883.99	3872.39	
3867.75	3865.43	3867.75	3865.43	3867.75	
3879.35	3877.03	3879.35	3877.03	3879.35	
3865.43	3860.79	3865.43	3860.79	3865.43	
3863.11	3865.43	3863.11	3865.43	3863.11	
3877.03	3870.07	3877.03	3870.07	3877.03	
3872.39	3877.03	3872.39	3877.03	3872.39	
3867.75	3865.43	3867.75	3865.43	3867.75	
3863.11	3860.79	3863.11	3860.79	3863.11	
3863.11	3870.07	3863.11	3870.07	3863.11	
3863.11	3870.07	3863.11	3870.07	3863.11	
3867.75	3872.39	3867.75	3872.39	3867.75	
3865.43	3867.75	3865.43	3867.75	3865.43	
3867.75	3860.79	3867.75	3860.79	3867.75	
3858.47	3860.79	3858.47	3860.79	3858.47	
3870.07	3867.75	3870.07	3867.75	3870.07	
3870.07	3865.43	3870.07	3865.43	3870.07	
3863.11	3870.07	3863.11	3870.07	3863.11	
3867.75	3872.39	3867.75	3872.39	3867.75	
3867.75	3870.07	3867.75	3870.07	3867.75	
3867.75	3870.07	3867.75	3870.07	3867.75	
3867.75	3863.11	3867.75	3863.11	3867.75	
3856.15	3867.75	3856.15	3867.75	3856.15	
3863.11	3872.39	3863.11	3872.39	3863.11	
3860.79	3863.11	3860.79	3863.11	3860.79	
3874.71	3865.43	3874.71	3865.43	3874.71	
3872.39	3856.15	3872.39	3856.15	3872.39	
3863.11	3858.47	3863.11	3858.47	3863.11	
3872.39	3874.71	3872.39	3874.71	3872.39	
3877.03	3872.39	3877.03	3872.39	3877.03	
3874.71	3865.43	3874.71	3865.43	3874.71	
3867.75	3872.39	3867.75	3872.39	3867.75	
3863.11	3867.75	3863.11	3867.75	3863.11	
3867.75	3872.39	3867.75	3872.39	3867.75	
3863.11	3870.07	3863.11	3870.07	3863.11	
3877.03	3883.99	3877.03	3883.99	3877.03	
3860.79	3879.35	3860.79	3879.35	3860.79	
3865.43	3870.07	3865.43	3870.07	3865.43	
3865.43	3867.75	3865.43	3867.75	3865.43	
3863.11	3872.39	3863.11	3872.39	3863.11	
3872.39	3865.43	3872.39	3865.43	3872.39	
3870.07	3860.79	3870.07	3860.79	3870.07	
3870.07	3863.11	3870.07	3863.11	3870.07	
3874.71	3877.03	3874.71	3877.03	3874.71	
3863.11	3860.79	3863.11	3860.79	3863.11	
3870.07	3870.07	3870.07	3870.07	3870.07	
3863.11	3870.07	3863.11	3870.07	3863.11	
3860.79	3877.03	3860.79	3877.03	3860.79	
3879.35	3879.35	3879.35	3879.35	3879.35	
3863.11	3863.11	3863.11	3863.11	3863.11	
3870.07	3863.11	3870.07	3863.11	3870.07	
3872.39	3865.43	3872.39	3865.43	3872.39	
3872.39	3870.07	3872.39	3870.07	3872.39	
3863.11	3865.43	3863.11	3865.43	3863.11	
3874.71	3867.75	3874.71	3867.75	3874.71	
3865.43	3865.43	3865.43	3865.43	3865.43	
3863.11	3874.71	3863.11	3874.71	3863.11	
3867.75	3863.11	3867.75	3863.11	3867.75	
3865.43	3870.07	3865.43	3870.07	3865.43	
3867.75	3865.43	3867.75	3865.43	3867.75	
3863.11	3867.75	3863.11	3867.75	3863.11	
3867.75	3872.39	3867.75	3872.39	3867.75	
3870.07	3870.07	3870.07	3870.07	3870.07	
3879.35	3870.07	3879.35	3870.07	3879.35	
3872.39	3867.75	3872.39	3867.75	3872.39	
3872.39	3879.35	3872.39	3879.35	3872.39	
3863.11	3874.71	3863.11	3874.71	3863.11	
3865.43	3872.39	3865.43	3872.39	3865.43	
3860.79	3865.43	3860.79	3865.43	3860.79	
3858.47	3865.43	3858.47	3865.43	3858.47	
3867.75	3867.75	3867.75	3867.75	3867.75	
3867.75	3867.75	3867.75	3867.75	3867.75	
3870.07	3863.11	3870.07	3863.11	3870.07	
3863.11	3863.11	3863.11	3863.11	3863.11	
3870.07	3865.43	3870.07	3865.43	3870.07	
3870.07	3867.75	3870.07	3867.75	3870.07	
3870.07	3867.75	3870.07	3867.75	3870.07	
3863.11	3874.71	3863.11	3874.71	3863.11	
3870.07	3863.11	3870.07	3863.11	3870.07	
3870.07	3874.71	3870.07	3874.71	3870.07	
3872.39	3867.75	3872.39	3867.75	3872.39	
3863.11	3867.75	3863.11	3867.75	3863.11	
3856.15	3872.39	3856.15	3872.39	3856.15	
3872.39	3863.11	3872.39	3863.11	3872.39	
3867.75	3865.43	3867.75	3865.43	3867.75	
3860.79	3863.11	3860.79	3863.11	3860.79	
3863.11	3865.43	3863.11	3865.43	3863.11	
3863.11	3879.35	3863.11	3879.35	3863.11	
3874.71	3863.11	3874.71	3863.11	3874.71	
3874.71	3872.39	3874.71	3872.39	3874.71	
3874.71	3872.39	3874.71	3872.39	3874.71	
3883.99	3874.71	3883.99	3874.71	3883.99	
3870.07	3863.11	3870.07	3863.11	3870.07	
3867.75	3856.15	3867.75	3856.15	3867.75	
3872.39	3870.07	3872.39	3870.07	3872.39	
3856.15	3870.07	3856.15	3870.07	3856.15	
3877.03	3872.39	3877.03	3872.39	3877.03	
3865.43	3872.39	3865.43	3872.39	3865.43	
3867.75	3881.67	3867.75	3881.67	3867.75	
3867.75	3867.75	3867.75	3867.75	3867.75	
3872.39	3874.71	3872.39	3874.71	3872.39	
3863.11	3867.75	3863.11	3867.75	3863.11	
3879.35	3870.07	3879.35	3870.07	3879.35	
3870.07	3865.43	3870.07	3865.43	3870.07	
3865.43	3867.75	3865.43	3867.75	3865.43	
3867.75	3877.03	3867.75	3877.03	3867.75	
3865.43	3874.71	3865.43	3874.71	3865.43	
3874.71	3863.11	3874.71	3863.11	3874.71	
3863.11	3860.79	3863.11	3860.79	3863.11	
3870.07	3858.47	3870.07	3858.47	3870.07	
3877.03	3860.79	3877.03	3860.79	3877.03	
3867.75	3867.75	3867.75	3867.75	3867.75	
3865.43	3865.43	3865.43	3865.43	3865.43	
3870.07	3865.43	3870.07	3865.43	3870.07	
3863.11	3863.11	3863.11	3863.11	3863.11	
3863.11	3863.11	3863.11	3863.11	3863.11	
3872.39	3872.39	3872.39	3872.39	3872.39	
3860.79	3870.07	3860.79	3870.07	3860.79	
3872.39	3856.15	3872.39	3856.15	3872.39	
3874.71	3870.07	3874.71	3870.07	3874.71	
3872.39	3860.79	3872.39	3860.79	3872.39	
3865.43	3867.75	3865.43	3867.75	3865.43	
3863.11	3872.39	3863.11	3872.39	3863.11	
3865.43	3870.07	3865.43	3870.07	3865.43	
3874.71	3874.71	3874.71	3874.71	3874.71	
3863.11	3874.71	3863.11	3874.71	3863.11	
3867.75	3867.75	3867.75	3867.75	3867.75	
3863.11	3877.03	3863.11	3877.03	3863.11	
3858.47	3863.11	3858.47	3863.11	3858.47	
3863.11	3872.39	3863.11	3872.39	3863.11	
3881.67	3874.71	3881.67	3874.71	3881.67	
3870.07	3874.71	3870.07	3874.71	3870.07	
3874.71	3881.67	3874.71	3881.67	3874.71	
3865.43	3865.43	3865.43	3865.43	3865.43	
3865.43	3863.11	3865.43	3863.11	3865.43	
3870.07	3872.39	3870.07	3872.39	3870.07	
3865.43	3865.43	3865.43	3865.43	3865.43	
3870.07	3867.75	3870.07	3867.75	3870.07	
3870.07	3872.39	3870.07	3872.39	3870.07	
3872.39	3879.35	3872.39	3879.35	3872.39	
3867.75	3867.75	3867.75	3867.75	3867.75	
3870.07	3860.79	3870.07	3860.79	3870.07	
3865.43	3877.03	3865.43	3877.03	3865.43	
3865.43	3870.07	3865.43	3870.07	3865.43	
3867.75	3863.11	3867.75	3863.11	3867.75	
3867.75	3867.75	3867.75	3867.75	3867.75	
3867.75	3860.79	3867.75	3860.79	3867.75	
3865.43	3858.47	3865.43	3858.47	3865.43	
3860.79	3867.75	3860.79	3867.75	3860.79	
3872.39	3874.71	3872.39	3874.71	3872.39	
3860.79	3872.39	3860.79	3872.39	3860.79	
3867.75	3872.39	3867.75	3872.39	3867.75	
3863.11	3874.71	3863.11	3874.71	3863.11	
3874.71	3867.75	3874.71	3867.75	3874.71	
3863.11	3865.43	3863.11	3865.43	3863.11	
3874.71	3879.35	3874.71	3879.35	3874.71	
3870.07	3870.07	3870.07	3870.07	3870.07	
3863.11	3877.03	3863.11	3877.03	3863.11	
3872.39	3858.47	3872.39	3858.47	3872.39	
3872.39	3874.71	3872.39	3874.71	3872.39	
3865.43	3874.71	3865.43	3874.71	3865.43	
3874.71	3860.79	3874.71	3860.79	3874.71	
3860.79	3870.07	3860.79	3870.07	3860.79	
3874.71	3860.79	3874.71	3860.79	3874.71	
3867.75	3863.11	3867.75	3863.11	3867.75	
3872.39	3874.71	3872.39	3874.71	3872.39	
3870.07	3867.75	3870.07	3867.75	3870.07	
3863.11	3872.39	3863.11	3872.39	3863.11	
3865.43	3872.39	3865.43	3872.39	3865.43	
3867.75	3865.43	3867.75	3865.43	3867.75	
3863.11	3874.71	3863.11	3874.71	3863.11	
3867.75	3872.39	3867.75	3872.39	3867.75	
3863.11	3874.71	3863.11	3874.71	3863.11	
3863.11	3865.43	3863.11	3865.43	3863.11	
3874.71	3865.43	3874.71	3865.43	3874.71	
3872.39	3879.35	3872.39	3879.35	3872.39	
3877.03	3874.71	3877.03	3874.71	3877.03	
3872.39	3858.47	3872.39	3858.47	3872.39	
3874.71	3860.79	3874.71	3860.79	3874.71	
3870.07	3867.75	3870.07	3867.75	3870.07	
3860.79	3860.79	3860.79	3860.79	3860.79	
3874.71	3872.39	3874.71	3872.39	3874.71	
3867.75	3867.75	3867.75	3867.75	3867.75	
3874.71	3867.75	3874.71	3867.75	3874.71	
3867.75	3865.43	3867.75	3865.43	3867.75	
3860.79	3867.75	3860.79	3867.75	3860.79	
3872.39	3867.75	3872.39	3867.75	3872.39	
3872.39	3870.07	3872.39	3870.07	3872.39	
3867.75	3858.47	3867.75	3858.47	3867.75	
3865.43	3870.07	3865.43	3870.07	3865.43	
3863.11	3870.07	3863.11	3870.07	3863.11	
3863.11	3872.39	3863.11	3872.39	3863.11	
3872.39	3865.43	3872.39	3865.43	3872.39	
3874.71	3870.07	3874.71	3870.07	3874.71	
3860.79	3863.11	3860.79	3863.11	3860.79	
3867.75	3860.79	3867.75	3860.79	3867.75	
3867.75	3863.11	3867.75	3863.11	3867.75	
3867.75	3865.43	3867.75	3865.43	3867.75	
3874.71	3874.71	3874.71	3874.71	3874.71	
3863.11	3872.39	3863.11	3872.39	3863.11	
3867.75	3872.39	3867.75	3872.39	3867.75	
3865.43	3865.43	3865.43	3865.43	3865.43	
3863.11	3870.07	3863.11	3870.07	3863.11	
3867.75	3870.07	3867.75	3870.07	3867.75	
3860.79	3865.43	3860.79	3865.43	3860.79	
3863.11	3865.43	3863.11	3865.43	3863.11	
3863.11	3865.43	3863.11	3865.43	3863.11	
3860.79	3867.75	3860.79	3867.75	3860.79	
3865.43	3863.11	3865.43	3863.11	3865.43	
3865.43	3863.11	3865.43	3863.11	3865.43	
3874.71	3867.75	3874.71	3867.75	3874.71	
3863.11	3863.11	3863.11	3863.11	3863.11	
3863.11	3863.11	3863.11	3863.11	3863.11	
3863.11	3863.11	3863.11	3863.11	3863.11	
3867.75	3874.71	3867.75	3874.71	3867.75	
3860.79	3863.11	3860.79	3863.11	3860.79	
3870.07	3870.07	3870.07	3870.07	3870.07	
3865.43	3872.39	3865.43	3872.39	3865.43	
3872.39	3877.03	3872.39	3877.03	3872.39	
3863.11	3874.71	3863.11	3874.71	3863.11	
3863.11	3870.07	3863.11	3870.07	3863.11	
3870.07	3879.35	3870.07	3879.35	3870.07	
3872.39	3877.03	3872.39	3877.03	3872.39	
3867.75	3856.15	3867.75	3856.15	3867.75	
3870.07	3870.07	3870.07	3870.07	3870.07	
3870.07	3870.07	3870.07	3870.07	3870.07	
3865.43	3870.07	3865.43	3870.07	3865.43	
3872.39	3865.43	3872.39	3865.43	3872.39	
3872.39	3872.39	3872.39	3872.39	3872.39	
3870.07	3865.43	3870.07	3865.43	3870.07	
3863.11	3863.11	3863.11	3863.11	3863.11	
3865.43	3874.71	3865.43	3874.71	3865.43	
3858.47	3865.43	3858.47	3865.43	3858.47	
3863.11	3877.03	3863.11	3877.03	3863.11	
3858.47	3874.71	3858.47	3874.71	3858.47	
3860.79	3865.43	3860.79	3865.43	3860.79	
3867.75	3863.11	3867.75	3863.11	3867.75	
3870.07	3867.75	3870.07	3867.75	3870.07	
3865.43	3865.43	3865.43	3865.43	3865.43	
3867.75	3865.43	3867.75	3865.43	3867.75	
3867.75	3867.75	3867.75	3867.75	3867.75	
3860.79	3877.03	3860.79	3877.03	3860.79	
3877.03	3879.35	3877.03	3879.35	3877.03	
3865.43	3860.79	3865.43	3860.79	3865.43	
3865.43	3865.43	3865.43	3865.43	3865.43	
3863.11	3867.75	3863.11	3867.75	3863.11	
3874.71	3867.75	3874.71	3867.75	3874.71	
3865.43	3860.79	3865.43	3860.79	3865.43	
3858.47	3874.71	3858.47	3874.71	3858.47	
3858.47	3870.07	3858.47	3870.07	3858.47	
3874.71	3867.75	3874.71	3867.75	3874.71	
3863.11	3865.43	3863.11	3865.43	3863.11	
3867.75	3863.11	3867.75	3863.11	3867.75	
3870.07	3877.03	3870.07	3877.03	3870.07	
3867.75	3863.11	3867.75	3863.11	3867.75	
3872.39	3874.71	3872.39	3874.71	3872.39	
3858.47	3867.75	3858.47	3867.75	3858.47	
3877.03	3867.75	3877.03	3867.75	3877.03	
3872.39	3872.39	3872.39	3872.39	3872.39	
3867.75	3870.07	3867.75	3870.07	3867.75	
3867.75	3867.75	3867.75	3867.75	3867.75	
3856.15	3863.11	3856.15	3863.11	3856.15	
3867.75	3877.03	3867.75	3877.03	3867.75	
3865.43	3879.35	3865.43	3879.35	3865.43	
3863.11	3863.11	3863.11	3863.11	3863.11	
3872.39	3872.39	3872.39	3872.39	3872.39	
3888.63	3872.39	3888.63	3872.39	3888.63	
3863.11	3863.11	3863.11	3863.11	3863.11	
3870.07	3872.39	3870.07	3872.39	3870.07	
3863.11	3865.43	3863.11	3865.43	3863.11	
3867.75	3863.11	3867.75	3863.11	3867.75	
3860.79	3867.75	3860.79	3867.75	3860.79	
3874.71	3872.39	3874.71	3872.39	3874.71	
3867.75	3856.15	3867.75	3856.15	3867.75	
3860.79	3860.79	3860.79	3860.79	3860.79	
3856.15	3877.03	3856.15	3877.03	3856.15	
3863.11	3867.75	3863.11	3867.75	3863.11	
3858.47	3867.75	3858.47	3867.75	3858.47	
3867.75	3865.43	3867.75	3865.43	3867.75	
3870.07	3872.39	3870.07	3872.39	3870.07	
3860.79	3867.75	3860.79	3867.75	3860.79	
3867.75	3860.79	3867.75	3860.79	3867.75	
3863.11	3865.43	3863.11	3865.43	3863.11	
3867.75	3858.47	3867.75	3858.47	3867.75	
3867.75	3867.75	3867.75	3867.75	3867.75	
3863.11	3863.11	3863.11	3863.11	3863.11	
3867.75	3867.75	3867.75	3867.75	3867.75	
3870.07	3865.43	3870.07	3865.43	3870.07	
3867.75	3874.71	3867.75	3874.71	3867.75	
3867.75	3863.11	3867.75	3863.11	3867.75	
3870.07	3860.79	3870.07	3860.79	3870.07	
3867.75	3865.43	3867.75	3865.43	3867.75	
3870.07	3870.07	3870.07	3870.07	3870.07	
3872.39	3858.47	3872.39	3858.47	3872.39	
3874.71	3874.71	3874.71	3874.71	3874.71	
3874.71	3863.11	3874.71	3863.11	3874.71	
3865.43	3870.07	3865.43	3870.07	3865.43	
3870.07	3865.43	3870.07	3865.43	3870.07	
3867.75	3870.07	3867.75	3870.07	3867.75	
3863.11	3867.75	3863.11	3867.75	3863.11	
3865.43	3872.39	3865.43	3872.39	3865.43	
3858.47	3867.75	3858.47	3867.75	3858.47	
3865.43	3874.71	3865.43	3874.71	3865.43	
3870.07	3863.11	3870.07	3863.11	3870.07	
3867.75	3872.39	3867.75	3872.39	3867.75	
3863.11	3858.47	3863.11	3858.47	3863.11	
3863.11	3870.07	3863.11	3870.07	3863.11	
3860.79	3872.39	3860.79	3872.39	3860.79	
3872.39	3874.71	3872.39	3874.71	3872.39	
3867.75	3860.79	3867.75	3860.79	3867.75	
3874.71	3877.03	3874.71	3877.03	3874.71	
3865.43	3858.47	3865.43	3858.47	3865.43	
3865.43	3863.11	3865.43	3863.11	3865.43	
3860.79	3867.75	3860.79	3867.75	3860.79	
3863.11	3865.43	3863.11	3865.43	3863.11	
3872.39	3872.39	3872.39	3872.39	3872.39	
3865.43	3879.35	3865.43	3879.35	3865.43	
3863.11	3863.11	3863.11	3863.11	3863.11	
3865.43	3860.79	3865.43	3860.79	3865.43	
3863.11	3849.19	3863.11	3849.19	3863.11	
3863.11	3867.75	3863.11	3867.75	3863.11	
3860.79	3860.79	3860.79	3860.79	3860.79	
3863.11	3872.39	3863.11	3872.39	3863.11	
3863.11	3863.11	3863.11	3863.11	3863.11	
3860.79	3853.83	3860.79	3853.83	3860.79	
3863.11	3867.75	3863.11	3867.75	3863.11	
3856.15	3863.11	3856.15	3863.11	3856.15	
3863.11	3874.71	3863.11	3874.71	3863.11	
3870.07	3865.43	3870.07	3865.43	3870.07	
3867.75	3874.71	3867.75	3874.71	3867.75	
3865.43	3865.43	3865.43	3865.43	3865.43	
3870.07	3870.07	3870.07	3870.07	3870.07	
3865.43	3870.07	3865.43	3870.07	3865.43	
3858.47	3856.15	3858.47	3856.15	3858.47	
3860.79	3870.07	3860.79	3870.07	3860.79	
3870.07	3870.07	3870.07	3870.07	3870.07	
3860.79	3883.99	3860.79	3883.99	3860.79	
3867.75	3865.43	3867.75	3865.43	3867.75	
3860.79	3863.11	3860.79	3863.11	3860.79	
3863.11	3874.71	3863.11	3874.71	3863.11	
3856.15	3863.11	3856.15	3863.11	3856.15	
3860.79	3867.75	3860.79	3867.75	3860.79	
3865.43	3856.15	3865.43	3856.15	3865.43	
3863.11	3865.43	3863.11	3865.43	3863.11	
3877.03	3867.75	3877.03	3867.75	3877.03	
3874.71	3874.71	3874.71	3874.71	3874.71	
3860.79	3860.79	3860.79	3860.79	3860.79	
3867.75	3858.47	3867.75	3858.47	3867.75	
3860.79	3863.11	3860.79	3863.11	3860.79	
3870.07	3874.71	3870.07	3874.71	3870.07	
3870.07	3867.75	3870.07	3867.75	3870.07	
3863.11	3879.35	3863.11	3879.35	3863.11	
3867.75	3856.15	3867.75	3856.15	3867.75	
3856.15	3860.79	3856.15	3860.79	3856.15	
3860.79	3872.39	3860.79	3872.39	3860.79	
3867.75	3865.43	3867.75	3865.43	3867.75	
3870.07	3867.75	3870.07	3867.75	3870.07	
3858.47	3874.71	3858.47	3874.71	3858.47	
3867.75	3863.11	3867.75	3863.11	3867.75	
3870.07	3877.03	3870.07	3877.03	3870.07	
3863.11	3867.75	3863.11	3867.75	3863.11	
3865.43	3865.43	3865.43	3865.43	3865.43	
3858.47	3865.43	3858.47	3865.43	3858.47	
3863.11	3879.35	3863.11	3879.35	3863.11	
3872.39	3867.75	3872.39	3867.75	3872.39	
3874.71	3860.79	3874.71	3860.79	3874.71	
3858.47	3865.43	3858.47	3865.43	3858.47	
3870.07	3851.51	3870.07	3851.51	3870.07	
3867.75	3870.07	3867.75	3870.07	3867.75	
3881.67	3895.59	3881.67	3895.59	3881.67	
3858.47	3874.71	3858.47	3874.71	3858.47	
3860.79	3867.75	3860.79	3867.75	3860.79	
3858.47	3865.43	3858.47	3865.43	3858.47	
3870.07	3858.47	3870.07	3858.47	3870.07	
3865.43	3865.43	3865.43	3865.43	3865.43	
3860.79	3860.79	3860.79	3860.79	3860.79	
3877.03	3867.75	3877.03	3867.75	3877.03	
3860.79	3870.07	3860.79	3870.07	3860.79	
3872.39	3877.03	3872.39	3877.03	3872.39	
3860.79	3870.07	3860.79	3870.07	3860.79	
3860.79	3865.43	3860.79	3865.43	3860.79	
3872.39	3865.43	3872.39	3865.43	3872.39	
3863.11	3879.35	3863.11	3879.35	3863.11	
3870.07	3867.75	3870.07	3867.75	3870.07	
3867.75	3858.47	3867.75	3858.47	3867.75	
3863.11	3870.07	3863.11	3870.07	3863.11	
3865.43	3874.71	3865.43	3874.71	3865.43	
3863.11	3867.75	3863.11	3867.75	3863.11	
3870.07	3867.75	3870.07	3867.75	3870.07	
3872.39	3865.43	3872.39	3865.43	3872.39	
3865.43	3865.43	3865.43	3865.43	3865.43	
3860.79	3870.07	3860.79	3870.07	3860.79	
3872.39	3867.75	3872.39	3867.75	3872.39	
3867.75	3867.75	3867.75	3867.75	3867.75	
3870.07	3879.35	3870.07	3879.35	3870.07	
3870.07	3870.07	3870.07	3870.07	3870.07	
3870.07	3874.71	3870.07	3874.71	3870.07	
3860.79	3872.39	3860.79	3872.39	3860.79	
3865.43	3877.03	3865.43	3877.03	3865.43	
3863.11	3881.67	3863.11	3881.67	3863.11	
3863.11	3867.75	3863.11	3867.75	3863.11	
3865.43	3860.79	3865.43	3860.79	3865.43	
3870.07	3858.47	3870.07	3858.47	3870.07	
3863.11	3872.39	3863.11	3872.39	3863.11	
3874.71	3863.11	3874.71	3863.11	3874.71	
3874.71	3865.43	3874.71	3865.43	3874.71	
3860.79	3872.39	3860.79	3872.39	3860.79	
3870.07	3867.75	3870.07	3867.75	3870.07	
3856.15	3860.79	3856.15	3860.79	3856.15	
3860.79	3865.43	3860.79	3865.43	3860.79	
3860.79	3870.07	3860.79	3870.07	3860.79	
3865.43	3865.43	3865.43	3865.43	3865.43	
3867.75	3874.71	3867.75	3874.71	3867.75	
3863.11	3867.75	3863.11	3867.75	3863.11	
3863.11	3863.11	3863.11	3863.11	3863.11	
3865.43	3872.39	3865.43	3872.39	3865.43	
3877.03	3872.39	3877.03	3872.39	3877.03	
3860.79	3867.75	3860.79	3867.75	3860.79	
3911.83	3911.83	3911.83	3911.83	3911.83	
3867.75	3856.15	3867.75	3856.15	3867.75	
3860.79	3863.11	3860.79	3863.11	3860.79	
3863.11	3860.79	3863.11	3860.79	3863.11	
3860.79	3870.07	3860.79	3870.07	3860.79	
3860.79	3863.11	3860.79	3863.11	3860.79	
3874.71	3863.11	3874.71	3863.11	3874.71	
3860.79	3865.43	3860.79	3865.43	3860.79	
3863.11	3867.75	3863.11	3867.75	3863.11	
3858.47	3872.39	3858.47	3872.39	3858.47	
3867.75	3870.07	3867.75	3870.07	3867.75	
3867.75	3874.71	3867.75	3874.71	3867.75	
3870.07	3863.11	3870.07	3863.11	3870.07	
3858.47	3867.75	3858.47	3867.75	3858.47	
3870.07	3865.43	3870.07	3865.43	3870.07	
3863.11	3877.03	3863.11	3877.03	3863.11	
3863.11	3867.75	3863.11	3867.75	3863.11	
3865.43	3867.75	3865.43	3867.75	3865.43	
3865.43	3865.43	3865.43	3865.43	3865.43	
3863.11	3867.75	3863.11	3867.75	3863.11	
3860.79	3874.71	3860.79	3874.71	3860.79	
3860.79	3872.39	3860.79	3872.39	3860.79	
3856.15	3863.11	3856.15	3863.11	3856.15	
3856.15	3858.47	3856.15	3858.47	3856.15	
3870.07	3867.75	3870.07	3867.75	3870.07	
3865.43	3865.43	3865.43	3865.43	3865.43	
3858.47	3872.39	3858.47	3872.39	3858.47	
3867.75	3877.03	3867.75	3877.03	3867.75	
3863.11	3863.11	3863.11	3863.11	3863.11	
3867.75	3865.43	3867.75	3865.43	3867.75	
3860.79	3865.43	3860.79	3865.43	3860.79	
3867.75	3879.35	3867.75	3879.35	3867.75	
3860.79	3867.75	3860.79	3867.75	3860.79	
3860.79	3872.39	3860.79	3872.39	3860.79	
3860.79	3865.43	3860.79	3865.43	3860.79	
3872.39	3858.47	3872.39	3858.47	3872.39	
3867.75	3865.43	3867.75	3865.43	3867.75	
3851.51	3865.43	3851.51	3865.43	3851.51	
3863.11	3872.39	3863.11	3872.39	3863.11	
3867.75	3870.07	3867.75	3870.07	3867.75	
3856.15	3865.43	3856.15	3865.43	3856.15	
3863.11	3872.39	3863.11	3872.39	3863.11	
3872.39	3867.75	3872.39	3867.75	3872.39	
3863.11	3872.39	3863.11	3872.39	3863.11	
3879.35	3863.11	3879.35	3863.11	3879.35	
3860.79	3863.11	3860.79	3863.11	3860.79	
3865.43	3867.75	3865.43	3867.75	3865.43	
3865.43	3865.43	3865.43	3865.43	3865.43	
3860.79	3860.79	3860.79	3860.79	3860.79	
3858.47	3863.11	3858.47	3863.11	3858.47	
3870.07	3863.11	3870.07	3863.11	3870.07	
3865.43	3867.75	3865.43	3867.75	3865.43	
3863.11	3874.71	3863.11	3874.71	3863.11	
3863.11	3867.75	3863.11	3867.75	3863.11	
3858.47	3874.71	3858.47	3874.71	3858.47	
3858.47	3870.07	3858.47	3870.07	3858.47	
3858.47	3863.11	3858.47	3863.11	3858.47	
3860.79	3865.43	3860.79	3865.43	3860.79	
3867.75	3863.11	3867.75	3863.11	3867.75	
3867.75	3863.11	3867.75	3863.11	3867.75	
3858.47	3865.43	3858.47	3865.43	3858.47	
3860.79	3877.03	3860.79	3877.03	3860.79	
3865.43	3872.39	3865.43	3872.39	3865.43	
3858.47	3860.79	3858.47	3860.79	3858.47	
3860.79	3865.43	3860.79	3865.43	3860.79	
3853.83	3863.11	3853.83	3863.11	3853.83	
3863.11	3865.43	3863.11	3865.43	3863.11	
3870.07	3865.43	3870.07	3865.43	3870.07	
3867.75	3863.11	3867.75	3863.11	3867.75	
3863.11	3870.07	3863.11	3870.07	3863.11	
3853.83	3863.11	3853.83	3863.11	3853.83	
3863.11	3872.39	3863.11	3872.39	3863.11	
3863.11	3865.43	3863.11	3865.43	3863.11	
3867.75	3856.15	3867.75	3856.15	3867.75	
3860.79	3872.39	3860.79	3872.39	3860.79	
3874.71	3870.07	3874.71	3870.07	3874.71	
3860.79	3870.07	3860.79	3870.07	3860.79	
3863.11	3867.75	3863.11	3867.75	3863.11	
3858.47	3858.47	3858.47	3858.47	3858.47	
3867.75	3860.79	3867.75	3860.79	3867.75	
3863.11	3863.11	3863.11	3863.11	3863.11	
3867.75	3867.75	3867.75	3867.75	3867.75	
3858.47	3870.07	3858.47	3870.07	3858.47	
3863.11	3867.75	3863.11	3867.75	3863.11	
3858.47	3867.75	3858.47	3867.75	3858.47	
3870.07	3863.11	3870.07	3863.11	3870.07	
3865.43	3851.51	3865.43	3851.51	3865.43	
3858.47	3867.75	3858.47	3867.75	3858.47	
3867.75	3874.71	3867.75	3874.71	3867.75	
3858.47	3879.35	3858.47	3879.35	3858.47	
3870.07	3872.39	3870.07	3872.39	3870.07	
3865.43	3853.83	3865.43	3853.83	3865.43	
3881.67	3865.43	3881.67	3865.43	3881.67	
3860.79	3867.75	3860.79	3867.75	3860.79	
3865.43	3867.75	3865.43	3867.75	3865.43	
3863.11	3870.07	3863.11	3870.07	3863.11	
3870.07	3872.39	3870.07	3872.39	3870.07	
3865.43	3865.43	3865.43	3865.43	3865.43	
3865.43	3870.07	3865.43	3870.07	3865.43	
3863.11	3853.83	3863.11	3853.83	3863.11	
3863.11	3853.83	3863.11	3853.83	3863.11	
3863.11	3870.07	3863.11	3870.07	3863.11	
3860.79	3867.75	3860.79	3867.75	3860.79	
3865.43	3872.39	3865.43	3872.39	3865.43	
3863.11	3858.47	3863.11	3858.47	3863.11	
3867.75	3865.43	3867.75	3865.43	3867.75	
3867.75	3870.07	3867.75	3870.07	3867.75	
3863.11	3863.11	3863.11	3863.11	3863.11	
3853.83	3865.43	3853.83	3865.43	3853.83	
3865.43	3867.75	3865.43	3867.75	3865.43	
3865.43	3860.79	3865.43	3860.79	3865.43	
3860.79	3863.11	3860.79	3863.11	3860.79	
3860.79	3863.11	3860.79	3863.11	3860.79	
3867.75	3867.75	3867.75	3867.75	3867.75	
3860.79	3863.11	3860.79	3863.11	3860.79	
3860.79	3867.75	3860.79	3867.75	3860.79	
3860.79	3858.47	3860.79	3858.47	3860.79	
3863.11	3858.47	3863.11	3858.47	3863.11	
3860.79	3870.07	3860.79	3870.07	3860.79	
3863.11	3865.43	3863.11	3865.43	3863.11	
3863.11	3865.43	3863.11	3865.43	3863.11	
3863.11	3867.75	3863.11	3867.75	3863.11	
3874.71	3867.75	3874.71	3867.75	3874.71	
3877.03	3865.43	3877.03	3865.43	3877.03	
3867.75	3860.79	3867.75	3860.79	3867.75	
3863.11	3867.75	3863.11	3867.75	3863.11	
3853.83	3867.75	3853.83	3867.75	3853.83	
3858.47	3863.11	3858.47	3863.11	3858.47	
3870.07	3865.43	3870.07	3865.43	3870.07	
3863.11	3856.15	3863.11	3856.15	3863.11	
3865.43	3870.07	3865.43	3870.07	3865.43	
3865.43	3870.07	3865.43	3870.07	3865.43	
3863.11	3856.15	3863.11	3856.15	3863.11	
3870.07	3865.43	3870.07	3865.43	3870.07	
3865.43	3867.75	3865.43	3867.75	3865.43	
3874.71	3867.75	3874.71	3867.75	3874.71	
3867.75	3865.43	3867.75	3865.43	3867.75	
3860.79	3858.47	3860.79	3858.47	3860.79	
3860.79	3865.43	3860.79	3865.43	3860.79	
3867.75	3865.43	3867.75	3865.43	3867.75	
3867.75	3867.75	3867.75	3867.75	3867.75	
3870.07	3860.79	3870.07	3860.79	3870.07	
3874.71	3867.75	3874.71	3867.75	3874.71	
3860.79	3867.75	3860.79	3867.75	3860.79	
3860.79	3877.03	3860.79	3877.03	3860.79	
3865.43	3865.43	3865.43	3865.43	3865.43	
3858.47	3872.39	3858.47	3872.39	3858.47	
3867.75	3865.43	3867.75	3865.43	3867.75	
3858.47	3870.07	3858.47	3870.07	3858.47	
3865.43	3872.39	3865.43	3872.39	3865.43	
3865.43	3856.15	3865.43	3856.15	3865.43	
3863.11	3863.11	3863.11	3863.11	3863.11	
3863.11	3879.35	3863.11	3879.35	3863.11	
3860.79	3858.47	3860.79	3858.47	3860.79	
3860.79	3867.75	3860.79	3867.75	3860.79	
3867.75	3865.43	3867.75	3865.43	3867.75	
3858.47	3865.43	3858.47	3865.43	3858.47	
3865.43	3870.07	3865.43	3870.07	3865.43	
3865.43	3858.47	3865.43	3858.47	3865.43	
3870.07	3860.79	3870.07	3860.79	3870.07	
3863.11	3877.03	3863.11	3877.03	3863.11	
3865.43	3860.79	3865.43	3860.79	3865.43	
3865.43	3870.07	3865.43	3870.07	3865.43	
3872.39	3858.47	3872.39	3858.47	3872.39	
3865.43	3860.79	3865.43	3860.79	3865.43	
3863.11	3872.39	3863.11	3872.39	3863.11	
3863.11	3867.75	3863.11	3867.75	3863.11	
3858.47	3860.79	3858.47	3860.79	3858.47	
3853.83	3853.83	3853.83	3853.83	3853.83	
3870.07	3865.43	3870.07	3865.43	3870.07	
3863.11	3858.47	3863.11	3858.47	3863.11	
3860.79	3865.43	3860.79	3865.43	3860.79	
3863.11	3867.75	3863.11	3867.75	3863.11	
3863.11	3865.43	3863.11	3865.43	3863.11	
3858.47	3879.35	3858.47	3879.35	3858.47	
3870.07	3867.75	3870.07	3867.75	3870.07	
3860.79	3865.43	3860.79	3865.43	3860.79	
3856.15	3870.07	3856.15	3870.07	3856.15	
3865.43	3870.07	3865.43	3870.07	3865.43	
3860.79	3863.11	3860.79	3863.11	3860.79	
3865.43	3870.07	3865.43	3870.07	3865.43	
3872.39	3863.11	3872.39	3863.11	3872.39	
3863.11	3863.11	3863.11	3863.11	3863.11	
3867.75	3867.75	3867.75	3867.75	3867.75	
3863.11	3870.07	3863.11	3870.07	3863.11	
3863.11	3867.75	3863.11	3867.75	3863.11	
3867.75	3870.07	3867.75	3870.07	3867.75	
3865.43	3874.71	3865.43	3874.71	3865.43	
3858.47	3874.71	3858.47	3874.71	3858.47	
3872.39	3872.39	3872.39	3872.39	3872.39	
3865.43	3863.11	3865.43	3863.11	3865.43	
3863.11	3858.47	3863.11	3858.47	3863.11	
3863.11	3872.39	3863.11	3872.39	3863.11	
3863.11	3877.03	3863.11	3877.03	3863.11	
3865.43	3872.39	3865.43	3872.39	3865.43	
3867.75	3860.79	3867.75	3860.79	3867.75	
3863.11	3858.47	3863.11	3858.47	3863.11	
3867.75	3870.07	3867.75	3870.07	3867.75	
3867.75	3865.43	3867.75	3865.43	3867.75	
3863.11	3867.75	3863.11	3867.75	3863.11	
3863.11	3865.43	3863.11	3865.43	3863.11	
3863.11	3870.07	3863.11	3870.07	3863.11	
3865.43	3872.39	3865.43	3872.39	3865.43	
3867.75	3863.11	3867.75	3863.11	3867.75	
3865.43	3863.11	3865.43	3863.11	3865.43	
3865.43	3872.39	3865.43	3872.39	3865.43	
3860.79	3867.75	3860.79	3867.75	3860.79	
3858.47	3858.47	3858.47	3858.47	3858.47	
3860.79	3856.15	3860.79	3856.15	3860.79	
3872.39	3879.35	3872.39	3879.35	3872.39	
3856.15	3863.11	3856.15	3863.11	3856.15	
3863.11	3865.43	3863.11	3865.43	3863.11	
3867.75	3858.47	3867.75	3858.47	3867.75	
3870.07	3867.75	3870.07	3867.75	3870.07	
3865.43	3867.75	3865.43	3867.75	3865.43	
3865.43	3874.71	3865.43	3874.71	3865.43	
3874.71	3863.11	3874.71	3863.11	3874.71	
3865.43	3874.71	3865.43	3874.71	3865.43	
3870.07	3860.79	3870.07	3860.79	3870.07	
3863.11	3870.07	3863.11	3870.07	3863.11	
3867.75	3867.75	3867.75	3867.75	3867.75	
3867.75	3860.79	3867.75	3860.79	3867.75	
3863.11	3872.39	3863.11	3872.39	3863.11	
3865.43	3865.43	3865.43	3865.43	3865.43	
3865.43	3865.43	3865.43	3865.43	3865.43	
3858.47	3867.75	3858.47	3867.75	3858.47	
3867.75	3867.75	3867.75	3867.75	3867.75	
3870.07	3863.11	3870.07	3863.11	3870.07	
3865.43	3870.07	3865.43	3870.07	3865.43	
3858.47	3867.75	3858.47	3867.75	3858.47	
3863.11	3867.75	3863.11	3867.75	3863.11	
3865.43	3865.43	3865.43	3865.43	3865.43	
3863.11	3865.43	3863.11	3865.43	3863.11	
3879.35	3874.71	3879.35	3874.71	3879.35	
3860.79	3872.39	3860.79	3872.39	3860.79	
3858.47	3853.83	3858.47	3853.83	3858.47	
3874.71	3874.71	3874.71	3874.71	3874.71	
3867.75	3870.07	3867.75	3870.07	3867.75	
3858.47	3865.43	3858.47	3865.43	3858.47	
3863.11	3874.71	3863.11	3874.71	3863.11	
3867.75	3863.11	3867.75	3863.11	3867.75	
3870.07	3870.07	3870.07	3870.07	3870.07	
3863.11	3860.79	3863.11	3860.79	3863.11	
3865.43	3867.75	3865.43	3867.75	3865.43	
3874.71	3870.07	3874.71	3870.07	3874.71	
3865.43	3858.47	3865.43	3858.47	3865.43	
3860.79	3865.43	3860.79	3865.43	3860.79	
3867.75	3867.75	3867.75	3867.75	3867.75	
3865.43	3860.79	3865.43	3860.79	3865.43	
3865.43	3865.43	3865.43	3865.43	3865.43	
3860.79	3870.07	3860.79	3870.07	3860.79	
3867.75	3865.43	3867.75	3865.43	3867.75	
3865.43	3867.75	3865.43	3867.75	3865.43	
3870.07	3877.03	3870.07	3877.03	3870.07	
3870.07	3865.43	3870.07	3865.43	3870.07	
3867.75	3858.47	3867.75	3858.47	3867.75	
3872.39	3872.39	3872.39	3872.39	3872.39	
3860.79	3863.11	3860.79	3863.11	3860.79	
3858.47	3865.43	3858.47	3865.43	3858.47	
3853.83	3865.43	3853.83	3865.43	3853.83	
3853.83	3860.79	3853.83	3860.79	3853.83	
3872.39	3874.71	3872.39	3874.71	3872.39	
3867.75	3874.71	3867.75	3874.71	3867.75	
3865.43	3863.11	3865.43	3863.11	3865.43	
3858.47	3872.39	3858.47	3872.39	3858.47	
3870.07	3853.83	3870.07	3853.83	3870.07	
3874.71	3863.11	3874.71	3863.11	3874.71	
3858.47	3870.07	3858.47	3870.07	3858.47	
3865.43	3870.07	3865.43	3870.07	3865.43	
3909.51	3897.91	3909.51	3897.91	3909.51	
3867.75	3863.11	3867.75	3863.11	3867.75	
3858.47	3863.11	3858.47	3863.11	3858.47	
3860.79	3872.39	3860.79	3872.39	3860.79	
3863.11	3860.79	3863.11	3860.79	3863.11	
3870.07	3867.75	3870.07	3867.75	3870.07	
3872.39	3858.47	3872.39	3858.47	3872.39	
3870.07	3874.71	3870.07	3874.71	3870.07	
3867.75	3867.75	3867.75	3867.75	3867.75	
3867.75	3872.39	3867.75	3872.39	3867.75	
3853.83	3877.03	3853.83	3877.03	3853.83	
3867.75	3863.11	3867.75	3863.11	3867.75	
3856.15	3858.47	3856.15	3858.47	3856.15	
3860.79	3860.79	3860.79	3860.79	3860.79	
3863.11	3867.75	3863.11	3867.75	3863.11	
3860.79	3865.43	3860.79	3865.43	3860.79	
3856.15	3870.07	3856.15	3870.07	3856.15	
3867.75	3867.75	3867.75	3867.75	3867.75	
3863.11	3865.43	3863.11	3865.43	3863.11	
3865.43	3867.75	3865.43	3867.75	3865.43	
3863.11	3865.43	3863.11	3865.43	3863.11	
3849.19	3846.87	3849.19	3846.87	3849.19	
3849.19	3858.47	3849.19	3858.47	3849.19	
3851.51	3853.83	3851.51	3853.83	3851.51	
3851.51	3846.87	3851.51	3846.87	3851.51	
