3591.01	3586.72	3601.71	3593.15	3591.01	
3561.03	3561.03	3578.16	3569.59	3569.59	
3567.45	3561.03	3565.31	3561.03	3558.89	
3558.89	3556.75	3563.17	3554.6	3554.6	
207101	209051	209522	209475	211026	
209368	211424	212807	212191	214353	
208580	211041	211884	211983	214244	
213863	215749	216512	216996	218424	
214899	216362	217428	217229	218724	
215330	217379	218777	218660	220197	
213788	215634	217124	216281	218754	
212685	213749	214321	215077	216632	
218557	220505	221415	221927	223201	
223242	225257	226240	226238	228064	
224270	226111	226837	227225	228927	
224415	226251	227752	227146	229167	
221533	223270	223711	224463	225259	
218325	220229	221424	221203	222812	
223313	224672	226150	226409	228054	
226767	228544	229516	230084	231266	
225567	227818	228184	228304	230122	
220405	222550	222775	222846	224805	
221895	224336	225233	225450	226863	
230531	232375	233302	233242	235482	
231831	233557	235094	234698	236702	
232366	234570	235304	235555	236777	
230193	232713	233238	233424	234807	
224544	226173	227456	227743	228728	
223946	226460	227319	227283	228979	
231698	233274	234820	234846	236816	
231015	232762	233435	233647	235257	
227321	229570	230261	230323	231914	
230645	232812	233379	233852	235561	
233338	235291	236026	235951	238276	
228094	229754	231570	230707	232745	
222400	224158	224955	225777	227030	
231439	233225	234270	234184	236413	
235261	237480	238619	238567	240486	
233242	235349	236452	236435	237803	
230820	232713	233854	233535	235621	
230328	233011	233062	233460	235238	
230859	233036	233833	234578	235955	
228261	230752	231131	231606	232767	
232484	234507	235276	235632	236484	
237165	239338	239794	240186	241651	
234925	237490	237409	237373	239698	
231891	233535	234809	234580	236268	
231522	233747	234467	234966	236636	
238891	241120	242377	242257	243660	
242056	243991	244619	245351	246786	
241713	244445	245099	244850	246700	
236779	238961	239923	239929	241724	
229698	231914	232364	232837	234797	
218529	220435	221542	221306	222889	
219216	221000	221493	221310	223559	
231707	234433	234310	234940	236647	
240441	242578	243184	243619	245606	
246105	248433	249392	249535	251495	
249739	251670	252878	252880	254482	
252051	253857	254507	254940	257060	
253916	255668	257336	257058	259096	
252107	254370	255677	255557	257212	
252921	254246	255499	255668	258199	
252304	254869	256079	255859	257773	
248627	251236	252443	251655	253743	
239837	241696	242585	243188	244970	
234171	236296	237557	237857	239617	
241180	242737	243428	243994	245812	
250332	252480	253655	253901	255698	
254850	257043	257842	257976	259981	
252942	255816	256807	256353	258274	
254961	257445	258214	258636	260779	
254238	256645	257128	257261	259726	
257685	259465	260366	261071	262709	
257636	259715	260880	260897	262642	
252923	255906	256458	256672	258829	
252822	255454	256743	256064	258233	
258186	260283	260949	261784	263105	
260298	262236	263257	263878	265113	
261662	263983	264805	264700	267263	
260071	262195	263313	263497	264991	
255090	257576	258792	259351	260645	
251719	254017	255373	255762	257227	
249030	252084	252540	252974	254439	
251135	253036	253983	254302	255996	
255146	258047	258565	258919	260567	
254373	257077	257486	257968	259786	
248749	250861	251411	250940	253623	
245169	248013	248704	249154	250957	
242246	243897	244702	245049	246726	
235704	238073	238914	239675	241259	
218443	221075	221522	221694	223225	
177923	179456	180645	180325	181580	
163660	165478	166000	166094	167325	
216056	218191	219550	219193	220861	
241370	243580	244045	244775	246313	
245687	247572	248764	248647	250242	
249405	251582	252846	253090	255047	
252734	255409	256465	256128	258236	
252912	255051	255794	256351	258229	
255752	257597	258604	259034	260685	
265527	268355	268702	269848	271306	
267368	269651	270773	271418	272574	
265165	267921	268000	268313	270709	
266278	268370	269606	269657	271878	
266368	269212	270156	270212	272627	
264953	267131	267660	268745	270347	
265983	268709	269463	269709	271182	
271126	272970	273899	274612	276439	
268955	271927	272561	272709	274544	
257754	259887	260636	260837	263227	
261719	263563	264606	264859	266133	
271433	273715	274458	275064	276953	
269139	272009	272889	273009	275443	
272358	274433	275120	276208	278383	
275897	277739	278957	279801	281756	
275210	277850	278908	279535	281024	
273679	275552	277092	277244	278696	
274281	277026	277987	277645	279872	
271974	274137	275615	275480	278266	
271683	274996	275499	275867	277424	
277805	279758	280786	280979	283784	
277233	280165	281786	281859	283638	
279619	281634	283255	282812	285013	
280289	282758	283486	283630	286610	
280908	283096	283655	284268	286542	
280799	284212	284989	285615	287771	
281638	284441	285345	285692	287769	
281450	283837	285026	285006	287351	
280617	283171	284439	284610	286732	
280212	283501	284340	284370	286103	
281084	283634	284683	284859	287088	
281450	284054	285257	285094	287161	
277612	279743	281075	281107	283794	
269734	272448	272756	273296	275345	
276897	279351	279805	280456	282734	
283345	285525	286859	286683	288355	
281681	284782	285976	286152	288668	
282415	285156	285852	285833	288006	
280296	282889	284017	283891	286760	
276934	279362	280178	280355	282471	
283672	286752	287546	287246	289758	
285469	288347	289998	289021	291563	
286589	289099	290111	290966	292707	
286987	290186	290979	291210	293242	
286762	289507	290105	290456	292475	
286075	289912	290133	290730	292206	
287261	290424	290715	290974	293550	
287670	290490	291330	291332	294030	
287139	289385	290983	290743	293133	
284435	287662	287606	288612	290259	
278308	280655	282054	281994	284009	
279983	283186	284518	284364	286901	
285203	288128	289163	289375	291379	
286133	288184	289602	289927	292069	
288223	290529	291345	292009	294505	
288717	290649	292201	292146	294824	
288454	291812	292760	292848	295225	
289953	291698	293328	293178	295857	
285501	288184	289887	289681	291724	
276812	278484	280433	280850	282565	
286657	289467	290188	290822	292966	
290448	292936	294535	294784	296876	
291576	293887	295458	295677	297340	
292895	294619	296049	296392	297824	
292473	295473	296814	296782	299310	
292711	295109	296533	296799	298734	
293002	295767	296829	296679	298739	
293137	295936	297105	297193	298987	
293396	295454	296634	297576	299099	
290647	293578	293478	293976	296103	
287615	290218	291158	291501	293869	
290242	293019	294049	293829	296229	
293066	295867	296887	296764	299390	
292743	296332	297236	297253	299505	
289495	292244	292854	293510	295039	
289071	291964	292784	292657	295499	
293191	295493	296934	297373	299576	
293379	296248	297340	297807	300101	
293289	295876	296732	297392	299193	
292039	294777	295876	296178	298167	
289321	291884	293293	292503	295469	
288726	291285	291666	292133	294300	
282332	285221	286495	285985	288612	
286955	289191	290859	290797	293310	
291272	294178	295964	296118	297865	
291167	294253	295343	295587	297615	
295004	297782	299345	299094	300610	
292784	295274	296362	296884	299257	
293135	295752	296687	296764	299304	
296409	299428	300169	300437	302484	
296773	299837	300396	301349	303169	
295480	298619	299032	299244	301940	
295201	298762	298919	299704	301822	
296709	299711	300966	300929	303036	
294912	297921	299075	298961	301666	
293869	296407	298139	298467	300036	
296208	298936	299857	299775	302317	
295103	297724	298722	298979	300910	
295850	298364	300330	299863	301597	
296602	299385	300199	300418	303075	
295660	298610	299381	300058	302060	
292163	295540	296463	296722	298831	
293443	295512	296557	297210	299060	
295084	297683	299019	299668	300942	
297632	301017	301887	302120	304692	
297726	300760	302413	301719	304060	
298373	301418	302520	302959	305002	
300454	302702	303887	304141	306092	
300535	303664	304319	304398	306908	
300955	303859	304353	305013	307473	
300370	303343	303916	304570	306503	
298263	300677	302270	302420	303925	
293715	296163	297531	297253	299685	
299229	301495	302231	302415	305049	
297711	300096	301034	302238	303741	
297355	300424	301812	301148	304092	
302133	304741	306178	306231	308441	
302850	305837	306934	306732	309116	
302767	305411	306471	306803	309071	
302974	306000	307355	308056	309908	
302435	305306	306026	306805	308206	
299677	302278	303158	303028	306236	
298529	301803	302460	302895	305056	
299450	302039	302687	303642	305300	
302478	305505	306576	306437	308651	
303822	306557	308313	308084	310818	
304051	306591	307876	308578	310685	
301672	305013	305938	306054	308559	
301424	304486	304989	305032	307807	
300338	303878	305135	304662	306445	
302238	304989	305794	306281	308535	
302349	305805	306589	306486	308842	
303698	306480	307349	307655	309478	
303131	305272	306392	306225	309165	
301298	303792	305013	305681	307520	
301034	304109	305454	305319	307690	
303300	305985	306818	307480	308824	
300544	303221	305178	304308	306989	
302968	306167	307398	307231	309383	
303814	306730	307792	307809	309968	
302934	306148	307216	307685	310415	
305630	308782	309741	309739	312293	
305670	307981	309407	309555	311722	
302094	304317	305561	306146	308445	
304246	306428	308458	308161	310415	
306150	309704	309906	310490	312161	
306122	308927	309792	310122	312099	
305278	307662	309073	308696	311017	
299501	302473	302912	303880	305754	
303443	306073	307452	307443	310000	
306358	309047	309816	310591	312184	
305463	308340	309535	310004	311799	
305880	308463	309499	309979	312328	
304054	306503	307285	307580	310385	
299540	302169	302484	302959	305475	
295388	297734	299178	299867	301921	
291013	293306	294066	294979	297338	
293411	296302	297113	297484	299210	
302495	306137	306546	306128	308604	
305814	308719	309934	309488	312591	
304627	307593	309103	308878	311424	
305797	308281	310223	309636	312081	
306073	309409	310409	310728	312358	
304482	307403	308193	309107	310679	
296623	298863	300403	300051	302443	
299195	302141	302876	303088	305240	
299079	302128	303638	303296	305580	
302364	305167	306649	306844	309011	
300073	303075	304158	304642	306084	
301638	304505	305846	306066	307548	
296994	300133	300966	301478	303171	
253430	255987	257257	257837	258512	
181017	182377	183525	183589	185171	
187131	188863	189488	189702	191105	
197533	199803	200383	200433	202058	
209317	211092	211790	211961	213225	
221734	223850	224655	225171	226805	
235773	237625	238887	239090	240510	
253662	255970	256407	256824	259148	
269704	272488	273101	273426	275756	
288465	291120	292225	292334	294084	
279116	281893	282595	282901	285056	
269968	273030	273291	273923	276606	
255867	258456	259169	259608	261872	
260861	263730	264580	264597	266698	
253208	255664	257109	257021	259186	
264394	267088	268362	268253	270347	
252876	254921	256030	256495	258368	
269574	272131	273182	273146	275261	
252499	254486	255236	255540	257448	
276713	279259	280801	280799	282991	
263103	264882	266516	265824	268544	
273193	276355	276844	277257	278794	
280167	282435	283212	283437	285527	
263803	266467	267891	267985	270094	
286891	289293	290525	291086	292942	
278589	281113	282565	282426	284400	
279747	283131	284478	284396	285936	
294139	297392	298278	298332	300876	
276507	279741	280512	280516	282531	
279829	281820	283388	283281	285713	
290777	293375	294722	295188	296910	
282180	285225	285844	286820	288420	
292910	295756	295959	296546	298953	
299692	301683	303450	303651	305762	
283747	286272	287306	287293	289914	
283812	285936	287133	287413	289349	
293437	296150	297985	297625	300000	
289475	292171	293351	293771	295985	
277047	280077	280878	281039	283019	
286679	289032	290259	290615	292758	
284621	286953	288623	288606	290837	
287730	290069	291137	292054	294058	
294651	297822	298998	299146	301011	
284936	288073	288976	288835	291336	
272779	275565	276514	276957	279021	
272889	275424	276634	276469	278411	
279578	281880	283418	283216	285240	
288099	290859	291906	292565	293433	
292013	294385	295567	295610	297944	
279747	282559	282998	283617	285514	
287289	290191	290527	291308	293255	
291099	294041	294910	295786	297996	
293912	295692	297146	297469	300013	
292490	295981	297139	297482	299006	
281970	285043	286015	286186	287916	
292270	295182	296516	296490	298505	
289056	291936	292974	293570	294788	
287403	290413	291762	292109	294075	
302180	304259	306349	305889	307850	
302409	305231	305726	305994	308897	
306814	309272	310775	310353	312803	
311904	315368	316700	316602	318655	
311321	314574	316026	315497	317608	
305636	307899	309587	309919	311854	
309437	312362	313437	313507	315713	
308887	312471	313195	313794	315944	
301041	303362	305195	305310	307362	
291561	293632	294764	295497	297191	
291816	294422	295679	296178	298529	
301251	304079	305480	305557	308289	
308039	311126	311681	312223	314627	
307582	311747	312420	312238	314685	
298291	301167	301574	302049	304606	
291666	294608	295899	295512	298218	
285869	288672	290186	290773	292664	
294385	297745	298739	299064	301364	
296469	299071	300499	300797	302734	
289535	292675	293490	293782	295677	
304103	307257	308161	308411	310332	
302330	304338	306370	306310	309133	
286497	288940	289407	289837	292013	
296081	298139	299906	300313	301842	
300516	303617	304473	304816	306927	
285803	288842	289931	290283	292548	
275090	277623	279133	279150	281379	
292435	294790	295752	296360	298206	
300088	303638	304582	304690	306707	
296084	298929	299878	300221	302743	
296968	299343	300407	300700	302925	
302251	304289	305970	306368	307418	
284777	287388	288493	289161	291493	
276013	278563	279664	279809	281987	
296227	299310	300105	300985	302287	
302383	305223	306306	306670	308797	
297747	300869	301779	301931	304469	
283522	286991	287925	288079	289574	
291857	294066	295899	296208	298026	
283111	286820	287463	287544	289240	
291167	293976	294850	295338	297236	
304820	308208	309203	309394	311375	
311000	313957	314803	314914	317225	
311897	314882	315910	316281	319128	
307006	309615	310929	311837	313887	
302602	305450	306700	306754	309103	
291358	293914	295595	295692	297979	
293647	296268	297360	297497	299927	
307358	310154	311779	311612	314310	
312460	315749	316683	316949	319345	
311340	314300	315296	316135	318212	
311317	313788	314792	315325	317563	
311591	315021	315437	315739	317961	
309458	312101	313285	313779	315893	
300989	303122	304882	304349	307240	
297336	300730	301842	302274	303717	
306073	308272	309602	309951	312546	
305274	308360	309482	310206	312056	
306103	309574	310259	310510	312728	
306914	310028	311531	311191	313555	
306105	308662	309979	310092	312188	
308820	311409	312829	313030	316073	
309139	312156	312985	313366	316000	
307109	310060	311409	311388	314064	
305803	309225	309946	309983	312469	
308248	311752	312398	312465	314707	
311831	315188	316212	315964	318805	
310657	313343	314976	314507	317469	
313043	315600	316737	317154	319493	
313203	316281	317223	317685	319617	
310848	314000	314567	315004	317293	
306991	310210	311306	312066	314036	
312773	315422	316762	317268	318921	
314240	316535	318561	317801	320623	
308058	310983	312210	312248	314214	
307441	310531	311730	311313	313989	
308546	311976	313591	313278	316002	
309197	312272	313291	313713	315600	
307709	310829	311910	312623	315105	
312435	315687	315711	316373	318627	
312874	315970	317092	316501	319557	
312141	314737	316364	316473	318976	
312358	315550	317214	316529	319009	
313058	316221	317574	317576	319653	
313987	316099	317499	317942	319612	
313899	317054	318163	318456	320910	
314998	317805	318647	319041	321814	
315443	318351	319460	320036	321972	
312887	315773	316206	317529	319041	
313739	316741	317379	318081	320490	
313490	316032	317827	317197	319762	
309889	312364	313854	314173	316702	
312214	314850	316792	317024	319064	
314171	317574	318439	319148	321088	
315270	318687	319790	319944	322143	
313910	316165	317493	318317	319931	
313225	316443	317818	317741	320388	
312651	315343	316666	316191	318544	
308161	310405	311912	311745	314039	
315865	319092	320756	320398	322445	
317741	320433	321683	322433	324895	
313728	316176	317994	317775	320925	
310916	313610	315011	314773	317315	
304478	307071	308921	308433	310610	
308469	311340	312867	312812	315400	
312604	315730	317069	316758	319212	
316702	320146	320876	321413	323739	
315233	317565	318709	319420	321456	
316167	319336	320649	320238	323246	
315338	318338	319979	319760	322028	
312600	315516	316486	317208	319306	
313206	316411	317238	318011	320218	
312379	314700	315544	316107	318336	
305572	308176	309411	309887	311863	
296743	299161	300638	300957	303373	
303411	305685	306552	306944	309377	
306672	310032	310743	311203	313679	
313666	316574	318285	318246	320797	
312672	315435	316409	317066	319452	
310668	313111	314897	315060	317325	
308923	312574	313236	313375	315754	
309287	311424	313178	313289	315396	
308315	311184	312122	312662	314927	
299835	302677	303148	303379	305304	
278809	281983	282899	283548	285373	
273610	276289	277400	277066	278779	
260989	263223	264336	264058	266161	
266812	269630	270233	271208	272756	
259927	262370	262923	263283	265330	
242595	244940	246148	246398	248195	
244557	247448	248383	248525	250411	
249771	251458	253060	253163	254360	
226544	228497	229394	229773	231338	
261058	263734	264495	264651	267056	
259246	262028	263259	263345	264857	
250458	253336	253475	254349	255779	
246225	248675	249081	249657	251193	
216343	218482	219116	219176	221482	
195936	198203	199045	198807	200251	
248931	252077	253197	252934	255313	
261769	264375	265036	265794	267525	
221942	223775	224510	225124	226679	
218385	220435	221047	221049	222497	
237994	241006	241340	241522	243752	
246724	248737	249981	250484	252809	
240428	242749	243921	243687	245955	
234827	237291	238171	238533	239942	
214863	217021	218090	218206	220011	
245139	246670	247908	248360	249824	
236385	238859	239595	240298	241788	
234636	236612	237760	237505	239411	
258229	260979	261713	262158	264009	
271075	273739	274531	274957	277212	
287049	289970	290707	291071	293276	
301128	304503	305197	305435	307713	
306101	308970	309593	310210	312210	
293679	295829	296779	297251	299604	
289722	292726	293623	294899	295257	
296670	299516	300169	300495	303021	
304107	306700	308133	308283	310107	
299195	302152	302925	303895	305045	
280876	283278	284593	285585	286820	
296306	299482	300552	300739	302743	
283649	286640	287754	287424	289478	
288724	291906	293116	292758	294514	
297786	300711	301820	301895	304302	
271882	274970	275111	275148	277788	
239321	241563	242580	242593	244405	
223188	224522	225953	225747	227865	
252687	255182	256034	256064	257996	
282099	285405	285891	285797	288188	
255186	257707	258728	258863	261122	
250771	253043	253953	254304	256096	
256268	258195	258996	259681	261690	
249336	251961	252889	252837	255223	
259827	262105	263604	263580	264991	
273445	276276	277101	277645	279869	
278002	280734	281527	282137	284118	
269079	271702	272435	272724	274687	
227325	228343	229848	229976	231191	
240647	243043	244221	243953	245916	
280257	282929	284041	284340	286469	
268079	270332	271544	272032	273715	
276869	279518	280777	280225	282874	
274687	276743	277912	278041	280229	
264377	266460	267647	267540	269799	
261934	264019	265525	265636	267122	
236126	238396	239443	239533	240854	
273073	275704	277075	277116	279544	
290591	292824	294709	294088	296670	
280176	282985	284471	284154	286460	
287486	289942	291188	291452	293527	
262105	264792	265608	265422	268128	
263854	265974	267086	266876	268882	
228317	230625	231576	231899	233544	
224655	226758	227512	228009	229096	
264407	267013	267968	267916	270011	
278383	280771	281690	281895	284178	
277961	280857	281887	281677	284077	
294904	297161	298632	298801	300711	
297677	300602	302165	302152	304478	
268835	271060	272983	272814	274531	
256336	258745	260002	260002	261805	
234266	236722	237180	238437	239079	
240606	242788	243829	244591	245666	
255203	257428	258630	259013	260769	
265865	268544	269702	270415	272141	
292156	294850	296216	296088	298501	
296797	299760	300955	301610	303651	
280343	283039	283544	284435	286124	
279150	281745	282377	283004	284994	
249805	252278	253484	254081	255668	
258974	261949	262467	262484	264649	
285203	287415	288685	288694	291443	
283385	286041	287135	287486	289400	
261077	263206	264135	264499	266570	
263302	265987	266754	267531	268859	
271769	274822	276092	276212	278231	
287107	290111	291043	290786	294036	
283285	285370	286495	286996	288677	
268580	270919	272253	272411	274347	
267799	269998	271182	271373	273066	
290058	292537	294287	293585	296400	
305103	307122	308493	308769	310597	
304448	307347	308754	308799	311261	
303555	306056	307244	307572	309974	
291186	293398	295021	295173	297782	
300664	303814	305409	305724	308009	
304510	307899	308769	308773	311019	
301171	304257	305328	304944	307638	
293490	296437	297289	297994	300028	
296424	299116	300180	300587	302638	
306636	309895	310484	310463	313105	
317662	320285	322026	322255	324141	
320522	322957	324186	324096	326542	
318852	321994	323017	323321	325582	
318424	320784	322340	322139	325899	
303621	306820	308165	308317	310940	
309696	312797	313283	314058	315940	
312889	316113	316351	316636	319315	
302460	304957	306206	306998	308627	
299317	302163	302713	303214	305775	
306595	309345	310814	310606	313195	
306585	309527	310398	310953	313199	
305696	308668	309739	309805	312743	
300929	303321	304353	304118	306784	
307225	309880	310921	311411	313585	
306139	308570	310248	310289	312364	
299285	302165	303409	303996	305567	
300897	303428	304702	304771	307150	
300518	303814	305011	305056	306906	
305606	307713	309458	309373	311741	
310385	313565	314137	314019	316448	
301698	303964	305801	305966	307775	
309167	311863	312835	312951	315535	
313036	315049	316959	316816	319535	
314734	316552	318214	318640	320499	
315405	318617	319711	319820	321743	
315319	318488	319246	320109	322236	
315833	318927	320103	320328	322109	
319281	322987	324051	323981	326218	
313351	315994	317499	318405	319788	
305002	307749	309039	308887	311666	
308602	310872	311758	312773	314647	
304976	307443	309120	308784	311377	
302518	305490	306869	306895	309105	
297306	300728	302113	302049	303955	
301906	304747	305563	306612	308467	
307979	310769	312274	312191	314582	
308139	311126	311897	312732	314732	
310760	313340	314662	315013	317634	
310799	313585	314448	314672	317454	
315713	318647	320514	320383	322758	
311287	314660	315681	315739	317887	
313677	315953	317717	317951	320441	
319385	322034	323257	324394	326597	
316788	320340	321460	321381	323550	
313465	316996	318229	318495	320612	
314186	317503	318612	318951	321257	
304054	306891	307976	308876	310630	
303668	306191	307561	307824	309745	
315332	318214	319073	319814	321499	
311148	313482	314842	314844	317452	
305246	308036	309407	310139	311762	
314465	317017	319071	318874	320976	
316120	319047	320251	319677	322906	
317460	320480	321745	321925	324109	
308991	311989	313276	312861	315745	
306182	308803	309741	310002	312510	
313238	316244	317469	317809	320296	
320300	322499	323448	323994	326073	
321514	324743	326084	326979	328415	
322328	325079	326889	327203	328730	
319722	322743	323370	324009	325653	
321769	325816	325824	325771	328803	
322869	326323	327056	327867	329285	
322049	324510	326619	326283	329193	
322310	325850	327088	327281	329863	
322287	325709	327043	327418	329587	
316645	319713	320857	321330	323591	
317263	320173	321567	322122	323463	
317910	321180	322171	322805	324970	
311347	314563	315244	315422	317910	
312081	314589	315767	316131	318610	
316891	319246	320559	321024	323379	
319604	322914	324195	324645	327161	
322178	325176	326587	326842	329227	
323471	326525	328124	327700	330585	
323777	326550	327972	328154	330559	
324597	327443	328698	328741	331478	
324595	328004	329028	328827	331872	
324392	327370	328968	328777	331668	
321049	324041	325169	325730	328176	
312330	314987	315989	315953	318645	
316422	319869	321522	320782	323627	
321015	324642	325460	326263	328360	
321854	325165	326122	326206	328649	
322756	325535	327077	327210	329966	
322764	325931	327700	328285	330293	
323368	325666	327642	327488	329739	
320801	324238	324660	325171	327066	
320370	323790	325195	325707	327882	
319615	322904	324009	324480	326439	
320670	323991	324465	324578	327405	
322167	324726	326385	326507	328293	
321707	324739	325627	325859	327919	
319623	322782	324137	323503	326574	
321927	324537	326171	325782	328651	
323178	326030	327514	327463	329640	
322910	325747	327118	327180	329589	
323206	326021	327328	327681	330336	
321829	325336	326366	326165	328951	
317274	320116	321214	321400	323443	
317418	320627	322625	322152	324430	
306767	310418	310722	311298	313732	
310861	313116	314531	314687	316897	
317574	320456	321287	321619	323726	
318625	321392	322413	323278	325154	
319942	323490	324171	324895	327499	
321690	324600	325946	326300	328884	
322039	324728	325319	325865	327934	
319807	322803	324036	324726	326666	
316319	319512	320377	320632	322987	
317998	321385	322332	322767	324572	
314049	317169	318403	317979	320792	
303865	306293	307281	308899	310467	
313931	317257	318469	318405	320488	
317163	319869	320844	321625	323730	
317782	321527	322452	322949	324409	
320529	323002	324792	324854	327111	
321317	324218	325096	326060	327191	
320683	323850	325004	325032	327816	
316002	319034	320026	320467	322535	
313246	316660	317878	317889	320857	
312717	315869	317122	317000	319452	
317623	320572	322165	322525	324546	
319336	322707	323405	323957	326722	
319300	321576	322741	323343	326105	
311347	313649	315257	315779	317818	
315966	318972	319908	319809	322660	
318525	322336	322582	323747	326090	
320842	323660	324452	324730	327837	
320572	323336	324559	325043	327762	
320537	323679	324940	324865	327700	
320133	323122	324360	323874	326251	
318745	322073	323161	323636	326300	
318878	322604	323392	323865	326071	
317336	320428	323131	322351	324717	
314463	317709	318850	319011	320559	
315300	318405	320024	320028	322433	
317709	320495	322392	322495	325458	
318612	320925	322570	322518	324600	
317959	321287	321895	322773	325167	
315861	319390	319788	320396	322893	
310306	312816	313863	314651	317251	
314852	317713	319101	319535	321769	
314991	317839	318844	319403	321610	
315229	318184	318441	319233	321430	
316578	320182	320525	320719	323651	
317415	320418	321099	321330	323373	
317557	320869	322009	321696	324347	
316739	320036	320600	321484	323544	
313649	316257	317529	317901	320529	
310233	313163	314062	314139	316722	
314807	317071	318722	318752	321612	
313865	317486	317976	318906	321732	
308934	312043	313238	313255	315465	
312407	315439	316422	317113	318901	
315475	317955	319079	319400	322319	
315167	318041	319439	319328	321495	
315002	318167	319328	319246	321848	
314281	317191	318263	317912	320964	
309921	311961	313773	313837	316550	
305274	308589	309600	309672	312212	
299818	302463	303484	303794	305989	
304347	307704	308473	308291	310912	
306465	309221	310109	310777	313375	
307266	310608	310837	311784	313480	
300126	303131	304480	304833	306934	
247251	248844	250632	250171	252415	
172221	173456	174330	174662	176088	
132071	133231	133677	134077	134989	
113555	114767	115261	115533	116171	
90092.1	90931.5	91261.2	91207.7	91873.7	
70301.9	70863	71130.6	71387.6	71625.3	
57766.6	58409	58676.7	58366.2	59023.6	
50406.9	51057.8	50749.5	51015	51413.3	
48353.3	48567.5	48978.6	48860.8	49394	
48659.5	49137	49216.3	49280.5	49700.2	
54830.8	55359.7	55460.4	55409	55807.3	
61809.4	62216.3	62494.6	62625.3	62982.9	
75655.2	76323.3	76732.3	76871.5	77550.3	
93242	94374.7	94768.7	94678.8	95327.6	
116696	117570	118612	118833	119343	
143469	144717	145099	145600	146612	
208925	211176	211889	212238	214107	
228908	230972	231925	232113	233604	
191711	193884	194482	194681	196338	
181994	183747	184882	184405	186503	
141013	142300	143094	142812	143910	
151398	152966	153846	153403	155298	
131385	132503	133428	133248	134698	
117195	118615	118998	119024	119724	
144572	146518	146968	146946	148251	
110784	111949	112452	112488	113420	
131469	132657	133131	133158	134103	
146777	148274	149158	149000	150077	
112741	114289	115079	114709	115660	
152537	154088	154891	155064	156137	
159011	160334	161182	161467	162906	
124760	126101	126621	126212	127771	
171565	173184	173897	173812	175081	
180516	182330	183165	183180	184411	
142533	143306	144019	144137	145212	
184979	187150	187779	187773	189308	
209580	211229	212158	212154	214379	
166180	167274	168242	168435	169717	
190398	191625	192274	193060	194287	
233587	235433	236651	236827	239047	
202525	203914	205002	204901	206812	
191959	194090	194602	194576	196355	
236081	238124	239032	239176	241454	
237051	239308	239882	240081	242463	
202201	204019	204880	205460	206409	
227580	229486	230355	230998	232576	
262375	264081	265878	265829	267460	
241653	243096	244334	244377	246197	
227724	230373	231396	231019	232574	
264675	267180	268182	268887	269916	
279497	282465	282923	283683	286105	
261137	263687	264480	264552	266779	
256910	259124	260306	260450	261846	
283176	286430	287542	286934	289979	
293276	296079	297413	297460	299923	
280313	282867	283882	283385	286233	
274897	277625	278630	278829	280788	
289850	292000	293448	293857	295897	
294054	296364	297467	298270	300154	
289653	293645	294135	294233	295998	
285334	287475	288561	288677	291064	
297017	299486	300824	300809	303056	
302317	304861	306274	305831	308360	
297625	300857	301006	301961	303848	
288323	291741	292158	292473	294724	
287880	290171	291004	291989	293638	
294471	297373	298259	298525	300612	
300261	302507	304353	304525	306321	
296107	299240	300186	300120	302696	
295287	298953	299400	299876	302163	
291216	294173	294797	294987	297360	
296739	299675	300959	301158	303816	
302829	305531	306758	306377	308700	
302364	305113	306852	306749	309293	
304625	307482	308771	308812	311623	
307570	310413	310704	311206	313552	
307773	311013	312615	312548	314760	
306122	308700	310278	310133	312555	
299156	302709	303201	303769	306518	
300086	302146	303550	304465	306208	
297859	300619	301797	302276	303914	
293675	296041	297578	297214	299484	
298272	300966	302203	303009	304270	
301803	304580	305672	305634	307782	
301531	305171	305531	305726	308221	
302818	305073	307086	306351	309321	
300797	303405	304486	304996	307176	
301146	303649	304788	305287	307612	
302522	305764	307141	306827	308859	
299912	302069	304490	304514	306334	
299475	301623	302957	303377	305537	
302460	306000	306507	307120	309690	
303261	306084	307505	307490	310353	
302193	305289	306394	306788	309036	
302904	305552	306786	307330	309520	
304422	307443	308415	308698	310946	
305105	308424	309268	309936	311709	
305630	308567	309289	309377	311897	
305698	308137	309824	309505	312368	
301752	304979	305829	305355	307934	
296552	299829	300694	301439	303178	
300692	303231	304529	304454	307015	
300139	303394	304630	304961	306944	
295824	297831	299143	299771	301728	
289505	292790	293173	294011	296497	
295180	297784	299426	299193	301835	
298531	301081	302424	302330	304953	
301439	303771	305490	304724	307760	
301030	304403	305214	305546	307396	
301906	305268	306191	305914	308764	
303173	305544	306814	306760	309069	
301351	304101	305486	305139	307887	
301158	302953	304143	304837	307150	
301867	304478	306086	305914	308582	
302782	305272	306711	306403	309298	
301760	305904	306839	306531	309452	
303075	306122	307437	307660	309400	
303869	305816	307415	307608	310092	
303784	306124	307831	307901	309991	
300405	303308	303959	304516	306916	
297126	300409	301259	301557	303692	
295454	298148	299548	299707	302124	
295794	298345	299983	299478	302293	
299522	302542	303334	303060	305388	
300120	302955	304099	304285	306597	
293726	296655	297921	298051	300030	
293332	296268	297572	297651	299493	
298182	301621	302514	302043	305058	
301148	303143	304687	304441	306535	
300867	303077	304743	305084	306887	
299925	302940	303694	303430	306244	
294970	297111	298572	298726	301321	
297278	299625	300814	300625	303178	
299107	302167	303332	303525	305818	
300045	302989	304056	304565	306143	
300212	302964	303790	304437	305927	
298694	301422	302522	302707	305448	
294349	296861	298088	297970	300377	
293126	295698	297323	297026	299934	
292827	295831	296458	297154	299377	
295497	298418	299011	299694	301951	
296754	299850	300818	301615	303480	
298422	301021	301916	302261	304786	
297381	300717	301606	301730	303972	
294028	297088	298073	297974	300516	
295051	297936	299370	299630	300910	
292660	294865	296139	296595	299000	
293976	296837	296946	298069	300054	
296199	299128	300099	300625	302285	
297360	300473	301516	301709	304557	
298364	300666	301713	302546	304105	
297940	300707	302131	302388	304345	
298533	301420	302261	302527	305101	
298094	300976	301927	302578	304396	
298486	301105	302525	302281	304283	
298111	301054	302253	302325	304946	
297589	300728	302047	301979	304585	
297274	299702	300683	300418	303531	
296381	300032	300790	300683	303403	
296606	299291	300193	300863	302266	
291325	294036	294951	295403	297991	
285227	287754	288895	289062	291366	
288544	291143	293113	293058	295184	
286649	289338	290732	290884	292743	
288071	291214	291732	292737	294664	
291319	294593	295289	295809	297585	
292897	295923	296642	296597	299394	
293630	296529	297790	297555	299985	
293516	296555	297634	297788	299773	
293229	296036	297054	297448	299531	
293124	296377	297150	297537	299540	
293754	296895	297529	298178	300024	
292514	295056	296745	297764	299741	
290180	292358	293600	294002	295690	
291717	294373	295621	295351	297533	
291989	294912	295812	295912	298351	
290786	293829	294790	294540	297154	
289587	292887	293814	294242	295767	
291062	294135	295233	295642	298026	
292167	294608	295889	296193	298418	
291255	294004	295133	295340	297422	
290514	293229	294700	294636	296732	
290049	292655	293987	294122	295972	
288385	291777	292244	292300	294469	
286717	289381	290484	290901	292394	
289004	291711	291998	292749	294589	
288709	291158	292019	292223	294422	
286206	288737	290244	290334	292655	
287606	290424	290884	291197	293619	
287662	290454	291627	291186	293803	
286910	289398	291056	291092	293081	
281887	284428	285734	285662	287739	
282392	285013	286274	285820	289090	
284013	286550	287450	287422	290413	
281266	284131	285056	284764	287034	
281009	284242	285006	285488	286775	
283863	286608	287906	287895	289908	
284150	286578	287732	287782	289559	
281634	284355	285313	285655	288201	
281478	284143	285054	285285	287709	
282064	284655	285531	285679	287514	
280101	283328	283827	284557	286535	
276876	279501	280563	281021	282555	
274493	277527	278319	278484	281006	
269797	272531	273901	274017	275912	
267895	270563	271128	271565	273835	
276456	278306	279931	280024	282161	
279285	282064	282576	283071	285043	
273636	276338	277424	278113	280493	
269315	271645	272600	272835	275216	
273552	276047	277240	277345	279191	
278405	281045	282869	282542	284441	
280636	283360	284244	284672	286630	
275281	277921	278221	279039	280957	
268482	271047	271867	272206	274317	
271454	273323	274507	274809	276739	
271535	274413	275328	275777	277572	
273242	276503	277480	277002	278919	
272955	276000	276850	277004	279439	
269923	272493	273649	273116	275728	
265632	268064	269041	269148	271358	
268163	270225	271182	271565	273206	
267079	268193	269831	270418	272047	
270876	274591	274771	274510	277002	
269146	272293	272794	273041	275574	
268998	271683	273006	273178	275107	
271396	273662	275178	275672	277266	
266878	269411	269910	270270	272128	
262794	265681	265987	266906	268537	
262233	265321	266266	266229	268090	
259944	262242	263501	264143	265655	
265450	267981	269233	269471	271019	
270319	272865	273764	274244	276109	
265227	268274	268837	269118	270801	
264334	266767	267630	268507	270405	
269208	271893	272893	272904	274835	
269079	270863	272484	272578	274788	
267938	269612	270895	271379	273298	
263557	265563	266792	267154	268953	
259448	262017	263066	262668	264983	
259893	262741	263313	263734	265478	
264377	266899	268092	268261	269882	
267989	270000	271075	271578	273619	
266471	268767	269970	269976	271690	
267709	270015	271398	271428	273542	
267512	269987	271152	271146	273135	
268238	270186	271824	271587	273340	
267006	269488	270527	271375	272878	
262919	264812	266368	266771	267998	
258788	260957	261872	262066	264912	
255084	256848	258171	258088	259724	
251690	253852	254546	255148	256955	
251105	253807	255062	254503	256711	
256672	259704	260133	260381	262302	
261895	263972	264908	264938	267722	
259227	261666	262428	262837	264460	
259668	262516	263099	263128	265225	
259163	261784	262927	263150	264946	
260724	262807	263520	264054	266340	
262842	265638	266113	266850	268460	
262360	264983	266203	266884	268143	
263525	266559	267313	267719	269458	
263535	265869	267531	267630	269488	
262565	264700	265846	265777	267957	
261323	264000	265139	265522	267450	
263559	265634	267107	266507	269002	
260529	262218	263882	264086	265908	
258073	261501	261696	262206	264084	
258548	260771	261512	261916	264191	
258666	260824	261803	262212	264437	
260981	263422	264133	264606	266433	
259625	262632	263310	263156	265726	
259715	261503	262814	263009	264985	
257441	259906	260994	261047	263270	
255625	258501	258983	259287	260737	
256325	259176	259835	260173	262473	
250107	252126	253002	253471	255422	
240317	242683	243649	243747	245251	
241852	243767	244880	244244	246824	
246916	248812	249702	250118	251865	
246525	248940	250537	250835	252300	
246668	248730	250013	250467	252364	
242143	244370	245122	245325	247313	
232996	235426	236737	236291	238347	
239193	240700	241839	242193	243799	
238955	240392	241859	242188	243818	
233370	235552	236475	236120	237876	
227006	229734	229762	230049	231996	
229026	231413	232396	232251	234343	
229901	231846	233079	233353	234895	
227784	229544	230281	230961	232392	
226606	229122	229910	230105	232002	
222812	224681	225889	225865	227467	
218949	221418	221940	221923	224069	
214300	216165	216983	217426	219101	
212004	213901	214749	214777	216593	
208944	210805	211807	212004	213276	
202388	204270	205094	205253	206758	
200000	202379	202788	203388	204820	
202533	204186	205445	205794	207026	
202019	204212	204934	204600	206368	
198936	200512	201775	201510	202842	
194345	196171	196734	196439	198458	
191582	193403	194105	194113	195852	
191445	193188	194218	194308	195664	
189940	191482	192445	193004	194255	
187493	189775	190287	190304	192109	
184835	186797	187225	187313	188931	
179769	181246	182150	182362	183478	
174816	176433	177353	177248	178518	
168799	170039	170814	171212	172315	
3595.29	3601.71	3603.85	3610.28	3612.42	
3567.45	3576.02	3569.59	3563.17	3573.88	
3561.03	3569.59	3563.17	3567.45	3569.59	
3563.17	3558.89	3565.31	3563.17	3556.75	
